lat,lon,label,placename,weeklyactive,DENGUE,RABIES,ANIMAL_RABIES,MEASLES,HFMD,weight,timestamp,TB
2.91222,104.1076715,Daerah: Johor<br>No:1<br>Hex coord:(121;0),n/a,0,0,0,0,0,0,1,2023-05-31T19:40:06.1925406Z,0
2.8811,104.1618094,Daerah: Johor<br>No:2<br>Hex coord:(125;2),n/a,0,0,0,0,0,0,1,2023-05-31T19:40:06.8540504Z,0
2.88888,104.1753438,Daerah: Johor<br>No:3<br>Hex coord:(126;2),n/a,0,0,0,0,0,0,1,2023-05-31T19:40:07.5146092Z,0
2.86554,104.1618094,Daerah: Johor<br>No:4<br>Hex coord:(125;3),n/a,0,0,0,0,0,0,1,2023-05-31T19:40:08.1948912Z,0
2.87332,104.1753438,Daerah: Johor<br>No:5<br>Hex coord:(126;3),n/a,0,0,0,0,0,0,1,2023-05-31T19:40:08.8562896Z,0
2.84998,104.1618094,Daerah: Johor<br>No:6<br>Hex coord:(125;4),n/a,0,0,0,0,0,0,1,2023-05-31T19:40:09.5123409Z,0
2.85776,104.1753438,Daerah: Johor<br>No:7<br>Hex coord:(126;4),n/a,0,0,0,0,0,0,1,2023-05-31T19:40:10.1698168Z,0
2.84998,104.1888783,Daerah: Johor<br>No:8<br>Hex coord:(127;4),n/a,0,0,0,0,0,0,1,2023-05-31T19:40:10.8517203Z,0
2.8422,104.1753438,Daerah: Johor<br>No:9<br>Hex coord:(126;5),n/a,0,0,0,0,0,0,1,2023-05-31T19:40:11.5107925Z,0
2.83442,104.1888783,Daerah: Johor<br>No:10<br>Hex coord:(127;5),n/a,0,0,0,0,0,0,1,2023-05-31T19:40:12.1694301Z,0
2.81886,102.7000861,Daerah: Johor<br>No:11<br>Hex coord:(17;6),n/a,0,0,0,0,0,0,1,2023-05-31T19:40:12.8203336Z,0
2.82664,102.7136205,Daerah: Johor<br>No:12<br>Hex coord:(18;6),n/a,0,0,0,0,0,0,1,2023-05-31T19:40:13.4732589Z,0
2.81886,102.727155,Daerah: Johor<br>No:13<br>Hex coord:(19;6),n/a,0,0,0,0,0,0,1,2023-05-31T19:40:14.1231978Z,0
2.81886,104.1618094,Daerah: Johor<br>No:14<br>Hex coord:(125;6),n/a,0,0,0,0,0,0,1,2023-05-31T19:40:14.7839403Z,0
2.82664,104.1753438,Daerah: Johor<br>No:15<br>Hex coord:(126;6),n/a,0,0,0,0,0,0,1,2023-05-31T19:40:51.4493616Z,0
2.81886,104.1888783,Daerah: Johor<br>No:16<br>Hex coord:(127;6),n/a,0,0,0,0,0,0,1,2023-05-31T19:40:52.1229551Z,0
2.8033,102.7000861,Daerah: Johor<br>No:17<br>Hex coord:(17;7),n/a,0,0,0,0,0,0,1,2023-05-31T19:40:52.7951203Z,0
2.81108,102.7136205,Daerah: Johor<br>No:18<br>Hex coord:(18;7),n/a,0,0,0,0,0,0,1,2023-05-31T19:40:53.4506616Z,0
2.8033,102.727155,Daerah: Johor<br>No:19<br>Hex coord:(19;7),n/a,0,0,0,0,0,0,1,2023-05-31T19:40:54.1066585Z,0
2.81108,102.7406895,Daerah: Johor<br>No:20<br>Hex coord:(20;7),n/a,0,0,0,0,0,0,1,2023-05-31T19:40:54.7583632Z,0
2.8033,102.754224,Daerah: Johor<br>No:21<br>Hex coord:(21;7),n/a,0,0,0,0,0,0,1,2023-05-31T19:40:55.4219498Z,0
2.8033,102.7812929,Daerah: Johor<br>No:22<br>Hex coord:(23;7),n/a,0,0,0,0,0,0,1,2023-05-31T19:40:56.0771318Z,0
2.8033,104.1347404,Daerah: Johor<br>No:23<br>Hex coord:(123;7),n/a,0,0,0,0,0,0,1,2023-05-31T19:40:56.7318483Z,0
2.81108,104.1482749,Daerah: Johor<br>No:24<br>Hex coord:(124;7),n/a,0,0,0,0,0,0,1,2023-05-31T19:40:57.3851883Z,0
2.8033,104.1618094,Daerah: Johor<br>No:25<br>Hex coord:(125;7),n/a,0,0,0,0,0,0,1,2023-05-31T19:40:58.0489105Z,0
2.81108,104.1753438,Daerah: Johor<br>No:26<br>Hex coord:(126;7),n/a,0,0,0,0,0,0,1,2023-05-31T19:40:58.6999352Z,0
2.8033,104.1888783,Daerah: Johor<br>No:27<br>Hex coord:(127;7),n/a,0,0,0,0,0,0,1,2023-05-31T19:40:59.3497432Z,0
2.81108,104.2024128,Daerah: Johor<br>No:28<br>Hex coord:(128;7),n/a,0,0,0,0,0,0,1,2023-05-31T19:41:00.0061295Z,0
2.78774,102.7000861,Daerah: Johor<br>No:29<br>Hex coord:(17;8),n/a,0,0,0,0,0,0,1,2023-05-31T19:41:00.6855023Z,0
2.79552,102.7136205,Daerah: Johor<br>No:30<br>Hex coord:(18;8),n/a,0,0,0,0,0,0,1,2023-05-31T19:41:01.3427197Z,0
2.78774,102.727155,Daerah: Johor<br>No:31<br>Hex coord:(19;8),n/a,0,0,0,0,0,0,1,2023-05-31T19:41:02.0030519Z,0
2.79552,102.7406895,Daerah: Johor<br>No:32<br>Hex coord:(20;8),n/a,0,0,0,0,0,0,1,2023-05-31T19:41:02.6613018Z,0
2.78774,102.754224,Daerah: Johor<br>No:33<br>Hex coord:(21;8),n/a,0,0,0,0,0,0,1,2023-05-31T19:41:03.3250186Z,0
2.79552,102.7677584,Daerah: Johor<br>No:34<br>Hex coord:(22;8),n/a,0,0,0,0,0,0,1,2023-05-31T19:41:03.9851935Z,0
2.78774,102.7812929,Daerah: Johor<br>No:35<br>Hex coord:(23;8),n/a,0,0,0,0,0,0,1,2023-05-31T19:41:04.6264355Z,0
2.79552,102.7948274,Daerah: Johor<br>No:36<br>Hex coord:(24;8),n/a,0,0,0,0,0,0,1,2023-05-31T19:41:05.2894962Z,0
2.78774,102.8083619,Daerah: Johor<br>No:37<br>Hex coord:(25;8),n/a,0,0,0,0,0,0,1,2023-05-31T19:41:05.9426806Z,0
2.78774,104.1347404,Daerah: Johor<br>No:38<br>Hex coord:(123;8),n/a,0,0,0,0,0,0,1,2023-05-31T19:41:06.6038725Z,0
2.79552,104.1482749,Daerah: Johor<br>No:39<br>Hex coord:(124;8),n/a,0,0,0,0,0,0,1,2023-05-31T19:41:07.2595496Z,0
2.78774,104.1618094,Daerah: Johor<br>No:40<br>Hex coord:(125;8),n/a,0,0,0,0,0,0,1,2023-05-31T19:41:07.9202538Z,0
2.79552,104.1753438,Daerah: Johor<br>No:41<br>Hex coord:(126;8),n/a,0,0,0,0,0,0,1,2023-05-31T19:41:08.5711207Z,0
2.78774,104.1888783,Daerah: Johor<br>No:42<br>Hex coord:(127;8),n/a,0,0,0,0,0,0,1,2023-05-31T19:41:09.2268933Z,0
2.79552,104.2024128,Daerah: Johor<br>No:43<br>Hex coord:(128;8),n/a,0,0,0,0,0,0,1,2023-05-31T19:41:09.8888118Z,0
2.77996,102.6865516,Daerah: Johor<br>No:44<br>Hex coord:(16;9),n/a,0,0,0,0,0,0,1,2023-05-31T19:41:10.5517805Z,0
2.77218,102.7000861,Daerah: Johor<br>No:45<br>Hex coord:(17;9),n/a,0,0,0,0,0,0,1,2023-05-31T19:41:11.2161129Z,0
2.77996,102.7136205,Daerah: Johor<br>No:46<br>Hex coord:(18;9),n/a,0,0,0,0,0,0,1,2023-05-31T19:41:11.8804457Z,0
2.77218,102.727155,Daerah: Johor<br>No:47<br>Hex coord:(19;9),n/a,0,0,0,0,0,0,1,2023-05-31T19:41:12.5413781Z,0
2.77996,102.7406895,Daerah: Johor<br>No:48<br>Hex coord:(20;9),n/a,0,0,0,0,0,0,1,2023-05-31T19:41:13.2044833Z,0
2.77218,102.754224,Daerah: Johor<br>No:49<br>Hex coord:(21;9),n/a,0,0,0,0,0,0,1,2023-05-31T19:41:13.8706555Z,0
2.77996,102.7677584,Daerah: Johor<br>No:50<br>Hex coord:(22;9),n/a,0,0,0,0,0,0,1,2023-05-31T19:41:14.5321006Z,0
2.77218,102.7812929,Daerah: Johor<br>No:51<br>Hex coord:(23;9),n/a,0,0,0,0,0,0,1,2023-05-31T19:41:15.1807784Z,0
2.77996,102.7948274,Daerah: Johor<br>No:52<br>Hex coord:(24;9),n/a,0,0,0,0,0,0,1,2023-05-31T19:41:15.8384521Z,0
2.77218,102.8083619,Daerah: Johor<br>No:53<br>Hex coord:(25;9),n/a,0,0,0,0,0,0,1,2023-05-31T19:41:16.4986845Z,0
2.77996,104.1212059,Daerah: Johor<br>No:54<br>Hex coord:(122;9),n/a,0,0,0,0,0,0,1,2023-05-31T19:41:17.1532113Z,0
2.77218,104.1347404,Daerah: Johor<br>No:55<br>Hex coord:(123;9),n/a,0,0,0,0,0,0,1,2023-05-31T19:41:17.8071966Z,0
2.77996,104.1482749,Daerah: Johor<br>No:56<br>Hex coord:(124;9),n/a,0,0,0,0,0,0,1,2023-05-31T19:41:18.4578542Z,0
2.77218,104.1618094,Daerah: Johor<br>No:57<br>Hex coord:(125;9),n/a,0,0,0,0,0,0,1,2023-05-31T19:41:19.1134977Z,0
2.77996,104.1753438,Daerah: Johor<br>No:58<br>Hex coord:(126;9),n/a,0,0,0,0,0,0,1,2023-05-31T19:41:19.7747972Z,0
2.77218,104.1888783,Daerah: Johor<br>No:59<br>Hex coord:(127;9),n/a,0,0,0,0,0,0,1,2023-05-31T19:41:20.4303869Z,0
2.77996,104.2024128,Daerah: Johor<br>No:60<br>Hex coord:(128;9),n/a,0,0,0,0,0,0,1,2023-05-31T19:41:21.0880025Z,0
2.77218,104.2159473,Daerah: Johor<br>No:61<br>Hex coord:(129;9),n/a,0,0,0,0,0,0,1,2023-05-31T19:41:21.7470643Z,0
2.75662,102.6730171,Daerah: Johor<br>No:62<br>Hex coord:(15;10),n/a,0,0,0,0,0,0,1,2023-05-31T19:41:22.4053186Z,0
2.7644,102.6865516,Daerah: Johor<br>No:63<br>Hex coord:(16;10),n/a,0,0,0,0,0,0,1,2023-05-31T19:41:23.0548409Z,0
2.75662,102.7000861,Daerah: Johor<br>No:64<br>Hex coord:(17;10),n/a,0,0,0,0,0,0,1,2023-05-31T19:41:23.7141415Z,0
2.7644,102.7136205,Daerah: Johor<br>No:65<br>Hex coord:(18;10),n/a,0,0,0,0,0,0,1,2023-05-31T19:41:24.3715947Z,0
2.75662,102.727155,Daerah: Johor<br>No:66<br>Hex coord:(19;10),n/a,0,0,0,0,0,0,1,2023-05-31T19:41:25.0314994Z,0
2.7644,102.7406895,Daerah: Johor<br>No:67<br>Hex coord:(20;10),n/a,0,0,0,0,0,0,1,2023-05-31T19:41:25.6784764Z,0
2.75662,102.754224,Daerah: Johor<br>No:68<br>Hex coord:(21;10),n/a,0,0,0,0,0,0,1,2023-05-31T19:41:26.3333728Z,0
2.7644,102.7677584,Daerah: Johor<br>No:69<br>Hex coord:(22;10),n/a,0,0,0,0,0,0,1,2023-05-31T19:41:26.9830071Z,0
2.75662,102.7812929,Daerah: Johor<br>No:70<br>Hex coord:(23;10),n/a,0,0,0,0,0,0,1,2023-05-31T19:41:27.6387770Z,0
2.7644,102.7948274,Daerah: Johor<br>No:71<br>Hex coord:(24;10),n/a,0,0,0,0,0,0,1,2023-05-31T19:41:28.2936155Z,0
2.75662,102.8083619,Daerah: Johor<br>No:72<br>Hex coord:(25;10),n/a,0,0,0,0,0,0,1,2023-05-31T19:41:28.9477524Z,0
2.7644,102.8218963,Daerah: Johor<br>No:73<br>Hex coord:(26;10),n/a,0,0,0,0,0,0,1,2023-05-31T19:41:29.6066799Z,0
2.75662,104.1347404,Daerah: Johor<br>No:74<br>Hex coord:(123;10),n/a,0,0,0,0,0,0,1,2023-05-31T19:41:30.2631694Z,0
2.7644,104.1482749,Daerah: Johor<br>No:75<br>Hex coord:(124;10),n/a,0,0,0,0,0,0,1,2023-05-31T19:41:30.9116067Z,0
2.75662,104.1618094,Daerah: Johor<br>No:76<br>Hex coord:(125;10),n/a,0,0,0,0,0,0,1,2023-05-31T19:41:31.5663180Z,0
2.7644,104.1753438,Daerah: Johor<br>No:77<br>Hex coord:(126;10),n/a,0,0,0,0,0,0,1,2023-05-31T19:41:32.2388846Z,0
2.75662,104.1888783,Daerah: Johor<br>No:78<br>Hex coord:(127;10),n/a,0,0,0,0,0,0,1,2023-05-31T19:41:32.8992216Z,0
2.7644,104.2024128,Daerah: Johor<br>No:79<br>Hex coord:(128;10),n/a,0,0,0,0,0,0,1,2023-05-31T19:41:33.5614021Z,0
2.75662,104.2159473,Daerah: Johor<br>No:80<br>Hex coord:(129;10),n/a,0,0,0,0,0,0,1,2023-05-31T19:41:34.2168394Z,0
2.74106,102.6730171,Daerah: Johor<br>No:81<br>Hex coord:(15;11),n/a,0,0,0,0,0,0,1,2023-05-31T19:41:34.8744632Z,0
2.74884,102.6865516,Daerah: Johor<br>No:82<br>Hex coord:(16;11),n/a,0,0,0,0,0,0,1,2023-05-31T19:41:35.5347486Z,0
2.74106,102.7000861,Daerah: Johor<br>No:83<br>Hex coord:(17;11),n/a,0,0,0,0,0,0,1,2023-05-31T19:41:36.1864168Z,0
2.74884,102.7136205,Daerah: Johor<br>No:84<br>Hex coord:(18;11),n/a,0,0,0,0,0,0,1,2023-05-31T19:41:36.8455833Z,0
2.74106,102.727155,Daerah: Johor<br>No:85<br>Hex coord:(19;11),n/a,0,0,0,0,0,0,1,2023-05-31T19:41:37.5064463Z,0
2.74884,102.7406895,Daerah: Johor<br>No:86<br>Hex coord:(20;11),n/a,0,0,0,0,0,0,1,2023-05-31T19:41:38.1645027Z,0
2.74106,102.754224,Daerah: Johor<br>No:87<br>Hex coord:(21;11),n/a,0,0,0,0,0,0,1,2023-05-31T19:41:38.8316356Z,0
2.74884,102.7677584,Daerah: Johor<br>No:88<br>Hex coord:(22;11),n/a,0,0,0,0,0,0,1,2023-05-31T19:41:39.4800218Z,0
2.74106,102.7812929,Daerah: Johor<br>No:89<br>Hex coord:(23;11),n/a,0,0,0,0,0,0,1,2023-05-31T19:41:40.1354983Z,0
2.74884,102.7948274,Daerah: Johor<br>No:90<br>Hex coord:(24;11),n/a,0,0,0,0,0,0,1,2023-05-31T19:41:40.7860250Z,0
2.74106,102.8083619,Daerah: Johor<br>No:91<br>Hex coord:(25;11),n/a,0,0,0,0,0,0,1,2023-05-31T19:41:41.4484647Z,0
2.74884,102.8218963,Daerah: Johor<br>No:92<br>Hex coord:(26;11),n/a,0,0,0,0,0,0,1,2023-05-31T19:41:42.1211542Z,0
2.74106,102.8354308,Daerah: Johor<br>No:93<br>Hex coord:(27;11),n/a,0,0,0,0,0,0,1,2023-05-31T19:41:42.7828774Z,0
2.74106,104.1347404,Daerah: Johor<br>No:94<br>Hex coord:(123;11),n/a,0,0,0,0,0,0,1,2023-05-31T19:41:43.4421741Z,0
2.74884,104.1482749,Daerah: Johor<br>No:95<br>Hex coord:(124;11),n/a,0,0,0,0,0,0,1,2023-05-31T19:41:44.1054552Z,0
2.74106,104.1618094,Daerah: Johor<br>No:96<br>Hex coord:(125;11),n/a,0,0,0,0,0,0,1,2023-05-31T19:41:44.7606330Z,0
2.74884,104.1753438,Daerah: Johor<br>No:97<br>Hex coord:(126;11),n/a,0,0,0,0,0,0,1,2023-05-31T19:41:45.4106483Z,0
2.74106,104.1888783,Daerah: Johor<br>No:98<br>Hex coord:(127;11),n/a,0,0,0,0,0,0,1,2023-05-31T19:41:46.0616735Z,0
2.74884,104.2024128,Daerah: Johor<br>No:99<br>Hex coord:(128;11),n/a,0,0,0,0,0,0,1,2023-05-31T19:42:22.7489056Z,0
2.74106,104.2159473,Daerah: Johor<br>No:100<br>Hex coord:(129;11),n/a,0,0,0,0,0,0,1,2023-05-31T19:42:23.4233490Z,0
2.7255,102.6730171,Daerah: Johor<br>No:101<br>Hex coord:(15;12),n/a,0,0,0,0,0,0,1,2023-05-31T19:42:24.0842535Z,0
2.73328,102.6865516,Daerah: Johor<br>No:102<br>Hex coord:(16;12),n/a,0,0,0,0,0,0,1,2023-05-31T19:42:24.7495840Z,0
2.7255,102.7000861,Daerah: Johor<br>No:103<br>Hex coord:(17;12),n/a,0,0,0,0,0,0,1,2023-05-31T19:42:25.3989783Z,0
2.73328,102.7136205,Daerah: Johor<br>No:104<br>Hex coord:(18;12),n/a,0,0,0,0,0,0,1,2023-05-31T19:43:02.0877480Z,0
2.7255,102.727155,Daerah: Johor<br>No:105<br>Hex coord:(19;12),n/a,0,0,0,0,0,0,1,2023-05-31T19:43:02.7640751Z,0
2.73328,102.7406895,Daerah: Johor<br>No:106<br>Hex coord:(20;12),n/a,0,0,0,0,0,0,1,2023-05-31T19:43:03.4287135Z,0
2.7255,102.754224,Daerah: Johor<br>No:107<br>Hex coord:(21;12),n/a,0,0,0,0,0,0,1,2023-05-31T19:43:04.1049538Z,0
2.73328,102.7677584,Daerah: Johor<br>No:108<br>Hex coord:(22;12),n/a,0,0,0,0,0,0,1,2023-05-31T19:43:04.7749162Z,0
2.7255,102.7812929,Daerah: Johor<br>No:109<br>Hex coord:(23;12),n/a,0,0,0,0,0,0,1,2023-05-31T19:43:05.4435088Z,0
2.73328,102.7948274,Daerah: Johor<br>No:110<br>Hex coord:(24;12),n/a,0,0,0,0,0,0,1,2023-05-31T19:43:06.0939343Z,0
2.7255,102.8083619,Daerah: Johor<br>No:111<br>Hex coord:(25;12),n/a,0,0,0,0,0,0,1,2023-05-31T19:43:06.7525415Z,0
2.73328,102.8218963,Daerah: Johor<br>No:112<br>Hex coord:(26;12),n/a,0,0,0,0,0,0,1,2023-05-31T19:43:07.4012624Z,0
2.7255,102.8354308,Daerah: Johor<br>No:113<br>Hex coord:(27;12),n/a,0,0,0,0,0,0,1,2023-05-31T19:43:08.0565395Z,0
2.73328,102.8489653,Daerah: Johor<br>No:114<br>Hex coord:(28;12),n/a,0,0,0,0,0,0,1,2023-05-31T19:43:08.7128941Z,0
2.73328,104.1482749,Daerah: Johor<br>No:115<br>Hex coord:(124;12),n/a,0,0,0,0,0,0,1,2023-05-31T19:43:09.3642957Z,0
2.7255,104.1618094,Daerah: Johor<br>No:116<br>Hex coord:(125;12),n/a,0,0,0,0,0,0,1,2023-05-31T19:43:10.0220397Z,0
2.73328,104.1753438,Daerah: Johor<br>No:117<br>Hex coord:(126;12),n/a,0,0,0,0,0,0,1,2023-05-31T19:43:10.6807948Z,0
2.7255,104.1888783,Daerah: Johor<br>No:118<br>Hex coord:(127;12),n/a,0,0,0,0,0,0,1,2023-05-31T19:43:11.3437505Z,0
2.73328,104.2024128,Daerah: Johor<br>No:119<br>Hex coord:(128;12),n/a,0,0,0,0,0,0,1,2023-05-31T19:43:11.9952575Z,0
2.71772,102.6594826,Daerah: Johor<br>No:120<br>Hex coord:(14;13),n/a,0,0,0,0,0,0,1,2023-05-31T19:43:12.6496786Z,0
2.70994,102.6730171,Daerah: Johor<br>No:121<br>Hex coord:(15;13),n/a,0,0,0,0,0,0,1,2023-05-31T19:43:13.3030746Z,0
2.71772,102.6865516,Daerah: Johor<br>No:122<br>Hex coord:(16;13),n/a,0,0,0,0,0,0,1,2023-05-31T19:43:13.9599853Z,0
2.70994,102.7000861,Daerah: Johor<br>No:123<br>Hex coord:(17;13),n/a,0,0,0,0,0,0,1,2023-05-31T19:43:14.6178731Z,0
2.71772,102.7136205,Daerah: Johor<br>No:124<br>Hex coord:(18;13),n/a,0,0,0,0,0,0,1,2023-05-31T19:43:15.2804706Z,0
2.70994,102.727155,Daerah: Johor<br>No:125<br>Hex coord:(19;13),n/a,0,0,0,0,0,0,1,2023-05-31T19:43:51.9683897Z,0
2.71772,102.7406895,Daerah: Johor<br>No:126<br>Hex coord:(20;13),n/a,0,0,0,0,0,0,1,2023-05-31T19:43:52.6489783Z,0
2.70994,102.754224,Daerah: Johor<br>No:127<br>Hex coord:(21;13),n/a,0,0,0,0,0,0,1,2023-05-31T19:43:53.2968685Z,0
2.71772,102.7677584,Daerah: Johor<br>No:128<br>Hex coord:(22;13),n/a,0,0,0,0,0,0,1,2023-05-31T19:43:53.9508679Z,0
2.70994,102.7812929,Daerah: Johor<br>No:129<br>Hex coord:(23;13),n/a,0,0,0,0,0,0,1,2023-05-31T19:43:54.6299149Z,0
2.71772,102.7948274,Daerah: Johor<br>No:130<br>Hex coord:(24;13),n/a,0,0,0,0,0,0,1,2023-05-31T19:43:55.2877274Z,0
2.70994,102.8083619,Daerah: Johor<br>No:131<br>Hex coord:(25;13),n/a,0,0,0,0,0,0,1,2023-05-31T19:43:55.9568015Z,0
2.71772,102.8218963,Daerah: Johor<br>No:132<br>Hex coord:(26;13),n/a,0,0,0,0,0,0,1,2023-05-31T19:43:56.6078550Z,0
2.70994,102.8354308,Daerah: Johor<br>No:133<br>Hex coord:(27;13),n/a,0,0,0,0,0,0,1,2023-05-31T19:43:57.2661722Z,0
2.71772,102.8489653,Daerah: Johor<br>No:134<br>Hex coord:(28;13),n/a,0,0,0,0,0,0,1,2023-05-31T19:43:57.9266354Z,0
2.70994,102.8624998,Daerah: Johor<br>No:135<br>Hex coord:(29;13),n/a,0,0,0,0,0,0,1,2023-05-31T19:43:58.5932209Z,0
2.70216,102.6594826,Daerah: Johor<br>No:136<br>Hex coord:(14;14),n/a,0,0,0,0,0,0,1,2023-05-31T19:43:59.2510226Z,0
2.69438,102.6730171,Daerah: Johor<br>No:137<br>Hex coord:(15;14),n/a,0,0,0,0,0,0,1,2023-05-31T19:43:59.9152496Z,0
2.70216,102.6865516,Daerah: Johor<br>No:138<br>Hex coord:(16;14),n/a,0,0,0,0,0,0,1,2023-05-31T19:44:00.5779387Z,0
2.69438,102.7000861,Daerah: Johor<br>No:139<br>Hex coord:(17;14),n/a,0,0,0,0,0,0,1,2023-05-31T19:44:01.2646507Z,0
2.70216,102.7136205,Daerah: Johor<br>No:140<br>Hex coord:(18;14),n/a,0,0,0,0,0,0,1,2023-05-31T19:44:01.9260677Z,0
2.69438,102.727155,Daerah: Johor<br>No:141<br>Hex coord:(19;14),n/a,0,0,0,0,0,0,1,2023-05-31T19:44:02.5908537Z,0
2.70216,102.7406895,Daerah: Johor<br>No:142<br>Hex coord:(20;14),n/a,0,0,0,0,0,0,1,2023-05-31T19:44:03.2457860Z,0
2.69438,102.754224,Daerah: Johor<br>No:143<br>Hex coord:(21;14),n/a,0,0,0,0,0,0,1,2023-05-31T19:44:03.9061420Z,0
2.70216,102.7677584,Daerah: Johor<br>No:144<br>Hex coord:(22;14),n/a,0,0,0,0,0,0,1,2023-05-31T19:44:04.5805930Z,0
2.69438,102.7812929,Daerah: Johor<br>No:145<br>Hex coord:(23;14),n/a,0,0,0,0,0,0,1,2023-05-31T19:44:05.2347679Z,0
2.70216,102.7948274,Daerah: Johor<br>No:146<br>Hex coord:(24;14),n/a,0,0,0,0,0,0,1,2023-05-31T19:44:05.8898627Z,0
2.69438,102.8083619,Daerah: Johor<br>No:147<br>Hex coord:(25;14),n/a,0,0,0,0,0,0,1,2023-05-31T19:44:06.5429702Z,0
2.70216,102.8218963,Daerah: Johor<br>No:148<br>Hex coord:(26;14),n/a,0,0,0,0,0,0,1,2023-05-31T19:44:07.1973244Z,0
2.69438,102.8354308,Daerah: Johor<br>No:149<br>Hex coord:(27;14),n/a,0,0,0,0,0,0,1,2023-05-31T19:44:07.8652430Z,0
2.70216,102.8489653,Daerah: Johor<br>No:150<br>Hex coord:(28;14),n/a,0,0,0,0,0,0,1,2023-05-31T19:44:08.5199750Z,0
2.69438,102.8624998,Daerah: Johor<br>No:151<br>Hex coord:(29;14),n/a,0,0,0,0,0,0,1,2023-05-31T19:44:09.1763115Z,0
2.70216,102.8760342,Daerah: Johor<br>No:152<br>Hex coord:(30;14),n/a,0,0,0,0,0,0,1,2023-05-31T19:44:09.8280233Z,0
2.69438,103.8911199,Daerah: Johor<br>No:153<br>Hex coord:(105;14),n/a,0,0,0,0,0,0,1,2023-05-31T19:44:10.4882302Z,0
2.69438,103.9181888,Daerah: Johor<br>No:154<br>Hex coord:(107;14),n/a,0,0,0,0,0,0,1,2023-05-31T19:44:11.1472162Z,0
2.67882,102.6459482,Daerah: Johor<br>No:155<br>Hex coord:(13;15),n/a,0,0,0,0,0,0,1,2023-05-31T19:44:11.8037125Z,0
2.6866,102.6594826,Daerah: Johor<br>No:156<br>Hex coord:(14;15),n/a,0,0,0,0,0,0,1,2023-05-31T19:44:12.4659966Z,0
2.67882,102.6730171,Daerah: Johor<br>No:157<br>Hex coord:(15;15),n/a,0,0,0,0,0,0,1,2023-05-31T19:44:13.1230170Z,0
2.6866,102.6865516,Daerah: Johor<br>No:158<br>Hex coord:(16;15),n/a,0,0,0,0,0,0,1,2023-05-31T19:44:13.7792106Z,0
2.67882,102.7000861,Daerah: Johor<br>No:159<br>Hex coord:(17;15),n/a,0,0,0,0,0,0,1,2023-05-31T19:44:14.4340765Z,0
2.6866,102.7136205,Daerah: Johor<br>No:160<br>Hex coord:(18;15),n/a,0,0,0,0,0,0,1,2023-05-31T19:44:15.0860960Z,0
2.67882,102.727155,Daerah: Johor<br>No:161<br>Hex coord:(19;15),n/a,0,0,0,0,0,0,1,2023-05-31T19:44:15.7433058Z,0
2.6866,102.7406895,Daerah: Johor<br>No:162<br>Hex coord:(20;15),n/a,0,0,0,0,0,0,1,2023-05-31T19:44:16.4135258Z,0
2.67882,102.754224,Daerah: Johor<br>No:163<br>Hex coord:(21;15),n/a,0,0,0,0,0,0,1,2023-05-31T19:44:17.0748065Z,0
2.6866,102.7677584,Daerah: Johor<br>No:164<br>Hex coord:(22;15),n/a,0,0,0,0,0,0,1,2023-05-31T19:44:17.7297617Z,0
2.67882,102.7812929,Daerah: Johor<br>No:165<br>Hex coord:(23;15),n/a,0,0,0,0,0,0,1,2023-05-31T19:44:18.3918061Z,0
2.6866,102.7948274,Daerah: Johor<br>No:166<br>Hex coord:(24;15),n/a,0,0,0,0,0,0,1,2023-05-31T19:44:19.0561323Z,0
2.67882,102.8083619,Daerah: Johor<br>No:167<br>Hex coord:(25;15),n/a,0,0,0,0,0,0,1,2023-05-31T19:44:19.7218970Z,0
2.6866,102.8218963,Daerah: Johor<br>No:168<br>Hex coord:(26;15),n/a,0,0,0,0,0,0,1,2023-05-31T19:44:20.3825696Z,0
2.67882,102.8354308,Daerah: Johor<br>No:169<br>Hex coord:(27;15),n/a,0,0,0,0,0,0,1,2023-05-31T19:44:21.0329805Z,0
2.6866,102.8489653,Daerah: Johor<br>No:170<br>Hex coord:(28;15),n/a,0,0,0,0,0,0,1,2023-05-31T19:44:21.6862527Z,0
2.67882,102.8624998,Daerah: Johor<br>No:171<br>Hex coord:(29;15),n/a,0,0,0,0,0,0,1,2023-05-31T19:44:22.3388182Z,0
2.6866,102.8760342,Daerah: Johor<br>No:172<br>Hex coord:(30;15),n/a,0,0,0,0,0,0,1,2023-05-31T19:44:23.0039657Z,0
2.67882,102.8895687,Daerah: Johor<br>No:173<br>Hex coord:(31;15),n/a,0,0,0,0,0,0,1,2023-05-31T19:44:23.6708514Z,0
2.6866,103.9046543,Daerah: Johor<br>No:174<br>Hex coord:(106;15),n/a,0,0,0,0,0,0,1,2023-05-31T19:44:24.3311540Z,0
2.67882,103.9181888,Daerah: Johor<br>No:175<br>Hex coord:(107;15),n/a,0,0,0,0,0,0,1,2023-05-31T19:44:24.9948255Z,0
2.66326,102.6459482,Daerah: Johor<br>No:176<br>Hex coord:(13;16),n/a,0,0,0,0,0,0,1,2023-05-31T19:44:25.6429653Z,0
2.67104,102.6594826,Daerah: Johor<br>No:177<br>Hex coord:(14;16),n/a,0,0,0,0,0,0,1,2023-05-31T19:44:26.2946532Z,0
2.66326,102.6730171,Daerah: Johor<br>No:178<br>Hex coord:(15;16),n/a,0,0,0,0,0,0,1,2023-05-31T19:44:26.9446146Z,0
2.67104,102.6865516,Daerah: Johor<br>No:179<br>Hex coord:(16;16),n/a,0,0,0,0,0,0,1,2023-05-31T19:44:27.6006619Z,0
2.66326,102.7000861,Daerah: Johor<br>No:180<br>Hex coord:(17;16),n/a,0,0,0,0,0,0,1,2023-05-31T19:44:28.2556142Z,0
2.67104,102.7136205,Daerah: Johor<br>No:181<br>Hex coord:(18;16),n/a,0,0,0,0,0,0,1,2023-05-31T19:44:28.9207031Z,0
2.66326,102.727155,Daerah: Johor<br>No:182<br>Hex coord:(19;16),n/a,0,0,0,0,0,0,1,2023-05-31T19:44:29.5798862Z,0
2.67104,102.7406895,Daerah: Johor<br>No:183<br>Hex coord:(20;16),n/a,0,0,0,0,0,0,1,2023-05-31T19:44:30.2322076Z,0
2.66326,102.754224,Daerah: Johor<br>No:184<br>Hex coord:(21;16),n/a,0,0,0,0,0,0,1,2023-05-31T19:44:30.8835178Z,0
2.67104,102.7677584,Daerah: Johor<br>No:185<br>Hex coord:(22;16),n/a,0,0,0,0,0,0,1,2023-05-31T19:44:31.5490715Z,0
2.66326,102.7812929,Daerah: Johor<br>No:186<br>Hex coord:(23;16),n/a,0,0,0,0,0,0,1,2023-05-31T19:44:32.1996225Z,0
2.67104,102.7948274,Daerah: Johor<br>No:187<br>Hex coord:(24;16),n/a,0,0,0,0,0,0,1,2023-05-31T19:44:32.8492660Z,0
2.66326,102.8083619,Daerah: Johor<br>No:188<br>Hex coord:(25;16),n/a,0,0,0,0,0,0,1,2023-05-31T19:44:33.5042649Z,0
2.67104,102.8218963,Daerah: Johor<br>No:189<br>Hex coord:(26;16),n/a,0,0,0,0,0,0,1,2023-05-31T19:44:34.1637522Z,0
2.66326,102.8354308,Daerah: Johor<br>No:190<br>Hex coord:(27;16),n/a,0,0,0,0,0,0,1,2023-05-31T19:44:34.8046515Z,0
2.67104,102.8489653,Daerah: Johor<br>No:191<br>Hex coord:(28;16),n/a,0,0,0,0,0,0,1,2023-05-31T19:44:35.4611743Z,0
2.66326,102.8624998,Daerah: Johor<br>No:192<br>Hex coord:(29;16),n/a,0,0,0,0,0,0,1,2023-05-31T19:44:36.1117275Z,0
2.67104,102.8760342,Daerah: Johor<br>No:193<br>Hex coord:(30;16),n/a,0,0,0,0,0,0,1,2023-05-31T19:44:36.7644724Z,0
2.66326,102.8895687,Daerah: Johor<br>No:194<br>Hex coord:(31;16),n/a,0,0,0,0,0,0,1,2023-05-31T19:44:37.4185985Z,0
2.67104,102.9031032,Daerah: Johor<br>No:195<br>Hex coord:(32;16),n/a,0,0,0,0,0,0,1,2023-05-31T19:44:38.0754915Z,0
2.67104,103.7693096,Daerah: Johor<br>No:196<br>Hex coord:(96;16),n/a,0,0,0,0,0,0,1,2023-05-31T19:44:38.7302899Z,0
2.6477,102.6459482,Daerah: Johor<br>No:197<br>Hex coord:(13;17),n/a,0,0,0,0,0,0,1,2023-05-31T19:44:39.3869296Z,0
2.65548,102.6594826,Daerah: Johor<br>No:198<br>Hex coord:(14;17),n/a,0,0,0,0,0,0,1,2023-05-31T19:44:40.0374627Z,0
2.6477,102.6730171,Daerah: Johor<br>No:199<br>Hex coord:(15;17),n/a,0,0,0,0,0,0,1,2023-05-31T19:44:40.6898735Z,0
2.65548,102.6865516,Daerah: Johor<br>No:200<br>Hex coord:(16;17),n/a,0,0,0,0,0,0,1,2023-05-31T19:44:41.3493892Z,0
2.6477,102.7000861,Daerah: Johor<br>No:201<br>Hex coord:(17;17),n/a,0,0,0,0,0,0,1,2023-05-31T19:44:42.0235809Z,0
2.65548,102.7136205,Daerah: Johor<br>No:202<br>Hex coord:(18;17),n/a,0,0,0,0,0,0,1,2023-05-31T19:44:42.6839390Z,0
2.6477,102.727155,Daerah: Johor<br>No:203<br>Hex coord:(19;17),n/a,0,0,0,0,0,0,1,2023-05-31T19:44:43.3320911Z,0
2.65548,102.7406895,Daerah: Johor<br>No:204<br>Hex coord:(20;17),n/a,0,0,0,0,0,0,1,2023-05-31T19:44:45.2813830Z,0
2.6477,102.754224,Daerah: Johor<br>No:205<br>Hex coord:(21;17),n/a,0,0,0,0,0,0,1,2023-05-31T19:44:45.9416159Z,0
2.65548,102.7677584,Daerah: Johor<br>No:206<br>Hex coord:(22;17),n/a,0,0,0,0,0,0,1,2023-05-31T19:44:46.5912865Z,0
2.6477,102.7812929,Daerah: Johor<br>No:207<br>Hex coord:(23;17),n/a,0,0,0,0,0,0,1,2023-05-31T19:44:47.2474192Z,0
2.65548,102.7948274,Daerah: Johor<br>No:208<br>Hex coord:(24;17),n/a,0,0,0,0,0,0,1,2023-05-31T19:44:47.9020001Z,0
2.6477,102.8083619,Daerah: Johor<br>No:209<br>Hex coord:(25;17),n/a,0,0,0,0,0,0,1,2023-05-31T19:44:48.5519829Z,0
2.65548,102.8218963,Daerah: Johor<br>No:210<br>Hex coord:(26;17),n/a,0,0,0,0,0,0,1,2023-05-31T19:44:49.2145101Z,0
2.6477,102.8354308,Daerah: Johor<br>No:211<br>Hex coord:(27;17),n/a,0,0,0,0,0,0,1,2023-05-31T19:44:49.8733376Z,0
2.65548,102.8489653,Daerah: Johor<br>No:212<br>Hex coord:(28;17),n/a,0,0,0,0,0,0,1,2023-05-31T19:44:50.5390328Z,0
2.6477,102.8624998,Daerah: Johor<br>No:213<br>Hex coord:(29;17),n/a,0,0,0,0,0,0,1,2023-05-31T19:44:51.1925584Z,0
2.65548,102.8760342,Daerah: Johor<br>No:214<br>Hex coord:(30;17),n/a,0,0,0,0,0,0,1,2023-05-31T19:44:51.8524118Z,0
2.6477,102.8895687,Daerah: Johor<br>No:215<br>Hex coord:(31;17),n/a,0,0,0,0,0,0,1,2023-05-31T19:44:52.5120236Z,0
2.65548,102.9031032,Daerah: Johor<br>No:216<br>Hex coord:(32;17),n/a,0,0,0,0,0,0,1,2023-05-31T19:44:53.1716456Z,0
2.6477,102.9166377,Daerah: Johor<br>No:217<br>Hex coord:(33;17),n/a,0,0,0,0,0,0,1,2023-05-31T19:44:53.8245656Z,0
2.6477,103.5933614,Daerah: Johor<br>No:218<br>Hex coord:(83;17),n/a,0,0,0,0,0,0,1,2023-05-31T19:44:54.4803389Z,0
2.65548,103.6068959,Daerah: Johor<br>No:219<br>Hex coord:(84;17),n/a,0,0,0,0,0,0,1,2023-05-31T19:44:55.1461857Z,0
2.6477,103.6204304,Daerah: Johor<br>No:220<br>Hex coord:(85;17),n/a,0,0,0,0,0,0,1,2023-05-31T19:44:55.8053543Z,0
2.65548,103.6339648,Daerah: Johor<br>No:221<br>Hex coord:(86;17),n/a,0,0,0,0,0,0,1,2023-05-31T19:44:56.4696293Z,0
2.6477,103.6474993,Daerah: Johor<br>No:222<br>Hex coord:(87;17),n/a,0,0,0,0,0,0,1,2023-05-31T19:44:57.1278875Z,0
2.65548,103.6610338,Daerah: Johor<br>No:223<br>Hex coord:(88;17),n/a,0,0,0,0,0,0,1,2023-05-31T19:44:57.8047190Z,0
2.6477,103.6745683,Daerah: Johor<br>No:224<br>Hex coord:(89;17),n/a,0,0,0,0,0,0,1,2023-05-31T19:44:58.4647236Z,0
2.6477,103.7557751,Daerah: Johor<br>No:225<br>Hex coord:(95;17),n/a,0,0,0,0,0,0,1,2023-05-31T19:44:59.1171333Z,0
2.63214,102.6459482,Daerah: Johor<br>No:226<br>Hex coord:(13;18),n/a,0,0,0,0,0,0,1,2023-05-31T19:44:59.7690328Z,0
2.63992,102.6594826,Daerah: Johor<br>No:227<br>Hex coord:(14;18),n/a,0,0,0,0,0,0,1,2023-05-31T19:45:00.4259304Z,0
2.63214,102.6730171,Daerah: Johor<br>No:228<br>Hex coord:(15;18),n/a,0,0,0,0,0,0,1,2023-05-31T19:45:01.0869246Z,0
2.63992,102.6865516,Daerah: Johor<br>No:229<br>Hex coord:(16;18),n/a,0,0,0,0,0,0,1,2023-05-31T19:45:01.7400984Z,0
2.63214,102.7000861,Daerah: Johor<br>No:230<br>Hex coord:(17;18),n/a,0,0,0,0,0,0,1,2023-05-31T19:45:02.4002208Z,0
2.63992,102.7136205,Daerah: Johor<br>No:231<br>Hex coord:(18;18),n/a,0,0,0,0,0,0,1,2023-05-31T19:45:03.0552480Z,0
2.63214,102.727155,Daerah: Johor<br>No:232<br>Hex coord:(19;18),n/a,0,0,0,0,0,0,1,2023-05-31T19:45:03.7073883Z,0
2.63992,102.7406895,Daerah: Johor<br>No:233<br>Hex coord:(20;18),n/a,0,0,0,0,0,0,1,2023-05-31T19:45:04.3655362Z,0
2.63214,102.754224,Daerah: Johor<br>No:234<br>Hex coord:(21;18),n/a,0,0,0,0,0,0,1,2023-05-31T19:45:05.0127157Z,0
2.63992,102.7677584,Daerah: Johor<br>No:235<br>Hex coord:(22;18),n/a,0,0,0,0,0,0,1,2023-05-31T19:45:05.6754683Z,0
2.63214,102.7812929,Daerah: Johor<br>No:236<br>Hex coord:(23;18),n/a,0,0,0,0,0,0,1,2023-05-31T19:45:06.3354194Z,0
2.63992,102.7948274,Daerah: Johor<br>No:237<br>Hex coord:(24;18),n/a,0,0,0,0,0,0,1,2023-05-31T19:45:06.9919670Z,0
2.63214,102.8083619,Daerah: Johor<br>No:238<br>Hex coord:(25;18),n/a,0,0,0,0,0,0,1,2023-05-31T19:45:07.6463725Z,0
2.63992,102.8218963,Daerah: Johor<br>No:239<br>Hex coord:(26;18),n/a,0,0,0,0,0,0,1,2023-05-31T19:45:08.2944307Z,0
2.63214,102.8354308,Daerah: Johor<br>No:240<br>Hex coord:(27;18),n/a,0,0,0,0,0,0,1,2023-05-31T19:45:08.9481890Z,0
2.63992,102.8489653,Daerah: Johor<br>No:241<br>Hex coord:(28;18),n/a,0,0,0,0,0,0,1,2023-05-31T19:45:09.6002117Z,0
2.63214,102.8624998,Daerah: Johor<br>No:242<br>Hex coord:(29;18),n/a,0,0,0,0,0,0,1,2023-05-31T19:45:10.2581229Z,0
2.63992,102.8760342,Daerah: Johor<br>No:243<br>Hex coord:(30;18),n/a,0,0,0,0,0,0,1,2023-05-31T19:45:10.9146423Z,0
2.63214,102.8895687,Daerah: Johor<br>No:244<br>Hex coord:(31;18),n/a,0,0,0,0,0,0,1,2023-05-31T19:45:11.5712154Z,0
2.63992,102.9031032,Daerah: Johor<br>No:245<br>Hex coord:(32;18),n/a,0,0,0,0,0,0,1,2023-05-31T19:45:12.2380548Z,0
2.63214,102.9166377,Daerah: Johor<br>No:246<br>Hex coord:(33;18),n/a,0,0,0,0,0,0,1,2023-05-31T19:45:12.8937386Z,0
2.63992,102.9301721,Daerah: Johor<br>No:247<br>Hex coord:(34;18),n/a,0,0,0,0,0,0,1,2023-05-31T19:45:13.5460061Z,0
2.63992,103.6339648,Daerah: Johor<br>No:248<br>Hex coord:(86;18),n/a,0,0,0,0,0,0,1,2023-05-31T19:45:14.2007279Z,0
2.63214,103.6474993,Daerah: Johor<br>No:249<br>Hex coord:(87;18),n/a,0,0,0,0,0,0,1,2023-05-31T19:45:14.8584589Z,0
2.63992,103.6610338,Daerah: Johor<br>No:250<br>Hex coord:(88;18),n/a,0,0,0,0,0,0,1,2023-05-31T19:45:15.5162804Z,0
2.63214,103.6745683,Daerah: Johor<br>No:251<br>Hex coord:(89;18),n/a,0,0,0,0,0,0,1,2023-05-31T19:45:16.1678547Z,0
2.63992,103.6881027,Daerah: Johor<br>No:252<br>Hex coord:(90;18),n/a,0,0,0,0,0,0,1,2023-05-31T19:45:16.8175176Z,0
2.63214,103.7016372,Daerah: Johor<br>No:253<br>Hex coord:(91;18),n/a,0,0,0,0,0,0,1,2023-05-31T19:45:17.4766007Z,0
2.63214,103.7287062,Daerah: Johor<br>No:254<br>Hex coord:(93;18),n/a,0,0,0,0,0,0,1,2023-05-31T19:45:18.1312810Z,0
2.63214,103.7557751,Daerah: Johor<br>No:255<br>Hex coord:(95;18),n/a,0,0,0,0,0,0,1,2023-05-31T19:45:18.7879530Z,0
2.62436,102.6324137,Daerah: Johor<br>No:256<br>Hex coord:(12;19),n/a,0,0,0,0,0,0,1,2023-05-31T19:45:19.4562469Z,0
2.61658,102.6459482,Daerah: Johor<br>No:257<br>Hex coord:(13;19),n/a,0,0,0,0,0,0,1,2023-05-31T19:45:20.1135032Z,0
2.62436,102.6594826,Daerah: Johor<br>No:258<br>Hex coord:(14;19),n/a,0,0,0,0,0,0,1,2023-05-31T19:45:20.7872634Z,0
2.61658,102.6730171,Daerah: Johor<br>No:259<br>Hex coord:(15;19),n/a,0,0,0,0,0,0,1,2023-05-31T19:45:21.4512306Z,0
2.62436,102.6865516,Daerah: Johor<br>No:260<br>Hex coord:(16;19),n/a,0,0,0,0,0,0,1,2023-05-31T19:45:22.1123878Z,0
2.61658,102.7000861,Daerah: Johor<br>No:261<br>Hex coord:(17;19),n/a,0,0,0,0,0,0,1,2023-05-31T19:45:22.8905115Z,0
2.62436,102.7136205,Daerah: Johor<br>No:262<br>Hex coord:(18;19),n/a,0,0,0,0,0,0,1,2023-05-31T19:45:23.5455404Z,0
2.61658,102.727155,Daerah: Johor<br>No:263<br>Hex coord:(19;19),n/a,0,0,0,0,0,0,1,2023-05-31T19:45:24.1985743Z,0
2.62436,102.7406895,Daerah: Johor<br>No:264<br>Hex coord:(20;19),n/a,0,0,0,0,0,0,1,2023-05-31T19:45:24.8469044Z,0
2.61658,102.754224,Daerah: Johor<br>No:265<br>Hex coord:(21;19),n/a,0,0,0,0,0,0,1,2023-05-31T19:45:25.5091935Z,0
2.62436,102.7677584,Daerah: Johor<br>No:266<br>Hex coord:(22;19),n/a,0,0,0,0,0,0,1,2023-05-31T19:45:26.1660238Z,0
2.61658,102.7812929,Daerah: Johor<br>No:267<br>Hex coord:(23;19),n/a,0,0,0,0,0,0,1,2023-05-31T19:45:26.8223049Z,0
2.62436,102.7948274,Daerah: Johor<br>No:268<br>Hex coord:(24;19),n/a,0,0,0,0,0,0,1,2023-05-31T19:45:27.4910659Z,0
2.61658,102.8083619,Daerah: Johor<br>No:269<br>Hex coord:(25;19),n/a,0,0,0,0,0,0,1,2023-05-31T19:45:28.1472204Z,0
2.62436,102.8218963,Daerah: Johor<br>No:270<br>Hex coord:(26;19),n/a,0,0,0,0,0,0,1,2023-05-31T19:45:28.8030046Z,0
2.61658,102.8354308,Daerah: Johor<br>No:271<br>Hex coord:(27;19),n/a,0,0,0,0,0,0,1,2023-05-31T19:45:29.4626164Z,0
2.62436,102.8489653,Daerah: Johor<br>No:272<br>Hex coord:(28;19),n/a,0,0,0,0,0,0,1,2023-05-31T19:45:30.1264116Z,0
2.61658,102.8624998,Daerah: Johor<br>No:273<br>Hex coord:(29;19),n/a,0,0,0,0,0,0,1,2023-05-31T19:45:30.7984851Z,0
2.62436,102.8760342,Daerah: Johor<br>No:274<br>Hex coord:(30;19),n/a,0,0,0,0,0,0,1,2023-05-31T19:45:31.4573314Z,0
2.61658,102.8895687,Daerah: Johor<br>No:275<br>Hex coord:(31;19),n/a,0,0,0,0,0,0,1,2023-05-31T19:45:32.1140248Z,0
2.62436,102.9031032,Daerah: Johor<br>No:276<br>Hex coord:(32;19),n/a,0,0,0,0,0,0,1,2023-05-31T19:45:32.7707211Z,0
2.61658,102.9166377,Daerah: Johor<br>No:277<br>Hex coord:(33;19),n/a,0,0,0,0,0,0,1,2023-05-31T19:45:33.4222632Z,0
2.62436,102.9301721,Daerah: Johor<br>No:278<br>Hex coord:(34;19),n/a,0,0,0,0,0,0,1,2023-05-31T19:45:34.0775643Z,0
2.61658,102.9437066,Daerah: Johor<br>No:279<br>Hex coord:(35;19),n/a,0,0,0,0,0,0,1,2023-05-31T19:45:34.7334424Z,0
2.61658,103.6204304,Daerah: Johor<br>No:280<br>Hex coord:(85;19),n/a,0,0,0,0,0,0,1,2023-05-31T19:45:35.3974832Z,0
2.62436,103.6339648,Daerah: Johor<br>No:281<br>Hex coord:(86;19),n/a,0,0,0,0,0,0,1,2023-05-31T19:45:36.0592649Z,0
2.61658,103.6474993,Daerah: Johor<br>No:282<br>Hex coord:(87;19),n/a,0,0,0,0,0,0,1,2023-05-31T19:45:36.7204900Z,0
2.62436,103.6610338,Daerah: Johor<br>No:283<br>Hex coord:(88;19),n/a,0,0,0,0,0,0,1,2023-05-31T19:45:37.3841407Z,0
2.61658,103.6745683,Daerah: Johor<br>No:284<br>Hex coord:(89;19),n/a,0,0,0,0,0,0,1,2023-05-31T19:45:38.0422429Z,1
2.62436,103.6881027,Daerah: Johor<br>No:285<br>Hex coord:(90;19),n/a,0,0,0,0,0,0,1,2023-05-31T19:45:38.6941219Z,0
2.61658,103.7016372,Daerah: Johor<br>No:286<br>Hex coord:(91;19),n/a,0,0,0,0,0,0,1,2023-05-31T19:45:39.3595841Z,0
2.62436,103.7151717,Daerah: Johor<br>No:287<br>Hex coord:(92;19),n/a,0,0,0,0,0,0,1,2023-05-31T19:45:40.0112436Z,0
2.61658,103.7287062,Daerah: Johor<br>No:288<br>Hex coord:(93;19),n/a,0,0,0,0,0,0,1,2023-05-31T19:45:40.6704064Z,0
2.62436,103.7422406,Daerah: Johor<br>No:289<br>Hex coord:(94;19),n/a,0,0,0,0,0,0,1,2023-05-31T19:45:41.3324985Z,0
2.61658,103.7557751,Daerah: Johor<br>No:290<br>Hex coord:(95;19),n/a,0,0,0,0,0,0,1,2023-05-31T19:45:41.9891991Z,0
2.61658,103.7828441,Daerah: Johor<br>No:291<br>Hex coord:(97;19),n/a,0,0,0,0,0,0,1,2023-05-31T19:45:42.6349415Z,0
2.60102,102.6459482,Daerah: Johor<br>No:292<br>Hex coord:(13;20),n/a,0,0,0,0,0,0,1,2023-05-31T19:45:43.2974955Z,0
2.6088,102.6594826,Daerah: Johor<br>No:293<br>Hex coord:(14;20),n/a,0,0,0,0,0,0,1,2023-05-31T19:45:43.9482818Z,0
2.60102,102.6730171,Daerah: Johor<br>No:294<br>Hex coord:(15;20),n/a,0,0,0,0,0,0,1,2023-05-31T19:45:44.6012911Z,0
2.6088,102.6865516,Daerah: Johor<br>No:295<br>Hex coord:(16;20),n/a,0,0,0,0,0,0,1,2023-05-31T19:45:45.2644803Z,0
2.60102,102.7000861,Daerah: Johor<br>No:296<br>Hex coord:(17;20),n/a,0,0,0,0,0,0,1,2023-05-31T19:45:45.9237017Z,0
2.6088,102.7136205,Daerah: Johor<br>No:297<br>Hex coord:(18;20),n/a,0,0,0,0,0,0,1,2023-05-31T19:45:46.5778966Z,0
2.60102,102.727155,Daerah: Johor<br>No:298<br>Hex coord:(19;20),n/a,0,0,0,0,0,0,1,2023-05-31T19:45:47.2340652Z,0
2.6088,102.7406895,Daerah: Johor<br>No:299<br>Hex coord:(20;20),n/a,0,0,0,0,0,0,1,2023-05-31T19:45:47.8875398Z,0
2.60102,102.754224,Daerah: Johor<br>No:300<br>Hex coord:(21;20),n/a,0,0,0,0,0,0,1,2023-05-31T19:45:48.5537221Z,0
2.6088,102.7677584,Daerah: Johor<br>No:301<br>Hex coord:(22;20),n/a,0,0,0,0,0,0,1,2023-05-31T19:45:49.2026720Z,0
2.60102,102.7812929,Daerah: Johor<br>No:302<br>Hex coord:(23;20),n/a,0,0,0,0,0,0,1,2023-05-31T19:45:49.8618651Z,0
2.6088,102.7948274,Daerah: Johor<br>No:303<br>Hex coord:(24;20),n/a,0,0,0,0,0,0,1,2023-05-31T19:45:50.5085945Z,0
2.60102,102.8083619,Daerah: Johor<br>No:304<br>Hex coord:(25;20),n/a,0,0,0,0,0,0,1,2023-05-31T19:45:51.1653861Z,0
2.6088,102.8218963,Daerah: Johor<br>No:305<br>Hex coord:(26;20),n/a,0,0,0,0,0,0,1,2023-05-31T19:45:51.8310751Z,0
2.60102,102.8354308,Daerah: Johor<br>No:306<br>Hex coord:(27;20),n/a,0,0,0,0,0,0,1,2023-05-31T19:45:52.4889966Z,0
2.6088,102.8489653,Daerah: Johor<br>No:307<br>Hex coord:(28;20),n/a,0,0,0,0,0,0,1,2023-05-31T19:45:53.1440425Z,0
2.60102,102.8624998,Daerah: Johor<br>No:308<br>Hex coord:(29;20),n/a,0,0,0,0,0,0,1,2023-05-31T19:45:53.8005922Z,0
2.6088,102.8760342,Daerah: Johor<br>No:309<br>Hex coord:(30;20),n/a,0,0,0,0,0,0,1,2023-05-31T19:45:54.4502361Z,0
2.60102,102.8895687,Daerah: Johor<br>No:310<br>Hex coord:(31;20),n/a,0,0,0,0,0,0,1,2023-05-31T19:45:55.1042300Z,0
2.6088,102.9031032,Daerah: Johor<br>No:311<br>Hex coord:(32;20),n/a,0,0,0,0,0,0,1,2023-05-31T19:45:55.7610199Z,0
2.60102,102.9166377,Daerah: Johor<br>No:312<br>Hex coord:(33;20),n/a,0,0,0,0,0,0,1,2023-05-31T19:45:56.4292901Z,0
2.6088,102.9301721,Daerah: Johor<br>No:313<br>Hex coord:(34;20),n/a,0,0,0,0,0,0,1,2023-05-31T19:45:57.0915993Z,0
2.60102,102.9437066,Daerah: Johor<br>No:314<br>Hex coord:(35;20),n/a,0,0,0,0,0,0,1,2023-05-31T19:45:57.7483008Z,0
2.6088,102.9572411,Daerah: Johor<br>No:315<br>Hex coord:(36;20),n/a,0,0,0,0,0,0,1,2023-05-31T19:45:58.4089689Z,0
2.60102,103.6204304,Daerah: Johor<br>No:316<br>Hex coord:(85;20),n/a,0,0,0,0,0,0,1,2023-05-31T19:45:59.0698884Z,0
2.6088,103.6339648,Daerah: Johor<br>No:317<br>Hex coord:(86;20),n/a,0,0,0,0,0,0,1,2023-05-31T19:45:59.7238333Z,0
2.60102,103.6474993,Daerah: Johor<br>No:318<br>Hex coord:(87;20),n/a,0,0,0,0,0,0,1,2023-05-31T19:46:00.3814428Z,0
2.6088,103.6610338,Daerah: Johor<br>No:319<br>Hex coord:(88;20),n/a,0,0,0,0,0,0,1,2023-05-31T19:46:01.0389507Z,0
2.60102,103.6745683,Daerah: Johor<br>No:320<br>Hex coord:(89;20),n/a,0,0,0,0,0,0,1,2023-05-31T19:46:01.7731378Z,0
2.6088,103.6881027,Daerah: Johor<br>No:321<br>Hex coord:(90;20),n/a,0,0,0,0,0,0,1,2023-05-31T19:46:02.4459066Z,0
2.60102,103.7016372,Daerah: Johor<br>No:322<br>Hex coord:(91;20),n/a,0,0,0,0,0,0,1,2023-05-31T19:46:03.1548325Z,0
2.6088,103.7151717,Daerah: Johor<br>No:323<br>Hex coord:(92;20),n/a,0,0,0,0,0,0,1,2023-05-31T19:46:03.8288882Z,0
2.60102,103.7287062,Daerah: Johor<br>No:324<br>Hex coord:(93;20),n/a,0,0,0,0,0,0,1,2023-05-31T19:46:04.5147979Z,0
2.6088,103.7422406,Daerah: Johor<br>No:325<br>Hex coord:(94;20),n/a,0,0,0,0,0,0,1,2023-05-31T19:46:05.1987020Z,0
2.60102,103.7557751,Daerah: Johor<br>No:326<br>Hex coord:(95;20),n/a,0,0,0,0,0,0,1,2023-05-31T19:46:05.8631103Z,0
2.6088,103.7693096,Daerah: Johor<br>No:327<br>Hex coord:(96;20),n/a,0,0,0,0,0,0,1,2023-05-31T19:46:06.5155520Z,0
2.60102,103.7828441,Daerah: Johor<br>No:328<br>Hex coord:(97;20),n/a,0,0,0,0,0,0,1,2023-05-31T19:46:07.1680857Z,0
2.58546,102.6459482,Daerah: Johor<br>No:329<br>Hex coord:(13;21),n/a,0,0,0,0,0,0,1,2023-05-31T19:46:07.8245843Z,1
2.59324,102.6594826,Daerah: Johor<br>No:330<br>Hex coord:(14;21),n/a,0,0,0,0,0,0,1,2023-05-31T19:46:08.4897200Z,0
2.58546,102.6730171,Daerah: Johor<br>No:331<br>Hex coord:(15;21),n/a,0,0,0,0,0,0,1,2023-05-31T19:46:09.1399101Z,0
2.59324,102.6865516,Daerah: Johor<br>No:332<br>Hex coord:(16;21),n/a,0,0,0,0,0,0,1,2023-05-31T19:46:09.7968851Z,0
2.58546,102.7000861,Daerah: Johor<br>No:333<br>Hex coord:(17;21),n/a,0,0,0,0,0,0,1,2023-05-31T19:46:10.4544972Z,0
2.59324,102.7136205,Daerah: Johor<br>No:334<br>Hex coord:(18;21),n/a,0,0,0,0,0,0,1,2023-05-31T19:46:11.1171685Z,0
2.58546,102.727155,Daerah: Johor<br>No:335<br>Hex coord:(19;21),n/a,0,0,0,0,0,0,1,2023-05-31T19:46:11.7853749Z,0
2.59324,102.7406895,Daerah: Johor<br>No:336<br>Hex coord:(20;21),n/a,0,0,0,0,0,0,1,2023-05-31T19:46:12.4452716Z,0
2.58546,102.754224,Daerah: Johor<br>No:337<br>Hex coord:(21;21),n/a,0,0,0,0,0,0,1,2023-05-31T19:46:13.1244094Z,0
2.59324,102.7677584,Daerah: Johor<br>No:338<br>Hex coord:(22;21),n/a,0,0,0,0,0,0,1,2023-05-31T19:46:13.7763396Z,0
2.58546,102.7812929,Daerah: Johor<br>No:339<br>Hex coord:(23;21),n/a,0,0,0,0,0,0,1,2023-05-31T19:46:14.4579581Z,0
2.59324,102.7948274,Daerah: Johor<br>No:340<br>Hex coord:(24;21),n/a,0,0,0,0,0,0,1,2023-05-31T19:46:15.1166095Z,0
2.58546,102.8083619,Daerah: Johor<br>No:341<br>Hex coord:(25;21),n/a,0,0,0,0,0,0,1,2023-05-31T19:46:15.7689501Z,0
2.59324,102.8218963,Daerah: Johor<br>No:342<br>Hex coord:(26;21),n/a,0,0,0,0,0,0,1,2023-05-31T19:46:16.4239560Z,0
2.58546,102.8354308,Daerah: Johor<br>No:343<br>Hex coord:(27;21),n/a,0,0,0,0,0,0,1,2023-05-31T19:46:17.0814355Z,0
2.59324,102.8489653,Daerah: Johor<br>No:344<br>Hex coord:(28;21),n/a,0,0,0,0,0,0,1,2023-05-31T19:46:17.7452998Z,0
2.58546,102.8624998,Daerah: Johor<br>No:345<br>Hex coord:(29;21),n/a,0,0,0,0,0,0,1,2023-05-31T19:46:18.4084128Z,0
2.59324,102.8760342,Daerah: Johor<br>No:346<br>Hex coord:(30;21),n/a,0,0,0,0,0,0,1,2023-05-31T19:46:19.1252511Z,0
2.58546,102.8895687,Daerah: Johor<br>No:347<br>Hex coord:(31;21),n/a,0,0,0,0,0,0,1,2023-05-31T19:46:19.7843035Z,0
2.59324,102.9031032,Daerah: Johor<br>No:348<br>Hex coord:(32;21),n/a,0,0,0,0,0,0,1,2023-05-31T19:46:20.4460917Z,0
2.58546,102.9166377,Daerah: Johor<br>No:349<br>Hex coord:(33;21),n/a,0,0,0,0,0,0,1,2023-05-31T19:46:21.1003702Z,0
2.59324,102.9301721,Daerah: Johor<br>No:350<br>Hex coord:(34;21),n/a,0,0,0,0,0,0,1,2023-05-31T19:46:21.7595407Z,0
2.58546,102.9437066,Daerah: Johor<br>No:351<br>Hex coord:(35;21),n/a,0,0,0,0,0,0,1,2023-05-31T19:46:22.4194665Z,0
2.59324,102.9572411,Daerah: Johor<br>No:352<br>Hex coord:(36;21),n/a,0,0,0,0,0,0,1,2023-05-31T19:46:23.0712042Z,0
2.58546,102.9707756,Daerah: Johor<br>No:353<br>Hex coord:(37;21),n/a,0,0,0,0,0,0,1,2023-05-31T19:46:23.7382966Z,0
2.58546,103.3497409,Daerah: Johor<br>No:354<br>Hex coord:(65;21),n/a,0,0,0,0,0,0,1,2023-05-31T19:46:24.3917302Z,0
2.58546,103.6204304,Daerah: Johor<br>No:355<br>Hex coord:(85;21),n/a,0,0,0,0,0,0,1,2023-05-31T19:46:25.0612652Z,0
2.59324,103.6339648,Daerah: Johor<br>No:356<br>Hex coord:(86;21),n/a,0,0,0,0,0,0,1,2023-05-31T19:46:25.7241049Z,0
2.58546,103.6474993,Daerah: Johor<br>No:357<br>Hex coord:(87;21),n/a,0,0,0,0,0,0,1,2023-05-31T19:46:26.3765743Z,0
2.59324,103.6610338,Daerah: Johor<br>No:358<br>Hex coord:(88;21),n/a,0,0,0,0,0,0,1,2023-05-31T19:47:03.0681418Z,0
2.58546,103.6745683,Daerah: Johor<br>No:359<br>Hex coord:(89;21),n/a,0,0,0,0,0,0,1,2023-05-31T19:47:03.7546533Z,0
2.59324,103.6881027,Daerah: Johor<br>No:360<br>Hex coord:(90;21),n/a,0,0,0,0,0,0,1,2023-05-31T19:47:04.4173535Z,0
2.58546,103.7016372,Daerah: Johor<br>No:361<br>Hex coord:(91;21),n/a,0,0,0,0,0,0,1,2023-05-31T19:47:05.0925151Z,0
2.59324,103.7151717,Daerah: Johor<br>No:362<br>Hex coord:(92;21),n/a,0,0,0,0,0,0,1,2023-05-31T19:47:05.7454926Z,0
2.58546,103.7287062,Daerah: Johor<br>No:363<br>Hex coord:(93;21),n/a,0,0,0,0,0,0,1,2023-05-31T19:47:06.3975865Z,0
2.59324,103.7422406,Daerah: Johor<br>No:364<br>Hex coord:(94;21),n/a,0,0,0,0,0,0,1,2023-05-31T19:47:07.0431652Z,0
2.58546,103.7557751,Daerah: Johor<br>No:365<br>Hex coord:(95;21),n/a,0,0,0,0,0,0,1,2023-05-31T19:47:07.7045992Z,0
2.59324,103.7693096,Daerah: Johor<br>No:366<br>Hex coord:(96;21),n/a,0,0,0,0,0,0,1,2023-05-31T19:47:08.3513279Z,0
2.58546,103.7828441,Daerah: Johor<br>No:367<br>Hex coord:(97;21),n/a,0,0,0,0,0,0,1,2023-05-31T19:47:09.0047490Z,0
2.58546,104.3242231,Daerah: Johor<br>No:368<br>Hex coord:(137;21),n/a,0,0,0,0,0,0,1,2023-05-31T19:47:09.6601330Z,0
2.57768,102.6324137,Daerah: Johor<br>No:369<br>Hex coord:(12;22),n/a,0,0,0,0,0,0,1,2023-05-31T19:47:10.3145314Z,0
2.5699,102.6459482,Daerah: Johor<br>No:370<br>Hex coord:(13;22),n/a,0,0,0,0,0,0,1,2023-05-31T19:47:10.9698477Z,0
2.57768,102.6594826,Daerah: Johor<br>No:371<br>Hex coord:(14;22),n/a,0,0,0,0,0,0,1,2023-05-31T19:47:11.6309862Z,0
2.5699,102.6730171,Daerah: Johor<br>No:372<br>Hex coord:(15;22),n/a,0,0,0,0,0,0,1,2023-05-31T19:47:12.2845858Z,0
2.57768,102.6865516,Daerah: Johor<br>No:373<br>Hex coord:(16;22),n/a,0,0,0,0,0,0,1,2023-05-31T19:47:12.9378767Z,0
2.5699,102.7000861,Daerah: Johor<br>No:374<br>Hex coord:(17;22),n/a,0,0,0,0,0,0,1,2023-05-31T19:47:13.5898460Z,0
2.57768,102.7136205,Daerah: Johor<br>No:375<br>Hex coord:(18;22),n/a,0,0,0,0,0,0,1,2023-05-31T19:47:14.2516598Z,0
2.5699,102.727155,Daerah: Johor<br>No:376<br>Hex coord:(19;22),n/a,0,0,0,0,0,0,1,2023-05-31T19:47:14.9094439Z,0
2.57768,102.7406895,Daerah: Johor<br>No:377<br>Hex coord:(20;22),n/a,0,0,0,0,0,0,1,2023-05-31T19:47:15.5868727Z,0
2.5699,102.754224,Daerah: Johor<br>No:378<br>Hex coord:(21;22),n/a,0,0,0,0,0,0,1,2023-05-31T19:47:16.2476455Z,0
2.57768,102.7677584,Daerah: Johor<br>No:379<br>Hex coord:(22;22),n/a,0,0,0,0,0,0,1,2023-05-31T19:47:16.9066391Z,0
2.5699,102.7812929,Daerah: Johor<br>No:380<br>Hex coord:(23;22),n/a,0,0,0,0,0,0,1,2023-05-31T19:47:17.5706665Z,0
2.57768,102.7948274,Daerah: Johor<br>No:381<br>Hex coord:(24;22),n/a,0,0,0,0,0,0,1,2023-05-31T19:47:18.2197891Z,0
2.5699,102.8083619,Daerah: Johor<br>No:382<br>Hex coord:(25;22),n/a,0,0,0,0,0,0,1,2023-05-31T19:47:18.8809783Z,1
2.57768,102.8218963,Daerah: Johor<br>No:383<br>Hex coord:(26;22),n/a,0,0,0,0,0,0,1,2023-05-31T19:47:19.5329359Z,0
2.5699,102.8354308,Daerah: Johor<br>No:384<br>Hex coord:(27;22),n/a,0,0,0,0,0,0,1,2023-05-31T19:47:20.1919043Z,0
2.57768,102.8489653,Daerah: Johor<br>No:385<br>Hex coord:(28;22),n/a,0,0,0,0,0,0,1,2023-05-31T19:47:20.8555108Z,0
2.5699,102.8624998,Daerah: Johor<br>No:386<br>Hex coord:(29;22),n/a,0,0,0,0,0,0,1,2023-05-31T19:47:21.5260458Z,0
2.57768,102.8760342,Daerah: Johor<br>No:387<br>Hex coord:(30;22),n/a,0,0,0,0,0,0,1,2023-05-31T19:47:22.1793043Z,0
2.5699,102.8895687,Daerah: Johor<br>No:388<br>Hex coord:(31;22),n/a,0,0,0,0,0,0,1,2023-05-31T19:47:22.8388992Z,0
2.57768,102.9031032,Daerah: Johor<br>No:389<br>Hex coord:(32;22),n/a,0,0,0,0,0,0,1,2023-05-31T19:47:23.4995284Z,0
2.5699,102.9166377,Daerah: Johor<br>No:390<br>Hex coord:(33;22),n/a,0,0,0,0,0,0,1,2023-05-31T19:47:24.1513492Z,0
2.57768,102.9301721,Daerah: Johor<br>No:391<br>Hex coord:(34;22),n/a,0,0,0,0,0,0,1,2023-05-31T19:47:24.8179207Z,0
2.5699,102.9437066,Daerah: Johor<br>No:392<br>Hex coord:(35;22),n/a,0,0,0,0,0,0,1,2023-05-31T19:47:25.4747065Z,0
2.57768,102.9572411,Daerah: Johor<br>No:393<br>Hex coord:(36;22),n/a,0,0,0,0,0,0,1,2023-05-31T19:47:26.1231433Z,0
2.5699,102.9707756,Daerah: Johor<br>No:394<br>Hex coord:(37;22),n/a,0,0,0,0,0,0,1,2023-05-31T19:47:26.7746525Z,0
2.57768,102.98431,Daerah: Johor<br>No:395<br>Hex coord:(38;22),n/a,0,0,0,0,0,0,1,2023-05-31T19:48:03.4579523Z,0
2.5699,102.9978445,Daerah: Johor<br>No:396<br>Hex coord:(39;22),n/a,0,0,0,0,0,0,1,2023-05-31T19:48:04.1407068Z,0
2.57768,103.011379,Daerah: Johor<br>No:397<br>Hex coord:(40;22),n/a,0,0,0,0,0,0,1,2023-05-31T19:48:04.7839718Z,0
2.5699,103.0249135,Daerah: Johor<br>No:398<br>Hex coord:(41;22),n/a,0,0,0,0,0,0,1,2023-05-31T19:48:05.4358404Z,0
2.5699,103.295603,Daerah: Johor<br>No:399<br>Hex coord:(61;22),n/a,0,0,0,0,0,0,1,2023-05-31T19:48:06.0881587Z,0
2.57768,103.3091374,Daerah: Johor<br>No:400<br>Hex coord:(62;22),n/a,0,0,0,0,0,0,1,2023-05-31T19:48:06.7454919Z,0
2.5699,103.3226719,Daerah: Johor<br>No:401<br>Hex coord:(63;22),n/a,0,0,0,0,0,0,1,2023-05-31T19:48:07.4207147Z,0
2.57768,103.3362064,Daerah: Johor<br>No:402<br>Hex coord:(64;22),n/a,0,0,0,0,0,0,1,2023-05-31T19:48:08.0785402Z,0
2.5699,103.3497409,Daerah: Johor<br>No:403<br>Hex coord:(65;22),n/a,0,0,0,0,0,0,1,2023-05-31T19:48:08.7278963Z,0
2.57768,103.3632753,Daerah: Johor<br>No:404<br>Hex coord:(66;22),n/a,0,0,0,0,0,0,1,2023-05-31T19:48:09.3810191Z,0
2.5699,103.3768098,Daerah: Johor<br>No:405<br>Hex coord:(67;22),n/a,0,0,0,0,0,0,1,2023-05-31T19:48:10.0362310Z,0
2.57768,103.6068959,Daerah: Johor<br>No:406<br>Hex coord:(84;22),n/a,0,0,0,0,0,0,1,2023-05-31T19:48:10.7033241Z,0
2.5699,103.6204304,Daerah: Johor<br>No:407<br>Hex coord:(85;22),n/a,0,0,0,0,0,0,1,2023-05-31T19:48:11.3624727Z,0
2.57768,103.6339648,Daerah: Johor<br>No:408<br>Hex coord:(86;22),n/a,0,0,0,0,0,0,1,2023-05-31T19:48:12.0254280Z,0
2.5699,103.6474993,Daerah: Johor<br>No:409<br>Hex coord:(87;22),n/a,0,0,0,0,0,0,1,2023-05-31T19:48:12.6800631Z,0
2.57768,103.6610338,Daerah: Johor<br>No:410<br>Hex coord:(88;22),n/a,0,0,0,0,0,0,1,2023-05-31T19:48:13.3331200Z,0
2.5699,103.6745683,Daerah: Johor<br>No:411<br>Hex coord:(89;22),n/a,0,0,0,0,0,0,1,2023-05-31T19:48:13.9849760Z,0
2.57768,103.6881027,Daerah: Johor<br>No:412<br>Hex coord:(90;22),n/a,0,0,0,0,0,0,1,2023-05-31T19:48:14.6404980Z,0
2.5699,103.7016372,Daerah: Johor<br>No:413<br>Hex coord:(91;22),n/a,0,0,0,0,0,0,1,2023-05-31T19:48:15.2979202Z,0
2.57768,103.7151717,Daerah: Johor<br>No:414<br>Hex coord:(92;22),n/a,0,0,0,0,0,0,1,2023-05-31T19:48:15.9512292Z,0
2.5699,103.7287062,Daerah: Johor<br>No:415<br>Hex coord:(93;22),n/a,0,0,0,0,0,0,1,2023-05-31T19:48:16.6038328Z,0
2.57768,103.7422406,Daerah: Johor<br>No:416<br>Hex coord:(94;22),n/a,0,0,0,0,0,0,1,2023-05-31T19:48:17.2581659Z,0
2.5699,103.7557751,Daerah: Johor<br>No:417<br>Hex coord:(95;22),n/a,0,0,0,0,0,0,1,2023-05-31T19:48:17.9147038Z,0
2.57768,103.7693096,Daerah: Johor<br>No:418<br>Hex coord:(96;22),n/a,0,0,0,0,0,0,1,2023-05-31T19:48:18.5797020Z,0
2.5699,103.7828441,Daerah: Johor<br>No:419<br>Hex coord:(97;22),n/a,0,0,0,0,0,0,1,2023-05-31T19:48:19.2536637Z,0
2.57768,103.7963785,Daerah: Johor<br>No:420<br>Hex coord:(98;22),n/a,0,0,0,0,0,0,1,2023-05-31T19:48:19.9139913Z,0
2.5699,103.809913,Daerah: Johor<br>No:421<br>Hex coord:(99;22),n/a,0,0,0,0,0,0,1,2023-05-31T19:48:20.5704261Z,0
2.57768,104.3377575,Daerah: Johor<br>No:422<br>Hex coord:(138;22),n/a,0,0,0,0,0,0,1,2023-05-31T19:48:21.2245595Z,0
2.55434,102.6188792,Daerah: Johor<br>No:423<br>Hex coord:(11;23),n/a,0,0,0,0,0,0,1,2023-05-31T19:48:21.8753882Z,0
2.56212,102.6324137,Daerah: Johor<br>No:424<br>Hex coord:(12;23),n/a,0,0,0,0,0,0,1,2023-05-31T19:48:22.5383006Z,0
2.55434,102.6459482,Daerah: Johor<br>No:425<br>Hex coord:(13;23),n/a,0,0,0,0,0,0,1,2023-05-31T19:48:23.1904791Z,0
2.56212,102.6594826,Daerah: Johor<br>No:426<br>Hex coord:(14;23),n/a,0,0,0,0,0,0,1,2023-05-31T19:48:23.8395086Z,0
2.55434,102.6730171,Daerah: Johor<br>No:427<br>Hex coord:(15;23),n/a,0,0,0,0,0,0,1,2023-05-31T19:48:24.5011099Z,0
2.56212,102.6865516,Daerah: Johor<br>No:428<br>Hex coord:(16;23),n/a,0,0,0,0,0,0,1,2023-05-31T19:48:25.1493427Z,0
2.55434,102.7000861,Daerah: Johor<br>No:429<br>Hex coord:(17;23),n/a,0,0,0,0,0,0,1,2023-05-31T19:48:25.8084552Z,0
2.56212,102.7136205,Daerah: Johor<br>No:430<br>Hex coord:(18;23),n/a,0,0,0,0,0,0,1,2023-05-31T19:48:28.1869473Z,0
2.55434,102.727155,Daerah: Johor<br>No:431<br>Hex coord:(19;23),n/a,0,0,0,0,0,0,1,2023-05-31T19:48:28.8512144Z,0
2.56212,102.7406895,Daerah: Johor<br>No:432<br>Hex coord:(20;23),n/a,0,0,0,0,0,0,1,2023-05-31T19:48:29.5025587Z,0
2.55434,102.754224,Daerah: Johor<br>No:433<br>Hex coord:(21;23),n/a,0,0,0,0,0,0,1,2023-05-31T19:48:30.1574489Z,0
2.56212,102.7677584,Daerah: Johor<br>No:434<br>Hex coord:(22;23),n/a,0,0,0,0,0,0,1,2023-05-31T19:48:30.8124255Z,0
2.55434,102.7812929,Daerah: Johor<br>No:435<br>Hex coord:(23;23),n/a,1,0,0,0,0,0,1,2023-05-31T19:48:31.4702498Z,0
2.56212,102.7948274,Daerah: Johor<br>No:436<br>Hex coord:(24;23),n/a,0,0,0,0,0,0,1,2023-05-31T19:48:32.1340951Z,0
2.55434,102.8083619,Daerah: Johor<br>No:437<br>Hex coord:(25;23),n/a,0,0,0,0,0,0,1,2023-05-31T19:48:32.7880909Z,0
2.56212,102.8218963,Daerah: Johor<br>No:438<br>Hex coord:(26;23),n/a,0,0,0,0,0,0,1,2023-05-31T19:48:33.4423507Z,0
2.55434,102.8354308,Daerah: Johor<br>No:439<br>Hex coord:(27;23),n/a,0,0,0,0,0,0,1,2023-05-31T19:48:34.1005132Z,0
2.56212,102.8489653,Daerah: Johor<br>No:440<br>Hex coord:(28;23),n/a,0,0,0,0,0,0,1,2023-05-31T19:48:34.7568411Z,0
2.55434,102.8624998,Daerah: Johor<br>No:441<br>Hex coord:(29;23),n/a,0,0,0,0,0,0,1,2023-05-31T19:48:35.4193453Z,0
2.56212,102.8760342,Daerah: Johor<br>No:442<br>Hex coord:(30;23),n/a,0,0,0,0,0,0,1,2023-05-31T19:48:36.0744664Z,0
2.55434,102.8895687,Daerah: Johor<br>No:443<br>Hex coord:(31;23),n/a,0,0,0,0,0,0,1,2023-05-31T19:48:36.7322490Z,0
2.56212,102.9031032,Daerah: Johor<br>No:444<br>Hex coord:(32;23),n/a,0,0,0,0,0,0,1,2023-05-31T19:48:37.3917289Z,0
2.55434,102.9166377,Daerah: Johor<br>No:445<br>Hex coord:(33;23),n/a,0,0,0,0,0,0,1,2023-05-31T19:48:38.0508775Z,0
2.56212,102.9301721,Daerah: Johor<br>No:446<br>Hex coord:(34;23),n/a,0,0,0,0,0,0,1,2023-05-31T19:48:38.7054522Z,0
2.55434,102.9437066,Daerah: Johor<br>No:447<br>Hex coord:(35;23),n/a,0,0,0,0,0,0,1,2023-05-31T19:48:39.3592947Z,0
2.56212,102.9572411,Daerah: Johor<br>No:448<br>Hex coord:(36;23),n/a,0,0,0,0,0,0,1,2023-05-31T19:48:40.0207341Z,0
2.55434,102.9707756,Daerah: Johor<br>No:449<br>Hex coord:(37;23),n/a,0,0,0,0,0,0,1,2023-05-31T19:48:40.6777260Z,0
2.56212,102.98431,Daerah: Johor<br>No:450<br>Hex coord:(38;23),n/a,0,0,0,0,0,0,1,2023-05-31T19:48:41.3428381Z,0
2.55434,102.9978445,Daerah: Johor<br>No:451<br>Hex coord:(39;23),n/a,0,0,0,0,0,0,1,2023-05-31T19:48:42.0030454Z,0
2.56212,103.011379,Daerah: Johor<br>No:452<br>Hex coord:(40;23),n/a,0,0,0,0,0,0,1,2023-05-31T19:48:42.6542948Z,0
2.55434,103.0249135,Daerah: Johor<br>No:453<br>Hex coord:(41;23),n/a,0,0,0,0,0,0,1,2023-05-31T19:48:43.3128917Z,0
2.56212,103.0384479,Daerah: Johor<br>No:454<br>Hex coord:(42;23),n/a,0,0,0,0,0,0,1,2023-05-31T19:48:43.9598465Z,0
2.55434,103.0519824,Daerah: Johor<br>No:455<br>Hex coord:(43;23),n/a,0,0,0,0,0,0,1,2023-05-31T19:48:44.6121679Z,0
2.55434,103.2414651,Daerah: Johor<br>No:456<br>Hex coord:(57;23),n/a,0,0,0,0,0,0,1,2023-05-31T19:48:45.2728209Z,0
2.56212,103.2549995,Daerah: Johor<br>No:457<br>Hex coord:(58;23),n/a,0,0,0,0,0,0,1,2023-05-31T19:48:45.9220561Z,0
2.55434,103.268534,Daerah: Johor<br>No:458<br>Hex coord:(59;23),n/a,0,0,0,0,0,0,1,2023-05-31T19:48:46.5740206Z,0
2.56212,103.2820685,Daerah: Johor<br>No:459<br>Hex coord:(60;23),n/a,0,0,0,0,0,0,1,2023-05-31T19:48:47.2260873Z,0
2.55434,103.295603,Daerah: Johor<br>No:460<br>Hex coord:(61;23),n/a,0,0,0,0,0,0,1,2023-05-31T19:48:47.8849780Z,0
2.56212,103.3091374,Daerah: Johor<br>No:461<br>Hex coord:(62;23),n/a,0,0,0,0,0,0,1,2023-05-31T19:48:48.5402939Z,0
2.55434,103.3226719,Daerah: Johor<br>No:462<br>Hex coord:(63;23),n/a,0,0,0,0,0,0,1,2023-05-31T19:48:49.2205735Z,0
2.56212,103.3362064,Daerah: Johor<br>No:463<br>Hex coord:(64;23),n/a,0,0,0,0,0,0,1,2023-05-31T19:48:49.8782433Z,0
2.55434,103.3497409,Daerah: Johor<br>No:464<br>Hex coord:(65;23),n/a,0,0,0,0,0,0,1,2023-05-31T19:48:50.5309802Z,0
2.56212,103.3632753,Daerah: Johor<br>No:465<br>Hex coord:(66;23),n/a,0,0,0,0,0,0,1,2023-05-31T19:48:51.1842677Z,0
2.55434,103.3768098,Daerah: Johor<br>No:466<br>Hex coord:(67;23),n/a,0,0,0,0,0,0,1,2023-05-31T19:48:51.8346839Z,0
2.56212,103.3903443,Daerah: Johor<br>No:467<br>Hex coord:(68;23),n/a,0,0,0,0,0,0,1,2023-05-31T19:48:52.4995184Z,0
2.55434,103.4038788,Daerah: Johor<br>No:468<br>Hex coord:(69;23),n/a,0,0,0,0,0,0,1,2023-05-31T19:48:53.1597436Z,0
2.55434,103.4309477,Daerah: Johor<br>No:469<br>Hex coord:(71;23),n/a,0,0,0,0,0,0,1,2023-05-31T19:48:53.8114273Z,0
2.56212,103.6068959,Daerah: Johor<br>No:470<br>Hex coord:(84;23),n/a,0,0,0,0,0,0,1,2023-05-31T19:48:54.4655504Z,0
2.55434,103.6204304,Daerah: Johor<br>No:471<br>Hex coord:(85;23),n/a,0,0,0,0,0,0,1,2023-05-31T19:48:55.1456560Z,0
2.56212,103.6339648,Daerah: Johor<br>No:472<br>Hex coord:(86;23),n/a,0,0,0,0,0,0,1,2023-05-31T19:48:55.8165317Z,0
2.55434,103.6474993,Daerah: Johor<br>No:473<br>Hex coord:(87;23),n/a,0,0,0,0,0,0,1,2023-05-31T19:48:56.5302457Z,0
2.56212,103.6610338,Daerah: Johor<br>No:474<br>Hex coord:(88;23),n/a,0,0,0,0,0,0,1,2023-05-31T19:48:57.1856775Z,0
2.55434,103.6745683,Daerah: Johor<br>No:475<br>Hex coord:(89;23),n/a,0,0,0,0,0,0,1,2023-05-31T19:48:57.8397632Z,0
2.56212,103.6881027,Daerah: Johor<br>No:476<br>Hex coord:(90;23),n/a,0,0,0,0,0,0,1,2023-05-31T19:48:58.4918323Z,0
2.55434,103.7016372,Daerah: Johor<br>No:477<br>Hex coord:(91;23),n/a,0,0,0,0,0,0,1,2023-05-31T19:48:59.1575708Z,0
2.56212,103.7151717,Daerah: Johor<br>No:478<br>Hex coord:(92;23),n/a,0,0,0,0,0,0,1,2023-05-31T19:48:59.8207629Z,0
2.55434,103.7287062,Daerah: Johor<br>No:479<br>Hex coord:(93;23),n/a,0,0,0,0,0,0,1,2023-05-31T19:49:00.4909272Z,0
2.56212,103.7422406,Daerah: Johor<br>No:480<br>Hex coord:(94;23),n/a,0,0,0,0,0,0,1,2023-05-31T19:49:01.1425913Z,0
2.55434,103.7557751,Daerah: Johor<br>No:481<br>Hex coord:(95;23),n/a,0,0,0,0,0,0,1,2023-05-31T19:49:01.7885199Z,0
2.56212,103.7693096,Daerah: Johor<br>No:482<br>Hex coord:(96;23),n/a,0,0,0,0,0,0,1,2023-05-31T19:49:02.4999724Z,0
2.55434,103.7828441,Daerah: Johor<br>No:483<br>Hex coord:(97;23),n/a,0,0,0,0,0,0,1,2023-05-31T19:49:03.1610547Z,0
2.56212,103.7963785,Daerah: Johor<br>No:484<br>Hex coord:(98;23),n/a,0,0,0,0,0,0,1,2023-05-31T19:49:03.8223510Z,0
2.55434,103.809913,Daerah: Johor<br>No:485<br>Hex coord:(99;23),n/a,0,0,0,0,0,0,1,2023-05-31T19:49:04.4685043Z,0
2.56212,104.3377575,Daerah: Johor<br>No:486<br>Hex coord:(138;23),n/a,0,0,0,0,0,0,1,2023-05-31T19:49:05.1287815Z,0
2.53878,102.6188792,Daerah: Johor<br>No:487<br>Hex coord:(11;24),n/a,0,0,0,0,0,0,1,2023-05-31T19:49:05.7874805Z,0
2.54656,102.6324137,Daerah: Johor<br>No:488<br>Hex coord:(12;24),n/a,0,0,0,0,0,0,1,2023-05-31T19:49:06.4358217Z,0
2.53878,102.6459482,Daerah: Johor<br>No:489<br>Hex coord:(13;24),n/a,0,0,0,0,0,0,1,2023-05-31T19:49:07.1006323Z,0
2.54656,102.6594826,Daerah: Johor<br>No:490<br>Hex coord:(14;24),n/a,0,0,0,0,0,0,1,2023-05-31T19:49:07.7564114Z,0
2.53878,102.6730171,Daerah: Johor<br>No:491<br>Hex coord:(15;24),n/a,0,0,0,0,0,0,1,2023-05-31T19:49:08.4042112Z,0
2.54656,102.6865516,Daerah: Johor<br>No:492<br>Hex coord:(16;24),n/a,0,0,0,0,0,0,1,2023-05-31T19:49:09.0692025Z,0
2.53878,102.7000861,Daerah: Johor<br>No:493<br>Hex coord:(17;24),n/a,0,0,0,0,0,0,1,2023-05-31T19:49:09.7232286Z,0
2.54656,102.7136205,Daerah: Johor<br>No:494<br>Hex coord:(18;24),n/a,0,0,0,0,0,0,1,2023-05-31T19:49:10.3737360Z,0
2.53878,102.727155,Daerah: Johor<br>No:495<br>Hex coord:(19;24),n/a,0,0,0,0,0,0,1,2023-05-31T19:49:11.0301075Z,0
2.54656,102.7406895,Daerah: Johor<br>No:496<br>Hex coord:(20;24),n/a,0,0,0,0,0,0,1,2023-05-31T19:49:11.6887683Z,0
2.53878,102.754224,Daerah: Johor<br>No:497<br>Hex coord:(21;24),n/a,0,0,0,0,0,0,1,2023-05-31T19:49:12.3441834Z,0
2.54656,102.7677584,Daerah: Johor<br>No:498<br>Hex coord:(22;24),n/a,0,0,0,0,0,0,1,2023-05-31T19:49:13.0175006Z,0
2.53878,102.7812929,Daerah: Johor<br>No:499<br>Hex coord:(23;24),n/a,0,0,0,0,0,0,1,2023-05-31T19:49:13.6738701Z,0
2.54656,102.7948274,Daerah: Johor<br>No:500<br>Hex coord:(24;24),n/a,0,0,0,0,0,0,1,2023-05-31T19:49:14.3434473Z,0
2.53878,102.8083619,Daerah: Johor<br>No:501<br>Hex coord:(25;24),n/a,0,0,0,0,0,0,1,2023-05-31T19:49:15.0206648Z,0
2.54656,102.8218963,Daerah: Johor<br>No:502<br>Hex coord:(26;24),n/a,0,0,0,0,0,0,1,2023-05-31T19:49:15.6912158Z,0
2.53878,102.8354308,Daerah: Johor<br>No:503<br>Hex coord:(27;24),n/a,0,0,0,0,0,0,1,2023-05-31T19:49:16.3559398Z,0
2.54656,102.8489653,Daerah: Johor<br>No:504<br>Hex coord:(28;24),n/a,0,0,0,0,0,0,1,2023-05-31T19:49:17.0117014Z,0
2.53878,102.8624998,Daerah: Johor<br>No:505<br>Hex coord:(29;24),n/a,0,0,0,0,0,0,1,2023-05-31T19:49:17.6675644Z,0
2.54656,102.8760342,Daerah: Johor<br>No:506<br>Hex coord:(30;24),n/a,0,0,0,0,0,0,1,2023-05-31T19:49:18.3287532Z,0
2.53878,102.8895687,Daerah: Johor<br>No:507<br>Hex coord:(31;24),n/a,0,0,0,0,0,0,1,2023-05-31T19:49:18.9919839Z,0
2.54656,102.9031032,Daerah: Johor<br>No:508<br>Hex coord:(32;24),n/a,0,0,0,0,0,0,1,2023-05-31T19:49:19.6567797Z,0
2.53878,102.9166377,Daerah: Johor<br>No:509<br>Hex coord:(33;24),n/a,0,0,0,0,0,0,1,2023-05-31T19:49:20.3106091Z,0
2.54656,102.9301721,Daerah: Johor<br>No:510<br>Hex coord:(34;24),n/a,0,0,0,0,0,0,1,2023-05-31T19:49:21.0486023Z,0
2.53878,102.9437066,Daerah: Johor<br>No:511<br>Hex coord:(35;24),n/a,0,0,0,0,0,0,1,2023-05-31T19:49:21.8037464Z,0
2.54656,102.9572411,Daerah: Johor<br>No:512<br>Hex coord:(36;24),n/a,0,0,0,0,0,0,1,2023-05-31T19:49:22.4581143Z,0
2.53878,102.9707756,Daerah: Johor<br>No:513<br>Hex coord:(37;24),n/a,0,0,0,0,0,0,1,2023-05-31T19:49:23.1130549Z,0
2.54656,102.98431,Daerah: Johor<br>No:514<br>Hex coord:(38;24),n/a,0,0,0,0,0,0,1,2023-05-31T19:49:23.7614531Z,0
2.53878,102.9978445,Daerah: Johor<br>No:515<br>Hex coord:(39;24),n/a,0,0,0,0,0,0,1,2023-05-31T19:49:24.4253434Z,0
2.54656,103.011379,Daerah: Johor<br>No:516<br>Hex coord:(40;24),n/a,0,0,0,0,0,0,1,2023-05-31T19:49:25.0828693Z,0
2.53878,103.0249135,Daerah: Johor<br>No:517<br>Hex coord:(41;24),n/a,0,0,0,0,0,0,1,2023-05-31T19:49:25.7390540Z,0
2.54656,103.0384479,Daerah: Johor<br>No:518<br>Hex coord:(42;24),n/a,0,0,0,0,0,0,1,2023-05-31T19:49:26.3885541Z,0
2.53878,103.0519824,Daerah: Johor<br>No:519<br>Hex coord:(43;24),n/a,0,0,0,0,0,0,1,2023-05-31T19:49:27.0476167Z,0
2.54656,103.0655169,Daerah: Johor<br>No:520<br>Hex coord:(44;24),n/a,0,0,0,0,0,0,1,2023-05-31T19:49:27.7029644Z,0
2.53878,103.0790514,Daerah: Johor<br>No:521<br>Hex coord:(45;24),n/a,0,0,0,0,0,0,1,2023-05-31T19:49:28.4060631Z,0
2.54656,103.0925858,Daerah: Johor<br>No:522<br>Hex coord:(46;24),n/a,0,0,0,0,0,0,1,2023-05-31T19:49:29.0682803Z,0
2.53878,103.1061203,Daerah: Johor<br>No:523<br>Hex coord:(47;24),n/a,0,0,0,0,0,0,1,2023-05-31T19:49:29.7379730Z,0
2.53878,103.2143961,Daerah: Johor<br>No:524<br>Hex coord:(55;24),n/a,0,0,0,0,0,0,1,2023-05-31T19:49:30.4029853Z,0
2.54656,103.2279306,Daerah: Johor<br>No:525<br>Hex coord:(56;24),n/a,0,0,0,0,0,0,1,2023-05-31T19:49:31.0630391Z,0
2.53878,103.2414651,Daerah: Johor<br>No:526<br>Hex coord:(57;24),n/a,0,0,0,0,0,0,1,2023-05-31T19:49:31.7208617Z,0
2.54656,103.2549995,Daerah: Johor<br>No:527<br>Hex coord:(58;24),n/a,0,0,0,0,0,0,1,2023-05-31T19:49:32.3762015Z,0
2.53878,103.268534,Daerah: Johor<br>No:528<br>Hex coord:(59;24),n/a,0,0,0,0,0,0,1,2023-05-31T19:49:33.0302542Z,0
2.54656,103.2820685,Daerah: Johor<br>No:529<br>Hex coord:(60;24),n/a,0,0,0,0,0,0,1,2023-05-31T19:49:33.6873905Z,0
2.53878,103.295603,Daerah: Johor<br>No:530<br>Hex coord:(61;24),n/a,0,0,0,0,0,0,1,2023-05-31T19:49:34.3480354Z,0
2.54656,103.3091374,Daerah: Johor<br>No:531<br>Hex coord:(62;24),n/a,0,0,0,0,0,0,1,2023-05-31T19:49:34.9974690Z,0
2.53878,103.3226719,Daerah: Johor<br>No:532<br>Hex coord:(63;24),n/a,0,0,0,0,0,0,1,2023-05-31T19:49:35.6561151Z,0
2.54656,103.3362064,Daerah: Johor<br>No:533<br>Hex coord:(64;24),n/a,0,0,0,0,0,0,1,2023-05-31T19:49:36.3068386Z,0
2.53878,103.3497409,Daerah: Johor<br>No:534<br>Hex coord:(65;24),n/a,0,0,0,0,0,0,1,2023-05-31T19:49:36.9679914Z,0
2.54656,103.3632753,Daerah: Johor<br>No:535<br>Hex coord:(66;24),n/a,0,0,0,0,0,0,1,2023-05-31T19:49:37.6225680Z,0
2.53878,103.3768098,Daerah: Johor<br>No:536<br>Hex coord:(67;24),n/a,0,0,0,0,0,0,1,2023-05-31T19:49:38.2754594Z,0
2.54656,103.3903443,Daerah: Johor<br>No:537<br>Hex coord:(68;24),n/a,0,0,0,0,0,0,1,2023-05-31T19:49:38.9331895Z,0
2.53878,103.4038788,Daerah: Johor<br>No:538<br>Hex coord:(69;24),n/a,0,0,0,0,0,0,1,2023-05-31T19:49:39.5881561Z,0
2.54656,103.4174132,Daerah: Johor<br>No:539<br>Hex coord:(70;24),n/a,0,0,0,0,0,0,1,2023-05-31T19:49:40.2493932Z,0
2.53878,103.4309477,Daerah: Johor<br>No:540<br>Hex coord:(71;24),n/a,0,0,0,0,0,0,1,2023-05-31T19:49:40.9096577Z,0
2.54656,103.4444822,Daerah: Johor<br>No:541<br>Hex coord:(72;24),n/a,0,0,0,0,0,0,1,2023-05-31T19:49:41.7843532Z,0
2.53878,103.4580167,Daerah: Johor<br>No:542<br>Hex coord:(73;24),n/a,0,0,0,0,0,0,1,2023-05-31T19:49:42.4383110Z,0
2.53878,103.5933614,Daerah: Johor<br>No:543<br>Hex coord:(83;24),n/a,0,0,0,0,0,0,1,2023-05-31T19:50:19.1196401Z,0
2.54656,103.6068959,Daerah: Johor<br>No:544<br>Hex coord:(84;24),n/a,0,0,0,0,0,0,1,2023-05-31T19:50:19.7842136Z,0
2.53878,103.6204304,Daerah: Johor<br>No:545<br>Hex coord:(85;24),n/a,0,0,0,0,0,0,1,2023-05-31T19:50:20.4408184Z,0
2.54656,103.6339648,Daerah: Johor<br>No:546<br>Hex coord:(86;24),n/a,0,0,0,0,0,0,1,2023-05-31T19:50:21.0950169Z,0
2.53878,103.6474993,Daerah: Johor<br>No:547<br>Hex coord:(87;24),n/a,0,0,0,0,0,0,1,2023-05-31T19:50:21.7477872Z,0
2.54656,103.6610338,Daerah: Johor<br>No:548<br>Hex coord:(88;24),n/a,0,0,0,0,0,0,1,2023-05-31T19:50:22.4100938Z,0
2.53878,103.6745683,Daerah: Johor<br>No:549<br>Hex coord:(89;24),n/a,0,0,0,0,0,0,1,2023-05-31T19:50:23.0572372Z,0
2.54656,103.6881027,Daerah: Johor<br>No:550<br>Hex coord:(90;24),n/a,0,0,0,0,0,0,1,2023-05-31T19:50:23.7160023Z,0
2.53878,103.7016372,Daerah: Johor<br>No:551<br>Hex coord:(91;24),n/a,0,0,0,0,0,0,1,2023-05-31T19:50:24.3760610Z,0
2.54656,103.7151717,Daerah: Johor<br>No:552<br>Hex coord:(92;24),n/a,0,0,0,0,0,0,1,2023-05-31T19:50:25.0292626Z,0
2.53878,103.7287062,Daerah: Johor<br>No:553<br>Hex coord:(93;24),n/a,0,0,0,0,0,0,1,2023-05-31T19:50:25.6774194Z,0
2.54656,103.7422406,Daerah: Johor<br>No:554<br>Hex coord:(94;24),n/a,0,0,0,0,0,0,1,2023-05-31T19:50:26.3281610Z,0
2.53878,103.7557751,Daerah: Johor<br>No:555<br>Hex coord:(95;24),n/a,0,0,0,0,0,0,1,2023-05-31T19:50:27.0011904Z,0
2.54656,103.7693096,Daerah: Johor<br>No:556<br>Hex coord:(96;24),n/a,0,0,0,0,0,0,1,2023-05-31T19:50:27.6565739Z,0
2.53878,103.7828441,Daerah: Johor<br>No:557<br>Hex coord:(97;24),n/a,0,0,0,0,0,0,1,2023-05-31T19:50:28.3118509Z,0
2.54656,103.7963785,Daerah: Johor<br>No:558<br>Hex coord:(98;24),n/a,0,0,0,0,0,0,1,2023-05-31T19:50:28.9614145Z,0
2.53878,103.809913,Daerah: Johor<br>No:559<br>Hex coord:(99;24),n/a,0,0,0,0,0,0,1,2023-05-31T19:50:29.6188098Z,0
2.52322,102.6188792,Daerah: Johor<br>No:560<br>Hex coord:(11;25),n/a,0,0,0,0,0,0,1,2023-05-31T19:50:30.2800969Z,0
2.531,102.6324137,Daerah: Johor<br>No:561<br>Hex coord:(12;25),n/a,0,0,0,0,0,0,1,2023-05-31T19:50:30.9391961Z,0
2.52322,102.6459482,Daerah: Johor<br>No:562<br>Hex coord:(13;25),n/a,0,0,0,0,0,0,1,2023-05-31T19:50:31.5910315Z,0
2.531,102.6594826,Daerah: Johor<br>No:563<br>Hex coord:(14;25),n/a,0,0,0,0,0,0,1,2023-05-31T19:50:32.2530196Z,0
2.52322,102.6730171,Daerah: Johor<br>No:564<br>Hex coord:(15;25),n/a,0,0,0,0,0,0,1,2023-05-31T19:50:32.9198411Z,0
2.531,102.6865516,Daerah: Johor<br>No:565<br>Hex coord:(16;25),n/a,0,0,0,0,0,0,1,2023-05-31T19:50:33.5735921Z,0
2.52322,102.7000861,Daerah: Johor<br>No:566<br>Hex coord:(17;25),n/a,0,0,0,0,0,0,1,2023-05-31T19:50:34.2386234Z,0
2.531,102.7136205,Daerah: Johor<br>No:567<br>Hex coord:(18;25),n/a,0,0,0,0,0,0,1,2023-05-31T19:50:34.8953209Z,0
2.52322,102.727155,Daerah: Johor<br>No:568<br>Hex coord:(19;25),n/a,0,0,0,0,0,0,1,2023-05-31T19:50:35.5563006Z,0
2.531,102.7406895,Daerah: Johor<br>No:569<br>Hex coord:(20;25),n/a,0,0,0,0,0,0,1,2023-05-31T19:50:36.2156850Z,0
2.52322,102.754224,Daerah: Johor<br>No:570<br>Hex coord:(21;25),n/a,0,0,0,0,0,0,1,2023-05-31T19:50:36.8748350Z,0
2.531,102.7677584,Daerah: Johor<br>No:571<br>Hex coord:(22;25),n/a,0,0,0,0,0,0,1,2023-05-31T19:50:37.5378822Z,0
2.52322,102.7812929,Daerah: Johor<br>No:572<br>Hex coord:(23;25),n/a,0,0,0,0,0,0,1,2023-05-31T19:50:38.1960210Z,0
2.531,102.7948274,Daerah: Johor<br>No:573<br>Hex coord:(24;25),n/a,0,0,0,0,0,0,1,2023-05-31T19:50:38.8667846Z,0
2.52322,102.8083619,Daerah: Johor<br>No:574<br>Hex coord:(25;25),n/a,0,0,0,0,0,0,1,2023-05-31T19:50:39.5590238Z,0
2.531,102.8218963,Daerah: Johor<br>No:575<br>Hex coord:(26;25),n/a,0,0,0,0,0,0,1,2023-05-31T19:50:40.2384930Z,0
2.52322,102.8354308,Daerah: Johor<br>No:576<br>Hex coord:(27;25),n/a,0,0,0,0,0,0,1,2023-05-31T19:50:40.9048457Z,0
2.531,102.8489653,Daerah: Johor<br>No:577<br>Hex coord:(28;25),n/a,0,0,0,0,0,0,1,2023-05-31T19:50:41.5851738Z,0
2.52322,102.8624998,Daerah: Johor<br>No:578<br>Hex coord:(29;25),n/a,0,0,0,0,0,0,1,2023-05-31T19:50:42.2425214Z,0
2.531,102.8760342,Daerah: Johor<br>No:579<br>Hex coord:(30;25),n/a,0,0,0,0,0,0,1,2023-05-31T19:50:42.8954990Z,0
2.52322,102.8895687,Daerah: Johor<br>No:580<br>Hex coord:(31;25),n/a,0,0,0,0,0,0,1,2023-05-31T19:50:43.5531912Z,0
2.531,102.9031032,Daerah: Johor<br>No:581<br>Hex coord:(32;25),n/a,0,0,0,0,0,0,1,2023-05-31T19:50:44.2060910Z,0
2.52322,102.9166377,Daerah: Johor<br>No:582<br>Hex coord:(33;25),n/a,0,0,0,0,0,0,1,2023-05-31T19:50:44.8666915Z,0
2.531,102.9301721,Daerah: Johor<br>No:583<br>Hex coord:(34;25),n/a,0,0,0,0,0,0,1,2023-05-31T19:50:45.5232138Z,0
2.52322,102.9437066,Daerah: Johor<br>No:584<br>Hex coord:(35;25),n/a,0,0,0,0,0,0,1,2023-05-31T19:50:46.1816236Z,0
2.531,102.9572411,Daerah: Johor<br>No:585<br>Hex coord:(36;25),n/a,0,0,0,0,0,0,1,2023-05-31T19:50:46.8460195Z,0
2.52322,102.9707756,Daerah: Johor<br>No:586<br>Hex coord:(37;25),n/a,0,0,0,0,0,0,1,2023-05-31T19:50:47.5030359Z,0
2.531,102.98431,Daerah: Johor<br>No:587<br>Hex coord:(38;25),n/a,0,0,0,0,0,0,1,2023-05-31T19:50:48.1529857Z,0
2.52322,102.9978445,Daerah: Johor<br>No:588<br>Hex coord:(39;25),n/a,0,0,0,0,0,0,1,2023-05-31T19:50:48.8088476Z,0
2.531,103.011379,Daerah: Johor<br>No:589<br>Hex coord:(40;25),n/a,0,0,0,0,0,0,1,2023-05-31T19:50:49.4613437Z,0
2.52322,103.0249135,Daerah: Johor<br>No:590<br>Hex coord:(41;25),n/a,0,0,0,0,0,0,1,2023-05-31T19:50:50.1161111Z,0
2.531,103.0384479,Daerah: Johor<br>No:591<br>Hex coord:(42;25),n/a,0,0,0,0,0,0,1,2023-05-31T19:50:50.7743305Z,0
2.52322,103.0519824,Daerah: Johor<br>No:592<br>Hex coord:(43;25),n/a,0,0,0,0,0,0,1,2023-05-31T19:50:51.4457611Z,0
2.531,103.0655169,Daerah: Johor<br>No:593<br>Hex coord:(44;25),n/a,0,0,0,0,0,0,1,2023-05-31T19:50:52.0956182Z,0
2.52322,103.0790514,Daerah: Johor<br>No:594<br>Hex coord:(45;25),n/a,0,0,0,0,0,0,1,2023-05-31T19:50:52.7648744Z,0
2.531,103.0925858,Daerah: Johor<br>No:595<br>Hex coord:(46;25),n/a,0,0,0,0,0,0,1,2023-05-31T19:50:53.4253517Z,0
2.52322,103.1061203,Daerah: Johor<br>No:596<br>Hex coord:(47;25),n/a,0,0,0,0,0,0,1,2023-05-31T19:50:54.0978136Z,0
2.531,103.1196548,Daerah: Johor<br>No:597<br>Hex coord:(48;25),n/a,0,0,0,0,0,0,1,2023-05-31T19:50:54.7513522Z,0
2.52322,103.1331893,Daerah: Johor<br>No:598<br>Hex coord:(49;25),n/a,0,0,0,0,0,0,1,2023-05-31T19:50:55.4109215Z,0
2.52322,103.1602582,Daerah: Johor<br>No:599<br>Hex coord:(51;25),n/a,0,0,0,0,0,0,1,2023-05-31T19:50:56.0663689Z,0
2.531,103.1737927,Daerah: Johor<br>No:600<br>Hex coord:(52;25),n/a,0,0,0,0,0,0,1,2023-05-31T19:50:56.7277092Z,0
2.52322,103.1873272,Daerah: Johor<br>No:601<br>Hex coord:(53;25),n/a,0,0,0,0,0,0,1,2023-05-31T19:50:57.4013688Z,0
2.531,103.2008616,Daerah: Johor<br>No:602<br>Hex coord:(54;25),n/a,0,0,0,0,0,0,1,2023-05-31T19:50:58.0675315Z,0
2.52322,103.2143961,Daerah: Johor<br>No:603<br>Hex coord:(55;25),n/a,0,0,0,0,0,0,1,2023-05-31T19:50:58.7269055Z,0
2.531,103.2279306,Daerah: Johor<br>No:604<br>Hex coord:(56;25),n/a,0,0,0,0,0,0,1,2023-05-31T19:50:59.3807551Z,0
2.52322,103.2414651,Daerah: Johor<br>No:605<br>Hex coord:(57;25),n/a,0,0,0,0,0,0,1,2023-05-31T19:51:00.0480764Z,0
2.531,103.2549995,Daerah: Johor<br>No:606<br>Hex coord:(58;25),n/a,0,0,0,0,0,0,1,2023-05-31T19:51:00.7183906Z,0
2.52322,103.268534,Daerah: Johor<br>No:607<br>Hex coord:(59;25),n/a,0,0,0,0,0,0,1,2023-05-31T19:51:01.3809441Z,0
2.531,103.2820685,Daerah: Johor<br>No:608<br>Hex coord:(60;25),n/a,0,0,0,0,0,0,1,2023-05-31T19:51:02.0439196Z,0
2.52322,103.295603,Daerah: Johor<br>No:609<br>Hex coord:(61;25),n/a,0,0,0,0,0,0,1,2023-05-31T19:51:02.7187646Z,0
2.531,103.3091374,Daerah: Johor<br>No:610<br>Hex coord:(62;25),n/a,0,0,0,0,0,0,1,2023-05-31T19:51:03.3797277Z,0
2.52322,103.3226719,Daerah: Johor<br>No:611<br>Hex coord:(63;25),n/a,0,0,0,0,0,0,1,2023-05-31T19:51:04.0556560Z,0
2.531,103.3362064,Daerah: Johor<br>No:612<br>Hex coord:(64;25),n/a,0,0,0,0,0,0,1,2023-05-31T19:51:04.6976493Z,0
2.52322,103.3497409,Daerah: Johor<br>No:613<br>Hex coord:(65;25),n/a,0,0,0,0,0,0,1,2023-05-31T19:51:05.3592072Z,0
2.531,103.3632753,Daerah: Johor<br>No:614<br>Hex coord:(66;25),n/a,0,0,0,0,0,0,1,2023-05-31T19:51:06.0168500Z,0
2.52322,103.3768098,Daerah: Johor<br>No:615<br>Hex coord:(67;25),n/a,0,0,0,0,0,0,1,2023-05-31T19:51:06.6949216Z,0
2.531,103.3903443,Daerah: Johor<br>No:616<br>Hex coord:(68;25),n/a,0,0,0,0,0,0,1,2023-05-31T19:51:07.3629152Z,0
2.52322,103.4038788,Daerah: Johor<br>No:617<br>Hex coord:(69;25),n/a,0,0,0,0,0,0,1,2023-05-31T19:51:08.0247302Z,0
2.531,103.4174132,Daerah: Johor<br>No:618<br>Hex coord:(70;25),n/a,0,0,0,0,0,0,1,2023-05-31T19:51:08.6880498Z,0
2.52322,103.4309477,Daerah: Johor<br>No:619<br>Hex coord:(71;25),n/a,0,0,0,0,0,0,1,2023-05-31T19:51:09.3593762Z,0
2.531,103.4444822,Daerah: Johor<br>No:620<br>Hex coord:(72;25),n/a,0,0,0,0,0,0,1,2023-05-31T19:51:10.0262222Z,0
2.52322,103.4580167,Daerah: Johor<br>No:621<br>Hex coord:(73;25),n/a,0,0,0,0,0,0,1,2023-05-31T19:51:10.6820638Z,0
2.52322,103.6204304,Daerah: Johor<br>No:622<br>Hex coord:(85;25),n/a,0,0,0,0,0,0,1,2023-05-31T19:51:11.3535786Z,0
2.531,103.6339648,Daerah: Johor<br>No:623<br>Hex coord:(86;25),n/a,0,0,0,0,0,0,1,2023-05-31T19:51:12.0058536Z,0
2.52322,103.6474993,Daerah: Johor<br>No:624<br>Hex coord:(87;25),n/a,0,0,0,0,0,0,1,2023-05-31T19:51:12.6592636Z,0
2.531,103.6610338,Daerah: Johor<br>No:625<br>Hex coord:(88;25),n/a,0,0,0,0,0,0,1,2023-05-31T19:51:13.3099538Z,0
2.52322,103.6745683,Daerah: Johor<br>No:626<br>Hex coord:(89;25),n/a,0,0,0,0,0,0,1,2023-05-31T19:51:13.9716150Z,0
2.531,103.6881027,Daerah: Johor<br>No:627<br>Hex coord:(90;25),n/a,0,0,0,0,0,0,1,2023-05-31T19:51:14.6336667Z,0
2.52322,103.7016372,Daerah: Johor<br>No:628<br>Hex coord:(91;25),n/a,0,0,0,0,0,0,1,2023-05-31T19:51:15.3160252Z,0
2.531,103.7151717,Daerah: Johor<br>No:629<br>Hex coord:(92;25),n/a,0,0,0,0,0,0,1,2023-05-31T19:51:15.9756242Z,0
2.52322,103.7287062,Daerah: Johor<br>No:630<br>Hex coord:(93;25),n/a,0,0,0,0,0,0,1,2023-05-31T19:51:16.6365837Z,0
2.531,103.7422406,Daerah: Johor<br>No:631<br>Hex coord:(94;25),n/a,0,0,0,0,0,0,1,2023-05-31T19:51:17.2915835Z,0
2.52322,103.7557751,Daerah: Johor<br>No:632<br>Hex coord:(95;25),n/a,0,0,0,0,0,0,1,2023-05-31T19:51:17.9477052Z,0
2.531,103.7693096,Daerah: Johor<br>No:633<br>Hex coord:(96;25),n/a,0,0,0,0,0,0,1,2023-05-31T19:51:18.6024118Z,0
2.52322,103.7828441,Daerah: Johor<br>No:634<br>Hex coord:(97;25),n/a,0,0,0,0,0,0,1,2023-05-31T19:51:19.2661386Z,0
2.531,103.7963785,Daerah: Johor<br>No:635<br>Hex coord:(98;25),n/a,0,0,0,0,0,0,1,2023-05-31T19:51:19.9211069Z,0
2.52322,103.809913,Daerah: Johor<br>No:636<br>Hex coord:(99;25),n/a,0,0,0,0,0,0,1,2023-05-31T19:51:20.5891901Z,0
2.531,103.8234475,Daerah: Johor<br>No:637<br>Hex coord:(100;25),n/a,0,0,0,0,0,0,1,2023-05-31T19:51:21.2474224Z,0
2.50766,102.6188792,Daerah: Johor<br>No:638<br>Hex coord:(11;26),n/a,0,0,0,0,0,0,1,2023-05-31T19:51:21.9038164Z,0
2.51544,102.6324137,Daerah: Johor<br>No:639<br>Hex coord:(12;26),n/a,0,0,0,0,0,0,1,2023-05-31T19:51:22.5619645Z,0
2.50766,102.6459482,Daerah: Johor<br>No:640<br>Hex coord:(13;26),n/a,0,0,0,0,0,0,1,2023-05-31T19:51:23.2204574Z,0
2.51544,102.6594826,Daerah: Johor<br>No:641<br>Hex coord:(14;26),n/a,0,0,0,0,0,0,1,2023-05-31T19:51:23.8834390Z,0
2.50766,102.6730171,Daerah: Johor<br>No:642<br>Hex coord:(15;26),n/a,0,0,0,0,0,0,1,2023-05-31T19:51:24.5343863Z,0
2.51544,102.6865516,Daerah: Johor<br>No:643<br>Hex coord:(16;26),n/a,0,0,0,0,0,0,1,2023-05-31T19:51:25.1910034Z,0
2.50766,102.7000861,Daerah: Johor<br>No:644<br>Hex coord:(17;26),n/a,0,0,0,0,0,0,1,2023-05-31T19:51:25.8492735Z,0
2.51544,102.7136205,Daerah: Johor<br>No:645<br>Hex coord:(18;26),n/a,0,0,0,0,0,0,1,2023-05-31T19:51:26.4995578Z,0
2.50766,102.727155,Daerah: Johor<br>No:646<br>Hex coord:(19;26),n/a,0,0,0,0,0,0,1,2023-05-31T19:51:27.1555656Z,0
2.51544,102.7406895,Daerah: Johor<br>No:647<br>Hex coord:(20;26),n/a,0,0,0,0,0,0,1,2023-05-31T19:51:27.8103669Z,0
2.50766,102.754224,Daerah: Johor<br>No:648<br>Hex coord:(21;26),n/a,0,0,0,0,0,0,1,2023-05-31T19:51:28.4648491Z,0
2.51544,102.7677584,Daerah: Johor<br>No:649<br>Hex coord:(22;26),n/a,0,0,0,0,0,0,1,2023-05-31T19:51:29.1214235Z,0
2.50766,102.7812929,Daerah: Johor<br>No:650<br>Hex coord:(23;26),n/a,0,0,0,0,0,0,1,2023-05-31T19:51:29.7817141Z,0
2.51544,102.7948274,Daerah: Johor<br>No:651<br>Hex coord:(24;26),n/a,0,0,0,0,0,0,1,2023-05-31T19:51:30.4537195Z,0
2.50766,102.8083619,Daerah: Johor<br>No:652<br>Hex coord:(25;26),n/a,0,0,0,0,0,0,1,2023-05-31T19:51:31.1253350Z,0
2.51544,102.8218963,Daerah: Johor<br>No:653<br>Hex coord:(26;26),n/a,0,0,0,0,0,0,1,2023-05-31T19:51:31.8012939Z,0
2.50766,102.8354308,Daerah: Johor<br>No:654<br>Hex coord:(27;26),n/a,0,0,0,0,0,0,1,2023-05-31T19:51:32.4672142Z,1
2.51544,102.8489653,Daerah: Johor<br>No:655<br>Hex coord:(28;26),n/a,0,0,0,0,0,0,1,2023-05-31T19:51:33.1283366Z,0
2.50766,102.8624998,Daerah: Johor<br>No:656<br>Hex coord:(29;26),n/a,0,0,0,0,0,0,1,2023-05-31T19:51:33.7897651Z,0
2.51544,102.8760342,Daerah: Johor<br>No:657<br>Hex coord:(30;26),n/a,0,0,0,0,0,0,1,2023-05-31T19:51:34.4468088Z,0
2.50766,102.8895687,Daerah: Johor<br>No:658<br>Hex coord:(31;26),n/a,0,0,0,0,0,0,1,2023-05-31T19:51:35.1220786Z,0
2.51544,102.9031032,Daerah: Johor<br>No:659<br>Hex coord:(32;26),n/a,0,0,0,0,0,0,1,2023-05-31T19:51:35.7830174Z,0
2.50766,102.9166377,Daerah: Johor<br>No:660<br>Hex coord:(33;26),n/a,0,0,0,0,0,0,1,2023-05-31T19:51:36.4372115Z,0
2.51544,102.9301721,Daerah: Johor<br>No:661<br>Hex coord:(34;26),n/a,0,0,0,0,0,0,1,2023-05-31T19:51:37.0989943Z,0
2.50766,102.9437066,Daerah: Johor<br>No:662<br>Hex coord:(35;26),n/a,0,0,0,0,0,0,1,2023-05-31T19:51:37.7515720Z,0
2.51544,102.9572411,Daerah: Johor<br>No:663<br>Hex coord:(36;26),n/a,0,0,0,0,0,0,1,2023-05-31T19:51:38.4179633Z,0
2.50766,102.9707756,Daerah: Johor<br>No:664<br>Hex coord:(37;26),n/a,0,0,0,0,0,0,1,2023-05-31T19:51:39.0741086Z,0
2.51544,102.98431,Daerah: Johor<br>No:665<br>Hex coord:(38;26),n/a,0,0,0,0,0,0,1,2023-05-31T19:51:39.7365785Z,0
2.50766,102.9978445,Daerah: Johor<br>No:666<br>Hex coord:(39;26),n/a,0,0,0,0,0,0,1,2023-05-31T19:51:40.3977447Z,0
2.51544,103.011379,Daerah: Johor<br>No:667<br>Hex coord:(40;26),n/a,0,0,0,0,0,0,1,2023-05-31T19:51:41.0815469Z,0
2.50766,103.0249135,Daerah: Johor<br>No:668<br>Hex coord:(41;26),n/a,0,0,0,0,0,0,1,2023-05-31T19:51:41.7375305Z,0
2.51544,103.0384479,Daerah: Johor<br>No:669<br>Hex coord:(42;26),n/a,0,0,0,0,0,0,1,2023-05-31T19:51:42.4125634Z,0
2.50766,103.0519824,Daerah: Johor<br>No:670<br>Hex coord:(43;26),n/a,0,0,0,0,0,0,1,2023-05-31T19:51:43.0655165Z,0
2.51544,103.0655169,Daerah: Johor<br>No:671<br>Hex coord:(44;26),n/a,0,0,0,0,0,0,1,2023-05-31T19:51:43.7188200Z,0
2.50766,103.0790514,Daerah: Johor<br>No:672<br>Hex coord:(45;26),n/a,0,0,0,0,0,0,1,2023-05-31T19:51:44.3826671Z,0
2.51544,103.0925858,Daerah: Johor<br>No:673<br>Hex coord:(46;26),n/a,0,0,0,0,0,0,1,2023-05-31T19:51:45.0439126Z,0
2.50766,103.1061203,Daerah: Johor<br>No:674<br>Hex coord:(47;26),n/a,0,0,0,0,0,0,1,2023-05-31T19:51:45.7001919Z,0
2.51544,103.1196548,Daerah: Johor<br>No:675<br>Hex coord:(48;26),n/a,0,0,0,0,0,0,1,2023-05-31T19:51:46.3571905Z,0
2.50766,103.1331893,Daerah: Johor<br>No:676<br>Hex coord:(49;26),n/a,0,0,0,0,0,0,1,2023-05-31T19:51:47.0252597Z,0
2.51544,103.1467237,Daerah: Johor<br>No:677<br>Hex coord:(50;26),n/a,0,0,0,0,0,0,1,2023-05-31T19:51:47.6931992Z,0
2.50766,103.1602582,Daerah: Johor<br>No:678<br>Hex coord:(51;26),n/a,0,0,0,0,0,0,1,2023-05-31T19:51:48.3549135Z,0
2.51544,103.1737927,Daerah: Johor<br>No:679<br>Hex coord:(52;26),n/a,0,0,0,0,0,0,1,2023-05-31T19:51:49.0063255Z,0
2.50766,103.1873272,Daerah: Johor<br>No:680<br>Hex coord:(53;26),n/a,0,0,0,0,0,0,1,2023-05-31T19:51:49.6793590Z,0
2.51544,103.2008616,Daerah: Johor<br>No:681<br>Hex coord:(54;26),n/a,0,0,0,0,0,0,1,2023-05-31T19:51:50.3336346Z,0
2.50766,103.2143961,Daerah: Johor<br>No:682<br>Hex coord:(55;26),n/a,0,0,0,0,0,0,1,2023-05-31T19:51:50.9982879Z,0
2.51544,103.2279306,Daerah: Johor<br>No:683<br>Hex coord:(56;26),n/a,0,0,0,0,0,0,1,2023-05-31T19:51:51.6566429Z,0
2.50766,103.2414651,Daerah: Johor<br>No:684<br>Hex coord:(57;26),n/a,0,0,0,0,0,0,1,2023-05-31T19:51:52.3443424Z,0
2.51544,103.2549995,Daerah: Johor<br>No:685<br>Hex coord:(58;26),n/a,0,0,0,0,0,0,1,2023-05-31T19:51:53.0029324Z,0
2.50766,103.268534,Daerah: Johor<br>No:686<br>Hex coord:(59;26),n/a,0,0,0,0,0,0,1,2023-05-31T19:51:53.6587778Z,0
2.51544,103.2820685,Daerah: Johor<br>No:687<br>Hex coord:(60;26),n/a,0,0,0,0,0,0,1,2023-05-31T19:51:54.3058659Z,0
2.50766,103.295603,Daerah: Johor<br>No:688<br>Hex coord:(61;26),n/a,0,0,0,0,0,0,1,2023-05-31T19:51:54.9635756Z,0
2.51544,103.3091374,Daerah: Johor<br>No:689<br>Hex coord:(62;26),n/a,0,0,0,0,0,0,1,2023-05-31T19:51:55.6318438Z,0
2.50766,103.3226719,Daerah: Johor<br>No:690<br>Hex coord:(63;26),n/a,0,0,0,0,0,0,1,2023-05-31T19:51:56.2803229Z,0
2.51544,103.3362064,Daerah: Johor<br>No:691<br>Hex coord:(64;26),n/a,0,0,0,0,0,0,1,2023-05-31T19:51:56.9391734Z,0
2.50766,103.3497409,Daerah: Johor<br>No:692<br>Hex coord:(65;26),n/a,0,0,0,0,0,0,1,2023-05-31T19:51:57.5934671Z,0
2.51544,103.3632753,Daerah: Johor<br>No:693<br>Hex coord:(66;26),n/a,0,0,0,0,0,0,1,2023-05-31T19:51:58.2422290Z,0
2.50766,103.3768098,Daerah: Johor<br>No:694<br>Hex coord:(67;26),n/a,0,0,0,0,0,0,1,2023-05-31T19:51:58.9020912Z,0
2.51544,103.3903443,Daerah: Johor<br>No:695<br>Hex coord:(68;26),n/a,0,0,0,0,0,0,1,2023-05-31T19:51:59.5798791Z,0
2.50766,103.4038788,Daerah: Johor<br>No:696<br>Hex coord:(69;26),n/a,0,0,0,0,0,0,1,2023-05-31T19:52:00.2436041Z,0
2.51544,103.4174132,Daerah: Johor<br>No:697<br>Hex coord:(70;26),n/a,0,0,0,0,0,0,1,2023-05-31T19:52:00.9149004Z,0
2.50766,103.4309477,Daerah: Johor<br>No:698<br>Hex coord:(71;26),n/a,0,0,0,0,0,0,1,2023-05-31T19:52:01.5757588Z,0
2.51544,103.4444822,Daerah: Johor<br>No:699<br>Hex coord:(72;26),n/a,0,0,0,0,0,0,1,2023-05-31T19:52:02.2275838Z,0
2.50766,103.4580167,Daerah: Johor<br>No:700<br>Hex coord:(73;26),n/a,0,0,0,0,0,0,1,2023-05-31T19:52:02.8919835Z,0
2.51544,103.4715511,Daerah: Johor<br>No:701<br>Hex coord:(74;26),n/a,0,0,0,0,0,0,1,2023-05-31T19:52:03.5512466Z,0
2.50766,103.4850856,Daerah: Johor<br>No:702<br>Hex coord:(75;26),n/a,0,0,0,0,0,0,1,2023-05-31T19:52:04.2306407Z,0
2.51544,103.6339648,Daerah: Johor<br>No:703<br>Hex coord:(86;26),n/a,0,0,0,0,0,0,1,2023-05-31T19:52:04.8959890Z,0
2.50766,103.6474993,Daerah: Johor<br>No:704<br>Hex coord:(87;26),n/a,0,0,0,0,0,0,1,2023-05-31T19:52:05.5510608Z,0
2.51544,103.6610338,Daerah: Johor<br>No:705<br>Hex coord:(88;26),n/a,0,0,0,0,0,0,1,2023-05-31T19:52:06.2151185Z,0
2.50766,103.6745683,Daerah: Johor<br>No:706<br>Hex coord:(89;26),n/a,0,0,0,0,0,0,1,2023-05-31T19:52:06.8786282Z,0
2.51544,103.6881027,Daerah: Johor<br>No:707<br>Hex coord:(90;26),n/a,0,0,0,0,0,0,1,2023-05-31T19:52:07.5378008Z,0
2.50766,103.7016372,Daerah: Johor<br>No:708<br>Hex coord:(91;26),n/a,0,0,0,0,0,0,1,2023-05-31T19:52:08.1938273Z,0
2.51544,103.7151717,Daerah: Johor<br>No:709<br>Hex coord:(92;26),n/a,0,0,0,0,0,0,1,2023-05-31T19:52:08.8481919Z,0
2.50766,103.7287062,Daerah: Johor<br>No:710<br>Hex coord:(93;26),n/a,0,0,0,0,0,0,1,2023-05-31T19:52:09.5021498Z,0
2.51544,103.7422406,Daerah: Johor<br>No:711<br>Hex coord:(94;26),n/a,0,0,0,0,0,0,1,2023-05-31T19:52:10.1564567Z,0
2.50766,103.7557751,Daerah: Johor<br>No:712<br>Hex coord:(95;26),n/a,0,0,0,0,0,0,1,2023-05-31T19:52:10.8109350Z,0
2.51544,103.7693096,Daerah: Johor<br>No:713<br>Hex coord:(96;26),n/a,0,0,0,0,0,0,1,2023-05-31T19:52:11.4680340Z,0
2.50766,103.7828441,Daerah: Johor<br>No:714<br>Hex coord:(97;26),n/a,0,0,0,0,0,0,1,2023-05-31T19:52:12.1186745Z,0
2.51544,103.7963785,Daerah: Johor<br>No:715<br>Hex coord:(98;26),n/a,0,0,0,0,0,0,1,2023-05-31T19:52:12.7726245Z,0
2.50766,103.809913,Daerah: Johor<br>No:716<br>Hex coord:(99;26),n/a,0,0,0,0,0,0,1,2023-05-31T19:52:13.4328759Z,0
2.51544,103.8234475,Daerah: Johor<br>No:717<br>Hex coord:(100;26),n/a,0,0,0,0,0,0,1,2023-05-31T19:52:14.0939753Z,0
2.50766,103.836982,Daerah: Johor<br>No:718<br>Hex coord:(101;26),n/a,0,0,0,0,0,0,1,2023-05-31T19:52:14.7471090Z,0
2.4921,102.6188792,Daerah: Johor<br>No:719<br>Hex coord:(11;27),n/a,0,0,0,0,0,0,1,2023-05-31T19:52:15.4119268Z,0
2.49988,102.6324137,Daerah: Johor<br>No:720<br>Hex coord:(12;27),n/a,0,0,0,0,0,0,1,2023-05-31T19:52:16.0679213Z,0
2.4921,102.6459482,Daerah: Johor<br>No:721<br>Hex coord:(13;27),n/a,0,0,0,0,0,0,1,2023-05-31T19:52:16.7177494Z,0
2.49988,102.6594826,Daerah: Johor<br>No:722<br>Hex coord:(14;27),n/a,0,0,0,0,0,0,1,2023-05-31T19:52:17.3982369Z,0
2.4921,102.6730171,Daerah: Johor<br>No:723<br>Hex coord:(15;27),n/a,0,0,0,0,0,0,1,2023-05-31T19:52:18.0580533Z,0
2.49988,102.6865516,Daerah: Johor<br>No:724<br>Hex coord:(16;27),n/a,0,0,0,0,0,0,1,2023-05-31T19:52:18.7146150Z,0
2.4921,102.7000861,Daerah: Johor<br>No:725<br>Hex coord:(17;27),n/a,0,0,0,0,0,0,1,2023-05-31T19:52:19.3687650Z,0
2.49988,102.7136205,Daerah: Johor<br>No:726<br>Hex coord:(18;27),n/a,0,0,0,0,0,0,1,2023-05-31T19:52:20.0194326Z,0
2.4921,102.727155,Daerah: Johor<br>No:727<br>Hex coord:(19;27),n/a,0,0,0,0,0,0,1,2023-05-31T19:52:20.6761126Z,0
2.49988,102.7406895,Daerah: Johor<br>No:728<br>Hex coord:(20;27),n/a,0,0,0,0,0,0,1,2023-05-31T19:52:21.3300759Z,0
2.4921,102.754224,Daerah: Johor<br>No:729<br>Hex coord:(21;27),n/a,0,0,0,0,0,0,1,2023-05-31T19:52:21.9829103Z,0
2.49988,102.7677584,Daerah: Johor<br>No:730<br>Hex coord:(22;27),n/a,0,0,0,0,0,0,1,2023-05-31T19:52:22.6466816Z,0
2.4921,102.7812929,Daerah: Johor<br>No:731<br>Hex coord:(23;27),n/a,0,0,0,0,0,0,1,2023-05-31T19:52:23.3057675Z,0
2.49988,102.7948274,Daerah: Johor<br>No:732<br>Hex coord:(24;27),n/a,0,0,0,0,0,0,1,2023-05-31T19:52:23.9692229Z,0
2.4921,102.8083619,Daerah: Johor<br>No:733<br>Hex coord:(25;27),n/a,0,0,0,0,0,0,1,2023-05-31T19:52:24.6262319Z,0
2.49988,102.8218963,Daerah: Johor<br>No:734<br>Hex coord:(26;27),n/a,0,0,0,0,0,0,1,2023-05-31T19:52:25.2860555Z,2
2.4921,102.8354308,Daerah: Johor<br>No:735<br>Hex coord:(27;27),n/a,0,0,0,0,0,0,1,2023-05-31T19:52:25.9447919Z,1
2.49988,102.8489653,Daerah: Johor<br>No:736<br>Hex coord:(28;27),n/a,0,0,0,0,0,0,1,2023-05-31T19:52:26.6145131Z,0
2.4921,102.8624998,Daerah: Johor<br>No:737<br>Hex coord:(29;27),n/a,0,0,0,0,0,0,1,2023-05-31T19:52:27.2745749Z,1
2.49988,102.8760342,Daerah: Johor<br>No:738<br>Hex coord:(30;27),n/a,0,0,0,0,0,0,1,2023-05-31T19:52:27.9372588Z,0
2.4921,102.8895687,Daerah: Johor<br>No:739<br>Hex coord:(31;27),n/a,0,0,0,0,0,0,1,2023-05-31T19:52:28.5876277Z,0
2.49988,102.9031032,Daerah: Johor<br>No:740<br>Hex coord:(32;27),n/a,0,0,0,0,0,0,1,2023-05-31T19:52:29.2429549Z,0
2.4921,102.9166377,Daerah: Johor<br>No:741<br>Hex coord:(33;27),n/a,0,0,0,0,0,0,1,2023-05-31T19:52:29.8994542Z,0
2.49988,102.9301721,Daerah: Johor<br>No:742<br>Hex coord:(34;27),n/a,0,0,0,0,0,0,1,2023-05-31T19:52:30.5650180Z,0
2.4921,102.9437066,Daerah: Johor<br>No:743<br>Hex coord:(35;27),n/a,0,0,0,0,0,0,1,2023-05-31T19:52:31.2330972Z,0
2.49988,102.9572411,Daerah: Johor<br>No:744<br>Hex coord:(36;27),n/a,0,0,0,0,0,0,1,2023-05-31T19:52:31.8893266Z,0
2.4921,102.9707756,Daerah: Johor<br>No:745<br>Hex coord:(37;27),n/a,0,0,0,0,0,0,1,2023-05-31T19:52:32.5527057Z,0
2.49988,102.98431,Daerah: Johor<br>No:746<br>Hex coord:(38;27),n/a,0,0,0,0,0,0,1,2023-05-31T19:52:33.2129345Z,0
2.4921,102.9978445,Daerah: Johor<br>No:747<br>Hex coord:(39;27),n/a,0,0,0,0,0,0,1,2023-05-31T19:52:33.8756036Z,0
2.49988,103.011379,Daerah: Johor<br>No:748<br>Hex coord:(40;27),n/a,0,0,0,0,0,0,1,2023-05-31T19:52:34.5248710Z,0
2.4921,103.0249135,Daerah: Johor<br>No:749<br>Hex coord:(41;27),n/a,0,0,0,0,0,0,1,2023-05-31T19:52:35.1909024Z,0
2.49988,103.0384479,Daerah: Johor<br>No:750<br>Hex coord:(42;27),n/a,0,0,0,0,0,0,1,2023-05-31T19:52:35.8452584Z,0
2.4921,103.0519824,Daerah: Johor<br>No:751<br>Hex coord:(43;27),n/a,0,0,0,0,0,0,1,2023-05-31T19:52:36.4971072Z,0
2.49988,103.0655169,Daerah: Johor<br>No:752<br>Hex coord:(44;27),n/a,0,0,0,0,0,0,1,2023-05-31T19:52:37.1449678Z,0
2.4921,103.0790514,Daerah: Johor<br>No:753<br>Hex coord:(45;27),n/a,0,0,0,0,0,0,1,2023-05-31T19:52:37.8052134Z,0
2.49988,103.0925858,Daerah: Johor<br>No:754<br>Hex coord:(46;27),n/a,0,0,0,0,0,0,1,2023-05-31T19:52:38.4617833Z,0
2.4921,103.1061203,Daerah: Johor<br>No:755<br>Hex coord:(47;27),n/a,0,0,0,0,0,0,1,2023-05-31T19:52:39.1373959Z,0
2.49988,103.1196548,Daerah: Johor<br>No:756<br>Hex coord:(48;27),n/a,0,0,0,0,0,0,1,2023-05-31T19:52:39.7954382Z,0
2.4921,103.1331893,Daerah: Johor<br>No:757<br>Hex coord:(49;27),n/a,0,0,0,0,0,0,1,2023-05-31T19:52:40.4577288Z,0
2.49988,103.1467237,Daerah: Johor<br>No:758<br>Hex coord:(50;27),n/a,0,0,0,0,0,0,1,2023-05-31T19:52:41.1116348Z,0
2.4921,103.1602582,Daerah: Johor<br>No:759<br>Hex coord:(51;27),n/a,0,0,0,0,0,0,1,2023-05-31T19:52:41.7646809Z,0
2.49988,103.1737927,Daerah: Johor<br>No:760<br>Hex coord:(52;27),n/a,0,0,0,0,0,0,1,2023-05-31T19:52:42.4210449Z,0
2.4921,103.1873272,Daerah: Johor<br>No:761<br>Hex coord:(53;27),n/a,0,0,0,0,0,0,1,2023-05-31T19:52:43.0883408Z,0
2.49988,103.2008616,Daerah: Johor<br>No:762<br>Hex coord:(54;27),n/a,0,0,0,0,0,0,1,2023-05-31T19:52:43.7476010Z,0
2.4921,103.2143961,Daerah: Johor<br>No:763<br>Hex coord:(55;27),n/a,0,0,0,0,0,0,1,2023-05-31T19:52:44.4132390Z,0
2.49988,103.2279306,Daerah: Johor<br>No:764<br>Hex coord:(56;27),n/a,0,0,0,0,0,0,1,2023-05-31T19:52:45.0782172Z,0
2.4921,103.2414651,Daerah: Johor<br>No:765<br>Hex coord:(57;27),n/a,0,0,0,0,0,0,1,2023-05-31T19:52:45.7922672Z,0
2.49988,103.2549995,Daerah: Johor<br>No:766<br>Hex coord:(58;27),n/a,0,0,0,0,0,0,1,2023-05-31T19:52:46.4509405Z,0
2.4921,103.268534,Daerah: Johor<br>No:767<br>Hex coord:(59;27),n/a,0,0,0,0,0,0,1,2023-05-31T19:52:47.1133956Z,0
2.49988,103.2820685,Daerah: Johor<br>No:768<br>Hex coord:(60;27),n/a,0,0,0,0,0,0,1,2023-05-31T19:52:47.7686120Z,0
2.4921,103.295603,Daerah: Johor<br>No:769<br>Hex coord:(61;27),n/a,0,0,0,0,0,0,1,2023-05-31T19:52:48.4275040Z,0
2.49988,103.3091374,Daerah: Johor<br>No:770<br>Hex coord:(62;27),n/a,0,0,0,0,0,0,1,2023-05-31T19:52:49.0768456Z,0
2.4921,103.3226719,Daerah: Johor<br>No:771<br>Hex coord:(63;27),n/a,0,0,0,0,0,0,1,2023-05-31T19:52:49.7326080Z,0
2.49988,103.3362064,Daerah: Johor<br>No:772<br>Hex coord:(64;27),n/a,0,0,0,0,0,0,1,2023-05-31T19:52:50.3875803Z,0
2.4921,103.3497409,Daerah: Johor<br>No:773<br>Hex coord:(65;27),n/a,0,0,0,0,0,0,1,2023-05-31T19:52:51.0573577Z,0
2.49988,103.3632753,Daerah: Johor<br>No:774<br>Hex coord:(66;27),n/a,0,0,0,0,0,0,1,2023-05-31T19:52:51.7091098Z,0
2.4921,103.3768098,Daerah: Johor<br>No:775<br>Hex coord:(67;27),n/a,0,0,0,0,0,0,1,2023-05-31T19:52:52.3725308Z,0
2.49988,103.3903443,Daerah: Johor<br>No:776<br>Hex coord:(68;27),n/a,0,0,0,0,0,0,1,2023-05-31T19:52:53.0328648Z,0
2.4921,103.4038788,Daerah: Johor<br>No:777<br>Hex coord:(69;27),n/a,0,0,0,0,0,0,1,2023-05-31T19:52:53.6891582Z,0
2.49988,103.4174132,Daerah: Johor<br>No:778<br>Hex coord:(70;27),n/a,0,0,0,0,0,0,1,2023-05-31T19:52:54.3424148Z,0
2.4921,103.4309477,Daerah: Johor<br>No:779<br>Hex coord:(71;27),n/a,0,0,0,0,0,0,1,2023-05-31T19:52:55.0059942Z,0
2.49988,103.4444822,Daerah: Johor<br>No:780<br>Hex coord:(72;27),n/a,0,0,0,0,0,0,1,2023-05-31T19:52:55.6593554Z,0
2.4921,103.4580167,Daerah: Johor<br>No:781<br>Hex coord:(73;27),n/a,0,0,0,0,0,0,1,2023-05-31T19:52:56.3095779Z,0
2.49988,103.4715511,Daerah: Johor<br>No:782<br>Hex coord:(74;27),n/a,0,0,0,0,0,0,1,2023-05-31T19:52:56.9635142Z,0
2.4921,103.4850856,Daerah: Johor<br>No:783<br>Hex coord:(75;27),n/a,0,0,0,0,0,0,1,2023-05-31T19:52:57.6223808Z,0
2.49988,103.4986201,Daerah: Johor<br>No:784<br>Hex coord:(76;27),n/a,0,0,0,0,0,0,1,2023-05-31T19:52:58.2730843Z,0
2.4921,103.5121546,Daerah: Johor<br>No:785<br>Hex coord:(77;27),n/a,0,0,0,0,0,0,1,2023-05-31T19:52:58.9319316Z,0
2.49988,103.6339648,Daerah: Johor<br>No:786<br>Hex coord:(86;27),n/a,0,0,0,0,0,0,1,2023-05-31T19:52:59.5875747Z,0
2.4921,103.6474993,Daerah: Johor<br>No:787<br>Hex coord:(87;27),n/a,0,0,0,0,0,0,1,2023-05-31T19:53:00.2449438Z,0
2.49988,103.6610338,Daerah: Johor<br>No:788<br>Hex coord:(88;27),n/a,0,0,0,0,0,0,1,2023-05-31T19:53:00.9360515Z,0
2.4921,103.6745683,Daerah: Johor<br>No:789<br>Hex coord:(89;27),n/a,0,0,0,0,0,0,1,2023-05-31T19:53:01.5961720Z,0
2.49988,103.6881027,Daerah: Johor<br>No:790<br>Hex coord:(90;27),n/a,0,0,0,0,0,0,1,2023-05-31T19:53:02.2448265Z,0
2.4921,103.7016372,Daerah: Johor<br>No:791<br>Hex coord:(91;27),n/a,0,0,0,0,0,0,1,2023-05-31T19:53:02.9021549Z,0
2.49988,103.7151717,Daerah: Johor<br>No:792<br>Hex coord:(92;27),n/a,0,0,0,0,0,0,1,2023-05-31T19:53:03.5555675Z,0
2.4921,103.7287062,Daerah: Johor<br>No:793<br>Hex coord:(93;27),n/a,0,0,0,0,0,0,1,2023-05-31T19:53:04.2155042Z,0
2.49988,103.7422406,Daerah: Johor<br>No:794<br>Hex coord:(94;27),n/a,0,0,0,0,0,0,1,2023-05-31T19:53:04.8796690Z,0
2.4921,103.7557751,Daerah: Johor<br>No:795<br>Hex coord:(95;27),n/a,0,0,0,0,0,0,1,2023-05-31T19:53:05.5340674Z,0
2.49988,103.7693096,Daerah: Johor<br>No:796<br>Hex coord:(96;27),n/a,0,0,0,0,0,0,1,2023-05-31T19:53:06.1860758Z,0
2.4921,103.7828441,Daerah: Johor<br>No:797<br>Hex coord:(97;27),n/a,0,0,0,0,0,0,1,2023-05-31T19:53:06.8425908Z,0
2.49988,103.7963785,Daerah: Johor<br>No:798<br>Hex coord:(98;27),n/a,0,0,0,0,0,0,1,2023-05-31T19:53:07.4933481Z,1
2.4921,103.809913,Daerah: Johor<br>No:799<br>Hex coord:(99;27),n/a,0,0,0,0,0,0,1,2023-05-31T19:53:08.1483744Z,0
2.49988,103.8234475,Daerah: Johor<br>No:800<br>Hex coord:(100;27),n/a,0,0,0,0,0,0,1,2023-05-31T19:53:08.7916309Z,0
2.47654,102.6188792,Daerah: Johor<br>No:801<br>Hex coord:(11;28),n/a,0,0,0,0,0,0,1,2023-05-31T19:53:09.4493346Z,0
2.48432,102.6324137,Daerah: Johor<br>No:802<br>Hex coord:(12;28),n/a,0,0,0,0,0,0,1,2023-05-31T19:53:10.1144804Z,0
2.47654,102.6459482,Daerah: Johor<br>No:803<br>Hex coord:(13;28),n/a,0,0,0,0,0,0,1,2023-05-31T19:53:10.7655553Z,0
2.48432,102.6594826,Daerah: Johor<br>No:804<br>Hex coord:(14;28),n/a,0,0,0,0,0,0,1,2023-05-31T19:53:11.4169989Z,0
2.47654,102.6730171,Daerah: Johor<br>No:805<br>Hex coord:(15;28),n/a,0,0,0,0,0,0,1,2023-05-31T19:53:12.0781757Z,0
2.48432,102.6865516,Daerah: Johor<br>No:806<br>Hex coord:(16;28),n/a,0,0,0,0,0,0,1,2023-05-31T19:53:12.7380883Z,0
2.47654,102.7000861,Daerah: Johor<br>No:807<br>Hex coord:(17;28),n/a,0,0,0,0,0,0,1,2023-05-31T19:53:13.4004407Z,0
2.48432,102.7136205,Daerah: Johor<br>No:808<br>Hex coord:(18;28),n/a,0,0,0,0,0,0,1,2023-05-31T19:53:14.0571910Z,0
2.47654,102.727155,Daerah: Johor<br>No:809<br>Hex coord:(19;28),n/a,0,0,0,0,0,0,1,2023-05-31T19:53:14.7269299Z,0
2.48432,102.7406895,Daerah: Johor<br>No:810<br>Hex coord:(20;28),n/a,0,0,0,0,0,0,1,2023-05-31T19:53:15.3893340Z,0
2.47654,102.754224,Daerah: Johor<br>No:811<br>Hex coord:(21;28),n/a,0,0,0,0,0,0,1,2023-05-31T19:53:16.0477389Z,0
2.48432,102.7677584,Daerah: Johor<br>No:812<br>Hex coord:(22;28),n/a,0,0,0,0,0,0,1,2023-05-31T19:53:16.7085440Z,0
2.47654,102.7812929,Daerah: Johor<br>No:813<br>Hex coord:(23;28),n/a,0,0,0,0,0,0,1,2023-05-31T19:53:17.3613086Z,0
2.48432,102.7948274,Daerah: Johor<br>No:814<br>Hex coord:(24;28),n/a,0,0,0,0,0,0,1,2023-05-31T19:53:18.0139476Z,0
2.47654,102.8083619,Daerah: Johor<br>No:815<br>Hex coord:(25;28),n/a,0,0,0,0,0,0,1,2023-05-31T19:53:18.6697169Z,0
2.48432,102.8218963,Daerah: Johor<br>No:816<br>Hex coord:(26;28),n/a,0,0,0,0,0,0,1,2023-05-31T19:53:19.3295405Z,0
2.47654,102.8354308,Daerah: Johor<br>No:817<br>Hex coord:(27;28),n/a,0,0,0,0,0,0,1,2023-05-31T19:53:19.9823274Z,0
2.48432,102.8489653,Daerah: Johor<br>No:818<br>Hex coord:(28;28),n/a,0,0,0,0,0,0,1,2023-05-31T19:53:20.6497524Z,1
2.47654,102.8624998,Daerah: Johor<br>No:819<br>Hex coord:(29;28),n/a,0,0,0,0,0,0,1,2023-05-31T19:53:21.3051378Z,0
2.48432,102.8760342,Daerah: Johor<br>No:820<br>Hex coord:(30;28),n/a,0,0,0,0,0,0,1,2023-05-31T19:53:21.9595088Z,0
2.47654,102.8895687,Daerah: Johor<br>No:821<br>Hex coord:(31;28),n/a,0,0,0,0,0,0,1,2023-05-31T19:53:22.6111994Z,0
2.48432,102.9031032,Daerah: Johor<br>No:822<br>Hex coord:(32;28),n/a,0,0,0,0,0,0,1,2023-05-31T19:53:23.2662784Z,0
2.47654,102.9166377,Daerah: Johor<br>No:823<br>Hex coord:(33;28),n/a,0,0,0,0,0,0,1,2023-05-31T19:53:23.9186024Z,0
2.48432,102.9301721,Daerah: Johor<br>No:824<br>Hex coord:(34;28),n/a,0,0,0,0,0,0,1,2023-05-31T19:53:24.5708962Z,0
2.47654,102.9437066,Daerah: Johor<br>No:825<br>Hex coord:(35;28),n/a,0,0,0,0,0,0,1,2023-05-31T19:53:25.2289873Z,0
2.48432,102.9572411,Daerah: Johor<br>No:826<br>Hex coord:(36;28),n/a,0,0,0,0,0,0,1,2023-05-31T19:53:25.8877786Z,0
2.47654,102.9707756,Daerah: Johor<br>No:827<br>Hex coord:(37;28),n/a,0,0,0,0,0,0,1,2023-05-31T19:53:26.5430772Z,0
2.48432,102.98431,Daerah: Johor<br>No:828<br>Hex coord:(38;28),n/a,0,0,0,0,0,0,1,2023-05-31T19:53:27.1986962Z,0
2.47654,102.9978445,Daerah: Johor<br>No:829<br>Hex coord:(39;28),n/a,0,0,0,0,0,0,1,2023-05-31T19:53:27.8791431Z,0
2.48432,103.011379,Daerah: Johor<br>No:830<br>Hex coord:(40;28),n/a,0,0,0,0,0,0,1,2023-05-31T19:53:28.5338700Z,0
2.47654,103.0249135,Daerah: Johor<br>No:831<br>Hex coord:(41;28),n/a,0,0,0,0,0,0,1,2023-05-31T19:53:29.1964996Z,0
2.48432,103.0384479,Daerah: Johor<br>No:832<br>Hex coord:(42;28),n/a,0,0,0,0,0,0,1,2023-05-31T19:53:29.8484211Z,0
2.47654,103.0519824,Daerah: Johor<br>No:833<br>Hex coord:(43;28),n/a,0,0,0,0,0,0,1,2023-05-31T19:53:30.5071906Z,0
2.48432,103.0655169,Daerah: Johor<br>No:834<br>Hex coord:(44;28),n/a,0,0,0,0,0,0,1,2023-05-31T19:53:31.1758184Z,0
2.47654,103.0790514,Daerah: Johor<br>No:835<br>Hex coord:(45;28),n/a,0,0,0,0,0,0,1,2023-05-31T19:53:31.8349397Z,0
2.48432,103.0925858,Daerah: Johor<br>No:836<br>Hex coord:(46;28),n/a,0,0,0,0,0,0,1,2023-05-31T19:53:32.4910794Z,0
2.47654,103.1061203,Daerah: Johor<br>No:837<br>Hex coord:(47;28),n/a,0,0,0,0,0,0,1,2023-05-31T19:53:33.1489727Z,0
2.48432,103.1196548,Daerah: Johor<br>No:838<br>Hex coord:(48;28),n/a,0,0,0,0,0,0,1,2023-05-31T19:53:33.8032955Z,0
2.47654,103.1331893,Daerah: Johor<br>No:839<br>Hex coord:(49;28),n/a,0,0,0,0,0,0,1,2023-05-31T19:53:34.4964056Z,0
2.48432,103.1467237,Daerah: Johor<br>No:840<br>Hex coord:(50;28),n/a,0,0,0,0,0,0,1,2023-05-31T19:53:35.1730501Z,0
2.47654,103.1602582,Daerah: Johor<br>No:841<br>Hex coord:(51;28),n/a,0,0,0,0,0,0,1,2023-05-31T19:53:35.8390442Z,0
2.48432,103.1737927,Daerah: Johor<br>No:842<br>Hex coord:(52;28),n/a,0,0,0,0,0,0,1,2023-05-31T19:53:36.4887926Z,0
2.47654,103.1873272,Daerah: Johor<br>No:843<br>Hex coord:(53;28),n/a,0,0,0,0,0,0,1,2023-05-31T19:53:37.1486945Z,0
2.48432,103.2008616,Daerah: Johor<br>No:844<br>Hex coord:(54;28),n/a,0,0,0,0,0,0,1,2023-05-31T19:53:37.8054875Z,0
2.47654,103.2143961,Daerah: Johor<br>No:845<br>Hex coord:(55;28),n/a,0,0,0,0,0,0,1,2023-05-31T19:53:38.4605299Z,0
2.48432,103.2279306,Daerah: Johor<br>No:846<br>Hex coord:(56;28),n/a,0,0,0,0,0,0,1,2023-05-31T19:53:39.1280960Z,0
2.47654,103.2414651,Daerah: Johor<br>No:847<br>Hex coord:(57;28),n/a,0,0,0,0,0,0,1,2023-05-31T19:53:39.7856243Z,0
2.48432,103.2549995,Daerah: Johor<br>No:848<br>Hex coord:(58;28),n/a,0,0,0,0,0,0,1,2023-05-31T19:53:40.4315345Z,0
2.47654,103.268534,Daerah: Johor<br>No:849<br>Hex coord:(59;28),n/a,0,0,0,0,0,0,1,2023-05-31T19:53:41.0917397Z,0
2.48432,103.2820685,Daerah: Johor<br>No:850<br>Hex coord:(60;28),n/a,0,0,0,0,0,0,1,2023-05-31T19:53:41.7497607Z,0
2.47654,103.295603,Daerah: Johor<br>No:851<br>Hex coord:(61;28),n/a,0,0,0,0,0,0,1,2023-05-31T19:53:42.4078994Z,0
2.48432,103.3091374,Daerah: Johor<br>No:852<br>Hex coord:(62;28),n/a,0,0,0,0,0,0,1,2023-05-31T19:53:43.0561288Z,0
2.47654,103.3226719,Daerah: Johor<br>No:853<br>Hex coord:(63;28),n/a,0,0,0,0,0,0,1,2023-05-31T19:53:43.7143014Z,0
2.48432,103.3362064,Daerah: Johor<br>No:854<br>Hex coord:(64;28),n/a,0,0,0,0,0,0,1,2023-05-31T19:53:44.3703291Z,0
2.47654,103.3497409,Daerah: Johor<br>No:855<br>Hex coord:(65;28),n/a,0,0,0,0,0,0,1,2023-05-31T19:53:45.0294452Z,0
2.48432,103.3632753,Daerah: Johor<br>No:856<br>Hex coord:(66;28),n/a,0,0,0,0,0,0,1,2023-05-31T19:53:45.7099690Z,0
2.47654,103.3768098,Daerah: Johor<br>No:857<br>Hex coord:(67;28),n/a,0,0,0,0,0,0,1,2023-05-31T19:53:46.3699311Z,0
2.48432,103.3903443,Daerah: Johor<br>No:858<br>Hex coord:(68;28),n/a,0,0,0,0,0,0,1,2023-05-31T19:53:47.0262384Z,0
2.47654,103.4038788,Daerah: Johor<br>No:859<br>Hex coord:(69;28),n/a,0,0,0,0,0,0,1,2023-05-31T19:53:47.6900106Z,0
2.48432,103.4174132,Daerah: Johor<br>No:860<br>Hex coord:(70;28),n/a,0,0,0,0,0,0,1,2023-05-31T19:53:48.3478910Z,0
2.47654,103.4309477,Daerah: Johor<br>No:861<br>Hex coord:(71;28),n/a,0,0,0,0,0,0,1,2023-05-31T19:53:48.9982071Z,0
2.48432,103.4444822,Daerah: Johor<br>No:862<br>Hex coord:(72;28),n/a,0,0,0,0,0,0,1,2023-05-31T19:53:49.6534773Z,0
2.47654,103.4580167,Daerah: Johor<br>No:863<br>Hex coord:(73;28),n/a,0,0,0,0,0,0,1,2023-05-31T19:53:50.3101944Z,0
2.48432,103.4715511,Daerah: Johor<br>No:864<br>Hex coord:(74;28),n/a,0,0,0,0,0,0,1,2023-05-31T19:53:50.9608908Z,0
2.47654,103.4850856,Daerah: Johor<br>No:865<br>Hex coord:(75;28),n/a,0,0,0,0,0,0,1,2023-05-31T19:53:51.6185318Z,0
2.48432,103.4986201,Daerah: Johor<br>No:866<br>Hex coord:(76;28),n/a,0,0,0,0,0,0,1,2023-05-31T19:53:52.2812668Z,0
2.47654,103.5121546,Daerah: Johor<br>No:867<br>Hex coord:(77;28),n/a,0,0,0,0,0,0,1,2023-05-31T19:53:52.9555568Z,0
2.48432,103.525689,Daerah: Johor<br>No:868<br>Hex coord:(78;28),n/a,0,0,0,0,0,0,1,2023-05-31T19:53:53.6167364Z,0
2.47654,103.5392235,Daerah: Johor<br>No:869<br>Hex coord:(79;28),n/a,0,0,0,0,0,0,1,2023-05-31T19:53:54.2726793Z,0
2.48432,103.552758,Daerah: Johor<br>No:870<br>Hex coord:(80;28),n/a,0,0,0,0,0,0,1,2023-05-31T19:53:54.9337297Z,0
2.47654,103.5662925,Daerah: Johor<br>No:871<br>Hex coord:(81;28),n/a,0,0,0,0,0,0,1,2023-05-31T19:53:55.5988873Z,0
2.47654,103.6474993,Daerah: Johor<br>No:872<br>Hex coord:(87;28),n/a,0,0,0,0,0,0,1,2023-05-31T19:53:56.2554834Z,0
2.48432,103.6610338,Daerah: Johor<br>No:873<br>Hex coord:(88;28),n/a,0,0,0,0,0,0,1,2023-05-31T19:53:56.9134738Z,0
2.47654,103.6745683,Daerah: Johor<br>No:874<br>Hex coord:(89;28),n/a,0,0,0,0,0,0,1,2023-05-31T19:53:57.5687609Z,0
2.48432,103.6881027,Daerah: Johor<br>No:875<br>Hex coord:(90;28),n/a,0,0,0,0,0,0,1,2023-05-31T19:53:58.2233841Z,0
2.47654,103.7016372,Daerah: Johor<br>No:876<br>Hex coord:(91;28),n/a,0,0,0,0,0,0,1,2023-05-31T19:53:58.8772309Z,0
2.48432,103.7151717,Daerah: Johor<br>No:877<br>Hex coord:(92;28),n/a,0,0,0,0,0,0,1,2023-05-31T19:53:59.5337976Z,0
2.47654,103.7287062,Daerah: Johor<br>No:878<br>Hex coord:(93;28),n/a,0,0,0,0,0,0,1,2023-05-31T19:54:00.1903561Z,0
2.48432,103.7422406,Daerah: Johor<br>No:879<br>Hex coord:(94;28),n/a,0,0,0,0,0,0,1,2023-05-31T19:54:00.8447282Z,0
2.47654,103.7557751,Daerah: Johor<br>No:880<br>Hex coord:(95;28),n/a,0,0,0,0,0,0,1,2023-05-31T19:54:01.5557965Z,0
2.48432,103.7693096,Daerah: Johor<br>No:881<br>Hex coord:(96;28),n/a,0,0,0,0,0,0,1,2023-05-31T19:54:02.2149060Z,0
2.47654,103.7828441,Daerah: Johor<br>No:882<br>Hex coord:(97;28),n/a,0,0,0,0,0,0,1,2023-05-31T19:54:02.8696614Z,0
2.48432,103.7963785,Daerah: Johor<br>No:883<br>Hex coord:(98;28),n/a,0,0,0,0,0,0,1,2023-05-31T19:54:03.5280264Z,0
2.47654,103.809913,Daerah: Johor<br>No:884<br>Hex coord:(99;28),n/a,0,0,0,0,0,0,1,2023-05-31T19:54:04.1842395Z,0
2.46098,102.6188792,Daerah: Johor<br>No:885<br>Hex coord:(11;29),n/a,0,0,0,0,0,0,1,2023-05-31T19:54:04.8466184Z,0
2.46876,102.6324137,Daerah: Johor<br>No:886<br>Hex coord:(12;29),n/a,0,0,0,0,0,0,1,2023-05-31T19:54:05.5080705Z,0
2.46098,102.6459482,Daerah: Johor<br>No:887<br>Hex coord:(13;29),n/a,0,0,0,0,0,0,1,2023-05-31T19:54:06.1644631Z,0
2.46876,102.6594826,Daerah: Johor<br>No:888<br>Hex coord:(14;29),n/a,0,0,0,0,0,0,1,2023-05-31T19:54:06.8187598Z,0
2.46098,102.6730171,Daerah: Johor<br>No:889<br>Hex coord:(15;29),n/a,0,0,0,0,0,0,1,2023-05-31T19:54:07.4862117Z,0
2.46876,102.6865516,Daerah: Johor<br>No:890<br>Hex coord:(16;29),n/a,0,0,0,0,0,0,1,2023-05-31T19:54:08.1434959Z,0
2.46098,102.7000861,Daerah: Johor<br>No:891<br>Hex coord:(17;29),n/a,0,0,0,0,0,0,1,2023-05-31T19:54:08.8017601Z,0
2.46876,102.7136205,Daerah: Johor<br>No:892<br>Hex coord:(18;29),n/a,0,0,0,0,0,0,1,2023-05-31T19:54:09.4657606Z,0
2.46098,102.727155,Daerah: Johor<br>No:893<br>Hex coord:(19;29),n/a,0,0,0,0,0,0,1,2023-05-31T19:54:10.1348061Z,0
2.46876,102.7406895,Daerah: Johor<br>No:894<br>Hex coord:(20;29),n/a,0,0,0,0,0,0,1,2023-05-31T19:54:10.7886570Z,0
2.46098,102.754224,Daerah: Johor<br>No:895<br>Hex coord:(21;29),n/a,0,0,0,0,0,0,1,2023-05-31T19:54:11.4381672Z,0
2.46876,102.7677584,Daerah: Johor<br>No:896<br>Hex coord:(22;29),n/a,0,0,0,0,0,0,1,2023-05-31T19:54:12.0980628Z,0
2.46098,102.7812929,Daerah: Johor<br>No:897<br>Hex coord:(23;29),n/a,0,0,0,0,0,0,1,2023-05-31T19:54:12.7479480Z,0
2.46876,102.7948274,Daerah: Johor<br>No:898<br>Hex coord:(24;29),n/a,0,0,0,0,0,0,1,2023-05-31T19:54:13.4077551Z,0
2.46098,102.8083619,Daerah: Johor<br>No:899<br>Hex coord:(25;29),n/a,0,0,0,0,0,0,1,2023-05-31T19:54:14.0652895Z,0
2.46876,102.8218963,Daerah: Johor<br>No:900<br>Hex coord:(26;29),n/a,0,0,0,0,0,0,1,2023-05-31T19:54:14.7206981Z,0
2.46098,102.8354308,Daerah: Johor<br>No:901<br>Hex coord:(27;29),n/a,0,0,0,0,0,0,1,2023-05-31T19:54:15.3854077Z,0
2.46876,102.8489653,Daerah: Johor<br>No:902<br>Hex coord:(28;29),n/a,0,0,0,0,0,0,1,2023-05-31T19:54:16.0434832Z,0
2.46098,102.8624998,Daerah: Johor<br>No:903<br>Hex coord:(29;29),n/a,0,0,0,0,0,0,1,2023-05-31T19:54:16.7070158Z,0
2.46876,102.8760342,Daerah: Johor<br>No:904<br>Hex coord:(30;29),n/a,0,0,0,0,0,0,1,2023-05-31T19:54:17.3792623Z,0
2.46098,102.8895687,Daerah: Johor<br>No:905<br>Hex coord:(31;29),n/a,0,0,0,0,0,0,1,2023-05-31T19:54:18.0716184Z,0
2.46876,102.9031032,Daerah: Johor<br>No:906<br>Hex coord:(32;29),n/a,0,0,0,0,0,0,1,2023-05-31T19:54:18.7245696Z,0
2.46098,102.9166377,Daerah: Johor<br>No:907<br>Hex coord:(33;29),n/a,0,0,0,0,0,0,1,2023-05-31T19:54:19.3962644Z,0
2.46876,102.9301721,Daerah: Johor<br>No:908<br>Hex coord:(34;29),n/a,0,0,0,0,0,0,1,2023-05-31T19:54:20.0680015Z,0
2.46098,102.9437066,Daerah: Johor<br>No:909<br>Hex coord:(35;29),n/a,0,0,0,0,0,0,1,2023-05-31T19:54:20.7296563Z,0
2.46876,102.9572411,Daerah: Johor<br>No:910<br>Hex coord:(36;29),n/a,0,0,0,0,0,0,1,2023-05-31T19:54:21.4063807Z,0
2.46098,102.9707756,Daerah: Johor<br>No:911<br>Hex coord:(37;29),n/a,0,0,0,0,0,0,1,2023-05-31T19:54:22.0859423Z,1
2.46876,102.98431,Daerah: Johor<br>No:912<br>Hex coord:(38;29),n/a,0,0,0,0,0,0,1,2023-05-31T19:54:22.7388578Z,0
2.46098,102.9978445,Daerah: Johor<br>No:913<br>Hex coord:(39;29),n/a,0,0,0,0,0,0,1,2023-05-31T19:54:23.3950771Z,0
2.46876,103.011379,Daerah: Johor<br>No:914<br>Hex coord:(40;29),n/a,0,0,0,0,0,0,1,2023-05-31T19:54:24.0704344Z,0
2.46098,103.0249135,Daerah: Johor<br>No:915<br>Hex coord:(41;29),n/a,0,0,0,0,0,0,1,2023-05-31T19:54:24.7271542Z,0
2.46876,103.0384479,Daerah: Johor<br>No:916<br>Hex coord:(42;29),n/a,0,0,0,0,0,0,1,2023-05-31T19:54:25.3837245Z,0
2.46098,103.0519824,Daerah: Johor<br>No:917<br>Hex coord:(43;29),n/a,0,0,0,0,0,0,1,2023-05-31T19:54:26.0414786Z,0
2.46876,103.0655169,Daerah: Johor<br>No:918<br>Hex coord:(44;29),n/a,0,0,0,0,0,0,1,2023-05-31T19:54:26.7060359Z,0
2.46098,103.0790514,Daerah: Johor<br>No:919<br>Hex coord:(45;29),n/a,0,0,0,0,0,0,1,2023-05-31T19:54:27.3631174Z,0
2.46876,103.0925858,Daerah: Johor<br>No:920<br>Hex coord:(46;29),n/a,0,0,0,0,0,0,1,2023-05-31T19:54:28.0289257Z,0
2.46098,103.1061203,Daerah: Johor<br>No:921<br>Hex coord:(47;29),n/a,0,0,0,0,0,0,1,2023-05-31T19:54:28.6871515Z,0
2.46876,103.1196548,Daerah: Johor<br>No:922<br>Hex coord:(48;29),n/a,0,0,0,0,0,0,1,2023-05-31T19:54:29.3382221Z,0
2.46098,103.1331893,Daerah: Johor<br>No:923<br>Hex coord:(49;29),n/a,0,0,0,0,0,0,1,2023-05-31T19:54:29.9939622Z,0
2.46876,103.1467237,Daerah: Johor<br>No:924<br>Hex coord:(50;29),n/a,0,0,0,0,0,0,1,2023-05-31T19:54:30.6501083Z,0
2.46098,103.1602582,Daerah: Johor<br>No:925<br>Hex coord:(51;29),n/a,0,0,0,0,0,0,1,2023-05-31T19:54:31.3048461Z,0
2.46876,103.1737927,Daerah: Johor<br>No:926<br>Hex coord:(52;29),n/a,0,0,0,0,0,0,1,2023-05-31T19:54:31.9656493Z,0
2.46098,103.1873272,Daerah: Johor<br>No:927<br>Hex coord:(53;29),n/a,0,0,0,0,0,0,1,2023-05-31T19:54:32.6220491Z,0
2.46876,103.2008616,Daerah: Johor<br>No:928<br>Hex coord:(54;29),n/a,0,0,0,0,0,0,1,2023-05-31T19:54:33.2785493Z,0
2.46098,103.2143961,Daerah: Johor<br>No:929<br>Hex coord:(55;29),n/a,0,0,0,0,0,0,1,2023-05-31T19:54:33.9398330Z,0
2.46876,103.2279306,Daerah: Johor<br>No:930<br>Hex coord:(56;29),n/a,0,0,0,0,0,0,1,2023-05-31T19:54:34.5965160Z,0
2.46098,103.2414651,Daerah: Johor<br>No:931<br>Hex coord:(57;29),n/a,0,0,0,0,0,0,1,2023-05-31T19:54:35.2459590Z,0
2.46876,103.2549995,Daerah: Johor<br>No:932<br>Hex coord:(58;29),n/a,0,0,0,0,0,0,1,2023-05-31T19:54:35.9072930Z,0
2.46098,103.268534,Daerah: Johor<br>No:933<br>Hex coord:(59;29),n/a,0,0,0,0,0,0,1,2023-05-31T19:55:12.5948138Z,0
2.46876,103.2820685,Daerah: Johor<br>No:934<br>Hex coord:(60;29),n/a,0,0,0,0,0,0,1,2023-05-31T19:55:13.2974633Z,0
2.46098,103.295603,Daerah: Johor<br>No:935<br>Hex coord:(61;29),n/a,0,0,0,0,0,0,1,2023-05-31T19:55:13.9488024Z,0
2.46876,103.3091374,Daerah: Johor<br>No:936<br>Hex coord:(62;29),n/a,0,0,0,0,0,0,1,2023-05-31T19:55:14.6145773Z,0
2.46098,103.3226719,Daerah: Johor<br>No:937<br>Hex coord:(63;29),n/a,0,0,0,0,0,0,1,2023-05-31T19:55:15.2678079Z,0
2.46876,103.3362064,Daerah: Johor<br>No:938<br>Hex coord:(64;29),n/a,0,0,0,0,0,0,1,2023-05-31T19:55:15.9205353Z,0
2.46098,103.3497409,Daerah: Johor<br>No:939<br>Hex coord:(65;29),n/a,0,0,0,0,0,0,1,2023-05-31T19:55:16.5785343Z,0
2.46876,103.3632753,Daerah: Johor<br>No:940<br>Hex coord:(66;29),n/a,0,0,0,0,0,0,1,2023-05-31T19:55:17.2302327Z,0
2.46098,103.3768098,Daerah: Johor<br>No:941<br>Hex coord:(67;29),n/a,0,0,0,0,0,0,1,2023-05-31T19:55:17.8854822Z,0
2.46876,103.3903443,Daerah: Johor<br>No:942<br>Hex coord:(68;29),n/a,0,0,0,0,0,0,1,2023-05-31T19:55:18.5362178Z,0
2.46098,103.4038788,Daerah: Johor<br>No:943<br>Hex coord:(69;29),n/a,0,0,0,0,0,0,1,2023-05-31T19:55:19.1987983Z,0
2.46876,103.4174132,Daerah: Johor<br>No:944<br>Hex coord:(70;29),n/a,0,0,0,0,0,0,1,2023-05-31T19:55:19.8516365Z,0
2.46098,103.4309477,Daerah: Johor<br>No:945<br>Hex coord:(71;29),n/a,0,0,0,0,0,0,1,2023-05-31T19:55:20.5166222Z,0
2.46876,103.4444822,Daerah: Johor<br>No:946<br>Hex coord:(72;29),n/a,0,0,0,0,0,0,1,2023-05-31T19:55:21.1697382Z,0
2.46098,103.4580167,Daerah: Johor<br>No:947<br>Hex coord:(73;29),n/a,0,0,0,0,0,0,1,2023-05-31T19:55:21.8202928Z,0
2.46876,103.4715511,Daerah: Johor<br>No:948<br>Hex coord:(74;29),n/a,0,0,0,0,0,0,1,2023-05-31T19:55:22.4764458Z,0
2.46098,103.4850856,Daerah: Johor<br>No:949<br>Hex coord:(75;29),n/a,0,0,0,0,0,0,1,2023-05-31T19:55:23.1405726Z,0
2.46876,103.4986201,Daerah: Johor<br>No:950<br>Hex coord:(76;29),n/a,0,0,0,0,0,0,1,2023-05-31T19:55:23.7903613Z,0
2.46098,103.5121546,Daerah: Johor<br>No:951<br>Hex coord:(77;29),n/a,0,0,0,0,0,0,1,2023-05-31T19:55:24.4496207Z,0
2.46876,103.525689,Daerah: Johor<br>No:952<br>Hex coord:(78;29),n/a,0,0,0,0,0,0,1,2023-05-31T19:55:25.1099789Z,0
2.46098,103.5392235,Daerah: Johor<br>No:953<br>Hex coord:(79;29),n/a,0,0,0,0,0,0,1,2023-05-31T19:55:25.7826568Z,0
2.46876,103.552758,Daerah: Johor<br>No:954<br>Hex coord:(80;29),n/a,0,0,0,0,0,0,1,2023-05-31T19:55:26.4368613Z,0
2.46098,103.5662925,Daerah: Johor<br>No:955<br>Hex coord:(81;29),n/a,0,0,0,0,0,0,1,2023-05-31T19:55:27.0930344Z,0
2.46876,103.5798269,Daerah: Johor<br>No:956<br>Hex coord:(82;29),n/a,0,0,0,0,0,0,1,2023-05-31T19:55:27.7458401Z,0
2.46098,103.5933614,Daerah: Johor<br>No:957<br>Hex coord:(83;29),n/a,0,0,0,0,0,0,1,2023-05-31T19:55:28.4154287Z,0
2.46098,103.6204304,Daerah: Johor<br>No:958<br>Hex coord:(85;29),n/a,0,0,0,0,0,0,1,2023-05-31T19:55:29.0700972Z,0
2.46876,103.6339648,Daerah: Johor<br>No:959<br>Hex coord:(86;29),n/a,0,0,0,0,0,0,1,2023-05-31T19:55:29.7247449Z,0
2.46098,103.6474993,Daerah: Johor<br>No:960<br>Hex coord:(87;29),n/a,0,0,0,0,0,0,1,2023-05-31T19:55:30.3767119Z,0
2.46876,103.6610338,Daerah: Johor<br>No:961<br>Hex coord:(88;29),n/a,0,0,0,0,0,0,1,2023-05-31T19:55:31.0646622Z,0
2.46098,103.6745683,Daerah: Johor<br>No:962<br>Hex coord:(89;29),n/a,0,0,0,0,0,0,1,2023-05-31T19:55:31.7183569Z,0
2.46876,103.6881027,Daerah: Johor<br>No:963<br>Hex coord:(90;29),n/a,0,0,0,0,0,0,1,2023-05-31T19:55:32.3734137Z,0
2.46098,103.7016372,Daerah: Johor<br>No:964<br>Hex coord:(91;29),n/a,0,0,0,0,0,0,1,2023-05-31T19:55:33.0336135Z,0
2.46876,103.7151717,Daerah: Johor<br>No:965<br>Hex coord:(92;29),n/a,0,0,0,0,0,0,1,2023-05-31T19:55:33.6797411Z,0
2.46098,103.7287062,Daerah: Johor<br>No:966<br>Hex coord:(93;29),n/a,0,0,0,0,0,0,1,2023-05-31T19:55:34.3332486Z,0
2.46876,103.7422406,Daerah: Johor<br>No:967<br>Hex coord:(94;29),n/a,0,0,0,0,0,0,1,2023-05-31T19:55:35.0246707Z,0
2.46098,103.7557751,Daerah: Johor<br>No:968<br>Hex coord:(95;29),n/a,0,0,0,0,0,0,1,2023-05-31T19:55:35.6900364Z,0
2.46876,103.7693096,Daerah: Johor<br>No:969<br>Hex coord:(96;29),n/a,0,0,0,0,0,0,1,2023-05-31T19:55:36.3459752Z,0
2.46098,103.7828441,Daerah: Johor<br>No:970<br>Hex coord:(97;29),n/a,0,0,0,0,0,0,1,2023-05-31T19:55:36.9981705Z,0
2.46876,103.7963785,Daerah: Johor<br>No:971<br>Hex coord:(98;29),n/a,0,0,0,0,0,0,1,2023-05-31T19:55:37.6504964Z,0
2.46098,103.809913,Daerah: Johor<br>No:972<br>Hex coord:(99;29),n/a,0,0,0,0,0,0,1,2023-05-31T19:55:38.3156538Z,0
2.46876,103.8234475,Daerah: Johor<br>No:973<br>Hex coord:(100;29),n/a,0,0,0,0,0,0,1,2023-05-31T19:55:38.9724255Z,0
2.46098,104.5137057,Daerah: Johor<br>No:974<br>Hex coord:(151;29),n/a,0,0,0,0,0,0,1,2023-05-31T19:55:39.6325753Z,0
2.4532,102.6053447,Daerah: Johor<br>No:975<br>Hex coord:(10;30),n/a,0,0,0,0,0,0,1,2023-05-31T19:55:40.2917629Z,0
2.44542,102.6188792,Daerah: Johor<br>No:976<br>Hex coord:(11;30),n/a,0,0,0,0,0,0,1,2023-05-31T19:55:40.9456457Z,0
2.4532,102.6324137,Daerah: Johor<br>No:977<br>Hex coord:(12;30),n/a,0,0,0,0,0,0,1,2023-05-31T19:55:41.6123998Z,0
2.44542,102.6459482,Daerah: Johor<br>No:978<br>Hex coord:(13;30),n/a,0,0,0,0,0,0,1,2023-05-31T19:55:42.2696011Z,0
2.4532,102.6594826,Daerah: Johor<br>No:979<br>Hex coord:(14;30),n/a,0,0,0,0,0,0,1,2023-05-31T19:55:42.9188417Z,0
2.44542,102.6730171,Daerah: Johor<br>No:980<br>Hex coord:(15;30),n/a,0,0,0,0,0,0,1,2023-05-31T19:55:43.5710330Z,0
2.4532,102.6865516,Daerah: Johor<br>No:981<br>Hex coord:(16;30),n/a,0,0,0,0,0,0,1,2023-05-31T19:55:44.2358623Z,0
2.44542,102.7000861,Daerah: Johor<br>No:982<br>Hex coord:(17;30),n/a,0,0,0,0,0,0,1,2023-05-31T19:55:44.8949073Z,0
2.4532,102.7136205,Daerah: Johor<br>No:983<br>Hex coord:(18;30),n/a,0,0,0,0,0,0,1,2023-05-31T19:55:45.5633069Z,0
2.44542,102.727155,Daerah: Johor<br>No:984<br>Hex coord:(19;30),n/a,0,0,0,0,0,0,1,2023-05-31T19:55:46.2297746Z,0
2.4532,102.7406895,Daerah: Johor<br>No:985<br>Hex coord:(20;30),n/a,0,0,0,0,0,0,1,2023-05-31T19:55:46.8838974Z,0
2.44542,102.754224,Daerah: Johor<br>No:986<br>Hex coord:(21;30),n/a,0,0,0,0,0,0,1,2023-05-31T19:55:47.5409464Z,0
2.4532,102.7677584,Daerah: Johor<br>No:987<br>Hex coord:(22;30),n/a,0,0,0,0,0,0,1,2023-05-31T19:55:48.2196785Z,0
2.44542,102.7812929,Daerah: Johor<br>No:988<br>Hex coord:(23;30),n/a,0,0,0,0,0,0,1,2023-05-31T19:55:48.8716203Z,0
2.4532,102.7948274,Daerah: Johor<br>No:989<br>Hex coord:(24;30),n/a,0,0,0,0,0,0,1,2023-05-31T19:55:49.5277061Z,0
2.44542,102.8083619,Daerah: Johor<br>No:990<br>Hex coord:(25;30),n/a,0,0,0,0,0,0,1,2023-05-31T19:55:50.1864592Z,0
2.4532,102.8218963,Daerah: Johor<br>No:991<br>Hex coord:(26;30),n/a,0,0,0,0,0,0,1,2023-05-31T19:55:50.8389402Z,0
2.44542,102.8354308,Daerah: Johor<br>No:992<br>Hex coord:(27;30),n/a,0,0,0,0,0,0,1,2023-05-31T19:55:51.4950301Z,0
2.4532,102.8489653,Daerah: Johor<br>No:993<br>Hex coord:(28;30),n/a,0,0,0,0,0,0,1,2023-05-31T19:55:52.1805948Z,0
2.44542,102.8624998,Daerah: Johor<br>No:994<br>Hex coord:(29;30),n/a,0,0,0,0,0,0,1,2023-05-31T19:55:52.8401718Z,0
2.4532,102.8760342,Daerah: Johor<br>No:995<br>Hex coord:(30;30),n/a,0,0,0,0,0,0,1,2023-05-31T19:55:53.4972764Z,0
2.44542,102.8895687,Daerah: Johor<br>No:996<br>Hex coord:(31;30),n/a,0,0,0,0,0,0,1,2023-05-31T19:55:54.1479724Z,0
2.4532,102.9031032,Daerah: Johor<br>No:997<br>Hex coord:(32;30),n/a,0,0,0,0,0,0,1,2023-05-31T19:55:54.8021554Z,0
2.44542,102.9166377,Daerah: Johor<br>No:998<br>Hex coord:(33;30),n/a,0,0,0,0,0,0,1,2023-05-31T19:55:55.4563339Z,0
2.4532,102.9301721,Daerah: Johor<br>No:999<br>Hex coord:(34;30),n/a,0,0,0,0,0,0,1,2023-05-31T19:55:56.1128815Z,0
2.44542,102.9437066,Daerah: Johor<br>No:1000<br>Hex coord:(35;30),n/a,0,0,0,0,0,0,1,2023-05-31T19:55:56.7651239Z,0
2.4532,102.9572411,Daerah: Johor<br>No:1001<br>Hex coord:(36;30),n/a,0,0,0,0,0,0,1,2023-05-31T19:55:57.4278135Z,0
2.44542,102.9707756,Daerah: Johor<br>No:1002<br>Hex coord:(37;30),n/a,0,0,0,0,0,0,1,2023-05-31T19:55:58.0866051Z,0
2.4532,102.98431,Daerah: Johor<br>No:1003<br>Hex coord:(38;30),n/a,0,0,0,0,0,0,1,2023-05-31T19:55:58.7385755Z,1
2.44542,102.9978445,Daerah: Johor<br>No:1004<br>Hex coord:(39;30),n/a,0,0,0,0,0,0,1,2023-05-31T19:55:59.3844470Z,0
2.4532,103.011379,Daerah: Johor<br>No:1005<br>Hex coord:(40;30),n/a,0,0,0,0,0,0,1,2023-05-31T19:56:00.0411626Z,0
2.44542,103.0249135,Daerah: Johor<br>No:1006<br>Hex coord:(41;30),n/a,0,0,0,0,0,0,1,2023-05-31T19:56:00.7110728Z,0
2.4532,103.0384479,Daerah: Johor<br>No:1007<br>Hex coord:(42;30),n/a,0,0,0,0,0,0,1,2023-05-31T19:56:01.3758786Z,0
2.44542,103.0519824,Daerah: Johor<br>No:1008<br>Hex coord:(43;30),n/a,0,0,0,0,0,0,1,2023-05-31T19:56:38.0566705Z,0
2.4532,103.0655169,Daerah: Johor<br>No:1009<br>Hex coord:(44;30),n/a,0,0,0,0,0,0,1,2023-05-31T19:56:38.7216633Z,0
2.44542,103.0790514,Daerah: Johor<br>No:1010<br>Hex coord:(45;30),n/a,0,0,0,0,0,0,1,2023-05-31T19:56:39.3836199Z,0
2.4532,103.0925858,Daerah: Johor<br>No:1011<br>Hex coord:(46;30),n/a,0,0,0,0,0,0,1,2023-05-31T19:56:40.0344701Z,0
2.44542,103.1061203,Daerah: Johor<br>No:1012<br>Hex coord:(47;30),n/a,0,0,0,0,0,0,1,2023-05-31T19:56:40.6815850Z,0
2.4532,103.1196548,Daerah: Johor<br>No:1013<br>Hex coord:(48;30),n/a,0,0,0,0,0,0,1,2023-05-31T19:56:41.3382067Z,0
2.44542,103.1331893,Daerah: Johor<br>No:1014<br>Hex coord:(49;30),n/a,0,0,0,0,0,0,1,2023-05-31T19:56:42.0130976Z,0
2.4532,103.1467237,Daerah: Johor<br>No:1015<br>Hex coord:(50;30),n/a,0,0,0,0,0,0,1,2023-05-31T19:56:42.6604118Z,0
2.44542,103.1602582,Daerah: Johor<br>No:1016<br>Hex coord:(51;30),n/a,0,0,0,0,0,0,1,2023-05-31T19:56:43.3080354Z,0
2.4532,103.1737927,Daerah: Johor<br>No:1017<br>Hex coord:(52;30),n/a,0,0,0,0,0,0,1,2023-05-31T19:56:43.9689956Z,0
2.44542,103.1873272,Daerah: Johor<br>No:1018<br>Hex coord:(53;30),n/a,0,0,0,0,0,0,1,2023-05-31T19:56:44.6212931Z,0
2.4532,103.2008616,Daerah: Johor<br>No:1019<br>Hex coord:(54;30),n/a,0,0,0,0,0,0,1,2023-05-31T19:56:45.2966551Z,0
2.44542,103.2143961,Daerah: Johor<br>No:1020<br>Hex coord:(55;30),n/a,0,0,0,0,0,0,1,2023-05-31T19:56:45.9526264Z,0
2.4532,103.2279306,Daerah: Johor<br>No:1021<br>Hex coord:(56;30),n/a,0,0,0,0,0,0,1,2023-05-31T19:56:46.6337392Z,0
2.44542,103.2414651,Daerah: Johor<br>No:1022<br>Hex coord:(57;30),n/a,0,0,0,0,0,0,1,2023-05-31T19:56:47.3060419Z,0
2.4532,103.2549995,Daerah: Johor<br>No:1023<br>Hex coord:(58;30),n/a,0,0,0,0,0,0,1,2023-05-31T19:56:47.9688629Z,0
2.44542,103.268534,Daerah: Johor<br>No:1024<br>Hex coord:(59;30),n/a,0,0,0,0,0,0,1,2023-05-31T19:56:48.6322141Z,0
2.4532,103.2820685,Daerah: Johor<br>No:1025<br>Hex coord:(60;30),n/a,0,0,0,0,0,0,1,2023-05-31T19:56:49.3443713Z,0
2.44542,103.295603,Daerah: Johor<br>No:1026<br>Hex coord:(61;30),n/a,0,0,0,0,0,0,1,2023-05-31T19:56:49.9960656Z,0
2.4532,103.3091374,Daerah: Johor<br>No:1027<br>Hex coord:(62;30),n/a,0,0,0,0,0,0,1,2023-05-31T19:56:50.6495823Z,0
2.44542,103.3226719,Daerah: Johor<br>No:1028<br>Hex coord:(63;30),n/a,0,0,0,0,0,0,1,2023-05-31T19:56:51.2997325Z,0
2.4532,103.3362064,Daerah: Johor<br>No:1029<br>Hex coord:(64;30),n/a,0,0,0,0,0,0,1,2023-05-31T19:56:51.9614285Z,0
2.44542,103.3497409,Daerah: Johor<br>No:1030<br>Hex coord:(65;30),n/a,0,0,0,0,0,0,1,2023-05-31T19:56:52.6120874Z,0
2.4532,103.3632753,Daerah: Johor<br>No:1031<br>Hex coord:(66;30),n/a,0,0,0,0,0,0,1,2023-05-31T19:56:53.2660349Z,0
2.44542,103.3768098,Daerah: Johor<br>No:1032<br>Hex coord:(67;30),n/a,0,0,0,0,0,0,1,2023-05-31T19:56:53.9227337Z,0
2.4532,103.3903443,Daerah: Johor<br>No:1033<br>Hex coord:(68;30),n/a,0,0,0,0,0,0,1,2023-05-31T19:56:54.5712000Z,0
2.44542,103.4038788,Daerah: Johor<br>No:1034<br>Hex coord:(69;30),n/a,0,0,0,0,0,0,1,2023-05-31T19:56:55.2314295Z,0
2.4532,103.4174132,Daerah: Johor<br>No:1035<br>Hex coord:(70;30),n/a,0,0,0,0,0,0,1,2023-05-31T19:56:55.8900064Z,0
2.44542,103.4309477,Daerah: Johor<br>No:1036<br>Hex coord:(71;30),n/a,0,0,0,0,0,0,1,2023-05-31T19:56:56.5464469Z,0
2.4532,103.4444822,Daerah: Johor<br>No:1037<br>Hex coord:(72;30),n/a,0,0,0,0,0,0,1,2023-05-31T19:56:57.1969286Z,0
2.44542,103.4580167,Daerah: Johor<br>No:1038<br>Hex coord:(73;30),n/a,0,0,0,0,0,0,1,2023-05-31T19:56:57.8571112Z,0
2.4532,103.4715511,Daerah: Johor<br>No:1039<br>Hex coord:(74;30),n/a,0,0,0,0,0,0,1,2023-05-31T19:56:58.5115146Z,0
2.44542,103.4850856,Daerah: Johor<br>No:1040<br>Hex coord:(75;30),n/a,0,0,0,0,0,0,1,2023-05-31T19:56:59.1786029Z,0
2.4532,103.4986201,Daerah: Johor<br>No:1041<br>Hex coord:(76;30),n/a,0,0,0,0,0,0,1,2023-05-31T19:56:59.8361466Z,0
2.44542,103.5121546,Daerah: Johor<br>No:1042<br>Hex coord:(77;30),n/a,0,0,0,0,0,0,1,2023-05-31T19:57:00.4906375Z,0
2.4532,103.525689,Daerah: Johor<br>No:1043<br>Hex coord:(78;30),n/a,0,0,0,0,0,0,1,2023-05-31T19:57:01.1519654Z,0
2.44542,103.5392235,Daerah: Johor<br>No:1044<br>Hex coord:(79;30),n/a,0,0,0,0,0,0,1,2023-05-31T19:57:01.8571813Z,0
2.4532,103.552758,Daerah: Johor<br>No:1045<br>Hex coord:(80;30),n/a,0,0,0,0,0,0,1,2023-05-31T19:57:02.5172027Z,0
2.44542,103.5662925,Daerah: Johor<br>No:1046<br>Hex coord:(81;30),n/a,0,0,0,0,0,0,1,2023-05-31T19:57:03.1742462Z,0
2.4532,103.5798269,Daerah: Johor<br>No:1047<br>Hex coord:(82;30),n/a,0,0,0,0,0,0,1,2023-05-31T19:57:03.8256104Z,0
2.44542,103.5933614,Daerah: Johor<br>No:1048<br>Hex coord:(83;30),n/a,0,0,0,0,0,0,1,2023-05-31T19:57:04.4782794Z,0
2.4532,103.6068959,Daerah: Johor<br>No:1049<br>Hex coord:(84;30),n/a,0,0,0,0,0,0,1,2023-05-31T19:57:05.1396416Z,0
2.44542,103.6204304,Daerah: Johor<br>No:1050<br>Hex coord:(85;30),n/a,0,0,0,0,0,0,1,2023-05-31T19:57:05.7885217Z,0
2.4532,103.6339648,Daerah: Johor<br>No:1051<br>Hex coord:(86;30),n/a,0,0,0,0,0,0,1,2023-05-31T19:57:06.4456932Z,0
2.44542,103.6474993,Daerah: Johor<br>No:1052<br>Hex coord:(87;30),n/a,0,0,0,0,0,0,1,2023-05-31T19:57:07.1020225Z,0
2.4532,103.6610338,Daerah: Johor<br>No:1053<br>Hex coord:(88;30),n/a,0,0,0,0,0,0,1,2023-05-31T19:57:07.8054527Z,0
2.44542,103.6745683,Daerah: Johor<br>No:1054<br>Hex coord:(89;30),n/a,0,0,0,0,0,0,1,2023-05-31T19:57:08.4716648Z,0
2.4532,103.6881027,Daerah: Johor<br>No:1055<br>Hex coord:(90;30),n/a,0,0,0,0,0,0,1,2023-05-31T19:57:09.1329456Z,0
2.44542,103.7016372,Daerah: Johor<br>No:1056<br>Hex coord:(91;30),n/a,0,0,0,0,0,0,1,2023-05-31T19:57:09.7917164Z,0
2.4532,103.7151717,Daerah: Johor<br>No:1057<br>Hex coord:(92;30),n/a,0,0,0,0,0,0,1,2023-05-31T19:57:10.4446068Z,0
2.44542,103.7287062,Daerah: Johor<br>No:1058<br>Hex coord:(93;30),n/a,0,0,0,0,0,0,1,2023-05-31T19:57:11.1055644Z,0
2.4532,103.7422406,Daerah: Johor<br>No:1059<br>Hex coord:(94;30),n/a,0,0,0,0,0,0,1,2023-05-31T19:57:11.7561160Z,0
2.44542,103.7557751,Daerah: Johor<br>No:1060<br>Hex coord:(95;30),n/a,0,0,0,0,0,0,1,2023-05-31T19:57:12.4128032Z,0
2.4532,103.7693096,Daerah: Johor<br>No:1061<br>Hex coord:(96;30),n/a,0,0,0,0,0,0,1,2023-05-31T19:57:13.0661944Z,0
2.44542,103.7828441,Daerah: Johor<br>No:1062<br>Hex coord:(97;30),n/a,0,0,0,0,0,0,1,2023-05-31T19:57:13.7270122Z,0
2.4532,103.7963785,Daerah: Johor<br>No:1063<br>Hex coord:(98;30),n/a,0,0,0,0,0,0,1,2023-05-31T19:57:14.3833240Z,0
2.44542,103.809913,Daerah: Johor<br>No:1064<br>Hex coord:(99;30),n/a,0,0,0,0,0,0,1,2023-05-31T19:57:15.0424622Z,0
2.4532,103.8234475,Daerah: Johor<br>No:1065<br>Hex coord:(100;30),n/a,0,0,0,0,0,0,1,2023-05-31T19:57:15.7095254Z,0
2.44542,104.5137057,Daerah: Johor<br>No:1066<br>Hex coord:(151;30),n/a,0,0,0,0,0,0,1,2023-05-31T19:57:16.3588615Z,0
2.4532,104.5272402,Daerah: Johor<br>No:1067<br>Hex coord:(152;30),n/a,0,0,0,0,0,0,1,2023-05-31T19:57:17.0120329Z,0
2.43764,102.6053447,Daerah: Johor<br>No:1068<br>Hex coord:(10;31),n/a,0,0,0,0,0,0,1,2023-05-31T19:57:17.6721997Z,0
2.42986,102.6188792,Daerah: Johor<br>No:1069<br>Hex coord:(11;31),n/a,0,0,0,0,0,0,1,2023-05-31T19:57:18.3322108Z,0
2.43764,102.6324137,Daerah: Johor<br>No:1070<br>Hex coord:(12;31),n/a,0,0,0,0,0,0,1,2023-05-31T19:57:18.9865081Z,0
2.42986,102.6459482,Daerah: Johor<br>No:1071<br>Hex coord:(13;31),n/a,0,0,0,0,0,0,1,2023-05-31T19:57:19.6598501Z,0
2.43764,102.6594826,Daerah: Johor<br>No:1072<br>Hex coord:(14;31),n/a,0,0,0,0,0,0,1,2023-05-31T19:57:20.3131261Z,0
2.42986,102.6730171,Daerah: Johor<br>No:1073<br>Hex coord:(15;31),n/a,0,0,0,0,0,0,1,2023-05-31T19:57:20.9666979Z,1
2.43764,102.6865516,Daerah: Johor<br>No:1074<br>Hex coord:(16;31),n/a,0,0,0,0,0,0,1,2023-05-31T19:57:21.6177661Z,2
2.42986,102.7000861,Daerah: Johor<br>No:1075<br>Hex coord:(17;31),n/a,0,0,0,0,0,0,1,2023-05-31T19:57:22.2736596Z,0
2.43764,102.7136205,Daerah: Johor<br>No:1076<br>Hex coord:(18;31),n/a,0,0,0,0,0,0,1,2023-05-31T19:57:22.9408520Z,0
2.42986,102.727155,Daerah: Johor<br>No:1077<br>Hex coord:(19;31),n/a,0,0,0,0,0,0,1,2023-05-31T19:57:23.6109283Z,0
2.43764,102.7406895,Daerah: Johor<br>No:1078<br>Hex coord:(20;31),n/a,0,0,0,0,0,0,1,2023-05-31T19:57:24.2622216Z,0
2.42986,102.754224,Daerah: Johor<br>No:1079<br>Hex coord:(21;31),n/a,0,0,0,0,0,0,1,2023-05-31T19:57:24.9164815Z,0
2.43764,102.7677584,Daerah: Johor<br>No:1080<br>Hex coord:(22;31),n/a,0,0,0,0,0,0,1,2023-05-31T19:57:25.5767952Z,0
2.42986,102.7812929,Daerah: Johor<br>No:1081<br>Hex coord:(23;31),n/a,0,0,0,0,0,0,1,2023-05-31T19:57:26.2318075Z,0
2.43764,102.7948274,Daerah: Johor<br>No:1082<br>Hex coord:(24;31),n/a,0,0,0,0,0,0,1,2023-05-31T19:57:26.8873483Z,0
2.42986,102.8083619,Daerah: Johor<br>No:1083<br>Hex coord:(25;31),n/a,0,0,0,0,0,0,1,2023-05-31T19:57:27.5463971Z,0
2.43764,102.8218963,Daerah: Johor<br>No:1084<br>Hex coord:(26;31),n/a,0,0,0,0,0,0,1,2023-05-31T19:57:28.2041027Z,0
2.42986,102.8354308,Daerah: Johor<br>No:1085<br>Hex coord:(27;31),n/a,0,0,0,0,0,0,1,2023-05-31T19:57:28.8523277Z,0
2.43764,102.8489653,Daerah: Johor<br>No:1086<br>Hex coord:(28;31),n/a,0,0,0,0,0,0,1,2023-05-31T19:57:29.5217513Z,0
2.42986,102.8624998,Daerah: Johor<br>No:1087<br>Hex coord:(29;31),n/a,0,0,0,0,0,0,1,2023-05-31T19:57:30.1759234Z,0
2.43764,102.8760342,Daerah: Johor<br>No:1088<br>Hex coord:(30;31),n/a,0,0,0,0,0,0,1,2023-05-31T19:57:30.8275156Z,0
2.42986,102.8895687,Daerah: Johor<br>No:1089<br>Hex coord:(31;31),n/a,0,0,0,0,0,0,1,2023-05-31T19:57:31.4841721Z,0
2.43764,102.9031032,Daerah: Johor<br>No:1090<br>Hex coord:(32;31),n/a,0,0,0,0,0,0,1,2023-05-31T19:57:32.1335749Z,0
2.42986,102.9166377,Daerah: Johor<br>No:1091<br>Hex coord:(33;31),n/a,0,0,0,0,0,0,1,2023-05-31T19:57:32.8058433Z,0
2.43764,102.9301721,Daerah: Johor<br>No:1092<br>Hex coord:(34;31),n/a,0,0,0,0,0,0,1,2023-05-31T19:57:33.4574536Z,0
2.42986,102.9437066,Daerah: Johor<br>No:1093<br>Hex coord:(35;31),n/a,0,0,0,0,0,0,1,2023-05-31T19:57:34.1125895Z,0
2.43764,102.9572411,Daerah: Johor<br>No:1094<br>Hex coord:(36;31),n/a,0,0,0,0,0,0,1,2023-05-31T19:57:34.7607804Z,0
2.42986,102.9707756,Daerah: Johor<br>No:1095<br>Hex coord:(37;31),n/a,0,0,0,0,0,0,1,2023-05-31T19:57:35.4293233Z,0
2.43764,102.98431,Daerah: Johor<br>No:1096<br>Hex coord:(38;31),n/a,0,0,0,0,0,0,1,2023-05-31T19:57:36.0845722Z,0
2.42986,102.9978445,Daerah: Johor<br>No:1097<br>Hex coord:(39;31),n/a,0,0,0,0,0,0,1,2023-05-31T19:57:36.7421779Z,0
2.43764,103.011379,Daerah: Johor<br>No:1098<br>Hex coord:(40;31),n/a,0,0,0,0,0,0,1,2023-05-31T19:57:37.3979138Z,0
2.42986,103.0249135,Daerah: Johor<br>No:1099<br>Hex coord:(41;31),n/a,0,0,0,0,0,0,1,2023-05-31T19:57:38.0530035Z,0
2.43764,103.0384479,Daerah: Johor<br>No:1100<br>Hex coord:(42;31),n/a,0,0,0,0,0,0,1,2023-05-31T19:57:38.7073195Z,0
2.42986,103.0519824,Daerah: Johor<br>No:1101<br>Hex coord:(43;31),n/a,0,0,0,0,0,0,1,2023-05-31T19:57:39.3540824Z,0
2.43764,103.0655169,Daerah: Johor<br>No:1102<br>Hex coord:(44;31),n/a,0,0,0,0,0,0,1,2023-05-31T19:57:39.9990727Z,0
2.42986,103.0790514,Daerah: Johor<br>No:1103<br>Hex coord:(45;31),n/a,0,0,0,0,0,0,1,2023-05-31T19:57:40.6611514Z,0
2.43764,103.0925858,Daerah: Johor<br>No:1104<br>Hex coord:(46;31),n/a,0,0,0,0,0,0,1,2023-05-31T19:57:41.3104766Z,0
2.42986,103.1061203,Daerah: Johor<br>No:1105<br>Hex coord:(47;31),n/a,0,0,0,0,0,0,1,2023-05-31T19:57:41.9671532Z,0
2.43764,103.1196548,Daerah: Johor<br>No:1106<br>Hex coord:(48;31),n/a,0,0,0,0,0,0,1,2023-05-31T19:57:42.6238338Z,0
2.42986,103.1331893,Daerah: Johor<br>No:1107<br>Hex coord:(49;31),n/a,0,0,0,0,0,0,1,2023-05-31T19:57:43.2778030Z,0
2.43764,103.1467237,Daerah: Johor<br>No:1108<br>Hex coord:(50;31),n/a,0,0,0,0,0,0,1,2023-05-31T19:57:43.9400892Z,0
2.42986,103.1602582,Daerah: Johor<br>No:1109<br>Hex coord:(51;31),n/a,0,0,0,0,0,0,1,2023-05-31T19:57:44.6015735Z,0
2.43764,103.1737927,Daerah: Johor<br>No:1110<br>Hex coord:(52;31),n/a,0,0,0,0,0,0,1,2023-05-31T19:57:45.2591965Z,0
2.42986,103.1873272,Daerah: Johor<br>No:1111<br>Hex coord:(53;31),n/a,0,0,0,0,0,0,1,2023-05-31T19:57:45.9292461Z,0
2.43764,103.2008616,Daerah: Johor<br>No:1112<br>Hex coord:(54;31),n/a,0,0,0,0,0,0,1,2023-05-31T19:57:46.5900459Z,0
2.42986,103.2143961,Daerah: Johor<br>No:1113<br>Hex coord:(55;31),n/a,0,0,0,0,0,0,1,2023-05-31T19:57:47.2480208Z,0
2.43764,103.2279306,Daerah: Johor<br>No:1114<br>Hex coord:(56;31),n/a,0,0,0,0,0,0,1,2023-05-31T19:57:47.9117413Z,0
2.42986,103.2414651,Daerah: Johor<br>No:1115<br>Hex coord:(57;31),n/a,0,0,0,0,0,0,1,2023-05-31T19:57:48.5909499Z,0
2.43764,103.2549995,Daerah: Johor<br>No:1116<br>Hex coord:(58;31),n/a,0,0,0,0,0,0,1,2023-05-31T19:57:49.2453009Z,0
2.42986,103.268534,Daerah: Johor<br>No:1117<br>Hex coord:(59;31),n/a,0,0,0,0,0,0,1,2023-05-31T19:57:49.9134645Z,0
2.43764,103.2820685,Daerah: Johor<br>No:1118<br>Hex coord:(60;31),n/a,0,0,0,0,0,0,1,2023-05-31T19:57:50.5698144Z,0
2.42986,103.295603,Daerah: Johor<br>No:1119<br>Hex coord:(61;31),n/a,0,0,0,0,0,0,1,2023-05-31T19:57:51.2241955Z,0
2.43764,103.3091374,Daerah: Johor<br>No:1120<br>Hex coord:(62;31),n/a,0,0,0,0,0,0,1,2023-05-31T19:57:51.8962782Z,0
2.42986,103.3226719,Daerah: Johor<br>No:1121<br>Hex coord:(63;31),n/a,0,0,0,0,0,0,1,2023-05-31T19:57:52.5503651Z,0
2.43764,103.3362064,Daerah: Johor<br>No:1122<br>Hex coord:(64;31),n/a,0,0,0,0,0,0,1,2023-05-31T19:57:53.2067920Z,0
2.42986,103.3497409,Daerah: Johor<br>No:1123<br>Hex coord:(65;31),n/a,0,0,0,0,0,0,1,2023-05-31T19:57:53.8622907Z,0
2.43764,103.3632753,Daerah: Johor<br>No:1124<br>Hex coord:(66;31),n/a,0,0,0,0,0,0,1,2023-05-31T19:57:54.5137891Z,0
2.42986,103.3768098,Daerah: Johor<br>No:1125<br>Hex coord:(67;31),n/a,0,0,0,0,0,0,1,2023-05-31T19:57:55.1655386Z,0
2.43764,103.3903443,Daerah: Johor<br>No:1126<br>Hex coord:(68;31),n/a,0,0,0,0,0,0,1,2023-05-31T19:57:55.8245483Z,0
2.42986,103.4038788,Daerah: Johor<br>No:1127<br>Hex coord:(69;31),n/a,0,0,0,0,0,0,1,2023-05-31T19:57:56.4715630Z,0
2.43764,103.4174132,Daerah: Johor<br>No:1128<br>Hex coord:(70;31),n/a,0,0,0,0,0,0,1,2023-05-31T19:57:57.1246131Z,0
2.42986,103.4309477,Daerah: Johor<br>No:1129<br>Hex coord:(71;31),n/a,0,0,0,0,0,0,1,2023-05-31T19:57:57.7773565Z,0
2.43764,103.4444822,Daerah: Johor<br>No:1130<br>Hex coord:(72;31),n/a,0,0,0,0,0,0,1,2023-05-31T19:57:58.4376923Z,0
2.42986,103.4580167,Daerah: Johor<br>No:1131<br>Hex coord:(73;31),n/a,0,0,0,0,0,0,1,2023-05-31T19:57:59.0927629Z,0
2.43764,103.4715511,Daerah: Johor<br>No:1132<br>Hex coord:(74;31),n/a,0,0,0,0,0,0,1,2023-05-31T19:57:59.7508632Z,0
2.42986,103.4850856,Daerah: Johor<br>No:1133<br>Hex coord:(75;31),n/a,0,0,0,0,0,0,1,2023-05-31T19:58:00.4057262Z,0
2.43764,103.4986201,Daerah: Johor<br>No:1134<br>Hex coord:(76;31),n/a,0,0,0,0,0,0,1,2023-05-31T19:58:01.0717121Z,0
2.42986,103.5121546,Daerah: Johor<br>No:1135<br>Hex coord:(77;31),n/a,0,0,0,0,0,0,1,2023-05-31T19:58:01.7462891Z,0
2.43764,103.525689,Daerah: Johor<br>No:1136<br>Hex coord:(78;31),n/a,0,0,0,0,0,0,1,2023-05-31T19:58:02.4102550Z,0
2.42986,103.5392235,Daerah: Johor<br>No:1137<br>Hex coord:(79;31),n/a,0,0,0,0,0,0,1,2023-05-31T19:58:03.0855065Z,0
2.43764,103.552758,Daerah: Johor<br>No:1138<br>Hex coord:(80;31),n/a,0,0,0,0,0,0,1,2023-05-31T19:58:03.7563827Z,0
2.42986,103.5662925,Daerah: Johor<br>No:1139<br>Hex coord:(81;31),n/a,0,0,0,0,0,0,1,2023-05-31T19:58:04.4127454Z,0
2.43764,103.5798269,Daerah: Johor<br>No:1140<br>Hex coord:(82;31),n/a,0,0,0,0,0,0,1,2023-05-31T19:58:05.0692554Z,0
2.42986,103.5933614,Daerah: Johor<br>No:1141<br>Hex coord:(83;31),n/a,0,0,0,0,0,0,1,2023-05-31T19:58:05.7370765Z,0
2.43764,103.6068959,Daerah: Johor<br>No:1142<br>Hex coord:(84;31),n/a,0,0,0,0,0,0,1,2023-05-31T19:58:06.3914531Z,0
2.42986,103.6204304,Daerah: Johor<br>No:1143<br>Hex coord:(85;31),n/a,0,0,0,0,0,0,1,2023-05-31T19:58:07.0412953Z,0
2.43764,103.6339648,Daerah: Johor<br>No:1144<br>Hex coord:(86;31),n/a,0,0,0,0,0,0,1,2023-05-31T19:58:07.7003035Z,0
2.42986,103.6474993,Daerah: Johor<br>No:1145<br>Hex coord:(87;31),n/a,0,0,0,0,0,0,1,2023-05-31T19:58:08.3565897Z,0
2.43764,103.6610338,Daerah: Johor<br>No:1146<br>Hex coord:(88;31),n/a,0,0,0,0,0,0,1,2023-05-31T19:58:09.0098153Z,0
2.42986,103.6745683,Daerah: Johor<br>No:1147<br>Hex coord:(89;31),n/a,0,0,0,0,0,0,1,2023-05-31T19:58:09.6692764Z,0
2.43764,103.6881027,Daerah: Johor<br>No:1148<br>Hex coord:(90;31),n/a,0,0,0,0,0,0,1,2023-05-31T19:58:10.3266183Z,0
2.42986,103.7016372,Daerah: Johor<br>No:1149<br>Hex coord:(91;31),n/a,0,0,0,0,0,0,1,2023-05-31T19:58:10.9842965Z,0
2.43764,103.7151717,Daerah: Johor<br>No:1150<br>Hex coord:(92;31),n/a,0,0,0,0,0,0,1,2023-05-31T19:58:11.6401441Z,0
2.42986,103.7287062,Daerah: Johor<br>No:1151<br>Hex coord:(93;31),n/a,0,0,0,0,0,0,1,2023-05-31T19:58:12.2911977Z,0
2.43764,103.7422406,Daerah: Johor<br>No:1152<br>Hex coord:(94;31),n/a,0,0,0,0,0,0,1,2023-05-31T19:58:12.9559458Z,0
2.42986,103.7557751,Daerah: Johor<br>No:1153<br>Hex coord:(95;31),n/a,0,0,0,0,0,0,1,2023-05-31T19:58:13.6306535Z,0
2.43764,103.7693096,Daerah: Johor<br>No:1154<br>Hex coord:(96;31),n/a,0,0,0,0,0,0,1,2023-05-31T19:58:14.2787454Z,0
2.42986,103.7828441,Daerah: Johor<br>No:1155<br>Hex coord:(97;31),n/a,0,0,0,0,0,0,1,2023-05-31T19:58:14.9388790Z,0
2.43764,103.7963785,Daerah: Johor<br>No:1156<br>Hex coord:(98;31),n/a,0,0,0,0,0,0,1,2023-05-31T19:58:15.6035773Z,0
2.42986,103.809913,Daerah: Johor<br>No:1157<br>Hex coord:(99;31),n/a,0,0,0,0,0,0,1,2023-05-31T19:58:16.2628873Z,0
2.43764,103.8234475,Daerah: Johor<br>No:1158<br>Hex coord:(100;31),n/a,0,0,0,0,0,0,1,2023-05-31T19:58:16.9165166Z,0
2.42986,103.836982,Daerah: Johor<br>No:1159<br>Hex coord:(101;31),n/a,0,0,0,0,0,0,1,2023-05-31T19:58:17.5811562Z,0
2.43764,103.9858612,Daerah: Johor<br>No:1160<br>Hex coord:(112;31),n/a,0,0,0,0,0,0,1,2023-05-31T19:58:18.2371908Z,0
2.43764,104.5272402,Daerah: Johor<br>No:1161<br>Hex coord:(152;31),n/a,0,0,0,0,0,0,1,2023-05-31T19:58:18.8934033Z,0
2.42208,102.6053447,Daerah: Johor<br>No:1162<br>Hex coord:(10;32),n/a,0,0,0,0,0,0,1,2023-05-31T19:58:19.5438345Z,0
2.4143,102.6188792,Daerah: Johor<br>No:1163<br>Hex coord:(11;32),n/a,0,0,0,0,0,0,1,2023-05-31T19:58:20.1946886Z,0
2.42208,102.6324137,Daerah: Johor<br>No:1164<br>Hex coord:(12;32),n/a,0,0,0,0,0,0,1,2023-05-31T19:58:20.8546551Z,0
2.4143,102.6459482,Daerah: Johor<br>No:1165<br>Hex coord:(13;32),n/a,0,0,0,0,0,0,1,2023-05-31T19:58:21.5204791Z,0
2.42208,102.6594826,Daerah: Johor<br>No:1166<br>Hex coord:(14;32),n/a,0,0,0,0,0,0,1,2023-05-31T19:58:22.1759178Z,0
2.4143,102.6730171,Daerah: Johor<br>No:1167<br>Hex coord:(15;32),n/a,0,0,0,0,0,0,1,2023-05-31T19:58:22.8349724Z,0
2.42208,102.6865516,Daerah: Johor<br>No:1168<br>Hex coord:(16;32),n/a,0,0,0,0,0,0,1,2023-05-31T19:58:23.4939092Z,0
2.4143,102.7000861,Daerah: Johor<br>No:1169<br>Hex coord:(17;32),n/a,0,0,0,0,0,0,1,2023-05-31T19:58:24.1507538Z,0
2.42208,102.7136205,Daerah: Johor<br>No:1170<br>Hex coord:(18;32),n/a,0,0,0,0,0,0,1,2023-05-31T19:58:24.8165671Z,0
2.4143,102.727155,Daerah: Johor<br>No:1171<br>Hex coord:(19;32),n/a,0,0,0,0,0,0,1,2023-05-31T19:58:25.4707459Z,0
2.42208,102.7406895,Daerah: Johor<br>No:1172<br>Hex coord:(20;32),n/a,0,0,0,0,0,0,1,2023-05-31T19:58:26.1259295Z,0
2.4143,102.754224,Daerah: Johor<br>No:1173<br>Hex coord:(21;32),n/a,0,0,0,0,0,0,1,2023-05-31T19:58:26.7809508Z,0
2.42208,102.7677584,Daerah: Johor<br>No:1174<br>Hex coord:(22;32),n/a,0,0,0,0,0,0,1,2023-05-31T19:58:27.4329301Z,0
2.4143,102.7812929,Daerah: Johor<br>No:1175<br>Hex coord:(23;32),n/a,0,0,0,0,0,0,1,2023-05-31T19:58:28.0903280Z,0
2.42208,102.7948274,Daerah: Johor<br>No:1176<br>Hex coord:(24;32),n/a,0,0,0,0,0,0,1,2023-05-31T19:58:28.7436778Z,0
2.4143,102.8083619,Daerah: Johor<br>No:1177<br>Hex coord:(25;32),n/a,0,0,0,0,0,0,1,2023-05-31T19:58:29.4121552Z,0
2.42208,102.8218963,Daerah: Johor<br>No:1178<br>Hex coord:(26;32),n/a,0,0,0,0,0,0,1,2023-05-31T19:58:30.0637747Z,0
2.4143,102.8354308,Daerah: Johor<br>No:1179<br>Hex coord:(27;32),n/a,0,0,0,0,0,0,1,2023-05-31T19:58:30.7097542Z,0
2.42208,102.8489653,Daerah: Johor<br>No:1180<br>Hex coord:(28;32),n/a,0,0,0,0,0,0,1,2023-05-31T19:58:31.3674153Z,0
2.4143,102.8624998,Daerah: Johor<br>No:1181<br>Hex coord:(29;32),n/a,0,0,0,0,0,0,1,2023-05-31T19:58:32.0263927Z,0
2.42208,102.8760342,Daerah: Johor<br>No:1182<br>Hex coord:(30;32),n/a,0,0,0,0,0,0,1,2023-05-31T19:58:32.6925353Z,0
2.4143,102.8895687,Daerah: Johor<br>No:1183<br>Hex coord:(31;32),n/a,0,0,0,0,0,0,1,2023-05-31T19:58:33.3462804Z,0
2.42208,102.9031032,Daerah: Johor<br>No:1184<br>Hex coord:(32;32),n/a,0,0,0,0,0,0,1,2023-05-31T19:58:33.9994245Z,0
2.4143,102.9166377,Daerah: Johor<br>No:1185<br>Hex coord:(33;32),n/a,0,0,0,0,0,0,1,2023-05-31T19:58:34.6559540Z,0
2.42208,102.9301721,Daerah: Johor<br>No:1186<br>Hex coord:(34;32),n/a,0,0,0,0,0,0,1,2023-05-31T19:58:35.3135097Z,0
2.4143,102.9437066,Daerah: Johor<br>No:1187<br>Hex coord:(35;32),n/a,0,0,0,0,0,0,1,2023-05-31T19:58:35.9627446Z,0
2.42208,102.9572411,Daerah: Johor<br>No:1188<br>Hex coord:(36;32),n/a,0,0,0,0,0,0,1,2023-05-31T19:59:12.6549373Z,0
2.4143,102.9707756,Daerah: Johor<br>No:1189<br>Hex coord:(37;32),n/a,0,0,0,0,0,0,1,2023-05-31T19:59:13.3458421Z,0
2.42208,102.98431,Daerah: Johor<br>No:1190<br>Hex coord:(38;32),n/a,0,0,0,0,0,0,1,2023-05-31T19:59:14.0098228Z,0
2.4143,102.9978445,Daerah: Johor<br>No:1191<br>Hex coord:(39;32),n/a,0,0,0,0,0,0,1,2023-05-31T19:59:14.6777507Z,0
2.42208,103.011379,Daerah: Johor<br>No:1192<br>Hex coord:(40;32),n/a,0,0,0,0,0,0,1,2023-05-31T19:59:15.3323177Z,0
2.4143,103.0249135,Daerah: Johor<br>No:1193<br>Hex coord:(41;32),n/a,0,0,0,0,0,0,1,2023-05-31T19:59:15.9863045Z,0
2.42208,103.0384479,Daerah: Johor<br>No:1194<br>Hex coord:(42;32),n/a,0,0,0,0,0,0,1,2023-05-31T19:59:16.6416017Z,0
2.4143,103.0519824,Daerah: Johor<br>No:1195<br>Hex coord:(43;32),n/a,0,0,0,0,0,0,1,2023-05-31T19:59:17.2942382Z,0
2.42208,103.0655169,Daerah: Johor<br>No:1196<br>Hex coord:(44;32),n/a,0,0,0,0,0,0,1,2023-05-31T19:59:17.9502766Z,0
2.4143,103.0790514,Daerah: Johor<br>No:1197<br>Hex coord:(45;32),n/a,0,0,0,0,0,0,1,2023-05-31T19:59:18.6126045Z,0
2.42208,103.0925858,Daerah: Johor<br>No:1198<br>Hex coord:(46;32),n/a,0,0,0,0,0,0,1,2023-05-31T19:59:19.2591788Z,0
2.4143,103.1061203,Daerah: Johor<br>No:1199<br>Hex coord:(47;32),n/a,0,0,0,0,0,0,1,2023-05-31T19:59:19.9143038Z,0
2.42208,103.1196548,Daerah: Johor<br>No:1200<br>Hex coord:(48;32),n/a,0,0,0,0,0,0,1,2023-05-31T19:59:20.5734323Z,0
2.4143,103.1331893,Daerah: Johor<br>No:1201<br>Hex coord:(49;32),n/a,0,0,0,0,0,0,1,2023-05-31T19:59:21.4421054Z,0
2.42208,103.1467237,Daerah: Johor<br>No:1202<br>Hex coord:(50;32),n/a,0,0,0,0,0,0,1,2023-05-31T19:59:22.0939235Z,0
2.4143,103.1602582,Daerah: Johor<br>No:1203<br>Hex coord:(51;32),n/a,0,0,0,0,0,0,1,2023-05-31T19:59:22.7507109Z,0
2.42208,103.1737927,Daerah: Johor<br>No:1204<br>Hex coord:(52;32),n/a,0,0,0,0,0,0,1,2023-05-31T19:59:23.4022837Z,0
2.4143,103.1873272,Daerah: Johor<br>No:1205<br>Hex coord:(53;32),n/a,0,0,0,0,0,0,1,2023-05-31T19:59:24.0672979Z,0
2.42208,103.2008616,Daerah: Johor<br>No:1206<br>Hex coord:(54;32),n/a,0,0,0,0,0,0,1,2023-05-31T19:59:24.7248013Z,0
2.4143,103.2143961,Daerah: Johor<br>No:1207<br>Hex coord:(55;32),n/a,0,0,0,0,0,0,1,2023-05-31T19:59:25.3782094Z,0
2.42208,103.2279306,Daerah: Johor<br>No:1208<br>Hex coord:(56;32),n/a,0,0,0,0,0,0,1,2023-05-31T19:59:26.0331308Z,0
2.4143,103.2414651,Daerah: Johor<br>No:1209<br>Hex coord:(57;32),n/a,0,0,0,0,0,0,1,2023-05-31T19:59:28.4181324Z,0
2.42208,103.2549995,Daerah: Johor<br>No:1210<br>Hex coord:(58;32),n/a,0,0,0,0,0,0,1,2023-05-31T19:59:29.0774288Z,0
2.4143,103.268534,Daerah: Johor<br>No:1211<br>Hex coord:(59;32),n/a,0,0,0,0,0,0,1,2023-05-31T19:59:29.7357259Z,0
2.42208,103.2820685,Daerah: Johor<br>No:1212<br>Hex coord:(60;32),n/a,0,0,0,0,0,0,1,2023-05-31T19:59:30.3861808Z,0
2.4143,103.295603,Daerah: Johor<br>No:1213<br>Hex coord:(61;32),n/a,0,0,0,0,0,0,1,2023-05-31T19:59:31.0494579Z,0
2.42208,103.3091374,Daerah: Johor<br>No:1214<br>Hex coord:(62;32),n/a,0,0,0,0,0,0,1,2023-05-31T19:59:31.7008173Z,0
2.4143,103.3226719,Daerah: Johor<br>No:1215<br>Hex coord:(63;32),n/a,0,0,0,0,0,0,1,2023-05-31T19:59:32.3591935Z,0
2.42208,103.3362064,Daerah: Johor<br>No:1216<br>Hex coord:(64;32),n/a,0,0,0,0,0,0,1,2023-05-31T19:59:33.0140746Z,0
2.4143,103.3497409,Daerah: Johor<br>No:1217<br>Hex coord:(65;32),n/a,0,0,0,0,0,0,1,2023-05-31T19:59:33.6704917Z,0
2.42208,103.3632753,Daerah: Johor<br>No:1218<br>Hex coord:(66;32),n/a,0,0,0,0,0,0,1,2023-05-31T19:59:34.3178441Z,0
2.4143,103.3768098,Daerah: Johor<br>No:1219<br>Hex coord:(67;32),n/a,0,0,0,0,0,0,1,2023-05-31T19:59:34.9722705Z,0
2.42208,103.3903443,Daerah: Johor<br>No:1220<br>Hex coord:(68;32),n/a,0,0,0,0,0,0,1,2023-05-31T19:59:35.6342012Z,0
2.4143,103.4038788,Daerah: Johor<br>No:1221<br>Hex coord:(69;32),n/a,0,0,0,0,0,0,1,2023-05-31T19:59:36.2852825Z,0
2.42208,103.4174132,Daerah: Johor<br>No:1222<br>Hex coord:(70;32),n/a,0,0,0,0,0,0,1,2023-05-31T19:59:36.9471949Z,0
2.4143,103.4309477,Daerah: Johor<br>No:1223<br>Hex coord:(71;32),n/a,0,0,0,0,0,0,1,2023-05-31T19:59:37.6068186Z,0
2.42208,103.4444822,Daerah: Johor<br>No:1224<br>Hex coord:(72;32),n/a,0,0,0,0,0,0,1,2023-05-31T19:59:38.2713141Z,0
2.4143,103.4580167,Daerah: Johor<br>No:1225<br>Hex coord:(73;32),n/a,0,0,0,0,0,0,1,2023-05-31T19:59:38.9446520Z,0
2.42208,103.4715511,Daerah: Johor<br>No:1226<br>Hex coord:(74;32),n/a,0,0,0,0,0,0,1,2023-05-31T19:59:39.5976483Z,0
2.4143,103.4850856,Daerah: Johor<br>No:1227<br>Hex coord:(75;32),n/a,0,0,0,0,0,0,1,2023-05-31T19:59:40.2547195Z,0
2.42208,103.4986201,Daerah: Johor<br>No:1228<br>Hex coord:(76;32),n/a,0,0,0,0,0,0,1,2023-05-31T19:59:40.9072824Z,0
2.4143,103.5121546,Daerah: Johor<br>No:1229<br>Hex coord:(77;32),n/a,0,0,0,0,0,0,1,2023-05-31T19:59:41.5613683Z,0
2.42208,103.525689,Daerah: Johor<br>No:1230<br>Hex coord:(78;32),n/a,0,0,0,0,0,0,1,2023-05-31T19:59:42.2115384Z,0
2.4143,103.5392235,Daerah: Johor<br>No:1231<br>Hex coord:(79;32),n/a,0,0,0,0,0,0,1,2023-05-31T19:59:42.8684877Z,0
2.42208,103.552758,Daerah: Johor<br>No:1232<br>Hex coord:(80;32),n/a,0,0,0,0,0,0,1,2023-05-31T19:59:43.5234569Z,0
2.4143,103.5662925,Daerah: Johor<br>No:1233<br>Hex coord:(81;32),n/a,0,0,0,0,0,0,1,2023-05-31T19:59:44.1785008Z,0
2.42208,103.5798269,Daerah: Johor<br>No:1234<br>Hex coord:(82;32),n/a,0,0,0,0,0,0,1,2023-05-31T19:59:44.8429623Z,0
2.4143,103.5933614,Daerah: Johor<br>No:1235<br>Hex coord:(83;32),n/a,0,0,0,0,0,0,1,2023-05-31T20:00:21.5187473Z,0
2.42208,103.6068959,Daerah: Johor<br>No:1236<br>Hex coord:(84;32),n/a,0,0,0,0,0,0,1,2023-05-31T20:00:22.1817704Z,0
2.4143,103.6204304,Daerah: Johor<br>No:1237<br>Hex coord:(85;32),n/a,0,0,0,0,0,0,1,2023-05-31T20:00:22.8432608Z,0
2.42208,103.6339648,Daerah: Johor<br>No:1238<br>Hex coord:(86;32),n/a,0,0,0,0,0,0,1,2023-05-31T20:00:23.4962600Z,0
2.4143,103.6474993,Daerah: Johor<br>No:1239<br>Hex coord:(87;32),n/a,0,0,0,0,0,0,1,2023-05-31T20:00:24.1584611Z,0
2.42208,103.6610338,Daerah: Johor<br>No:1240<br>Hex coord:(88;32),n/a,0,0,0,0,0,0,1,2023-05-31T20:00:24.8068212Z,0
2.4143,103.6745683,Daerah: Johor<br>No:1241<br>Hex coord:(89;32),n/a,0,0,0,0,0,0,1,2023-05-31T20:00:25.4657210Z,0
2.42208,103.6881027,Daerah: Johor<br>No:1242<br>Hex coord:(90;32),n/a,0,0,0,0,0,0,1,2023-05-31T20:00:26.1237968Z,0
2.4143,103.7016372,Daerah: Johor<br>No:1243<br>Hex coord:(91;32),n/a,0,0,0,0,0,0,1,2023-05-31T20:00:26.7716568Z,0
2.42208,103.7151717,Daerah: Johor<br>No:1244<br>Hex coord:(92;32),n/a,0,0,0,0,0,0,1,2023-05-31T20:00:27.4423938Z,0
2.4143,103.7287062,Daerah: Johor<br>No:1245<br>Hex coord:(93;32),n/a,0,0,0,0,0,0,1,2023-05-31T20:00:28.0955089Z,0
2.42208,103.7422406,Daerah: Johor<br>No:1246<br>Hex coord:(94;32),n/a,0,0,0,0,0,0,1,2023-05-31T20:00:28.7473969Z,0
2.4143,103.7557751,Daerah: Johor<br>No:1247<br>Hex coord:(95;32),n/a,0,0,0,0,0,0,1,2023-05-31T20:00:29.4023279Z,0
2.42208,103.7693096,Daerah: Johor<br>No:1248<br>Hex coord:(96;32),n/a,0,0,0,0,0,0,1,2023-05-31T20:00:30.0594421Z,0
2.4143,103.7828441,Daerah: Johor<br>No:1249<br>Hex coord:(97;32),n/a,0,0,0,0,0,0,1,2023-05-31T20:00:30.7058493Z,0
2.42208,103.7963785,Daerah: Johor<br>No:1250<br>Hex coord:(98;32),n/a,0,0,0,0,0,0,1,2023-05-31T20:00:31.3744834Z,0
2.4143,103.809913,Daerah: Johor<br>No:1251<br>Hex coord:(99;32),n/a,0,0,0,0,0,0,1,2023-05-31T20:00:32.0481342Z,0
2.42208,103.8234475,Daerah: Johor<br>No:1252<br>Hex coord:(100;32),n/a,0,0,0,0,0,0,1,2023-05-31T20:00:32.7056139Z,1
2.4143,103.836982,Daerah: Johor<br>No:1253<br>Hex coord:(101;32),n/a,0,0,0,0,0,0,1,2023-05-31T20:00:33.3666509Z,0
2.42208,103.8505164,Daerah: Johor<br>No:1254<br>Hex coord:(102;32),n/a,0,0,0,0,0,0,1,2023-05-31T20:00:34.0337338Z,0
2.39874,102.5918103,Daerah: Johor<br>No:1255<br>Hex coord:(9;33),n/a,0,0,0,0,0,0,1,2023-05-31T20:00:34.6835610Z,0
2.40652,102.6053447,Daerah: Johor<br>No:1256<br>Hex coord:(10;33),n/a,0,0,0,0,0,0,1,2023-05-31T20:00:35.3361100Z,0
2.39874,102.6188792,Daerah: Johor<br>No:1257<br>Hex coord:(11;33),n/a,0,0,0,0,0,0,1,2023-05-31T20:00:35.9963679Z,0
2.40652,102.6324137,Daerah: Johor<br>No:1258<br>Hex coord:(12;33),n/a,0,0,0,0,0,0,1,2023-05-31T20:00:36.6494273Z,0
2.39874,102.6459482,Daerah: Johor<br>No:1259<br>Hex coord:(13;33),n/a,0,0,0,0,0,0,1,2023-05-31T20:00:37.3069702Z,0
2.40652,102.6594826,Daerah: Johor<br>No:1260<br>Hex coord:(14;33),n/a,0,0,0,0,0,0,1,2023-05-31T20:00:37.9830230Z,0
2.39874,102.6730171,Daerah: Johor<br>No:1261<br>Hex coord:(15;33),n/a,0,0,0,0,0,0,1,2023-05-31T20:00:38.6605670Z,0
2.40652,102.6865516,Daerah: Johor<br>No:1262<br>Hex coord:(16;33),n/a,0,0,0,0,0,0,1,2023-05-31T20:00:39.3157520Z,0
2.39874,102.7000861,Daerah: Johor<br>No:1263<br>Hex coord:(17;33),n/a,0,0,0,0,0,0,1,2023-05-31T20:00:39.9712831Z,0
2.40652,102.7136205,Daerah: Johor<br>No:1264<br>Hex coord:(18;33),n/a,0,0,0,0,0,0,1,2023-05-31T20:00:40.6224783Z,0
2.39874,102.727155,Daerah: Johor<br>No:1265<br>Hex coord:(19;33),n/a,0,0,0,0,0,0,1,2023-05-31T20:00:41.2828427Z,0
2.40652,102.7406895,Daerah: Johor<br>No:1266<br>Hex coord:(20;33),n/a,0,0,0,0,0,0,1,2023-05-31T20:00:41.9552398Z,0
2.39874,102.754224,Daerah: Johor<br>No:1267<br>Hex coord:(21;33),n/a,0,0,0,0,0,0,1,2023-05-31T20:00:42.6153587Z,0
2.40652,102.7677584,Daerah: Johor<br>No:1268<br>Hex coord:(22;33),n/a,0,0,0,0,0,0,1,2023-05-31T20:00:43.2715955Z,0
2.39874,102.7812929,Daerah: Johor<br>No:1269<br>Hex coord:(23;33),n/a,0,0,0,0,0,0,1,2023-05-31T20:00:43.9225566Z,0
2.40652,102.7948274,Daerah: Johor<br>No:1270<br>Hex coord:(24;33),n/a,0,0,0,0,0,0,1,2023-05-31T20:00:44.5811836Z,0
2.39874,102.8083619,Daerah: Johor<br>No:1271<br>Hex coord:(25;33),n/a,0,0,0,0,0,0,1,2023-05-31T20:00:45.2473294Z,0
2.40652,102.8218963,Daerah: Johor<br>No:1272<br>Hex coord:(26;33),n/a,0,0,0,0,0,0,1,2023-05-31T20:00:45.9100032Z,0
2.39874,102.8354308,Daerah: Johor<br>No:1273<br>Hex coord:(27;33),n/a,0,0,0,0,0,0,1,2023-05-31T20:00:46.5615410Z,0
2.40652,102.8489653,Daerah: Johor<br>No:1274<br>Hex coord:(28;33),n/a,0,0,0,0,0,0,1,2023-05-31T20:00:47.2183836Z,0
2.39874,102.8624998,Daerah: Johor<br>No:1275<br>Hex coord:(29;33),n/a,0,0,0,0,0,0,1,2023-05-31T20:00:47.9058200Z,0
2.40652,102.8760342,Daerah: Johor<br>No:1276<br>Hex coord:(30;33),n/a,0,0,0,0,0,0,1,2023-05-31T20:00:48.5607419Z,0
2.39874,102.8895687,Daerah: Johor<br>No:1277<br>Hex coord:(31;33),n/a,0,0,0,0,0,0,1,2023-05-31T20:00:49.2174164Z,0
2.40652,102.9031032,Daerah: Johor<br>No:1278<br>Hex coord:(32;33),n/a,0,0,0,0,0,0,1,2023-05-31T20:00:49.8739082Z,0
2.39874,102.9166377,Daerah: Johor<br>No:1279<br>Hex coord:(33;33),n/a,0,0,0,0,0,0,1,2023-05-31T20:00:50.5282392Z,0
2.40652,102.9301721,Daerah: Johor<br>No:1280<br>Hex coord:(34;33),n/a,0,0,0,0,0,0,1,2023-05-31T20:00:51.1875187Z,0
2.39874,102.9437066,Daerah: Johor<br>No:1281<br>Hex coord:(35;33),n/a,0,0,0,0,0,0,1,2023-05-31T20:00:51.8490671Z,0
2.40652,102.9572411,Daerah: Johor<br>No:1282<br>Hex coord:(36;33),n/a,0,0,0,0,0,0,1,2023-05-31T20:00:52.5000312Z,0
2.39874,102.9707756,Daerah: Johor<br>No:1283<br>Hex coord:(37;33),n/a,0,0,0,0,0,0,1,2023-05-31T20:00:53.1578178Z,0
2.40652,102.98431,Daerah: Johor<br>No:1284<br>Hex coord:(38;33),n/a,0,0,0,0,0,0,1,2023-05-31T20:00:53.8099893Z,0
2.39874,102.9978445,Daerah: Johor<br>No:1285<br>Hex coord:(39;33),n/a,0,0,0,0,0,0,1,2023-05-31T20:00:54.4699430Z,0
2.40652,103.011379,Daerah: Johor<br>No:1286<br>Hex coord:(40;33),n/a,0,0,0,0,0,0,1,2023-05-31T20:00:55.1193610Z,2
2.39874,103.0249135,Daerah: Johor<br>No:1287<br>Hex coord:(41;33),n/a,0,0,0,0,0,0,1,2023-05-31T20:00:55.7899972Z,3
2.40652,103.0384479,Daerah: Johor<br>No:1288<br>Hex coord:(42;33),n/a,0,0,0,0,0,0,1,2023-05-31T20:00:56.4549242Z,0
2.39874,103.0519824,Daerah: Johor<br>No:1289<br>Hex coord:(43;33),n/a,0,0,0,0,0,0,1,2023-05-31T20:00:57.1196420Z,0
2.40652,103.0655169,Daerah: Johor<br>No:1290<br>Hex coord:(44;33),n/a,0,0,0,0,0,0,1,2023-05-31T20:00:57.7773865Z,0
2.39874,103.0790514,Daerah: Johor<br>No:1291<br>Hex coord:(45;33),n/a,0,0,0,0,0,0,1,2023-05-31T20:00:58.4384590Z,0
2.40652,103.0925858,Daerah: Johor<br>No:1292<br>Hex coord:(46;33),n/a,0,0,0,0,0,0,1,2023-05-31T20:00:59.0962983Z,0
2.39874,103.1061203,Daerah: Johor<br>No:1293<br>Hex coord:(47;33),n/a,0,0,0,0,0,0,1,2023-05-31T20:00:59.7502769Z,0
2.40652,103.1196548,Daerah: Johor<br>No:1294<br>Hex coord:(48;33),n/a,0,0,0,0,0,0,1,2023-05-31T20:01:00.4044937Z,0
2.39874,103.1331893,Daerah: Johor<br>No:1295<br>Hex coord:(49;33),n/a,0,0,0,0,0,0,1,2023-05-31T20:01:01.0625495Z,0
2.40652,103.1467237,Daerah: Johor<br>No:1296<br>Hex coord:(50;33),n/a,0,0,0,0,0,0,1,2023-05-31T20:01:01.7166216Z,0
2.39874,103.1602582,Daerah: Johor<br>No:1297<br>Hex coord:(51;33),n/a,0,0,0,0,0,0,1,2023-05-31T20:01:02.3728488Z,0
2.40652,103.1737927,Daerah: Johor<br>No:1298<br>Hex coord:(52;33),n/a,0,0,0,0,0,0,1,2023-05-31T20:01:03.0335461Z,0
2.39874,103.1873272,Daerah: Johor<br>No:1299<br>Hex coord:(53;33),n/a,0,0,0,0,0,0,1,2023-05-31T20:01:03.6850873Z,0
2.40652,103.2008616,Daerah: Johor<br>No:1300<br>Hex coord:(54;33),n/a,0,0,0,0,0,0,1,2023-05-31T20:01:04.3389060Z,0
2.39874,103.2143961,Daerah: Johor<br>No:1301<br>Hex coord:(55;33),n/a,0,0,0,0,0,0,1,2023-05-31T20:01:04.9955447Z,0
2.40652,103.2279306,Daerah: Johor<br>No:1302<br>Hex coord:(56;33),n/a,0,0,0,0,0,0,1,2023-05-31T20:01:05.6604445Z,0
2.39874,103.2414651,Daerah: Johor<br>No:1303<br>Hex coord:(57;33),n/a,0,0,0,0,0,0,1,2023-05-31T20:01:06.3263725Z,0
2.40652,103.2549995,Daerah: Johor<br>No:1304<br>Hex coord:(58;33),n/a,0,0,0,0,0,0,1,2023-05-31T20:01:06.9971935Z,0
2.39874,103.268534,Daerah: Johor<br>No:1305<br>Hex coord:(59;33),n/a,0,0,0,0,0,0,1,2023-05-31T20:01:07.6466443Z,0
2.40652,103.2820685,Daerah: Johor<br>No:1306<br>Hex coord:(60;33),n/a,0,0,0,0,0,0,1,2023-05-31T20:01:08.2981693Z,0
2.39874,103.295603,Daerah: Johor<br>No:1307<br>Hex coord:(61;33),n/a,0,0,0,0,0,0,1,2023-05-31T20:01:08.9546636Z,0
2.40652,103.3091374,Daerah: Johor<br>No:1308<br>Hex coord:(62;33),n/a,0,0,0,0,0,0,1,2023-05-31T20:01:09.6018481Z,0
2.39874,103.3226719,Daerah: Johor<br>No:1309<br>Hex coord:(63;33),n/a,0,0,0,0,0,0,1,2023-05-31T20:01:10.2596543Z,0
2.40652,103.3362064,Daerah: Johor<br>No:1310<br>Hex coord:(64;33),n/a,0,0,0,0,0,0,1,2023-05-31T20:01:10.9160883Z,0
2.39874,103.3497409,Daerah: Johor<br>No:1311<br>Hex coord:(65;33),n/a,0,0,0,0,0,0,1,2023-05-31T20:01:11.5881562Z,0
2.40652,103.3632753,Daerah: Johor<br>No:1312<br>Hex coord:(66;33),n/a,0,0,0,0,0,0,1,2023-05-31T20:01:12.2528400Z,0
2.39874,103.3768098,Daerah: Johor<br>No:1313<br>Hex coord:(67;33),n/a,0,0,0,0,0,0,1,2023-05-31T20:01:12.9153243Z,0
2.40652,103.3903443,Daerah: Johor<br>No:1314<br>Hex coord:(68;33),n/a,0,0,0,0,0,0,1,2023-05-31T20:01:13.5670886Z,0
2.39874,103.4038788,Daerah: Johor<br>No:1315<br>Hex coord:(69;33),n/a,0,0,0,0,0,0,1,2023-05-31T20:01:14.2243132Z,0
2.40652,103.4174132,Daerah: Johor<br>No:1316<br>Hex coord:(70;33),n/a,0,0,0,0,0,0,1,2023-05-31T20:01:14.8789642Z,0
2.39874,103.4309477,Daerah: Johor<br>No:1317<br>Hex coord:(71;33),n/a,0,0,0,0,0,0,1,2023-05-31T20:01:15.5361464Z,0
2.40652,103.4444822,Daerah: Johor<br>No:1318<br>Hex coord:(72;33),n/a,0,0,0,0,0,0,1,2023-05-31T20:01:16.2074347Z,0
2.39874,103.4580167,Daerah: Johor<br>No:1319<br>Hex coord:(73;33),n/a,0,0,0,0,0,0,1,2023-05-31T20:01:16.8670705Z,0
2.40652,103.4715511,Daerah: Johor<br>No:1320<br>Hex coord:(74;33),n/a,0,0,0,0,0,0,1,2023-05-31T20:01:17.5209771Z,0
2.39874,103.4850856,Daerah: Johor<br>No:1321<br>Hex coord:(75;33),n/a,0,0,0,0,0,0,1,2023-05-31T20:01:18.1794236Z,0
2.40652,103.4986201,Daerah: Johor<br>No:1322<br>Hex coord:(76;33),n/a,0,0,0,0,0,0,1,2023-05-31T20:01:18.8361699Z,0
2.39874,103.5121546,Daerah: Johor<br>No:1323<br>Hex coord:(77;33),n/a,0,0,0,0,0,0,1,2023-05-31T20:01:19.5009532Z,0
2.40652,103.525689,Daerah: Johor<br>No:1324<br>Hex coord:(78;33),n/a,0,0,0,0,0,0,1,2023-05-31T20:01:20.1597674Z,0
2.39874,103.5392235,Daerah: Johor<br>No:1325<br>Hex coord:(79;33),n/a,0,0,0,0,0,0,1,2023-05-31T20:01:20.8176738Z,0
2.40652,103.552758,Daerah: Johor<br>No:1326<br>Hex coord:(80;33),n/a,0,0,0,0,0,0,1,2023-05-31T20:01:21.4732504Z,0
2.39874,103.5662925,Daerah: Johor<br>No:1327<br>Hex coord:(81;33),n/a,0,0,0,0,0,0,1,2023-05-31T20:01:22.1256885Z,0
2.40652,103.5798269,Daerah: Johor<br>No:1328<br>Hex coord:(82;33),n/a,0,0,0,0,0,0,1,2023-05-31T20:01:22.7944394Z,0
2.39874,103.5933614,Daerah: Johor<br>No:1329<br>Hex coord:(83;33),n/a,0,0,0,0,0,0,1,2023-05-31T20:01:23.4464075Z,0
2.40652,103.6068959,Daerah: Johor<br>No:1330<br>Hex coord:(84;33),n/a,0,0,0,0,0,0,1,2023-05-31T20:01:24.0992094Z,0
2.39874,103.6204304,Daerah: Johor<br>No:1331<br>Hex coord:(85;33),n/a,0,0,0,0,0,0,1,2023-05-31T20:01:24.7579659Z,0
2.40652,103.6339648,Daerah: Johor<br>No:1332<br>Hex coord:(86;33),n/a,0,0,0,0,0,0,1,2023-05-31T20:01:25.4250284Z,0
2.39874,103.6474993,Daerah: Johor<br>No:1333<br>Hex coord:(87;33),n/a,0,0,0,0,0,0,1,2023-05-31T20:01:26.0806254Z,0
2.40652,103.6610338,Daerah: Johor<br>No:1334<br>Hex coord:(88;33),n/a,0,0,0,0,0,0,1,2023-05-31T20:01:26.7357867Z,0
2.39874,103.6745683,Daerah: Johor<br>No:1335<br>Hex coord:(89;33),n/a,0,0,0,0,0,0,1,2023-05-31T20:01:27.4223584Z,0
2.40652,103.6881027,Daerah: Johor<br>No:1336<br>Hex coord:(90;33),n/a,0,0,0,0,0,0,1,2023-05-31T20:01:28.0834950Z,0
2.39874,103.7016372,Daerah: Johor<br>No:1337<br>Hex coord:(91;33),n/a,0,0,0,0,0,0,1,2023-05-31T20:01:28.7445591Z,0
2.40652,103.7151717,Daerah: Johor<br>No:1338<br>Hex coord:(92;33),n/a,0,0,0,0,0,0,1,2023-05-31T20:01:29.4049016Z,0
2.39874,103.7287062,Daerah: Johor<br>No:1339<br>Hex coord:(93;33),n/a,0,0,0,0,0,0,1,2023-05-31T20:01:30.0613332Z,0
2.40652,103.7422406,Daerah: Johor<br>No:1340<br>Hex coord:(94;33),n/a,0,0,0,0,0,0,1,2023-05-31T20:01:30.9284170Z,0
2.39874,103.7557751,Daerah: Johor<br>No:1341<br>Hex coord:(95;33),n/a,0,0,0,0,0,0,1,2023-05-31T20:01:31.6025892Z,0
2.40652,103.7693096,Daerah: Johor<br>No:1342<br>Hex coord:(96;33),n/a,0,0,0,0,0,0,1,2023-05-31T20:02:08.2829119Z,0
2.39874,103.7828441,Daerah: Johor<br>No:1343<br>Hex coord:(97;33),n/a,0,0,0,0,0,0,1,2023-05-31T20:02:08.9456353Z,0
2.40652,103.7963785,Daerah: Johor<br>No:1344<br>Hex coord:(98;33),n/a,0,0,0,0,0,0,1,2023-05-31T20:02:09.6102627Z,0
2.39874,103.809913,Daerah: Johor<br>No:1345<br>Hex coord:(99;33),n/a,0,0,0,0,0,0,1,2023-05-31T20:02:10.2693770Z,0
2.40652,103.8234475,Daerah: Johor<br>No:1346<br>Hex coord:(100;33),n/a,0,0,0,0,0,0,1,2023-05-31T20:02:10.9268375Z,0
2.39874,103.836982,Daerah: Johor<br>No:1347<br>Hex coord:(101;33),n/a,0,0,0,0,0,0,1,2023-05-31T20:02:11.6038749Z,0
2.40652,103.8505164,Daerah: Johor<br>No:1348<br>Hex coord:(102;33),n/a,0,0,0,0,0,0,1,2023-05-31T20:02:12.2729975Z,0
2.39874,103.8640509,Daerah: Johor<br>No:1349<br>Hex coord:(103;33),n/a,0,0,0,0,0,0,1,2023-05-31T20:02:12.9368179Z,0
2.38318,102.5376724,Daerah: Johor<br>No:1350<br>Hex coord:(5;34),n/a,0,0,0,0,0,0,1,2023-05-31T20:02:13.6075397Z,0
2.39096,102.5512068,Daerah: Johor<br>No:1351<br>Hex coord:(6;34),n/a,0,0,0,0,0,0,1,2023-05-31T20:02:14.2595400Z,0
2.38318,102.5647413,Daerah: Johor<br>No:1352<br>Hex coord:(7;34),n/a,0,0,0,0,0,0,1,2023-05-31T20:02:14.9232126Z,0
2.39096,102.5782758,Daerah: Johor<br>No:1353<br>Hex coord:(8;34),n/a,0,0,0,0,0,0,1,2023-05-31T20:02:15.5732432Z,0
2.38318,102.5918103,Daerah: Johor<br>No:1354<br>Hex coord:(9;34),n/a,0,0,0,0,0,0,1,2023-05-31T20:02:16.2336843Z,0
2.39096,102.6053447,Daerah: Johor<br>No:1355<br>Hex coord:(10;34),n/a,0,0,0,0,0,0,1,2023-05-31T20:02:16.8830244Z,0
2.38318,102.6188792,Daerah: Johor<br>No:1356<br>Hex coord:(11;34),n/a,0,0,0,0,0,0,1,2023-05-31T20:02:17.5445294Z,0
2.39096,102.6324137,Daerah: Johor<br>No:1357<br>Hex coord:(12;34),n/a,0,0,0,0,0,0,1,2023-05-31T20:02:18.1997868Z,0
2.38318,102.6459482,Daerah: Johor<br>No:1358<br>Hex coord:(13;34),n/a,0,0,0,0,0,0,1,2023-05-31T20:02:18.8491390Z,0
2.39096,102.6594826,Daerah: Johor<br>No:1359<br>Hex coord:(14;34),n/a,0,0,0,0,0,0,1,2023-05-31T20:02:19.5081463Z,0
2.38318,102.6730171,Daerah: Johor<br>No:1360<br>Hex coord:(15;34),n/a,0,0,0,0,0,0,1,2023-05-31T20:02:20.1613394Z,0
2.39096,102.6865516,Daerah: Johor<br>No:1361<br>Hex coord:(16;34),n/a,0,0,0,0,0,0,1,2023-05-31T20:02:20.8270465Z,0
2.38318,102.7000861,Daerah: Johor<br>No:1362<br>Hex coord:(17;34),n/a,0,0,0,0,0,0,1,2023-05-31T20:02:21.4876398Z,0
2.39096,102.7136205,Daerah: Johor<br>No:1363<br>Hex coord:(18;34),n/a,0,0,0,0,0,0,1,2023-05-31T20:02:22.1379248Z,0
2.38318,102.727155,Daerah: Johor<br>No:1364<br>Hex coord:(19;34),n/a,0,0,0,0,0,0,1,2023-05-31T20:02:22.7907339Z,0
2.39096,102.7406895,Daerah: Johor<br>No:1365<br>Hex coord:(20;34),n/a,0,0,0,0,0,0,1,2023-05-31T20:02:23.4482616Z,0
2.38318,102.754224,Daerah: Johor<br>No:1366<br>Hex coord:(21;34),n/a,0,0,0,0,0,0,1,2023-05-31T20:02:24.1038175Z,0
2.39096,102.7677584,Daerah: Johor<br>No:1367<br>Hex coord:(22;34),n/a,0,0,0,0,0,0,1,2023-05-31T20:02:24.7639762Z,0
2.38318,102.7812929,Daerah: Johor<br>No:1368<br>Hex coord:(23;34),n/a,0,0,0,0,0,0,1,2023-05-31T20:02:25.4180397Z,0
2.39096,102.7948274,Daerah: Johor<br>No:1369<br>Hex coord:(24;34),n/a,0,0,0,0,0,0,1,2023-05-31T20:02:26.0816115Z,0
2.38318,102.8083619,Daerah: Johor<br>No:1370<br>Hex coord:(25;34),n/a,0,0,0,0,0,0,1,2023-05-31T20:02:26.7357203Z,0
2.39096,102.8218963,Daerah: Johor<br>No:1371<br>Hex coord:(26;34),n/a,0,0,0,0,0,0,1,2023-05-31T20:02:27.4138486Z,0
2.38318,102.8354308,Daerah: Johor<br>No:1372<br>Hex coord:(27;34),n/a,0,0,0,0,0,0,1,2023-05-31T20:02:28.0634531Z,0
2.39096,102.8489653,Daerah: Johor<br>No:1373<br>Hex coord:(28;34),n/a,0,0,0,0,0,0,1,2023-05-31T20:02:28.7208118Z,0
2.38318,102.8624998,Daerah: Johor<br>No:1374<br>Hex coord:(29;34),n/a,0,0,0,0,0,0,1,2023-05-31T20:02:29.3741604Z,0
2.39096,102.8760342,Daerah: Johor<br>No:1375<br>Hex coord:(30;34),n/a,0,0,0,0,0,0,1,2023-05-31T20:02:30.0271940Z,0
2.38318,102.8895687,Daerah: Johor<br>No:1376<br>Hex coord:(31;34),n/a,0,0,0,0,0,0,1,2023-05-31T20:02:30.6938715Z,0
2.39096,102.9031032,Daerah: Johor<br>No:1377<br>Hex coord:(32;34),n/a,0,0,0,0,0,0,1,2023-05-31T20:02:31.3445631Z,0
2.38318,102.9166377,Daerah: Johor<br>No:1378<br>Hex coord:(33;34),n/a,0,0,0,0,0,0,1,2023-05-31T20:02:32.0011093Z,0
2.39096,102.9301721,Daerah: Johor<br>No:1379<br>Hex coord:(34;34),n/a,0,0,0,0,0,0,1,2023-05-31T20:02:32.6565359Z,0
2.38318,102.9437066,Daerah: Johor<br>No:1380<br>Hex coord:(35;34),n/a,0,1,0,0,0,0,1,2023-05-31T20:02:33.3068810Z,0
2.39096,102.9572411,Daerah: Johor<br>No:1381<br>Hex coord:(36;34),n/a,0,0,0,0,0,0,1,2023-05-31T20:02:33.9694847Z,0
2.38318,102.9707756,Daerah: Johor<br>No:1382<br>Hex coord:(37;34),n/a,0,0,0,0,0,0,1,2023-05-31T20:02:34.6141156Z,0
2.39096,102.98431,Daerah: Johor<br>No:1383<br>Hex coord:(38;34),n/a,0,0,0,0,0,0,1,2023-05-31T20:02:35.2647065Z,0
2.38318,102.9978445,Daerah: Johor<br>No:1384<br>Hex coord:(39;34),n/a,0,0,0,0,0,0,1,2023-05-31T20:02:35.9235506Z,0
2.39096,103.011379,Daerah: Johor<br>No:1385<br>Hex coord:(40;34),n/a,0,0,0,0,0,0,1,2023-05-31T20:02:36.5872265Z,1
2.38318,103.0249135,Daerah: Johor<br>No:1386<br>Hex coord:(41;34),n/a,0,0,0,0,0,0,1,2023-05-31T20:02:37.2475058Z,2
2.39096,103.0384479,Daerah: Johor<br>No:1387<br>Hex coord:(42;34),n/a,0,0,0,0,0,0,1,2023-05-31T20:02:37.8991471Z,0
2.38318,103.0519824,Daerah: Johor<br>No:1388<br>Hex coord:(43;34),n/a,0,0,0,0,0,0,1,2023-05-31T20:02:38.5538773Z,0
2.39096,103.0655169,Daerah: Johor<br>No:1389<br>Hex coord:(44;34),n/a,0,0,0,0,0,0,1,2023-05-31T20:02:39.2076568Z,0
2.38318,103.0790514,Daerah: Johor<br>No:1390<br>Hex coord:(45;34),n/a,0,0,0,0,0,0,1,2023-05-31T20:02:39.8617404Z,0
2.39096,103.0925858,Daerah: Johor<br>No:1391<br>Hex coord:(46;34),n/a,0,0,0,0,0,0,1,2023-05-31T20:02:40.5157625Z,0
2.38318,103.1061203,Daerah: Johor<br>No:1392<br>Hex coord:(47;34),n/a,0,0,0,0,0,0,1,2023-05-31T20:02:41.1854211Z,0
2.39096,103.1196548,Daerah: Johor<br>No:1393<br>Hex coord:(48;34),n/a,0,0,0,0,0,0,1,2023-05-31T20:02:41.8516778Z,0
2.38318,103.1331893,Daerah: Johor<br>No:1394<br>Hex coord:(49;34),n/a,0,0,0,0,0,0,1,2023-05-31T20:02:42.5182243Z,0
2.39096,103.1467237,Daerah: Johor<br>No:1395<br>Hex coord:(50;34),n/a,0,0,0,0,0,0,1,2023-05-31T20:02:43.1798038Z,0
2.38318,103.1602582,Daerah: Johor<br>No:1396<br>Hex coord:(51;34),n/a,0,0,0,0,0,0,1,2023-05-31T20:02:43.9150640Z,0
2.39096,103.1737927,Daerah: Johor<br>No:1397<br>Hex coord:(52;34),n/a,0,0,0,0,0,0,1,2023-05-31T20:02:44.5788424Z,0
2.38318,103.1873272,Daerah: Johor<br>No:1398<br>Hex coord:(53;34),n/a,0,0,0,0,0,0,1,2023-05-31T20:02:45.2315452Z,0
2.39096,103.2008616,Daerah: Johor<br>No:1399<br>Hex coord:(54;34),n/a,0,0,0,0,0,0,1,2023-05-31T20:02:45.8924729Z,0
2.38318,103.2143961,Daerah: Johor<br>No:1400<br>Hex coord:(55;34),n/a,0,0,0,0,0,0,1,2023-05-31T20:02:46.5388716Z,0
2.39096,103.2279306,Daerah: Johor<br>No:1401<br>Hex coord:(56;34),n/a,0,0,0,0,0,0,1,2023-05-31T20:02:47.1964151Z,0
2.38318,103.2414651,Daerah: Johor<br>No:1402<br>Hex coord:(57;34),n/a,0,0,0,0,0,0,1,2023-05-31T20:02:47.8534600Z,0
2.39096,103.2549995,Daerah: Johor<br>No:1403<br>Hex coord:(58;34),n/a,0,0,0,0,0,0,1,2023-05-31T20:02:48.5136409Z,0
2.38318,103.268534,Daerah: Johor<br>No:1404<br>Hex coord:(59;34),n/a,0,0,0,0,0,0,1,2023-05-31T20:02:49.1695557Z,0
2.39096,103.2820685,Daerah: Johor<br>No:1405<br>Hex coord:(60;34),n/a,0,0,0,0,0,0,1,2023-05-31T20:02:49.8263233Z,0
2.38318,103.295603,Daerah: Johor<br>No:1406<br>Hex coord:(61;34),n/a,0,0,0,0,0,0,1,2023-05-31T20:02:50.4777263Z,0
2.39096,103.3091374,Daerah: Johor<br>No:1407<br>Hex coord:(62;34),n/a,0,0,0,0,0,0,1,2023-05-31T20:02:51.1454943Z,0
2.38318,103.3226719,Daerah: Johor<br>No:1408<br>Hex coord:(63;34),n/a,0,0,0,0,0,0,1,2023-05-31T20:02:51.8079555Z,0
2.39096,103.3362064,Daerah: Johor<br>No:1409<br>Hex coord:(64;34),n/a,0,0,0,0,0,0,1,2023-05-31T20:02:52.4664800Z,0
2.38318,103.3497409,Daerah: Johor<br>No:1410<br>Hex coord:(65;34),n/a,0,0,0,0,0,0,1,2023-05-31T20:02:53.1264935Z,0
2.39096,103.3632753,Daerah: Johor<br>No:1411<br>Hex coord:(66;34),n/a,0,0,0,0,0,0,1,2023-05-31T20:02:53.7904197Z,0
2.38318,103.3768098,Daerah: Johor<br>No:1412<br>Hex coord:(67;34),n/a,0,0,0,0,0,0,1,2023-05-31T20:02:54.4412384Z,0
2.39096,103.3903443,Daerah: Johor<br>No:1413<br>Hex coord:(68;34),n/a,0,0,0,0,0,0,1,2023-05-31T20:02:55.1030948Z,0
2.38318,103.4038788,Daerah: Johor<br>No:1414<br>Hex coord:(69;34),n/a,0,0,0,0,0,0,1,2023-05-31T20:02:55.7633264Z,0
2.39096,103.4174132,Daerah: Johor<br>No:1415<br>Hex coord:(70;34),n/a,0,0,0,0,0,0,1,2023-05-31T20:02:56.4216478Z,0
2.38318,103.4309477,Daerah: Johor<br>No:1416<br>Hex coord:(71;34),n/a,0,0,0,0,0,0,1,2023-05-31T20:02:57.0790897Z,0
2.39096,103.4444822,Daerah: Johor<br>No:1417<br>Hex coord:(72;34),n/a,0,0,0,0,0,0,1,2023-05-31T20:02:57.7451019Z,0
2.38318,103.4580167,Daerah: Johor<br>No:1418<br>Hex coord:(73;34),n/a,0,0,0,0,0,0,1,2023-05-31T20:02:58.4301778Z,0
2.39096,103.4715511,Daerah: Johor<br>No:1419<br>Hex coord:(74;34),n/a,0,0,0,0,0,0,1,2023-05-31T20:02:59.0892187Z,0
2.38318,103.4850856,Daerah: Johor<br>No:1420<br>Hex coord:(75;34),n/a,0,0,0,0,0,0,1,2023-05-31T20:02:59.7493708Z,0
2.39096,103.4986201,Daerah: Johor<br>No:1421<br>Hex coord:(76;34),n/a,0,0,0,0,0,0,1,2023-05-31T20:03:00.4008725Z,0
2.38318,103.5121546,Daerah: Johor<br>No:1422<br>Hex coord:(77;34),n/a,0,0,0,0,0,0,1,2023-05-31T20:03:01.0550555Z,0
2.39096,103.525689,Daerah: Johor<br>No:1423<br>Hex coord:(78;34),n/a,0,0,0,0,0,0,1,2023-05-31T20:03:01.7116452Z,0
2.38318,103.5392235,Daerah: Johor<br>No:1424<br>Hex coord:(79;34),n/a,0,0,0,0,0,0,1,2023-05-31T20:03:02.3704064Z,0
2.39096,103.552758,Daerah: Johor<br>No:1425<br>Hex coord:(80;34),n/a,0,0,0,0,0,0,1,2023-05-31T20:03:03.0364184Z,0
2.38318,103.5662925,Daerah: Johor<br>No:1426<br>Hex coord:(81;34),n/a,0,0,0,0,0,0,1,2023-05-31T20:03:03.6933873Z,0
2.39096,103.5798269,Daerah: Johor<br>No:1427<br>Hex coord:(82;34),n/a,0,0,0,0,0,0,1,2023-05-31T20:03:04.3487362Z,0
2.38318,103.5933614,Daerah: Johor<br>No:1428<br>Hex coord:(83;34),n/a,0,0,0,0,0,0,1,2023-05-31T20:03:05.0013018Z,0
2.39096,103.6068959,Daerah: Johor<br>No:1429<br>Hex coord:(84;34),n/a,0,0,0,0,0,0,1,2023-05-31T20:03:05.6736070Z,0
2.38318,103.6204304,Daerah: Johor<br>No:1430<br>Hex coord:(85;34),n/a,0,0,0,0,0,0,1,2023-05-31T20:03:06.3375913Z,0
2.39096,103.6339648,Daerah: Johor<br>No:1431<br>Hex coord:(86;34),n/a,0,0,0,0,0,0,1,2023-05-31T20:03:07.0019660Z,0
2.38318,103.6474993,Daerah: Johor<br>No:1432<br>Hex coord:(87;34),n/a,0,0,0,0,0,0,1,2023-05-31T20:03:07.6606276Z,0
2.39096,103.6610338,Daerah: Johor<br>No:1433<br>Hex coord:(88;34),n/a,0,0,0,0,0,0,1,2023-05-31T20:03:08.3196537Z,0
2.38318,103.6745683,Daerah: Johor<br>No:1434<br>Hex coord:(89;34),n/a,0,0,0,0,0,0,1,2023-05-31T20:03:08.9761925Z,0
2.39096,103.6881027,Daerah: Johor<br>No:1435<br>Hex coord:(90;34),n/a,0,0,0,0,0,0,1,2023-05-31T20:03:09.6302867Z,0
2.38318,103.7016372,Daerah: Johor<br>No:1436<br>Hex coord:(91;34),n/a,0,0,0,0,0,0,1,2023-05-31T20:03:10.2903892Z,0
2.39096,103.7151717,Daerah: Johor<br>No:1437<br>Hex coord:(92;34),n/a,0,0,0,0,0,0,1,2023-05-31T20:03:10.9433628Z,0
2.38318,103.7287062,Daerah: Johor<br>No:1438<br>Hex coord:(93;34),n/a,0,0,0,0,0,0,1,2023-05-31T20:03:11.5940561Z,0
2.39096,103.7422406,Daerah: Johor<br>No:1439<br>Hex coord:(94;34),n/a,0,0,0,0,0,0,1,2023-05-31T20:03:12.2456934Z,0
2.38318,103.7557751,Daerah: Johor<br>No:1440<br>Hex coord:(95;34),n/a,0,0,0,0,0,0,1,2023-05-31T20:03:12.8998342Z,0
2.39096,103.7693096,Daerah: Johor<br>No:1441<br>Hex coord:(96;34),n/a,0,0,0,0,0,0,1,2023-05-31T20:03:13.5517493Z,0
2.38318,103.7828441,Daerah: Johor<br>No:1442<br>Hex coord:(97;34),n/a,0,0,0,0,0,0,1,2023-05-31T20:03:14.2021420Z,0
2.39096,103.7963785,Daerah: Johor<br>No:1443<br>Hex coord:(98;34),n/a,0,0,0,0,0,0,1,2023-05-31T20:03:14.8589793Z,0
2.38318,103.809913,Daerah: Johor<br>No:1444<br>Hex coord:(99;34),n/a,0,0,0,0,0,0,1,2023-05-31T20:03:15.5154712Z,0
2.39096,103.8234475,Daerah: Johor<br>No:1445<br>Hex coord:(100;34),n/a,0,0,0,0,0,0,1,2023-05-31T20:03:16.1634180Z,0
2.38318,103.836982,Daerah: Johor<br>No:1446<br>Hex coord:(101;34),n/a,0,0,0,0,0,0,1,2023-05-31T20:03:16.8231959Z,0
2.39096,103.8505164,Daerah: Johor<br>No:1447<br>Hex coord:(102;34),n/a,0,0,0,0,0,0,1,2023-05-31T20:03:17.4858292Z,0
2.38318,103.8640509,Daerah: Johor<br>No:1448<br>Hex coord:(103;34),n/a,0,0,0,0,0,0,1,2023-05-31T20:03:18.1392406Z,0
2.36762,102.5376724,Daerah: Johor<br>No:1449<br>Hex coord:(5;35),n/a,0,0,0,0,0,0,1,2023-05-31T20:03:18.8017439Z,0
2.3754,102.5512068,Daerah: Johor<br>No:1450<br>Hex coord:(6;35),n/a,0,0,0,0,0,0,1,2023-05-31T20:03:19.4542907Z,0
2.36762,102.5647413,Daerah: Johor<br>No:1451<br>Hex coord:(7;35),n/a,0,0,0,0,0,0,1,2023-05-31T20:03:20.1109612Z,0
2.3754,102.5782758,Daerah: Johor<br>No:1452<br>Hex coord:(8;35),n/a,0,0,0,0,0,0,1,2023-05-31T20:03:20.7602075Z,0
2.36762,102.5918103,Daerah: Johor<br>No:1453<br>Hex coord:(9;35),n/a,0,0,0,0,0,0,1,2023-05-31T20:03:21.4178757Z,0
2.3754,102.6053447,Daerah: Johor<br>No:1454<br>Hex coord:(10;35),n/a,0,0,0,0,0,0,1,2023-05-31T20:03:22.0791028Z,0
2.36762,102.6188792,Daerah: Johor<br>No:1455<br>Hex coord:(11;35),n/a,0,0,0,0,0,0,1,2023-05-31T20:03:22.7358003Z,0
2.3754,102.6324137,Daerah: Johor<br>No:1456<br>Hex coord:(12;35),n/a,0,0,0,0,0,0,1,2023-05-31T20:03:23.3827060Z,0
2.36762,102.6459482,Daerah: Johor<br>No:1457<br>Hex coord:(13;35),n/a,0,0,0,0,0,0,1,2023-05-31T20:03:24.0511191Z,0
2.3754,102.6594826,Daerah: Johor<br>No:1458<br>Hex coord:(14;35),n/a,0,0,0,0,0,0,1,2023-05-31T20:03:24.7151698Z,0
2.36762,102.6730171,Daerah: Johor<br>No:1459<br>Hex coord:(15;35),n/a,0,0,0,0,0,0,1,2023-05-31T20:03:25.3897353Z,0
2.3754,102.6865516,Daerah: Johor<br>No:1460<br>Hex coord:(16;35),n/a,0,0,0,0,0,0,1,2023-05-31T20:03:26.0511969Z,0
2.36762,102.7000861,Daerah: Johor<br>No:1461<br>Hex coord:(17;35),n/a,0,0,0,0,0,0,1,2023-05-31T20:03:26.7106843Z,0
2.3754,102.7136205,Daerah: Johor<br>No:1462<br>Hex coord:(18;35),n/a,0,0,0,0,0,0,1,2023-05-31T20:03:27.3817025Z,0
2.36762,102.727155,Daerah: Johor<br>No:1463<br>Hex coord:(19;35),n/a,0,0,0,0,0,0,1,2023-05-31T20:03:28.0546202Z,0
2.3754,102.7406895,Daerah: Johor<br>No:1464<br>Hex coord:(20;35),n/a,0,0,0,0,0,0,1,2023-05-31T20:03:28.7126681Z,0
2.36762,102.754224,Daerah: Johor<br>No:1465<br>Hex coord:(21;35),n/a,0,0,0,0,0,0,1,2023-05-31T20:03:29.3711152Z,0
2.3754,102.7677584,Daerah: Johor<br>No:1466<br>Hex coord:(22;35),n/a,0,0,0,0,0,0,1,2023-05-31T20:03:30.0194645Z,0
2.36762,102.7812929,Daerah: Johor<br>No:1467<br>Hex coord:(23;35),n/a,0,0,0,0,0,0,1,2023-05-31T20:03:30.6831102Z,0
2.3754,102.7948274,Daerah: Johor<br>No:1468<br>Hex coord:(24;35),n/a,0,0,0,0,0,0,1,2023-05-31T20:03:31.3351827Z,0
2.36762,102.8083619,Daerah: Johor<br>No:1469<br>Hex coord:(25;35),n/a,0,0,0,0,0,0,1,2023-05-31T20:03:31.9904946Z,0
2.3754,102.8218963,Daerah: Johor<br>No:1470<br>Hex coord:(26;35),n/a,0,0,0,0,0,0,1,2023-05-31T20:03:32.6397422Z,0
2.36762,102.8354308,Daerah: Johor<br>No:1471<br>Hex coord:(27;35),n/a,0,0,0,0,0,0,1,2023-05-31T20:03:33.2949146Z,0
2.3754,102.8489653,Daerah: Johor<br>No:1472<br>Hex coord:(28;35),n/a,0,0,0,0,0,0,1,2023-05-31T20:03:33.9479673Z,0
2.36762,102.8624998,Daerah: Johor<br>No:1473<br>Hex coord:(29;35),n/a,0,0,0,0,0,0,1,2023-05-31T20:03:34.6022684Z,0
2.3754,102.8760342,Daerah: Johor<br>No:1474<br>Hex coord:(30;35),n/a,0,0,0,0,0,0,1,2023-05-31T20:03:35.2598381Z,0
2.36762,102.8895687,Daerah: Johor<br>No:1475<br>Hex coord:(31;35),n/a,0,0,0,0,0,0,1,2023-05-31T20:03:35.9246890Z,0
2.3754,102.9031032,Daerah: Johor<br>No:1476<br>Hex coord:(32;35),n/a,0,0,0,0,0,0,1,2023-05-31T20:03:36.5971516Z,0
2.36762,102.9166377,Daerah: Johor<br>No:1477<br>Hex coord:(33;35),n/a,0,0,0,0,0,0,1,2023-05-31T20:04:13.2954977Z,0
2.3754,102.9301721,Daerah: Johor<br>No:1478<br>Hex coord:(34;35),n/a,0,0,0,0,0,0,1,2023-05-31T20:04:13.9689399Z,0
2.36762,102.9437066,Daerah: Johor<br>No:1479<br>Hex coord:(35;35),n/a,0,0,0,0,0,0,1,2023-05-31T20:04:14.6336265Z,0
2.3754,102.9572411,Daerah: Johor<br>No:1480<br>Hex coord:(36;35),n/a,0,0,0,0,0,0,1,2023-05-31T20:04:15.3198901Z,0
2.36762,102.9707756,Daerah: Johor<br>No:1481<br>Hex coord:(37;35),n/a,0,0,0,0,0,0,1,2023-05-31T20:04:15.9753110Z,0
2.3754,102.98431,Daerah: Johor<br>No:1482<br>Hex coord:(38;35),n/a,0,0,0,0,0,0,1,2023-05-31T20:04:16.6305855Z,0
2.36762,102.9978445,Daerah: Johor<br>No:1483<br>Hex coord:(39;35),n/a,0,0,0,0,0,0,1,2023-05-31T20:04:17.2809681Z,0
2.3754,103.011379,Daerah: Johor<br>No:1484<br>Hex coord:(40;35),n/a,0,0,0,0,0,0,1,2023-05-31T20:04:17.9440229Z,0
2.36762,103.0249135,Daerah: Johor<br>No:1485<br>Hex coord:(41;35),n/a,0,0,0,0,0,0,1,2023-05-31T20:04:18.6039974Z,0
2.3754,103.0384479,Daerah: Johor<br>No:1486<br>Hex coord:(42;35),n/a,0,0,0,0,0,0,1,2023-05-31T20:04:19.2696729Z,0
2.36762,103.0519824,Daerah: Johor<br>No:1487<br>Hex coord:(43;35),n/a,0,0,0,0,0,0,1,2023-05-31T20:04:19.9334824Z,0
2.3754,103.0655169,Daerah: Johor<br>No:1488<br>Hex coord:(44;35),n/a,0,0,0,0,0,0,1,2023-05-31T20:04:20.7174149Z,0
2.36762,103.0790514,Daerah: Johor<br>No:1489<br>Hex coord:(45;35),n/a,0,0,0,0,0,0,1,2023-05-31T20:04:21.3847882Z,0
2.3754,103.0925858,Daerah: Johor<br>No:1490<br>Hex coord:(46;35),n/a,0,0,0,0,0,0,1,2023-05-31T20:04:22.0494723Z,0
2.36762,103.1061203,Daerah: Johor<br>No:1491<br>Hex coord:(47;35),n/a,0,0,0,0,0,0,1,2023-05-31T20:04:22.7013171Z,0
2.3754,103.1196548,Daerah: Johor<br>No:1492<br>Hex coord:(48;35),n/a,0,0,0,0,0,0,1,2023-05-31T20:04:23.3842469Z,0
2.36762,103.1331893,Daerah: Johor<br>No:1493<br>Hex coord:(49;35),n/a,0,0,0,0,0,0,1,2023-05-31T20:04:24.0726412Z,0
2.3754,103.1467237,Daerah: Johor<br>No:1494<br>Hex coord:(50;35),n/a,0,0,0,0,0,0,1,2023-05-31T20:04:24.7389052Z,0
2.36762,103.1602582,Daerah: Johor<br>No:1495<br>Hex coord:(51;35),n/a,0,0,0,0,0,0,1,2023-05-31T20:04:25.4051748Z,0
2.3754,103.1737927,Daerah: Johor<br>No:1496<br>Hex coord:(52;35),n/a,0,0,0,0,0,0,1,2023-05-31T20:04:26.0600401Z,0
2.36762,103.1873272,Daerah: Johor<br>No:1497<br>Hex coord:(53;35),n/a,0,0,0,0,0,0,1,2023-05-31T20:04:26.7173088Z,0
2.3754,103.2008616,Daerah: Johor<br>No:1498<br>Hex coord:(54;35),n/a,0,0,0,0,0,0,1,2023-05-31T20:04:27.3771806Z,0
2.36762,103.2143961,Daerah: Johor<br>No:1499<br>Hex coord:(55;35),n/a,0,0,0,0,0,0,1,2023-05-31T20:04:28.0551059Z,0
2.3754,103.2279306,Daerah: Johor<br>No:1500<br>Hex coord:(56;35),n/a,0,0,0,0,0,0,1,2023-05-31T20:04:28.7116180Z,0
2.36762,103.2414651,Daerah: Johor<br>No:1501<br>Hex coord:(57;35),n/a,0,0,0,0,0,0,1,2023-05-31T20:04:29.3726420Z,0
2.3754,103.2549995,Daerah: Johor<br>No:1502<br>Hex coord:(58;35),n/a,0,0,0,0,0,0,1,2023-05-31T20:04:30.0326129Z,0
2.36762,103.268534,Daerah: Johor<br>No:1503<br>Hex coord:(59;35),n/a,0,0,0,0,0,0,1,2023-05-31T20:04:30.6822660Z,0
2.3754,103.2820685,Daerah: Johor<br>No:1504<br>Hex coord:(60;35),n/a,0,0,0,0,0,0,1,2023-05-31T20:04:31.3486717Z,0
2.36762,103.295603,Daerah: Johor<br>No:1505<br>Hex coord:(61;35),n/a,0,0,0,0,0,0,1,2023-05-31T20:04:32.0057309Z,0
2.3754,103.3091374,Daerah: Johor<br>No:1506<br>Hex coord:(62;35),n/a,0,0,0,0,0,0,1,2023-05-31T20:04:32.6598374Z,0
2.36762,103.3226719,Daerah: Johor<br>No:1507<br>Hex coord:(63;35),n/a,0,0,0,0,0,0,1,2023-05-31T20:04:33.3117070Z,0
2.3754,103.3362064,Daerah: Johor<br>No:1508<br>Hex coord:(64;35),n/a,0,0,0,0,0,0,1,2023-05-31T20:04:33.9707692Z,0
2.36762,103.3497409,Daerah: Johor<br>No:1509<br>Hex coord:(65;35),n/a,0,0,0,0,0,0,1,2023-05-31T20:04:34.6107733Z,0
2.3754,103.3632753,Daerah: Johor<br>No:1510<br>Hex coord:(66;35),n/a,0,0,0,0,0,0,1,2023-05-31T20:04:35.2573745Z,0
2.36762,103.3768098,Daerah: Johor<br>No:1511<br>Hex coord:(67;35),n/a,0,0,0,0,0,0,1,2023-05-31T20:04:35.9191236Z,0
2.3754,103.3903443,Daerah: Johor<br>No:1512<br>Hex coord:(68;35),n/a,0,0,0,0,0,0,1,2023-05-31T20:04:36.5885239Z,0
2.36762,103.4038788,Daerah: Johor<br>No:1513<br>Hex coord:(69;35),n/a,0,0,0,0,0,0,1,2023-05-31T20:04:37.2664626Z,0
2.3754,103.4174132,Daerah: Johor<br>No:1514<br>Hex coord:(70;35),n/a,0,0,0,0,0,0,1,2023-05-31T20:04:37.9254474Z,0
2.36762,103.4309477,Daerah: Johor<br>No:1515<br>Hex coord:(71;35),n/a,0,0,0,0,0,0,1,2023-05-31T20:04:38.5806072Z,0
2.3754,103.4444822,Daerah: Johor<br>No:1516<br>Hex coord:(72;35),n/a,0,0,0,0,0,0,1,2023-05-31T20:04:39.2433685Z,0
2.36762,103.4580167,Daerah: Johor<br>No:1517<br>Hex coord:(73;35),n/a,0,0,0,0,0,0,1,2023-05-31T20:04:39.9023795Z,0
2.3754,103.4715511,Daerah: Johor<br>No:1518<br>Hex coord:(74;35),n/a,0,0,0,0,0,0,1,2023-05-31T20:04:40.5667580Z,0
2.36762,103.4850856,Daerah: Johor<br>No:1519<br>Hex coord:(75;35),n/a,0,0,0,0,0,0,1,2023-05-31T20:04:41.2281993Z,0
2.3754,103.4986201,Daerah: Johor<br>No:1520<br>Hex coord:(76;35),n/a,0,0,0,0,0,0,1,2023-05-31T20:04:41.8835548Z,0
2.36762,103.5121546,Daerah: Johor<br>No:1521<br>Hex coord:(77;35),n/a,0,0,0,0,0,0,1,2023-05-31T20:04:42.5501184Z,0
2.3754,103.525689,Daerah: Johor<br>No:1522<br>Hex coord:(78;35),n/a,0,0,0,0,0,0,1,2023-05-31T20:04:43.2096484Z,0
2.36762,103.5392235,Daerah: Johor<br>No:1523<br>Hex coord:(79;35),n/a,0,0,0,0,0,0,1,2023-05-31T20:04:43.8660824Z,0
2.3754,103.552758,Daerah: Johor<br>No:1524<br>Hex coord:(80;35),n/a,0,0,0,0,0,0,1,2023-05-31T20:04:44.5250847Z,0
2.36762,103.5662925,Daerah: Johor<br>No:1525<br>Hex coord:(81;35),n/a,0,0,0,0,0,0,1,2023-05-31T20:04:45.1891381Z,0
2.3754,103.5798269,Daerah: Johor<br>No:1526<br>Hex coord:(82;35),n/a,0,0,0,0,0,0,1,2023-05-31T20:04:45.8465559Z,0
2.36762,103.5933614,Daerah: Johor<br>No:1527<br>Hex coord:(83;35),n/a,0,0,0,0,0,0,1,2023-05-31T20:05:22.5298002Z,0
2.3754,103.6068959,Daerah: Johor<br>No:1528<br>Hex coord:(84;35),n/a,0,0,0,0,0,0,1,2023-05-31T20:05:23.2101090Z,0
2.36762,103.6204304,Daerah: Johor<br>No:1529<br>Hex coord:(85;35),n/a,0,0,0,0,0,0,1,2023-05-31T20:05:23.8688866Z,0
2.3754,103.6339648,Daerah: Johor<br>No:1530<br>Hex coord:(86;35),n/a,0,0,0,0,0,0,1,2023-05-31T20:05:24.5269011Z,0
2.36762,103.6474993,Daerah: Johor<br>No:1531<br>Hex coord:(87;35),n/a,0,0,0,0,0,0,1,2023-05-31T20:05:25.1789386Z,0
2.3754,103.6610338,Daerah: Johor<br>No:1532<br>Hex coord:(88;35),n/a,0,0,0,0,0,0,1,2023-05-31T20:05:25.8361280Z,0
2.36762,103.6745683,Daerah: Johor<br>No:1533<br>Hex coord:(89;35),n/a,0,0,0,0,0,0,1,2023-05-31T20:05:26.4926067Z,0
2.3754,103.6881027,Daerah: Johor<br>No:1534<br>Hex coord:(90;35),n/a,0,0,0,0,0,0,1,2023-05-31T20:05:27.1539068Z,0
2.36762,103.7016372,Daerah: Johor<br>No:1535<br>Hex coord:(91;35),n/a,0,0,0,0,0,0,1,2023-05-31T20:05:27.8147463Z,0
2.3754,103.7151717,Daerah: Johor<br>No:1536<br>Hex coord:(92;35),n/a,0,0,0,0,0,0,1,2023-05-31T20:05:28.4768798Z,0
2.36762,103.7287062,Daerah: Johor<br>No:1537<br>Hex coord:(93;35),n/a,0,0,0,0,0,0,1,2023-05-31T20:05:29.1248556Z,0
2.3754,103.7422406,Daerah: Johor<br>No:1538<br>Hex coord:(94;35),n/a,0,0,0,0,0,0,1,2023-05-31T20:05:29.7851351Z,0
2.36762,103.7557751,Daerah: Johor<br>No:1539<br>Hex coord:(95;35),n/a,0,0,0,0,0,0,1,2023-05-31T20:05:30.4478419Z,0
2.3754,103.7693096,Daerah: Johor<br>No:1540<br>Hex coord:(96;35),n/a,0,0,0,0,0,0,1,2023-05-31T20:05:31.1110056Z,0
2.36762,103.7828441,Daerah: Johor<br>No:1541<br>Hex coord:(97;35),n/a,0,0,0,0,0,0,1,2023-05-31T20:05:31.7697943Z,0
2.3754,103.7963785,Daerah: Johor<br>No:1542<br>Hex coord:(98;35),n/a,0,0,0,0,0,0,1,2023-05-31T20:05:32.4278307Z,0
2.36762,103.809913,Daerah: Johor<br>No:1543<br>Hex coord:(99;35),n/a,0,0,0,0,0,0,1,2023-05-31T20:05:33.0806333Z,0
2.3754,103.8234475,Daerah: Johor<br>No:1544<br>Hex coord:(100;35),n/a,0,0,0,0,0,0,1,2023-05-31T20:05:33.7361537Z,0
2.36762,103.836982,Daerah: Johor<br>No:1545<br>Hex coord:(101;35),n/a,0,0,0,0,0,0,1,2023-05-31T20:05:34.3876616Z,0
2.3754,103.8505164,Daerah: Johor<br>No:1546<br>Hex coord:(102;35),n/a,0,0,0,0,0,0,1,2023-05-31T20:05:35.0395936Z,0
2.36762,103.8640509,Daerah: Johor<br>No:1547<br>Hex coord:(103;35),n/a,0,0,0,0,0,0,1,2023-05-31T20:05:35.6959432Z,0
2.3754,103.8775854,Daerah: Johor<br>No:1548<br>Hex coord:(104;35),n/a,0,0,0,0,0,0,1,2023-05-31T20:05:36.3571793Z,0
2.36762,103.8911199,Daerah: Johor<br>No:1549<br>Hex coord:(105;35),n/a,0,0,0,0,0,0,1,2023-05-31T20:05:37.0186730Z,0
2.35206,102.5376724,Daerah: Johor<br>No:1550<br>Hex coord:(5;36),n/a,0,0,0,0,0,0,1,2023-05-31T20:05:37.6764736Z,0
2.35984,102.5512068,Daerah: Johor<br>No:1551<br>Hex coord:(6;36),n/a,0,0,0,0,0,0,1,2023-05-31T20:05:38.3409724Z,0
2.35206,102.5647413,Daerah: Johor<br>No:1552<br>Hex coord:(7;36),n/a,0,0,0,0,0,0,1,2023-05-31T20:05:38.9954215Z,0
2.35984,102.5782758,Daerah: Johor<br>No:1553<br>Hex coord:(8;36),n/a,0,0,0,0,0,0,1,2023-05-31T20:05:39.6577338Z,0
2.35206,102.5918103,Daerah: Johor<br>No:1554<br>Hex coord:(9;36),n/a,0,0,0,0,0,0,1,2023-05-31T20:05:40.3212953Z,0
2.35984,102.6053447,Daerah: Johor<br>No:1555<br>Hex coord:(10;36),n/a,0,0,0,0,0,0,1,2023-05-31T20:05:40.9720807Z,0
2.35206,102.6188792,Daerah: Johor<br>No:1556<br>Hex coord:(11;36),n/a,0,0,0,0,0,0,1,2023-05-31T20:05:41.6267728Z,0
2.35984,102.6324137,Daerah: Johor<br>No:1557<br>Hex coord:(12;36),n/a,0,0,0,0,0,0,1,2023-05-31T20:05:42.2837613Z,0
2.35206,102.6459482,Daerah: Johor<br>No:1558<br>Hex coord:(13;36),n/a,0,0,0,0,0,0,1,2023-05-31T20:05:42.9381515Z,0
2.35984,102.6594826,Daerah: Johor<br>No:1559<br>Hex coord:(14;36),n/a,0,0,0,0,0,0,1,2023-05-31T20:05:43.5954583Z,0
2.35206,102.6730171,Daerah: Johor<br>No:1560<br>Hex coord:(15;36),n/a,0,0,0,0,0,0,1,2023-05-31T20:05:44.2450383Z,0
2.35984,102.6865516,Daerah: Johor<br>No:1561<br>Hex coord:(16;36),n/a,0,0,0,0,0,0,1,2023-05-31T20:05:44.9030611Z,0
2.35206,102.7000861,Daerah: Johor<br>No:1562<br>Hex coord:(17;36),n/a,0,0,0,0,0,0,1,2023-05-31T20:05:45.5674284Z,0
2.35984,102.7136205,Daerah: Johor<br>No:1563<br>Hex coord:(18;36),n/a,0,0,0,0,0,0,1,2023-05-31T20:05:46.2279011Z,0
2.35206,102.727155,Daerah: Johor<br>No:1564<br>Hex coord:(19;36),n/a,0,0,0,0,0,0,1,2023-05-31T20:05:46.8867572Z,0
2.35984,102.7406895,Daerah: Johor<br>No:1565<br>Hex coord:(20;36),n/a,0,0,0,0,0,0,1,2023-05-31T20:05:47.5472875Z,0
2.35206,102.754224,Daerah: Johor<br>No:1566<br>Hex coord:(21;36),n/a,0,0,0,0,0,0,1,2023-05-31T20:05:48.2046421Z,0
2.35984,102.7677584,Daerah: Johor<br>No:1567<br>Hex coord:(22;36),n/a,0,0,0,0,0,0,1,2023-05-31T20:05:48.8600097Z,0
2.35206,102.7812929,Daerah: Johor<br>No:1568<br>Hex coord:(23;36),n/a,0,0,0,0,0,0,1,2023-05-31T20:05:49.5056814Z,0
2.35984,102.7948274,Daerah: Johor<br>No:1569<br>Hex coord:(24;36),n/a,0,0,0,0,0,0,1,2023-05-31T20:05:50.1677963Z,0
2.35206,102.8083619,Daerah: Johor<br>No:1570<br>Hex coord:(25;36),n/a,0,0,0,0,0,0,1,2023-05-31T20:05:50.8353054Z,0
2.35984,102.8218963,Daerah: Johor<br>No:1571<br>Hex coord:(26;36),n/a,0,0,0,0,0,0,1,2023-05-31T20:05:51.4989835Z,0
2.35206,102.8354308,Daerah: Johor<br>No:1572<br>Hex coord:(27;36),n/a,0,0,0,0,0,0,1,2023-05-31T20:05:52.1758961Z,0
2.35984,102.8489653,Daerah: Johor<br>No:1573<br>Hex coord:(28;36),n/a,0,0,0,0,0,0,1,2023-05-31T20:05:52.8327766Z,0
2.35206,102.8624998,Daerah: Johor<br>No:1574<br>Hex coord:(29;36),n/a,0,0,0,0,0,0,1,2023-05-31T20:05:53.4866807Z,0
2.35984,102.8760342,Daerah: Johor<br>No:1575<br>Hex coord:(30;36),n/a,0,0,0,0,0,0,1,2023-05-31T20:05:54.1728729Z,0
2.35206,102.8895687,Daerah: Johor<br>No:1576<br>Hex coord:(31;36),n/a,0,0,0,0,0,0,1,2023-05-31T20:05:54.8346807Z,0
2.35984,102.9031032,Daerah: Johor<br>No:1577<br>Hex coord:(32;36),n/a,0,0,0,0,0,0,1,2023-05-31T20:05:55.4929319Z,0
2.35206,102.9166377,Daerah: Johor<br>No:1578<br>Hex coord:(33;36),n/a,0,0,0,0,0,0,1,2023-05-31T20:05:56.1541426Z,0
2.35984,102.9301721,Daerah: Johor<br>No:1579<br>Hex coord:(34;36),n/a,0,0,0,0,0,0,1,2023-05-31T20:05:56.8024501Z,0
2.35206,102.9437066,Daerah: Johor<br>No:1580<br>Hex coord:(35;36),n/a,0,0,0,0,0,0,1,2023-05-31T20:05:57.4580586Z,0
2.35984,102.9572411,Daerah: Johor<br>No:1581<br>Hex coord:(36;36),n/a,0,0,0,0,0,0,1,2023-05-31T20:05:58.1120241Z,0
2.35206,102.9707756,Daerah: Johor<br>No:1582<br>Hex coord:(37;36),n/a,0,0,0,0,0,0,1,2023-05-31T20:05:58.7659666Z,0
2.35984,102.98431,Daerah: Johor<br>No:1583<br>Hex coord:(38;36),n/a,0,0,0,0,0,0,1,2023-05-31T20:05:59.4323146Z,0
2.35206,102.9978445,Daerah: Johor<br>No:1584<br>Hex coord:(39;36),n/a,0,0,0,0,0,0,1,2023-05-31T20:06:00.0909106Z,0
2.35984,103.011379,Daerah: Johor<br>No:1585<br>Hex coord:(40;36),n/a,0,0,0,0,0,0,1,2023-05-31T20:06:00.7547522Z,0
2.35206,103.0249135,Daerah: Johor<br>No:1586<br>Hex coord:(41;36),n/a,0,0,0,0,0,0,1,2023-05-31T20:06:01.4078869Z,0
2.35984,103.0384479,Daerah: Johor<br>No:1587<br>Hex coord:(42;36),n/a,0,0,0,0,0,0,1,2023-05-31T20:06:02.0688839Z,0
2.35206,103.0519824,Daerah: Johor<br>No:1588<br>Hex coord:(43;36),n/a,0,0,0,0,0,0,1,2023-05-31T20:06:02.7198153Z,0
2.35984,103.0655169,Daerah: Johor<br>No:1589<br>Hex coord:(44;36),n/a,0,0,0,0,0,0,1,2023-05-31T20:06:03.3689532Z,0
2.35206,103.0790514,Daerah: Johor<br>No:1590<br>Hex coord:(45;36),n/a,0,0,0,0,0,0,1,2023-05-31T20:06:04.0232983Z,0
2.35984,103.0925858,Daerah: Johor<br>No:1591<br>Hex coord:(46;36),n/a,0,0,0,0,0,0,1,2023-05-31T20:06:04.6669126Z,0
2.35206,103.1061203,Daerah: Johor<br>No:1592<br>Hex coord:(47;36),n/a,0,0,0,0,0,0,1,2023-05-31T20:06:05.3289611Z,0
2.35984,103.1196548,Daerah: Johor<br>No:1593<br>Hex coord:(48;36),n/a,0,0,0,0,0,0,1,2023-05-31T20:06:05.9865541Z,0
2.35206,103.1331893,Daerah: Johor<br>No:1594<br>Hex coord:(49;36),n/a,0,0,0,0,0,0,1,2023-05-31T20:06:42.6891622Z,0
2.35984,103.1467237,Daerah: Johor<br>No:1595<br>Hex coord:(50;36),n/a,0,0,0,0,0,0,1,2023-05-31T20:06:43.3697884Z,0
2.35206,103.1602582,Daerah: Johor<br>No:1596<br>Hex coord:(51;36),n/a,0,0,0,0,0,0,1,2023-05-31T20:06:44.0234587Z,0
2.35984,103.1737927,Daerah: Johor<br>No:1597<br>Hex coord:(52;36),n/a,0,0,0,0,0,0,1,2023-05-31T20:06:44.6882173Z,0
2.35206,103.1873272,Daerah: Johor<br>No:1598<br>Hex coord:(53;36),n/a,0,0,0,0,0,0,1,2023-05-31T20:06:45.3525000Z,0
2.35984,103.2008616,Daerah: Johor<br>No:1599<br>Hex coord:(54;36),n/a,0,0,0,0,0,0,1,2023-05-31T20:06:46.0027423Z,0
2.35206,103.2143961,Daerah: Johor<br>No:1600<br>Hex coord:(55;36),n/a,0,0,0,0,0,0,1,2023-05-31T20:06:46.6554956Z,0
2.35984,103.2279306,Daerah: Johor<br>No:1601<br>Hex coord:(56;36),n/a,0,0,0,0,0,0,1,2023-05-31T20:06:47.3109011Z,0
2.35206,103.2414651,Daerah: Johor<br>No:1602<br>Hex coord:(57;36),n/a,0,0,0,0,0,0,1,2023-05-31T20:06:47.9817373Z,0
2.35984,103.2549995,Daerah: Johor<br>No:1603<br>Hex coord:(58;36),n/a,0,0,0,0,0,0,1,2023-05-31T20:06:48.6262257Z,0
2.35206,103.268534,Daerah: Johor<br>No:1604<br>Hex coord:(59;36),n/a,0,0,0,0,0,0,1,2023-05-31T20:06:49.2839352Z,0
2.35984,103.2820685,Daerah: Johor<br>No:1605<br>Hex coord:(60;36),n/a,0,0,0,0,0,0,1,2023-05-31T20:06:49.9322071Z,0
2.35206,103.295603,Daerah: Johor<br>No:1606<br>Hex coord:(61;36),n/a,0,0,0,0,0,0,1,2023-05-31T20:06:50.5888143Z,0
2.35984,103.3091374,Daerah: Johor<br>No:1607<br>Hex coord:(62;36),n/a,0,0,0,0,0,0,1,2023-05-31T20:06:51.2428316Z,0
2.35206,103.3226719,Daerah: Johor<br>No:1608<br>Hex coord:(63;36),n/a,0,0,0,0,0,0,1,2023-05-31T20:06:51.8957998Z,0
2.35984,103.3362064,Daerah: Johor<br>No:1609<br>Hex coord:(64;36),n/a,0,0,0,0,0,0,1,2023-05-31T20:06:52.5548371Z,0
2.35206,103.3497409,Daerah: Johor<br>No:1610<br>Hex coord:(65;36),n/a,0,0,0,0,0,0,1,2023-05-31T20:06:53.2122163Z,0
2.35984,103.3632753,Daerah: Johor<br>No:1611<br>Hex coord:(66;36),n/a,0,0,0,0,0,0,1,2023-05-31T20:06:53.8669634Z,0
2.35206,103.3768098,Daerah: Johor<br>No:1612<br>Hex coord:(67;36),n/a,0,0,0,0,0,0,1,2023-05-31T20:06:54.5339729Z,0
2.35984,103.3903443,Daerah: Johor<br>No:1613<br>Hex coord:(68;36),n/a,0,0,0,0,0,0,1,2023-05-31T20:06:55.2022143Z,0
2.35206,103.4038788,Daerah: Johor<br>No:1614<br>Hex coord:(69;36),n/a,0,0,0,0,0,0,1,2023-05-31T20:06:55.8480189Z,0
2.35984,103.4174132,Daerah: Johor<br>No:1615<br>Hex coord:(70;36),n/a,0,0,0,0,0,0,1,2023-05-31T20:06:56.5034508Z,0
2.35206,103.4309477,Daerah: Johor<br>No:1616<br>Hex coord:(71;36),n/a,0,0,0,0,0,0,1,2023-05-31T20:06:57.1530612Z,0
2.35984,103.4444822,Daerah: Johor<br>No:1617<br>Hex coord:(72;36),n/a,0,0,0,0,0,0,1,2023-05-31T20:07:33.8278310Z,0
2.35206,103.4580167,Daerah: Johor<br>No:1618<br>Hex coord:(73;36),n/a,0,0,0,0,0,0,1,2023-05-31T20:07:34.4926402Z,0
2.35984,103.4715511,Daerah: Johor<br>No:1619<br>Hex coord:(74;36),n/a,0,0,0,0,0,0,1,2023-05-31T20:07:35.1373956Z,0
2.35206,103.4850856,Daerah: Johor<br>No:1620<br>Hex coord:(75;36),n/a,0,0,0,0,0,0,1,2023-05-31T20:07:35.7912787Z,0
2.35984,103.4986201,Daerah: Johor<br>No:1621<br>Hex coord:(76;36),n/a,0,0,0,0,0,0,1,2023-05-31T20:07:36.4503286Z,0
2.35206,103.5121546,Daerah: Johor<br>No:1622<br>Hex coord:(77;36),n/a,0,0,0,0,0,0,1,2023-05-31T20:07:37.1143104Z,0
2.35984,103.525689,Daerah: Johor<br>No:1623<br>Hex coord:(78;36),n/a,0,0,0,0,0,0,1,2023-05-31T20:08:13.8029988Z,0
2.35206,103.5392235,Daerah: Johor<br>No:1624<br>Hex coord:(79;36),n/a,0,0,0,0,0,0,1,2023-05-31T20:08:14.4701263Z,0
2.35984,103.552758,Daerah: Johor<br>No:1625<br>Hex coord:(80;36),n/a,0,0,0,0,0,0,1,2023-05-31T20:08:15.1352360Z,0
2.35206,103.5662925,Daerah: Johor<br>No:1626<br>Hex coord:(81;36),n/a,0,0,0,0,0,0,1,2023-05-31T20:08:15.8023246Z,0
2.35984,103.5798269,Daerah: Johor<br>No:1627<br>Hex coord:(82;36),n/a,0,0,0,0,0,0,1,2023-05-31T20:08:16.4589737Z,0
2.35206,103.5933614,Daerah: Johor<br>No:1628<br>Hex coord:(83;36),n/a,0,0,0,0,0,0,1,2023-05-31T20:08:17.1058677Z,0
2.35984,103.6068959,Daerah: Johor<br>No:1629<br>Hex coord:(84;36),n/a,0,0,0,0,0,0,1,2023-05-31T20:08:17.7648329Z,0
2.35206,103.6204304,Daerah: Johor<br>No:1630<br>Hex coord:(85;36),n/a,0,0,0,0,0,0,1,2023-05-31T20:08:18.4119031Z,0
2.35984,103.6339648,Daerah: Johor<br>No:1631<br>Hex coord:(86;36),n/a,0,0,0,0,0,0,1,2023-05-31T20:08:19.0719018Z,0
2.35206,103.6474993,Daerah: Johor<br>No:1632<br>Hex coord:(87;36),n/a,0,0,0,0,0,0,1,2023-05-31T20:08:19.7391187Z,0
2.35984,103.6610338,Daerah: Johor<br>No:1633<br>Hex coord:(88;36),n/a,0,0,0,0,0,0,1,2023-05-31T20:08:20.3921776Z,0
2.35206,103.6745683,Daerah: Johor<br>No:1634<br>Hex coord:(89;36),n/a,0,0,0,0,0,0,1,2023-05-31T20:08:21.0520377Z,0
2.35984,103.6881027,Daerah: Johor<br>No:1635<br>Hex coord:(90;36),n/a,0,0,0,0,0,0,1,2023-05-31T20:08:21.7038492Z,0
2.35206,103.7016372,Daerah: Johor<br>No:1636<br>Hex coord:(91;36),n/a,0,0,0,0,0,0,1,2023-05-31T20:08:22.3700059Z,0
2.35984,103.7151717,Daerah: Johor<br>No:1637<br>Hex coord:(92;36),n/a,0,0,0,0,0,0,1,2023-05-31T20:08:23.0266504Z,0
2.35206,103.7287062,Daerah: Johor<br>No:1638<br>Hex coord:(93;36),n/a,0,0,0,0,0,0,1,2023-05-31T20:08:23.6828611Z,0
2.35984,103.7422406,Daerah: Johor<br>No:1639<br>Hex coord:(94;36),n/a,0,0,0,0,0,0,1,2023-05-31T20:09:00.3721170Z,0
2.35206,103.7557751,Daerah: Johor<br>No:1640<br>Hex coord:(95;36),n/a,0,0,0,0,0,0,1,2023-05-31T20:09:01.0468929Z,0
2.35984,103.7693096,Daerah: Johor<br>No:1641<br>Hex coord:(96;36),n/a,0,0,0,0,0,0,1,2023-05-31T20:09:01.7236855Z,0
2.35206,103.7828441,Daerah: Johor<br>No:1642<br>Hex coord:(97;36),n/a,0,0,0,0,0,0,1,2023-05-31T20:09:02.3996171Z,0
2.35984,103.7963785,Daerah: Johor<br>No:1643<br>Hex coord:(98;36),n/a,0,0,0,0,0,0,1,2023-05-31T20:09:03.0568424Z,0
2.35206,103.809913,Daerah: Johor<br>No:1644<br>Hex coord:(99;36),n/a,0,0,0,0,0,0,1,2023-05-31T20:09:03.7106936Z,0
2.35984,103.8234475,Daerah: Johor<br>No:1645<br>Hex coord:(100;36),n/a,0,0,0,0,0,0,1,2023-05-31T20:09:04.3687580Z,0
2.35206,103.836982,Daerah: Johor<br>No:1646<br>Hex coord:(101;36),n/a,0,0,0,0,0,0,1,2023-05-31T20:09:05.0381279Z,0
2.35984,103.8505164,Daerah: Johor<br>No:1647<br>Hex coord:(102;36),n/a,0,0,0,0,0,0,1,2023-05-31T20:09:05.6923503Z,0
2.35206,103.8640509,Daerah: Johor<br>No:1648<br>Hex coord:(103;36),n/a,0,0,0,0,0,0,1,2023-05-31T20:09:06.3477838Z,0
2.35984,103.8775854,Daerah: Johor<br>No:1649<br>Hex coord:(104;36),n/a,0,0,0,0,0,0,1,2023-05-31T20:09:06.9982810Z,0
2.35206,103.8911199,Daerah: Johor<br>No:1650<br>Hex coord:(105;36),n/a,0,0,0,0,0,0,1,2023-05-31T20:09:07.6523839Z,0
2.34428,102.5241379,Daerah: Johor<br>No:1651<br>Hex coord:(4;37),n/a,0,0,0,0,0,0,1,2023-05-31T20:09:08.3134409Z,0
2.3365,102.5376724,Daerah: Johor<br>No:1652<br>Hex coord:(5;37),n/a,0,0,0,0,0,0,1,2023-05-31T20:09:08.9643935Z,0
2.34428,102.5512068,Daerah: Johor<br>No:1653<br>Hex coord:(6;37),n/a,0,0,0,0,0,0,1,2023-05-31T20:09:09.6291613Z,0
2.3365,102.5647413,Daerah: Johor<br>No:1654<br>Hex coord:(7;37),n/a,0,0,0,0,0,0,1,2023-05-31T20:09:10.2854944Z,0
2.34428,102.5782758,Daerah: Johor<br>No:1655<br>Hex coord:(8;37),n/a,0,0,0,0,0,0,1,2023-05-31T20:09:10.9426486Z,0
2.3365,102.5918103,Daerah: Johor<br>No:1656<br>Hex coord:(9;37),n/a,0,0,0,0,0,0,1,2023-05-31T20:09:11.5902173Z,0
2.34428,102.6053447,Daerah: Johor<br>No:1657<br>Hex coord:(10;37),n/a,0,0,0,0,0,0,1,2023-05-31T20:09:12.2507200Z,0
2.3365,102.6188792,Daerah: Johor<br>No:1658<br>Hex coord:(11;37),n/a,0,0,0,0,0,0,1,2023-05-31T20:09:12.8972730Z,0
2.34428,102.6324137,Daerah: Johor<br>No:1659<br>Hex coord:(12;37),n/a,0,0,0,0,0,0,1,2023-05-31T20:09:13.5539125Z,0
2.3365,102.6459482,Daerah: Johor<br>No:1660<br>Hex coord:(13;37),n/a,0,0,0,0,0,0,1,2023-05-31T20:09:14.2103648Z,0
2.34428,102.6594826,Daerah: Johor<br>No:1661<br>Hex coord:(14;37),n/a,0,0,0,0,0,0,1,2023-05-31T20:09:14.8590608Z,0
2.3365,102.6730171,Daerah: Johor<br>No:1662<br>Hex coord:(15;37),n/a,0,0,0,0,0,0,1,2023-05-31T20:09:15.5167148Z,0
2.34428,102.6865516,Daerah: Johor<br>No:1663<br>Hex coord:(16;37),n/a,0,0,0,0,0,0,1,2023-05-31T20:09:16.1812392Z,0
2.3365,102.7000861,Daerah: Johor<br>No:1664<br>Hex coord:(17;37),n/a,0,0,0,0,0,0,1,2023-05-31T20:09:16.8369633Z,0
2.34428,102.7136205,Daerah: Johor<br>No:1665<br>Hex coord:(18;37),n/a,0,0,0,0,0,0,1,2023-05-31T20:09:17.5025723Z,0
2.3365,102.727155,Daerah: Johor<br>No:1666<br>Hex coord:(19;37),n/a,0,0,0,0,0,0,1,2023-05-31T20:09:18.1591845Z,0
2.34428,102.7406895,Daerah: Johor<br>No:1667<br>Hex coord:(20;37),n/a,0,0,0,0,0,0,1,2023-05-31T20:09:18.8158723Z,0
2.3365,102.754224,Daerah: Johor<br>No:1668<br>Hex coord:(21;37),n/a,0,0,0,0,0,0,1,2023-05-31T20:09:19.4665153Z,0
2.34428,102.7677584,Daerah: Johor<br>No:1669<br>Hex coord:(22;37),n/a,0,0,0,0,0,0,1,2023-05-31T20:09:20.1280116Z,0
2.3365,102.7812929,Daerah: Johor<br>No:1670<br>Hex coord:(23;37),n/a,0,0,0,0,0,0,1,2023-05-31T20:09:20.7795948Z,0
2.34428,102.7948274,Daerah: Johor<br>No:1671<br>Hex coord:(24;37),n/a,0,0,0,0,0,0,1,2023-05-31T20:09:21.4331836Z,0
2.3365,102.8083619,Daerah: Johor<br>No:1672<br>Hex coord:(25;37),n/a,0,0,0,0,0,0,1,2023-05-31T20:09:22.0853211Z,0
2.34428,102.8218963,Daerah: Johor<br>No:1673<br>Hex coord:(26;37),n/a,0,0,0,0,0,0,1,2023-05-31T20:09:22.7444187Z,0
2.3365,102.8354308,Daerah: Johor<br>No:1674<br>Hex coord:(27;37),n/a,0,0,0,0,0,0,1,2023-05-31T20:09:23.4077209Z,0
2.34428,102.8489653,Daerah: Johor<br>No:1675<br>Hex coord:(28;37),n/a,0,0,0,0,0,0,1,2023-05-31T20:09:24.0606537Z,0
2.3365,102.8624998,Daerah: Johor<br>No:1676<br>Hex coord:(29;37),n/a,0,0,0,0,0,0,1,2023-05-31T20:09:24.7142478Z,0
2.34428,102.8760342,Daerah: Johor<br>No:1677<br>Hex coord:(30;37),n/a,0,0,0,0,0,0,1,2023-05-31T20:09:25.3690323Z,0
2.3365,102.8895687,Daerah: Johor<br>No:1678<br>Hex coord:(31;37),n/a,0,0,0,0,0,0,1,2023-05-31T20:09:26.0259304Z,0
2.34428,102.9031032,Daerah: Johor<br>No:1679<br>Hex coord:(32;37),n/a,0,0,0,0,0,0,1,2023-05-31T20:09:26.6881881Z,0
2.3365,102.9166377,Daerah: Johor<br>No:1680<br>Hex coord:(33;37),n/a,0,0,0,0,0,0,1,2023-05-31T20:09:27.3432253Z,0
2.34428,102.9301721,Daerah: Johor<br>No:1681<br>Hex coord:(34;37),n/a,0,0,0,0,0,0,1,2023-05-31T20:09:27.9965290Z,0
2.3365,102.9437066,Daerah: Johor<br>No:1682<br>Hex coord:(35;37),n/a,0,0,0,0,0,0,1,2023-05-31T20:09:28.6599447Z,0
2.34428,102.9572411,Daerah: Johor<br>No:1683<br>Hex coord:(36;37),n/a,0,0,0,0,0,0,1,2023-05-31T20:09:29.3141671Z,0
2.3365,102.9707756,Daerah: Johor<br>No:1684<br>Hex coord:(37;37),n/a,0,0,0,0,0,0,1,2023-05-31T20:09:29.9775057Z,0
2.34428,102.98431,Daerah: Johor<br>No:1685<br>Hex coord:(38;37),n/a,0,0,0,0,0,0,1,2023-05-31T20:09:30.6320192Z,0
2.3365,102.9978445,Daerah: Johor<br>No:1686<br>Hex coord:(39;37),n/a,0,0,0,0,0,0,1,2023-05-31T20:09:31.2871908Z,0
2.34428,103.011379,Daerah: Johor<br>No:1687<br>Hex coord:(40;37),n/a,0,0,0,0,0,0,1,2023-05-31T20:09:31.9387782Z,0
2.3365,103.0249135,Daerah: Johor<br>No:1688<br>Hex coord:(41;37),n/a,0,0,0,0,0,0,1,2023-05-31T20:09:32.5936561Z,0
2.34428,103.0384479,Daerah: Johor<br>No:1689<br>Hex coord:(42;37),n/a,0,0,0,0,0,0,1,2023-05-31T20:09:33.2554376Z,0
2.3365,103.0519824,Daerah: Johor<br>No:1690<br>Hex coord:(43;37),n/a,0,0,0,0,0,0,1,2023-05-31T20:10:09.9571348Z,0
2.34428,103.0655169,Daerah: Johor<br>No:1691<br>Hex coord:(44;37),n/a,0,0,0,0,0,0,1,2023-05-31T20:10:10.6060395Z,0
2.3365,103.0790514,Daerah: Johor<br>No:1692<br>Hex coord:(45;37),n/a,0,0,0,0,0,0,1,2023-05-31T20:10:11.2792981Z,0
2.34428,103.0925858,Daerah: Johor<br>No:1693<br>Hex coord:(46;37),n/a,0,0,0,0,0,0,1,2023-05-31T20:10:11.9438884Z,0
2.3365,103.1061203,Daerah: Johor<br>No:1694<br>Hex coord:(47;37),n/a,0,0,0,0,0,0,1,2023-05-31T20:10:12.5994525Z,0
2.34428,103.1196548,Daerah: Johor<br>No:1695<br>Hex coord:(48;37),n/a,0,0,0,0,0,0,1,2023-05-31T20:10:13.2644188Z,0
2.3365,103.1331893,Daerah: Johor<br>No:1696<br>Hex coord:(49;37),n/a,0,0,0,0,0,0,1,2023-05-31T20:10:13.9212838Z,0
2.34428,103.1467237,Daerah: Johor<br>No:1697<br>Hex coord:(50;37),n/a,0,0,0,0,0,0,1,2023-05-31T20:10:14.5765532Z,0
2.3365,103.1602582,Daerah: Johor<br>No:1698<br>Hex coord:(51;37),n/a,0,0,0,0,0,0,1,2023-05-31T20:10:15.2375474Z,0
2.34428,103.1737927,Daerah: Johor<br>No:1699<br>Hex coord:(52;37),n/a,0,0,0,0,0,0,1,2023-05-31T20:10:15.8944286Z,0
2.3365,103.1873272,Daerah: Johor<br>No:1700<br>Hex coord:(53;37),n/a,0,0,0,0,0,0,1,2023-05-31T20:10:16.5505137Z,0
2.34428,103.2008616,Daerah: Johor<br>No:1701<br>Hex coord:(54;37),n/a,0,0,0,0,0,0,1,2023-05-31T20:10:17.2083305Z,0
2.3365,103.2143961,Daerah: Johor<br>No:1702<br>Hex coord:(55;37),n/a,0,0,0,0,0,0,1,2023-05-31T20:10:17.8713093Z,0
2.34428,103.2279306,Daerah: Johor<br>No:1703<br>Hex coord:(56;37),n/a,0,0,0,0,0,0,1,2023-05-31T20:10:18.5285499Z,0
2.3365,103.2414651,Daerah: Johor<br>No:1704<br>Hex coord:(57;37),n/a,0,0,0,0,0,0,1,2023-05-31T20:10:19.1778570Z,0
2.34428,103.2549995,Daerah: Johor<br>No:1705<br>Hex coord:(58;37),n/a,0,0,0,0,0,0,1,2023-05-31T20:10:19.8355291Z,0
2.3365,103.268534,Daerah: Johor<br>No:1706<br>Hex coord:(59;37),n/a,0,0,0,0,0,0,1,2023-05-31T20:10:20.4909854Z,0
2.34428,103.2820685,Daerah: Johor<br>No:1707<br>Hex coord:(60;37),n/a,0,0,0,0,0,0,1,2023-05-31T20:10:21.1437584Z,0
2.3365,103.295603,Daerah: Johor<br>No:1708<br>Hex coord:(61;37),n/a,0,0,0,0,0,0,1,2023-05-31T20:10:21.8029318Z,0
2.34428,103.3091374,Daerah: Johor<br>No:1709<br>Hex coord:(62;37),n/a,0,0,0,0,0,0,1,2023-05-31T20:10:22.4615021Z,0
2.3365,103.3226719,Daerah: Johor<br>No:1710<br>Hex coord:(63;37),n/a,0,0,0,0,0,0,1,2023-05-31T20:10:23.1171225Z,0
2.34428,103.3362064,Daerah: Johor<br>No:1711<br>Hex coord:(64;37),n/a,0,0,0,0,0,0,1,2023-05-31T20:10:23.7833862Z,0
2.3365,103.3497409,Daerah: Johor<br>No:1712<br>Hex coord:(65;37),n/a,0,0,0,0,0,0,1,2023-05-31T20:10:24.4412788Z,0
2.34428,103.3632753,Daerah: Johor<br>No:1713<br>Hex coord:(66;37),n/a,0,0,0,0,0,0,1,2023-05-31T20:10:25.1108805Z,0
2.3365,103.3768098,Daerah: Johor<br>No:1714<br>Hex coord:(67;37),n/a,0,0,0,0,0,0,1,2023-05-31T20:10:25.7655701Z,0
2.34428,103.3903443,Daerah: Johor<br>No:1715<br>Hex coord:(68;37),n/a,0,0,0,0,0,0,1,2023-05-31T20:10:28.1347777Z,0
2.3365,103.4038788,Daerah: Johor<br>No:1716<br>Hex coord:(69;37),n/a,0,0,0,0,0,0,1,2023-05-31T20:10:28.7922493Z,0
2.34428,103.4174132,Daerah: Johor<br>No:1717<br>Hex coord:(70;37),n/a,0,0,0,0,0,0,1,2023-05-31T20:10:29.4516827Z,0
2.3365,103.4309477,Daerah: Johor<br>No:1718<br>Hex coord:(71;37),n/a,0,0,0,0,0,0,1,2023-05-31T20:10:30.1001735Z,0
2.34428,103.4444822,Daerah: Johor<br>No:1719<br>Hex coord:(72;37),n/a,0,0,0,0,0,0,1,2023-05-31T20:10:30.7569142Z,0
2.3365,103.4580167,Daerah: Johor<br>No:1720<br>Hex coord:(73;37),n/a,0,0,0,0,0,0,1,2023-05-31T20:10:31.4230136Z,0
2.34428,103.4715511,Daerah: Johor<br>No:1721<br>Hex coord:(74;37),n/a,0,0,0,0,0,0,1,2023-05-31T20:10:32.0796119Z,0
2.3365,103.4850856,Daerah: Johor<br>No:1722<br>Hex coord:(75;37),n/a,0,0,0,0,0,0,1,2023-05-31T20:10:32.7308569Z,0
2.34428,103.4986201,Daerah: Johor<br>No:1723<br>Hex coord:(76;37),n/a,0,0,0,0,0,0,1,2023-05-31T20:10:33.3807664Z,0
2.3365,103.5121546,Daerah: Johor<br>No:1724<br>Hex coord:(77;37),n/a,0,0,0,0,0,0,1,2023-05-31T20:10:34.0382657Z,0
2.34428,103.525689,Daerah: Johor<br>No:1725<br>Hex coord:(78;37),n/a,0,0,0,0,0,0,1,2023-05-31T20:10:34.6878391Z,0
2.3365,103.5392235,Daerah: Johor<br>No:1726<br>Hex coord:(79;37),n/a,0,0,0,0,0,0,1,2023-05-31T20:10:35.3579311Z,0
2.34428,103.552758,Daerah: Johor<br>No:1727<br>Hex coord:(80;37),n/a,0,0,0,0,0,0,1,2023-05-31T20:10:36.0059343Z,0
2.3365,103.5662925,Daerah: Johor<br>No:1728<br>Hex coord:(81;37),n/a,0,0,0,0,0,0,1,2023-05-31T20:10:36.6658970Z,0
2.34428,103.5798269,Daerah: Johor<br>No:1729<br>Hex coord:(82;37),n/a,0,0,0,0,0,0,1,2023-05-31T20:10:37.3208983Z,0
2.3365,103.5933614,Daerah: Johor<br>No:1730<br>Hex coord:(83;37),n/a,0,0,0,0,0,0,1,2023-05-31T20:10:37.9876301Z,0
2.34428,103.6068959,Daerah: Johor<br>No:1731<br>Hex coord:(84;37),n/a,0,0,0,0,0,0,1,2023-05-31T20:10:38.6555301Z,0
2.3365,103.6204304,Daerah: Johor<br>No:1732<br>Hex coord:(85;37),n/a,0,0,0,0,0,0,1,2023-05-31T20:10:39.3109369Z,0
2.34428,103.6339648,Daerah: Johor<br>No:1733<br>Hex coord:(86;37),n/a,0,0,0,0,0,0,1,2023-05-31T20:10:39.9708613Z,0
2.3365,103.6474993,Daerah: Johor<br>No:1734<br>Hex coord:(87;37),n/a,0,0,0,0,0,0,1,2023-05-31T20:10:40.6364739Z,0
2.34428,103.6610338,Daerah: Johor<br>No:1735<br>Hex coord:(88;37),n/a,0,0,0,0,0,0,1,2023-05-31T20:10:41.2902162Z,0
2.3365,103.6745683,Daerah: Johor<br>No:1736<br>Hex coord:(89;37),n/a,0,0,0,0,0,0,1,2023-05-31T20:10:41.9763858Z,0
2.34428,103.6881027,Daerah: Johor<br>No:1737<br>Hex coord:(90;37),n/a,0,0,0,0,0,0,1,2023-05-31T20:10:42.6442875Z,0
2.3365,103.7016372,Daerah: Johor<br>No:1738<br>Hex coord:(91;37),n/a,0,0,0,0,0,0,1,2023-05-31T20:10:43.3002539Z,0
2.34428,103.7151717,Daerah: Johor<br>No:1739<br>Hex coord:(92;37),n/a,0,0,0,0,0,0,1,2023-05-31T20:10:43.9637065Z,0
2.3365,103.7287062,Daerah: Johor<br>No:1740<br>Hex coord:(93;37),n/a,0,0,0,0,0,0,1,2023-05-31T20:10:44.6191407Z,0
2.34428,103.7422406,Daerah: Johor<br>No:1741<br>Hex coord:(94;37),n/a,0,0,0,0,0,0,1,2023-05-31T20:10:45.2694573Z,0
2.3365,103.7557751,Daerah: Johor<br>No:1742<br>Hex coord:(95;37),n/a,0,0,0,0,0,0,1,2023-05-31T20:10:45.9093765Z,0
2.34428,103.7693096,Daerah: Johor<br>No:1743<br>Hex coord:(96;37),n/a,0,0,0,0,0,0,1,2023-05-31T20:10:46.5630562Z,0
2.3365,103.7828441,Daerah: Johor<br>No:1744<br>Hex coord:(97;37),n/a,0,0,0,0,0,0,1,2023-05-31T20:10:47.2131334Z,0
2.34428,103.7963785,Daerah: Johor<br>No:1745<br>Hex coord:(98;37),n/a,0,0,0,0,0,0,1,2023-05-31T20:10:47.8788168Z,0
2.3365,103.809913,Daerah: Johor<br>No:1746<br>Hex coord:(99;37),n/a,0,0,0,0,0,0,1,2023-05-31T20:10:48.5380632Z,0
2.34428,103.8234475,Daerah: Johor<br>No:1747<br>Hex coord:(100;37),n/a,0,0,0,0,0,0,1,2023-05-31T20:10:49.1932550Z,0
2.3365,103.836982,Daerah: Johor<br>No:1748<br>Hex coord:(101;37),n/a,0,0,0,0,0,0,1,2023-05-31T20:10:49.8537667Z,0
2.34428,103.8505164,Daerah: Johor<br>No:1749<br>Hex coord:(102;37),n/a,0,0,0,0,0,0,1,2023-05-31T20:10:50.5108970Z,0
2.3365,103.8640509,Daerah: Johor<br>No:1750<br>Hex coord:(103;37),n/a,0,0,0,0,0,0,1,2023-05-31T20:10:51.1783699Z,0
2.34428,103.8775854,Daerah: Johor<br>No:1751<br>Hex coord:(104;37),n/a,0,0,0,0,0,0,1,2023-05-31T20:10:51.8410120Z,0
2.3365,103.8911199,Daerah: Johor<br>No:1752<br>Hex coord:(105;37),n/a,0,0,0,0,0,0,1,2023-05-31T20:10:52.4940196Z,0
2.34428,103.9046543,Daerah: Johor<br>No:1753<br>Hex coord:(106;37),n/a,0,0,0,0,0,0,1,2023-05-31T20:10:53.1494239Z,0
2.3365,103.9181888,Daerah: Johor<br>No:1754<br>Hex coord:(107;37),n/a,0,0,0,0,0,0,1,2023-05-31T20:10:53.8164441Z,0
2.32872,102.5241379,Daerah: Johor<br>No:1755<br>Hex coord:(4;38),n/a,0,0,0,0,0,0,1,2023-05-31T20:10:54.4841291Z,0
2.32094,102.5376724,Daerah: Johor<br>No:1756<br>Hex coord:(5;38),n/a,0,0,0,0,0,0,1,2023-05-31T20:10:55.1402172Z,0
2.32872,102.5512068,Daerah: Johor<br>No:1757<br>Hex coord:(6;38),n/a,0,0,0,0,0,0,1,2023-05-31T20:10:55.8050252Z,0
2.32094,102.5647413,Daerah: Johor<br>No:1758<br>Hex coord:(7;38),n/a,0,0,0,0,0,0,1,2023-05-31T20:10:56.4784959Z,0
2.32872,102.5782758,Daerah: Johor<br>No:1759<br>Hex coord:(8;38),n/a,0,0,0,0,0,0,1,2023-05-31T20:10:57.1567754Z,0
2.32094,102.5918103,Daerah: Johor<br>No:1760<br>Hex coord:(9;38),n/a,0,0,0,0,0,0,1,2023-05-31T20:10:57.8127193Z,0
2.32872,102.6053447,Daerah: Johor<br>No:1761<br>Hex coord:(10;38),n/a,0,0,0,0,0,0,1,2023-05-31T20:10:58.4775825Z,0
2.32094,102.6188792,Daerah: Johor<br>No:1762<br>Hex coord:(11;38),n/a,0,0,0,0,0,0,1,2023-05-31T20:10:59.1391112Z,0
2.32872,102.6324137,Daerah: Johor<br>No:1763<br>Hex coord:(12;38),n/a,0,0,0,0,0,0,1,2023-05-31T20:10:59.7909310Z,0
2.32094,102.6459482,Daerah: Johor<br>No:1764<br>Hex coord:(13;38),n/a,0,0,0,0,0,0,1,2023-05-31T20:11:00.4530679Z,0
2.32872,102.6594826,Daerah: Johor<br>No:1765<br>Hex coord:(14;38),n/a,0,0,0,0,0,0,1,2023-05-31T20:11:01.1097263Z,0
2.32094,102.6730171,Daerah: Johor<br>No:1766<br>Hex coord:(15;38),n/a,0,0,0,0,0,0,1,2023-05-31T20:11:01.7689311Z,0
2.32872,102.6865516,Daerah: Johor<br>No:1767<br>Hex coord:(16;38),n/a,0,0,0,0,0,0,1,2023-05-31T20:11:02.4312318Z,0
2.32094,102.7000861,Daerah: Johor<br>No:1768<br>Hex coord:(17;38),n/a,0,0,0,0,0,0,1,2023-05-31T20:11:03.0927769Z,0
2.32872,102.7136205,Daerah: Johor<br>No:1769<br>Hex coord:(18;38),n/a,0,0,0,0,0,0,1,2023-05-31T20:11:03.7500588Z,0
2.32094,102.727155,Daerah: Johor<br>No:1770<br>Hex coord:(19;38),n/a,0,0,0,0,0,0,1,2023-05-31T20:11:04.4079795Z,0
2.32872,102.7406895,Daerah: Johor<br>No:1771<br>Hex coord:(20;38),n/a,0,0,0,0,0,0,1,2023-05-31T20:11:05.0867435Z,0
2.32094,102.754224,Daerah: Johor<br>No:1772<br>Hex coord:(21;38),n/a,0,0,0,0,0,0,1,2023-05-31T20:11:05.7482822Z,0
2.32872,102.7677584,Daerah: Johor<br>No:1773<br>Hex coord:(22;38),n/a,0,0,0,0,0,0,1,2023-05-31T20:11:06.3990330Z,0
2.32094,102.7812929,Daerah: Johor<br>No:1774<br>Hex coord:(23;38),n/a,0,0,0,0,0,0,1,2023-05-31T20:11:07.0732751Z,0
2.32872,102.7948274,Daerah: Johor<br>No:1775<br>Hex coord:(24;38),n/a,0,0,0,0,0,0,1,2023-05-31T20:11:07.7339615Z,0
2.32094,102.8083619,Daerah: Johor<br>No:1776<br>Hex coord:(25;38),n/a,0,0,0,0,0,0,1,2023-05-31T20:11:08.3933602Z,0
2.32872,102.8218963,Daerah: Johor<br>No:1777<br>Hex coord:(26;38),n/a,0,0,0,0,0,0,1,2023-05-31T20:11:09.0476881Z,0
2.32094,102.8354308,Daerah: Johor<br>No:1778<br>Hex coord:(27;38),n/a,0,0,0,0,0,0,1,2023-05-31T20:11:09.7069013Z,0
2.32872,102.8489653,Daerah: Johor<br>No:1779<br>Hex coord:(28;38),n/a,0,0,0,0,0,0,1,2023-05-31T20:11:10.3807780Z,0
2.32094,102.8624998,Daerah: Johor<br>No:1780<br>Hex coord:(29;38),n/a,0,0,0,0,0,0,1,2023-05-31T20:11:11.0416102Z,0
2.32872,102.8760342,Daerah: Johor<br>No:1781<br>Hex coord:(30;38),n/a,0,0,0,0,0,0,1,2023-05-31T20:11:11.7069944Z,0
2.32094,102.8895687,Daerah: Johor<br>No:1782<br>Hex coord:(31;38),n/a,0,0,0,0,0,0,1,2023-05-31T20:11:12.3653974Z,0
2.32872,102.9031032,Daerah: Johor<br>No:1783<br>Hex coord:(32;38),n/a,0,0,0,0,0,0,1,2023-05-31T20:11:13.0450952Z,0
2.32094,102.9166377,Daerah: Johor<br>No:1784<br>Hex coord:(33;38),n/a,0,0,0,0,0,0,1,2023-05-31T20:11:13.6920484Z,0
2.32872,102.9301721,Daerah: Johor<br>No:1785<br>Hex coord:(34;38),n/a,0,0,0,0,0,0,1,2023-05-31T20:11:14.3497328Z,0
2.32094,102.9437066,Daerah: Johor<br>No:1786<br>Hex coord:(35;38),n/a,0,0,0,0,0,0,1,2023-05-31T20:11:15.0077995Z,0
2.32872,102.9572411,Daerah: Johor<br>No:1787<br>Hex coord:(36;38),n/a,0,0,0,0,0,0,1,2023-05-31T20:11:15.6616699Z,0
2.32094,102.9707756,Daerah: Johor<br>No:1788<br>Hex coord:(37;38),n/a,0,0,0,0,0,0,1,2023-05-31T20:11:16.3241911Z,0
2.32872,102.98431,Daerah: Johor<br>No:1789<br>Hex coord:(38;38),n/a,0,0,0,0,0,0,1,2023-05-31T20:11:16.9811088Z,0
2.32094,102.9978445,Daerah: Johor<br>No:1790<br>Hex coord:(39;38),n/a,0,0,0,0,0,0,1,2023-05-31T20:11:17.6372620Z,0
2.32872,103.011379,Daerah: Johor<br>No:1791<br>Hex coord:(40;38),n/a,0,0,0,0,0,0,1,2023-05-31T20:11:18.2890954Z,0
2.32094,103.0249135,Daerah: Johor<br>No:1792<br>Hex coord:(41;38),n/a,0,0,0,0,0,0,1,2023-05-31T20:11:18.9448936Z,0
2.32872,103.0384479,Daerah: Johor<br>No:1793<br>Hex coord:(42;38),n/a,0,0,0,0,0,0,1,2023-05-31T20:11:19.6079149Z,0
2.32094,103.0519824,Daerah: Johor<br>No:1794<br>Hex coord:(43;38),n/a,0,0,0,0,0,0,1,2023-05-31T20:11:20.2727532Z,0
2.32872,103.0655169,Daerah: Johor<br>No:1795<br>Hex coord:(44;38),n/a,0,0,0,0,0,0,1,2023-05-31T20:11:20.9342559Z,0
2.32094,103.0790514,Daerah: Johor<br>No:1796<br>Hex coord:(45;38),n/a,0,0,0,0,0,0,1,2023-05-31T20:11:21.5877538Z,0
2.32872,103.0925858,Daerah: Johor<br>No:1797<br>Hex coord:(46;38),n/a,0,0,0,0,0,0,1,2023-05-31T20:11:22.2520756Z,0
2.32094,103.1061203,Daerah: Johor<br>No:1798<br>Hex coord:(47;38),n/a,0,0,0,0,0,0,1,2023-05-31T20:11:22.9122239Z,0
2.32872,103.1196548,Daerah: Johor<br>No:1799<br>Hex coord:(48;38),n/a,0,0,0,0,0,0,1,2023-05-31T20:11:23.5674639Z,0
2.32094,103.1331893,Daerah: Johor<br>No:1800<br>Hex coord:(49;38),n/a,0,0,0,0,0,0,1,2023-05-31T20:11:24.2276993Z,0
2.32872,103.1467237,Daerah: Johor<br>No:1801<br>Hex coord:(50;38),n/a,0,0,0,0,0,0,1,2023-05-31T20:11:24.8887008Z,0
2.32094,103.1602582,Daerah: Johor<br>No:1802<br>Hex coord:(51;38),n/a,0,0,0,0,0,0,1,2023-05-31T20:11:25.5453396Z,0
2.32872,103.1737927,Daerah: Johor<br>No:1803<br>Hex coord:(52;38),n/a,0,0,0,0,0,0,1,2023-05-31T20:11:26.1952334Z,0
2.32094,103.1873272,Daerah: Johor<br>No:1804<br>Hex coord:(53;38),n/a,0,0,0,0,0,0,1,2023-05-31T20:11:26.8561601Z,0
2.32872,103.2008616,Daerah: Johor<br>No:1805<br>Hex coord:(54;38),n/a,0,0,0,0,0,0,1,2023-05-31T20:11:27.5120765Z,0
2.32094,103.2143961,Daerah: Johor<br>No:1806<br>Hex coord:(55;38),n/a,0,0,0,0,0,0,1,2023-05-31T20:11:28.1636989Z,0
2.32872,103.2279306,Daerah: Johor<br>No:1807<br>Hex coord:(56;38),n/a,0,0,0,0,0,0,1,2023-05-31T20:11:28.8333359Z,0
2.32094,103.2414651,Daerah: Johor<br>No:1808<br>Hex coord:(57;38),n/a,0,0,0,0,0,0,1,2023-05-31T20:11:29.4895233Z,0
2.32872,103.2549995,Daerah: Johor<br>No:1809<br>Hex coord:(58;38),n/a,0,0,0,0,0,0,1,2023-05-31T20:11:30.1460515Z,0
2.32094,103.268534,Daerah: Johor<br>No:1810<br>Hex coord:(59;38),n/a,0,0,0,0,0,0,1,2023-05-31T20:11:30.7998640Z,0
2.32872,103.2820685,Daerah: Johor<br>No:1811<br>Hex coord:(60;38),n/a,0,0,0,0,0,0,1,2023-05-31T20:12:07.4890967Z,0
2.32094,103.295603,Daerah: Johor<br>No:1812<br>Hex coord:(61;38),n/a,0,0,0,0,0,0,1,2023-05-31T20:12:08.1757548Z,0
2.32872,103.3091374,Daerah: Johor<br>No:1813<br>Hex coord:(62;38),n/a,0,0,0,0,0,0,1,2023-05-31T20:12:08.8498392Z,0
2.32094,103.3226719,Daerah: Johor<br>No:1814<br>Hex coord:(63;38),n/a,0,0,0,0,0,0,1,2023-05-31T20:12:09.5241373Z,0
2.32872,103.3362064,Daerah: Johor<br>No:1815<br>Hex coord:(64;38),n/a,0,0,0,0,0,0,1,2023-05-31T20:12:10.1834747Z,0
2.32094,103.3497409,Daerah: Johor<br>No:1816<br>Hex coord:(65;38),n/a,0,0,0,0,0,0,1,2023-05-31T20:12:10.8492775Z,0
2.32872,103.3632753,Daerah: Johor<br>No:1817<br>Hex coord:(66;38),n/a,0,0,0,0,0,0,1,2023-05-31T20:12:11.5070527Z,0
2.32094,103.3768098,Daerah: Johor<br>No:1818<br>Hex coord:(67;38),n/a,0,0,0,0,0,0,1,2023-05-31T20:12:12.1600672Z,0
2.32872,103.3903443,Daerah: Johor<br>No:1819<br>Hex coord:(68;38),n/a,0,0,0,0,0,0,1,2023-05-31T20:12:12.8156510Z,0
2.32094,103.4038788,Daerah: Johor<br>No:1820<br>Hex coord:(69;38),n/a,0,0,0,0,0,0,1,2023-05-31T20:12:13.4656777Z,0
2.32872,103.4174132,Daerah: Johor<br>No:1821<br>Hex coord:(70;38),n/a,0,0,0,0,0,0,1,2023-05-31T20:12:14.1224165Z,0
2.32094,103.4309477,Daerah: Johor<br>No:1822<br>Hex coord:(71;38),n/a,0,0,0,0,0,0,1,2023-05-31T20:12:14.7738987Z,0
2.32872,103.4444822,Daerah: Johor<br>No:1823<br>Hex coord:(72;38),n/a,0,0,0,0,0,0,1,2023-05-31T20:12:15.4227563Z,0
2.32094,103.4580167,Daerah: Johor<br>No:1824<br>Hex coord:(73;38),n/a,0,0,0,0,0,0,1,2023-05-31T20:12:16.0811868Z,0
2.32872,103.4715511,Daerah: Johor<br>No:1825<br>Hex coord:(74;38),n/a,0,0,0,0,0,0,1,2023-05-31T20:12:16.7354340Z,0
2.32094,103.4850856,Daerah: Johor<br>No:1826<br>Hex coord:(75;38),n/a,0,0,0,0,0,0,1,2023-05-31T20:12:17.3853957Z,0
2.32872,103.4986201,Daerah: Johor<br>No:1827<br>Hex coord:(76;38),n/a,0,0,0,0,0,0,1,2023-05-31T20:12:18.0447955Z,0
2.32094,103.5121546,Daerah: Johor<br>No:1828<br>Hex coord:(77;38),n/a,0,0,0,0,0,0,1,2023-05-31T20:12:18.6956418Z,0
2.32872,103.525689,Daerah: Johor<br>No:1829<br>Hex coord:(78;38),n/a,0,0,0,0,0,0,1,2023-05-31T20:12:19.3594018Z,0
2.32094,103.5392235,Daerah: Johor<br>No:1830<br>Hex coord:(79;38),n/a,0,0,0,0,0,0,1,2023-05-31T20:12:20.0119314Z,0
2.32872,103.552758,Daerah: Johor<br>No:1831<br>Hex coord:(80;38),n/a,0,0,0,0,0,0,1,2023-05-31T20:12:20.6699024Z,0
2.32094,103.5662925,Daerah: Johor<br>No:1832<br>Hex coord:(81;38),n/a,0,0,0,0,0,0,1,2023-05-31T20:12:21.3239180Z,0
2.32872,103.5798269,Daerah: Johor<br>No:1833<br>Hex coord:(82;38),n/a,0,0,0,0,0,0,1,2023-05-31T20:12:21.9899643Z,0
2.32094,103.5933614,Daerah: Johor<br>No:1834<br>Hex coord:(83;38),n/a,0,0,0,0,0,0,1,2023-05-31T20:12:22.6383883Z,0
2.32872,103.6068959,Daerah: Johor<br>No:1835<br>Hex coord:(84;38),n/a,0,0,0,0,0,0,1,2023-05-31T20:12:23.2875295Z,0
2.32094,103.6204304,Daerah: Johor<br>No:1836<br>Hex coord:(85;38),n/a,0,0,0,0,0,0,1,2023-05-31T20:12:23.9428746Z,0
2.32872,103.6339648,Daerah: Johor<br>No:1837<br>Hex coord:(86;38),n/a,0,0,0,0,0,0,1,2023-05-31T20:12:24.6042749Z,0
2.32094,103.6474993,Daerah: Johor<br>No:1838<br>Hex coord:(87;38),n/a,0,0,0,0,0,0,1,2023-05-31T20:12:25.2654723Z,0
2.32872,103.6610338,Daerah: Johor<br>No:1839<br>Hex coord:(88;38),n/a,0,0,0,0,0,0,1,2023-05-31T20:12:25.9290362Z,0
2.32094,103.6745683,Daerah: Johor<br>No:1840<br>Hex coord:(89;38),n/a,0,0,0,0,0,0,1,2023-05-31T20:12:26.5772447Z,0
2.32872,103.6881027,Daerah: Johor<br>No:1841<br>Hex coord:(90;38),n/a,0,0,0,0,0,0,1,2023-05-31T20:12:27.2300997Z,0
2.32094,103.7016372,Daerah: Johor<br>No:1842<br>Hex coord:(91;38),n/a,0,0,0,0,0,0,1,2023-05-31T20:12:27.8846135Z,0
2.32872,103.7151717,Daerah: Johor<br>No:1843<br>Hex coord:(92;38),n/a,0,0,0,0,0,0,1,2023-05-31T20:12:28.5420732Z,0
2.32094,103.7287062,Daerah: Johor<br>No:1844<br>Hex coord:(93;38),n/a,0,0,0,0,0,0,1,2023-05-31T20:12:29.1971088Z,0
2.32872,103.7422406,Daerah: Johor<br>No:1845<br>Hex coord:(94;38),n/a,0,0,0,0,0,0,1,2023-05-31T20:12:29.8516450Z,0
2.32094,103.7557751,Daerah: Johor<br>No:1846<br>Hex coord:(95;38),n/a,0,0,0,0,0,0,1,2023-05-31T20:12:30.5102483Z,0
2.32872,103.7693096,Daerah: Johor<br>No:1847<br>Hex coord:(96;38),n/a,0,0,0,0,0,0,1,2023-05-31T20:12:31.1734085Z,0
2.32094,103.7828441,Daerah: Johor<br>No:1848<br>Hex coord:(97;38),n/a,0,0,0,0,0,0,1,2023-05-31T20:12:31.8319094Z,0
2.32872,103.7963785,Daerah: Johor<br>No:1849<br>Hex coord:(98;38),n/a,0,0,0,0,0,0,1,2023-05-31T20:12:32.4918755Z,0
2.32094,103.809913,Daerah: Johor<br>No:1850<br>Hex coord:(99;38),n/a,0,0,0,0,0,0,1,2023-05-31T20:12:33.1412653Z,0
2.32872,103.8234475,Daerah: Johor<br>No:1851<br>Hex coord:(100;38),n/a,0,0,0,0,0,0,1,2023-05-31T20:12:33.7929029Z,0
2.32094,103.836982,Daerah: Johor<br>No:1852<br>Hex coord:(101;38),n/a,0,0,0,0,0,0,1,2023-05-31T20:12:34.4448889Z,0
2.32872,103.8505164,Daerah: Johor<br>No:1853<br>Hex coord:(102;38),n/a,0,0,0,0,0,0,1,2023-05-31T20:12:35.1154748Z,0
2.32094,103.8640509,Daerah: Johor<br>No:1854<br>Hex coord:(103;38),n/a,0,0,0,0,0,0,1,2023-05-31T20:12:35.7866813Z,0
2.32872,103.8775854,Daerah: Johor<br>No:1855<br>Hex coord:(104;38),n/a,0,0,0,0,0,0,1,2023-05-31T20:12:36.4417844Z,0
2.32094,103.8911199,Daerah: Johor<br>No:1856<br>Hex coord:(105;38),n/a,0,0,0,0,0,0,1,2023-05-31T20:12:37.1041747Z,0
2.32872,103.9046543,Daerah: Johor<br>No:1857<br>Hex coord:(106;38),n/a,0,0,0,0,0,0,1,2023-05-31T20:12:37.7558353Z,0
2.32094,103.9181888,Daerah: Johor<br>No:1858<br>Hex coord:(107;38),n/a,0,0,0,0,0,0,1,2023-05-31T20:12:38.4054044Z,0
2.32872,103.9317233,Daerah: Johor<br>No:1859<br>Hex coord:(108;38),n/a,0,0,0,0,0,0,1,2023-05-31T20:12:39.0594492Z,0
2.32094,103.9452578,Daerah: Johor<br>No:1860<br>Hex coord:(109;38),n/a,0,0,0,0,0,0,1,2023-05-31T20:12:39.7173347Z,0
2.30538,102.5106034,Daerah: Johor<br>No:1861<br>Hex coord:(3;39),n/a,0,0,0,0,0,0,1,2023-05-31T20:12:40.3949122Z,0
2.31316,102.5241379,Daerah: Johor<br>No:1862<br>Hex coord:(4;39),n/a,0,0,0,0,0,0,1,2023-05-31T20:12:41.0636507Z,0
2.30538,102.5376724,Daerah: Johor<br>No:1863<br>Hex coord:(5;39),n/a,0,0,0,0,0,1,1,2023-05-31T20:12:41.7357564Z,0
2.31316,102.5512068,Daerah: Johor<br>No:1864<br>Hex coord:(6;39),n/a,0,0,0,0,0,0,1,2023-05-31T20:12:42.3934404Z,0
2.30538,102.5647413,Daerah: Johor<br>No:1865<br>Hex coord:(7;39),n/a,0,0,0,0,0,1,1,2023-05-31T20:12:43.0732519Z,0
2.31316,102.5782758,Daerah: Johor<br>No:1866<br>Hex coord:(8;39),n/a,0,0,0,0,0,0,1,2023-05-31T20:12:43.7423539Z,0
2.30538,102.5918103,Daerah: Johor<br>No:1867<br>Hex coord:(9;39),n/a,0,0,0,0,0,0,1,2023-05-31T20:12:44.3963307Z,0
2.31316,102.6053447,Daerah: Johor<br>No:1868<br>Hex coord:(10;39),n/a,0,0,0,0,0,0,1,2023-05-31T20:12:45.0539018Z,0
2.30538,102.6188792,Daerah: Johor<br>No:1869<br>Hex coord:(11;39),n/a,0,0,0,0,0,0,1,2023-05-31T20:12:45.7155693Z,0
2.31316,102.6324137,Daerah: Johor<br>No:1870<br>Hex coord:(12;39),n/a,0,0,0,0,0,0,1,2023-05-31T20:12:46.3659410Z,0
2.30538,102.6459482,Daerah: Johor<br>No:1871<br>Hex coord:(13;39),n/a,0,0,0,0,0,0,1,2023-05-31T20:12:47.0356078Z,0
2.31316,102.6594826,Daerah: Johor<br>No:1872<br>Hex coord:(14;39),n/a,0,0,0,0,0,0,1,2023-05-31T20:12:47.6859512Z,0
2.30538,102.6730171,Daerah: Johor<br>No:1873<br>Hex coord:(15;39),n/a,0,0,0,0,0,0,1,2023-05-31T20:12:48.3377903Z,0
2.31316,102.6865516,Daerah: Johor<br>No:1874<br>Hex coord:(16;39),n/a,0,0,0,0,0,0,1,2023-05-31T20:12:48.9943687Z,0
2.30538,102.7000861,Daerah: Johor<br>No:1875<br>Hex coord:(17;39),n/a,0,0,0,0,0,0,1,2023-05-31T20:12:49.6543414Z,0
2.31316,102.7136205,Daerah: Johor<br>No:1876<br>Hex coord:(18;39),n/a,0,0,0,0,0,0,1,2023-05-31T20:12:50.3132222Z,0
2.30538,102.727155,Daerah: Johor<br>No:1877<br>Hex coord:(19;39),n/a,0,0,0,0,0,0,1,2023-05-31T20:12:50.9673040Z,0
2.31316,102.7406895,Daerah: Johor<br>No:1878<br>Hex coord:(20;39),n/a,0,0,0,0,0,0,1,2023-05-31T20:12:51.6226934Z,0
2.30538,102.754224,Daerah: Johor<br>No:1879<br>Hex coord:(21;39),n/a,0,0,0,0,0,0,1,2023-05-31T20:12:52.2789460Z,0
2.31316,102.7677584,Daerah: Johor<br>No:1880<br>Hex coord:(22;39),n/a,0,0,0,0,0,0,1,2023-05-31T20:12:52.9360685Z,0
2.30538,102.7812929,Daerah: Johor<br>No:1881<br>Hex coord:(23;39),n/a,0,0,0,0,0,0,1,2023-05-31T20:12:53.5902086Z,0
2.31316,102.7948274,Daerah: Johor<br>No:1882<br>Hex coord:(24;39),n/a,0,0,0,0,0,0,1,2023-05-31T20:12:54.2393140Z,0
2.30538,102.8083619,Daerah: Johor<br>No:1883<br>Hex coord:(25;39),n/a,0,0,0,0,0,0,1,2023-05-31T20:12:54.8958437Z,0
2.31316,102.8218963,Daerah: Johor<br>No:1884<br>Hex coord:(26;39),n/a,0,0,0,0,0,0,1,2023-05-31T20:12:55.5464948Z,0
2.30538,102.8354308,Daerah: Johor<br>No:1885<br>Hex coord:(27;39),n/a,0,0,0,0,0,0,1,2023-05-31T20:12:56.2042908Z,0
2.31316,102.8489653,Daerah: Johor<br>No:1886<br>Hex coord:(28;39),n/a,0,0,0,0,0,0,1,2023-05-31T20:12:56.8666930Z,0
2.30538,102.8624998,Daerah: Johor<br>No:1887<br>Hex coord:(29;39),n/a,0,0,0,0,0,0,1,2023-05-31T20:12:57.5220824Z,0
2.31316,102.8760342,Daerah: Johor<br>No:1888<br>Hex coord:(30;39),n/a,0,0,0,0,0,0,1,2023-05-31T20:12:58.1871766Z,0
2.30538,102.8895687,Daerah: Johor<br>No:1889<br>Hex coord:(31;39),n/a,0,0,0,0,0,0,1,2023-05-31T20:12:58.8421912Z,0
2.31316,102.9031032,Daerah: Johor<br>No:1890<br>Hex coord:(32;39),n/a,0,0,0,0,0,0,1,2023-05-31T20:12:59.5038644Z,0
2.30538,102.9166377,Daerah: Johor<br>No:1891<br>Hex coord:(33;39),n/a,0,0,0,0,0,0,1,2023-05-31T20:13:00.1647472Z,0
2.31316,102.9301721,Daerah: Johor<br>No:1892<br>Hex coord:(34;39),n/a,0,0,0,0,0,0,1,2023-05-31T20:13:00.8155150Z,0
2.30538,102.9437066,Daerah: Johor<br>No:1893<br>Hex coord:(35;39),n/a,0,0,0,0,0,0,1,2023-05-31T20:13:01.5102731Z,0
2.31316,102.9572411,Daerah: Johor<br>No:1894<br>Hex coord:(36;39),n/a,0,0,0,0,0,0,1,2023-05-31T20:13:02.1610456Z,0
2.30538,102.9707756,Daerah: Johor<br>No:1895<br>Hex coord:(37;39),n/a,0,0,0,0,0,0,1,2023-05-31T20:13:02.8196788Z,0
2.31316,102.98431,Daerah: Johor<br>No:1896<br>Hex coord:(38;39),n/a,0,0,0,0,0,0,1,2023-05-31T20:13:03.4825369Z,0
2.30538,102.9978445,Daerah: Johor<br>No:1897<br>Hex coord:(39;39),n/a,0,0,0,0,0,0,1,2023-05-31T20:13:04.1419367Z,0
2.31316,103.011379,Daerah: Johor<br>No:1898<br>Hex coord:(40;39),n/a,0,0,0,0,0,0,1,2023-05-31T20:13:04.7867479Z,0
2.30538,103.0249135,Daerah: Johor<br>No:1899<br>Hex coord:(41;39),n/a,0,0,0,0,0,0,1,2023-05-31T20:13:05.4480985Z,0
2.31316,103.0384479,Daerah: Johor<br>No:1900<br>Hex coord:(42;39),n/a,0,0,0,0,0,0,1,2023-05-31T20:13:06.1089966Z,0
2.30538,103.0519824,Daerah: Johor<br>No:1901<br>Hex coord:(43;39),n/a,0,0,0,0,0,0,1,2023-05-31T20:13:06.7645146Z,0
2.31316,103.0655169,Daerah: Johor<br>No:1902<br>Hex coord:(44;39),n/a,0,0,0,0,0,0,1,2023-05-31T20:13:07.4127561Z,0
2.30538,103.0790514,Daerah: Johor<br>No:1903<br>Hex coord:(45;39),n/a,0,0,0,0,0,0,1,2023-05-31T20:13:08.0886327Z,0
2.31316,103.0925858,Daerah: Johor<br>No:1904<br>Hex coord:(46;39),n/a,0,0,0,0,0,0,1,2023-05-31T20:13:08.7482278Z,0
2.30538,103.1061203,Daerah: Johor<br>No:1905<br>Hex coord:(47;39),n/a,0,0,0,0,0,0,1,2023-05-31T20:13:09.3988945Z,0
2.31316,103.1196548,Daerah: Johor<br>No:1906<br>Hex coord:(48;39),n/a,0,0,0,0,0,0,1,2023-05-31T20:13:10.0722870Z,0
2.30538,103.1331893,Daerah: Johor<br>No:1907<br>Hex coord:(49;39),n/a,0,0,0,0,0,0,1,2023-05-31T20:13:10.7440803Z,0
2.31316,103.1467237,Daerah: Johor<br>No:1908<br>Hex coord:(50;39),n/a,0,0,0,0,0,0,1,2023-05-31T20:13:11.3985632Z,0
2.30538,103.1602582,Daerah: Johor<br>No:1909<br>Hex coord:(51;39),n/a,0,0,0,0,0,0,1,2023-05-31T20:13:12.0571634Z,0
2.31316,103.1737927,Daerah: Johor<br>No:1910<br>Hex coord:(52;39),n/a,0,0,0,0,0,0,1,2023-05-31T20:13:12.7155982Z,0
2.30538,103.1873272,Daerah: Johor<br>No:1911<br>Hex coord:(53;39),n/a,0,0,0,0,0,0,1,2023-05-31T20:13:13.3718420Z,0
2.31316,103.2008616,Daerah: Johor<br>No:1912<br>Hex coord:(54;39),n/a,0,0,0,0,0,0,1,2023-05-31T20:13:14.0402813Z,0
2.30538,103.2143961,Daerah: Johor<br>No:1913<br>Hex coord:(55;39),n/a,0,0,0,0,0,0,1,2023-05-31T20:13:14.6954808Z,0
2.31316,103.2279306,Daerah: Johor<br>No:1914<br>Hex coord:(56;39),n/a,0,0,0,0,0,0,1,2023-05-31T20:13:15.3591131Z,0
2.30538,103.2414651,Daerah: Johor<br>No:1915<br>Hex coord:(57;39),n/a,0,0,0,0,0,0,1,2023-05-31T20:13:16.0168598Z,0
2.31316,103.2549995,Daerah: Johor<br>No:1916<br>Hex coord:(58;39),n/a,0,0,0,0,0,0,1,2023-05-31T20:13:16.6664643Z,0
2.30538,103.268534,Daerah: Johor<br>No:1917<br>Hex coord:(59;39),n/a,0,0,0,0,0,0,1,2023-05-31T20:13:17.3481907Z,0
2.31316,103.2820685,Daerah: Johor<br>No:1918<br>Hex coord:(60;39),n/a,0,0,0,0,0,0,1,2023-05-31T20:13:18.1026148Z,0
2.30538,103.295603,Daerah: Johor<br>No:1919<br>Hex coord:(61;39),n/a,0,0,0,0,0,0,1,2023-05-31T20:13:18.7599318Z,0
2.31316,103.3091374,Daerah: Johor<br>No:1920<br>Hex coord:(62;39),n/a,0,0,0,0,0,0,1,2023-05-31T20:13:19.4160401Z,0
2.30538,103.3226719,Daerah: Johor<br>No:1921<br>Hex coord:(63;39),n/a,0,0,0,0,0,0,1,2023-05-31T20:13:20.0849631Z,0
2.31316,103.3362064,Daerah: Johor<br>No:1922<br>Hex coord:(64;39),n/a,0,0,0,0,0,0,1,2023-05-31T20:13:20.7543364Z,0
2.30538,103.3497409,Daerah: Johor<br>No:1923<br>Hex coord:(65;39),n/a,0,0,0,0,0,0,1,2023-05-31T20:13:21.4036452Z,0
2.31316,103.3632753,Daerah: Johor<br>No:1924<br>Hex coord:(66;39),n/a,0,0,0,0,0,0,1,2023-05-31T20:13:22.0662370Z,0
2.30538,103.3768098,Daerah: Johor<br>No:1925<br>Hex coord:(67;39),n/a,0,0,0,0,0,0,1,2023-05-31T20:13:22.7237048Z,0
2.31316,103.3903443,Daerah: Johor<br>No:1926<br>Hex coord:(68;39),n/a,0,0,0,0,0,0,1,2023-05-31T20:13:23.3754675Z,0
2.30538,103.4038788,Daerah: Johor<br>No:1927<br>Hex coord:(69;39),n/a,0,0,0,0,0,0,1,2023-05-31T20:13:24.0212198Z,0
2.31316,103.4174132,Daerah: Johor<br>No:1928<br>Hex coord:(70;39),n/a,0,0,0,0,0,0,1,2023-05-31T20:13:24.6802465Z,0
2.30538,103.4309477,Daerah: Johor<br>No:1929<br>Hex coord:(71;39),n/a,0,0,0,0,0,0,1,2023-05-31T20:13:25.3401871Z,0
2.31316,103.4444822,Daerah: Johor<br>No:1930<br>Hex coord:(72;39),n/a,0,0,0,0,0,0,1,2023-05-31T20:13:26.0138225Z,0
2.30538,103.4580167,Daerah: Johor<br>No:1931<br>Hex coord:(73;39),n/a,0,0,0,0,0,0,1,2023-05-31T20:13:26.6688512Z,0
2.31316,103.4715511,Daerah: Johor<br>No:1932<br>Hex coord:(74;39),n/a,0,0,0,0,0,0,1,2023-05-31T20:13:27.3220400Z,0
2.30538,103.4850856,Daerah: Johor<br>No:1933<br>Hex coord:(75;39),n/a,0,0,0,0,0,0,1,2023-05-31T20:13:27.9892133Z,0
2.31316,103.4986201,Daerah: Johor<br>No:1934<br>Hex coord:(76;39),n/a,0,0,0,0,0,0,1,2023-05-31T20:13:28.6435685Z,0
2.30538,103.5121546,Daerah: Johor<br>No:1935<br>Hex coord:(77;39),n/a,0,0,0,0,0,0,1,2023-05-31T20:13:29.2947691Z,0
2.31316,103.525689,Daerah: Johor<br>No:1936<br>Hex coord:(78;39),n/a,0,0,0,0,0,0,1,2023-05-31T20:13:29.9524480Z,0
2.30538,103.5392235,Daerah: Johor<br>No:1937<br>Hex coord:(79;39),n/a,0,0,0,0,0,0,1,2023-05-31T20:13:30.6143439Z,0
2.31316,103.552758,Daerah: Johor<br>No:1938<br>Hex coord:(80;39),n/a,0,0,0,0,0,0,1,2023-05-31T20:13:31.2753399Z,0
2.30538,103.5662925,Daerah: Johor<br>No:1939<br>Hex coord:(81;39),n/a,0,0,0,0,0,0,1,2023-05-31T20:13:31.9353274Z,0
2.31316,103.5798269,Daerah: Johor<br>No:1940<br>Hex coord:(82;39),n/a,0,0,0,0,0,0,1,2023-05-31T20:13:32.5932159Z,0
2.30538,103.5933614,Daerah: Johor<br>No:1941<br>Hex coord:(83;39),n/a,1,0,0,0,0,0,1,2023-05-31T20:13:33.2400914Z,0
2.31316,103.6068959,Daerah: Johor<br>No:1942<br>Hex coord:(84;39),n/a,0,0,0,0,0,0,1,2023-05-31T20:13:33.8968837Z,0
2.30538,103.6204304,Daerah: Johor<br>No:1943<br>Hex coord:(85;39),n/a,0,0,0,0,0,0,1,2023-05-31T20:13:34.5604172Z,0
2.31316,103.6339648,Daerah: Johor<br>No:1944<br>Hex coord:(86;39),n/a,0,0,0,0,0,0,1,2023-05-31T20:13:35.2217775Z,0
2.30538,103.6474993,Daerah: Johor<br>No:1945<br>Hex coord:(87;39),n/a,0,0,0,0,0,0,1,2023-05-31T20:13:35.9098895Z,0
2.31316,103.6610338,Daerah: Johor<br>No:1946<br>Hex coord:(88;39),n/a,0,0,0,0,0,0,1,2023-05-31T20:13:36.5696086Z,0
2.30538,103.6745683,Daerah: Johor<br>No:1947<br>Hex coord:(89;39),n/a,0,0,0,0,0,0,1,2023-05-31T20:13:37.2225421Z,0
2.31316,103.6881027,Daerah: Johor<br>No:1948<br>Hex coord:(90;39),n/a,0,0,0,0,0,0,1,2023-05-31T20:13:37.8774306Z,0
2.30538,103.7016372,Daerah: Johor<br>No:1949<br>Hex coord:(91;39),n/a,0,0,0,0,0,0,1,2023-05-31T20:13:38.5292705Z,0
2.31316,103.7151717,Daerah: Johor<br>No:1950<br>Hex coord:(92;39),n/a,0,0,0,0,0,0,1,2023-05-31T20:13:39.1801003Z,0
2.30538,103.7287062,Daerah: Johor<br>No:1951<br>Hex coord:(93;39),n/a,0,0,0,0,0,0,1,2023-05-31T20:13:39.8382877Z,0
2.31316,103.7422406,Daerah: Johor<br>No:1952<br>Hex coord:(94;39),n/a,0,0,0,0,0,0,1,2023-05-31T20:13:40.5054182Z,0
2.30538,103.7557751,Daerah: Johor<br>No:1953<br>Hex coord:(95;39),n/a,0,0,0,0,0,0,1,2023-05-31T20:13:41.1579608Z,0
2.31316,103.7693096,Daerah: Johor<br>No:1954<br>Hex coord:(96;39),n/a,0,0,0,0,0,0,1,2023-05-31T20:13:41.8098163Z,0
2.30538,103.7828441,Daerah: Johor<br>No:1955<br>Hex coord:(97;39),n/a,0,0,0,0,0,0,1,2023-05-31T20:13:42.4664308Z,0
2.31316,103.7963785,Daerah: Johor<br>No:1956<br>Hex coord:(98;39),n/a,0,0,0,0,0,0,1,2023-05-31T20:13:43.1169447Z,0
2.30538,103.809913,Daerah: Johor<br>No:1957<br>Hex coord:(99;39),n/a,0,0,0,0,0,0,1,2023-05-31T20:13:43.7702558Z,0
2.31316,103.8234475,Daerah: Johor<br>No:1958<br>Hex coord:(100;39),n/a,0,0,0,0,0,0,1,2023-05-31T20:13:44.4285069Z,0
2.30538,103.836982,Daerah: Johor<br>No:1959<br>Hex coord:(101;39),n/a,0,0,0,0,0,0,1,2023-05-31T20:13:45.0781765Z,0
2.31316,103.8505164,Daerah: Johor<br>No:1960<br>Hex coord:(102;39),n/a,0,0,0,0,0,0,1,2023-05-31T20:13:45.7352505Z,0
2.30538,103.8640509,Daerah: Johor<br>No:1961<br>Hex coord:(103;39),n/a,0,0,0,0,0,0,1,2023-05-31T20:13:46.3964568Z,0
2.31316,103.8775854,Daerah: Johor<br>No:1962<br>Hex coord:(104;39),n/a,0,0,0,0,0,0,1,2023-05-31T20:13:47.0551715Z,0
2.30538,103.8911199,Daerah: Johor<br>No:1963<br>Hex coord:(105;39),n/a,0,0,0,0,0,0,1,2023-05-31T20:13:47.7079624Z,0
2.31316,103.9046543,Daerah: Johor<br>No:1964<br>Hex coord:(106;39),n/a,0,0,0,0,0,0,1,2023-05-31T20:13:48.3655428Z,0
2.30538,103.9181888,Daerah: Johor<br>No:1965<br>Hex coord:(107;39),n/a,0,0,0,0,0,0,1,2023-05-31T20:13:49.0238827Z,0
2.31316,103.9317233,Daerah: Johor<br>No:1966<br>Hex coord:(108;39),n/a,0,0,0,0,0,0,1,2023-05-31T20:13:49.6848810Z,0
2.30538,103.9452578,Daerah: Johor<br>No:1967<br>Hex coord:(109;39),n/a,0,0,0,0,0,0,1,2023-05-31T20:13:50.3389153Z,0
2.31316,103.9587922,Daerah: Johor<br>No:1968<br>Hex coord:(110;39),n/a,0,0,0,0,0,0,1,2023-05-31T20:13:50.9993538Z,0
2.31316,104.094137,Daerah: Johor<br>No:1969<br>Hex coord:(120;39),n/a,0,0,0,0,0,0,1,2023-05-31T20:13:51.6766011Z,0
2.30538,104.1076715,Daerah: Johor<br>No:1970<br>Hex coord:(121;39),n/a,0,0,0,0,0,0,1,2023-05-31T20:13:52.3382147Z,0
2.31316,104.1212059,Daerah: Johor<br>No:1971<br>Hex coord:(122;39),n/a,0,0,0,0,0,0,1,2023-05-31T20:13:52.9882972Z,0
2.30538,104.1347404,Daerah: Johor<br>No:1972<br>Hex coord:(123;39),n/a,0,0,0,0,0,0,1,2023-05-31T20:13:53.6385985Z,0
2.28982,102.5106034,Daerah: Johor<br>No:1973<br>Hex coord:(3;40),n/a,0,0,0,0,0,1,1,2023-05-31T20:13:54.3095057Z,0
2.2976,102.5241379,Daerah: Johor<br>No:1974<br>Hex coord:(4;40),n/a,0,0,0,0,0,1,1,2023-05-31T20:13:54.9797782Z,0
2.28982,102.5376724,Daerah: Johor<br>No:1975<br>Hex coord:(5;40),n/a,0,0,0,0,0,1,1,2023-05-31T20:13:55.6527754Z,0
2.2976,102.5512068,Daerah: Johor<br>No:1976<br>Hex coord:(6;40),n/a,0,0,0,0,0,1,1,2023-05-31T20:13:56.3192875Z,0
2.28982,102.5647413,Daerah: Johor<br>No:1977<br>Hex coord:(7;40),n/a,0,0,0,0,0,1,1,2023-05-31T20:13:56.9950052Z,0
2.2976,102.5782758,Daerah: Johor<br>No:1978<br>Hex coord:(8;40),n/a,0,0,0,0,0,1,1,2023-05-31T20:13:57.6663045Z,0
2.28982,102.5918103,Daerah: Johor<br>No:1979<br>Hex coord:(9;40),n/a,0,0,0,0,0,0,1,2023-05-31T20:13:58.3279281Z,0
2.2976,102.6053447,Daerah: Johor<br>No:1980<br>Hex coord:(10;40),n/a,0,0,0,0,0,0,1,2023-05-31T20:13:58.9948089Z,0
2.28982,102.6188792,Daerah: Johor<br>No:1981<br>Hex coord:(11;40),n/a,0,0,0,0,0,0,1,2023-05-31T20:13:59.6950830Z,0
2.2976,102.6324137,Daerah: Johor<br>No:1982<br>Hex coord:(12;40),n/a,0,0,0,0,0,0,1,2023-05-31T20:14:00.3722449Z,0
2.28982,102.6459482,Daerah: Johor<br>No:1983<br>Hex coord:(13;40),n/a,0,0,0,0,0,0,1,2023-05-31T20:14:01.0273993Z,0
2.2976,102.6594826,Daerah: Johor<br>No:1984<br>Hex coord:(14;40),n/a,0,0,0,0,0,0,1,2023-05-31T20:14:01.6814014Z,0
2.28982,102.6730171,Daerah: Johor<br>No:1985<br>Hex coord:(15;40),n/a,0,0,0,0,0,0,1,2023-05-31T20:14:02.3385496Z,0
2.2976,102.6865516,Daerah: Johor<br>No:1986<br>Hex coord:(16;40),n/a,0,0,0,0,0,0,1,2023-05-31T20:14:02.9913729Z,0
2.28982,102.7000861,Daerah: Johor<br>No:1987<br>Hex coord:(17;40),n/a,0,0,0,0,0,0,1,2023-05-31T20:14:03.6468868Z,0
2.2976,102.7136205,Daerah: Johor<br>No:1988<br>Hex coord:(18;40),n/a,0,0,0,0,0,0,1,2023-05-31T20:14:04.3085443Z,0
2.28982,102.727155,Daerah: Johor<br>No:1989<br>Hex coord:(19;40),n/a,0,0,0,0,0,0,1,2023-05-31T20:14:04.9503389Z,0
2.2976,102.7406895,Daerah: Johor<br>No:1990<br>Hex coord:(20;40),n/a,0,0,0,0,0,0,1,2023-05-31T20:14:05.6184311Z,0
2.28982,102.754224,Daerah: Johor<br>No:1991<br>Hex coord:(21;40),n/a,0,0,0,0,0,0,1,2023-05-31T20:14:06.2774546Z,0
2.2976,102.7677584,Daerah: Johor<br>No:1992<br>Hex coord:(22;40),n/a,0,0,0,0,0,0,1,2023-05-31T20:14:06.9320861Z,0
2.28982,102.7812929,Daerah: Johor<br>No:1993<br>Hex coord:(23;40),n/a,0,0,0,0,0,0,1,2023-05-31T20:14:07.5898458Z,0
2.2976,102.7948274,Daerah: Johor<br>No:1994<br>Hex coord:(24;40),n/a,0,0,0,0,0,0,1,2023-05-31T20:14:08.2418995Z,0
2.28982,102.8083619,Daerah: Johor<br>No:1995<br>Hex coord:(25;40),n/a,0,0,0,0,0,0,1,2023-05-31T20:14:08.9034014Z,0
2.2976,102.8218963,Daerah: Johor<br>No:1996<br>Hex coord:(26;40),n/a,0,0,0,0,0,0,1,2023-05-31T20:14:09.5637145Z,0
2.28982,102.8354308,Daerah: Johor<br>No:1997<br>Hex coord:(27;40),n/a,0,0,0,0,0,0,1,2023-05-31T20:14:10.2197950Z,0
2.2976,102.8489653,Daerah: Johor<br>No:1998<br>Hex coord:(28;40),n/a,0,0,0,0,0,0,1,2023-05-31T20:14:10.9117362Z,0
2.28982,102.8624998,Daerah: Johor<br>No:1999<br>Hex coord:(29;40),n/a,0,0,0,0,0,0,1,2023-05-31T20:14:11.5592864Z,0
2.2976,102.8760342,Daerah: Johor<br>No:2000<br>Hex coord:(30;40),n/a,0,0,0,0,0,0,1,2023-05-31T20:14:12.2214667Z,0
2.28982,102.8895687,Daerah: Johor<br>No:2001<br>Hex coord:(31;40),n/a,0,0,0,0,0,0,1,2023-05-31T20:14:12.8730154Z,0
2.2976,102.9031032,Daerah: Johor<br>No:2002<br>Hex coord:(32;40),n/a,0,0,0,0,0,0,1,2023-05-31T20:14:13.5293925Z,0
2.28982,102.9166377,Daerah: Johor<br>No:2003<br>Hex coord:(33;40),n/a,0,0,0,0,0,0,1,2023-05-31T20:14:14.1805419Z,0
2.2976,102.9301721,Daerah: Johor<br>No:2004<br>Hex coord:(34;40),n/a,0,0,0,0,0,0,1,2023-05-31T20:14:14.8316707Z,0
2.28982,102.9437066,Daerah: Johor<br>No:2005<br>Hex coord:(35;40),n/a,0,0,0,0,0,0,1,2023-05-31T20:14:15.4863053Z,0
2.2976,102.9572411,Daerah: Johor<br>No:2006<br>Hex coord:(36;40),n/a,0,0,0,0,0,0,1,2023-05-31T20:14:16.1476909Z,0
2.28982,102.9707756,Daerah: Johor<br>No:2007<br>Hex coord:(37;40),n/a,0,0,0,0,0,0,1,2023-05-31T20:14:16.8025982Z,0
2.2976,102.98431,Daerah: Johor<br>No:2008<br>Hex coord:(38;40),n/a,0,0,0,0,0,0,1,2023-05-31T20:14:17.4742268Z,0
2.28982,102.9978445,Daerah: Johor<br>No:2009<br>Hex coord:(39;40),n/a,0,0,0,0,0,0,1,2023-05-31T20:14:18.1269383Z,0
2.2976,103.011379,Daerah: Johor<br>No:2010<br>Hex coord:(40;40),n/a,0,0,0,0,0,0,1,2023-05-31T20:14:18.7818890Z,0
2.28982,103.0249135,Daerah: Johor<br>No:2011<br>Hex coord:(41;40),n/a,0,0,0,0,0,0,1,2023-05-31T20:14:19.4463497Z,0
2.2976,103.0384479,Daerah: Johor<br>No:2012<br>Hex coord:(42;40),n/a,0,0,0,0,0,0,1,2023-05-31T20:14:20.0956450Z,0
2.28982,103.0519824,Daerah: Johor<br>No:2013<br>Hex coord:(43;40),n/a,0,0,0,0,0,0,1,2023-05-31T20:14:20.7480676Z,0
2.2976,103.0655169,Daerah: Johor<br>No:2014<br>Hex coord:(44;40),n/a,0,0,0,0,0,0,1,2023-05-31T20:14:21.3982997Z,0
2.28982,103.0790514,Daerah: Johor<br>No:2015<br>Hex coord:(45;40),n/a,0,0,0,0,0,0,1,2023-05-31T20:14:22.0569030Z,0
2.2976,103.0925858,Daerah: Johor<br>No:2016<br>Hex coord:(46;40),n/a,0,0,0,0,0,0,1,2023-05-31T20:14:22.7103020Z,0
2.28982,103.1061203,Daerah: Johor<br>No:2017<br>Hex coord:(47;40),n/a,0,0,0,0,0,0,1,2023-05-31T20:14:23.3659171Z,0
2.2976,103.1196548,Daerah: Johor<br>No:2018<br>Hex coord:(48;40),n/a,0,0,0,0,0,0,1,2023-05-31T20:14:24.0288948Z,0
2.28982,103.1331893,Daerah: Johor<br>No:2019<br>Hex coord:(49;40),n/a,0,0,0,0,0,0,1,2023-05-31T20:14:24.6774279Z,1
2.2976,103.1467237,Daerah: Johor<br>No:2020<br>Hex coord:(50;40),n/a,0,0,0,0,0,0,1,2023-05-31T20:14:25.3280354Z,0
2.28982,103.1602582,Daerah: Johor<br>No:2021<br>Hex coord:(51;40),n/a,0,0,0,0,0,0,1,2023-05-31T20:14:25.9840105Z,0
2.2976,103.1737927,Daerah: Johor<br>No:2022<br>Hex coord:(52;40),n/a,0,0,0,0,0,0,1,2023-05-31T20:14:26.6407320Z,0
2.28982,103.1873272,Daerah: Johor<br>No:2023<br>Hex coord:(53;40),n/a,0,0,0,0,0,0,1,2023-05-31T20:14:27.2915450Z,0
2.2976,103.2008616,Daerah: Johor<br>No:2024<br>Hex coord:(54;40),n/a,0,0,0,0,0,0,1,2023-05-31T20:14:27.9443511Z,0
2.28982,103.2143961,Daerah: Johor<br>No:2025<br>Hex coord:(55;40),n/a,0,0,0,0,0,0,1,2023-05-31T20:14:28.6097326Z,0
2.2976,103.2279306,Daerah: Johor<br>No:2026<br>Hex coord:(56;40),n/a,0,0,0,0,0,0,1,2023-05-31T20:14:29.2676735Z,0
2.28982,103.2414651,Daerah: Johor<br>No:2027<br>Hex coord:(57;40),n/a,0,0,0,0,0,0,1,2023-05-31T20:14:29.9211910Z,0
2.2976,103.2549995,Daerah: Johor<br>No:2028<br>Hex coord:(58;40),n/a,0,0,0,0,0,0,1,2023-05-31T20:14:30.5739886Z,0
2.28982,103.268534,Daerah: Johor<br>No:2029<br>Hex coord:(59;40),n/a,0,0,0,0,0,0,1,2023-05-31T20:14:31.2300046Z,0
2.2976,103.2820685,Daerah: Johor<br>No:2030<br>Hex coord:(60;40),n/a,0,0,0,0,0,0,1,2023-05-31T20:14:31.8807566Z,0
2.28982,103.295603,Daerah: Johor<br>No:2031<br>Hex coord:(61;40),n/a,0,0,0,0,0,0,1,2023-05-31T20:14:32.5468226Z,0
2.2976,103.3091374,Daerah: Johor<br>No:2032<br>Hex coord:(62;40),n/a,0,0,0,0,0,0,1,2023-05-31T20:14:33.2025764Z,0
2.28982,103.3226719,Daerah: Johor<br>No:2033<br>Hex coord:(63;40),n/a,0,0,0,0,0,0,1,2023-05-31T20:14:33.8660914Z,0
2.2976,103.3362064,Daerah: Johor<br>No:2034<br>Hex coord:(64;40),n/a,0,0,0,0,0,0,1,2023-05-31T20:14:34.5159945Z,0
2.28982,103.3497409,Daerah: Johor<br>No:2035<br>Hex coord:(65;40),n/a,0,0,0,0,0,0,1,2023-05-31T20:14:35.1679342Z,0
2.2976,103.3632753,Daerah: Johor<br>No:2036<br>Hex coord:(66;40),n/a,0,0,0,0,0,0,1,2023-05-31T20:14:35.8317053Z,0
2.28982,103.3768098,Daerah: Johor<br>No:2037<br>Hex coord:(67;40),n/a,0,0,0,0,0,0,1,2023-05-31T20:14:36.4834210Z,0
2.2976,103.3903443,Daerah: Johor<br>No:2038<br>Hex coord:(68;40),n/a,0,0,0,0,0,0,1,2023-05-31T20:14:37.1401535Z,0
2.28982,103.4038788,Daerah: Johor<br>No:2039<br>Hex coord:(69;40),n/a,0,0,0,0,0,0,1,2023-05-31T20:14:37.7976050Z,0
2.2976,103.4174132,Daerah: Johor<br>No:2040<br>Hex coord:(70;40),n/a,0,0,0,0,0,0,1,2023-05-31T20:14:38.4593748Z,0
2.28982,103.4309477,Daerah: Johor<br>No:2041<br>Hex coord:(71;40),n/a,0,0,0,0,0,0,1,2023-05-31T20:14:39.1149757Z,0
2.2976,103.4444822,Daerah: Johor<br>No:2042<br>Hex coord:(72;40),n/a,0,0,0,0,0,0,1,2023-05-31T20:14:39.7775683Z,0
2.28982,103.4580167,Daerah: Johor<br>No:2043<br>Hex coord:(73;40),n/a,0,0,0,0,0,0,1,2023-05-31T20:14:40.4314829Z,0
2.2976,103.4715511,Daerah: Johor<br>No:2044<br>Hex coord:(74;40),n/a,0,0,0,0,0,0,1,2023-05-31T20:14:41.0884809Z,0
2.28982,103.4850856,Daerah: Johor<br>No:2045<br>Hex coord:(75;40),n/a,0,0,0,0,0,0,1,2023-05-31T20:14:41.7470807Z,0
2.2976,103.4986201,Daerah: Johor<br>No:2046<br>Hex coord:(76;40),n/a,0,0,0,0,0,0,1,2023-05-31T20:14:42.4127765Z,0
2.28982,103.5121546,Daerah: Johor<br>No:2047<br>Hex coord:(77;40),n/a,0,0,0,0,0,0,1,2023-05-31T20:14:43.0951824Z,0
2.2976,103.525689,Daerah: Johor<br>No:2048<br>Hex coord:(78;40),n/a,0,0,0,0,0,0,1,2023-05-31T20:14:43.7480582Z,0
2.28982,103.5392235,Daerah: Johor<br>No:2049<br>Hex coord:(79;40),n/a,0,0,0,0,0,0,1,2023-05-31T20:14:44.4163602Z,0
2.2976,103.552758,Daerah: Johor<br>No:2050<br>Hex coord:(80;40),n/a,0,0,0,0,0,0,1,2023-05-31T20:14:45.0718574Z,0
2.28982,103.5662925,Daerah: Johor<br>No:2051<br>Hex coord:(81;40),n/a,0,0,0,0,0,0,1,2023-05-31T20:14:45.7401693Z,0
2.2976,103.5798269,Daerah: Johor<br>No:2052<br>Hex coord:(82;40),n/a,0,0,0,0,0,0,1,2023-05-31T20:14:46.3928079Z,0
2.28982,103.5933614,Daerah: Johor<br>No:2053<br>Hex coord:(83;40),n/a,0,0,0,0,0,0,1,2023-05-31T20:14:47.0567518Z,0
2.2976,103.6068959,Daerah: Johor<br>No:2054<br>Hex coord:(84;40),n/a,0,0,0,0,0,0,1,2023-05-31T20:14:47.7105283Z,0
2.28982,103.6204304,Daerah: Johor<br>No:2055<br>Hex coord:(85;40),n/a,0,0,0,0,0,0,1,2023-05-31T20:14:48.3681143Z,0
2.2976,103.6339648,Daerah: Johor<br>No:2056<br>Hex coord:(86;40),n/a,0,0,0,0,0,0,1,2023-05-31T20:14:49.0789542Z,0
2.28982,103.6474993,Daerah: Johor<br>No:2057<br>Hex coord:(87;40),n/a,0,0,0,0,0,0,1,2023-05-31T20:14:49.7389280Z,0
2.2976,103.6610338,Daerah: Johor<br>No:2058<br>Hex coord:(88;40),n/a,0,0,0,0,0,0,1,2023-05-31T20:14:50.4148679Z,0
2.28982,103.6745683,Daerah: Johor<br>No:2059<br>Hex coord:(89;40),n/a,0,0,0,0,0,0,1,2023-05-31T20:14:51.0650156Z,0
2.2976,103.6881027,Daerah: Johor<br>No:2060<br>Hex coord:(90;40),n/a,0,0,0,0,0,0,1,2023-05-31T20:14:51.7144490Z,0
2.28982,103.7016372,Daerah: Johor<br>No:2061<br>Hex coord:(91;40),n/a,0,0,0,0,0,0,1,2023-05-31T20:14:52.3683720Z,0
2.2976,103.7151717,Daerah: Johor<br>No:2062<br>Hex coord:(92;40),n/a,0,0,0,0,0,0,1,2023-05-31T20:14:53.0276545Z,0
2.28982,103.7287062,Daerah: Johor<br>No:2063<br>Hex coord:(93;40),n/a,0,0,0,0,0,0,1,2023-05-31T20:14:53.9000222Z,0
2.2976,103.7422406,Daerah: Johor<br>No:2064<br>Hex coord:(94;40),n/a,0,0,0,0,0,0,1,2023-05-31T20:14:54.5494967Z,0
2.28982,103.7557751,Daerah: Johor<br>No:2065<br>Hex coord:(95;40),n/a,0,0,0,0,0,0,1,2023-05-31T20:14:55.2081602Z,0
2.2976,103.7693096,Daerah: Johor<br>No:2066<br>Hex coord:(96;40),n/a,0,0,0,0,0,0,1,2023-05-31T20:14:55.8650364Z,0
2.28982,103.7828441,Daerah: Johor<br>No:2067<br>Hex coord:(97;40),n/a,0,0,0,0,0,0,1,2023-05-31T20:14:56.5228718Z,0
2.2976,103.7963785,Daerah: Johor<br>No:2068<br>Hex coord:(98;40),n/a,0,0,0,0,0,0,1,2023-05-31T20:14:57.1792913Z,0
2.28982,103.809913,Daerah: Johor<br>No:2069<br>Hex coord:(99;40),n/a,0,0,0,0,0,0,1,2023-05-31T20:14:57.8343682Z,0
2.2976,103.8234475,Daerah: Johor<br>No:2070<br>Hex coord:(100;40),n/a,0,0,0,0,0,0,1,2023-05-31T20:14:58.4821315Z,0
2.28982,103.836982,Daerah: Johor<br>No:2071<br>Hex coord:(101;40),n/a,0,0,0,0,0,0,1,2023-05-31T20:14:59.3543199Z,0
2.2976,103.8505164,Daerah: Johor<br>No:2072<br>Hex coord:(102;40),n/a,0,0,0,0,0,0,1,2023-05-31T20:15:00.0085683Z,0
2.28982,103.8640509,Daerah: Johor<br>No:2073<br>Hex coord:(103;40),n/a,0,0,0,0,0,0,1,2023-05-31T20:15:00.6660114Z,0
2.2976,103.8775854,Daerah: Johor<br>No:2074<br>Hex coord:(104;40),n/a,0,0,0,0,0,0,1,2023-05-31T20:15:01.3771535Z,0
2.28982,103.8911199,Daerah: Johor<br>No:2075<br>Hex coord:(105;40),n/a,0,0,0,0,0,0,1,2023-05-31T20:15:02.0288680Z,0
2.2976,103.9046543,Daerah: Johor<br>No:2076<br>Hex coord:(106;40),n/a,0,0,0,0,0,0,1,2023-05-31T20:15:02.6832183Z,0
2.28982,103.9181888,Daerah: Johor<br>No:2077<br>Hex coord:(107;40),n/a,0,0,0,0,0,0,1,2023-05-31T20:15:03.3358212Z,0
2.2976,103.9317233,Daerah: Johor<br>No:2078<br>Hex coord:(108;40),n/a,0,0,0,0,0,0,1,2023-05-31T20:15:03.9933797Z,0
2.28982,103.9452578,Daerah: Johor<br>No:2079<br>Hex coord:(109;40),n/a,0,0,0,0,0,0,1,2023-05-31T20:15:04.6557211Z,0
2.2976,104.1212059,Daerah: Johor<br>No:2080<br>Hex coord:(122;40),n/a,0,0,0,0,0,0,1,2023-05-31T20:15:05.3145378Z,0
2.28982,104.1347404,Daerah: Johor<br>No:2081<br>Hex coord:(123;40),n/a,0,0,0,0,0,0,1,2023-05-31T20:15:05.9673160Z,0
2.27426,102.5106034,Daerah: Johor<br>No:2082<br>Hex coord:(3;41),n/a,0,0,0,0,0,1,1,2023-05-31T20:15:06.6339043Z,0
2.28204,102.5241379,Daerah: Johor<br>No:2083<br>Hex coord:(4;41),n/a,0,0,0,0,0,1,1,2023-05-31T20:15:07.3030542Z,1
2.27426,102.5376724,Daerah: Johor<br>No:2084<br>Hex coord:(5;41),n/a,0,0,0,0,0,1,1,2023-05-31T20:15:07.9793017Z,1
2.28204,102.5512068,Daerah: Johor<br>No:2085<br>Hex coord:(6;41),n/a,0,0,0,0,0,1,1,2023-05-31T20:15:08.6421611Z,0
2.27426,102.5647413,Daerah: Johor<br>No:2086<br>Hex coord:(7;41),n/a,0,0,0,0,0,1,1,2023-05-31T20:15:09.3107613Z,0
2.28204,102.5782758,Daerah: Johor<br>No:2087<br>Hex coord:(8;41),n/a,0,0,0,0,0,1,1,2023-05-31T20:15:09.9927918Z,0
2.27426,102.5918103,Daerah: Johor<br>No:2088<br>Hex coord:(9;41),n/a,0,0,0,0,0,0,1,2023-05-31T20:15:10.6520423Z,0
2.28204,102.6053447,Daerah: Johor<br>No:2089<br>Hex coord:(10;41),n/a,0,0,0,0,0,0,1,2023-05-31T20:15:11.3118502Z,0
2.27426,102.6188792,Daerah: Johor<br>No:2090<br>Hex coord:(11;41),n/a,0,0,0,0,0,0,1,2023-05-31T20:15:11.9803890Z,0
2.28204,102.6324137,Daerah: Johor<br>No:2091<br>Hex coord:(12;41),n/a,0,0,0,0,0,0,1,2023-05-31T20:15:12.6308016Z,0
2.27426,102.6459482,Daerah: Johor<br>No:2092<br>Hex coord:(13;41),n/a,0,0,0,0,0,0,1,2023-05-31T20:15:13.2851922Z,0
2.28204,102.6594826,Daerah: Johor<br>No:2093<br>Hex coord:(14;41),n/a,0,0,0,0,0,0,1,2023-05-31T20:15:13.9459550Z,0
2.27426,102.6730171,Daerah: Johor<br>No:2094<br>Hex coord:(15;41),n/a,0,0,0,0,0,0,1,2023-05-31T20:15:14.6081902Z,0
2.28204,102.6865516,Daerah: Johor<br>No:2095<br>Hex coord:(16;41),n/a,0,0,0,0,0,0,1,2023-05-31T20:15:15.2654426Z,0
2.27426,102.7000861,Daerah: Johor<br>No:2096<br>Hex coord:(17;41),n/a,0,0,0,0,0,0,1,2023-05-31T20:15:15.9192606Z,0
2.28204,102.7136205,Daerah: Johor<br>No:2097<br>Hex coord:(18;41),n/a,0,0,0,0,0,0,1,2023-05-31T20:15:16.5652590Z,0
2.27426,102.727155,Daerah: Johor<br>No:2098<br>Hex coord:(19;41),n/a,0,0,0,0,0,0,1,2023-05-31T20:15:17.2254990Z,0
2.28204,102.7406895,Daerah: Johor<br>No:2099<br>Hex coord:(20;41),n/a,0,0,0,0,0,0,1,2023-05-31T20:15:17.8845041Z,0
2.27426,102.754224,Daerah: Johor<br>No:2100<br>Hex coord:(21;41),n/a,0,0,0,0,0,0,1,2023-05-31T20:15:18.5485166Z,0
2.28204,102.7677584,Daerah: Johor<br>No:2101<br>Hex coord:(22;41),n/a,0,0,0,0,0,0,1,2023-05-31T20:15:19.2076698Z,0
2.27426,102.7812929,Daerah: Johor<br>No:2102<br>Hex coord:(23;41),n/a,0,0,0,0,0,0,1,2023-05-31T20:15:19.8624218Z,0
2.28204,102.7948274,Daerah: Johor<br>No:2103<br>Hex coord:(24;41),n/a,0,0,0,0,0,0,1,2023-05-31T20:15:20.5409752Z,0
2.27426,102.8083619,Daerah: Johor<br>No:2104<br>Hex coord:(25;41),n/a,0,0,0,0,0,0,1,2023-05-31T20:15:21.1976755Z,0
2.28204,102.8218963,Daerah: Johor<br>No:2105<br>Hex coord:(26;41),n/a,0,0,0,0,0,0,1,2023-05-31T20:15:21.8610548Z,0
2.27426,102.8354308,Daerah: Johor<br>No:2106<br>Hex coord:(27;41),n/a,0,0,0,0,0,0,1,2023-05-31T20:15:22.5421810Z,0
2.28204,102.8489653,Daerah: Johor<br>No:2107<br>Hex coord:(28;41),n/a,0,0,0,0,0,0,1,2023-05-31T20:15:23.2076999Z,0
2.27426,102.8624998,Daerah: Johor<br>No:2108<br>Hex coord:(29;41),n/a,0,0,0,0,0,0,1,2023-05-31T20:15:23.8701205Z,0
2.28204,102.8760342,Daerah: Johor<br>No:2109<br>Hex coord:(30;41),n/a,0,0,0,0,0,0,1,2023-05-31T20:15:24.5243180Z,0
2.27426,102.8895687,Daerah: Johor<br>No:2110<br>Hex coord:(31;41),n/a,0,0,0,0,0,0,1,2023-05-31T20:15:25.2048011Z,0
2.28204,102.9031032,Daerah: Johor<br>No:2111<br>Hex coord:(32;41),n/a,0,0,0,0,0,0,1,2023-05-31T20:15:25.8528465Z,0
2.27426,102.9166377,Daerah: Johor<br>No:2112<br>Hex coord:(33;41),n/a,0,0,0,0,0,0,1,2023-05-31T20:15:26.5237240Z,0
2.28204,102.9301721,Daerah: Johor<br>No:2113<br>Hex coord:(34;41),n/a,0,0,0,0,0,0,1,2023-05-31T20:15:27.1754899Z,0
2.27426,102.9437066,Daerah: Johor<br>No:2114<br>Hex coord:(35;41),n/a,0,0,0,0,0,0,1,2023-05-31T20:15:27.8235691Z,0
2.28204,102.9572411,Daerah: Johor<br>No:2115<br>Hex coord:(36;41),n/a,0,0,0,0,0,0,1,2023-05-31T20:15:28.4823330Z,0
2.27426,102.9707756,Daerah: Johor<br>No:2116<br>Hex coord:(37;41),n/a,0,0,0,0,0,0,1,2023-05-31T20:15:29.1321462Z,0
2.28204,102.98431,Daerah: Johor<br>No:2117<br>Hex coord:(38;41),n/a,0,0,0,0,0,0,1,2023-05-31T20:15:29.7886467Z,0
2.27426,102.9978445,Daerah: Johor<br>No:2118<br>Hex coord:(39;41),n/a,0,0,0,0,0,0,1,2023-05-31T20:15:30.4416082Z,0
2.28204,103.011379,Daerah: Johor<br>No:2119<br>Hex coord:(40;41),n/a,0,0,0,0,0,0,1,2023-05-31T20:15:31.0969670Z,0
2.27426,103.0249135,Daerah: Johor<br>No:2120<br>Hex coord:(41;41),n/a,0,0,0,0,0,0,1,2023-05-31T20:15:31.7495957Z,0
2.28204,103.0384479,Daerah: Johor<br>No:2121<br>Hex coord:(42;41),n/a,0,0,0,0,0,0,1,2023-05-31T20:15:32.4086057Z,0
2.27426,103.0519824,Daerah: Johor<br>No:2122<br>Hex coord:(43;41),n/a,0,0,0,0,0,0,1,2023-05-31T20:15:33.0589403Z,0
2.28204,103.0655169,Daerah: Johor<br>No:2123<br>Hex coord:(44;41),n/a,0,0,0,0,0,0,1,2023-05-31T20:15:33.7083975Z,0
2.27426,103.0790514,Daerah: Johor<br>No:2124<br>Hex coord:(45;41),n/a,0,0,0,0,0,0,1,2023-05-31T20:15:34.3660699Z,0
2.28204,103.0925858,Daerah: Johor<br>No:2125<br>Hex coord:(46;41),n/a,0,0,0,0,0,0,1,2023-05-31T20:15:35.0145836Z,0
2.27426,103.1061203,Daerah: Johor<br>No:2126<br>Hex coord:(47;41),n/a,0,0,0,0,0,0,1,2023-05-31T20:15:35.6565946Z,0
2.28204,103.1196548,Daerah: Johor<br>No:2127<br>Hex coord:(48;41),n/a,0,0,0,0,0,0,1,2023-05-31T20:15:36.3323364Z,0
2.27426,103.1331893,Daerah: Johor<br>No:2128<br>Hex coord:(49;41),n/a,0,0,0,0,0,0,1,2023-05-31T20:15:36.9811029Z,0
2.28204,103.1467237,Daerah: Johor<br>No:2129<br>Hex coord:(50;41),n/a,0,0,0,0,0,0,1,2023-05-31T20:15:37.6440072Z,0
2.27426,103.1602582,Daerah: Johor<br>No:2130<br>Hex coord:(51;41),n/a,0,0,0,0,0,0,1,2023-05-31T20:15:38.3032511Z,0
2.28204,103.1737927,Daerah: Johor<br>No:2131<br>Hex coord:(52;41),n/a,0,0,0,0,0,0,1,2023-05-31T20:15:38.9645016Z,0
2.27426,103.1873272,Daerah: Johor<br>No:2132<br>Hex coord:(53;41),n/a,0,0,0,0,0,0,1,2023-05-31T20:15:39.6136015Z,0
2.28204,103.2008616,Daerah: Johor<br>No:2133<br>Hex coord:(54;41),n/a,0,0,0,0,0,0,1,2023-05-31T20:15:40.2643663Z,0
2.27426,103.2143961,Daerah: Johor<br>No:2134<br>Hex coord:(55;41),n/a,0,0,0,0,0,0,1,2023-05-31T20:15:40.9172082Z,0
2.28204,103.2279306,Daerah: Johor<br>No:2135<br>Hex coord:(56;41),n/a,0,0,0,0,0,0,1,2023-05-31T20:15:41.7940139Z,0
2.27426,103.2414651,Daerah: Johor<br>No:2136<br>Hex coord:(57;41),n/a,0,0,0,0,0,0,1,2023-05-31T20:15:42.4420212Z,0
2.28204,103.2549995,Daerah: Johor<br>No:2137<br>Hex coord:(58;41),n/a,0,0,0,0,0,0,1,2023-05-31T20:15:43.1338679Z,0
2.27426,103.268534,Daerah: Johor<br>No:2138<br>Hex coord:(59;41),n/a,0,0,0,0,0,0,1,2023-05-31T20:15:43.7960117Z,0
2.28204,103.2820685,Daerah: Johor<br>No:2139<br>Hex coord:(60;41),n/a,0,0,0,0,0,0,1,2023-05-31T20:15:44.4535519Z,0
2.27426,103.295603,Daerah: Johor<br>No:2140<br>Hex coord:(61;41),n/a,0,0,0,0,0,0,1,2023-05-31T20:15:45.1123581Z,0
2.28204,103.3091374,Daerah: Johor<br>No:2141<br>Hex coord:(62;41),n/a,0,0,0,0,0,0,1,2023-05-31T20:15:45.7684702Z,0
2.27426,103.3226719,Daerah: Johor<br>No:2142<br>Hex coord:(63;41),n/a,0,0,0,0,0,0,1,2023-05-31T20:15:46.4166172Z,0
2.28204,103.3362064,Daerah: Johor<br>No:2143<br>Hex coord:(64;41),n/a,0,0,0,0,0,0,1,2023-05-31T20:15:47.0822139Z,0
2.27426,103.3497409,Daerah: Johor<br>No:2144<br>Hex coord:(65;41),n/a,0,0,0,0,0,0,1,2023-05-31T20:15:47.7401444Z,0
2.28204,103.3632753,Daerah: Johor<br>No:2145<br>Hex coord:(66;41),n/a,0,0,0,0,0,0,1,2023-05-31T20:15:48.3919482Z,0
2.27426,103.3768098,Daerah: Johor<br>No:2146<br>Hex coord:(67;41),n/a,0,0,0,0,0,0,1,2023-05-31T20:15:49.0482885Z,0
2.28204,103.3903443,Daerah: Johor<br>No:2147<br>Hex coord:(68;41),n/a,0,0,0,0,0,0,1,2023-05-31T20:15:49.7010476Z,0
2.27426,103.4038788,Daerah: Johor<br>No:2148<br>Hex coord:(69;41),n/a,0,0,0,0,0,0,1,2023-05-31T20:15:50.3550696Z,0
2.28204,103.4174132,Daerah: Johor<br>No:2149<br>Hex coord:(70;41),n/a,0,0,0,0,0,0,1,2023-05-31T20:15:51.0117830Z,0
2.27426,103.4309477,Daerah: Johor<br>No:2150<br>Hex coord:(71;41),n/a,0,0,0,0,0,0,1,2023-05-31T20:15:51.6622178Z,0
2.28204,103.4444822,Daerah: Johor<br>No:2151<br>Hex coord:(72;41),n/a,0,0,0,0,0,0,1,2023-05-31T20:15:52.3187408Z,0
2.27426,103.4580167,Daerah: Johor<br>No:2152<br>Hex coord:(73;41),n/a,0,0,0,0,0,0,1,2023-05-31T20:15:52.9736439Z,0
2.28204,103.4715511,Daerah: Johor<br>No:2153<br>Hex coord:(74;41),n/a,0,0,0,0,0,0,1,2023-05-31T20:15:53.6278937Z,0
2.27426,103.4850856,Daerah: Johor<br>No:2154<br>Hex coord:(75;41),n/a,0,0,0,0,0,0,1,2023-05-31T20:15:54.3032170Z,0
2.28204,103.4986201,Daerah: Johor<br>No:2155<br>Hex coord:(76;41),n/a,0,0,0,0,0,0,1,2023-05-31T20:15:54.9547761Z,0
2.27426,103.5121546,Daerah: Johor<br>No:2156<br>Hex coord:(77;41),n/a,0,0,0,0,0,0,1,2023-05-31T20:15:55.6072346Z,0
2.28204,103.525689,Daerah: Johor<br>No:2157<br>Hex coord:(78;41),n/a,0,0,0,0,0,0,1,2023-05-31T20:15:56.2607746Z,0
2.27426,103.5392235,Daerah: Johor<br>No:2158<br>Hex coord:(79;41),n/a,0,0,0,0,0,0,1,2023-05-31T20:15:56.9097884Z,0
2.28204,103.552758,Daerah: Johor<br>No:2159<br>Hex coord:(80;41),n/a,0,0,0,0,0,0,1,2023-05-31T20:15:57.5662299Z,0
2.27426,103.5662925,Daerah: Johor<br>No:2160<br>Hex coord:(81;41),n/a,0,0,0,0,0,0,1,2023-05-31T20:15:58.2213117Z,0
2.28204,103.5798269,Daerah: Johor<br>No:2161<br>Hex coord:(82;41),n/a,0,0,0,0,0,0,1,2023-05-31T20:15:58.8691923Z,0
2.27426,103.5933614,Daerah: Johor<br>No:2162<br>Hex coord:(83;41),n/a,0,0,0,0,0,0,1,2023-05-31T20:15:59.5218864Z,0
2.28204,103.6068959,Daerah: Johor<br>No:2163<br>Hex coord:(84;41),n/a,0,0,0,0,0,0,1,2023-05-31T20:16:00.1795517Z,0
2.27426,103.6204304,Daerah: Johor<br>No:2164<br>Hex coord:(85;41),n/a,0,0,0,0,0,0,1,2023-05-31T20:16:00.8268707Z,0
2.28204,103.6339648,Daerah: Johor<br>No:2165<br>Hex coord:(86;41),n/a,0,0,0,0,0,0,1,2023-05-31T20:16:01.4868795Z,0
2.27426,103.6474993,Daerah: Johor<br>No:2166<br>Hex coord:(87;41),n/a,0,0,0,0,0,0,1,2023-05-31T20:16:02.1426572Z,0
2.28204,103.6610338,Daerah: Johor<br>No:2167<br>Hex coord:(88;41),n/a,0,0,0,0,0,0,1,2023-05-31T20:16:02.7985256Z,0
2.27426,103.6745683,Daerah: Johor<br>No:2168<br>Hex coord:(89;41),n/a,0,0,0,0,0,0,1,2023-05-31T20:16:03.4562935Z,0
2.28204,103.6881027,Daerah: Johor<br>No:2169<br>Hex coord:(90;41),n/a,0,0,0,0,0,0,1,2023-05-31T20:16:04.1157022Z,0
2.27426,103.7016372,Daerah: Johor<br>No:2170<br>Hex coord:(91;41),n/a,0,0,0,0,0,0,1,2023-05-31T20:16:04.7627332Z,0
2.28204,103.7151717,Daerah: Johor<br>No:2171<br>Hex coord:(92;41),n/a,0,0,0,0,0,0,1,2023-05-31T20:16:05.4192788Z,0
2.27426,103.7287062,Daerah: Johor<br>No:2172<br>Hex coord:(93;41),n/a,0,0,0,0,0,0,1,2023-05-31T20:16:06.0753911Z,0
2.28204,103.7422406,Daerah: Johor<br>No:2173<br>Hex coord:(94;41),n/a,0,0,0,0,0,0,1,2023-05-31T20:16:06.7337566Z,0
2.27426,103.7557751,Daerah: Johor<br>No:2174<br>Hex coord:(95;41),n/a,0,0,0,0,0,0,1,2023-05-31T20:16:07.4077204Z,0
2.28204,103.7693096,Daerah: Johor<br>No:2175<br>Hex coord:(96;41),n/a,0,0,0,0,0,0,1,2023-05-31T20:16:08.0647204Z,0
2.27426,103.7828441,Daerah: Johor<br>No:2176<br>Hex coord:(97;41),n/a,0,0,0,0,0,0,1,2023-05-31T20:16:08.7122272Z,0
2.28204,103.7963785,Daerah: Johor<br>No:2177<br>Hex coord:(98;41),n/a,0,0,0,0,0,0,1,2023-05-31T20:16:09.3920618Z,0
2.27426,103.809913,Daerah: Johor<br>No:2178<br>Hex coord:(99;41),n/a,0,0,0,0,0,0,1,2023-05-31T20:16:10.0534589Z,0
2.28204,103.8234475,Daerah: Johor<br>No:2179<br>Hex coord:(100;41),n/a,0,0,0,0,0,0,1,2023-05-31T20:16:10.7055326Z,0
2.27426,103.836982,Daerah: Johor<br>No:2180<br>Hex coord:(101;41),n/a,0,0,0,0,0,0,1,2023-05-31T20:16:11.3632987Z,0
2.28204,103.8505164,Daerah: Johor<br>No:2181<br>Hex coord:(102;41),n/a,0,0,0,0,0,0,1,2023-05-31T20:16:12.0258616Z,1
2.27426,103.8640509,Daerah: Johor<br>No:2182<br>Hex coord:(103;41),n/a,0,0,0,0,0,0,1,2023-05-31T20:16:12.7017088Z,1
2.28204,103.8775854,Daerah: Johor<br>No:2183<br>Hex coord:(104;41),n/a,0,0,0,0,0,0,1,2023-05-31T20:16:13.3521772Z,0
2.27426,103.8911199,Daerah: Johor<br>No:2184<br>Hex coord:(105;41),n/a,0,0,0,0,0,0,1,2023-05-31T20:16:14.0151125Z,0
2.28204,103.9046543,Daerah: Johor<br>No:2185<br>Hex coord:(106;41),n/a,0,0,0,0,0,0,1,2023-05-31T20:16:14.6646697Z,0
2.27426,103.9181888,Daerah: Johor<br>No:2186<br>Hex coord:(107;41),n/a,0,0,0,0,0,0,1,2023-05-31T20:16:15.3213590Z,0
2.28204,103.9317233,Daerah: Johor<br>No:2187<br>Hex coord:(108;41),n/a,0,0,0,0,0,0,1,2023-05-31T20:16:15.9861716Z,0
2.27426,103.9452578,Daerah: Johor<br>No:2188<br>Hex coord:(109;41),n/a,0,0,0,0,0,0,1,2023-05-31T20:16:16.6351022Z,0
2.28204,103.9587922,Daerah: Johor<br>No:2189<br>Hex coord:(110;41),n/a,0,0,0,0,0,0,1,2023-05-31T20:16:17.2939467Z,0
2.26648,102.4970689,Daerah: Johor<br>No:2190<br>Hex coord:(2;42),n/a,1,0,0,0,0,0,1,2023-05-31T20:16:17.9708346Z,0
2.2587,102.5106034,Daerah: Johor<br>No:2191<br>Hex coord:(3;42),n/a,0,0,0,0,0,1,1,2023-05-31T20:16:18.6429871Z,0
2.26648,102.5241379,Daerah: Johor<br>No:2192<br>Hex coord:(4;42),n/a,0,0,0,0,0,1,1,2023-05-31T20:16:19.3581910Z,0
2.2587,102.5376724,Daerah: Johor<br>No:2193<br>Hex coord:(5;42),n/a,0,0,0,0,0,1,1,2023-05-31T20:16:20.0313561Z,0
2.26648,102.5512068,Daerah: Johor<br>No:2194<br>Hex coord:(6;42),n/a,0,0,0,0,0,1,1,2023-05-31T20:16:20.7132255Z,1
2.2587,102.5647413,Daerah: Johor<br>No:2195<br>Hex coord:(7;42),n/a,0,0,0,0,0,1,1,2023-05-31T20:16:21.3780507Z,0
2.26648,102.5782758,Daerah: Johor<br>No:2196<br>Hex coord:(8;42),n/a,0,0,0,0,0,1,1,2023-05-31T20:16:22.0471501Z,0
2.2587,102.5918103,Daerah: Johor<br>No:2197<br>Hex coord:(9;42),n/a,0,0,0,0,0,0,1,2023-05-31T20:16:22.7101534Z,0
2.26648,102.6053447,Daerah: Johor<br>No:2198<br>Hex coord:(10;42),n/a,0,0,0,0,0,0,1,2023-05-31T20:16:23.3638938Z,0
2.2587,102.6188792,Daerah: Johor<br>No:2199<br>Hex coord:(11;42),n/a,0,0,0,0,0,0,1,2023-05-31T20:16:24.0210469Z,0
2.26648,102.6324137,Daerah: Johor<br>No:2200<br>Hex coord:(12;42),n/a,0,0,0,0,0,0,1,2023-05-31T20:16:24.6804540Z,0
2.2587,102.6459482,Daerah: Johor<br>No:2201<br>Hex coord:(13;42),n/a,0,0,0,0,0,0,1,2023-05-31T20:16:25.3442754Z,0
2.26648,102.6594826,Daerah: Johor<br>No:2202<br>Hex coord:(14;42),n/a,0,0,0,0,0,0,1,2023-05-31T20:16:26.0062771Z,0
2.2587,102.6730171,Daerah: Johor<br>No:2203<br>Hex coord:(15;42),n/a,0,0,0,0,0,0,1,2023-05-31T20:16:26.6687397Z,0
2.26648,102.6865516,Daerah: Johor<br>No:2204<br>Hex coord:(16;42),n/a,0,0,0,0,0,0,1,2023-05-31T20:16:27.3360978Z,0
2.2587,102.7000861,Daerah: Johor<br>No:2205<br>Hex coord:(17;42),n/a,0,0,0,0,0,0,1,2023-05-31T20:16:27.9974730Z,0
2.26648,102.7136205,Daerah: Johor<br>No:2206<br>Hex coord:(18;42),n/a,0,0,0,0,0,0,1,2023-05-31T20:16:28.6487738Z,0
2.2587,102.727155,Daerah: Johor<br>No:2207<br>Hex coord:(19;42),n/a,0,0,0,0,0,0,1,2023-05-31T20:16:29.3134563Z,0
2.26648,102.7406895,Daerah: Johor<br>No:2208<br>Hex coord:(20;42),n/a,0,0,0,0,0,0,1,2023-05-31T20:16:29.9723458Z,0
2.2587,102.754224,Daerah: Johor<br>No:2209<br>Hex coord:(21;42),n/a,0,0,0,0,0,0,1,2023-05-31T20:16:30.6278449Z,0
2.26648,102.7677584,Daerah: Johor<br>No:2210<br>Hex coord:(22;42),n/a,0,0,0,0,0,0,1,2023-05-31T20:16:31.2814058Z,0
2.2587,102.7812929,Daerah: Johor<br>No:2211<br>Hex coord:(23;42),n/a,0,0,0,0,0,0,1,2023-05-31T20:16:31.9420485Z,0
2.26648,102.7948274,Daerah: Johor<br>No:2212<br>Hex coord:(24;42),n/a,0,0,0,0,0,0,1,2023-05-31T20:16:32.6097763Z,0
2.2587,102.8083619,Daerah: Johor<br>No:2213<br>Hex coord:(25;42),n/a,0,0,0,0,0,0,1,2023-05-31T20:16:33.2652309Z,0
2.26648,102.8218963,Daerah: Johor<br>No:2214<br>Hex coord:(26;42),n/a,0,0,0,0,0,0,1,2023-05-31T20:16:33.9202036Z,0
2.2587,102.8354308,Daerah: Johor<br>No:2215<br>Hex coord:(27;42),n/a,0,0,0,0,0,0,1,2023-05-31T20:16:34.5862947Z,0
2.26648,102.8489653,Daerah: Johor<br>No:2216<br>Hex coord:(28;42),n/a,0,0,0,0,0,0,1,2023-05-31T20:16:35.2420326Z,0
2.2587,102.8624998,Daerah: Johor<br>No:2217<br>Hex coord:(29;42),n/a,0,0,0,0,0,0,1,2023-05-31T20:16:35.9011912Z,0
2.26648,102.8760342,Daerah: Johor<br>No:2218<br>Hex coord:(30;42),n/a,0,0,0,0,0,0,1,2023-05-31T20:16:36.5543315Z,0
2.2587,102.8895687,Daerah: Johor<br>No:2219<br>Hex coord:(31;42),n/a,0,0,0,0,0,0,1,2023-05-31T20:16:37.2153931Z,0
2.26648,102.9031032,Daerah: Johor<br>No:2220<br>Hex coord:(32;42),n/a,0,0,0,0,0,0,1,2023-05-31T20:16:37.8832213Z,0
2.2587,102.9166377,Daerah: Johor<br>No:2221<br>Hex coord:(33;42),n/a,0,0,0,0,0,0,1,2023-05-31T20:16:38.5332017Z,0
2.26648,102.9301721,Daerah: Johor<br>No:2222<br>Hex coord:(34;42),n/a,0,0,0,0,0,0,1,2023-05-31T20:16:39.1891142Z,0
2.2587,102.9437066,Daerah: Johor<br>No:2223<br>Hex coord:(35;42),n/a,0,0,0,0,0,0,1,2023-05-31T20:16:39.8384742Z,0
2.26648,102.9572411,Daerah: Johor<br>No:2224<br>Hex coord:(36;42),n/a,0,0,0,0,0,0,1,2023-05-31T20:16:40.4996185Z,0
2.2587,102.9707756,Daerah: Johor<br>No:2225<br>Hex coord:(37;42),n/a,0,0,0,0,0,0,1,2023-05-31T20:16:41.1486787Z,0
2.26648,102.98431,Daerah: Johor<br>No:2226<br>Hex coord:(38;42),n/a,0,0,0,0,0,0,1,2023-05-31T20:16:41.8022530Z,0
2.2587,102.9978445,Daerah: Johor<br>No:2227<br>Hex coord:(39;42),n/a,0,0,0,0,0,0,1,2023-05-31T20:16:42.4659822Z,0
2.26648,103.011379,Daerah: Johor<br>No:2228<br>Hex coord:(40;42),n/a,0,0,0,0,0,0,1,2023-05-31T20:16:43.1322602Z,0
2.2587,103.0249135,Daerah: Johor<br>No:2229<br>Hex coord:(41;42),n/a,0,0,0,0,0,0,1,2023-05-31T20:16:43.7919084Z,0
2.26648,103.0384479,Daerah: Johor<br>No:2230<br>Hex coord:(42;42),n/a,0,0,0,0,0,0,1,2023-05-31T20:16:44.4578519Z,0
2.2587,103.0519824,Daerah: Johor<br>No:2231<br>Hex coord:(43;42),n/a,0,0,0,0,0,0,1,2023-05-31T20:16:45.1248296Z,0
2.26648,103.0655169,Daerah: Johor<br>No:2232<br>Hex coord:(44;42),n/a,0,0,0,0,0,0,1,2023-05-31T20:16:45.7894468Z,0
2.2587,103.0790514,Daerah: Johor<br>No:2233<br>Hex coord:(45;42),n/a,0,0,0,0,0,0,1,2023-05-31T20:16:46.4455571Z,0
2.26648,103.0925858,Daerah: Johor<br>No:2234<br>Hex coord:(46;42),n/a,0,0,0,0,0,0,1,2023-05-31T20:16:47.1136960Z,0
2.2587,103.1061203,Daerah: Johor<br>No:2235<br>Hex coord:(47;42),n/a,0,0,0,0,0,0,1,2023-05-31T20:16:47.7657281Z,0
2.26648,103.1196548,Daerah: Johor<br>No:2236<br>Hex coord:(48;42),n/a,0,0,0,0,0,0,1,2023-05-31T20:16:48.4491514Z,0
2.2587,103.1331893,Daerah: Johor<br>No:2237<br>Hex coord:(49;42),n/a,0,0,0,0,0,0,1,2023-05-31T20:16:49.1066345Z,0
2.26648,103.1467237,Daerah: Johor<br>No:2238<br>Hex coord:(50;42),n/a,0,0,0,0,0,0,1,2023-05-31T20:16:49.7544881Z,0
2.2587,103.1602582,Daerah: Johor<br>No:2239<br>Hex coord:(51;42),n/a,0,0,0,0,0,0,1,2023-05-31T20:16:50.4149125Z,0
2.26648,103.1737927,Daerah: Johor<br>No:2240<br>Hex coord:(52;42),n/a,0,0,0,0,0,0,1,2023-05-31T20:16:51.0716037Z,0
2.2587,103.1873272,Daerah: Johor<br>No:2241<br>Hex coord:(53;42),n/a,1,0,0,0,0,0,1,2023-05-31T20:16:51.7357560Z,0
2.26648,103.2008616,Daerah: Johor<br>No:2242<br>Hex coord:(54;42),n/a,0,0,0,0,0,0,1,2023-05-31T20:16:52.3915619Z,0
2.2587,103.2143961,Daerah: Johor<br>No:2243<br>Hex coord:(55;42),n/a,0,0,0,0,0,0,1,2023-05-31T20:16:53.0421079Z,0
2.26648,103.2279306,Daerah: Johor<br>No:2244<br>Hex coord:(56;42),n/a,0,0,0,0,0,0,1,2023-05-31T20:16:53.6997618Z,0
2.2587,103.2414651,Daerah: Johor<br>No:2245<br>Hex coord:(57;42),n/a,0,0,0,0,0,0,1,2023-05-31T20:16:54.3506631Z,0
2.26648,103.2549995,Daerah: Johor<br>No:2246<br>Hex coord:(58;42),n/a,0,0,0,0,0,0,1,2023-05-31T20:16:55.0063179Z,0
2.2587,103.268534,Daerah: Johor<br>No:2247<br>Hex coord:(59;42),n/a,0,0,0,0,0,0,1,2023-05-31T20:16:55.6551062Z,0
2.26648,103.2820685,Daerah: Johor<br>No:2248<br>Hex coord:(60;42),n/a,0,0,0,0,0,0,1,2023-05-31T20:16:56.3124064Z,0
2.2587,103.295603,Daerah: Johor<br>No:2249<br>Hex coord:(61;42),n/a,0,0,0,0,0,0,1,2023-05-31T20:16:56.9757139Z,0
2.26648,103.3091374,Daerah: Johor<br>No:2250<br>Hex coord:(62;42),n/a,0,0,0,0,0,0,1,2023-05-31T20:16:57.6295024Z,0
2.2587,103.3226719,Daerah: Johor<br>No:2251<br>Hex coord:(63;42),n/a,0,0,0,0,0,0,1,2023-05-31T20:16:58.2797489Z,0
2.26648,103.3362064,Daerah: Johor<br>No:2252<br>Hex coord:(64;42),n/a,0,0,0,0,0,0,1,2023-05-31T20:16:58.9328980Z,0
2.2587,103.3497409,Daerah: Johor<br>No:2253<br>Hex coord:(65;42),n/a,0,0,0,0,0,0,1,2023-05-31T20:16:59.5936364Z,0
2.26648,103.3632753,Daerah: Johor<br>No:2254<br>Hex coord:(66;42),n/a,0,0,0,0,0,0,1,2023-05-31T20:17:00.2558176Z,0
2.2587,103.3768098,Daerah: Johor<br>No:2255<br>Hex coord:(67;42),n/a,0,0,0,0,0,0,1,2023-05-31T20:17:00.9107920Z,0
2.26648,103.3903443,Daerah: Johor<br>No:2256<br>Hex coord:(68;42),n/a,0,0,0,0,0,0,1,2023-05-31T20:17:01.5723152Z,0
2.2587,103.4038788,Daerah: Johor<br>No:2257<br>Hex coord:(69;42),n/a,0,0,0,0,0,0,1,2023-05-31T20:17:02.2304318Z,0
2.26648,103.4174132,Daerah: Johor<br>No:2258<br>Hex coord:(70;42),n/a,0,0,0,0,0,0,1,2023-05-31T20:17:02.8791626Z,0
2.2587,103.4309477,Daerah: Johor<br>No:2259<br>Hex coord:(71;42),n/a,0,0,0,0,0,0,1,2023-05-31T20:17:03.5414312Z,0
2.26648,103.4444822,Daerah: Johor<br>No:2260<br>Hex coord:(72;42),n/a,0,0,0,0,0,0,1,2023-05-31T20:17:04.2082664Z,0
2.2587,103.4580167,Daerah: Johor<br>No:2261<br>Hex coord:(73;42),n/a,0,0,0,0,0,0,1,2023-05-31T20:17:04.8588893Z,0
2.26648,103.4715511,Daerah: Johor<br>No:2262<br>Hex coord:(74;42),n/a,0,0,0,0,0,0,1,2023-05-31T20:17:05.5147084Z,0
2.2587,103.4850856,Daerah: Johor<br>No:2263<br>Hex coord:(75;42),n/a,0,0,0,0,0,0,1,2023-05-31T20:17:06.1722206Z,0
2.26648,103.4986201,Daerah: Johor<br>No:2264<br>Hex coord:(76;42),n/a,0,0,0,0,0,0,1,2023-05-31T20:17:06.8256808Z,0
2.2587,103.5121546,Daerah: Johor<br>No:2265<br>Hex coord:(77;42),n/a,0,0,0,0,0,0,1,2023-05-31T20:17:07.4783921Z,0
2.26648,103.525689,Daerah: Johor<br>No:2266<br>Hex coord:(78;42),n/a,0,0,0,0,0,0,1,2023-05-31T20:17:08.1334243Z,0
2.2587,103.5392235,Daerah: Johor<br>No:2267<br>Hex coord:(79;42),n/a,0,0,0,0,0,0,1,2023-05-31T20:17:08.8175625Z,0
2.26648,103.552758,Daerah: Johor<br>No:2268<br>Hex coord:(80;42),n/a,0,0,0,0,0,0,1,2023-05-31T20:17:09.4698586Z,0
2.2587,103.5662925,Daerah: Johor<br>No:2269<br>Hex coord:(81;42),n/a,0,0,0,0,0,0,1,2023-05-31T20:17:10.1273198Z,0
2.26648,103.5798269,Daerah: Johor<br>No:2270<br>Hex coord:(82;42),n/a,0,0,0,0,0,0,1,2023-05-31T20:17:10.7827982Z,0
2.2587,103.5933614,Daerah: Johor<br>No:2271<br>Hex coord:(83;42),n/a,0,0,0,0,0,0,1,2023-05-31T20:17:11.4339103Z,0
2.26648,103.6068959,Daerah: Johor<br>No:2272<br>Hex coord:(84;42),n/a,0,0,0,0,0,0,1,2023-05-31T20:17:12.0917443Z,0
2.2587,103.6204304,Daerah: Johor<br>No:2273<br>Hex coord:(85;42),n/a,0,0,0,0,0,0,1,2023-05-31T20:17:12.7442667Z,0
2.26648,103.6339648,Daerah: Johor<br>No:2274<br>Hex coord:(86;42),n/a,0,0,0,0,0,0,1,2023-05-31T20:17:13.4001421Z,0
2.2587,103.6474993,Daerah: Johor<br>No:2275<br>Hex coord:(87;42),n/a,0,0,0,0,0,0,1,2023-05-31T20:17:14.0590445Z,0
2.26648,103.6610338,Daerah: Johor<br>No:2276<br>Hex coord:(88;42),n/a,0,0,0,0,0,0,1,2023-05-31T20:17:14.7168509Z,0
2.2587,103.6745683,Daerah: Johor<br>No:2277<br>Hex coord:(89;42),n/a,0,0,0,0,0,0,1,2023-05-31T20:17:15.3762041Z,0
2.26648,103.6881027,Daerah: Johor<br>No:2278<br>Hex coord:(90;42),n/a,0,0,0,0,0,0,1,2023-05-31T20:17:16.0301398Z,0
2.2587,103.7016372,Daerah: Johor<br>No:2279<br>Hex coord:(91;42),n/a,0,0,0,0,0,0,1,2023-05-31T20:17:16.6781785Z,0
2.26648,103.7151717,Daerah: Johor<br>No:2280<br>Hex coord:(92;42),n/a,0,0,0,0,0,0,1,2023-05-31T20:17:17.3252675Z,0
2.2587,103.7287062,Daerah: Johor<br>No:2281<br>Hex coord:(93;42),n/a,0,0,0,0,0,0,1,2023-05-31T20:17:17.9842533Z,0
2.26648,103.7422406,Daerah: Johor<br>No:2282<br>Hex coord:(94;42),n/a,0,0,0,0,0,0,1,2023-05-31T20:17:18.6338165Z,0
2.2587,103.7557751,Daerah: Johor<br>No:2283<br>Hex coord:(95;42),n/a,0,0,0,0,0,0,1,2023-05-31T20:17:19.2917782Z,0
2.26648,103.7693096,Daerah: Johor<br>No:2284<br>Hex coord:(96;42),n/a,0,0,0,0,0,0,1,2023-05-31T20:17:19.9426038Z,0
2.2587,103.7828441,Daerah: Johor<br>No:2285<br>Hex coord:(97;42),n/a,0,0,0,0,0,0,1,2023-05-31T20:17:20.6092122Z,0
2.26648,103.7963785,Daerah: Johor<br>No:2286<br>Hex coord:(98;42),n/a,0,0,0,0,0,0,1,2023-05-31T20:17:21.2631963Z,0
2.2587,103.809913,Daerah: Johor<br>No:2287<br>Hex coord:(99;42),n/a,0,0,0,0,0,0,1,2023-05-31T20:17:21.9220144Z,0
2.26648,103.8234475,Daerah: Johor<br>No:2288<br>Hex coord:(100;42),n/a,0,0,0,0,0,0,1,2023-05-31T20:17:22.5857007Z,0
2.2587,103.836982,Daerah: Johor<br>No:2289<br>Hex coord:(101;42),n/a,0,0,0,0,0,0,1,2023-05-31T20:17:23.2388858Z,0
2.26648,103.8505164,Daerah: Johor<br>No:2290<br>Hex coord:(102;42),n/a,0,0,0,0,0,0,1,2023-05-31T20:17:23.8909725Z,0
2.2587,103.8640509,Daerah: Johor<br>No:2291<br>Hex coord:(103;42),n/a,0,0,0,0,0,0,1,2023-05-31T20:17:24.5434526Z,0
2.26648,103.8775854,Daerah: Johor<br>No:2292<br>Hex coord:(104;42),n/a,0,0,0,0,0,0,1,2023-05-31T20:17:25.2009250Z,0
2.2587,103.8911199,Daerah: Johor<br>No:2293<br>Hex coord:(105;42),n/a,0,0,0,0,0,0,1,2023-05-31T20:17:25.8673166Z,0
2.26648,103.9046543,Daerah: Johor<br>No:2294<br>Hex coord:(106;42),n/a,0,0,0,0,0,0,1,2023-05-31T20:17:26.5274484Z,0
2.2587,103.9181888,Daerah: Johor<br>No:2295<br>Hex coord:(107;42),n/a,0,0,0,0,0,0,1,2023-05-31T20:17:27.1860646Z,0
2.26648,103.9317233,Daerah: Johor<br>No:2296<br>Hex coord:(108;42),n/a,0,0,0,0,0,0,1,2023-05-31T20:17:27.8353894Z,0
2.2587,103.9452578,Daerah: Johor<br>No:2297<br>Hex coord:(109;42),n/a,0,0,0,0,0,0,1,2023-05-31T20:17:28.5087677Z,0
2.26648,103.9587922,Daerah: Johor<br>No:2298<br>Hex coord:(110;42),n/a,0,0,0,0,0,0,1,2023-05-31T20:17:29.1734997Z,0
2.2587,103.9723267,Daerah: Johor<br>No:2299<br>Hex coord:(111;42),n/a,0,0,0,0,0,0,1,2023-05-31T20:17:29.8260528Z,0
2.25092,102.4970689,Daerah: Johor<br>No:2300<br>Hex coord:(2;43),n/a,0,0,0,0,0,0,1,2023-05-31T20:17:30.4929179Z,0
2.24314,102.5106034,Daerah: Johor<br>No:2301<br>Hex coord:(3;43),n/a,0,0,0,0,0,1,1,2023-05-31T20:17:31.1670990Z,0
2.25092,102.5241379,Daerah: Johor<br>No:2302<br>Hex coord:(4;43),n/a,0,0,0,0,0,1,1,2023-05-31T20:17:31.8475753Z,0
2.24314,102.5376724,Daerah: Johor<br>No:2303<br>Hex coord:(5;43),n/a,0,0,0,0,0,1,1,2023-05-31T20:17:32.5197365Z,0
2.25092,102.5512068,Daerah: Johor<br>No:2304<br>Hex coord:(6;43),n/a,0,0,0,0,0,1,1,2023-05-31T20:17:33.1869569Z,0
2.24314,102.5647413,Daerah: Johor<br>No:2305<br>Hex coord:(7;43),n/a,0,0,0,0,0,1,1,2023-05-31T20:17:33.8492603Z,0
2.25092,102.5782758,Daerah: Johor<br>No:2306<br>Hex coord:(8;43),n/a,0,0,0,0,0,1,1,2023-05-31T20:17:34.5103416Z,0
2.24314,102.5918103,Daerah: Johor<br>No:2307<br>Hex coord:(9;43),n/a,0,0,0,0,0,0,1,2023-05-31T20:17:35.1670470Z,0
2.25092,102.6053447,Daerah: Johor<br>No:2308<br>Hex coord:(10;43),n/a,0,0,0,0,0,0,1,2023-05-31T20:17:35.8353419Z,0
2.24314,102.6188792,Daerah: Johor<br>No:2309<br>Hex coord:(11;43),n/a,0,0,0,0,0,0,1,2023-05-31T20:17:36.4898462Z,0
2.25092,102.6324137,Daerah: Johor<br>No:2310<br>Hex coord:(12;43),n/a,0,0,0,0,0,0,1,2023-05-31T20:17:37.1429444Z,0
2.24314,102.6459482,Daerah: Johor<br>No:2311<br>Hex coord:(13;43),n/a,0,0,0,0,0,1,1,2023-05-31T20:17:37.7961753Z,0
2.25092,102.6594826,Daerah: Johor<br>No:2312<br>Hex coord:(14;43),n/a,0,0,0,0,0,0,1,2023-05-31T20:17:38.4546119Z,0
2.24314,102.6730171,Daerah: Johor<br>No:2313<br>Hex coord:(15;43),n/a,0,0,0,0,0,1,1,2023-05-31T20:17:39.1099485Z,0
2.25092,102.6865516,Daerah: Johor<br>No:2314<br>Hex coord:(16;43),n/a,0,0,0,0,0,0,1,2023-05-31T20:17:39.7637452Z,0
2.24314,102.7000861,Daerah: Johor<br>No:2315<br>Hex coord:(17;43),n/a,0,0,0,0,0,0,1,2023-05-31T20:17:40.4229666Z,0
2.25092,102.7136205,Daerah: Johor<br>No:2316<br>Hex coord:(18;43),n/a,0,0,0,0,0,0,1,2023-05-31T20:17:41.0828883Z,0
2.24314,102.727155,Daerah: Johor<br>No:2317<br>Hex coord:(19;43),n/a,0,0,0,0,0,0,1,2023-05-31T20:17:41.7432121Z,0
2.25092,102.7406895,Daerah: Johor<br>No:2318<br>Hex coord:(20;43),n/a,0,0,0,0,0,0,1,2023-05-31T20:17:42.3915624Z,0
2.24314,102.754224,Daerah: Johor<br>No:2319<br>Hex coord:(21;43),n/a,0,0,0,0,0,0,1,2023-05-31T20:17:43.0418086Z,0
2.25092,102.7677584,Daerah: Johor<br>No:2320<br>Hex coord:(22;43),n/a,0,0,0,0,0,0,1,2023-05-31T20:17:43.7008300Z,0
2.24314,102.7812929,Daerah: Johor<br>No:2321<br>Hex coord:(23;43),n/a,0,0,0,0,0,0,1,2023-05-31T20:17:44.3811324Z,0
2.25092,102.7948274,Daerah: Johor<br>No:2322<br>Hex coord:(24;43),n/a,0,0,0,0,0,0,1,2023-05-31T20:17:45.0377057Z,0
2.24314,102.8083619,Daerah: Johor<br>No:2323<br>Hex coord:(25;43),n/a,0,0,0,0,0,0,1,2023-05-31T20:17:45.6980839Z,0
2.25092,102.8218963,Daerah: Johor<br>No:2324<br>Hex coord:(26;43),n/a,0,0,0,0,0,0,1,2023-05-31T20:17:46.3535292Z,0
2.24314,102.8354308,Daerah: Johor<br>No:2325<br>Hex coord:(27;43),n/a,0,0,0,0,0,0,1,2023-05-31T20:17:47.0111827Z,0
2.25092,102.8489653,Daerah: Johor<br>No:2326<br>Hex coord:(28;43),n/a,0,0,0,0,0,0,1,2023-05-31T20:17:47.6627264Z,0
2.24314,102.8624998,Daerah: Johor<br>No:2327<br>Hex coord:(29;43),n/a,0,0,0,0,0,0,1,2023-05-31T20:17:48.3189470Z,0
2.25092,102.8760342,Daerah: Johor<br>No:2328<br>Hex coord:(30;43),n/a,0,0,0,0,0,0,1,2023-05-31T20:17:48.9835020Z,0
2.24314,102.8895687,Daerah: Johor<br>No:2329<br>Hex coord:(31;43),n/a,0,0,0,0,0,0,1,2023-05-31T20:17:49.6475381Z,0
2.25092,102.9031032,Daerah: Johor<br>No:2330<br>Hex coord:(32;43),n/a,0,0,0,0,0,0,1,2023-05-31T20:17:50.3004148Z,0
2.24314,102.9166377,Daerah: Johor<br>No:2331<br>Hex coord:(33;43),n/a,0,0,0,0,0,0,1,2023-05-31T20:17:50.9615393Z,0
2.25092,102.9301721,Daerah: Johor<br>No:2332<br>Hex coord:(34;43),n/a,0,0,0,0,0,0,1,2023-05-31T20:17:51.6182519Z,0
2.24314,102.9437066,Daerah: Johor<br>No:2333<br>Hex coord:(35;43),n/a,0,0,0,0,0,0,1,2023-05-31T20:17:52.2831172Z,0
2.25092,102.9572411,Daerah: Johor<br>No:2334<br>Hex coord:(36;43),n/a,0,0,0,0,0,0,1,2023-05-31T20:17:52.9349279Z,0
2.24314,102.9707756,Daerah: Johor<br>No:2335<br>Hex coord:(37;43),n/a,0,0,0,0,0,0,1,2023-05-31T20:17:53.5938578Z,0
2.25092,102.98431,Daerah: Johor<br>No:2336<br>Hex coord:(38;43),n/a,0,0,0,0,0,0,1,2023-05-31T20:17:54.2574600Z,0
2.24314,102.9978445,Daerah: Johor<br>No:2337<br>Hex coord:(39;43),n/a,0,0,0,0,0,0,1,2023-05-31T20:17:54.9187051Z,0
2.25092,103.011379,Daerah: Johor<br>No:2338<br>Hex coord:(40;43),n/a,0,0,0,0,0,0,1,2023-05-31T20:17:55.5779608Z,0
2.24314,103.0249135,Daerah: Johor<br>No:2339<br>Hex coord:(41;43),n/a,0,0,0,0,0,0,1,2023-05-31T20:17:56.2269621Z,0
2.25092,103.0384479,Daerah: Johor<br>No:2340<br>Hex coord:(42;43),n/a,0,0,0,0,0,0,1,2023-05-31T20:17:56.8839065Z,0
2.24314,103.0519824,Daerah: Johor<br>No:2341<br>Hex coord:(43;43),n/a,0,0,0,0,0,0,1,2023-05-31T20:17:57.5462484Z,0
2.25092,103.0655169,Daerah: Johor<br>No:2342<br>Hex coord:(44;43),n/a,0,0,0,0,0,0,1,2023-05-31T20:18:34.2320786Z,0
2.24314,103.0790514,Daerah: Johor<br>No:2343<br>Hex coord:(45;43),n/a,0,0,0,0,0,0,1,2023-05-31T20:18:34.9156676Z,0
2.25092,103.0925858,Daerah: Johor<br>No:2344<br>Hex coord:(46;43),n/a,0,0,0,0,0,0,1,2023-05-31T20:18:35.5703855Z,0
2.24314,103.1061203,Daerah: Johor<br>No:2345<br>Hex coord:(47;43),n/a,0,0,0,0,0,0,1,2023-05-31T20:18:36.2344670Z,0
2.25092,103.1196548,Daerah: Johor<br>No:2346<br>Hex coord:(48;43),n/a,0,0,0,0,0,0,1,2023-05-31T20:18:36.8934187Z,0
2.24314,103.1331893,Daerah: Johor<br>No:2347<br>Hex coord:(49;43),n/a,0,0,0,0,0,0,1,2023-05-31T20:18:37.5415661Z,0
2.25092,103.1467237,Daerah: Johor<br>No:2348<br>Hex coord:(50;43),n/a,0,0,0,0,0,0,1,2023-05-31T20:18:38.2006189Z,0
2.24314,103.1602582,Daerah: Johor<br>No:2349<br>Hex coord:(51;43),n/a,0,0,0,0,0,0,1,2023-05-31T20:18:38.8584710Z,0
2.25092,103.1737927,Daerah: Johor<br>No:2350<br>Hex coord:(52;43),n/a,0,0,0,0,0,0,1,2023-05-31T20:18:39.5157356Z,0
2.24314,103.1873272,Daerah: Johor<br>No:2351<br>Hex coord:(53;43),n/a,0,0,0,0,0,0,1,2023-05-31T20:18:40.1688045Z,0
2.25092,103.2008616,Daerah: Johor<br>No:2352<br>Hex coord:(54;43),n/a,0,0,0,0,0,0,1,2023-05-31T20:18:40.8290989Z,0
2.24314,103.2143961,Daerah: Johor<br>No:2353<br>Hex coord:(55;43),n/a,0,0,0,0,0,0,1,2023-05-31T20:18:41.4884403Z,0
2.25092,103.2279306,Daerah: Johor<br>No:2354<br>Hex coord:(56;43),n/a,0,0,0,0,0,0,1,2023-05-31T20:18:42.1376682Z,0
2.24314,103.2414651,Daerah: Johor<br>No:2355<br>Hex coord:(57;43),n/a,0,0,0,0,0,0,1,2023-05-31T20:18:42.7961295Z,0
2.25092,103.2549995,Daerah: Johor<br>No:2356<br>Hex coord:(58;43),n/a,0,0,0,0,0,0,1,2023-05-31T20:18:43.4467731Z,0
2.24314,103.268534,Daerah: Johor<br>No:2357<br>Hex coord:(59;43),n/a,0,0,0,0,0,0,1,2023-05-31T20:18:44.1046101Z,0
2.25092,103.2820685,Daerah: Johor<br>No:2358<br>Hex coord:(60;43),n/a,0,0,0,0,0,0,1,2023-05-31T20:18:44.7694426Z,0
2.24314,103.295603,Daerah: Johor<br>No:2359<br>Hex coord:(61;43),n/a,0,0,0,0,0,0,1,2023-05-31T20:18:45.4295219Z,0
2.25092,103.3091374,Daerah: Johor<br>No:2360<br>Hex coord:(62;43),n/a,0,0,0,0,0,0,1,2023-05-31T20:18:46.0801853Z,0
2.24314,103.3226719,Daerah: Johor<br>No:2361<br>Hex coord:(63;43),n/a,0,0,0,0,0,0,1,2023-05-31T20:18:46.7354931Z,0
2.25092,103.3362064,Daerah: Johor<br>No:2362<br>Hex coord:(64;43),n/a,0,0,0,0,0,0,1,2023-05-31T20:18:47.3858496Z,0
2.24314,103.3497409,Daerah: Johor<br>No:2363<br>Hex coord:(65;43),n/a,0,0,0,0,0,0,1,2023-05-31T20:18:48.0466957Z,0
2.25092,103.3632753,Daerah: Johor<br>No:2364<br>Hex coord:(66;43),n/a,0,0,0,0,0,0,1,2023-05-31T20:18:48.7073935Z,0
2.24314,103.3768098,Daerah: Johor<br>No:2365<br>Hex coord:(67;43),n/a,0,0,0,0,0,0,1,2023-05-31T20:18:49.3700378Z,0
2.25092,103.3903443,Daerah: Johor<br>No:2366<br>Hex coord:(68;43),n/a,0,0,0,0,0,0,1,2023-05-31T20:18:50.0334057Z,0
2.24314,103.4038788,Daerah: Johor<br>No:2367<br>Hex coord:(69;43),n/a,0,0,0,0,0,0,1,2023-05-31T20:18:50.6902926Z,0
2.25092,103.4174132,Daerah: Johor<br>No:2368<br>Hex coord:(70;43),n/a,0,0,0,0,0,0,1,2023-05-31T20:18:51.3419223Z,0
2.24314,103.4309477,Daerah: Johor<br>No:2369<br>Hex coord:(71;43),n/a,0,0,0,0,0,0,1,2023-05-31T20:18:52.0059389Z,0
2.25092,103.4444822,Daerah: Johor<br>No:2370<br>Hex coord:(72;43),n/a,0,0,0,0,0,0,1,2023-05-31T20:18:52.6597143Z,0
2.24314,103.4580167,Daerah: Johor<br>No:2371<br>Hex coord:(73;43),n/a,0,0,0,0,0,0,1,2023-05-31T20:18:53.3104830Z,0
2.25092,103.4715511,Daerah: Johor<br>No:2372<br>Hex coord:(74;43),n/a,0,0,0,0,0,0,1,2023-05-31T20:18:53.9633389Z,0
2.24314,103.4850856,Daerah: Johor<br>No:2373<br>Hex coord:(75;43),n/a,0,0,0,0,0,0,1,2023-05-31T20:18:54.6185730Z,0
2.25092,103.4986201,Daerah: Johor<br>No:2374<br>Hex coord:(76;43),n/a,0,0,0,0,0,0,1,2023-05-31T20:18:55.2821277Z,0
2.24314,103.5121546,Daerah: Johor<br>No:2375<br>Hex coord:(77;43),n/a,0,0,0,0,0,0,1,2023-05-31T20:18:55.9424588Z,0
2.25092,103.525689,Daerah: Johor<br>No:2376<br>Hex coord:(78;43),n/a,0,0,0,0,0,0,1,2023-05-31T20:18:56.5979233Z,0
2.24314,103.5392235,Daerah: Johor<br>No:2377<br>Hex coord:(79;43),n/a,0,0,0,0,0,0,1,2023-05-31T20:18:57.2528999Z,0
2.25092,103.552758,Daerah: Johor<br>No:2378<br>Hex coord:(80;43),n/a,0,0,0,0,0,0,1,2023-05-31T20:18:57.9213947Z,0
2.24314,103.5662925,Daerah: Johor<br>No:2379<br>Hex coord:(81;43),n/a,0,0,0,0,0,0,1,2023-05-31T20:18:58.5768458Z,0
2.25092,103.5798269,Daerah: Johor<br>No:2380<br>Hex coord:(82;43),n/a,0,0,0,0,0,0,1,2023-05-31T20:18:59.2366822Z,0
2.24314,103.5933614,Daerah: Johor<br>No:2381<br>Hex coord:(83;43),n/a,0,0,0,0,0,0,1,2023-05-31T20:18:59.8956625Z,0
2.25092,103.6068959,Daerah: Johor<br>No:2382<br>Hex coord:(84;43),n/a,0,0,0,0,0,0,1,2023-05-31T20:19:00.5524946Z,0
2.24314,103.6204304,Daerah: Johor<br>No:2383<br>Hex coord:(85;43),n/a,0,0,0,0,0,0,1,2023-05-31T20:19:01.2124190Z,0
2.25092,103.6339648,Daerah: Johor<br>No:2384<br>Hex coord:(86;43),n/a,0,0,0,0,0,0,1,2023-05-31T20:19:01.9487275Z,0
2.24314,103.6474993,Daerah: Johor<br>No:2385<br>Hex coord:(87;43),n/a,0,0,0,0,0,0,1,2023-05-31T20:19:02.6135355Z,0
2.25092,103.6610338,Daerah: Johor<br>No:2386<br>Hex coord:(88;43),n/a,0,0,0,0,0,0,1,2023-05-31T20:19:03.2712337Z,0
2.24314,103.6745683,Daerah: Johor<br>No:2387<br>Hex coord:(89;43),n/a,0,0,0,0,0,0,1,2023-05-31T20:19:03.9401030Z,0
2.25092,103.6881027,Daerah: Johor<br>No:2388<br>Hex coord:(90;43),n/a,0,0,0,0,0,0,1,2023-05-31T20:19:04.5986438Z,0
2.24314,103.7016372,Daerah: Johor<br>No:2389<br>Hex coord:(91;43),n/a,0,0,0,0,0,0,1,2023-05-31T20:19:05.2563842Z,0
2.25092,103.7151717,Daerah: Johor<br>No:2390<br>Hex coord:(92;43),n/a,0,0,0,0,0,0,1,2023-05-31T20:19:05.9249937Z,0
2.24314,103.7287062,Daerah: Johor<br>No:2391<br>Hex coord:(93;43),n/a,0,0,0,0,0,0,1,2023-05-31T20:19:06.5813892Z,0
2.25092,103.7422406,Daerah: Johor<br>No:2392<br>Hex coord:(94;43),n/a,0,0,0,0,0,0,1,2023-05-31T20:19:07.2352287Z,0
2.24314,103.7557751,Daerah: Johor<br>No:2393<br>Hex coord:(95;43),n/a,0,0,0,0,0,0,1,2023-05-31T20:19:07.8944450Z,0
2.25092,103.7693096,Daerah: Johor<br>No:2394<br>Hex coord:(96;43),n/a,0,0,0,0,0,0,1,2023-05-31T20:19:08.5447093Z,0
2.24314,103.7828441,Daerah: Johor<br>No:2395<br>Hex coord:(97;43),n/a,0,0,0,0,0,0,1,2023-05-31T20:19:09.2144176Z,0
2.25092,103.7963785,Daerah: Johor<br>No:2396<br>Hex coord:(98;43),n/a,0,0,0,0,0,0,1,2023-05-31T20:19:09.8615415Z,0
2.24314,103.809913,Daerah: Johor<br>No:2397<br>Hex coord:(99;43),n/a,0,0,0,0,0,0,1,2023-05-31T20:19:10.5159130Z,0
2.25092,103.8234475,Daerah: Johor<br>No:2398<br>Hex coord:(100;43),n/a,0,0,0,0,0,0,1,2023-05-31T20:19:11.1685155Z,0
2.24314,103.836982,Daerah: Johor<br>No:2399<br>Hex coord:(101;43),n/a,0,0,0,0,0,0,1,2023-05-31T20:19:11.8300840Z,0
2.25092,103.8505164,Daerah: Johor<br>No:2400<br>Hex coord:(102;43),n/a,0,0,0,0,0,0,1,2023-05-31T20:19:12.4815984Z,0
2.24314,103.8640509,Daerah: Johor<br>No:2401<br>Hex coord:(103;43),n/a,0,0,0,0,0,0,1,2023-05-31T20:19:13.1574279Z,0
2.25092,103.8775854,Daerah: Johor<br>No:2402<br>Hex coord:(104;43),n/a,0,0,0,0,0,0,1,2023-05-31T20:19:13.8128351Z,0
2.24314,103.8911199,Daerah: Johor<br>No:2403<br>Hex coord:(105;43),n/a,0,0,0,0,0,0,1,2023-05-31T20:19:14.4660891Z,0
2.25092,103.9046543,Daerah: Johor<br>No:2404<br>Hex coord:(106;43),n/a,0,0,0,0,0,0,1,2023-05-31T20:19:15.1234161Z,0
2.24314,103.9181888,Daerah: Johor<br>No:2405<br>Hex coord:(107;43),n/a,0,0,0,0,0,0,1,2023-05-31T20:19:15.7823274Z,0
2.25092,103.9317233,Daerah: Johor<br>No:2406<br>Hex coord:(108;43),n/a,0,0,0,0,0,0,1,2023-05-31T20:19:16.4278853Z,0
2.24314,103.9452578,Daerah: Johor<br>No:2407<br>Hex coord:(109;43),n/a,0,0,0,0,0,0,1,2023-05-31T20:19:17.0868728Z,0
2.25092,103.9587922,Daerah: Johor<br>No:2408<br>Hex coord:(110;43),n/a,0,0,0,0,0,0,1,2023-05-31T20:19:17.7390907Z,0
2.23536,102.4970689,Daerah: Johor<br>No:2409<br>Hex coord:(2;44),n/a,0,0,0,0,0,0,1,2023-05-31T20:19:18.4158763Z,0
2.22758,102.5106034,Daerah: Johor<br>No:2410<br>Hex coord:(3;44),n/a,0,0,0,0,0,0,1,2023-05-31T20:19:19.0909399Z,0
2.23536,102.5241379,Daerah: Johor<br>No:2411<br>Hex coord:(4;44),n/a,0,0,0,0,0,1,1,2023-05-31T20:19:19.7636239Z,0
2.22758,102.5376724,Daerah: Johor<br>No:2412<br>Hex coord:(5;44),n/a,0,0,0,0,0,1,1,2023-05-31T20:19:20.4232255Z,0
2.23536,102.5512068,Daerah: Johor<br>No:2413<br>Hex coord:(6;44),n/a,0,0,0,0,0,1,1,2023-05-31T20:19:21.0867853Z,0
2.22758,102.5647413,Daerah: Johor<br>No:2414<br>Hex coord:(7;44),n/a,0,0,0,0,0,1,1,2023-05-31T20:19:21.7471797Z,0
2.23536,102.5782758,Daerah: Johor<br>No:2415<br>Hex coord:(8;44),n/a,0,0,0,0,0,1,1,2023-05-31T20:19:22.4165418Z,0
2.22758,102.5918103,Daerah: Johor<br>No:2416<br>Hex coord:(9;44),n/a,0,0,0,0,0,0,1,2023-05-31T20:19:23.0742103Z,0
2.23536,102.6053447,Daerah: Johor<br>No:2417<br>Hex coord:(10;44),n/a,0,0,0,0,0,0,1,2023-05-31T20:19:23.7308059Z,0
2.22758,102.6188792,Daerah: Johor<br>No:2418<br>Hex coord:(11;44),n/a,0,0,0,0,0,0,1,2023-05-31T20:19:24.3978600Z,0
2.23536,102.6324137,Daerah: Johor<br>No:2419<br>Hex coord:(12;44),n/a,0,0,0,0,0,1,1,2023-05-31T20:19:25.0499445Z,0
2.22758,102.6459482,Daerah: Johor<br>No:2420<br>Hex coord:(13;44),n/a,0,0,0,0,0,1,1,2023-05-31T20:19:25.7050195Z,0
2.23536,102.6594826,Daerah: Johor<br>No:2421<br>Hex coord:(14;44),n/a,0,0,0,0,0,1,1,2023-05-31T20:19:26.3739351Z,0
2.22758,102.6730171,Daerah: Johor<br>No:2422<br>Hex coord:(15;44),n/a,0,0,0,0,0,1,1,2023-05-31T20:19:27.0300181Z,0
2.23536,102.6865516,Daerah: Johor<br>No:2423<br>Hex coord:(16;44),n/a,0,0,0,0,0,1,1,2023-05-31T20:19:27.6843129Z,0
2.22758,102.7000861,Daerah: Johor<br>No:2424<br>Hex coord:(17;44),n/a,0,0,0,0,0,0,1,2023-05-31T20:19:28.3400221Z,0
2.23536,102.7136205,Daerah: Johor<br>No:2425<br>Hex coord:(18;44),n/a,0,0,0,0,0,0,1,2023-05-31T20:19:28.9936267Z,0
2.22758,102.727155,Daerah: Johor<br>No:2426<br>Hex coord:(19;44),n/a,0,0,0,0,0,0,1,2023-05-31T20:19:29.6741624Z,0
2.23536,102.7406895,Daerah: Johor<br>No:2427<br>Hex coord:(20;44),n/a,0,0,0,0,0,0,1,2023-05-31T20:19:30.3306777Z,0
2.22758,102.754224,Daerah: Johor<br>No:2428<br>Hex coord:(21;44),n/a,0,0,0,0,0,0,1,2023-05-31T20:19:30.9836000Z,0
2.23536,102.7677584,Daerah: Johor<br>No:2429<br>Hex coord:(22;44),n/a,0,0,0,0,0,0,1,2023-05-31T20:19:31.6469547Z,0
2.22758,102.7812929,Daerah: Johor<br>No:2430<br>Hex coord:(23;44),n/a,0,0,0,0,0,0,1,2023-05-31T20:19:32.3087007Z,0
2.23536,102.7948274,Daerah: Johor<br>No:2431<br>Hex coord:(24;44),n/a,0,0,0,0,0,0,1,2023-05-31T20:19:32.9791517Z,0
2.22758,102.8083619,Daerah: Johor<br>No:2432<br>Hex coord:(25;44),n/a,0,0,0,0,0,0,1,2023-05-31T20:19:33.6441865Z,0
2.23536,102.8218963,Daerah: Johor<br>No:2433<br>Hex coord:(26;44),n/a,0,0,0,0,0,0,1,2023-05-31T20:19:34.3091766Z,0
2.22758,102.8354308,Daerah: Johor<br>No:2434<br>Hex coord:(27;44),n/a,0,0,0,0,0,0,1,2023-05-31T20:19:34.9647363Z,0
2.23536,102.8489653,Daerah: Johor<br>No:2435<br>Hex coord:(28;44),n/a,0,0,0,0,0,0,1,2023-05-31T20:19:35.6197702Z,0
2.22758,102.8624998,Daerah: Johor<br>No:2436<br>Hex coord:(29;44),n/a,0,0,0,0,0,0,1,2023-05-31T20:19:36.2819710Z,0
2.23536,102.8760342,Daerah: Johor<br>No:2437<br>Hex coord:(30;44),n/a,0,0,0,0,0,0,1,2023-05-31T20:19:36.9319100Z,0
2.22758,102.8895687,Daerah: Johor<br>No:2438<br>Hex coord:(31;44),n/a,0,0,0,0,0,0,1,2023-05-31T20:19:37.5872876Z,0
2.23536,102.9031032,Daerah: Johor<br>No:2439<br>Hex coord:(32;44),n/a,0,0,0,0,0,0,1,2023-05-31T20:19:38.2517198Z,0
2.22758,102.9166377,Daerah: Johor<br>No:2440<br>Hex coord:(33;44),n/a,0,0,0,0,0,0,1,2023-05-31T20:19:38.9189817Z,0
2.23536,102.9301721,Daerah: Johor<br>No:2441<br>Hex coord:(34;44),n/a,0,0,0,0,0,0,1,2023-05-31T20:19:39.5768344Z,0
2.22758,102.9437066,Daerah: Johor<br>No:2442<br>Hex coord:(35;44),n/a,0,0,0,0,0,0,1,2023-05-31T20:19:40.2332589Z,0
2.23536,102.9572411,Daerah: Johor<br>No:2443<br>Hex coord:(36;44),n/a,0,0,0,0,0,0,1,2023-05-31T20:19:40.8883484Z,0
2.22758,102.9707756,Daerah: Johor<br>No:2444<br>Hex coord:(37;44),n/a,0,0,0,0,0,0,1,2023-05-31T20:19:41.5395842Z,0
2.23536,102.98431,Daerah: Johor<br>No:2445<br>Hex coord:(38;44),n/a,0,0,0,0,0,0,1,2023-05-31T20:19:42.2140811Z,0
2.22758,102.9978445,Daerah: Johor<br>No:2446<br>Hex coord:(39;44),n/a,0,0,0,0,0,0,1,2023-05-31T20:19:42.8665325Z,0
2.23536,103.011379,Daerah: Johor<br>No:2447<br>Hex coord:(40;44),n/a,0,0,0,0,0,0,1,2023-05-31T20:19:43.5400232Z,0
2.22758,103.0249135,Daerah: Johor<br>No:2448<br>Hex coord:(41;44),n/a,0,0,0,0,0,0,1,2023-05-31T20:19:44.1908355Z,0
2.23536,103.0384479,Daerah: Johor<br>No:2449<br>Hex coord:(42;44),n/a,0,0,0,0,0,0,1,2023-05-31T20:19:44.8564613Z,0
2.22758,103.0519824,Daerah: Johor<br>No:2450<br>Hex coord:(43;44),n/a,0,0,0,0,0,0,1,2023-05-31T20:19:45.5080121Z,0
2.23536,103.0655169,Daerah: Johor<br>No:2451<br>Hex coord:(44;44),n/a,0,0,0,0,0,0,1,2023-05-31T20:19:46.1739323Z,0
2.22758,103.0790514,Daerah: Johor<br>No:2452<br>Hex coord:(45;44),n/a,0,0,0,0,0,0,1,2023-05-31T20:19:46.8247114Z,0
2.23536,103.0925858,Daerah: Johor<br>No:2453<br>Hex coord:(46;44),n/a,0,0,0,0,0,0,1,2023-05-31T20:19:47.4805386Z,0
2.22758,103.1061203,Daerah: Johor<br>No:2454<br>Hex coord:(47;44),n/a,0,0,0,0,0,0,1,2023-05-31T20:19:48.1443598Z,0
2.23536,103.1196548,Daerah: Johor<br>No:2455<br>Hex coord:(48;44),n/a,0,0,0,0,0,0,1,2023-05-31T20:19:48.7952716Z,0
2.22758,103.1331893,Daerah: Johor<br>No:2456<br>Hex coord:(49;44),n/a,0,0,0,0,0,0,1,2023-05-31T20:19:49.4699546Z,0
2.23536,103.1467237,Daerah: Johor<br>No:2457<br>Hex coord:(50;44),n/a,0,0,0,0,0,0,1,2023-05-31T20:19:50.1185767Z,0
2.22758,103.1602582,Daerah: Johor<br>No:2458<br>Hex coord:(51;44),n/a,0,0,0,0,0,0,1,2023-05-31T20:19:50.7866755Z,0
2.23536,103.1737927,Daerah: Johor<br>No:2459<br>Hex coord:(52;44),n/a,0,0,0,0,0,0,1,2023-05-31T20:19:51.4430205Z,0
2.22758,103.1873272,Daerah: Johor<br>No:2460<br>Hex coord:(53;44),n/a,0,0,0,0,0,0,1,2023-05-31T20:19:52.0937774Z,0
2.23536,103.2008616,Daerah: Johor<br>No:2461<br>Hex coord:(54;44),n/a,0,0,0,0,0,0,1,2023-05-31T20:19:52.7481253Z,0
2.22758,103.2143961,Daerah: Johor<br>No:2462<br>Hex coord:(55;44),n/a,0,0,0,0,0,0,1,2023-05-31T20:19:53.4016220Z,0
2.23536,103.2279306,Daerah: Johor<br>No:2463<br>Hex coord:(56;44),n/a,0,0,0,0,0,0,1,2023-05-31T20:19:54.0581655Z,0
2.22758,103.2414651,Daerah: Johor<br>No:2464<br>Hex coord:(57;44),n/a,0,0,0,0,0,0,1,2023-05-31T20:19:54.7174243Z,0
2.23536,103.2549995,Daerah: Johor<br>No:2465<br>Hex coord:(58;44),n/a,0,0,0,0,0,0,1,2023-05-31T20:19:55.3693007Z,0
2.22758,103.268534,Daerah: Johor<br>No:2466<br>Hex coord:(59;44),n/a,0,0,0,0,0,0,1,2023-05-31T20:19:56.0257104Z,0
2.23536,103.2820685,Daerah: Johor<br>No:2467<br>Hex coord:(60;44),n/a,0,0,0,0,0,0,1,2023-05-31T20:19:56.6896289Z,0
2.22758,103.295603,Daerah: Johor<br>No:2468<br>Hex coord:(61;44),n/a,0,0,0,0,0,0,1,2023-05-31T20:19:57.3466634Z,0
2.23536,103.3091374,Daerah: Johor<br>No:2469<br>Hex coord:(62;44),n/a,0,0,0,0,0,0,1,2023-05-31T20:19:58.0211279Z,0
2.22758,103.3226719,Daerah: Johor<br>No:2470<br>Hex coord:(63;44),n/a,0,0,0,0,0,0,1,2023-05-31T20:19:58.7273612Z,0
2.23536,103.3362064,Daerah: Johor<br>No:2471<br>Hex coord:(64;44),n/a,0,0,0,0,0,0,1,2023-05-31T20:19:59.3831622Z,0
2.22758,103.3497409,Daerah: Johor<br>No:2472<br>Hex coord:(65;44),n/a,0,0,0,0,0,0,1,2023-05-31T20:20:00.0460647Z,0
2.23536,103.3632753,Daerah: Johor<br>No:2473<br>Hex coord:(66;44),n/a,0,0,0,0,0,0,1,2023-05-31T20:20:00.7014746Z,0
2.22758,103.3768098,Daerah: Johor<br>No:2474<br>Hex coord:(67;44),n/a,0,0,0,0,0,0,1,2023-05-31T20:20:01.3663541Z,0
2.23536,103.3903443,Daerah: Johor<br>No:2475<br>Hex coord:(68;44),n/a,0,0,0,0,0,0,1,2023-05-31T20:20:02.0228571Z,0
2.22758,103.4038788,Daerah: Johor<br>No:2476<br>Hex coord:(69;44),n/a,0,0,0,0,0,0,1,2023-05-31T20:20:02.7067272Z,0
2.23536,103.4174132,Daerah: Johor<br>No:2477<br>Hex coord:(70;44),n/a,0,0,0,0,0,0,1,2023-05-31T20:20:03.3541858Z,0
2.22758,103.4309477,Daerah: Johor<br>No:2478<br>Hex coord:(71;44),n/a,0,0,0,0,0,0,1,2023-05-31T20:20:04.0183005Z,0
2.23536,103.4444822,Daerah: Johor<br>No:2479<br>Hex coord:(72;44),n/a,0,0,0,0,0,0,1,2023-05-31T20:20:04.6624655Z,0
2.22758,103.4580167,Daerah: Johor<br>No:2480<br>Hex coord:(73;44),n/a,0,0,0,0,0,0,1,2023-05-31T20:20:05.3136480Z,0
2.23536,103.4715511,Daerah: Johor<br>No:2481<br>Hex coord:(74;44),n/a,0,0,0,0,0,0,1,2023-05-31T20:20:05.9647764Z,0
2.22758,103.4850856,Daerah: Johor<br>No:2482<br>Hex coord:(75;44),n/a,0,0,0,0,0,0,1,2023-05-31T20:20:06.6187802Z,0
2.23536,103.4986201,Daerah: Johor<br>No:2483<br>Hex coord:(76;44),n/a,0,0,0,0,0,0,1,2023-05-31T20:20:07.2764193Z,0
2.22758,103.5121546,Daerah: Johor<br>No:2484<br>Hex coord:(77;44),n/a,0,0,0,0,0,0,1,2023-05-31T20:20:07.9454129Z,0
2.23536,103.525689,Daerah: Johor<br>No:2485<br>Hex coord:(78;44),n/a,0,0,0,0,0,0,1,2023-05-31T20:20:08.6007513Z,0
2.22758,103.5392235,Daerah: Johor<br>No:2486<br>Hex coord:(79;44),n/a,0,0,0,0,0,0,1,2023-05-31T20:20:09.2518610Z,0
2.23536,103.552758,Daerah: Johor<br>No:2487<br>Hex coord:(80;44),n/a,0,0,0,0,0,0,1,2023-05-31T20:20:09.9052280Z,0
2.22758,103.5662925,Daerah: Johor<br>No:2488<br>Hex coord:(81;44),n/a,0,0,0,0,0,0,1,2023-05-31T20:20:10.5631482Z,0
2.23536,103.5798269,Daerah: Johor<br>No:2489<br>Hex coord:(82;44),n/a,0,0,0,0,0,0,1,2023-05-31T20:20:11.2186775Z,0
2.22758,103.5933614,Daerah: Johor<br>No:2490<br>Hex coord:(83;44),n/a,0,0,0,0,0,0,1,2023-05-31T20:20:11.8664147Z,0
2.23536,103.6068959,Daerah: Johor<br>No:2491<br>Hex coord:(84;44),n/a,0,0,0,0,0,0,1,2023-05-31T20:20:12.5208635Z,0
2.22758,103.6204304,Daerah: Johor<br>No:2492<br>Hex coord:(85;44),n/a,0,0,0,0,0,0,1,2023-05-31T20:20:13.1710187Z,0
2.23536,103.6339648,Daerah: Johor<br>No:2493<br>Hex coord:(86;44),n/a,0,0,0,0,0,0,1,2023-05-31T20:20:13.8277569Z,0
2.22758,103.6474993,Daerah: Johor<br>No:2494<br>Hex coord:(87;44),n/a,0,0,0,0,0,0,1,2023-05-31T20:20:14.4777543Z,0
2.23536,103.6610338,Daerah: Johor<br>No:2495<br>Hex coord:(88;44),n/a,0,0,0,0,0,0,1,2023-05-31T20:20:15.1406361Z,0
2.22758,103.6745683,Daerah: Johor<br>No:2496<br>Hex coord:(89;44),n/a,0,0,0,0,0,0,1,2023-05-31T20:20:15.8125674Z,0
2.23536,103.6881027,Daerah: Johor<br>No:2497<br>Hex coord:(90;44),n/a,0,0,0,0,0,0,1,2023-05-31T20:20:16.4592495Z,0
2.22758,103.7016372,Daerah: Johor<br>No:2498<br>Hex coord:(91;44),n/a,0,0,0,0,0,0,1,2023-05-31T20:20:17.1145639Z,0
2.23536,103.7151717,Daerah: Johor<br>No:2499<br>Hex coord:(92;44),n/a,0,0,0,0,0,0,1,2023-05-31T20:20:17.7677417Z,0
2.22758,103.7287062,Daerah: Johor<br>No:2500<br>Hex coord:(93;44),n/a,0,0,0,0,0,0,1,2023-05-31T20:20:18.4163069Z,0
2.23536,103.7422406,Daerah: Johor<br>No:2501<br>Hex coord:(94;44),n/a,0,0,0,0,0,0,1,2023-05-31T20:20:19.0711892Z,0
2.22758,103.7557751,Daerah: Johor<br>No:2502<br>Hex coord:(95;44),n/a,0,0,0,0,0,0,1,2023-05-31T20:20:19.7260514Z,0
2.23536,103.7693096,Daerah: Johor<br>No:2503<br>Hex coord:(96;44),n/a,0,0,0,0,0,0,1,2023-05-31T20:20:20.3873528Z,0
2.22758,103.7828441,Daerah: Johor<br>No:2504<br>Hex coord:(97;44),n/a,0,0,0,0,0,0,1,2023-05-31T20:20:21.0451300Z,0
2.23536,103.7963785,Daerah: Johor<br>No:2505<br>Hex coord:(98;44),n/a,0,0,0,0,0,0,1,2023-05-31T20:20:21.7212395Z,0
2.22758,103.809913,Daerah: Johor<br>No:2506<br>Hex coord:(99;44),n/a,0,0,0,0,0,0,1,2023-05-31T20:20:22.3760697Z,0
2.23536,103.8234475,Daerah: Johor<br>No:2507<br>Hex coord:(100;44),n/a,0,0,0,0,0,0,1,2023-05-31T20:20:23.0267135Z,0
2.22758,103.836982,Daerah: Johor<br>No:2508<br>Hex coord:(101;44),n/a,0,0,0,0,0,0,1,2023-05-31T20:20:23.6775083Z,0
2.23536,103.8505164,Daerah: Johor<br>No:2509<br>Hex coord:(102;44),n/a,0,0,0,0,0,0,1,2023-05-31T20:20:24.3388412Z,0
2.22758,103.8640509,Daerah: Johor<br>No:2510<br>Hex coord:(103;44),n/a,0,0,0,0,0,0,1,2023-05-31T20:20:24.9893334Z,0
2.23536,103.8775854,Daerah: Johor<br>No:2511<br>Hex coord:(104;44),n/a,0,0,0,0,0,0,1,2023-05-31T20:20:25.6595697Z,0
2.22758,103.8911199,Daerah: Johor<br>No:2512<br>Hex coord:(105;44),n/a,0,0,0,0,0,0,1,2023-05-31T20:20:26.3093013Z,0
2.23536,103.9046543,Daerah: Johor<br>No:2513<br>Hex coord:(106;44),n/a,0,0,0,0,0,0,1,2023-05-31T20:20:26.9695824Z,0
2.22758,103.9181888,Daerah: Johor<br>No:2514<br>Hex coord:(107;44),n/a,0,0,0,0,0,0,1,2023-05-31T20:20:27.6167582Z,0
2.23536,103.9317233,Daerah: Johor<br>No:2515<br>Hex coord:(108;44),n/a,0,0,0,0,0,0,1,2023-05-31T20:20:28.2663108Z,0
2.22758,103.9452578,Daerah: Johor<br>No:2516<br>Hex coord:(109;44),n/a,0,0,0,0,0,0,1,2023-05-31T20:20:28.9204615Z,0
2.22758,104.0535336,Daerah: Johor<br>No:2517<br>Hex coord:(117;44),n/a,0,0,0,0,0,0,1,2023-05-31T20:20:29.5720887Z,0
2.2198,102.4970689,Daerah: Johor<br>No:2518<br>Hex coord:(2;45),n/a,0,0,0,0,0,0,1,2023-05-31T20:20:30.2314731Z,0
2.21202,102.5106034,Daerah: Johor<br>No:2519<br>Hex coord:(3;45),n/a,0,0,0,0,0,0,1,2023-05-31T20:20:30.8943779Z,0
2.2198,102.5241379,Daerah: Johor<br>No:2520<br>Hex coord:(4;45),n/a,0,0,0,0,0,0,1,2023-05-31T20:20:31.5555007Z,0
2.21202,102.5376724,Daerah: Johor<br>No:2521<br>Hex coord:(5;45),n/a,0,0,0,0,0,0,1,2023-05-31T20:20:32.2153892Z,0
2.2198,102.5512068,Daerah: Johor<br>No:2522<br>Hex coord:(6;45),n/a,0,0,0,0,0,0,1,2023-05-31T20:20:32.8778043Z,0
2.21202,102.5647413,Daerah: Johor<br>No:2523<br>Hex coord:(7;45),n/a,0,0,0,0,0,0,1,2023-05-31T20:20:33.5472593Z,0
2.2198,102.5782758,Daerah: Johor<br>No:2524<br>Hex coord:(8;45),n/a,0,0,0,0,0,0,1,2023-05-31T20:20:34.1955083Z,0
2.21202,102.5918103,Daerah: Johor<br>No:2525<br>Hex coord:(9;45),n/a,0,0,0,0,0,0,1,2023-05-31T20:20:34.8563189Z,0
2.2198,102.6053447,Daerah: Johor<br>No:2526<br>Hex coord:(10;45),n/a,0,0,0,0,0,0,1,2023-05-31T20:20:35.5093115Z,0
2.21202,102.6188792,Daerah: Johor<br>No:2527<br>Hex coord:(11;45),n/a,0,0,0,0,0,1,1,2023-05-31T20:20:36.1686930Z,0
2.2198,102.6324137,Daerah: Johor<br>No:2528<br>Hex coord:(12;45),n/a,0,0,0,0,0,1,1,2023-05-31T20:20:36.8200514Z,0
2.21202,102.6459482,Daerah: Johor<br>No:2529<br>Hex coord:(13;45),n/a,0,0,0,0,0,1,1,2023-05-31T20:20:37.4819306Z,0
2.2198,102.6594826,Daerah: Johor<br>No:2530<br>Hex coord:(14;45),n/a,0,0,0,0,0,1,1,2023-05-31T20:20:38.1409143Z,0
2.21202,102.6730171,Daerah: Johor<br>No:2531<br>Hex coord:(15;45),n/a,0,0,0,0,0,1,1,2023-05-31T20:20:38.7937058Z,0
2.2198,102.6865516,Daerah: Johor<br>No:2532<br>Hex coord:(16;45),n/a,0,0,0,0,0,1,1,2023-05-31T20:20:39.4523481Z,0
2.21202,102.7000861,Daerah: Johor<br>No:2533<br>Hex coord:(17;45),n/a,0,0,0,0,0,1,1,2023-05-31T20:20:40.1189167Z,0
2.2198,102.7136205,Daerah: Johor<br>No:2534<br>Hex coord:(18;45),n/a,0,0,0,0,0,0,1,2023-05-31T20:20:40.7824147Z,0
2.21202,102.727155,Daerah: Johor<br>No:2535<br>Hex coord:(19;45),n/a,0,0,0,0,0,0,1,2023-05-31T20:20:41.4386207Z,0
2.2198,102.7406895,Daerah: Johor<br>No:2536<br>Hex coord:(20;45),n/a,0,0,0,0,0,0,1,2023-05-31T20:20:42.0943964Z,0
2.21202,102.754224,Daerah: Johor<br>No:2537<br>Hex coord:(21;45),n/a,0,0,0,0,0,0,1,2023-05-31T20:20:42.7491374Z,0
2.2198,102.7677584,Daerah: Johor<br>No:2538<br>Hex coord:(22;45),n/a,0,0,0,0,0,0,1,2023-05-31T20:20:43.4158615Z,0
2.21202,102.7812929,Daerah: Johor<br>No:2539<br>Hex coord:(23;45),n/a,0,0,0,0,0,0,1,2023-05-31T20:20:44.0981855Z,0
2.2198,102.7948274,Daerah: Johor<br>No:2540<br>Hex coord:(24;45),n/a,0,0,0,0,0,0,1,2023-05-31T20:20:44.7521747Z,0
2.21202,102.8083619,Daerah: Johor<br>No:2541<br>Hex coord:(25;45),n/a,0,0,0,0,0,0,1,2023-05-31T20:20:45.4076284Z,0
2.2198,102.8218963,Daerah: Johor<br>No:2542<br>Hex coord:(26;45),n/a,0,0,0,0,0,0,1,2023-05-31T20:20:46.0591986Z,0
2.21202,102.8354308,Daerah: Johor<br>No:2543<br>Hex coord:(27;45),n/a,0,0,0,0,0,0,1,2023-05-31T20:20:46.7158495Z,0
2.2198,102.8489653,Daerah: Johor<br>No:2544<br>Hex coord:(28;45),n/a,0,0,0,0,0,0,1,2023-05-31T20:20:47.3687256Z,0
2.21202,102.8624998,Daerah: Johor<br>No:2545<br>Hex coord:(29;45),n/a,0,0,0,0,0,0,1,2023-05-31T20:20:48.0313544Z,0
2.2198,102.8760342,Daerah: Johor<br>No:2546<br>Hex coord:(30;45),n/a,0,0,0,0,0,0,1,2023-05-31T20:20:48.6924606Z,0
2.21202,102.8895687,Daerah: Johor<br>No:2547<br>Hex coord:(31;45),n/a,0,0,0,0,0,0,1,2023-05-31T20:20:49.3455449Z,0
2.2198,102.9031032,Daerah: Johor<br>No:2548<br>Hex coord:(32;45),n/a,0,0,0,0,0,0,1,2023-05-31T20:20:49.9981293Z,0
2.21202,102.9166377,Daerah: Johor<br>No:2549<br>Hex coord:(33;45),n/a,0,0,0,0,0,0,1,2023-05-31T20:20:50.6507022Z,0
2.2198,102.9301721,Daerah: Johor<br>No:2550<br>Hex coord:(34;45),n/a,0,0,0,0,0,0,1,2023-05-31T20:20:51.3102592Z,0
2.21202,102.9437066,Daerah: Johor<br>No:2551<br>Hex coord:(35;45),n/a,0,0,0,0,0,0,1,2023-05-31T20:20:51.9641834Z,0
2.2198,102.9572411,Daerah: Johor<br>No:2552<br>Hex coord:(36;45),n/a,0,0,0,0,0,0,1,2023-05-31T20:20:52.6137041Z,0
2.21202,102.9707756,Daerah: Johor<br>No:2553<br>Hex coord:(37;45),n/a,0,0,0,0,0,0,1,2023-05-31T20:20:53.2680619Z,0
2.2198,102.98431,Daerah: Johor<br>No:2554<br>Hex coord:(38;45),n/a,0,0,0,0,0,0,1,2023-05-31T20:20:53.9246389Z,0
2.21202,102.9978445,Daerah: Johor<br>No:2555<br>Hex coord:(39;45),n/a,0,0,0,0,0,0,1,2023-05-31T20:20:54.5989981Z,0
2.2198,103.011379,Daerah: Johor<br>No:2556<br>Hex coord:(40;45),n/a,0,0,0,0,0,0,1,2023-05-31T20:20:55.2588548Z,0
2.21202,103.0249135,Daerah: Johor<br>No:2557<br>Hex coord:(41;45),n/a,0,0,0,0,0,0,1,2023-05-31T20:20:55.9210593Z,0
2.2198,103.0384479,Daerah: Johor<br>No:2558<br>Hex coord:(42;45),n/a,0,0,0,0,0,0,1,2023-05-31T20:20:56.5843872Z,0
2.21202,103.0519824,Daerah: Johor<br>No:2559<br>Hex coord:(43;45),n/a,0,0,0,0,0,0,1,2023-05-31T20:20:57.2393707Z,0
2.2198,103.0655169,Daerah: Johor<br>No:2560<br>Hex coord:(44;45),n/a,0,0,0,0,0,0,1,2023-05-31T20:20:57.8976144Z,0
2.21202,103.0790514,Daerah: Johor<br>No:2561<br>Hex coord:(45;45),n/a,0,0,0,0,0,0,1,2023-05-31T20:20:58.5560976Z,0
2.2198,103.0925858,Daerah: Johor<br>No:2562<br>Hex coord:(46;45),n/a,0,0,0,0,0,0,1,2023-05-31T20:20:59.2209049Z,0
2.21202,103.1061203,Daerah: Johor<br>No:2563<br>Hex coord:(47;45),n/a,0,0,0,0,0,0,1,2023-05-31T20:20:59.8842597Z,0
2.2198,103.1196548,Daerah: Johor<br>No:2564<br>Hex coord:(48;45),n/a,0,0,0,0,0,0,1,2023-05-31T20:21:00.5335657Z,0
2.21202,103.1331893,Daerah: Johor<br>No:2565<br>Hex coord:(49;45),n/a,0,0,0,0,0,0,1,2023-05-31T20:21:01.1918705Z,0
2.2198,103.1467237,Daerah: Johor<br>No:2566<br>Hex coord:(50;45),n/a,0,0,0,0,0,0,1,2023-05-31T20:21:01.8486582Z,0
2.21202,103.1602582,Daerah: Johor<br>No:2567<br>Hex coord:(51;45),n/a,0,0,0,0,0,0,1,2023-05-31T20:21:02.5062705Z,0
2.2198,103.1737927,Daerah: Johor<br>No:2568<br>Hex coord:(52;45),n/a,0,0,0,0,0,0,1,2023-05-31T20:21:03.1593679Z,0
2.21202,103.1873272,Daerah: Johor<br>No:2569<br>Hex coord:(53;45),n/a,0,0,0,0,0,0,1,2023-05-31T20:21:03.8171314Z,0
2.2198,103.2008616,Daerah: Johor<br>No:2570<br>Hex coord:(54;45),n/a,0,0,0,0,0,0,1,2023-05-31T20:21:04.4695750Z,0
2.21202,103.2143961,Daerah: Johor<br>No:2571<br>Hex coord:(55;45),n/a,0,0,0,0,0,0,1,2023-05-31T20:21:05.1423774Z,0
2.2198,103.2279306,Daerah: Johor<br>No:2572<br>Hex coord:(56;45),n/a,0,0,0,0,0,0,1,2023-05-31T20:21:05.8040445Z,0
2.21202,103.2414651,Daerah: Johor<br>No:2573<br>Hex coord:(57;45),n/a,0,0,0,0,0,0,1,2023-05-31T20:21:06.4629026Z,0
2.2198,103.2549995,Daerah: Johor<br>No:2574<br>Hex coord:(58;45),n/a,0,0,0,0,0,0,1,2023-05-31T20:21:07.1290959Z,0
2.21202,103.268534,Daerah: Johor<br>No:2575<br>Hex coord:(59;45),n/a,0,0,0,0,0,0,1,2023-05-31T20:21:07.7823035Z,0
2.2198,103.2820685,Daerah: Johor<br>No:2576<br>Hex coord:(60;45),n/a,0,0,0,0,0,0,1,2023-05-31T20:21:08.4515511Z,0
2.21202,103.295603,Daerah: Johor<br>No:2577<br>Hex coord:(61;45),n/a,0,0,0,0,0,0,1,2023-05-31T20:21:09.1068296Z,0
2.2198,103.3091374,Daerah: Johor<br>No:2578<br>Hex coord:(62;45),n/a,0,0,0,0,0,0,1,2023-05-31T20:21:09.7718760Z,0
2.21202,103.3226719,Daerah: Johor<br>No:2579<br>Hex coord:(63;45),n/a,0,0,0,0,0,0,1,2023-05-31T20:21:10.4296935Z,0
2.2198,103.3362064,Daerah: Johor<br>No:2580<br>Hex coord:(64;45),n/a,0,0,0,0,0,0,1,2023-05-31T20:21:11.0946541Z,0
2.21202,103.3497409,Daerah: Johor<br>No:2581<br>Hex coord:(65;45),n/a,0,0,0,0,0,0,1,2023-05-31T20:21:11.7519870Z,0
2.2198,103.3632753,Daerah: Johor<br>No:2582<br>Hex coord:(66;45),n/a,0,0,0,0,0,0,1,2023-05-31T20:21:12.4117113Z,0
2.21202,103.3768098,Daerah: Johor<br>No:2583<br>Hex coord:(67;45),n/a,0,0,0,0,0,0,1,2023-05-31T20:21:13.0638696Z,0
2.2198,103.3903443,Daerah: Johor<br>No:2584<br>Hex coord:(68;45),n/a,0,0,0,0,0,0,1,2023-05-31T20:21:13.7208076Z,0
2.21202,103.4038788,Daerah: Johor<br>No:2585<br>Hex coord:(69;45),n/a,0,0,0,0,0,0,1,2023-05-31T20:21:50.4066901Z,0
2.2198,103.4174132,Daerah: Johor<br>No:2586<br>Hex coord:(70;45),n/a,0,0,0,0,0,0,1,2023-05-31T20:21:51.0739511Z,0
2.21202,103.4309477,Daerah: Johor<br>No:2587<br>Hex coord:(71;45),n/a,0,0,0,0,0,0,1,2023-05-31T20:21:51.7293876Z,0
2.2198,103.4444822,Daerah: Johor<br>No:2588<br>Hex coord:(72;45),n/a,0,0,0,0,0,0,1,2023-05-31T20:21:52.4026396Z,0
2.21202,103.4580167,Daerah: Johor<br>No:2589<br>Hex coord:(73;45),n/a,0,0,0,0,0,0,1,2023-05-31T20:21:53.0532219Z,0
2.2198,103.4715511,Daerah: Johor<br>No:2590<br>Hex coord:(74;45),n/a,0,0,0,0,0,0,1,2023-05-31T20:21:53.7119086Z,0
2.21202,103.4850856,Daerah: Johor<br>No:2591<br>Hex coord:(75;45),n/a,0,0,0,0,0,0,1,2023-05-31T20:21:54.3671290Z,0
2.2198,103.4986201,Daerah: Johor<br>No:2592<br>Hex coord:(76;45),n/a,0,0,0,0,0,0,1,2023-05-31T20:21:55.0287949Z,0
2.21202,103.5121546,Daerah: Johor<br>No:2593<br>Hex coord:(77;45),n/a,0,0,0,0,0,0,1,2023-05-31T20:21:55.6922587Z,0
2.2198,103.525689,Daerah: Johor<br>No:2594<br>Hex coord:(78;45),n/a,0,0,0,0,0,0,1,2023-05-31T20:21:56.3700833Z,0
2.21202,103.5392235,Daerah: Johor<br>No:2595<br>Hex coord:(79;45),n/a,0,0,0,0,0,0,1,2023-05-31T20:21:57.0242867Z,0
2.2198,103.552758,Daerah: Johor<br>No:2596<br>Hex coord:(80;45),n/a,0,0,0,0,0,0,1,2023-05-31T20:21:57.6880734Z,0
2.21202,103.5662925,Daerah: Johor<br>No:2597<br>Hex coord:(81;45),n/a,0,0,0,0,0,0,1,2023-05-31T20:21:58.3474865Z,0
2.2198,103.5798269,Daerah: Johor<br>No:2598<br>Hex coord:(82;45),n/a,0,0,0,0,0,0,1,2023-05-31T20:21:59.0103428Z,0
2.21202,103.5933614,Daerah: Johor<br>No:2599<br>Hex coord:(83;45),n/a,0,0,0,0,0,0,1,2023-05-31T20:21:59.6708544Z,0
2.2198,103.6068959,Daerah: Johor<br>No:2600<br>Hex coord:(84;45),n/a,0,0,0,0,0,0,1,2023-05-31T20:22:00.3273221Z,0
2.21202,103.6204304,Daerah: Johor<br>No:2601<br>Hex coord:(85;45),n/a,0,0,0,0,0,0,1,2023-05-31T20:22:00.9811743Z,0
2.2198,103.6339648,Daerah: Johor<br>No:2602<br>Hex coord:(86;45),n/a,0,0,0,0,0,0,1,2023-05-31T20:22:01.6307183Z,0
2.21202,103.6474993,Daerah: Johor<br>No:2603<br>Hex coord:(87;45),n/a,0,0,0,0,0,0,1,2023-05-31T20:22:02.2830564Z,0
2.2198,103.6610338,Daerah: Johor<br>No:2604<br>Hex coord:(88;45),n/a,0,0,0,0,0,0,1,2023-05-31T20:22:02.9381193Z,0
2.21202,103.6745683,Daerah: Johor<br>No:2605<br>Hex coord:(89;45),n/a,0,0,0,0,0,0,1,2023-05-31T20:22:03.5907324Z,0
2.2198,103.6881027,Daerah: Johor<br>No:2606<br>Hex coord:(90;45),n/a,0,0,0,0,0,0,1,2023-05-31T20:22:04.2451411Z,0
2.21202,103.7016372,Daerah: Johor<br>No:2607<br>Hex coord:(91;45),n/a,0,0,0,0,0,0,1,2023-05-31T20:22:04.9114296Z,0
2.2198,103.7151717,Daerah: Johor<br>No:2608<br>Hex coord:(92;45),n/a,0,0,0,0,0,0,1,2023-05-31T20:22:05.5629366Z,0
2.21202,103.7287062,Daerah: Johor<br>No:2609<br>Hex coord:(93;45),n/a,0,0,0,0,0,0,1,2023-05-31T20:22:06.2192465Z,0
2.2198,103.7422406,Daerah: Johor<br>No:2610<br>Hex coord:(94;45),n/a,0,0,0,0,0,0,1,2023-05-31T20:22:06.8677708Z,0
2.21202,103.7557751,Daerah: Johor<br>No:2611<br>Hex coord:(95;45),n/a,0,0,0,0,0,0,1,2023-05-31T20:22:07.5370850Z,0
2.2198,103.7693096,Daerah: Johor<br>No:2612<br>Hex coord:(96;45),n/a,0,0,0,0,0,0,1,2023-05-31T20:22:08.1915815Z,0
2.21202,103.7828441,Daerah: Johor<br>No:2613<br>Hex coord:(97;45),n/a,0,0,0,0,0,0,1,2023-05-31T20:22:08.8469247Z,0
2.2198,103.7963785,Daerah: Johor<br>No:2614<br>Hex coord:(98;45),n/a,0,0,0,0,0,0,1,2023-05-31T20:22:09.4949873Z,0
2.21202,103.809913,Daerah: Johor<br>No:2615<br>Hex coord:(99;45),n/a,0,0,0,0,0,0,1,2023-05-31T20:22:10.1560328Z,0
2.2198,103.8234475,Daerah: Johor<br>No:2616<br>Hex coord:(100;45),n/a,0,0,0,0,0,0,1,2023-05-31T20:22:10.8140186Z,0
2.21202,103.836982,Daerah: Johor<br>No:2617<br>Hex coord:(101;45),n/a,0,0,0,0,0,0,1,2023-05-31T20:22:11.4710782Z,0
2.2198,103.8505164,Daerah: Johor<br>No:2618<br>Hex coord:(102;45),n/a,0,0,0,0,0,0,1,2023-05-31T20:22:12.1207238Z,0
2.21202,103.8640509,Daerah: Johor<br>No:2619<br>Hex coord:(103;45),n/a,0,0,0,0,0,0,1,2023-05-31T20:22:12.7748866Z,0
2.2198,103.8775854,Daerah: Johor<br>No:2620<br>Hex coord:(104;45),n/a,0,0,0,0,0,0,1,2023-05-31T20:22:13.4299125Z,0
2.21202,103.8911199,Daerah: Johor<br>No:2621<br>Hex coord:(105;45),n/a,0,0,0,0,0,0,1,2023-05-31T20:22:14.0952355Z,0
2.2198,103.9046543,Daerah: Johor<br>No:2622<br>Hex coord:(106;45),n/a,0,0,0,0,0,0,1,2023-05-31T20:22:14.7516016Z,0
2.21202,103.9181888,Daerah: Johor<br>No:2623<br>Hex coord:(107;45),n/a,0,0,0,0,0,0,1,2023-05-31T20:22:15.4121399Z,0
2.2198,103.9317233,Daerah: Johor<br>No:2624<br>Hex coord:(108;45),n/a,0,0,0,0,0,0,1,2023-05-31T20:22:16.0671005Z,0
2.21202,103.9452578,Daerah: Johor<br>No:2625<br>Hex coord:(109;45),n/a,0,0,0,0,0,0,1,2023-05-31T20:22:16.7175755Z,0
2.2198,104.067068,Daerah: Johor<br>No:2626<br>Hex coord:(118;45),n/a,0,0,0,0,0,0,1,2023-05-31T20:22:17.3838986Z,0
2.21202,104.0806025,Daerah: Johor<br>No:2627<br>Hex coord:(119;45),n/a,0,0,0,0,0,0,1,2023-05-31T20:22:18.0379298Z,0
2.19646,102.4835345,Daerah: Johor<br>No:2628<br>Hex coord:(1;46),n/a,0,0,0,0,0,0,1,2023-05-31T20:22:18.6978973Z,0
2.20424,102.4970689,Daerah: Johor<br>No:2629<br>Hex coord:(2;46),n/a,0,0,0,0,0,0,1,2023-05-31T20:22:19.3678319Z,0
2.19646,102.5106034,Daerah: Johor<br>No:2630<br>Hex coord:(3;46),n/a,0,0,0,0,0,0,1,2023-05-31T20:22:20.0526716Z,0
2.20424,102.5241379,Daerah: Johor<br>No:2631<br>Hex coord:(4;46),n/a,0,0,0,0,0,0,1,2023-05-31T20:22:20.7174739Z,0
2.19646,102.5376724,Daerah: Johor<br>No:2632<br>Hex coord:(5;46),n/a,0,0,0,0,0,0,1,2023-05-31T20:22:21.3835616Z,0
2.20424,102.5512068,Daerah: Johor<br>No:2633<br>Hex coord:(6;46),n/a,0,0,0,0,0,0,1,2023-05-31T20:22:22.0460482Z,0
2.19646,102.5647413,Daerah: Johor<br>No:2634<br>Hex coord:(7;46),n/a,0,0,0,0,0,0,1,2023-05-31T20:22:22.7090486Z,0
2.20424,102.5782758,Daerah: Johor<br>No:2635<br>Hex coord:(8;46),n/a,0,0,0,0,0,0,1,2023-05-31T20:22:23.3582728Z,0
2.19646,102.5918103,Daerah: Johor<br>No:2636<br>Hex coord:(9;46),n/a,0,0,0,0,0,0,1,2023-05-31T20:22:24.0222104Z,0
2.20424,102.6053447,Daerah: Johor<br>No:2637<br>Hex coord:(10;46),n/a,0,0,0,0,0,0,1,2023-05-31T20:22:24.6866009Z,0
2.19646,102.6188792,Daerah: Johor<br>No:2638<br>Hex coord:(11;46),n/a,0,0,0,0,0,1,1,2023-05-31T20:22:25.3418079Z,0
2.20424,102.6324137,Daerah: Johor<br>No:2639<br>Hex coord:(12;46),n/a,0,0,0,0,0,1,1,2023-05-31T20:22:26.0125899Z,0
2.19646,102.6459482,Daerah: Johor<br>No:2640<br>Hex coord:(13;46),n/a,0,0,0,0,0,1,1,2023-05-31T20:22:26.6803287Z,0
2.20424,102.6594826,Daerah: Johor<br>No:2641<br>Hex coord:(14;46),n/a,0,0,0,0,0,1,1,2023-05-31T20:22:27.3881134Z,0
2.19646,102.6730171,Daerah: Johor<br>No:2642<br>Hex coord:(15;46),n/a,0,0,0,0,0,1,1,2023-05-31T20:22:28.0537585Z,0
2.20424,102.6865516,Daerah: Johor<br>No:2643<br>Hex coord:(16;46),n/a,0,0,0,0,0,1,1,2023-05-31T20:22:28.7138906Z,0
2.19646,102.7000861,Daerah: Johor<br>No:2644<br>Hex coord:(17;46),n/a,0,0,0,0,0,1,1,2023-05-31T20:22:29.3752028Z,0
2.20424,102.7136205,Daerah: Johor<br>No:2645<br>Hex coord:(18;46),n/a,0,0,0,0,0,0,1,2023-05-31T20:22:30.0379210Z,0
2.19646,102.727155,Daerah: Johor<br>No:2646<br>Hex coord:(19;46),n/a,0,0,0,0,0,0,1,2023-05-31T20:22:30.6893870Z,0
2.20424,102.7406895,Daerah: Johor<br>No:2647<br>Hex coord:(20;46),n/a,0,0,0,0,0,0,1,2023-05-31T20:22:31.3446215Z,0
2.19646,102.754224,Daerah: Johor<br>No:2648<br>Hex coord:(21;46),n/a,0,0,0,0,0,0,1,2023-05-31T20:22:31.9964514Z,0
2.20424,102.7677584,Daerah: Johor<br>No:2649<br>Hex coord:(22;46),n/a,0,0,0,0,0,0,1,2023-05-31T20:22:32.6531181Z,0
2.19646,102.7812929,Daerah: Johor<br>No:2650<br>Hex coord:(23;46),n/a,0,0,0,0,0,0,1,2023-05-31T20:22:33.3071208Z,0
2.20424,102.7948274,Daerah: Johor<br>No:2651<br>Hex coord:(24;46),n/a,0,0,0,0,0,0,1,2023-05-31T20:22:33.9652184Z,0
2.19646,102.8083619,Daerah: Johor<br>No:2652<br>Hex coord:(25;46),n/a,0,0,0,0,0,0,1,2023-05-31T20:22:34.6195034Z,0
2.20424,102.8218963,Daerah: Johor<br>No:2653<br>Hex coord:(26;46),n/a,0,0,0,0,0,0,1,2023-05-31T20:22:35.2766991Z,0
2.19646,102.8354308,Daerah: Johor<br>No:2654<br>Hex coord:(27;46),n/a,0,0,0,0,0,0,1,2023-05-31T20:22:35.9417838Z,0
2.20424,102.8489653,Daerah: Johor<br>No:2655<br>Hex coord:(28;46),n/a,0,0,0,0,0,0,1,2023-05-31T20:22:36.5973442Z,0
2.19646,102.8624998,Daerah: Johor<br>No:2656<br>Hex coord:(29;46),n/a,0,0,0,0,0,0,1,2023-05-31T20:22:37.2603940Z,0
2.20424,102.8760342,Daerah: Johor<br>No:2657<br>Hex coord:(30;46),n/a,0,0,0,0,0,0,1,2023-05-31T20:22:37.9207270Z,0
2.19646,102.8895687,Daerah: Johor<br>No:2658<br>Hex coord:(31;46),n/a,0,0,0,0,0,0,1,2023-05-31T20:22:38.5751929Z,0
2.20424,102.9031032,Daerah: Johor<br>No:2659<br>Hex coord:(32;46),n/a,0,0,0,0,0,0,1,2023-05-31T20:22:39.2422410Z,0
2.19646,102.9166377,Daerah: Johor<br>No:2660<br>Hex coord:(33;46),n/a,0,0,0,0,0,0,1,2023-05-31T20:22:39.9140170Z,0
2.20424,102.9301721,Daerah: Johor<br>No:2661<br>Hex coord:(34;46),n/a,0,0,0,0,0,0,1,2023-05-31T20:22:40.5764650Z,0
2.19646,102.9437066,Daerah: Johor<br>No:2662<br>Hex coord:(35;46),n/a,0,0,0,0,0,0,1,2023-05-31T20:22:41.2377927Z,0
2.20424,102.9572411,Daerah: Johor<br>No:2663<br>Hex coord:(36;46),n/a,0,0,0,0,0,0,1,2023-05-31T20:22:41.8927978Z,0
2.19646,102.9707756,Daerah: Johor<br>No:2664<br>Hex coord:(37;46),n/a,0,0,0,0,0,0,1,2023-05-31T20:22:42.5512642Z,0
2.20424,102.98431,Daerah: Johor<br>No:2665<br>Hex coord:(38;46),n/a,0,0,0,0,0,0,1,2023-05-31T20:22:43.2109494Z,0
2.19646,102.9978445,Daerah: Johor<br>No:2666<br>Hex coord:(39;46),n/a,0,0,0,0,0,0,1,2023-05-31T20:22:43.8675029Z,0
2.20424,103.011379,Daerah: Johor<br>No:2667<br>Hex coord:(40;46),n/a,0,0,0,0,0,0,1,2023-05-31T20:22:44.5253794Z,0
2.19646,103.0249135,Daerah: Johor<br>No:2668<br>Hex coord:(41;46),n/a,0,0,0,0,0,0,1,2023-05-31T20:22:45.1866234Z,0
2.20424,103.0384479,Daerah: Johor<br>No:2669<br>Hex coord:(42;46),n/a,0,0,0,0,0,0,1,2023-05-31T20:22:45.8477815Z,0
2.19646,103.0519824,Daerah: Johor<br>No:2670<br>Hex coord:(43;46),n/a,0,0,0,0,0,0,1,2023-05-31T20:22:46.5047062Z,0
2.20424,103.0655169,Daerah: Johor<br>No:2671<br>Hex coord:(44;46),n/a,0,0,0,0,0,0,1,2023-05-31T20:22:47.1598024Z,0
2.19646,103.0790514,Daerah: Johor<br>No:2672<br>Hex coord:(45;46),n/a,0,0,0,0,0,0,1,2023-05-31T20:22:47.8078124Z,0
2.20424,103.0925858,Daerah: Johor<br>No:2673<br>Hex coord:(46;46),n/a,0,0,0,0,0,0,1,2023-05-31T20:22:48.4681605Z,0
2.19646,103.1061203,Daerah: Johor<br>No:2674<br>Hex coord:(47;46),n/a,0,0,0,0,0,0,1,2023-05-31T20:22:49.1272186Z,0
2.20424,103.1196548,Daerah: Johor<br>No:2675<br>Hex coord:(48;46),n/a,0,0,0,0,0,0,1,2023-05-31T20:22:49.7797597Z,0
2.19646,103.1331893,Daerah: Johor<br>No:2676<br>Hex coord:(49;46),n/a,0,0,0,0,0,0,1,2023-05-31T20:22:50.4374977Z,0
2.20424,103.1467237,Daerah: Johor<br>No:2677<br>Hex coord:(50;46),n/a,0,0,0,0,0,0,1,2023-05-31T20:22:51.1112027Z,0
2.19646,103.1602582,Daerah: Johor<br>No:2678<br>Hex coord:(51;46),n/a,0,0,0,0,0,0,1,2023-05-31T20:22:51.7660435Z,0
2.20424,103.1737927,Daerah: Johor<br>No:2679<br>Hex coord:(52;46),n/a,0,0,0,0,0,0,1,2023-05-31T20:22:52.4310080Z,0
2.19646,103.1873272,Daerah: Johor<br>No:2680<br>Hex coord:(53;46),n/a,0,0,0,0,0,0,1,2023-05-31T20:22:53.0875258Z,0
2.20424,103.2008616,Daerah: Johor<br>No:2681<br>Hex coord:(54;46),n/a,0,0,0,0,0,0,1,2023-05-31T20:22:53.7560727Z,0
2.19646,103.2143961,Daerah: Johor<br>No:2682<br>Hex coord:(55;46),n/a,0,0,0,0,0,0,1,2023-05-31T20:22:54.4152578Z,0
2.20424,103.2279306,Daerah: Johor<br>No:2683<br>Hex coord:(56;46),n/a,0,0,0,0,0,0,1,2023-05-31T20:22:55.0741318Z,0
2.19646,103.2414651,Daerah: Johor<br>No:2684<br>Hex coord:(57;46),n/a,0,0,0,0,0,0,1,2023-05-31T20:22:55.7243773Z,0
2.20424,103.2549995,Daerah: Johor<br>No:2685<br>Hex coord:(58;46),n/a,0,0,0,0,0,0,1,2023-05-31T20:22:56.3882694Z,0
2.19646,103.268534,Daerah: Johor<br>No:2686<br>Hex coord:(59;46),n/a,0,0,0,0,0,0,1,2023-05-31T20:22:57.0494029Z,0
2.20424,103.2820685,Daerah: Johor<br>No:2687<br>Hex coord:(60;46),n/a,0,0,0,0,0,0,1,2023-05-31T20:22:57.7036308Z,0
2.19646,103.295603,Daerah: Johor<br>No:2688<br>Hex coord:(61;46),n/a,0,0,0,0,0,0,1,2023-05-31T20:22:58.3621554Z,0
2.20424,103.3091374,Daerah: Johor<br>No:2689<br>Hex coord:(62;46),n/a,0,0,0,0,0,0,1,2023-05-31T20:22:59.0168250Z,0
2.19646,103.3226719,Daerah: Johor<br>No:2690<br>Hex coord:(63;46),n/a,0,0,0,0,0,0,1,2023-05-31T20:22:59.6682390Z,0
2.20424,103.3362064,Daerah: Johor<br>No:2691<br>Hex coord:(64;46),n/a,0,0,0,0,0,0,1,2023-05-31T20:23:00.3298218Z,0
2.19646,103.3497409,Daerah: Johor<br>No:2692<br>Hex coord:(65;46),n/a,0,0,0,0,0,0,1,2023-05-31T20:23:00.9804171Z,0
2.20424,103.3632753,Daerah: Johor<br>No:2693<br>Hex coord:(66;46),n/a,0,0,0,0,0,0,1,2023-05-31T20:23:01.6430643Z,0
2.19646,103.3768098,Daerah: Johor<br>No:2694<br>Hex coord:(67;46),n/a,0,0,0,0,0,0,1,2023-05-31T20:23:02.3075386Z,0
2.20424,103.3903443,Daerah: Johor<br>No:2695<br>Hex coord:(68;46),n/a,0,0,0,0,0,0,1,2023-05-31T20:23:02.9711108Z,0
2.19646,103.4038788,Daerah: Johor<br>No:2696<br>Hex coord:(69;46),n/a,0,0,0,0,0,0,1,2023-05-31T20:23:03.6419259Z,0
2.20424,103.4174132,Daerah: Johor<br>No:2697<br>Hex coord:(70;46),n/a,0,0,0,0,0,0,1,2023-05-31T20:23:04.2926361Z,0
2.19646,103.4309477,Daerah: Johor<br>No:2698<br>Hex coord:(71;46),n/a,0,0,0,0,0,0,1,2023-05-31T20:23:04.9433572Z,0
2.20424,103.4444822,Daerah: Johor<br>No:2699<br>Hex coord:(72;46),n/a,3,0,0,0,0,0,1,2023-05-31T20:23:05.6060356Z,0
2.19646,103.4580167,Daerah: Johor<br>No:2700<br>Hex coord:(73;46),n/a,0,0,0,0,0,0,1,2023-05-31T20:23:06.2626068Z,0
2.20424,103.4715511,Daerah: Johor<br>No:2701<br>Hex coord:(74;46),n/a,0,0,0,0,0,0,1,2023-05-31T20:23:06.9140249Z,0
2.19646,103.4850856,Daerah: Johor<br>No:2702<br>Hex coord:(75;46),n/a,0,0,0,0,0,0,1,2023-05-31T20:23:07.5666947Z,0
2.20424,103.4986201,Daerah: Johor<br>No:2703<br>Hex coord:(76;46),n/a,0,0,0,0,0,0,1,2023-05-31T20:23:08.2246760Z,0
2.19646,103.5121546,Daerah: Johor<br>No:2704<br>Hex coord:(77;46),n/a,0,0,0,0,0,0,1,2023-05-31T20:23:08.8829210Z,0
2.20424,103.525689,Daerah: Johor<br>No:2705<br>Hex coord:(78;46),n/a,1,0,0,0,0,0,1,2023-05-31T20:23:09.5489825Z,0
2.19646,103.5392235,Daerah: Johor<br>No:2706<br>Hex coord:(79;46),n/a,0,0,0,0,0,0,1,2023-05-31T20:23:10.2075814Z,0
2.20424,103.552758,Daerah: Johor<br>No:2707<br>Hex coord:(80;46),n/a,0,0,0,0,0,0,1,2023-05-31T20:23:10.8627667Z,0
2.19646,103.5662925,Daerah: Johor<br>No:2708<br>Hex coord:(81;46),n/a,0,0,0,0,0,0,1,2023-05-31T20:23:11.5131067Z,0
2.20424,103.5798269,Daerah: Johor<br>No:2709<br>Hex coord:(82;46),n/a,0,0,0,0,0,0,1,2023-05-31T20:23:12.1757593Z,0
2.19646,103.5933614,Daerah: Johor<br>No:2710<br>Hex coord:(83;46),n/a,0,0,0,0,0,0,1,2023-05-31T20:23:12.8347143Z,0
2.20424,103.6068959,Daerah: Johor<br>No:2711<br>Hex coord:(84;46),n/a,0,0,0,0,0,0,1,2023-05-31T20:23:13.4934819Z,0
2.19646,103.6204304,Daerah: Johor<br>No:2712<br>Hex coord:(85;46),n/a,0,0,0,0,0,0,1,2023-05-31T20:23:14.1624375Z,0
2.20424,103.6339648,Daerah: Johor<br>No:2713<br>Hex coord:(86;46),n/a,0,0,0,0,0,0,1,2023-05-31T20:23:14.8125870Z,0
2.19646,103.6474993,Daerah: Johor<br>No:2714<br>Hex coord:(87;46),n/a,0,0,0,0,0,0,1,2023-05-31T20:23:15.4640619Z,0
2.20424,103.6610338,Daerah: Johor<br>No:2715<br>Hex coord:(88;46),n/a,0,0,0,0,0,0,1,2023-05-31T20:23:16.1237221Z,0
2.19646,103.6745683,Daerah: Johor<br>No:2716<br>Hex coord:(89;46),n/a,0,0,0,0,0,0,1,2023-05-31T20:23:16.7712220Z,0
2.20424,103.6881027,Daerah: Johor<br>No:2717<br>Hex coord:(90;46),n/a,0,0,0,0,0,0,1,2023-05-31T20:23:17.4278092Z,0
2.19646,103.7016372,Daerah: Johor<br>No:2718<br>Hex coord:(91;46),n/a,0,0,0,0,0,0,1,2023-05-31T20:23:18.0867983Z,0
2.20424,103.7151717,Daerah: Johor<br>No:2719<br>Hex coord:(92;46),n/a,0,0,0,0,0,0,1,2023-05-31T20:23:18.7386459Z,0
2.19646,103.7287062,Daerah: Johor<br>No:2720<br>Hex coord:(93;46),n/a,0,0,0,0,0,0,1,2023-05-31T20:23:19.4035417Z,0
2.20424,103.7422406,Daerah: Johor<br>No:2721<br>Hex coord:(94;46),n/a,0,0,0,0,0,0,1,2023-05-31T20:23:20.0734579Z,0
2.19646,103.7557751,Daerah: Johor<br>No:2722<br>Hex coord:(95;46),n/a,0,0,0,0,0,0,1,2023-05-31T20:23:20.7310377Z,0
2.20424,103.7693096,Daerah: Johor<br>No:2723<br>Hex coord:(96;46),n/a,0,0,0,0,0,0,1,2023-05-31T20:23:21.3825701Z,0
2.19646,103.7828441,Daerah: Johor<br>No:2724<br>Hex coord:(97;46),n/a,0,0,0,0,0,0,1,2023-05-31T20:23:22.0396301Z,0
2.20424,103.7963785,Daerah: Johor<br>No:2725<br>Hex coord:(98;46),n/a,0,0,0,0,0,0,1,2023-05-31T20:23:22.6945553Z,0
2.19646,103.809913,Daerah: Johor<br>No:2726<br>Hex coord:(99;46),n/a,0,0,0,0,0,0,1,2023-05-31T20:23:23.3450848Z,0
2.20424,103.8234475,Daerah: Johor<br>No:2727<br>Hex coord:(100;46),n/a,0,0,0,0,0,0,1,2023-05-31T20:23:23.9952870Z,0
2.19646,103.836982,Daerah: Johor<br>No:2728<br>Hex coord:(101;46),n/a,0,0,0,0,0,0,1,2023-05-31T20:23:24.6518281Z,0
2.20424,103.8505164,Daerah: Johor<br>No:2729<br>Hex coord:(102;46),n/a,0,0,0,0,0,0,1,2023-05-31T20:23:25.3331718Z,0
2.19646,103.8640509,Daerah: Johor<br>No:2730<br>Hex coord:(103;46),n/a,0,0,0,0,0,0,1,2023-05-31T20:23:25.9936566Z,0
2.20424,103.8775854,Daerah: Johor<br>No:2731<br>Hex coord:(104;46),n/a,0,0,0,0,0,0,1,2023-05-31T20:23:26.6488053Z,0
2.19646,103.8911199,Daerah: Johor<br>No:2732<br>Hex coord:(105;46),n/a,0,0,0,0,0,0,1,2023-05-31T20:23:27.3107993Z,0
2.20424,103.9046543,Daerah: Johor<br>No:2733<br>Hex coord:(106;46),n/a,0,0,0,0,0,0,1,2023-05-31T20:23:27.9786867Z,0
2.19646,103.9181888,Daerah: Johor<br>No:2734<br>Hex coord:(107;46),n/a,0,0,0,0,0,0,1,2023-05-31T20:23:28.6343307Z,0
2.20424,103.9317233,Daerah: Johor<br>No:2735<br>Hex coord:(108;46),n/a,0,0,0,0,0,0,1,2023-05-31T20:23:29.2881488Z,0
2.19646,103.9452578,Daerah: Johor<br>No:2736<br>Hex coord:(109;46),n/a,0,0,0,0,0,0,1,2023-05-31T20:23:29.9423012Z,0
2.20424,103.9587922,Daerah: Johor<br>No:2737<br>Hex coord:(110;46),n/a,0,0,0,0,0,0,1,2023-05-31T20:23:30.6011074Z,0
2.1809,102.4835345,Daerah: Johor<br>No:2738<br>Hex coord:(1;47),n/a,0,0,0,0,0,0,1,2023-05-31T20:23:31.2636211Z,0
2.18868,102.4970689,Daerah: Johor<br>No:2739<br>Hex coord:(2;47),n/a,0,0,0,0,0,0,1,2023-05-31T20:23:31.9428326Z,0
2.1809,102.5106034,Daerah: Johor<br>No:2740<br>Hex coord:(3;47),n/a,0,0,0,0,0,0,1,2023-05-31T20:23:32.6089360Z,0
2.18868,102.5241379,Daerah: Johor<br>No:2741<br>Hex coord:(4;47),n/a,0,0,0,0,0,0,1,2023-05-31T20:23:33.2740247Z,0
2.1809,102.5376724,Daerah: Johor<br>No:2742<br>Hex coord:(5;47),n/a,0,0,0,0,0,0,1,2023-05-31T20:23:33.9317677Z,0
2.18868,102.5512068,Daerah: Johor<br>No:2743<br>Hex coord:(6;47),n/a,0,0,0,0,0,0,1,2023-05-31T20:23:34.5869600Z,0
2.1809,102.5647413,Daerah: Johor<br>No:2744<br>Hex coord:(7;47),n/a,0,0,0,0,0,0,1,2023-05-31T20:23:35.2587973Z,0
2.18868,102.5782758,Daerah: Johor<br>No:2745<br>Hex coord:(8;47),n/a,0,0,0,0,0,0,1,2023-05-31T20:23:35.9224033Z,0
2.1809,102.5918103,Daerah: Johor<br>No:2746<br>Hex coord:(9;47),n/a,0,0,0,0,0,0,1,2023-05-31T20:23:36.5792525Z,0
2.18868,102.6053447,Daerah: Johor<br>No:2747<br>Hex coord:(10;47),n/a,0,0,0,0,0,0,1,2023-05-31T20:23:37.2406344Z,0
2.1809,102.6188792,Daerah: Johor<br>No:2748<br>Hex coord:(11;47),n/a,0,0,0,0,0,0,1,2023-05-31T20:23:37.8946175Z,0
2.18868,102.6324137,Daerah: Johor<br>No:2749<br>Hex coord:(12;47),n/a,0,0,0,0,0,1,1,2023-05-31T20:23:38.5533837Z,0
2.1809,102.6459482,Daerah: Johor<br>No:2750<br>Hex coord:(13;47),n/a,0,0,0,0,0,1,1,2023-05-31T20:23:39.2163594Z,0
2.18868,102.6594826,Daerah: Johor<br>No:2751<br>Hex coord:(14;47),n/a,0,0,0,0,0,1,1,2023-05-31T20:23:39.8808037Z,0
2.1809,102.6730171,Daerah: Johor<br>No:2752<br>Hex coord:(15;47),n/a,0,0,0,0,0,1,1,2023-05-31T20:23:40.5360945Z,0
2.18868,102.6865516,Daerah: Johor<br>No:2753<br>Hex coord:(16;47),n/a,0,0,0,0,0,1,1,2023-05-31T20:23:41.1905542Z,0
2.1809,102.7000861,Daerah: Johor<br>No:2754<br>Hex coord:(17;47),n/a,0,0,0,0,0,0,1,2023-05-31T20:23:41.8480270Z,0
2.18868,102.7136205,Daerah: Johor<br>No:2755<br>Hex coord:(18;47),n/a,0,0,0,0,0,0,1,2023-05-31T20:23:42.5056888Z,0
2.1809,102.727155,Daerah: Johor<br>No:2756<br>Hex coord:(19;47),n/a,0,0,0,0,0,0,1,2023-05-31T20:23:43.1679839Z,0
2.18868,102.7406895,Daerah: Johor<br>No:2757<br>Hex coord:(20;47),n/a,0,0,0,0,0,0,1,2023-05-31T20:23:43.8260220Z,0
2.1809,102.754224,Daerah: Johor<br>No:2758<br>Hex coord:(21;47),n/a,0,0,0,0,0,0,1,2023-05-31T20:23:44.4752668Z,0
2.18868,102.7677584,Daerah: Johor<br>No:2759<br>Hex coord:(22;47),n/a,0,0,0,0,0,0,1,2023-05-31T20:23:45.1305818Z,0
2.1809,102.7812929,Daerah: Johor<br>No:2760<br>Hex coord:(23;47),n/a,0,0,0,0,0,0,1,2023-05-31T20:23:45.7871527Z,0
2.18868,102.7948274,Daerah: Johor<br>No:2761<br>Hex coord:(24;47),n/a,0,0,0,0,0,0,1,2023-05-31T20:23:46.4412134Z,0
2.1809,102.8083619,Daerah: Johor<br>No:2762<br>Hex coord:(25;47),n/a,0,0,0,0,0,0,1,2023-05-31T20:23:47.1385574Z,0
2.18868,102.8218963,Daerah: Johor<br>No:2763<br>Hex coord:(26;47),n/a,0,0,0,0,0,0,1,2023-05-31T20:23:47.7874894Z,0
2.1809,102.8354308,Daerah: Johor<br>No:2764<br>Hex coord:(27;47),n/a,0,0,0,0,0,0,1,2023-05-31T20:23:48.4508495Z,0
2.18868,102.8489653,Daerah: Johor<br>No:2765<br>Hex coord:(28;47),n/a,0,0,0,0,0,0,1,2023-05-31T20:23:49.1166441Z,0
2.1809,102.8624998,Daerah: Johor<br>No:2766<br>Hex coord:(29;47),n/a,0,0,0,0,0,0,1,2023-05-31T20:23:49.7762155Z,0
2.18868,102.8760342,Daerah: Johor<br>No:2767<br>Hex coord:(30;47),n/a,0,0,0,0,0,0,1,2023-05-31T20:23:50.4533981Z,0
2.1809,102.8895687,Daerah: Johor<br>No:2768<br>Hex coord:(31;47),n/a,0,0,0,0,0,0,1,2023-05-31T20:23:51.1074904Z,0
2.18868,102.9031032,Daerah: Johor<br>No:2769<br>Hex coord:(32;47),n/a,0,0,0,0,0,0,1,2023-05-31T20:23:51.7567476Z,0
2.1809,102.9166377,Daerah: Johor<br>No:2770<br>Hex coord:(33;47),n/a,0,0,0,0,0,0,1,2023-05-31T20:23:52.4192587Z,0
2.18868,102.9301721,Daerah: Johor<br>No:2771<br>Hex coord:(34;47),n/a,0,0,0,0,0,0,1,2023-05-31T20:23:53.0725683Z,0
2.1809,102.9437066,Daerah: Johor<br>No:2772<br>Hex coord:(35;47),n/a,0,0,0,0,0,0,1,2023-05-31T20:23:53.7394434Z,0
2.18868,102.9572411,Daerah: Johor<br>No:2773<br>Hex coord:(36;47),n/a,0,0,0,0,0,0,1,2023-05-31T20:23:54.3932858Z,0
2.1809,102.9707756,Daerah: Johor<br>No:2774<br>Hex coord:(37;47),n/a,0,0,0,0,0,0,1,2023-05-31T20:23:55.0486641Z,0
2.18868,102.98431,Daerah: Johor<br>No:2775<br>Hex coord:(38;47),n/a,0,0,0,0,0,0,1,2023-05-31T20:23:55.7066422Z,0
2.1809,102.9978445,Daerah: Johor<br>No:2776<br>Hex coord:(39;47),n/a,0,0,0,0,0,0,1,2023-05-31T20:23:56.3533730Z,0
2.18868,103.011379,Daerah: Johor<br>No:2777<br>Hex coord:(40;47),n/a,0,0,0,0,0,0,1,2023-05-31T20:23:57.0208770Z,0
2.1809,103.0249135,Daerah: Johor<br>No:2778<br>Hex coord:(41;47),n/a,0,0,0,0,0,0,1,2023-05-31T20:23:57.6809071Z,0
2.18868,103.0384479,Daerah: Johor<br>No:2779<br>Hex coord:(42;47),n/a,0,0,0,0,0,0,1,2023-05-31T20:23:58.3515833Z,0
2.1809,103.0519824,Daerah: Johor<br>No:2780<br>Hex coord:(43;47),n/a,0,0,0,0,0,0,1,2023-05-31T20:23:59.0016244Z,0
2.18868,103.0655169,Daerah: Johor<br>No:2781<br>Hex coord:(44;47),n/a,0,0,0,0,0,0,1,2023-05-31T20:23:59.6623681Z,0
2.1809,103.0790514,Daerah: Johor<br>No:2782<br>Hex coord:(45;47),n/a,0,0,0,0,0,0,1,2023-05-31T20:24:00.3223506Z,0
2.18868,103.0925858,Daerah: Johor<br>No:2783<br>Hex coord:(46;47),n/a,0,0,0,0,0,0,1,2023-05-31T20:24:00.9826505Z,0
2.1809,103.1061203,Daerah: Johor<br>No:2784<br>Hex coord:(47;47),n/a,0,0,0,0,0,0,1,2023-05-31T20:24:01.6535593Z,0
2.18868,103.1196548,Daerah: Johor<br>No:2785<br>Hex coord:(48;47),n/a,0,0,0,0,0,0,1,2023-05-31T20:24:02.3139911Z,0
2.1809,103.1331893,Daerah: Johor<br>No:2786<br>Hex coord:(49;47),n/a,0,0,0,0,0,0,1,2023-05-31T20:24:02.9656435Z,0
2.18868,103.1467237,Daerah: Johor<br>No:2787<br>Hex coord:(50;47),n/a,0,0,0,0,0,0,1,2023-05-31T20:24:03.6323914Z,0
2.1809,103.1602582,Daerah: Johor<br>No:2788<br>Hex coord:(51;47),n/a,0,0,0,0,0,0,1,2023-05-31T20:24:04.2870380Z,0
2.18868,103.1737927,Daerah: Johor<br>No:2789<br>Hex coord:(52;47),n/a,0,0,0,0,0,0,1,2023-05-31T20:24:04.9395548Z,0
2.1809,103.1873272,Daerah: Johor<br>No:2790<br>Hex coord:(53;47),n/a,0,0,0,0,0,0,1,2023-05-31T20:24:05.5959603Z,0
2.18868,103.2008616,Daerah: Johor<br>No:2791<br>Hex coord:(54;47),n/a,0,0,0,0,0,0,1,2023-05-31T20:24:06.2476937Z,0
2.1809,103.2143961,Daerah: Johor<br>No:2792<br>Hex coord:(55;47),n/a,0,0,0,0,0,0,1,2023-05-31T20:24:06.9028232Z,0
2.18868,103.2279306,Daerah: Johor<br>No:2793<br>Hex coord:(56;47),n/a,0,0,0,0,0,0,1,2023-05-31T20:24:07.5584506Z,0
2.1809,103.2414651,Daerah: Johor<br>No:2794<br>Hex coord:(57;47),n/a,0,0,0,0,0,0,1,2023-05-31T20:24:08.2101343Z,0
2.18868,103.2549995,Daerah: Johor<br>No:2795<br>Hex coord:(58;47),n/a,0,0,0,0,0,0,1,2023-05-31T20:24:08.8607271Z,0
2.1809,103.268534,Daerah: Johor<br>No:2796<br>Hex coord:(59;47),n/a,0,0,0,0,0,0,1,2023-05-31T20:24:09.5168412Z,0
2.18868,103.2820685,Daerah: Johor<br>No:2797<br>Hex coord:(60;47),n/a,0,0,0,0,0,0,1,2023-05-31T20:24:10.1689822Z,0
2.1809,103.295603,Daerah: Johor<br>No:2798<br>Hex coord:(61;47),n/a,0,0,0,0,0,0,1,2023-05-31T20:24:10.8259220Z,0
2.18868,103.3091374,Daerah: Johor<br>No:2799<br>Hex coord:(62;47),n/a,0,0,0,0,0,0,1,2023-05-31T20:24:11.4787885Z,0
2.1809,103.3226719,Daerah: Johor<br>No:2800<br>Hex coord:(63;47),n/a,0,0,0,0,0,0,1,2023-05-31T20:24:12.1434564Z,0
2.18868,103.3362064,Daerah: Johor<br>No:2801<br>Hex coord:(64;47),n/a,0,0,0,0,0,0,1,2023-05-31T20:24:12.7997807Z,0
2.1809,103.3497409,Daerah: Johor<br>No:2802<br>Hex coord:(65;47),n/a,0,0,0,0,0,0,1,2023-05-31T20:24:13.4564772Z,0
2.18868,103.3632753,Daerah: Johor<br>No:2803<br>Hex coord:(66;47),n/a,0,0,0,0,0,0,1,2023-05-31T20:24:14.1054475Z,0
2.1809,103.3768098,Daerah: Johor<br>No:2804<br>Hex coord:(67;47),n/a,0,0,0,0,0,0,1,2023-05-31T20:24:14.7588662Z,0
2.18868,103.3903443,Daerah: Johor<br>No:2805<br>Hex coord:(68;47),n/a,0,0,0,0,0,0,1,2023-05-31T20:24:15.4176779Z,0
2.1809,103.4038788,Daerah: Johor<br>No:2806<br>Hex coord:(69;47),n/a,0,0,0,0,0,0,1,2023-05-31T20:24:16.0778784Z,0
2.18868,103.4174132,Daerah: Johor<br>No:2807<br>Hex coord:(70;47),n/a,0,0,0,0,0,0,1,2023-05-31T20:24:16.7418220Z,0
2.1809,103.4309477,Daerah: Johor<br>No:2808<br>Hex coord:(71;47),n/a,0,0,0,0,0,0,1,2023-05-31T20:24:17.4031453Z,0
2.18868,103.4444822,Daerah: Johor<br>No:2809<br>Hex coord:(72;47),n/a,0,0,0,0,0,0,1,2023-05-31T20:24:18.0589281Z,0
2.1809,103.4580167,Daerah: Johor<br>No:2810<br>Hex coord:(73;47),n/a,0,0,0,0,0,0,1,2023-05-31T20:24:18.7097648Z,0
2.18868,103.4715511,Daerah: Johor<br>No:2811<br>Hex coord:(74;47),n/a,0,0,0,0,0,0,1,2023-05-31T20:24:19.3627506Z,0
2.1809,103.4850856,Daerah: Johor<br>No:2812<br>Hex coord:(75;47),n/a,0,0,0,0,0,0,1,2023-05-31T20:24:20.0205036Z,0
2.18868,103.4986201,Daerah: Johor<br>No:2813<br>Hex coord:(76;47),n/a,0,0,0,0,0,0,1,2023-05-31T20:24:20.6961977Z,0
2.1809,103.5121546,Daerah: Johor<br>No:2814<br>Hex coord:(77;47),n/a,0,0,0,0,0,0,1,2023-05-31T20:24:21.3537155Z,0
2.18868,103.525689,Daerah: Johor<br>No:2815<br>Hex coord:(78;47),n/a,0,0,0,0,0,0,1,2023-05-31T20:24:22.0251050Z,0
2.1809,103.5392235,Daerah: Johor<br>No:2816<br>Hex coord:(79;47),n/a,0,0,0,0,0,0,1,2023-05-31T20:24:22.6738433Z,0
2.18868,103.552758,Daerah: Johor<br>No:2817<br>Hex coord:(80;47),n/a,0,0,0,0,0,0,1,2023-05-31T20:24:23.3389837Z,0
2.1809,103.5662925,Daerah: Johor<br>No:2818<br>Hex coord:(81;47),n/a,0,0,0,0,0,0,1,2023-05-31T20:24:24.0014461Z,0
2.18868,103.5798269,Daerah: Johor<br>No:2819<br>Hex coord:(82;47),n/a,0,0,0,0,0,0,1,2023-05-31T20:24:24.6580921Z,0
2.1809,103.5933614,Daerah: Johor<br>No:2820<br>Hex coord:(83;47),n/a,0,0,0,0,0,0,1,2023-05-31T20:24:25.3142501Z,0
2.18868,103.6068959,Daerah: Johor<br>No:2821<br>Hex coord:(84;47),n/a,0,0,0,0,0,0,1,2023-05-31T20:24:25.9754615Z,0
2.1809,103.6204304,Daerah: Johor<br>No:2822<br>Hex coord:(85;47),n/a,0,0,0,0,0,0,1,2023-05-31T20:24:26.6309483Z,0
2.18868,103.6339648,Daerah: Johor<br>No:2823<br>Hex coord:(86;47),n/a,0,0,0,0,0,0,1,2023-05-31T20:24:27.2830781Z,0
2.1809,103.6474993,Daerah: Johor<br>No:2824<br>Hex coord:(87;47),n/a,0,0,0,0,0,0,1,2023-05-31T20:24:27.9356640Z,0
2.18868,103.6610338,Daerah: Johor<br>No:2825<br>Hex coord:(88;47),n/a,0,0,0,0,0,0,1,2023-05-31T20:24:28.5923079Z,0
2.1809,103.6745683,Daerah: Johor<br>No:2826<br>Hex coord:(89;47),n/a,0,0,0,0,0,0,1,2023-05-31T20:24:29.2476642Z,0
2.18868,103.6881027,Daerah: Johor<br>No:2827<br>Hex coord:(90;47),n/a,0,0,0,0,0,0,1,2023-05-31T20:24:29.9078546Z,0
2.1809,103.7016372,Daerah: Johor<br>No:2828<br>Hex coord:(91;47),n/a,0,0,0,0,0,0,1,2023-05-31T20:24:30.5774582Z,0
2.18868,103.7151717,Daerah: Johor<br>No:2829<br>Hex coord:(92;47),n/a,0,0,0,0,0,0,1,2023-05-31T20:24:31.2326878Z,0
2.1809,103.7287062,Daerah: Johor<br>No:2830<br>Hex coord:(93;47),n/a,0,0,0,0,0,0,1,2023-05-31T20:24:31.8863234Z,0
2.18868,103.7422406,Daerah: Johor<br>No:2831<br>Hex coord:(94;47),n/a,0,0,0,0,0,0,1,2023-05-31T20:24:32.5359288Z,0
2.1809,103.7557751,Daerah: Johor<br>No:2832<br>Hex coord:(95;47),n/a,0,0,0,0,0,0,1,2023-05-31T20:24:33.1942809Z,0
2.18868,103.7693096,Daerah: Johor<br>No:2833<br>Hex coord:(96;47),n/a,0,0,0,0,0,0,1,2023-05-31T20:24:33.8503699Z,0
2.1809,103.7828441,Daerah: Johor<br>No:2834<br>Hex coord:(97;47),n/a,0,0,0,0,0,0,1,2023-05-31T20:24:34.4954757Z,0
2.18868,103.7963785,Daerah: Johor<br>No:2835<br>Hex coord:(98;47),n/a,0,0,0,0,0,0,1,2023-05-31T20:24:35.1822307Z,0
2.1809,103.809913,Daerah: Johor<br>No:2836<br>Hex coord:(99;47),n/a,0,0,0,0,0,0,1,2023-05-31T20:24:35.8570696Z,0
2.18868,103.8234475,Daerah: Johor<br>No:2837<br>Hex coord:(100;47),n/a,0,0,0,0,0,0,1,2023-05-31T20:24:36.5086488Z,0
2.1809,103.836982,Daerah: Johor<br>No:2838<br>Hex coord:(101;47),n/a,0,0,0,0,0,0,1,2023-05-31T20:24:37.1677504Z,0
2.18868,103.8505164,Daerah: Johor<br>No:2839<br>Hex coord:(102;47),n/a,0,0,0,0,0,0,1,2023-05-31T20:24:37.8193563Z,0
2.1809,103.8640509,Daerah: Johor<br>No:2840<br>Hex coord:(103;47),n/a,0,0,0,0,0,0,1,2023-05-31T20:24:38.4744131Z,0
2.18868,103.8775854,Daerah: Johor<br>No:2841<br>Hex coord:(104;47),n/a,0,0,0,0,0,0,1,2023-05-31T20:24:39.1228426Z,0
2.1809,103.8911199,Daerah: Johor<br>No:2842<br>Hex coord:(105;47),n/a,0,0,0,0,0,0,1,2023-05-31T20:24:39.7759748Z,0
2.18868,103.9046543,Daerah: Johor<br>No:2843<br>Hex coord:(106;47),n/a,0,0,0,0,0,0,1,2023-05-31T20:24:40.4333687Z,0
2.1809,103.9181888,Daerah: Johor<br>No:2844<br>Hex coord:(107;47),n/a,0,0,0,0,0,0,1,2023-05-31T20:24:41.0830259Z,0
2.18868,103.9317233,Daerah: Johor<br>No:2845<br>Hex coord:(108;47),n/a,0,0,0,0,0,0,1,2023-05-31T20:24:41.7334266Z,0
2.1809,103.9452578,Daerah: Johor<br>No:2846<br>Hex coord:(109;47),n/a,0,0,0,0,0,0,1,2023-05-31T20:24:42.3816549Z,0
2.18868,103.9587922,Daerah: Johor<br>No:2847<br>Hex coord:(110;47),n/a,0,0,0,0,0,0,1,2023-05-31T20:24:43.0407328Z,0
2.1809,103.9723267,Daerah: Johor<br>No:2848<br>Hex coord:(111;47),n/a,0,0,0,0,0,0,1,2023-05-31T20:24:43.6924232Z,0
2.17312,102.5241379,Daerah: Johor<br>No:2849<br>Hex coord:(4;48),n/a,0,0,0,0,0,0,1,2023-05-31T20:24:44.3503487Z,0
2.16534,102.5376724,Daerah: Johor<br>No:2850<br>Hex coord:(5;48),n/a,0,0,0,0,0,0,1,2023-05-31T20:24:45.0092255Z,0
2.17312,102.5512068,Daerah: Johor<br>No:2851<br>Hex coord:(6;48),n/a,0,0,0,0,0,0,1,2023-05-31T20:24:45.6669547Z,0
2.16534,102.5647413,Daerah: Johor<br>No:2852<br>Hex coord:(7;48),n/a,0,0,0,0,0,0,1,2023-05-31T20:24:46.3351531Z,0
2.17312,102.5782758,Daerah: Johor<br>No:2853<br>Hex coord:(8;48),n/a,0,0,0,0,0,0,1,2023-05-31T20:24:46.9990551Z,0
2.16534,102.5918103,Daerah: Johor<br>No:2854<br>Hex coord:(9;48),n/a,0,0,0,0,0,0,1,2023-05-31T20:24:47.6637094Z,0
2.17312,102.6053447,Daerah: Johor<br>No:2855<br>Hex coord:(10;48),n/a,0,0,0,0,0,0,1,2023-05-31T20:24:48.3225699Z,1
2.16534,102.6188792,Daerah: Johor<br>No:2856<br>Hex coord:(11;48),n/a,0,0,0,0,0,0,1,2023-05-31T20:25:25.1040717Z,0
2.17312,102.6324137,Daerah: Johor<br>No:2857<br>Hex coord:(12;48),n/a,0,0,0,0,0,1,1,2023-05-31T20:25:25.7747322Z,0
2.16534,102.6459482,Daerah: Johor<br>No:2858<br>Hex coord:(13;48),n/a,0,0,0,0,0,1,1,2023-05-31T20:25:26.4297048Z,0
2.17312,102.6594826,Daerah: Johor<br>No:2859<br>Hex coord:(14;48),n/a,0,0,0,0,0,1,1,2023-05-31T20:25:27.0849472Z,0
2.16534,102.6730171,Daerah: Johor<br>No:2860<br>Hex coord:(15;48),n/a,0,0,0,0,0,1,1,2023-05-31T20:25:27.7427042Z,0
2.17312,102.6865516,Daerah: Johor<br>No:2861<br>Hex coord:(16;48),n/a,0,0,0,0,0,1,1,2023-05-31T20:25:28.3945229Z,0
2.16534,102.7000861,Daerah: Johor<br>No:2862<br>Hex coord:(17;48),n/a,0,0,0,0,0,0,1,2023-05-31T20:25:29.0568038Z,0
2.17312,102.7136205,Daerah: Johor<br>No:2863<br>Hex coord:(18;48),n/a,0,0,0,0,0,0,1,2023-05-31T20:25:29.7184252Z,0
2.16534,102.727155,Daerah: Johor<br>No:2864<br>Hex coord:(19;48),n/a,0,0,0,0,0,0,1,2023-05-31T20:25:30.3711550Z,0
2.17312,102.7406895,Daerah: Johor<br>No:2865<br>Hex coord:(20;48),n/a,0,0,0,0,0,0,1,2023-05-31T20:25:31.0253384Z,0
2.16534,102.754224,Daerah: Johor<br>No:2866<br>Hex coord:(21;48),n/a,0,0,0,0,0,0,1,2023-05-31T20:25:31.6854007Z,1
2.17312,102.7677584,Daerah: Johor<br>No:2867<br>Hex coord:(22;48),n/a,0,0,0,0,0,0,1,2023-05-31T20:25:32.3465754Z,0
2.16534,102.7812929,Daerah: Johor<br>No:2868<br>Hex coord:(23;48),n/a,0,0,0,0,0,0,1,2023-05-31T20:25:33.0127595Z,0
2.17312,102.7948274,Daerah: Johor<br>No:2869<br>Hex coord:(24;48),n/a,0,0,0,0,0,0,1,2023-05-31T20:25:33.6623115Z,0
2.16534,102.8083619,Daerah: Johor<br>No:2870<br>Hex coord:(25;48),n/a,0,0,0,0,0,0,1,2023-05-31T20:25:34.3174446Z,0
2.17312,102.8218963,Daerah: Johor<br>No:2871<br>Hex coord:(26;48),n/a,0,0,0,0,0,0,1,2023-05-31T20:25:34.9584386Z,0
2.16534,102.8354308,Daerah: Johor<br>No:2872<br>Hex coord:(27;48),n/a,0,0,0,0,0,0,1,2023-05-31T20:25:35.6211876Z,0
2.17312,102.8489653,Daerah: Johor<br>No:2873<br>Hex coord:(28;48),n/a,0,0,0,0,0,0,1,2023-05-31T20:25:36.2791258Z,0
2.16534,102.8624998,Daerah: Johor<br>No:2874<br>Hex coord:(29;48),n/a,0,0,0,0,0,0,1,2023-05-31T20:25:36.9353459Z,0
2.17312,102.8760342,Daerah: Johor<br>No:2875<br>Hex coord:(30;48),n/a,0,0,0,0,0,0,1,2023-05-31T20:25:37.5870106Z,0
2.16534,102.8895687,Daerah: Johor<br>No:2876<br>Hex coord:(31;48),n/a,0,0,0,0,0,0,1,2023-05-31T20:25:38.2474664Z,0
2.17312,102.9031032,Daerah: Johor<br>No:2877<br>Hex coord:(32;48),n/a,0,0,0,0,0,0,1,2023-05-31T20:25:38.9095802Z,0
2.16534,102.9166377,Daerah: Johor<br>No:2878<br>Hex coord:(33;48),n/a,0,0,0,0,0,0,1,2023-05-31T20:25:39.5662707Z,0
2.17312,102.9301721,Daerah: Johor<br>No:2879<br>Hex coord:(34;48),n/a,0,0,0,0,0,0,1,2023-05-31T20:25:40.2153731Z,0
2.16534,102.9437066,Daerah: Johor<br>No:2880<br>Hex coord:(35;48),n/a,0,0,0,0,0,0,1,2023-05-31T20:25:40.8852341Z,0
2.17312,102.9572411,Daerah: Johor<br>No:2881<br>Hex coord:(36;48),n/a,0,0,0,0,0,0,1,2023-05-31T20:25:41.5369886Z,0
2.16534,102.9707756,Daerah: Johor<br>No:2882<br>Hex coord:(37;48),n/a,0,0,0,0,0,0,1,2023-05-31T20:25:42.1935640Z,0
2.17312,102.98431,Daerah: Johor<br>No:2883<br>Hex coord:(38;48),n/a,0,0,0,0,0,0,1,2023-05-31T20:25:42.8476803Z,0
2.16534,102.9978445,Daerah: Johor<br>No:2884<br>Hex coord:(39;48),n/a,0,0,0,0,0,0,1,2023-05-31T20:25:43.5111613Z,0
2.17312,103.011379,Daerah: Johor<br>No:2885<br>Hex coord:(40;48),n/a,0,0,0,0,0,0,1,2023-05-31T20:25:44.1784886Z,0
2.16534,103.0249135,Daerah: Johor<br>No:2886<br>Hex coord:(41;48),n/a,0,0,0,0,0,0,1,2023-05-31T20:25:44.8338375Z,0
2.17312,103.0384479,Daerah: Johor<br>No:2887<br>Hex coord:(42;48),n/a,0,0,0,0,0,0,1,2023-05-31T20:25:45.4878890Z,0
2.16534,103.0519824,Daerah: Johor<br>No:2888<br>Hex coord:(43;48),n/a,0,0,0,0,0,0,1,2023-05-31T20:25:46.1423781Z,0
2.17312,103.0655169,Daerah: Johor<br>No:2889<br>Hex coord:(44;48),n/a,0,0,0,0,0,0,1,2023-05-31T20:25:46.7981108Z,0
2.16534,103.0790514,Daerah: Johor<br>No:2890<br>Hex coord:(45;48),n/a,0,0,0,0,0,0,1,2023-05-31T20:25:47.4456102Z,0
2.17312,103.0925858,Daerah: Johor<br>No:2891<br>Hex coord:(46;48),n/a,0,0,0,0,0,0,1,2023-05-31T20:25:48.1172588Z,0
2.16534,103.1061203,Daerah: Johor<br>No:2892<br>Hex coord:(47;48),n/a,0,0,0,0,0,0,1,2023-05-31T20:25:48.7910066Z,0
2.17312,103.1196548,Daerah: Johor<br>No:2893<br>Hex coord:(48;48),n/a,0,0,0,0,0,0,1,2023-05-31T20:25:49.4556795Z,0
2.16534,103.1331893,Daerah: Johor<br>No:2894<br>Hex coord:(49;48),n/a,0,0,0,0,0,0,1,2023-05-31T20:25:50.1326240Z,0
2.17312,103.1467237,Daerah: Johor<br>No:2895<br>Hex coord:(50;48),n/a,0,0,0,0,0,0,1,2023-05-31T20:25:50.7855951Z,0
2.16534,103.1602582,Daerah: Johor<br>No:2896<br>Hex coord:(51;48),n/a,0,0,0,0,0,0,1,2023-05-31T20:25:51.4407637Z,0
2.17312,103.1737927,Daerah: Johor<br>No:2897<br>Hex coord:(52;48),n/a,0,0,0,0,0,0,1,2023-05-31T20:25:52.1023191Z,0
2.16534,103.1873272,Daerah: Johor<br>No:2898<br>Hex coord:(53;48),n/a,0,0,0,0,0,0,1,2023-05-31T20:25:52.7563670Z,0
2.17312,103.2008616,Daerah: Johor<br>No:2899<br>Hex coord:(54;48),n/a,0,0,0,0,0,0,1,2023-05-31T20:25:53.4153663Z,0
2.16534,103.2143961,Daerah: Johor<br>No:2900<br>Hex coord:(55;48),n/a,0,0,0,0,0,0,1,2023-05-31T20:25:54.0686838Z,0
2.17312,103.2279306,Daerah: Johor<br>No:2901<br>Hex coord:(56;48),n/a,0,0,0,0,0,0,1,2023-05-31T20:25:54.7222366Z,0
2.16534,103.2414651,Daerah: Johor<br>No:2902<br>Hex coord:(57;48),n/a,0,0,0,0,0,0,1,2023-05-31T20:25:55.3836819Z,0
2.17312,103.2549995,Daerah: Johor<br>No:2903<br>Hex coord:(58;48),n/a,0,0,0,0,0,0,1,2023-05-31T20:25:56.0770521Z,0
2.16534,103.268534,Daerah: Johor<br>No:2904<br>Hex coord:(59;48),n/a,0,0,0,0,0,0,1,2023-05-31T20:25:56.7264312Z,0
2.17312,103.2820685,Daerah: Johor<br>No:2905<br>Hex coord:(60;48),n/a,0,0,0,0,0,0,1,2023-05-31T20:25:57.3822547Z,0
2.16534,103.295603,Daerah: Johor<br>No:2906<br>Hex coord:(61;48),n/a,0,0,0,0,0,0,1,2023-05-31T20:25:58.0393650Z,0
2.17312,103.3091374,Daerah: Johor<br>No:2907<br>Hex coord:(62;48),n/a,0,0,0,0,0,0,1,2023-05-31T20:25:58.6960863Z,0
2.16534,103.3226719,Daerah: Johor<br>No:2908<br>Hex coord:(63;48),n/a,0,0,0,0,0,0,1,2023-05-31T20:25:59.3536503Z,0
2.17312,103.3362064,Daerah: Johor<br>No:2909<br>Hex coord:(64;48),n/a,0,0,0,0,0,0,1,2023-05-31T20:26:00.0065906Z,0
2.16534,103.3497409,Daerah: Johor<br>No:2910<br>Hex coord:(65;48),n/a,0,0,0,0,0,0,1,2023-05-31T20:26:00.6583727Z,0
2.17312,103.3632753,Daerah: Johor<br>No:2911<br>Hex coord:(66;48),n/a,0,0,0,0,0,0,1,2023-05-31T20:26:01.3249523Z,0
2.16534,103.3768098,Daerah: Johor<br>No:2912<br>Hex coord:(67;48),n/a,0,0,0,0,0,0,1,2023-05-31T20:26:02.0170287Z,0
2.17312,103.3903443,Daerah: Johor<br>No:2913<br>Hex coord:(68;48),n/a,0,0,0,0,0,0,1,2023-05-31T20:26:02.6675689Z,0
2.16534,103.4038788,Daerah: Johor<br>No:2914<br>Hex coord:(69;48),n/a,0,0,0,0,0,0,1,2023-05-31T20:26:03.3227271Z,0
2.17312,103.4174132,Daerah: Johor<br>No:2915<br>Hex coord:(70;48),n/a,0,0,0,0,0,0,1,2023-05-31T20:26:03.9781501Z,0
2.16534,103.4309477,Daerah: Johor<br>No:2916<br>Hex coord:(71;48),n/a,0,0,0,0,0,0,1,2023-05-31T20:26:04.6370727Z,0
2.17312,103.4444822,Daerah: Johor<br>No:2917<br>Hex coord:(72;48),n/a,0,0,0,0,0,0,1,2023-05-31T20:26:05.2964637Z,0
2.16534,103.4580167,Daerah: Johor<br>No:2918<br>Hex coord:(73;48),n/a,0,0,0,0,0,0,1,2023-05-31T20:26:05.9523696Z,0
2.17312,103.4715511,Daerah: Johor<br>No:2919<br>Hex coord:(74;48),n/a,0,0,0,0,0,0,1,2023-05-31T20:26:06.6124143Z,0
2.16534,103.4850856,Daerah: Johor<br>No:2920<br>Hex coord:(75;48),n/a,0,0,0,0,0,0,1,2023-05-31T20:26:07.2842131Z,0
2.17312,103.4986201,Daerah: Johor<br>No:2921<br>Hex coord:(76;48),n/a,0,0,0,0,0,0,1,2023-05-31T20:26:07.9424630Z,0
2.16534,103.5121546,Daerah: Johor<br>No:2922<br>Hex coord:(77;48),n/a,0,0,0,0,0,0,1,2023-05-31T20:26:08.6047304Z,0
2.17312,103.525689,Daerah: Johor<br>No:2923<br>Hex coord:(78;48),n/a,0,0,0,0,0,0,1,2023-05-31T20:26:09.2824687Z,0
2.16534,103.5392235,Daerah: Johor<br>No:2924<br>Hex coord:(79;48),n/a,0,0,0,0,0,0,1,2023-05-31T20:26:09.9450891Z,0
2.17312,103.552758,Daerah: Johor<br>No:2925<br>Hex coord:(80;48),n/a,0,0,0,0,0,0,1,2023-05-31T20:26:10.6030756Z,0
2.16534,103.5662925,Daerah: Johor<br>No:2926<br>Hex coord:(81;48),n/a,0,0,0,0,0,0,1,2023-05-31T20:26:11.2723117Z,0
2.17312,103.5798269,Daerah: Johor<br>No:2927<br>Hex coord:(82;48),n/a,0,0,0,0,0,0,1,2023-05-31T20:26:11.9252854Z,0
2.16534,103.5933614,Daerah: Johor<br>No:2928<br>Hex coord:(83;48),n/a,0,0,0,0,0,0,1,2023-05-31T20:26:12.5797659Z,0
2.17312,103.6068959,Daerah: Johor<br>No:2929<br>Hex coord:(84;48),n/a,0,0,0,0,0,0,1,2023-05-31T20:26:13.2336449Z,0
2.16534,103.6204304,Daerah: Johor<br>No:2930<br>Hex coord:(85;48),n/a,0,0,0,0,0,0,1,2023-05-31T20:26:13.8852315Z,0
2.17312,103.6339648,Daerah: Johor<br>No:2931<br>Hex coord:(86;48),n/a,0,0,0,0,0,0,1,2023-05-31T20:26:14.5395337Z,0
2.16534,103.6474993,Daerah: Johor<br>No:2932<br>Hex coord:(87;48),n/a,0,0,0,0,0,0,1,2023-05-31T20:26:15.1987659Z,0
2.17312,103.6610338,Daerah: Johor<br>No:2933<br>Hex coord:(88;48),n/a,0,0,0,0,0,0,1,2023-05-31T20:26:15.8562461Z,0
2.16534,103.6745683,Daerah: Johor<br>No:2934<br>Hex coord:(89;48),n/a,0,0,0,0,0,0,1,2023-05-31T20:26:16.5128488Z,0
2.17312,103.6881027,Daerah: Johor<br>No:2935<br>Hex coord:(90;48),n/a,0,0,0,0,0,0,1,2023-05-31T20:26:17.1707437Z,0
2.16534,103.7016372,Daerah: Johor<br>No:2936<br>Hex coord:(91;48),n/a,0,0,0,0,0,0,1,2023-05-31T20:26:17.8261502Z,0
2.17312,103.7151717,Daerah: Johor<br>No:2937<br>Hex coord:(92;48),n/a,0,0,0,0,0,0,1,2023-05-31T20:26:18.4871224Z,0
2.16534,103.7287062,Daerah: Johor<br>No:2938<br>Hex coord:(93;48),n/a,0,0,0,0,0,0,1,2023-05-31T20:26:19.1461469Z,0
2.17312,103.7422406,Daerah: Johor<br>No:2939<br>Hex coord:(94;48),n/a,0,0,0,0,0,0,1,2023-05-31T20:26:19.7951107Z,0
2.16534,103.7557751,Daerah: Johor<br>No:2940<br>Hex coord:(95;48),n/a,0,0,0,0,0,0,1,2023-05-31T20:26:20.4565958Z,0
2.17312,103.7693096,Daerah: Johor<br>No:2941<br>Hex coord:(96;48),n/a,0,0,0,0,0,0,1,2023-05-31T20:26:21.1097148Z,0
2.16534,103.7828441,Daerah: Johor<br>No:2942<br>Hex coord:(97;48),n/a,0,0,0,0,0,0,1,2023-05-31T20:26:21.7624224Z,0
2.17312,103.7963785,Daerah: Johor<br>No:2943<br>Hex coord:(98;48),n/a,0,0,0,0,0,0,1,2023-05-31T20:26:22.4111093Z,0
2.16534,103.809913,Daerah: Johor<br>No:2944<br>Hex coord:(99;48),n/a,0,0,0,0,0,0,1,2023-05-31T20:26:23.0720003Z,0
2.17312,103.8234475,Daerah: Johor<br>No:2945<br>Hex coord:(100;48),n/a,0,0,0,0,0,0,1,2023-05-31T20:26:23.7200380Z,0
2.16534,103.836982,Daerah: Johor<br>No:2946<br>Hex coord:(101;48),n/a,0,0,0,0,0,0,1,2023-05-31T20:26:24.3754557Z,0
2.17312,103.8505164,Daerah: Johor<br>No:2947<br>Hex coord:(102;48),n/a,0,0,0,0,0,0,1,2023-05-31T20:26:25.0296933Z,0
2.16534,103.8640509,Daerah: Johor<br>No:2948<br>Hex coord:(103;48),n/a,0,0,0,0,0,0,1,2023-05-31T20:26:25.6887138Z,0
2.17312,103.8775854,Daerah: Johor<br>No:2949<br>Hex coord:(104;48),n/a,0,0,0,0,0,0,1,2023-05-31T20:26:26.3402213Z,0
2.16534,103.8911199,Daerah: Johor<br>No:2950<br>Hex coord:(105;48),n/a,0,0,0,0,0,0,1,2023-05-31T20:26:26.9992083Z,0
2.17312,103.9046543,Daerah: Johor<br>No:2951<br>Hex coord:(106;48),n/a,0,0,0,0,0,0,1,2023-05-31T20:26:27.6594365Z,0
2.16534,103.9181888,Daerah: Johor<br>No:2952<br>Hex coord:(107;48),n/a,0,0,0,0,0,0,1,2023-05-31T20:26:28.3111691Z,0
2.17312,103.9317233,Daerah: Johor<br>No:2953<br>Hex coord:(108;48),n/a,0,0,0,0,0,0,1,2023-05-31T20:26:28.9579713Z,0
2.16534,103.9452578,Daerah: Johor<br>No:2954<br>Hex coord:(109;48),n/a,0,0,0,0,0,0,1,2023-05-31T20:26:29.6125946Z,0
2.17312,103.9587922,Daerah: Johor<br>No:2955<br>Hex coord:(110;48),n/a,0,0,0,0,0,0,1,2023-05-31T20:26:30.2818857Z,0
2.16534,103.9723267,Daerah: Johor<br>No:2956<br>Hex coord:(111;48),n/a,0,0,0,0,0,0,1,2023-05-31T20:26:30.9336508Z,0
2.14978,102.5376724,Daerah: Johor<br>No:2957<br>Hex coord:(5;49),n/a,0,0,0,0,0,0,1,2023-05-31T20:26:31.6116874Z,0
2.15756,102.5512068,Daerah: Johor<br>No:2958<br>Hex coord:(6;49),n/a,0,0,0,0,0,0,1,2023-05-31T20:26:32.2681538Z,0
2.14978,102.5647413,Daerah: Johor<br>No:2959<br>Hex coord:(7;49),n/a,0,0,0,0,0,0,1,2023-05-31T20:26:32.9389162Z,0
2.15756,102.5782758,Daerah: Johor<br>No:2960<br>Hex coord:(8;49),n/a,0,0,0,0,0,0,1,2023-05-31T20:26:33.5957181Z,0
2.14978,102.5918103,Daerah: Johor<br>No:2961<br>Hex coord:(9;49),n/a,0,0,0,0,0,0,1,2023-05-31T20:26:34.2484915Z,0
2.15756,102.6053447,Daerah: Johor<br>No:2962<br>Hex coord:(10;49),n/a,0,0,0,0,0,0,1,2023-05-31T20:26:34.9179841Z,0
2.14978,102.6188792,Daerah: Johor<br>No:2963<br>Hex coord:(11;49),n/a,0,0,0,0,0,0,1,2023-05-31T20:26:35.5890036Z,0
2.15756,102.6324137,Daerah: Johor<br>No:2964<br>Hex coord:(12;49),n/a,0,0,0,0,0,0,1,2023-05-31T20:26:36.2442930Z,0
2.14978,102.6459482,Daerah: Johor<br>No:2965<br>Hex coord:(13;49),n/a,0,0,0,0,0,0,1,2023-05-31T20:26:36.8964006Z,0
2.15756,102.6594826,Daerah: Johor<br>No:2966<br>Hex coord:(14;49),n/a,0,0,0,0,0,0,1,2023-05-31T20:26:37.5632541Z,0
2.14978,102.6730171,Daerah: Johor<br>No:2967<br>Hex coord:(15;49),n/a,0,0,0,0,0,0,1,2023-05-31T20:26:38.2150126Z,0
2.15756,102.6865516,Daerah: Johor<br>No:2968<br>Hex coord:(16;49),n/a,0,0,0,0,0,0,1,2023-05-31T20:26:38.8814666Z,0
2.14978,102.7000861,Daerah: Johor<br>No:2969<br>Hex coord:(17;49),n/a,0,0,0,0,0,0,1,2023-05-31T20:26:39.5355567Z,0
2.15756,102.7136205,Daerah: Johor<br>No:2970<br>Hex coord:(18;49),n/a,0,0,0,0,0,0,1,2023-05-31T20:26:40.1910056Z,0
2.14978,102.727155,Daerah: Johor<br>No:2971<br>Hex coord:(19;49),n/a,0,0,0,0,0,0,1,2023-05-31T20:26:40.8425508Z,0
2.15756,102.7406895,Daerah: Johor<br>No:2972<br>Hex coord:(20;49),n/a,0,0,0,0,0,0,1,2023-05-31T20:26:41.5023948Z,0
2.14978,102.754224,Daerah: Johor<br>No:2973<br>Hex coord:(21;49),n/a,0,0,0,0,0,0,1,2023-05-31T20:26:42.1649184Z,0
2.15756,102.7677584,Daerah: Johor<br>No:2974<br>Hex coord:(22;49),n/a,0,0,0,0,0,0,1,2023-05-31T20:26:42.8200540Z,0
2.14978,102.7812929,Daerah: Johor<br>No:2975<br>Hex coord:(23;49),n/a,0,0,0,0,0,0,1,2023-05-31T20:26:43.4841875Z,0
2.15756,102.7948274,Daerah: Johor<br>No:2976<br>Hex coord:(24;49),n/a,1,0,0,0,0,0,1,2023-05-31T20:26:44.1390874Z,0
2.14978,102.8083619,Daerah: Johor<br>No:2977<br>Hex coord:(25;49),n/a,0,0,0,0,0,0,1,2023-05-31T20:26:44.7951671Z,0
2.15756,102.8218963,Daerah: Johor<br>No:2978<br>Hex coord:(26;49),n/a,0,0,0,0,0,0,1,2023-05-31T20:26:45.4661507Z,0
2.14978,102.8354308,Daerah: Johor<br>No:2979<br>Hex coord:(27;49),n/a,0,0,0,0,0,0,1,2023-05-31T20:26:46.1342090Z,0
2.15756,102.8489653,Daerah: Johor<br>No:2980<br>Hex coord:(28;49),n/a,0,0,0,0,0,0,1,2023-05-31T20:26:46.7864204Z,0
2.14978,102.8624998,Daerah: Johor<br>No:2981<br>Hex coord:(29;49),n/a,0,0,0,0,0,0,1,2023-05-31T20:26:47.4371301Z,0
2.15756,102.8760342,Daerah: Johor<br>No:2982<br>Hex coord:(30;49),n/a,0,0,0,0,0,0,1,2023-05-31T20:26:48.0970099Z,0
2.14978,102.8895687,Daerah: Johor<br>No:2983<br>Hex coord:(31;49),n/a,0,0,0,0,0,0,1,2023-05-31T20:26:48.7475357Z,0
2.15756,102.9031032,Daerah: Johor<br>No:2984<br>Hex coord:(32;49),n/a,0,0,0,0,0,0,1,2023-05-31T20:26:49.4020531Z,0
2.14978,102.9166377,Daerah: Johor<br>No:2985<br>Hex coord:(33;49),n/a,0,0,0,0,0,0,1,2023-05-31T20:26:50.0674504Z,0
2.15756,102.9301721,Daerah: Johor<br>No:2986<br>Hex coord:(34;49),n/a,0,0,0,0,0,0,1,2023-05-31T20:26:50.7241915Z,0
2.14978,102.9437066,Daerah: Johor<br>No:2987<br>Hex coord:(35;49),n/a,0,0,0,0,0,0,1,2023-05-31T20:26:51.3819117Z,0
2.15756,102.9572411,Daerah: Johor<br>No:2988<br>Hex coord:(36;49),n/a,0,0,0,0,0,0,1,2023-05-31T20:26:52.0682571Z,0
2.14978,102.9707756,Daerah: Johor<br>No:2989<br>Hex coord:(37;49),n/a,0,0,0,0,0,0,1,2023-05-31T20:26:52.7153791Z,0
2.15756,102.98431,Daerah: Johor<br>No:2990<br>Hex coord:(38;49),n/a,0,0,0,0,0,0,1,2023-05-31T20:26:53.3669643Z,0
2.14978,102.9978445,Daerah: Johor<br>No:2991<br>Hex coord:(39;49),n/a,0,0,0,0,0,0,1,2023-05-31T20:26:54.0246560Z,0
2.15756,103.011379,Daerah: Johor<br>No:2992<br>Hex coord:(40;49),n/a,0,0,0,0,0,0,1,2023-05-31T20:26:54.6779623Z,0
2.14978,103.0249135,Daerah: Johor<br>No:2993<br>Hex coord:(41;49),n/a,0,0,0,0,0,0,1,2023-05-31T20:26:55.3339962Z,0
2.15756,103.0384479,Daerah: Johor<br>No:2994<br>Hex coord:(42;49),n/a,0,0,0,0,0,0,1,2023-05-31T20:26:55.9882665Z,0
2.14978,103.0519824,Daerah: Johor<br>No:2995<br>Hex coord:(43;49),n/a,0,0,0,0,0,0,1,2023-05-31T20:26:56.6407669Z,0
2.15756,103.0655169,Daerah: Johor<br>No:2996<br>Hex coord:(44;49),n/a,0,0,0,0,0,0,1,2023-05-31T20:26:57.2953614Z,0
2.14978,103.0790514,Daerah: Johor<br>No:2997<br>Hex coord:(45;49),n/a,0,0,0,0,0,0,1,2023-05-31T20:26:57.9560838Z,0
2.15756,103.0925858,Daerah: Johor<br>No:2998<br>Hex coord:(46;49),n/a,0,0,0,0,0,0,1,2023-05-31T20:26:58.6141107Z,0
2.14978,103.1061203,Daerah: Johor<br>No:2999<br>Hex coord:(47;49),n/a,0,0,0,0,0,0,1,2023-05-31T20:26:59.2639835Z,0
2.15756,103.1196548,Daerah: Johor<br>No:3000<br>Hex coord:(48;49),n/a,0,0,0,0,0,0,1,2023-05-31T20:26:59.9230233Z,0
2.14978,103.1331893,Daerah: Johor<br>No:3001<br>Hex coord:(49;49),n/a,0,0,0,0,0,0,1,2023-05-31T20:27:00.5741843Z,0
2.15756,103.1467237,Daerah: Johor<br>No:3002<br>Hex coord:(50;49),n/a,0,0,0,0,0,0,1,2023-05-31T20:27:01.2226754Z,0
2.14978,103.1602582,Daerah: Johor<br>No:3003<br>Hex coord:(51;49),n/a,0,0,0,0,0,0,1,2023-05-31T20:27:01.8771992Z,0
2.15756,103.1737927,Daerah: Johor<br>No:3004<br>Hex coord:(52;49),n/a,0,0,0,0,0,0,1,2023-05-31T20:27:02.5347637Z,0
2.14978,103.1873272,Daerah: Johor<br>No:3005<br>Hex coord:(53;49),n/a,0,0,0,0,0,0,1,2023-05-31T20:27:03.1879137Z,0
2.15756,103.2008616,Daerah: Johor<br>No:3006<br>Hex coord:(54;49),n/a,0,0,0,0,0,0,1,2023-05-31T20:27:03.8372269Z,0
2.14978,103.2143961,Daerah: Johor<br>No:3007<br>Hex coord:(55;49),n/a,0,0,0,0,0,0,1,2023-05-31T20:27:04.4771050Z,0
2.15756,103.2279306,Daerah: Johor<br>No:3008<br>Hex coord:(56;49),n/a,0,0,0,0,0,0,1,2023-05-31T20:27:05.1348042Z,0
2.14978,103.2414651,Daerah: Johor<br>No:3009<br>Hex coord:(57;49),n/a,0,0,0,0,0,0,1,2023-05-31T20:27:05.7869871Z,0
2.15756,103.2549995,Daerah: Johor<br>No:3010<br>Hex coord:(58;49),n/a,0,0,0,0,0,0,1,2023-05-31T20:27:06.4419505Z,0
2.14978,103.268534,Daerah: Johor<br>No:3011<br>Hex coord:(59;49),n/a,0,0,0,0,0,0,1,2023-05-31T20:27:07.0996414Z,0
2.15756,103.2820685,Daerah: Johor<br>No:3012<br>Hex coord:(60;49),n/a,0,0,0,0,0,0,1,2023-05-31T20:27:07.7484214Z,0
2.14978,103.295603,Daerah: Johor<br>No:3013<br>Hex coord:(61;49),n/a,0,0,0,0,0,0,1,2023-05-31T20:27:08.4078435Z,0
2.15756,103.3091374,Daerah: Johor<br>No:3014<br>Hex coord:(62;49),n/a,0,0,0,0,0,0,1,2023-05-31T20:27:09.0661646Z,0
2.14978,103.3226719,Daerah: Johor<br>No:3015<br>Hex coord:(63;49),n/a,0,0,0,0,0,0,1,2023-05-31T20:27:09.7167821Z,0
2.15756,103.3362064,Daerah: Johor<br>No:3016<br>Hex coord:(64;49),n/a,0,0,0,0,0,0,1,2023-05-31T20:27:10.3814086Z,0
2.14978,103.3497409,Daerah: Johor<br>No:3017<br>Hex coord:(65;49),n/a,0,0,0,0,0,0,1,2023-05-31T20:27:11.0377565Z,0
2.15756,103.3632753,Daerah: Johor<br>No:3018<br>Hex coord:(66;49),n/a,0,0,0,0,0,0,1,2023-05-31T20:27:11.6859281Z,0
2.14978,103.3768098,Daerah: Johor<br>No:3019<br>Hex coord:(67;49),n/a,0,0,0,0,0,0,1,2023-05-31T20:27:12.3475147Z,0
2.15756,103.3903443,Daerah: Johor<br>No:3020<br>Hex coord:(68;49),n/a,0,0,0,0,0,0,1,2023-05-31T20:27:12.9964168Z,0
2.14978,103.4038788,Daerah: Johor<br>No:3021<br>Hex coord:(69;49),n/a,0,0,0,0,0,0,1,2023-05-31T20:27:13.6554474Z,0
2.15756,103.4174132,Daerah: Johor<br>No:3022<br>Hex coord:(70;49),n/a,0,0,0,0,0,0,1,2023-05-31T20:27:14.3115636Z,0
2.14978,103.4309477,Daerah: Johor<br>No:3023<br>Hex coord:(71;49),n/a,0,0,0,0,0,0,1,2023-05-31T20:27:14.9638502Z,0
2.15756,103.4444822,Daerah: Johor<br>No:3024<br>Hex coord:(72;49),n/a,0,0,0,0,0,0,1,2023-05-31T20:27:15.6316061Z,0
2.14978,103.4580167,Daerah: Johor<br>No:3025<br>Hex coord:(73;49),n/a,0,0,0,0,0,0,1,2023-05-31T20:27:16.2957302Z,0
2.15756,103.4715511,Daerah: Johor<br>No:3026<br>Hex coord:(74;49),n/a,0,0,0,0,0,0,1,2023-05-31T20:27:16.9576275Z,0
2.14978,103.4850856,Daerah: Johor<br>No:3027<br>Hex coord:(75;49),n/a,0,0,0,0,0,0,1,2023-05-31T20:27:17.6039777Z,0
2.15756,103.4986201,Daerah: Johor<br>No:3028<br>Hex coord:(76;49),n/a,0,0,0,0,0,0,1,2023-05-31T20:27:18.2655489Z,0
2.14978,103.5121546,Daerah: Johor<br>No:3029<br>Hex coord:(77;49),n/a,0,0,0,0,0,0,1,2023-05-31T20:27:18.9383299Z,0
2.15756,103.525689,Daerah: Johor<br>No:3030<br>Hex coord:(78;49),n/a,0,0,0,0,0,0,1,2023-05-31T20:27:19.6071654Z,0
2.14978,103.5392235,Daerah: Johor<br>No:3031<br>Hex coord:(79;49),n/a,0,0,0,0,0,0,1,2023-05-31T20:27:20.2705873Z,0
2.15756,103.552758,Daerah: Johor<br>No:3032<br>Hex coord:(80;49),n/a,0,0,0,0,0,0,1,2023-05-31T20:27:20.9249388Z,0
2.14978,103.5662925,Daerah: Johor<br>No:3033<br>Hex coord:(81;49),n/a,0,0,0,0,0,0,1,2023-05-31T20:27:21.5821868Z,0
2.15756,103.5798269,Daerah: Johor<br>No:3034<br>Hex coord:(82;49),n/a,0,0,0,0,0,0,1,2023-05-31T20:27:22.2393919Z,0
2.14978,103.5933614,Daerah: Johor<br>No:3035<br>Hex coord:(83;49),n/a,0,0,0,0,0,0,1,2023-05-31T20:27:22.8959914Z,0
2.15756,103.6068959,Daerah: Johor<br>No:3036<br>Hex coord:(84;49),n/a,0,0,0,0,0,0,1,2023-05-31T20:27:23.5552302Z,0
2.14978,103.6204304,Daerah: Johor<br>No:3037<br>Hex coord:(85;49),n/a,0,0,0,0,0,0,1,2023-05-31T20:27:24.2093240Z,0
2.15756,103.6339648,Daerah: Johor<br>No:3038<br>Hex coord:(86;49),n/a,0,0,0,0,0,0,1,2023-05-31T20:27:24.8720837Z,0
2.14978,103.6474993,Daerah: Johor<br>No:3039<br>Hex coord:(87;49),n/a,0,0,0,0,0,0,1,2023-05-31T20:27:25.5255256Z,0
2.15756,103.6610338,Daerah: Johor<br>No:3040<br>Hex coord:(88;49),n/a,0,0,0,0,0,0,1,2023-05-31T20:27:26.1877598Z,0
2.14978,103.6745683,Daerah: Johor<br>No:3041<br>Hex coord:(89;49),n/a,0,0,0,0,0,0,1,2023-05-31T20:27:26.8533096Z,0
2.15756,103.6881027,Daerah: Johor<br>No:3042<br>Hex coord:(90;49),n/a,0,0,0,0,0,0,1,2023-05-31T20:27:27.5090878Z,0
2.14978,103.7016372,Daerah: Johor<br>No:3043<br>Hex coord:(91;49),n/a,0,0,0,0,0,0,1,2023-05-31T20:27:28.1645251Z,0
2.15756,103.7151717,Daerah: Johor<br>No:3044<br>Hex coord:(92;49),n/a,0,0,0,0,0,0,1,2023-05-31T20:27:28.8196401Z,0
2.14978,103.7287062,Daerah: Johor<br>No:3045<br>Hex coord:(93;49),n/a,0,0,0,0,0,0,1,2023-05-31T20:27:29.4889451Z,0
2.15756,103.7422406,Daerah: Johor<br>No:3046<br>Hex coord:(94;49),n/a,0,0,0,0,0,0,1,2023-05-31T20:27:30.1446100Z,0
2.14978,103.7557751,Daerah: Johor<br>No:3047<br>Hex coord:(95;49),n/a,0,0,0,0,0,0,1,2023-05-31T20:27:30.8039591Z,0
2.15756,103.7693096,Daerah: Johor<br>No:3048<br>Hex coord:(96;49),n/a,0,0,0,0,0,0,1,2023-05-31T20:27:31.4567221Z,0
2.14978,103.7828441,Daerah: Johor<br>No:3049<br>Hex coord:(97;49),n/a,0,0,0,0,0,0,1,2023-05-31T20:27:32.1166861Z,0
2.15756,103.7963785,Daerah: Johor<br>No:3050<br>Hex coord:(98;49),n/a,0,0,0,0,0,0,1,2023-05-31T20:27:32.7818342Z,0
2.14978,103.809913,Daerah: Johor<br>No:3051<br>Hex coord:(99;49),n/a,0,0,0,0,0,0,1,2023-05-31T20:27:33.4382019Z,0
2.15756,103.8234475,Daerah: Johor<br>No:3052<br>Hex coord:(100;49),n/a,0,0,0,0,0,0,1,2023-05-31T20:27:34.0844980Z,0
2.14978,103.836982,Daerah: Johor<br>No:3053<br>Hex coord:(101;49),n/a,0,0,0,0,0,0,1,2023-05-31T20:27:34.7359330Z,0
2.15756,103.8505164,Daerah: Johor<br>No:3054<br>Hex coord:(102;49),n/a,0,0,0,0,0,0,1,2023-05-31T20:27:35.3888837Z,0
2.14978,103.8640509,Daerah: Johor<br>No:3055<br>Hex coord:(103;49),n/a,0,0,0,0,0,0,1,2023-05-31T20:27:36.0420600Z,0
2.15756,103.8775854,Daerah: Johor<br>No:3056<br>Hex coord:(104;49),n/a,0,0,0,0,0,0,1,2023-05-31T20:27:36.7047329Z,0
2.14978,103.8911199,Daerah: Johor<br>No:3057<br>Hex coord:(105;49),n/a,0,0,0,0,0,0,1,2023-05-31T20:27:37.3599768Z,0
2.15756,103.9046543,Daerah: Johor<br>No:3058<br>Hex coord:(106;49),n/a,0,0,0,0,0,0,1,2023-05-31T20:27:38.0155435Z,0
2.14978,103.9181888,Daerah: Johor<br>No:3059<br>Hex coord:(107;49),n/a,0,0,0,0,0,0,1,2023-05-31T20:27:38.6818582Z,0
2.15756,103.9317233,Daerah: Johor<br>No:3060<br>Hex coord:(108;49),n/a,0,0,0,0,0,0,1,2023-05-31T20:27:39.3285381Z,0
2.14978,103.9452578,Daerah: Johor<br>No:3061<br>Hex coord:(109;49),n/a,0,0,0,0,0,0,1,2023-05-31T20:27:39.9801705Z,0
2.15756,103.9587922,Daerah: Johor<br>No:3062<br>Hex coord:(110;49),n/a,0,0,0,0,0,0,1,2023-05-31T20:27:40.6387849Z,0
2.14978,103.9723267,Daerah: Johor<br>No:3063<br>Hex coord:(111;49),n/a,0,0,0,0,0,0,1,2023-05-31T20:27:41.2900991Z,0
2.15756,103.9858612,Daerah: Johor<br>No:3064<br>Hex coord:(112;49),n/a,0,0,0,0,0,0,1,2023-05-31T20:27:41.9467500Z,0
2.14978,103.9993957,Daerah: Johor<br>No:3065<br>Hex coord:(113;49),n/a,0,0,0,0,0,0,1,2023-05-31T20:27:42.6008750Z,0
2.13422,102.5376724,Daerah: Johor<br>No:3066<br>Hex coord:(5;50),n/a,0,0,0,0,0,0,1,2023-05-31T20:27:43.2716445Z,0
2.142,102.5512068,Daerah: Johor<br>No:3067<br>Hex coord:(6;50),n/a,0,0,0,0,0,0,1,2023-05-31T20:27:43.9310030Z,0
2.13422,102.5647413,Daerah: Johor<br>No:3068<br>Hex coord:(7;50),n/a,0,0,0,0,0,0,1,2023-05-31T20:27:44.5833038Z,0
2.142,102.5782758,Daerah: Johor<br>No:3069<br>Hex coord:(8;50),n/a,0,0,0,0,0,0,1,2023-05-31T20:27:45.2403981Z,0
2.13422,102.5918103,Daerah: Johor<br>No:3070<br>Hex coord:(9;50),n/a,0,0,0,0,0,0,1,2023-05-31T20:27:45.8965785Z,0
2.142,102.6053447,Daerah: Johor<br>No:3071<br>Hex coord:(10;50),n/a,0,0,0,0,0,0,1,2023-05-31T20:27:46.7794781Z,0
2.13422,102.6188792,Daerah: Johor<br>No:3072<br>Hex coord:(11;50),n/a,0,0,0,0,0,0,1,2023-05-31T20:27:47.4403678Z,0
2.142,102.6324137,Daerah: Johor<br>No:3073<br>Hex coord:(12;50),n/a,0,0,0,0,0,0,1,2023-05-31T20:27:48.1010148Z,0
2.13422,102.6459482,Daerah: Johor<br>No:3074<br>Hex coord:(13;50),n/a,0,0,0,0,0,0,1,2023-05-31T20:27:48.7568864Z,0
2.142,102.6594826,Daerah: Johor<br>No:3075<br>Hex coord:(14;50),n/a,0,0,0,0,0,0,1,2023-05-31T20:27:49.4071137Z,0
2.13422,102.6730171,Daerah: Johor<br>No:3076<br>Hex coord:(15;50),n/a,0,0,0,0,0,0,1,2023-05-31T20:27:50.0791026Z,0
2.142,102.6865516,Daerah: Johor<br>No:3077<br>Hex coord:(16;50),n/a,0,0,0,0,0,0,1,2023-05-31T20:27:50.7332140Z,0
2.13422,102.7000861,Daerah: Johor<br>No:3078<br>Hex coord:(17;50),n/a,0,0,0,0,0,0,1,2023-05-31T20:27:51.3880618Z,0
2.142,102.7136205,Daerah: Johor<br>No:3079<br>Hex coord:(18;50),n/a,0,0,0,0,0,0,1,2023-05-31T20:27:52.0466149Z,1
2.13422,102.727155,Daerah: Johor<br>No:3080<br>Hex coord:(19;50),n/a,0,0,0,0,0,0,1,2023-05-31T20:27:52.6959879Z,0
2.142,102.7406895,Daerah: Johor<br>No:3081<br>Hex coord:(20;50),n/a,0,0,0,0,0,0,1,2023-05-31T20:27:53.3498075Z,0
2.13422,102.754224,Daerah: Johor<br>No:3082<br>Hex coord:(21;50),n/a,0,0,0,0,0,0,1,2023-05-31T20:27:54.0106946Z,0
2.142,102.7677584,Daerah: Johor<br>No:3083<br>Hex coord:(22;50),n/a,0,0,0,0,0,0,1,2023-05-31T20:27:54.6773501Z,0
2.13422,102.7812929,Daerah: Johor<br>No:3084<br>Hex coord:(23;50),n/a,0,0,0,0,0,0,1,2023-05-31T20:27:55.3336323Z,0
2.142,102.7948274,Daerah: Johor<br>No:3085<br>Hex coord:(24;50),n/a,0,0,0,0,0,0,1,2023-05-31T20:27:55.9799333Z,0
2.13422,102.8083619,Daerah: Johor<br>No:3086<br>Hex coord:(25;50),n/a,0,0,0,0,0,0,1,2023-05-31T20:27:56.6401979Z,0
2.142,102.8218963,Daerah: Johor<br>No:3087<br>Hex coord:(26;50),n/a,0,0,0,0,0,0,1,2023-05-31T20:27:57.2949872Z,0
2.13422,102.8354308,Daerah: Johor<br>No:3088<br>Hex coord:(27;50),n/a,0,0,0,0,0,0,1,2023-05-31T20:27:57.9465324Z,0
2.142,102.8489653,Daerah: Johor<br>No:3089<br>Hex coord:(28;50),n/a,0,0,0,0,0,0,1,2023-05-31T20:27:58.5976391Z,0
2.13422,102.8624998,Daerah: Johor<br>No:3090<br>Hex coord:(29;50),n/a,0,0,0,0,0,0,1,2023-05-31T20:27:59.2555356Z,0
2.142,102.8760342,Daerah: Johor<br>No:3091<br>Hex coord:(30;50),n/a,0,0,0,0,0,0,1,2023-05-31T20:27:59.9001473Z,0
2.13422,102.8895687,Daerah: Johor<br>No:3092<br>Hex coord:(31;50),n/a,0,0,0,0,0,0,1,2023-05-31T20:28:00.5604508Z,0
2.142,102.9031032,Daerah: Johor<br>No:3093<br>Hex coord:(32;50),n/a,0,0,0,0,0,0,1,2023-05-31T20:28:01.2139436Z,0
2.13422,102.9166377,Daerah: Johor<br>No:3094<br>Hex coord:(33;50),n/a,0,0,0,0,0,0,1,2023-05-31T20:28:01.8762979Z,0
2.142,102.9301721,Daerah: Johor<br>No:3095<br>Hex coord:(34;50),n/a,0,0,0,0,0,0,1,2023-05-31T20:28:02.5397056Z,0
2.13422,102.9437066,Daerah: Johor<br>No:3096<br>Hex coord:(35;50),n/a,0,0,0,0,0,0,1,2023-05-31T20:28:03.1931622Z,0
2.142,102.9572411,Daerah: Johor<br>No:3097<br>Hex coord:(36;50),n/a,0,0,0,0,0,0,1,2023-05-31T20:28:03.8494239Z,0
2.13422,102.9707756,Daerah: Johor<br>No:3098<br>Hex coord:(37;50),n/a,0,0,0,0,0,0,1,2023-05-31T20:28:04.4938382Z,0
2.142,102.98431,Daerah: Johor<br>No:3099<br>Hex coord:(38;50),n/a,0,0,0,0,0,0,1,2023-05-31T20:28:05.1411274Z,0
2.13422,102.9978445,Daerah: Johor<br>No:3100<br>Hex coord:(39;50),n/a,0,0,0,0,0,0,1,2023-05-31T20:28:05.7923659Z,0
2.142,103.011379,Daerah: Johor<br>No:3101<br>Hex coord:(40;50),n/a,0,0,0,0,0,0,1,2023-05-31T20:28:06.4528671Z,0
2.13422,103.0249135,Daerah: Johor<br>No:3102<br>Hex coord:(41;50),n/a,0,0,0,0,0,0,1,2023-05-31T20:28:07.1041631Z,0
2.142,103.0384479,Daerah: Johor<br>No:3103<br>Hex coord:(42;50),n/a,0,0,0,0,0,0,1,2023-05-31T20:28:07.7736870Z,0
2.13422,103.0519824,Daerah: Johor<br>No:3104<br>Hex coord:(43;50),n/a,0,0,0,0,0,0,1,2023-05-31T20:28:08.4283629Z,0
2.142,103.0655169,Daerah: Johor<br>No:3105<br>Hex coord:(44;50),n/a,0,0,0,0,0,0,1,2023-05-31T20:28:09.0836420Z,0
2.13422,103.0790514,Daerah: Johor<br>No:3106<br>Hex coord:(45;50),n/a,0,0,0,0,0,0,1,2023-05-31T20:28:09.7409615Z,0
2.142,103.0925858,Daerah: Johor<br>No:3107<br>Hex coord:(46;50),n/a,0,0,0,0,0,0,1,2023-05-31T20:28:10.3902468Z,0
2.13422,103.1061203,Daerah: Johor<br>No:3108<br>Hex coord:(47;50),n/a,0,0,0,0,0,0,1,2023-05-31T20:28:11.0474727Z,0
2.142,103.1196548,Daerah: Johor<br>No:3109<br>Hex coord:(48;50),n/a,0,0,0,0,0,0,1,2023-05-31T20:28:11.6960644Z,0
2.13422,103.1331893,Daerah: Johor<br>No:3110<br>Hex coord:(49;50),n/a,0,0,0,0,0,0,1,2023-05-31T20:28:12.3530107Z,0
2.142,103.1467237,Daerah: Johor<br>No:3111<br>Hex coord:(50;50),n/a,0,0,0,0,0,0,1,2023-05-31T20:28:13.0121797Z,0
2.13422,103.1602582,Daerah: Johor<br>No:3112<br>Hex coord:(51;50),n/a,0,0,0,0,0,0,1,2023-05-31T20:28:13.6793050Z,0
2.142,103.1737927,Daerah: Johor<br>No:3113<br>Hex coord:(52;50),n/a,0,0,0,0,0,0,1,2023-05-31T20:28:14.3372488Z,0
2.13422,103.1873272,Daerah: Johor<br>No:3114<br>Hex coord:(53;50),n/a,0,0,0,0,0,0,1,2023-05-31T20:28:15.0035637Z,0
2.142,103.2008616,Daerah: Johor<br>No:3115<br>Hex coord:(54;50),n/a,0,0,0,0,0,0,1,2023-05-31T20:28:15.6584452Z,0
2.13422,103.2143961,Daerah: Johor<br>No:3116<br>Hex coord:(55;50),n/a,0,0,0,0,0,0,1,2023-05-31T20:28:16.3141870Z,0
2.142,103.2279306,Daerah: Johor<br>No:3117<br>Hex coord:(56;50),n/a,0,0,0,0,0,0,1,2023-05-31T20:28:16.9721621Z,0
2.13422,103.2414651,Daerah: Johor<br>No:3118<br>Hex coord:(57;50),n/a,0,0,0,0,0,0,1,2023-05-31T20:28:17.6252861Z,0
2.142,103.2549995,Daerah: Johor<br>No:3119<br>Hex coord:(58;50),n/a,0,0,0,0,0,0,1,2023-05-31T20:28:18.2776876Z,0
2.13422,103.268534,Daerah: Johor<br>No:3120<br>Hex coord:(59;50),n/a,0,0,0,0,0,0,1,2023-05-31T20:28:18.9330313Z,0
2.142,103.2820685,Daerah: Johor<br>No:3121<br>Hex coord:(60;50),n/a,0,0,0,0,0,0,1,2023-05-31T20:28:19.5882126Z,0
2.13422,103.295603,Daerah: Johor<br>No:3122<br>Hex coord:(61;50),n/a,0,0,0,0,0,0,1,2023-05-31T20:28:20.2565455Z,0
2.142,103.3091374,Daerah: Johor<br>No:3123<br>Hex coord:(62;50),n/a,0,0,0,0,0,0,1,2023-05-31T20:28:20.9131502Z,0
2.13422,103.3226719,Daerah: Johor<br>No:3124<br>Hex coord:(63;50),n/a,0,0,0,0,0,0,1,2023-05-31T20:28:21.5690888Z,0
2.142,103.3362064,Daerah: Johor<br>No:3125<br>Hex coord:(64;50),n/a,0,0,0,0,0,0,1,2023-05-31T20:28:22.2228592Z,0
2.13422,103.3497409,Daerah: Johor<br>No:3126<br>Hex coord:(65;50),n/a,0,0,0,0,0,0,1,2023-05-31T20:28:22.8754776Z,0
2.142,103.3632753,Daerah: Johor<br>No:3127<br>Hex coord:(66;50),n/a,0,0,0,0,0,0,1,2023-05-31T20:28:23.5366009Z,0
2.13422,103.3768098,Daerah: Johor<br>No:3128<br>Hex coord:(67;50),n/a,0,0,0,0,0,0,1,2023-05-31T20:28:24.2036518Z,0
2.142,103.3903443,Daerah: Johor<br>No:3129<br>Hex coord:(68;50),n/a,0,0,0,0,0,0,1,2023-05-31T20:28:24.8652243Z,0
2.13422,103.4038788,Daerah: Johor<br>No:3130<br>Hex coord:(69;50),n/a,0,0,0,0,0,0,1,2023-05-31T20:28:25.5177573Z,0
2.142,103.4174132,Daerah: Johor<br>No:3131<br>Hex coord:(70;50),n/a,0,0,0,0,0,0,1,2023-05-31T20:28:26.1792813Z,0
2.13422,103.4309477,Daerah: Johor<br>No:3132<br>Hex coord:(71;50),n/a,0,0,0,0,0,0,1,2023-05-31T20:28:26.8336488Z,0
2.142,103.4444822,Daerah: Johor<br>No:3133<br>Hex coord:(72;50),n/a,0,0,0,0,0,0,1,2023-05-31T20:28:27.4899106Z,0
2.13422,103.4580167,Daerah: Johor<br>No:3134<br>Hex coord:(73;50),n/a,0,0,0,0,0,0,1,2023-05-31T20:28:28.1516631Z,0
2.142,103.4715511,Daerah: Johor<br>No:3135<br>Hex coord:(74;50),n/a,0,0,0,0,0,0,1,2023-05-31T20:28:28.8049923Z,0
2.13422,103.4850856,Daerah: Johor<br>No:3136<br>Hex coord:(75;50),n/a,0,0,0,0,0,0,1,2023-05-31T20:28:29.4653435Z,0
2.142,103.4986201,Daerah: Johor<br>No:3137<br>Hex coord:(76;50),n/a,0,0,0,0,0,0,1,2023-05-31T20:28:30.1209443Z,0
2.13422,103.5121546,Daerah: Johor<br>No:3138<br>Hex coord:(77;50),n/a,0,0,0,0,0,0,1,2023-05-31T20:28:30.7705602Z,0
2.142,103.525689,Daerah: Johor<br>No:3139<br>Hex coord:(78;50),n/a,0,0,0,0,0,0,1,2023-05-31T20:28:31.4288851Z,0
2.13422,103.5392235,Daerah: Johor<br>No:3140<br>Hex coord:(79;50),n/a,0,0,0,0,0,0,1,2023-05-31T20:28:32.0804334Z,0
2.142,103.552758,Daerah: Johor<br>No:3141<br>Hex coord:(80;50),n/a,0,0,0,0,0,0,1,2023-05-31T20:28:32.7287241Z,0
2.13422,103.5662925,Daerah: Johor<br>No:3142<br>Hex coord:(81;50),n/a,0,0,0,0,0,0,1,2023-05-31T20:28:33.3852958Z,0
2.142,103.5798269,Daerah: Johor<br>No:3143<br>Hex coord:(82;50),n/a,0,0,0,0,0,0,1,2023-05-31T20:28:34.0349947Z,0
2.13422,103.5933614,Daerah: Johor<br>No:3144<br>Hex coord:(83;50),n/a,0,0,0,0,0,0,1,2023-05-31T20:28:34.6781738Z,0
2.142,103.6068959,Daerah: Johor<br>No:3145<br>Hex coord:(84;50),n/a,0,0,0,0,0,0,1,2023-05-31T20:28:35.3394924Z,0
2.13422,103.6204304,Daerah: Johor<br>No:3146<br>Hex coord:(85;50),n/a,0,0,0,0,0,0,1,2023-05-31T20:28:35.9983059Z,0
2.142,103.6339648,Daerah: Johor<br>No:3147<br>Hex coord:(86;50),n/a,0,0,0,0,0,0,1,2023-05-31T20:28:36.6518869Z,0
2.13422,103.6474993,Daerah: Johor<br>No:3148<br>Hex coord:(87;50),n/a,0,0,0,0,0,0,1,2023-05-31T20:28:37.3058132Z,0
2.142,103.6610338,Daerah: Johor<br>No:3149<br>Hex coord:(88;50),n/a,0,0,0,0,0,0,1,2023-05-31T20:28:37.9623512Z,0
2.13422,103.6745683,Daerah: Johor<br>No:3150<br>Hex coord:(89;50),n/a,0,0,0,0,0,0,1,2023-05-31T20:28:38.6131355Z,0
2.142,103.6881027,Daerah: Johor<br>No:3151<br>Hex coord:(90;50),n/a,0,0,0,0,0,0,1,2023-05-31T20:28:39.2694858Z,0
2.13422,103.7016372,Daerah: Johor<br>No:3152<br>Hex coord:(91;50),n/a,0,0,0,0,0,0,1,2023-05-31T20:29:15.9529821Z,0
2.142,103.7151717,Daerah: Johor<br>No:3153<br>Hex coord:(92;50),n/a,0,0,0,0,0,0,1,2023-05-31T20:29:16.6187716Z,0
2.13422,103.7287062,Daerah: Johor<br>No:3154<br>Hex coord:(93;50),n/a,0,0,0,0,0,0,1,2023-05-31T20:29:17.2760183Z,0
2.142,103.7422406,Daerah: Johor<br>No:3155<br>Hex coord:(94;50),n/a,0,0,0,0,0,0,1,2023-05-31T20:29:17.9344593Z,0
2.13422,103.7557751,Daerah: Johor<br>No:3156<br>Hex coord:(95;50),n/a,0,0,0,0,0,0,1,2023-05-31T20:29:18.5897206Z,0
2.142,103.7693096,Daerah: Johor<br>No:3157<br>Hex coord:(96;50),n/a,0,0,0,0,0,0,1,2023-05-31T20:29:19.2548927Z,0
2.13422,103.7828441,Daerah: Johor<br>No:3158<br>Hex coord:(97;50),n/a,0,0,0,0,0,0,1,2023-05-31T20:29:19.9113502Z,0
2.142,103.7963785,Daerah: Johor<br>No:3159<br>Hex coord:(98;50),n/a,0,0,0,0,0,0,1,2023-05-31T20:29:20.5736478Z,0
2.13422,103.809913,Daerah: Johor<br>No:3160<br>Hex coord:(99;50),n/a,0,0,0,0,0,0,1,2023-05-31T20:29:21.2994141Z,0
2.142,103.8234475,Daerah: Johor<br>No:3161<br>Hex coord:(100;50),n/a,0,0,0,0,0,0,1,2023-05-31T20:29:21.9843945Z,0
2.13422,103.836982,Daerah: Johor<br>No:3162<br>Hex coord:(101;50),n/a,0,0,0,0,0,0,1,2023-05-31T20:29:22.6444215Z,0
2.142,103.8505164,Daerah: Johor<br>No:3163<br>Hex coord:(102;50),n/a,0,0,0,0,0,0,1,2023-05-31T20:29:23.3041059Z,0
2.13422,103.8640509,Daerah: Johor<br>No:3164<br>Hex coord:(103;50),n/a,0,0,0,0,0,0,1,2023-05-31T20:29:23.9846926Z,0
2.142,103.8775854,Daerah: Johor<br>No:3165<br>Hex coord:(104;50),n/a,0,0,0,0,0,0,1,2023-05-31T20:29:24.6556464Z,0
2.13422,103.8911199,Daerah: Johor<br>No:3166<br>Hex coord:(105;50),n/a,0,0,0,0,0,0,1,2023-05-31T20:29:25.3245001Z,0
2.142,103.9046543,Daerah: Johor<br>No:3167<br>Hex coord:(106;50),n/a,0,0,0,0,0,0,1,2023-05-31T20:29:25.9915660Z,0
2.13422,103.9181888,Daerah: Johor<br>No:3168<br>Hex coord:(107;50),n/a,0,0,0,0,0,0,1,2023-05-31T20:29:26.6458930Z,0
2.142,103.9317233,Daerah: Johor<br>No:3169<br>Hex coord:(108;50),n/a,0,0,0,0,0,0,1,2023-05-31T20:29:27.2958045Z,0
2.13422,103.9452578,Daerah: Johor<br>No:3170<br>Hex coord:(109;50),n/a,0,0,0,0,0,0,1,2023-05-31T20:29:27.9513311Z,0
2.142,103.9587922,Daerah: Johor<br>No:3171<br>Hex coord:(110;50),n/a,0,0,0,0,0,0,1,2023-05-31T20:29:28.6031588Z,0
2.13422,103.9723267,Daerah: Johor<br>No:3172<br>Hex coord:(111;50),n/a,0,0,0,0,0,0,1,2023-05-31T20:29:29.2695324Z,0
2.142,103.9858612,Daerah: Johor<br>No:3173<br>Hex coord:(112;50),n/a,0,0,0,0,0,0,1,2023-05-31T20:29:29.9261495Z,0
2.13422,103.9993957,Daerah: Johor<br>No:3174<br>Hex coord:(113;50),n/a,0,0,0,0,0,0,1,2023-05-31T20:29:30.5785123Z,0
2.11866,102.5106034,Daerah: Johor<br>No:3175<br>Hex coord:(3;51),n/a,0,0,0,0,0,0,1,2023-05-31T20:29:31.2456834Z,0
2.11866,102.5376724,Daerah: Johor<br>No:3176<br>Hex coord:(5;51),n/a,0,0,0,0,0,0,1,2023-05-31T20:29:31.9022173Z,0
2.12644,102.5512068,Daerah: Johor<br>No:3177<br>Hex coord:(6;51),n/a,0,0,0,0,0,0,1,2023-05-31T20:29:32.5651425Z,0
2.11866,102.5647413,Daerah: Johor<br>No:3178<br>Hex coord:(7;51),n/a,0,0,0,0,0,0,1,2023-05-31T20:29:33.2277322Z,0
2.12644,102.5782758,Daerah: Johor<br>No:3179<br>Hex coord:(8;51),n/a,0,0,0,0,0,0,1,2023-05-31T20:30:09.9121114Z,0
2.11866,102.5918103,Daerah: Johor<br>No:3180<br>Hex coord:(9;51),n/a,0,0,0,0,0,0,1,2023-05-31T20:30:10.8457932Z,0
2.12644,102.6053447,Daerah: Johor<br>No:3181<br>Hex coord:(10;51),n/a,0,0,0,0,0,0,1,2023-05-31T20:30:11.4966822Z,0
2.11866,102.6188792,Daerah: Johor<br>No:3182<br>Hex coord:(11;51),n/a,0,0,0,0,0,0,1,2023-05-31T20:30:12.1650171Z,0
2.12644,102.6324137,Daerah: Johor<br>No:3183<br>Hex coord:(12;51),n/a,0,0,0,0,0,0,1,2023-05-31T20:30:12.8285748Z,0
2.11866,102.6459482,Daerah: Johor<br>No:3184<br>Hex coord:(13;51),n/a,0,0,0,0,0,0,1,2023-05-31T20:30:13.4862361Z,0
2.12644,102.6594826,Daerah: Johor<br>No:3185<br>Hex coord:(14;51),n/a,0,0,0,0,0,0,1,2023-05-31T20:30:14.1584955Z,0
2.11866,102.6730171,Daerah: Johor<br>No:3186<br>Hex coord:(15;51),n/a,0,0,0,0,0,0,1,2023-05-31T20:30:14.8080913Z,0
2.12644,102.6865516,Daerah: Johor<br>No:3187<br>Hex coord:(16;51),n/a,0,0,0,0,0,0,1,2023-05-31T20:30:15.4724921Z,0
2.11866,102.7000861,Daerah: Johor<br>No:3188<br>Hex coord:(17;51),n/a,0,0,0,0,0,0,1,2023-05-31T20:30:16.1303826Z,0
2.12644,102.7136205,Daerah: Johor<br>No:3189<br>Hex coord:(18;51),n/a,0,0,0,0,0,0,1,2023-05-31T20:30:16.7874060Z,0
2.11866,102.727155,Daerah: Johor<br>No:3190<br>Hex coord:(19;51),n/a,0,0,0,0,0,0,1,2023-05-31T20:30:17.4351532Z,0
2.12644,102.7406895,Daerah: Johor<br>No:3191<br>Hex coord:(20;51),n/a,0,0,0,0,0,0,1,2023-05-31T20:30:18.0922729Z,0
2.11866,102.754224,Daerah: Johor<br>No:3192<br>Hex coord:(21;51),n/a,0,0,0,0,0,0,1,2023-05-31T20:30:18.7650622Z,0
2.12644,102.7677584,Daerah: Johor<br>No:3193<br>Hex coord:(22;51),n/a,0,0,0,0,0,0,1,2023-05-31T20:30:19.4177845Z,0
2.11866,102.7812929,Daerah: Johor<br>No:3194<br>Hex coord:(23;51),n/a,0,0,0,0,0,0,1,2023-05-31T20:30:20.0809814Z,0
2.12644,102.7948274,Daerah: Johor<br>No:3195<br>Hex coord:(24;51),n/a,0,0,0,0,0,0,1,2023-05-31T20:30:20.7385088Z,0
2.11866,102.8083619,Daerah: Johor<br>No:3196<br>Hex coord:(25;51),n/a,0,0,0,0,0,0,1,2023-05-31T20:30:21.3910094Z,0
2.12644,102.8218963,Daerah: Johor<br>No:3197<br>Hex coord:(26;51),n/a,0,0,0,0,0,0,1,2023-05-31T20:30:22.0413874Z,0
2.11866,102.8354308,Daerah: Johor<br>No:3198<br>Hex coord:(27;51),n/a,0,0,0,0,0,0,1,2023-05-31T20:30:22.6901062Z,0
2.12644,102.8489653,Daerah: Johor<br>No:3199<br>Hex coord:(28;51),n/a,0,0,0,0,0,0,1,2023-05-31T20:30:23.3459497Z,0
2.11866,102.8624998,Daerah: Johor<br>No:3200<br>Hex coord:(29;51),n/a,0,0,0,0,0,0,1,2023-05-31T20:30:23.9988278Z,0
2.12644,102.8760342,Daerah: Johor<br>No:3201<br>Hex coord:(30;51),n/a,0,0,0,0,0,0,1,2023-05-31T20:30:24.6585221Z,0
2.11866,102.8895687,Daerah: Johor<br>No:3202<br>Hex coord:(31;51),n/a,0,0,0,0,0,0,1,2023-05-31T20:30:25.3154366Z,0
2.12644,102.9031032,Daerah: Johor<br>No:3203<br>Hex coord:(32;51),n/a,0,0,0,0,0,0,1,2023-05-31T20:30:25.9877388Z,0
2.11866,102.9166377,Daerah: Johor<br>No:3204<br>Hex coord:(33;51),n/a,0,0,0,0,0,0,1,2023-05-31T20:30:26.6262542Z,0
2.12644,102.9301721,Daerah: Johor<br>No:3205<br>Hex coord:(34;51),n/a,0,0,0,0,0,0,1,2023-05-31T20:30:27.2802471Z,0
2.11866,102.9437066,Daerah: Johor<br>No:3206<br>Hex coord:(35;51),n/a,1,0,0,0,0,0,1,2023-05-31T20:30:27.9327582Z,0
2.12644,102.9572411,Daerah: Johor<br>No:3207<br>Hex coord:(36;51),n/a,0,0,0,0,0,0,1,2023-05-31T20:30:28.5926453Z,0
2.11866,102.9707756,Daerah: Johor<br>No:3208<br>Hex coord:(37;51),n/a,0,0,0,0,0,0,1,2023-05-31T20:30:29.2405001Z,0
2.12644,102.98431,Daerah: Johor<br>No:3209<br>Hex coord:(38;51),n/a,0,0,0,0,0,0,1,2023-05-31T20:30:29.9006311Z,0
2.11866,102.9978445,Daerah: Johor<br>No:3210<br>Hex coord:(39;51),n/a,0,0,0,0,0,0,1,2023-05-31T20:30:30.5561593Z,0
2.12644,103.011379,Daerah: Johor<br>No:3211<br>Hex coord:(40;51),n/a,0,0,0,0,0,0,1,2023-05-31T20:30:31.2216816Z,0
2.11866,103.0249135,Daerah: Johor<br>No:3212<br>Hex coord:(41;51),n/a,0,0,0,0,0,0,1,2023-05-31T20:30:31.8767667Z,0
2.12644,103.0384479,Daerah: Johor<br>No:3213<br>Hex coord:(42;51),n/a,0,0,0,0,0,0,1,2023-05-31T20:30:32.5471013Z,0
2.11866,103.0519824,Daerah: Johor<br>No:3214<br>Hex coord:(43;51),n/a,0,0,0,0,0,0,1,2023-05-31T20:30:33.2099302Z,0
2.12644,103.0655169,Daerah: Johor<br>No:3215<br>Hex coord:(44;51),n/a,0,0,0,0,0,0,1,2023-05-31T20:30:33.8714705Z,0
2.11866,103.0790514,Daerah: Johor<br>No:3216<br>Hex coord:(45;51),n/a,0,0,0,0,0,0,1,2023-05-31T20:30:34.5186851Z,0
2.12644,103.0925858,Daerah: Johor<br>No:3217<br>Hex coord:(46;51),n/a,0,0,0,0,0,0,1,2023-05-31T20:30:35.1783665Z,0
2.11866,103.1061203,Daerah: Johor<br>No:3218<br>Hex coord:(47;51),n/a,0,0,0,0,0,0,1,2023-05-31T20:30:35.8368926Z,0
2.12644,103.1196548,Daerah: Johor<br>No:3219<br>Hex coord:(48;51),n/a,0,0,0,0,0,0,1,2023-05-31T20:30:36.4921231Z,0
2.11866,103.1331893,Daerah: Johor<br>No:3220<br>Hex coord:(49;51),n/a,0,0,0,0,0,0,1,2023-05-31T20:30:37.1635490Z,0
2.12644,103.1467237,Daerah: Johor<br>No:3221<br>Hex coord:(50;51),n/a,0,0,0,0,0,0,1,2023-05-31T20:30:37.8276901Z,0
2.11866,103.1602582,Daerah: Johor<br>No:3222<br>Hex coord:(51;51),n/a,0,0,0,0,0,0,1,2023-05-31T20:30:38.4933756Z,0
2.12644,103.1737927,Daerah: Johor<br>No:3223<br>Hex coord:(52;51),n/a,0,0,0,0,0,0,1,2023-05-31T20:30:39.1485573Z,0
2.11866,103.1873272,Daerah: Johor<br>No:3224<br>Hex coord:(53;51),n/a,0,0,0,0,0,0,1,2023-05-31T20:30:39.8171683Z,0
2.12644,103.2008616,Daerah: Johor<br>No:3225<br>Hex coord:(54;51),n/a,0,0,0,0,0,0,1,2023-05-31T20:30:40.4753216Z,0
2.11866,103.2143961,Daerah: Johor<br>No:3226<br>Hex coord:(55;51),n/a,0,0,0,0,0,0,1,2023-05-31T20:30:41.1235313Z,0
2.12644,103.2279306,Daerah: Johor<br>No:3227<br>Hex coord:(56;51),n/a,0,0,0,0,0,0,1,2023-05-31T20:30:41.7807275Z,0
2.11866,103.2414651,Daerah: Johor<br>No:3228<br>Hex coord:(57;51),n/a,0,0,0,0,0,0,1,2023-05-31T20:30:42.4365386Z,0
2.12644,103.2549995,Daerah: Johor<br>No:3229<br>Hex coord:(58;51),n/a,0,0,0,0,0,0,1,2023-05-31T20:30:43.0918294Z,0
2.11866,103.268534,Daerah: Johor<br>No:3230<br>Hex coord:(59;51),n/a,0,0,0,0,0,0,1,2023-05-31T20:30:43.7437415Z,0
2.12644,103.2820685,Daerah: Johor<br>No:3231<br>Hex coord:(60;51),n/a,0,0,0,0,0,0,1,2023-05-31T20:30:44.4047446Z,0
2.11866,103.295603,Daerah: Johor<br>No:3232<br>Hex coord:(61;51),n/a,0,0,0,0,0,0,1,2023-05-31T20:30:45.0637363Z,0
2.12644,103.3091374,Daerah: Johor<br>No:3233<br>Hex coord:(62;51),n/a,0,0,0,0,0,0,1,2023-05-31T20:30:45.7221423Z,0
2.11866,103.3226719,Daerah: Johor<br>No:3234<br>Hex coord:(63;51),n/a,0,0,0,0,0,0,1,2023-05-31T20:30:46.3780413Z,0
2.12644,103.3362064,Daerah: Johor<br>No:3235<br>Hex coord:(64;51),n/a,0,0,0,0,0,0,1,2023-05-31T20:30:47.0355357Z,0
2.11866,103.3497409,Daerah: Johor<br>No:3236<br>Hex coord:(65;51),n/a,0,0,0,0,0,0,1,2023-05-31T20:30:47.6858233Z,0
2.12644,103.3632753,Daerah: Johor<br>No:3237<br>Hex coord:(66;51),n/a,0,0,0,0,0,0,1,2023-05-31T20:30:48.3374983Z,0
2.11866,103.3768098,Daerah: Johor<br>No:3238<br>Hex coord:(67;51),n/a,0,0,0,0,0,0,1,2023-05-31T20:30:49.0001615Z,0
2.12644,103.3903443,Daerah: Johor<br>No:3239<br>Hex coord:(68;51),n/a,0,0,0,0,0,0,1,2023-05-31T20:30:49.6481121Z,0
2.11866,103.4038788,Daerah: Johor<br>No:3240<br>Hex coord:(69;51),n/a,0,0,0,0,0,0,1,2023-05-31T20:30:50.3133065Z,0
2.12644,103.4174132,Daerah: Johor<br>No:3241<br>Hex coord:(70;51),n/a,0,0,0,0,0,0,1,2023-05-31T20:30:50.9726894Z,0
2.11866,103.4309477,Daerah: Johor<br>No:3242<br>Hex coord:(71;51),n/a,0,0,0,0,0,0,1,2023-05-31T20:30:51.6326041Z,0
2.12644,103.4444822,Daerah: Johor<br>No:3243<br>Hex coord:(72;51),n/a,0,0,0,0,0,0,1,2023-05-31T20:30:52.3058455Z,0
2.11866,103.4580167,Daerah: Johor<br>No:3244<br>Hex coord:(73;51),n/a,0,0,0,0,0,0,1,2023-05-31T20:30:52.9770841Z,0
2.12644,103.4715511,Daerah: Johor<br>No:3245<br>Hex coord:(74;51),n/a,0,0,0,0,0,0,1,2023-05-31T20:30:53.6293673Z,0
2.11866,103.4850856,Daerah: Johor<br>No:3246<br>Hex coord:(75;51),n/a,0,0,0,0,0,0,1,2023-05-31T20:30:54.2833170Z,0
2.12644,103.4986201,Daerah: Johor<br>No:3247<br>Hex coord:(76;51),n/a,0,0,0,0,0,0,1,2023-05-31T20:30:54.9369953Z,0
2.11866,103.5121546,Daerah: Johor<br>No:3248<br>Hex coord:(77;51),n/a,0,0,0,0,0,0,1,2023-05-31T20:30:55.5910898Z,0
2.12644,103.525689,Daerah: Johor<br>No:3249<br>Hex coord:(78;51),n/a,0,0,0,0,0,0,1,2023-05-31T20:30:56.2496832Z,0
2.11866,103.5392235,Daerah: Johor<br>No:3250<br>Hex coord:(79;51),n/a,0,0,0,0,0,0,1,2023-05-31T20:30:56.9017602Z,0
2.12644,103.552758,Daerah: Johor<br>No:3251<br>Hex coord:(80;51),n/a,0,0,0,0,0,0,1,2023-05-31T20:30:57.5678404Z,0
2.11866,103.5662925,Daerah: Johor<br>No:3252<br>Hex coord:(81;51),n/a,0,0,0,0,0,0,1,2023-05-31T20:30:58.2157968Z,0
2.12644,103.5798269,Daerah: Johor<br>No:3253<br>Hex coord:(82;51),n/a,0,0,0,0,0,0,1,2023-05-31T20:30:58.8795148Z,0
2.11866,103.5933614,Daerah: Johor<br>No:3254<br>Hex coord:(83;51),n/a,0,0,0,0,0,0,1,2023-05-31T20:30:59.5716454Z,0
2.12644,103.6068959,Daerah: Johor<br>No:3255<br>Hex coord:(84;51),n/a,0,0,0,0,0,0,1,2023-05-31T20:31:00.2343457Z,0
2.11866,103.6204304,Daerah: Johor<br>No:3256<br>Hex coord:(85;51),n/a,0,0,0,0,0,0,1,2023-05-31T20:31:00.8918497Z,0
2.12644,103.6339648,Daerah: Johor<br>No:3257<br>Hex coord:(86;51),n/a,0,0,0,0,0,0,1,2023-05-31T20:31:01.5484406Z,0
2.11866,103.6474993,Daerah: Johor<br>No:3258<br>Hex coord:(87;51),n/a,0,0,0,0,0,0,1,2023-05-31T20:31:02.2014839Z,0
2.12644,103.6610338,Daerah: Johor<br>No:3259<br>Hex coord:(88;51),n/a,0,0,0,0,0,0,1,2023-05-31T20:31:02.8558287Z,0
2.11866,103.6745683,Daerah: Johor<br>No:3260<br>Hex coord:(89;51),n/a,0,0,0,0,0,0,1,2023-05-31T20:31:03.5099066Z,0
2.12644,103.6881027,Daerah: Johor<br>No:3261<br>Hex coord:(90;51),n/a,0,0,0,0,0,0,1,2023-05-31T20:31:04.1785985Z,0
2.11866,103.7016372,Daerah: Johor<br>No:3262<br>Hex coord:(91;51),n/a,0,0,0,0,0,0,1,2023-05-31T20:31:04.8290813Z,0
2.12644,103.7151717,Daerah: Johor<br>No:3263<br>Hex coord:(92;51),n/a,0,0,0,0,0,0,1,2023-05-31T20:31:05.4923627Z,0
2.11866,103.7287062,Daerah: Johor<br>No:3264<br>Hex coord:(93;51),n/a,0,0,0,0,0,0,1,2023-05-31T20:31:06.1457831Z,0
2.12644,103.7422406,Daerah: Johor<br>No:3265<br>Hex coord:(94;51),n/a,0,0,0,0,0,0,1,2023-05-31T20:31:06.8078221Z,0
2.11866,103.7557751,Daerah: Johor<br>No:3266<br>Hex coord:(95;51),n/a,0,0,0,0,0,0,1,2023-05-31T20:31:07.4651733Z,0
2.12644,103.7693096,Daerah: Johor<br>No:3267<br>Hex coord:(96;51),n/a,0,0,0,0,0,0,1,2023-05-31T20:31:08.1315858Z,0
2.11866,103.7828441,Daerah: Johor<br>No:3268<br>Hex coord:(97;51),n/a,0,0,0,0,0,0,1,2023-05-31T20:31:08.7940964Z,0
2.12644,103.7963785,Daerah: Johor<br>No:3269<br>Hex coord:(98;51),n/a,0,0,0,0,0,0,1,2023-05-31T20:31:09.4434137Z,0
2.11866,103.809913,Daerah: Johor<br>No:3270<br>Hex coord:(99;51),n/a,0,0,0,0,0,0,1,2023-05-31T20:31:10.0979891Z,0
2.12644,103.8234475,Daerah: Johor<br>No:3271<br>Hex coord:(100;51),n/a,0,0,0,0,0,0,1,2023-05-31T20:31:10.7535785Z,0
2.11866,103.836982,Daerah: Johor<br>No:3272<br>Hex coord:(101;51),n/a,0,0,0,0,0,0,1,2023-05-31T20:31:11.4018767Z,0
2.12644,103.8505164,Daerah: Johor<br>No:3273<br>Hex coord:(102;51),n/a,0,0,0,0,0,0,1,2023-05-31T20:31:12.0878590Z,0
2.11866,103.8640509,Daerah: Johor<br>No:3274<br>Hex coord:(103;51),n/a,0,0,0,0,0,0,1,2023-05-31T20:31:12.7401453Z,0
2.12644,103.8775854,Daerah: Johor<br>No:3275<br>Hex coord:(104;51),n/a,0,0,0,0,0,0,1,2023-05-31T20:31:13.4012236Z,0
2.11866,103.8911199,Daerah: Johor<br>No:3276<br>Hex coord:(105;51),n/a,0,0,0,0,0,0,1,2023-05-31T20:31:14.0706345Z,0
2.12644,103.9046543,Daerah: Johor<br>No:3277<br>Hex coord:(106;51),n/a,0,0,0,0,0,0,1,2023-05-31T20:31:14.7187619Z,0
2.11866,103.9181888,Daerah: Johor<br>No:3278<br>Hex coord:(107;51),n/a,0,0,0,0,0,0,1,2023-05-31T20:31:15.3700263Z,0
2.12644,103.9317233,Daerah: Johor<br>No:3279<br>Hex coord:(108;51),n/a,0,0,0,0,0,0,1,2023-05-31T20:31:16.0257480Z,0
2.11866,103.9452578,Daerah: Johor<br>No:3280<br>Hex coord:(109;51),n/a,0,0,0,0,0,0,1,2023-05-31T20:31:16.6951641Z,0
2.12644,103.9587922,Daerah: Johor<br>No:3281<br>Hex coord:(110;51),n/a,0,0,0,0,0,0,1,2023-05-31T20:31:17.3536988Z,0
2.11866,103.9723267,Daerah: Johor<br>No:3282<br>Hex coord:(111;51),n/a,0,0,0,0,0,0,1,2023-05-31T20:31:18.0117733Z,0
2.12644,103.9858612,Daerah: Johor<br>No:3283<br>Hex coord:(112;51),n/a,0,0,0,0,0,0,1,2023-05-31T20:31:18.6771959Z,0
2.11866,103.9993957,Daerah: Johor<br>No:3284<br>Hex coord:(113;51),n/a,0,0,0,0,0,0,1,2023-05-31T20:31:19.3260874Z,0
2.12644,104.0129301,Daerah: Johor<br>No:3285<br>Hex coord:(114;51),n/a,0,0,0,0,0,0,1,2023-05-31T20:31:19.9861095Z,0
2.11088,102.4970689,Daerah: Johor<br>No:3286<br>Hex coord:(2;52),n/a,2,0,0,0,0,0,1,2023-05-31T20:31:20.6469568Z,0
2.1031,102.5106034,Daerah: Johor<br>No:3287<br>Hex coord:(3;52),n/a,0,0,0,0,0,0,1,2023-05-31T20:31:21.3090159Z,0
2.11088,102.5241379,Daerah: Johor<br>No:3288<br>Hex coord:(4;52),n/a,0,0,0,0,0,0,1,2023-05-31T20:31:21.9660534Z,0
2.1031,102.5376724,Daerah: Johor<br>No:3289<br>Hex coord:(5;52),n/a,0,0,0,0,0,0,1,2023-05-31T20:31:22.6330597Z,0
2.11088,102.5512068,Daerah: Johor<br>No:3290<br>Hex coord:(6;52),n/a,0,0,0,0,0,0,1,2023-05-31T20:31:23.2916316Z,0
2.1031,102.5647413,Daerah: Johor<br>No:3291<br>Hex coord:(7;52),n/a,0,0,0,0,0,0,1,2023-05-31T20:31:23.9530421Z,0
2.11088,102.5782758,Daerah: Johor<br>No:3292<br>Hex coord:(8;52),n/a,0,0,0,0,0,0,1,2023-05-31T20:31:24.6216011Z,0
2.1031,102.5918103,Daerah: Johor<br>No:3293<br>Hex coord:(9;52),n/a,0,0,0,0,0,0,1,2023-05-31T20:31:25.2805986Z,0
2.11088,102.6053447,Daerah: Johor<br>No:3294<br>Hex coord:(10;52),n/a,0,0,0,0,0,0,1,2023-05-31T20:31:25.9518818Z,0
2.1031,102.6188792,Daerah: Johor<br>No:3295<br>Hex coord:(11;52),n/a,0,0,0,0,0,0,1,2023-05-31T20:31:26.6186837Z,0
2.11088,102.6324137,Daerah: Johor<br>No:3296<br>Hex coord:(12;52),n/a,0,0,0,0,0,0,1,2023-05-31T20:31:27.2859247Z,0
2.1031,102.6459482,Daerah: Johor<br>No:3297<br>Hex coord:(13;52),n/a,1,0,0,0,0,0,1,2023-05-31T20:31:27.9399464Z,1
2.11088,102.6594826,Daerah: Johor<br>No:3298<br>Hex coord:(14;52),n/a,0,0,0,0,0,0,1,2023-05-31T20:31:28.5990893Z,0
2.1031,102.6730171,Daerah: Johor<br>No:3299<br>Hex coord:(15;52),n/a,0,0,0,0,0,0,1,2023-05-31T20:31:29.2610605Z,0
2.11088,102.6865516,Daerah: Johor<br>No:3300<br>Hex coord:(16;52),n/a,0,0,0,0,0,0,1,2023-05-31T20:31:29.9138220Z,0
2.1031,102.7000861,Daerah: Johor<br>No:3301<br>Hex coord:(17;52),n/a,0,0,0,0,0,0,1,2023-05-31T20:31:30.5725401Z,0
2.11088,102.7136205,Daerah: Johor<br>No:3302<br>Hex coord:(18;52),n/a,0,0,0,0,0,0,1,2023-05-31T20:31:31.2236491Z,0
2.1031,102.727155,Daerah: Johor<br>No:3303<br>Hex coord:(19;52),n/a,0,0,0,0,0,0,1,2023-05-31T20:31:31.8847940Z,0
2.11088,102.7406895,Daerah: Johor<br>No:3304<br>Hex coord:(20;52),n/a,0,0,0,0,0,0,1,2023-05-31T20:31:32.5553846Z,0
2.1031,102.754224,Daerah: Johor<br>No:3305<br>Hex coord:(21;52),n/a,0,0,0,0,0,0,1,2023-05-31T20:31:33.2187267Z,0
2.11088,102.7677584,Daerah: Johor<br>No:3306<br>Hex coord:(22;52),n/a,0,0,0,0,0,0,1,2023-05-31T20:31:33.8780177Z,0
2.1031,102.7812929,Daerah: Johor<br>No:3307<br>Hex coord:(23;52),n/a,0,0,0,0,0,0,1,2023-05-31T20:31:34.5300210Z,0
2.11088,102.7948274,Daerah: Johor<br>No:3308<br>Hex coord:(24;52),n/a,0,0,0,0,0,0,1,2023-05-31T20:31:35.1825677Z,0
2.1031,102.8083619,Daerah: Johor<br>No:3309<br>Hex coord:(25;52),n/a,0,0,0,0,0,0,1,2023-05-31T20:31:35.8486219Z,0
2.11088,102.8218963,Daerah: Johor<br>No:3310<br>Hex coord:(26;52),n/a,0,0,0,0,0,0,1,2023-05-31T20:31:36.4957612Z,0
2.1031,102.8354308,Daerah: Johor<br>No:3311<br>Hex coord:(27;52),n/a,0,0,0,0,0,0,1,2023-05-31T20:31:37.1592336Z,0
2.11088,102.8489653,Daerah: Johor<br>No:3312<br>Hex coord:(28;52),n/a,0,0,0,0,0,0,1,2023-05-31T20:31:37.8148189Z,0
2.1031,102.8624998,Daerah: Johor<br>No:3313<br>Hex coord:(29;52),n/a,0,0,0,0,0,0,1,2023-05-31T20:31:38.4648547Z,0
2.11088,102.8760342,Daerah: Johor<br>No:3314<br>Hex coord:(30;52),n/a,0,0,0,0,0,0,1,2023-05-31T20:31:39.1286345Z,0
2.1031,102.8895687,Daerah: Johor<br>No:3315<br>Hex coord:(31;52),n/a,0,0,0,0,0,0,1,2023-05-31T20:31:39.7881266Z,0
2.11088,102.9031032,Daerah: Johor<br>No:3316<br>Hex coord:(32;52),n/a,0,0,0,0,0,0,1,2023-05-31T20:31:40.4562213Z,0
2.1031,102.9166377,Daerah: Johor<br>No:3317<br>Hex coord:(33;52),n/a,0,0,0,0,0,0,1,2023-05-31T20:31:41.1170318Z,0
2.11088,102.9301721,Daerah: Johor<br>No:3318<br>Hex coord:(34;52),n/a,0,0,0,0,0,0,1,2023-05-31T20:31:41.7780627Z,0
2.1031,102.9437066,Daerah: Johor<br>No:3319<br>Hex coord:(35;52),n/a,1,0,0,0,0,0,1,2023-05-31T20:31:42.4347862Z,0
2.11088,102.9572411,Daerah: Johor<br>No:3320<br>Hex coord:(36;52),n/a,0,0,0,0,0,0,1,2023-05-31T20:31:43.0863345Z,0
2.1031,102.9707756,Daerah: Johor<br>No:3321<br>Hex coord:(37;52),n/a,0,0,0,0,0,0,1,2023-05-31T20:31:43.7452123Z,0
2.11088,102.98431,Daerah: Johor<br>No:3322<br>Hex coord:(38;52),n/a,0,0,0,0,0,0,1,2023-05-31T20:31:44.4120671Z,0
2.1031,102.9978445,Daerah: Johor<br>No:3323<br>Hex coord:(39;52),n/a,0,0,0,0,0,0,1,2023-05-31T20:31:45.0676325Z,0
2.11088,103.011379,Daerah: Johor<br>No:3324<br>Hex coord:(40;52),n/a,0,0,0,0,0,0,1,2023-05-31T20:31:45.7172293Z,0
2.1031,103.0249135,Daerah: Johor<br>No:3325<br>Hex coord:(41;52),n/a,0,0,0,0,0,0,1,2023-05-31T20:31:46.3771836Z,0
2.11088,103.0384479,Daerah: Johor<br>No:3326<br>Hex coord:(42;52),n/a,0,0,0,0,0,0,1,2023-05-31T20:31:47.0274253Z,0
2.1031,103.0519824,Daerah: Johor<br>No:3327<br>Hex coord:(43;52),n/a,0,0,0,0,0,0,1,2023-05-31T20:31:47.6893342Z,0
2.11088,103.0655169,Daerah: Johor<br>No:3328<br>Hex coord:(44;52),n/a,0,0,0,0,0,0,1,2023-05-31T20:31:48.3453913Z,0
2.1031,103.0790514,Daerah: Johor<br>No:3329<br>Hex coord:(45;52),n/a,0,0,0,0,0,0,1,2023-05-31T20:31:49.0064832Z,0
2.11088,103.0925858,Daerah: Johor<br>No:3330<br>Hex coord:(46;52),n/a,0,0,0,0,0,0,1,2023-05-31T20:31:49.6584857Z,0
2.1031,103.1061203,Daerah: Johor<br>No:3331<br>Hex coord:(47;52),n/a,0,0,0,0,0,0,1,2023-05-31T20:31:50.3171513Z,0
2.11088,103.1196548,Daerah: Johor<br>No:3332<br>Hex coord:(48;52),n/a,0,0,0,0,0,0,1,2023-05-31T20:31:50.9662199Z,0
2.1031,103.1331893,Daerah: Johor<br>No:3333<br>Hex coord:(49;52),n/a,0,0,0,0,0,0,1,2023-05-31T20:31:51.6228443Z,0
2.11088,103.1467237,Daerah: Johor<br>No:3334<br>Hex coord:(50;52),n/a,0,0,0,0,0,0,1,2023-05-31T20:31:52.2736361Z,0
2.1031,103.1602582,Daerah: Johor<br>No:3335<br>Hex coord:(51;52),n/a,0,0,0,0,0,0,1,2023-05-31T20:31:52.9373147Z,0
2.11088,103.1737927,Daerah: Johor<br>No:3336<br>Hex coord:(52;52),n/a,0,0,0,0,0,0,1,2023-05-31T20:31:53.5961627Z,0
2.1031,103.1873272,Daerah: Johor<br>No:3337<br>Hex coord:(53;52),n/a,0,0,0,0,0,0,1,2023-05-31T20:31:54.2520065Z,0
2.11088,103.2008616,Daerah: Johor<br>No:3338<br>Hex coord:(54;52),n/a,0,0,0,0,0,0,1,2023-05-31T20:31:54.9006902Z,0
2.1031,103.2143961,Daerah: Johor<br>No:3339<br>Hex coord:(55;52),n/a,0,0,0,0,0,0,1,2023-05-31T20:31:55.5562513Z,0
2.11088,103.2279306,Daerah: Johor<br>No:3340<br>Hex coord:(56;52),n/a,0,0,0,0,0,0,1,2023-05-31T20:31:56.2026333Z,0
2.1031,103.2414651,Daerah: Johor<br>No:3341<br>Hex coord:(57;52),n/a,0,0,0,0,0,0,1,2023-05-31T20:31:56.8523730Z,0
2.11088,103.2549995,Daerah: Johor<br>No:3342<br>Hex coord:(58;52),n/a,0,0,0,0,0,0,1,2023-05-31T20:31:57.5094485Z,0
2.1031,103.268534,Daerah: Johor<br>No:3343<br>Hex coord:(59;52),n/a,0,0,0,0,0,0,1,2023-05-31T20:31:58.1638089Z,0
2.11088,103.2820685,Daerah: Johor<br>No:3344<br>Hex coord:(60;52),n/a,0,0,0,0,0,0,1,2023-05-31T20:31:58.8176759Z,0
2.1031,103.295603,Daerah: Johor<br>No:3345<br>Hex coord:(61;52),n/a,0,0,0,0,0,0,1,2023-05-31T20:31:59.4808407Z,0
2.11088,103.3091374,Daerah: Johor<br>No:3346<br>Hex coord:(62;52),n/a,0,0,0,0,0,0,1,2023-05-31T20:32:00.1321363Z,0
2.1031,103.3226719,Daerah: Johor<br>No:3347<br>Hex coord:(63;52),n/a,0,0,0,0,0,0,1,2023-05-31T20:32:00.7906354Z,0
2.11088,103.3362064,Daerah: Johor<br>No:3348<br>Hex coord:(64;52),n/a,0,0,0,0,0,0,1,2023-05-31T20:32:01.4479713Z,0
2.1031,103.3497409,Daerah: Johor<br>No:3349<br>Hex coord:(65;52),n/a,0,0,0,0,0,0,1,2023-05-31T20:32:02.1120335Z,0
2.11088,103.3632753,Daerah: Johor<br>No:3350<br>Hex coord:(66;52),n/a,0,0,0,0,0,0,1,2023-05-31T20:32:02.7737763Z,0
2.1031,103.3768098,Daerah: Johor<br>No:3351<br>Hex coord:(67;52),n/a,0,0,0,0,0,0,1,2023-05-31T20:32:03.4296931Z,0
2.11088,103.3903443,Daerah: Johor<br>No:3352<br>Hex coord:(68;52),n/a,0,0,0,0,0,0,1,2023-05-31T20:32:04.0973010Z,0
2.1031,103.4038788,Daerah: Johor<br>No:3353<br>Hex coord:(69;52),n/a,0,0,0,0,0,0,1,2023-05-31T20:32:04.7638018Z,0
2.11088,103.4174132,Daerah: Johor<br>No:3354<br>Hex coord:(70;52),n/a,0,0,0,0,0,0,1,2023-05-31T20:32:05.4218778Z,0
2.1031,103.4309477,Daerah: Johor<br>No:3355<br>Hex coord:(71;52),n/a,0,0,0,0,0,0,1,2023-05-31T20:32:06.0835164Z,0
2.11088,103.4444822,Daerah: Johor<br>No:3356<br>Hex coord:(72;52),n/a,0,0,0,0,0,0,1,2023-05-31T20:32:06.7334476Z,0
2.1031,103.4580167,Daerah: Johor<br>No:3357<br>Hex coord:(73;52),n/a,0,0,0,0,0,0,1,2023-05-31T20:32:07.3849552Z,0
2.11088,103.4715511,Daerah: Johor<br>No:3358<br>Hex coord:(74;52),n/a,0,0,0,0,0,0,1,2023-05-31T20:32:08.0412481Z,0
2.1031,103.4850856,Daerah: Johor<br>No:3359<br>Hex coord:(75;52),n/a,0,0,0,0,0,0,1,2023-05-31T20:32:08.7043692Z,0
2.11088,103.4986201,Daerah: Johor<br>No:3360<br>Hex coord:(76;52),n/a,0,0,0,0,0,0,1,2023-05-31T20:32:09.3603836Z,0
2.1031,103.5121546,Daerah: Johor<br>No:3361<br>Hex coord:(77;52),n/a,0,0,0,0,0,0,1,2023-05-31T20:32:10.0149183Z,0
2.11088,103.525689,Daerah: Johor<br>No:3362<br>Hex coord:(78;52),n/a,0,0,0,0,0,0,1,2023-05-31T20:32:10.6639064Z,0
2.1031,103.5392235,Daerah: Johor<br>No:3363<br>Hex coord:(79;52),n/a,0,0,0,0,0,0,1,2023-05-31T20:32:11.3248271Z,0
2.11088,103.552758,Daerah: Johor<br>No:3364<br>Hex coord:(80;52),n/a,0,0,0,0,0,0,1,2023-05-31T20:32:11.9792016Z,0
2.1031,103.5662925,Daerah: Johor<br>No:3365<br>Hex coord:(81;52),n/a,0,0,0,0,0,0,1,2023-05-31T20:32:12.6344070Z,0
2.11088,103.5798269,Daerah: Johor<br>No:3366<br>Hex coord:(82;52),n/a,0,0,0,0,0,0,1,2023-05-31T20:32:13.2891396Z,0
2.1031,103.5933614,Daerah: Johor<br>No:3367<br>Hex coord:(83;52),n/a,0,0,0,0,0,0,1,2023-05-31T20:32:13.9474946Z,0
2.11088,103.6068959,Daerah: Johor<br>No:3368<br>Hex coord:(84;52),n/a,0,0,0,0,0,0,1,2023-05-31T20:32:14.6135074Z,0
2.1031,103.6204304,Daerah: Johor<br>No:3369<br>Hex coord:(85;52),n/a,0,0,0,0,0,0,1,2023-05-31T20:32:15.2927103Z,0
2.11088,103.6339648,Daerah: Johor<br>No:3370<br>Hex coord:(86;52),n/a,0,0,0,0,0,0,1,2023-05-31T20:32:15.9373938Z,0
2.1031,103.6474993,Daerah: Johor<br>No:3371<br>Hex coord:(87;52),n/a,0,0,0,0,0,0,1,2023-05-31T20:32:16.5927017Z,0
2.11088,103.6610338,Daerah: Johor<br>No:3372<br>Hex coord:(88;52),n/a,0,0,0,0,0,0,1,2023-05-31T20:32:17.2455263Z,0
2.1031,103.6745683,Daerah: Johor<br>No:3373<br>Hex coord:(89;52),n/a,0,0,0,0,0,0,1,2023-05-31T20:32:17.9026774Z,0
2.11088,103.6881027,Daerah: Johor<br>No:3374<br>Hex coord:(90;52),n/a,0,0,0,0,0,0,1,2023-05-31T20:32:18.5567390Z,0
2.1031,103.7016372,Daerah: Johor<br>No:3375<br>Hex coord:(91;52),n/a,0,0,0,0,0,0,1,2023-05-31T20:32:19.2148100Z,0
2.11088,103.7151717,Daerah: Johor<br>No:3376<br>Hex coord:(92;52),n/a,0,0,0,0,0,0,1,2023-05-31T20:32:19.8685696Z,0
2.1031,103.7287062,Daerah: Johor<br>No:3377<br>Hex coord:(93;52),n/a,0,0,0,0,0,0,1,2023-05-31T20:32:20.5255142Z,0
2.11088,103.7422406,Daerah: Johor<br>No:3378<br>Hex coord:(94;52),n/a,0,0,0,0,0,0,1,2023-05-31T20:32:21.1773886Z,0
2.1031,103.7557751,Daerah: Johor<br>No:3379<br>Hex coord:(95;52),n/a,0,0,0,0,0,0,1,2023-05-31T20:32:21.8325107Z,0
2.11088,103.7693096,Daerah: Johor<br>No:3380<br>Hex coord:(96;52),n/a,0,0,0,0,0,0,1,2023-05-31T20:32:22.4853297Z,0
2.1031,103.7828441,Daerah: Johor<br>No:3381<br>Hex coord:(97;52),n/a,0,0,0,0,0,0,1,2023-05-31T20:32:23.1434190Z,0
2.11088,103.7963785,Daerah: Johor<br>No:3382<br>Hex coord:(98;52),n/a,0,0,0,0,0,0,1,2023-05-31T20:32:23.7927192Z,0
2.1031,103.809913,Daerah: Johor<br>No:3383<br>Hex coord:(99;52),n/a,0,0,0,0,0,0,1,2023-05-31T20:32:24.4527159Z,0
2.11088,103.8234475,Daerah: Johor<br>No:3384<br>Hex coord:(100;52),n/a,0,0,0,0,0,0,1,2023-05-31T20:32:27.1036578Z,0
2.1031,103.836982,Daerah: Johor<br>No:3385<br>Hex coord:(101;52),n/a,0,0,0,0,0,0,1,2023-05-31T20:32:27.7638463Z,0
2.11088,103.8505164,Daerah: Johor<br>No:3386<br>Hex coord:(102;52),n/a,0,0,0,0,0,0,1,2023-05-31T20:32:28.4166335Z,0
2.1031,103.8640509,Daerah: Johor<br>No:3387<br>Hex coord:(103;52),n/a,0,0,0,0,0,0,1,2023-05-31T20:32:29.0692687Z,0
2.11088,103.8775854,Daerah: Johor<br>No:3388<br>Hex coord:(104;52),n/a,0,0,0,0,0,0,1,2023-05-31T20:32:29.7199785Z,0
2.1031,103.8911199,Daerah: Johor<br>No:3389<br>Hex coord:(105;52),n/a,0,0,0,0,0,0,1,2023-05-31T20:32:30.3713225Z,0
2.11088,103.9046543,Daerah: Johor<br>No:3390<br>Hex coord:(106;52),n/a,0,0,0,0,0,0,1,2023-05-31T20:32:31.0211211Z,0
2.1031,103.9181888,Daerah: Johor<br>No:3391<br>Hex coord:(107;52),n/a,0,0,0,0,0,0,1,2023-05-31T20:32:31.6834544Z,0
2.11088,103.9317233,Daerah: Johor<br>No:3392<br>Hex coord:(108;52),n/a,0,0,0,0,0,0,1,2023-05-31T20:32:32.3327363Z,0
2.1031,103.9452578,Daerah: Johor<br>No:3393<br>Hex coord:(109;52),n/a,0,0,0,0,0,0,1,2023-05-31T20:32:32.9985076Z,0
2.11088,103.9587922,Daerah: Johor<br>No:3394<br>Hex coord:(110;52),n/a,0,0,0,0,0,0,1,2023-05-31T20:32:33.6551261Z,0
2.1031,103.9723267,Daerah: Johor<br>No:3395<br>Hex coord:(111;52),n/a,0,0,0,0,0,0,1,2023-05-31T20:32:34.3100964Z,0
2.11088,103.9858612,Daerah: Johor<br>No:3396<br>Hex coord:(112;52),n/a,0,0,0,0,0,0,1,2023-05-31T20:32:34.9637038Z,0
2.1031,103.9993957,Daerah: Johor<br>No:3397<br>Hex coord:(113;52),n/a,0,0,0,0,0,0,1,2023-05-31T20:32:35.6487630Z,0
2.11088,104.0129301,Daerah: Johor<br>No:3398<br>Hex coord:(114;52),n/a,0,0,0,0,0,0,1,2023-05-31T20:32:36.3085346Z,0
2.1031,104.0264646,Daerah: Johor<br>No:3399<br>Hex coord:(115;52),n/a,0,0,0,0,0,0,1,2023-05-31T20:32:36.9698774Z,0
2.09532,102.4970689,Daerah: Johor<br>No:3400<br>Hex coord:(2;53),n/a,0,0,0,0,0,0,1,2023-05-31T20:32:37.6275401Z,0
2.08754,102.5106034,Daerah: Johor<br>No:3401<br>Hex coord:(3;53),n/a,0,0,0,0,0,0,1,2023-05-31T20:32:38.2831734Z,0
2.09532,102.5241379,Daerah: Johor<br>No:3402<br>Hex coord:(4;53),n/a,0,0,0,0,0,0,1,2023-05-31T20:32:38.9418208Z,0
2.08754,102.5376724,Daerah: Johor<br>No:3403<br>Hex coord:(5;53),n/a,0,0,0,0,0,0,1,2023-05-31T20:32:39.6060148Z,0
2.09532,102.5512068,Daerah: Johor<br>No:3404<br>Hex coord:(6;53),n/a,0,0,0,0,0,0,1,2023-05-31T20:32:40.2821701Z,0
2.08754,102.5647413,Daerah: Johor<br>No:3405<br>Hex coord:(7;53),n/a,0,0,0,0,0,1,1,2023-05-31T20:32:40.9578746Z,0
2.09532,102.5782758,Daerah: Johor<br>No:3406<br>Hex coord:(8;53),n/a,0,0,0,0,0,1,1,2023-05-31T20:32:41.6199891Z,0
2.08754,102.5918103,Daerah: Johor<br>No:3407<br>Hex coord:(9;53),n/a,0,0,0,0,0,2,1,2023-05-31T20:32:42.2925038Z,0
2.09532,102.6053447,Daerah: Johor<br>No:3408<br>Hex coord:(10;53),n/a,0,0,0,0,0,0,1,2023-05-31T20:32:42.9630514Z,1
2.08754,102.6188792,Daerah: Johor<br>No:3409<br>Hex coord:(11;53),n/a,0,0,0,0,0,0,1,2023-05-31T20:32:43.6373436Z,0
2.09532,102.6324137,Daerah: Johor<br>No:3410<br>Hex coord:(12;53),n/a,1,0,0,0,0,0,1,2023-05-31T20:32:44.3227999Z,0
2.08754,102.6459482,Daerah: Johor<br>No:3411<br>Hex coord:(13;53),n/a,0,0,0,0,0,0,1,2023-05-31T20:32:44.9923753Z,1
2.09532,102.6594826,Daerah: Johor<br>No:3412<br>Hex coord:(14;53),n/a,0,0,0,0,0,0,1,2023-05-31T20:32:45.6570642Z,0
2.08754,102.6730171,Daerah: Johor<br>No:3413<br>Hex coord:(15;53),n/a,0,0,0,0,0,0,1,2023-05-31T20:32:46.3136086Z,0
2.09532,102.6865516,Daerah: Johor<br>No:3414<br>Hex coord:(16;53),n/a,0,0,0,0,0,0,1,2023-05-31T20:32:46.9678732Z,0
2.08754,102.7000861,Daerah: Johor<br>No:3415<br>Hex coord:(17;53),n/a,0,0,0,0,0,0,1,2023-05-31T20:32:47.6195759Z,0
2.09532,102.7136205,Daerah: Johor<br>No:3416<br>Hex coord:(18;53),n/a,0,0,0,0,0,0,1,2023-05-31T20:32:48.2675989Z,0
2.08754,102.727155,Daerah: Johor<br>No:3417<br>Hex coord:(19;53),n/a,0,0,0,0,0,0,1,2023-05-31T20:32:48.9278029Z,0
2.09532,102.7406895,Daerah: Johor<br>No:3418<br>Hex coord:(20;53),n/a,0,0,0,0,0,0,1,2023-05-31T20:32:49.5796638Z,0
2.08754,102.754224,Daerah: Johor<br>No:3419<br>Hex coord:(21;53),n/a,0,0,0,0,0,0,1,2023-05-31T20:32:50.2373898Z,0
2.09532,102.7677584,Daerah: Johor<br>No:3420<br>Hex coord:(22;53),n/a,0,0,0,0,0,0,1,2023-05-31T20:32:50.8925687Z,0
2.08754,102.7812929,Daerah: Johor<br>No:3421<br>Hex coord:(23;53),n/a,0,0,0,0,0,0,1,2023-05-31T20:32:51.5490927Z,0
2.09532,102.7948274,Daerah: Johor<br>No:3422<br>Hex coord:(24;53),n/a,0,0,0,0,0,0,1,2023-05-31T20:32:52.1953678Z,0
2.08754,102.8083619,Daerah: Johor<br>No:3423<br>Hex coord:(25;53),n/a,0,0,0,0,0,0,1,2023-05-31T20:32:52.8563815Z,0
2.09532,102.8218963,Daerah: Johor<br>No:3424<br>Hex coord:(26;53),n/a,0,0,0,0,0,0,1,2023-05-31T20:32:53.5128719Z,0
2.08754,102.8354308,Daerah: Johor<br>No:3425<br>Hex coord:(27;53),n/a,0,0,0,0,0,0,1,2023-05-31T20:32:54.1706607Z,0
2.09532,102.8489653,Daerah: Johor<br>No:3426<br>Hex coord:(28;53),n/a,0,0,0,0,0,0,1,2023-05-31T20:32:54.8331153Z,0
2.08754,102.8624998,Daerah: Johor<br>No:3427<br>Hex coord:(29;53),n/a,0,0,0,0,0,0,1,2023-05-31T20:32:55.4860005Z,0
2.09532,102.8760342,Daerah: Johor<br>No:3428<br>Hex coord:(30;53),n/a,0,0,0,0,0,0,1,2023-05-31T20:32:56.1399431Z,0
2.08754,102.8895687,Daerah: Johor<br>No:3429<br>Hex coord:(31;53),n/a,0,0,0,0,0,0,1,2023-05-31T20:32:56.8051095Z,0
2.09532,102.9031032,Daerah: Johor<br>No:3430<br>Hex coord:(32;53),n/a,0,0,0,0,0,0,1,2023-05-31T20:32:57.4571403Z,0
2.08754,102.9166377,Daerah: Johor<br>No:3431<br>Hex coord:(33;53),n/a,0,0,0,0,0,0,1,2023-05-31T20:32:58.1121109Z,0
2.09532,102.9301721,Daerah: Johor<br>No:3432<br>Hex coord:(34;53),n/a,0,0,0,0,0,0,1,2023-05-31T20:32:58.7781027Z,0
2.08754,102.9437066,Daerah: Johor<br>No:3433<br>Hex coord:(35;53),n/a,0,0,0,0,0,0,1,2023-05-31T20:32:59.4355931Z,0
2.09532,102.9572411,Daerah: Johor<br>No:3434<br>Hex coord:(36;53),n/a,0,0,0,0,0,0,1,2023-05-31T20:33:00.0866502Z,0
2.08754,102.9707756,Daerah: Johor<br>No:3435<br>Hex coord:(37;53),n/a,0,0,0,0,0,0,1,2023-05-31T20:33:00.7394612Z,0
2.09532,102.98431,Daerah: Johor<br>No:3436<br>Hex coord:(38;53),n/a,0,0,0,0,0,0,1,2023-05-31T20:33:01.3957391Z,0
2.08754,102.9978445,Daerah: Johor<br>No:3437<br>Hex coord:(39;53),n/a,0,0,0,0,0,0,1,2023-05-31T20:33:02.0595817Z,0
2.09532,103.011379,Daerah: Johor<br>No:3438<br>Hex coord:(40;53),n/a,0,0,0,0,0,0,1,2023-05-31T20:33:02.7123807Z,0
2.08754,103.0249135,Daerah: Johor<br>No:3439<br>Hex coord:(41;53),n/a,0,0,0,0,0,0,1,2023-05-31T20:33:03.3713208Z,0
2.09532,103.0384479,Daerah: Johor<br>No:3440<br>Hex coord:(42;53),n/a,0,0,0,0,0,0,1,2023-05-31T20:33:04.0325112Z,0
2.08754,103.0519824,Daerah: Johor<br>No:3441<br>Hex coord:(43;53),n/a,0,0,0,0,0,0,1,2023-05-31T20:33:04.6996043Z,0
2.09532,103.0655169,Daerah: Johor<br>No:3442<br>Hex coord:(44;53),n/a,0,0,0,0,0,0,1,2023-05-31T20:33:05.3478334Z,0
2.08754,103.0790514,Daerah: Johor<br>No:3443<br>Hex coord:(45;53),n/a,0,0,0,0,0,0,1,2023-05-31T20:33:06.0015700Z,0
2.09532,103.0925858,Daerah: Johor<br>No:3444<br>Hex coord:(46;53),n/a,0,0,0,0,0,0,1,2023-05-31T20:33:06.6477432Z,0
2.08754,103.1061203,Daerah: Johor<br>No:3445<br>Hex coord:(47;53),n/a,0,0,0,0,0,0,1,2023-05-31T20:33:07.3031409Z,0
2.09532,103.1196548,Daerah: Johor<br>No:3446<br>Hex coord:(48;53),n/a,0,0,0,0,0,0,1,2023-05-31T20:33:07.9563508Z,0
2.08754,103.1331893,Daerah: Johor<br>No:3447<br>Hex coord:(49;53),n/a,0,0,0,0,0,0,1,2023-05-31T20:33:08.6107886Z,0
2.09532,103.1467237,Daerah: Johor<br>No:3448<br>Hex coord:(50;53),n/a,0,0,0,0,0,0,1,2023-05-31T20:33:09.2600426Z,0
2.08754,103.1602582,Daerah: Johor<br>No:3449<br>Hex coord:(51;53),n/a,0,0,0,0,0,0,1,2023-05-31T20:33:09.9187813Z,0
2.09532,103.1737927,Daerah: Johor<br>No:3450<br>Hex coord:(52;53),n/a,0,0,0,0,0,0,1,2023-05-31T20:33:10.5765192Z,0
2.08754,103.1873272,Daerah: Johor<br>No:3451<br>Hex coord:(53;53),n/a,0,0,0,0,0,0,1,2023-05-31T20:33:47.2667901Z,0
2.09532,103.2008616,Daerah: Johor<br>No:3452<br>Hex coord:(54;53),n/a,0,0,0,0,0,0,1,2023-05-31T20:33:47.9318050Z,0
2.08754,103.2143961,Daerah: Johor<br>No:3453<br>Hex coord:(55;53),n/a,0,0,0,0,0,0,1,2023-05-31T20:33:48.5916791Z,0
2.09532,103.2279306,Daerah: Johor<br>No:3454<br>Hex coord:(56;53),n/a,0,0,0,0,0,0,1,2023-05-31T20:33:49.2465929Z,0
2.08754,103.2414651,Daerah: Johor<br>No:3455<br>Hex coord:(57;53),n/a,0,0,0,0,0,0,1,2023-05-31T20:33:49.9158489Z,0
2.09532,103.2549995,Daerah: Johor<br>No:3456<br>Hex coord:(58;53),n/a,0,0,0,0,0,0,1,2023-05-31T20:33:50.5690548Z,0
2.08754,103.268534,Daerah: Johor<br>No:3457<br>Hex coord:(59;53),n/a,0,0,0,0,0,0,1,2023-05-31T20:33:51.2295584Z,0
2.09532,103.2820685,Daerah: Johor<br>No:3458<br>Hex coord:(60;53),n/a,0,0,0,0,0,0,1,2023-05-31T20:33:51.8886277Z,0
2.08754,103.295603,Daerah: Johor<br>No:3459<br>Hex coord:(61;53),n/a,0,0,0,0,0,0,1,2023-05-31T20:33:52.5582344Z,0
2.09532,103.3091374,Daerah: Johor<br>No:3460<br>Hex coord:(62;53),n/a,0,0,0,0,0,0,1,2023-05-31T20:33:53.2225892Z,0
2.08754,103.3226719,Daerah: Johor<br>No:3461<br>Hex coord:(63;53),n/a,0,0,0,0,0,0,1,2023-05-31T20:33:53.9104978Z,0
2.09532,103.3362064,Daerah: Johor<br>No:3462<br>Hex coord:(64;53),n/a,0,0,0,0,0,0,1,2023-05-31T20:33:54.5765250Z,0
2.08754,103.3497409,Daerah: Johor<br>No:3463<br>Hex coord:(65;53),n/a,0,0,0,0,0,0,1,2023-05-31T20:33:55.2394598Z,0
2.09532,103.3632753,Daerah: Johor<br>No:3464<br>Hex coord:(66;53),n/a,0,0,0,0,0,0,1,2023-05-31T20:33:55.9028613Z,0
2.08754,103.3768098,Daerah: Johor<br>No:3465<br>Hex coord:(67;53),n/a,0,0,0,0,0,0,1,2023-05-31T20:33:56.5581969Z,0
2.09532,103.3903443,Daerah: Johor<br>No:3466<br>Hex coord:(68;53),n/a,0,0,0,0,0,0,1,2023-05-31T20:33:57.2174889Z,0
2.08754,103.4038788,Daerah: Johor<br>No:3467<br>Hex coord:(69;53),n/a,0,0,0,0,0,0,1,2023-05-31T20:33:57.8737523Z,0
2.09532,103.4174132,Daerah: Johor<br>No:3468<br>Hex coord:(70;53),n/a,0,0,0,0,0,0,1,2023-05-31T20:33:58.5268160Z,0
2.08754,103.4309477,Daerah: Johor<br>No:3469<br>Hex coord:(71;53),n/a,0,0,0,0,0,0,1,2023-05-31T20:33:59.1939693Z,0
2.09532,103.4444822,Daerah: Johor<br>No:3470<br>Hex coord:(72;53),n/a,0,0,0,0,0,0,1,2023-05-31T20:33:59.8624524Z,0
2.08754,103.4580167,Daerah: Johor<br>No:3471<br>Hex coord:(73;53),n/a,0,0,0,0,0,0,1,2023-05-31T20:34:00.5153826Z,0
2.09532,103.4715511,Daerah: Johor<br>No:3472<br>Hex coord:(74;53),n/a,0,0,0,0,0,0,1,2023-05-31T20:34:01.1694465Z,0
2.08754,103.4850856,Daerah: Johor<br>No:3473<br>Hex coord:(75;53),n/a,0,0,0,0,0,0,1,2023-05-31T20:34:01.8297716Z,0
2.09532,103.4986201,Daerah: Johor<br>No:3474<br>Hex coord:(76;53),n/a,1,0,0,0,0,0,1,2023-05-31T20:34:02.4864928Z,0
2.08754,103.5121546,Daerah: Johor<br>No:3475<br>Hex coord:(77;53),n/a,0,0,0,0,0,0,1,2023-05-31T20:34:03.1365925Z,0
2.09532,103.525689,Daerah: Johor<br>No:3476<br>Hex coord:(78;53),n/a,0,0,0,0,0,0,1,2023-05-31T20:34:03.8027978Z,0
2.08754,103.5392235,Daerah: Johor<br>No:3477<br>Hex coord:(79;53),n/a,0,0,0,0,0,0,1,2023-05-31T20:34:04.4592167Z,0
2.09532,103.552758,Daerah: Johor<br>No:3478<br>Hex coord:(80;53),n/a,0,0,0,0,0,0,1,2023-05-31T20:34:05.1060151Z,0
2.08754,103.5662925,Daerah: Johor<br>No:3479<br>Hex coord:(81;53),n/a,0,0,0,0,0,0,1,2023-05-31T20:34:05.7663716Z,0
2.09532,103.5798269,Daerah: Johor<br>No:3480<br>Hex coord:(82;53),n/a,0,0,0,0,0,0,1,2023-05-31T20:34:06.4205013Z,0
2.08754,103.5933614,Daerah: Johor<br>No:3481<br>Hex coord:(83;53),n/a,0,0,0,0,0,0,1,2023-05-31T20:34:07.0853976Z,0
2.09532,103.6068959,Daerah: Johor<br>No:3482<br>Hex coord:(84;53),n/a,0,0,0,0,0,0,1,2023-05-31T20:34:07.7443175Z,0
2.08754,103.6204304,Daerah: Johor<br>No:3483<br>Hex coord:(85;53),n/a,0,0,0,0,0,0,1,2023-05-31T20:34:08.3952833Z,0
2.09532,103.6339648,Daerah: Johor<br>No:3484<br>Hex coord:(86;53),n/a,0,0,0,0,0,0,1,2023-05-31T20:34:09.0464632Z,0
2.08754,103.6474993,Daerah: Johor<br>No:3485<br>Hex coord:(87;53),n/a,0,0,0,0,0,0,1,2023-05-31T20:34:09.7030292Z,0
2.09532,103.6610338,Daerah: Johor<br>No:3486<br>Hex coord:(88;53),n/a,0,0,0,0,0,0,1,2023-05-31T20:34:10.3535685Z,0
2.08754,103.6745683,Daerah: Johor<br>No:3487<br>Hex coord:(89;53),n/a,0,0,0,0,0,0,1,2023-05-31T20:34:11.0115552Z,0
2.09532,103.6881027,Daerah: Johor<br>No:3488<br>Hex coord:(90;53),n/a,0,0,0,0,0,0,1,2023-05-31T20:34:11.6653729Z,0
2.08754,103.7016372,Daerah: Johor<br>No:3489<br>Hex coord:(91;53),n/a,0,0,0,0,0,0,1,2023-05-31T20:34:12.3231402Z,0
2.09532,103.7151717,Daerah: Johor<br>No:3490<br>Hex coord:(92;53),n/a,0,0,0,0,0,0,1,2023-05-31T20:34:12.9928000Z,0
2.08754,103.7287062,Daerah: Johor<br>No:3491<br>Hex coord:(93;53),n/a,0,0,0,0,0,0,1,2023-05-31T20:34:13.6505060Z,0
2.09532,103.7422406,Daerah: Johor<br>No:3492<br>Hex coord:(94;53),n/a,0,0,0,0,0,0,1,2023-05-31T20:34:14.3155212Z,0
2.08754,103.7557751,Daerah: Johor<br>No:3493<br>Hex coord:(95;53),n/a,0,0,0,0,0,0,1,2023-05-31T20:34:14.9671256Z,0
2.09532,103.7693096,Daerah: Johor<br>No:3494<br>Hex coord:(96;53),n/a,0,0,0,0,0,0,1,2023-05-31T20:34:15.6225430Z,0
2.08754,103.7828441,Daerah: Johor<br>No:3495<br>Hex coord:(97;53),n/a,0,0,0,0,0,0,1,2023-05-31T20:34:16.2876566Z,0
2.09532,103.7963785,Daerah: Johor<br>No:3496<br>Hex coord:(98;53),n/a,0,0,0,0,0,0,1,2023-05-31T20:34:16.9452279Z,0
2.08754,103.809913,Daerah: Johor<br>No:3497<br>Hex coord:(99;53),n/a,0,0,0,0,0,0,1,2023-05-31T20:34:17.6100020Z,0
2.09532,103.8234475,Daerah: Johor<br>No:3498<br>Hex coord:(100;53),n/a,0,0,0,0,0,0,1,2023-05-31T20:34:18.2612474Z,0
2.08754,103.836982,Daerah: Johor<br>No:3499<br>Hex coord:(101;53),n/a,0,0,0,0,0,0,1,2023-05-31T20:34:18.9171425Z,0
2.09532,103.8505164,Daerah: Johor<br>No:3500<br>Hex coord:(102;53),n/a,0,0,0,0,0,0,1,2023-05-31T20:34:19.5809516Z,0
2.08754,103.8640509,Daerah: Johor<br>No:3501<br>Hex coord:(103;53),n/a,0,0,0,0,0,0,1,2023-05-31T20:34:20.2360121Z,0
2.09532,103.8775854,Daerah: Johor<br>No:3502<br>Hex coord:(104;53),n/a,0,0,0,0,0,0,1,2023-05-31T20:34:20.8927354Z,0
2.08754,103.8911199,Daerah: Johor<br>No:3503<br>Hex coord:(105;53),n/a,0,0,0,0,0,0,1,2023-05-31T20:34:21.5467811Z,0
2.09532,103.9046543,Daerah: Johor<br>No:3504<br>Hex coord:(106;53),n/a,0,0,0,0,0,0,1,2023-05-31T20:34:22.2151159Z,0
2.08754,103.9181888,Daerah: Johor<br>No:3505<br>Hex coord:(107;53),n/a,0,0,0,0,0,0,1,2023-05-31T20:34:22.8816715Z,0
2.09532,103.9317233,Daerah: Johor<br>No:3506<br>Hex coord:(108;53),n/a,0,0,0,0,0,0,1,2023-05-31T20:34:23.5377895Z,0
2.08754,103.9452578,Daerah: Johor<br>No:3507<br>Hex coord:(109;53),n/a,0,0,0,0,0,0,1,2023-05-31T20:34:24.1901674Z,0
2.09532,103.9587922,Daerah: Johor<br>No:3508<br>Hex coord:(110;53),n/a,0,0,0,0,0,0,1,2023-05-31T20:34:24.8604159Z,0
2.08754,103.9723267,Daerah: Johor<br>No:3509<br>Hex coord:(111;53),n/a,0,0,0,0,0,0,1,2023-05-31T20:34:25.5240611Z,0
2.09532,103.9858612,Daerah: Johor<br>No:3510<br>Hex coord:(112;53),n/a,0,0,0,0,0,0,1,2023-05-31T20:34:26.1912266Z,0
2.08754,103.9993957,Daerah: Johor<br>No:3511<br>Hex coord:(113;53),n/a,0,0,0,0,0,0,1,2023-05-31T20:34:26.8454705Z,0
2.09532,104.0129301,Daerah: Johor<br>No:3512<br>Hex coord:(114;53),n/a,0,0,0,0,0,0,1,2023-05-31T20:34:27.5178181Z,0
2.08754,104.0264646,Daerah: Johor<br>No:3513<br>Hex coord:(115;53),n/a,0,0,0,0,0,0,1,2023-05-31T20:34:28.3897294Z,0
2.07976,102.5241379,Daerah: Johor<br>No:3514<br>Hex coord:(4;54),n/a,0,0,0,0,0,0,1,2023-05-31T20:34:29.0545164Z,0
2.07198,102.5376724,Daerah: Johor<br>No:3515<br>Hex coord:(5;54),n/a,0,0,0,0,0,0,1,2023-05-31T20:34:29.7291254Z,0
2.07976,102.5512068,Daerah: Johor<br>No:3516<br>Hex coord:(6;54),n/a,0,0,0,0,0,1,1,2023-05-31T20:34:30.4079882Z,0
2.07198,102.5647413,Daerah: Johor<br>No:3517<br>Hex coord:(7;54),n/a,0,0,0,0,0,2,1,2023-05-31T20:34:31.0887934Z,0
2.07976,102.5782758,Daerah: Johor<br>No:3518<br>Hex coord:(8;54),n/a,0,0,0,0,0,2,1,2023-05-31T20:34:31.7676257Z,0
2.07198,102.5918103,Daerah: Johor<br>No:3519<br>Hex coord:(9;54),n/a,0,0,0,0,0,2,1,2023-05-31T20:34:32.4446732Z,0
2.07976,102.6053447,Daerah: Johor<br>No:3520<br>Hex coord:(10;54),n/a,0,0,0,0,0,2,1,2023-05-31T20:34:33.1117792Z,0
2.07198,102.6188792,Daerah: Johor<br>No:3521<br>Hex coord:(11;54),n/a,0,0,0,0,0,2,1,2023-05-31T20:34:33.7920369Z,0
2.07976,102.6324137,Daerah: Johor<br>No:3522<br>Hex coord:(12;54),n/a,0,0,0,0,0,0,1,2023-05-31T20:34:34.4650395Z,0
2.07198,102.6459482,Daerah: Johor<br>No:3523<br>Hex coord:(13;54),n/a,0,0,0,0,0,0,1,2023-05-31T20:34:35.1301120Z,0
2.07976,102.6594826,Daerah: Johor<br>No:3524<br>Hex coord:(14;54),n/a,0,0,0,0,0,0,1,2023-05-31T20:34:35.7973168Z,0
2.07198,102.6730171,Daerah: Johor<br>No:3525<br>Hex coord:(15;54),n/a,0,0,0,0,0,0,1,2023-05-31T20:34:36.4529029Z,0
2.07976,102.6865516,Daerah: Johor<br>No:3526<br>Hex coord:(16;54),n/a,0,0,0,0,0,0,1,2023-05-31T20:34:37.1020367Z,0
2.07198,102.7000861,Daerah: Johor<br>No:3527<br>Hex coord:(17;54),n/a,0,0,0,0,0,0,1,2023-05-31T20:34:37.7550246Z,0
2.07976,102.7136205,Daerah: Johor<br>No:3528<br>Hex coord:(18;54),n/a,0,0,0,0,0,0,1,2023-05-31T20:34:38.4101914Z,0
2.07198,102.727155,Daerah: Johor<br>No:3529<br>Hex coord:(19;54),n/a,0,0,0,0,0,0,1,2023-05-31T20:34:39.2782097Z,0
2.07976,102.7406895,Daerah: Johor<br>No:3530<br>Hex coord:(20;54),n/a,0,0,0,0,0,0,1,2023-05-31T20:34:39.9574004Z,0
2.07198,102.754224,Daerah: Johor<br>No:3531<br>Hex coord:(21;54),n/a,0,0,0,0,0,0,1,2023-05-31T20:34:40.6076023Z,0
2.07976,102.7677584,Daerah: Johor<br>No:3532<br>Hex coord:(22;54),n/a,0,0,0,0,0,0,1,2023-05-31T20:34:41.2556020Z,0
2.07198,102.7812929,Daerah: Johor<br>No:3533<br>Hex coord:(23;54),n/a,0,0,0,0,0,0,1,2023-05-31T20:34:41.9108022Z,0
2.07976,102.7948274,Daerah: Johor<br>No:3534<br>Hex coord:(24;54),n/a,0,0,0,0,0,0,1,2023-05-31T20:34:42.5675066Z,0
2.07198,102.8083619,Daerah: Johor<br>No:3535<br>Hex coord:(25;54),n/a,0,0,0,0,0,0,1,2023-05-31T20:34:43.2204630Z,0
2.07976,102.8218963,Daerah: Johor<br>No:3536<br>Hex coord:(26;54),n/a,0,0,0,0,0,0,1,2023-05-31T20:34:43.8768779Z,0
2.07198,102.8354308,Daerah: Johor<br>No:3537<br>Hex coord:(27;54),n/a,0,0,0,0,0,0,1,2023-05-31T20:34:44.5273605Z,0
2.07976,102.8489653,Daerah: Johor<br>No:3538<br>Hex coord:(28;54),n/a,0,0,0,0,0,0,1,2023-05-31T20:34:45.1852213Z,0
2.07198,102.8624998,Daerah: Johor<br>No:3539<br>Hex coord:(29;54),n/a,0,0,0,0,0,0,1,2023-05-31T20:34:45.8397600Z,0
2.07976,102.8760342,Daerah: Johor<br>No:3540<br>Hex coord:(30;54),n/a,0,0,0,0,0,0,1,2023-05-31T20:34:46.4923641Z,0
2.07198,102.8895687,Daerah: Johor<br>No:3541<br>Hex coord:(31;54),n/a,0,0,0,0,0,0,1,2023-05-31T20:34:47.1567763Z,0
2.07976,102.9031032,Daerah: Johor<br>No:3542<br>Hex coord:(32;54),n/a,0,0,0,0,0,0,1,2023-05-31T20:34:47.8148444Z,0
2.07198,102.9166377,Daerah: Johor<br>No:3543<br>Hex coord:(33;54),n/a,0,0,0,0,0,0,1,2023-05-31T20:34:48.4658637Z,0
2.07976,102.9301721,Daerah: Johor<br>No:3544<br>Hex coord:(34;54),n/a,0,0,0,0,0,0,1,2023-05-31T20:34:49.1183812Z,0
2.07198,102.9437066,Daerah: Johor<br>No:3545<br>Hex coord:(35;54),n/a,0,0,0,0,0,0,1,2023-05-31T20:34:49.7702771Z,0
2.07976,102.9572411,Daerah: Johor<br>No:3546<br>Hex coord:(36;54),n/a,0,0,0,0,0,0,1,2023-05-31T20:34:50.4233139Z,0
2.07198,102.9707756,Daerah: Johor<br>No:3547<br>Hex coord:(37;54),n/a,0,0,0,0,0,0,1,2023-05-31T20:34:51.0788842Z,0
2.07976,102.98431,Daerah: Johor<br>No:3548<br>Hex coord:(38;54),n/a,0,0,0,0,0,0,1,2023-05-31T20:34:51.7328479Z,0
2.07198,102.9978445,Daerah: Johor<br>No:3549<br>Hex coord:(39;54),n/a,0,0,0,0,0,0,1,2023-05-31T20:34:52.3856867Z,0
2.07976,103.011379,Daerah: Johor<br>No:3550<br>Hex coord:(40;54),n/a,0,0,0,0,0,0,1,2023-05-31T20:34:53.0503004Z,0
2.07198,103.0249135,Daerah: Johor<br>No:3551<br>Hex coord:(41;54),n/a,0,0,0,0,0,0,1,2023-05-31T20:34:53.7059863Z,0
2.07976,103.0384479,Daerah: Johor<br>No:3552<br>Hex coord:(42;54),n/a,0,0,0,0,0,0,1,2023-05-31T20:34:54.3646824Z,0
2.07198,103.0519824,Daerah: Johor<br>No:3553<br>Hex coord:(43;54),n/a,0,0,0,0,0,0,1,2023-05-31T20:34:55.0224506Z,0
2.07976,103.0655169,Daerah: Johor<br>No:3554<br>Hex coord:(44;54),n/a,0,0,0,0,0,0,1,2023-05-31T20:34:55.6788593Z,0
2.07198,103.0790514,Daerah: Johor<br>No:3555<br>Hex coord:(45;54),n/a,0,0,0,0,0,0,1,2023-05-31T20:34:56.3357368Z,0
2.07976,103.0925858,Daerah: Johor<br>No:3556<br>Hex coord:(46;54),n/a,0,0,0,0,0,0,1,2023-05-31T20:34:56.9883744Z,0
2.07198,103.1061203,Daerah: Johor<br>No:3557<br>Hex coord:(47;54),n/a,0,0,0,0,0,0,1,2023-05-31T20:34:57.6413417Z,0
2.07976,103.1196548,Daerah: Johor<br>No:3558<br>Hex coord:(48;54),n/a,0,0,0,0,0,0,1,2023-05-31T20:34:58.3001640Z,0
2.07198,103.1331893,Daerah: Johor<br>No:3559<br>Hex coord:(49;54),n/a,0,0,0,0,0,0,1,2023-05-31T20:34:58.9570912Z,0
2.07976,103.1467237,Daerah: Johor<br>No:3560<br>Hex coord:(50;54),n/a,0,0,0,0,0,0,1,2023-05-31T20:34:59.6096383Z,0
2.07198,103.1602582,Daerah: Johor<br>No:3561<br>Hex coord:(51;54),n/a,0,0,0,0,0,0,1,2023-05-31T20:35:36.3179520Z,0
2.07976,103.1737927,Daerah: Johor<br>No:3562<br>Hex coord:(52;54),n/a,0,0,0,0,0,0,1,2023-05-31T20:35:36.9839666Z,0
2.07198,103.1873272,Daerah: Johor<br>No:3563<br>Hex coord:(53;54),n/a,0,0,0,0,0,0,1,2023-05-31T20:35:37.6489208Z,0
2.07976,103.2008616,Daerah: Johor<br>No:3564<br>Hex coord:(54;54),n/a,0,0,0,0,0,0,1,2023-05-31T20:35:38.3065687Z,0
2.07198,103.2143961,Daerah: Johor<br>No:3565<br>Hex coord:(55;54),n/a,0,0,0,0,0,0,1,2023-05-31T20:35:38.9691149Z,0
2.07976,103.2279306,Daerah: Johor<br>No:3566<br>Hex coord:(56;54),n/a,0,0,0,0,0,0,1,2023-05-31T20:35:39.6242975Z,0
2.07198,103.2414651,Daerah: Johor<br>No:3567<br>Hex coord:(57;54),n/a,0,0,0,0,0,0,1,2023-05-31T20:35:40.2907147Z,0
2.07976,103.2549995,Daerah: Johor<br>No:3568<br>Hex coord:(58;54),n/a,0,0,0,0,0,0,1,2023-05-31T20:35:40.9471944Z,0
2.07198,103.268534,Daerah: Johor<br>No:3569<br>Hex coord:(59;54),n/a,0,0,0,0,0,0,1,2023-05-31T20:35:41.6021808Z,0
2.07976,103.2820685,Daerah: Johor<br>No:3570<br>Hex coord:(60;54),n/a,0,0,0,0,0,0,1,2023-05-31T20:35:42.2683829Z,0
2.07198,103.295603,Daerah: Johor<br>No:3571<br>Hex coord:(61;54),n/a,0,0,0,0,0,0,1,2023-05-31T20:35:42.9329949Z,0
2.07976,103.3091374,Daerah: Johor<br>No:3572<br>Hex coord:(62;54),n/a,0,0,0,0,0,0,1,2023-05-31T20:35:43.6029496Z,0
2.07198,103.3226719,Daerah: Johor<br>No:3573<br>Hex coord:(63;54),n/a,0,0,0,0,0,0,1,2023-05-31T20:35:44.2771968Z,0
2.07976,103.3362064,Daerah: Johor<br>No:3574<br>Hex coord:(64;54),n/a,0,0,0,0,0,0,1,2023-05-31T20:35:44.9458063Z,0
2.07198,103.3497409,Daerah: Johor<br>No:3575<br>Hex coord:(65;54),n/a,0,0,0,0,0,0,1,2023-05-31T20:35:45.6217008Z,0
2.07976,103.3632753,Daerah: Johor<br>No:3576<br>Hex coord:(66;54),n/a,0,0,0,0,0,0,1,2023-05-31T20:35:46.2981625Z,0
2.07198,103.3768098,Daerah: Johor<br>No:3577<br>Hex coord:(67;54),n/a,0,0,0,0,0,0,1,2023-05-31T20:35:46.9700559Z,0
2.07976,103.3903443,Daerah: Johor<br>No:3578<br>Hex coord:(68;54),n/a,0,0,0,0,0,0,1,2023-05-31T20:35:47.6364374Z,0
2.07198,103.4038788,Daerah: Johor<br>No:3579<br>Hex coord:(69;54),n/a,0,0,0,0,0,0,1,2023-05-31T20:35:48.3013449Z,0
2.07976,103.4174132,Daerah: Johor<br>No:3580<br>Hex coord:(70;54),n/a,0,0,0,0,0,0,1,2023-05-31T20:35:48.9658952Z,0
2.07198,103.4309477,Daerah: Johor<br>No:3581<br>Hex coord:(71;54),n/a,0,0,0,0,0,0,1,2023-05-31T20:35:49.6224263Z,0
2.07976,103.4444822,Daerah: Johor<br>No:3582<br>Hex coord:(72;54),n/a,0,0,0,0,0,0,1,2023-05-31T20:35:50.2811522Z,0
2.07198,103.4580167,Daerah: Johor<br>No:3583<br>Hex coord:(73;54),n/a,0,0,0,0,0,0,1,2023-05-31T20:35:50.9388565Z,0
2.07976,103.4715511,Daerah: Johor<br>No:3584<br>Hex coord:(74;54),n/a,0,0,0,0,0,0,1,2023-05-31T20:35:51.6041342Z,0
2.07198,103.4850856,Daerah: Johor<br>No:3585<br>Hex coord:(75;54),n/a,0,0,0,0,0,0,1,2023-05-31T20:35:52.2569275Z,0
2.07976,103.4986201,Daerah: Johor<br>No:3586<br>Hex coord:(76;54),n/a,1,0,0,0,0,0,1,2023-05-31T20:35:52.9185562Z,0
2.07198,103.5121546,Daerah: Johor<br>No:3587<br>Hex coord:(77;54),n/a,0,0,0,0,0,0,1,2023-05-31T20:35:53.5806830Z,0
2.07976,103.525689,Daerah: Johor<br>No:3588<br>Hex coord:(78;54),n/a,0,0,0,0,0,0,1,2023-05-31T20:35:54.2443910Z,0
2.07198,103.5392235,Daerah: Johor<br>No:3589<br>Hex coord:(79;54),n/a,0,0,0,0,0,0,1,2023-05-31T20:35:54.9009720Z,0
2.07976,103.552758,Daerah: Johor<br>No:3590<br>Hex coord:(80;54),n/a,0,0,0,0,0,0,1,2023-05-31T20:35:55.5562762Z,0
2.07198,103.5662925,Daerah: Johor<br>No:3591<br>Hex coord:(81;54),n/a,0,0,0,0,0,0,1,2023-05-31T20:35:56.2424660Z,0
2.07976,103.5798269,Daerah: Johor<br>No:3592<br>Hex coord:(82;54),n/a,0,0,0,0,0,0,1,2023-05-31T20:35:56.8944971Z,0
2.07198,103.5933614,Daerah: Johor<br>No:3593<br>Hex coord:(83;54),n/a,0,0,0,0,0,0,1,2023-05-31T20:35:57.5519568Z,0
2.07976,103.6068959,Daerah: Johor<br>No:3594<br>Hex coord:(84;54),n/a,0,0,0,0,0,0,1,2023-05-31T20:35:58.2252345Z,0
2.07198,103.6204304,Daerah: Johor<br>No:3595<br>Hex coord:(85;54),n/a,0,0,0,0,0,0,1,2023-05-31T20:35:58.8710106Z,0
2.07976,103.6339648,Daerah: Johor<br>No:3596<br>Hex coord:(86;54),n/a,0,0,0,0,0,0,1,2023-05-31T20:35:59.5262291Z,0
2.07198,103.6474993,Daerah: Johor<br>No:3597<br>Hex coord:(87;54),n/a,0,0,0,0,0,0,1,2023-05-31T20:36:00.1839175Z,0
2.07976,103.6610338,Daerah: Johor<br>No:3598<br>Hex coord:(88;54),n/a,0,0,0,0,0,0,1,2023-05-31T20:36:36.8540025Z,0
2.07198,103.6745683,Daerah: Johor<br>No:3599<br>Hex coord:(89;54),n/a,0,0,0,0,0,0,1,2023-05-31T20:36:37.5268125Z,0
2.07976,103.6881027,Daerah: Johor<br>No:3600<br>Hex coord:(90;54),n/a,0,0,0,0,0,0,1,2023-05-31T20:36:38.1886791Z,0
2.07198,103.7016372,Daerah: Johor<br>No:3601<br>Hex coord:(91;54),n/a,0,0,0,0,0,0,1,2023-05-31T20:36:38.8690565Z,0
2.07976,103.7151717,Daerah: Johor<br>No:3602<br>Hex coord:(92;54),n/a,0,0,0,0,0,0,1,2023-05-31T20:36:39.5233555Z,0
2.07198,103.7287062,Daerah: Johor<br>No:3603<br>Hex coord:(93;54),n/a,0,0,0,0,0,0,1,2023-05-31T20:36:40.1903137Z,0
2.07976,103.7422406,Daerah: Johor<br>No:3604<br>Hex coord:(94;54),n/a,0,0,0,0,0,0,1,2023-05-31T20:36:40.8447472Z,0
2.07198,103.7557751,Daerah: Johor<br>No:3605<br>Hex coord:(95;54),n/a,0,0,0,0,0,0,1,2023-05-31T20:36:41.4985611Z,0
2.07976,103.7693096,Daerah: Johor<br>No:3606<br>Hex coord:(96;54),n/a,0,0,0,0,0,0,1,2023-05-31T20:36:42.1707740Z,0
2.07198,103.7828441,Daerah: Johor<br>No:3607<br>Hex coord:(97;54),n/a,0,0,0,0,0,0,1,2023-05-31T20:36:42.8343990Z,0
2.07976,103.7963785,Daerah: Johor<br>No:3608<br>Hex coord:(98;54),n/a,0,0,0,0,0,0,1,2023-05-31T20:36:43.4932142Z,0
2.07198,103.809913,Daerah: Johor<br>No:3609<br>Hex coord:(99;54),n/a,0,0,0,0,0,0,1,2023-05-31T20:36:44.1628861Z,0
2.07976,103.8234475,Daerah: Johor<br>No:3610<br>Hex coord:(100;54),n/a,0,0,0,0,0,0,1,2023-05-31T20:36:44.8147136Z,0
2.07198,103.836982,Daerah: Johor<br>No:3611<br>Hex coord:(101;54),n/a,0,0,0,0,0,0,1,2023-05-31T20:36:45.4742477Z,0
2.07976,103.8505164,Daerah: Johor<br>No:3612<br>Hex coord:(102;54),n/a,0,0,0,0,0,0,1,2023-05-31T20:36:46.1315904Z,0
2.07198,103.8640509,Daerah: Johor<br>No:3613<br>Hex coord:(103;54),n/a,0,0,0,0,0,0,1,2023-05-31T20:36:46.7867782Z,0
2.07976,103.8775854,Daerah: Johor<br>No:3614<br>Hex coord:(104;54),n/a,0,0,0,0,0,0,1,2023-05-31T20:36:47.4453461Z,0
2.07198,103.8911199,Daerah: Johor<br>No:3615<br>Hex coord:(105;54),n/a,0,0,0,0,0,0,1,2023-05-31T20:36:48.1091207Z,0
2.07976,103.9046543,Daerah: Johor<br>No:3616<br>Hex coord:(106;54),n/a,0,0,0,0,0,0,1,2023-05-31T20:36:48.7634085Z,0
2.07198,103.9181888,Daerah: Johor<br>No:3617<br>Hex coord:(107;54),n/a,0,0,0,0,0,0,1,2023-05-31T20:36:49.4139815Z,0
2.07976,103.9317233,Daerah: Johor<br>No:3618<br>Hex coord:(108;54),n/a,0,0,0,0,0,0,1,2023-05-31T20:36:50.0717539Z,0
2.07198,103.9452578,Daerah: Johor<br>No:3619<br>Hex coord:(109;54),n/a,0,0,0,0,0,0,1,2023-05-31T20:36:50.7424469Z,0
2.07976,103.9587922,Daerah: Johor<br>No:3620<br>Hex coord:(110;54),n/a,0,0,0,0,0,0,1,2023-05-31T20:36:51.3961113Z,0
2.07198,103.9723267,Daerah: Johor<br>No:3621<br>Hex coord:(111;54),n/a,0,0,0,0,0,0,1,2023-05-31T20:36:52.0535773Z,0
2.07976,103.9858612,Daerah: Johor<br>No:3622<br>Hex coord:(112;54),n/a,0,0,0,0,0,0,1,2023-05-31T20:36:52.7061247Z,0
2.07198,103.9993957,Daerah: Johor<br>No:3623<br>Hex coord:(113;54),n/a,0,0,0,0,0,0,1,2023-05-31T20:36:53.3696769Z,0
2.07976,104.0129301,Daerah: Johor<br>No:3624<br>Hex coord:(114;54),n/a,0,0,0,0,0,0,1,2023-05-31T20:36:54.0322849Z,0
2.07198,104.0264646,Daerah: Johor<br>No:3625<br>Hex coord:(115;54),n/a,0,0,0,0,0,0,1,2023-05-31T20:36:54.6864392Z,0
2.0642,102.5512068,Daerah: Johor<br>No:3626<br>Hex coord:(6;55),n/a,0,0,0,0,0,2,1,2023-05-31T20:36:55.3654181Z,1
2.05642,102.5647413,Daerah: Johor<br>No:3627<br>Hex coord:(7;55),n/a,0,0,0,0,0,2,1,2023-05-31T20:36:56.0398660Z,1
2.0642,102.5782758,Daerah: Johor<br>No:3628<br>Hex coord:(8;55),n/a,1,0,0,0,0,2,1,2023-05-31T20:36:56.7215493Z,5
2.05642,102.5918103,Daerah: Johor<br>No:3629<br>Hex coord:(9;55),n/a,0,0,0,0,0,2,1,2023-05-31T20:36:57.4017656Z,0
2.0642,102.6053447,Daerah: Johor<br>No:3630<br>Hex coord:(10;55),n/a,0,0,0,0,0,2,1,2023-05-31T20:36:58.0858358Z,1
2.05642,102.6188792,Daerah: Johor<br>No:3631<br>Hex coord:(11;55),n/a,0,0,0,0,0,2,1,2023-05-31T20:36:58.7553625Z,0
2.0642,102.6324137,Daerah: Johor<br>No:3632<br>Hex coord:(12;55),n/a,0,0,0,0,0,0,1,2023-05-31T20:36:59.4155923Z,0
2.05642,102.6459482,Daerah: Johor<br>No:3633<br>Hex coord:(13;55),n/a,0,0,0,0,0,0,1,2023-05-31T20:37:00.0922068Z,0
2.0642,102.6594826,Daerah: Johor<br>No:3634<br>Hex coord:(14;55),n/a,0,0,0,0,0,0,1,2023-05-31T20:37:00.7465314Z,0
2.05642,102.6730171,Daerah: Johor<br>No:3635<br>Hex coord:(15;55),n/a,0,0,0,0,0,0,1,2023-05-31T20:37:01.4052995Z,0
2.0642,102.6865516,Daerah: Johor<br>No:3636<br>Hex coord:(16;55),n/a,0,0,0,0,0,0,1,2023-05-31T20:37:02.0679543Z,0
2.05642,102.7000861,Daerah: Johor<br>No:3637<br>Hex coord:(17;55),n/a,0,0,0,0,0,0,1,2023-05-31T20:37:02.7220044Z,0
2.0642,102.7136205,Daerah: Johor<br>No:3638<br>Hex coord:(18;55),n/a,0,0,0,0,0,0,1,2023-05-31T20:37:03.3854025Z,0
2.05642,102.727155,Daerah: Johor<br>No:3639<br>Hex coord:(19;55),n/a,0,0,0,0,0,0,1,2023-05-31T20:37:04.0492801Z,0
2.0642,102.7406895,Daerah: Johor<br>No:3640<br>Hex coord:(20;55),n/a,0,0,0,0,0,0,1,2023-05-31T20:37:04.6916895Z,0
2.05642,102.754224,Daerah: Johor<br>No:3641<br>Hex coord:(21;55),n/a,0,0,0,0,0,0,1,2023-05-31T20:37:05.3434622Z,0
2.0642,102.7677584,Daerah: Johor<br>No:3642<br>Hex coord:(22;55),n/a,0,0,0,0,0,0,1,2023-05-31T20:37:06.0070757Z,0
2.05642,102.7812929,Daerah: Johor<br>No:3643<br>Hex coord:(23;55),n/a,0,0,0,0,0,0,1,2023-05-31T20:37:06.6599364Z,0
2.0642,102.7948274,Daerah: Johor<br>No:3644<br>Hex coord:(24;55),n/a,0,0,0,0,0,0,1,2023-05-31T20:37:07.3162884Z,0
2.05642,102.8083619,Daerah: Johor<br>No:3645<br>Hex coord:(25;55),n/a,0,0,0,0,0,0,1,2023-05-31T20:37:07.9705166Z,0
2.0642,102.8218963,Daerah: Johor<br>No:3646<br>Hex coord:(26;55),n/a,0,0,0,0,0,0,1,2023-05-31T20:37:08.6264437Z,0
2.05642,102.8354308,Daerah: Johor<br>No:3647<br>Hex coord:(27;55),n/a,0,0,0,0,0,0,1,2023-05-31T20:37:09.2828237Z,0
2.0642,102.8489653,Daerah: Johor<br>No:3648<br>Hex coord:(28;55),n/a,0,0,0,0,0,0,1,2023-05-31T20:37:09.9449518Z,0
2.05642,102.8624998,Daerah: Johor<br>No:3649<br>Hex coord:(29;55),n/a,0,0,0,0,0,0,1,2023-05-31T20:37:10.6085469Z,0
2.0642,102.8760342,Daerah: Johor<br>No:3650<br>Hex coord:(30;55),n/a,0,0,0,0,0,0,1,2023-05-31T20:37:11.2709820Z,0
2.05642,102.8895687,Daerah: Johor<br>No:3651<br>Hex coord:(31;55),n/a,0,0,0,0,0,0,1,2023-05-31T20:37:11.9329775Z,0
2.0642,102.9031032,Daerah: Johor<br>No:3652<br>Hex coord:(32;55),n/a,0,0,0,0,0,0,1,2023-05-31T20:37:12.5857234Z,0
2.05642,102.9166377,Daerah: Johor<br>No:3653<br>Hex coord:(33;55),n/a,0,0,0,0,0,0,1,2023-05-31T20:37:13.2406027Z,0
2.0642,102.9301721,Daerah: Johor<br>No:3654<br>Hex coord:(34;55),n/a,0,0,0,0,0,0,1,2023-05-31T20:37:13.9041656Z,0
2.05642,102.9437066,Daerah: Johor<br>No:3655<br>Hex coord:(35;55),n/a,0,0,0,0,0,0,1,2023-05-31T20:37:14.5809256Z,0
2.0642,102.9572411,Daerah: Johor<br>No:3656<br>Hex coord:(36;55),n/a,0,0,0,0,0,0,1,2023-05-31T20:37:15.2329035Z,0
2.05642,102.9707756,Daerah: Johor<br>No:3657<br>Hex coord:(37;55),n/a,0,0,0,0,0,0,1,2023-05-31T20:37:15.8881772Z,0
2.0642,102.98431,Daerah: Johor<br>No:3658<br>Hex coord:(38;55),n/a,0,0,0,0,0,0,1,2023-05-31T20:37:16.5457157Z,0
2.05642,102.9978445,Daerah: Johor<br>No:3659<br>Hex coord:(39;55),n/a,0,0,0,0,0,0,1,2023-05-31T20:37:17.2003155Z,0
2.0642,103.011379,Daerah: Johor<br>No:3660<br>Hex coord:(40;55),n/a,0,0,0,0,0,0,1,2023-05-31T20:37:17.8566207Z,0
2.05642,103.0249135,Daerah: Johor<br>No:3661<br>Hex coord:(41;55),n/a,0,0,0,0,0,0,1,2023-05-31T20:37:18.5273083Z,0
2.0642,103.0384479,Daerah: Johor<br>No:3662<br>Hex coord:(42;55),n/a,0,0,0,0,0,0,1,2023-05-31T20:37:19.1755451Z,0
2.05642,103.0519824,Daerah: Johor<br>No:3663<br>Hex coord:(43;55),n/a,0,0,0,0,0,0,1,2023-05-31T20:37:19.8463181Z,0
2.0642,103.0655169,Daerah: Johor<br>No:3664<br>Hex coord:(44;55),n/a,0,0,0,0,0,0,1,2023-05-31T20:37:20.4996358Z,0
2.05642,103.0790514,Daerah: Johor<br>No:3665<br>Hex coord:(45;55),n/a,0,0,0,0,0,0,1,2023-05-31T20:37:21.1581941Z,0
2.0642,103.0925858,Daerah: Johor<br>No:3666<br>Hex coord:(46;55),n/a,0,0,0,0,0,0,1,2023-05-31T20:37:21.8087254Z,0
2.05642,103.1061203,Daerah: Johor<br>No:3667<br>Hex coord:(47;55),n/a,0,0,0,0,0,0,1,2023-05-31T20:37:22.4699908Z,0
2.0642,103.1196548,Daerah: Johor<br>No:3668<br>Hex coord:(48;55),n/a,0,0,0,0,0,0,1,2023-05-31T20:37:23.1243782Z,0
2.05642,103.1331893,Daerah: Johor<br>No:3669<br>Hex coord:(49;55),n/a,0,0,0,0,0,0,1,2023-05-31T20:37:23.7786694Z,0
2.0642,103.1467237,Daerah: Johor<br>No:3670<br>Hex coord:(50;55),n/a,0,0,0,0,0,0,1,2023-05-31T20:37:24.4551280Z,0
2.05642,103.1602582,Daerah: Johor<br>No:3671<br>Hex coord:(51;55),n/a,0,0,0,0,0,0,1,2023-05-31T20:37:25.1082580Z,0
2.0642,103.1737927,Daerah: Johor<br>No:3672<br>Hex coord:(52;55),n/a,0,0,0,0,0,0,1,2023-05-31T20:37:25.7637236Z,0
2.05642,103.1873272,Daerah: Johor<br>No:3673<br>Hex coord:(53;55),n/a,0,0,0,0,0,0,1,2023-05-31T20:37:26.4437406Z,0
2.0642,103.2008616,Daerah: Johor<br>No:3674<br>Hex coord:(54;55),n/a,0,0,0,0,0,0,1,2023-05-31T20:37:27.1063513Z,0
2.05642,103.2143961,Daerah: Johor<br>No:3675<br>Hex coord:(55;55),n/a,0,0,0,0,0,0,1,2023-05-31T20:37:27.7721824Z,0
2.0642,103.2279306,Daerah: Johor<br>No:3676<br>Hex coord:(56;55),n/a,0,0,0,0,0,0,1,2023-05-31T20:37:28.4219915Z,0
2.05642,103.2414651,Daerah: Johor<br>No:3677<br>Hex coord:(57;55),n/a,0,0,0,0,0,0,1,2023-05-31T20:37:29.0818698Z,0
2.0642,103.2549995,Daerah: Johor<br>No:3678<br>Hex coord:(58;55),n/a,0,0,0,0,0,0,1,2023-05-31T20:37:29.7385880Z,0
2.05642,103.268534,Daerah: Johor<br>No:3679<br>Hex coord:(59;55),n/a,0,0,0,0,0,0,1,2023-05-31T20:37:30.4128118Z,0
2.0642,103.2820685,Daerah: Johor<br>No:3680<br>Hex coord:(60;55),n/a,0,0,0,0,0,0,1,2023-05-31T20:37:31.0801184Z,0
2.05642,103.295603,Daerah: Johor<br>No:3681<br>Hex coord:(61;55),n/a,0,0,0,0,0,0,1,2023-05-31T20:37:31.7556988Z,0
2.0642,103.3091374,Daerah: Johor<br>No:3682<br>Hex coord:(62;55),n/a,0,0,0,0,0,0,1,2023-05-31T20:37:32.4466930Z,0
2.05642,103.3226719,Daerah: Johor<br>No:3683<br>Hex coord:(63;55),n/a,0,0,0,0,0,0,1,2023-05-31T20:37:33.1340859Z,0
2.0642,103.3362064,Daerah: Johor<br>No:3684<br>Hex coord:(64;55),n/a,1,0,0,0,0,0,1,2023-05-31T20:37:33.8015791Z,1
2.05642,103.3497409,Daerah: Johor<br>No:3685<br>Hex coord:(65;55),n/a,2,1,0,0,0,0,1,2023-05-31T20:37:34.4853047Z,3
2.0642,103.3632753,Daerah: Johor<br>No:3686<br>Hex coord:(66;55),n/a,0,0,0,0,0,0,1,2023-05-31T20:37:35.1723243Z,0
2.05642,103.3768098,Daerah: Johor<br>No:3687<br>Hex coord:(67;55),n/a,0,0,0,0,0,0,1,2023-05-31T20:37:35.8389863Z,0
2.0642,103.3903443,Daerah: Johor<br>No:3688<br>Hex coord:(68;55),n/a,0,0,0,0,0,0,1,2023-05-31T20:37:36.5085082Z,0
2.05642,103.4038788,Daerah: Johor<br>No:3689<br>Hex coord:(69;55),n/a,0,0,0,0,0,0,1,2023-05-31T20:37:37.1760236Z,0
2.0642,103.4174132,Daerah: Johor<br>No:3690<br>Hex coord:(70;55),n/a,0,0,0,0,0,0,1,2023-05-31T20:37:37.8290321Z,0
2.05642,103.4309477,Daerah: Johor<br>No:3691<br>Hex coord:(71;55),n/a,0,0,0,0,0,0,1,2023-05-31T20:37:38.4901868Z,0
2.0642,103.4444822,Daerah: Johor<br>No:3692<br>Hex coord:(72;55),n/a,0,0,0,0,0,0,1,2023-05-31T20:37:39.1432339Z,0
2.05642,103.4580167,Daerah: Johor<br>No:3693<br>Hex coord:(73;55),n/a,0,0,0,0,0,0,1,2023-05-31T20:37:39.8013756Z,0
2.0642,103.4715511,Daerah: Johor<br>No:3694<br>Hex coord:(74;55),n/a,0,0,0,0,0,0,1,2023-05-31T20:37:40.4512150Z,0
2.05642,103.4850856,Daerah: Johor<br>No:3695<br>Hex coord:(75;55),n/a,0,0,0,0,0,0,1,2023-05-31T20:37:41.1257727Z,0
2.0642,103.4986201,Daerah: Johor<br>No:3696<br>Hex coord:(76;55),n/a,0,0,0,0,0,0,1,2023-05-31T20:37:41.7836456Z,0
2.05642,103.5121546,Daerah: Johor<br>No:3697<br>Hex coord:(77;55),n/a,0,0,0,0,0,0,1,2023-05-31T20:37:42.4448279Z,0
2.0642,103.525689,Daerah: Johor<br>No:3698<br>Hex coord:(78;55),n/a,0,0,0,0,0,0,1,2023-05-31T20:37:43.1060489Z,0
2.05642,103.5392235,Daerah: Johor<br>No:3699<br>Hex coord:(79;55),n/a,0,0,0,0,0,0,1,2023-05-31T20:37:43.7766970Z,0
2.0642,103.552758,Daerah: Johor<br>No:3700<br>Hex coord:(80;55),n/a,0,0,0,0,0,0,1,2023-05-31T20:37:44.4263742Z,0
2.05642,103.5662925,Daerah: Johor<br>No:3701<br>Hex coord:(81;55),n/a,0,0,0,0,0,0,1,2023-05-31T20:37:45.0816001Z,0
2.0642,103.5798269,Daerah: Johor<br>No:3702<br>Hex coord:(82;55),n/a,0,0,0,0,0,0,1,2023-05-31T20:37:45.7321811Z,0
2.05642,103.5933614,Daerah: Johor<br>No:3703<br>Hex coord:(83;55),n/a,0,0,0,0,0,0,1,2023-05-31T20:37:46.3922844Z,0
2.0642,103.6068959,Daerah: Johor<br>No:3704<br>Hex coord:(84;55),n/a,0,0,0,0,0,0,1,2023-05-31T20:37:47.0420820Z,0
2.05642,103.6204304,Daerah: Johor<br>No:3705<br>Hex coord:(85;55),n/a,0,0,0,0,0,0,1,2023-05-31T20:37:47.6990894Z,0
2.0642,103.6339648,Daerah: Johor<br>No:3706<br>Hex coord:(86;55),n/a,0,0,0,0,0,0,1,2023-05-31T20:37:48.3499303Z,0
2.05642,103.6474993,Daerah: Johor<br>No:3707<br>Hex coord:(87;55),n/a,0,0,0,0,0,0,1,2023-05-31T20:37:49.0085362Z,0
2.0642,103.6610338,Daerah: Johor<br>No:3708<br>Hex coord:(88;55),n/a,0,0,0,0,0,0,1,2023-05-31T20:37:49.6610788Z,0
2.05642,103.6745683,Daerah: Johor<br>No:3709<br>Hex coord:(89;55),n/a,0,0,0,0,0,0,1,2023-05-31T20:37:50.3144383Z,0
2.0642,103.6881027,Daerah: Johor<br>No:3710<br>Hex coord:(90;55),n/a,0,0,0,0,0,0,1,2023-05-31T20:37:50.9757861Z,0
2.05642,103.7016372,Daerah: Johor<br>No:3711<br>Hex coord:(91;55),n/a,0,0,0,0,0,0,1,2023-05-31T20:37:51.6305112Z,0
2.0642,103.7151717,Daerah: Johor<br>No:3712<br>Hex coord:(92;55),n/a,0,0,0,0,0,0,1,2023-05-31T20:37:52.2853098Z,0
2.05642,103.7287062,Daerah: Johor<br>No:3713<br>Hex coord:(93;55),n/a,0,0,0,0,0,0,1,2023-05-31T20:37:52.9535818Z,0
2.0642,103.7422406,Daerah: Johor<br>No:3714<br>Hex coord:(94;55),n/a,0,0,0,0,0,0,1,2023-05-31T20:37:53.6029452Z,0
2.05642,103.7557751,Daerah: Johor<br>No:3715<br>Hex coord:(95;55),n/a,0,0,0,0,0,0,1,2023-05-31T20:37:54.2575750Z,0
2.0642,103.7693096,Daerah: Johor<br>No:3716<br>Hex coord:(96;55),n/a,0,0,0,0,0,0,1,2023-05-31T20:37:54.9101891Z,0
2.05642,103.7828441,Daerah: Johor<br>No:3717<br>Hex coord:(97;55),n/a,0,0,0,0,0,0,1,2023-05-31T20:37:55.5713021Z,0
2.0642,103.7963785,Daerah: Johor<br>No:3718<br>Hex coord:(98;55),n/a,0,0,0,0,0,0,1,2023-05-31T20:37:56.2280075Z,0
2.05642,103.809913,Daerah: Johor<br>No:3719<br>Hex coord:(99;55),n/a,0,0,0,0,0,0,1,2023-05-31T20:37:56.8855165Z,0
2.0642,103.8234475,Daerah: Johor<br>No:3720<br>Hex coord:(100;55),n/a,0,0,0,0,0,0,1,2023-05-31T20:37:57.5369367Z,0
2.05642,103.836982,Daerah: Johor<br>No:3721<br>Hex coord:(101;55),n/a,0,0,0,0,0,0,1,2023-05-31T20:37:58.1896519Z,0
2.0642,103.8505164,Daerah: Johor<br>No:3722<br>Hex coord:(102;55),n/a,0,0,0,0,0,0,1,2023-05-31T20:37:58.8441007Z,0
2.05642,103.8640509,Daerah: Johor<br>No:3723<br>Hex coord:(103;55),n/a,0,0,0,0,0,0,1,2023-05-31T20:37:59.5014044Z,0
2.0642,103.8775854,Daerah: Johor<br>No:3724<br>Hex coord:(104;55),n/a,0,0,0,0,0,0,1,2023-05-31T20:38:00.1633174Z,0
2.05642,103.8911199,Daerah: Johor<br>No:3725<br>Hex coord:(105;55),n/a,0,0,0,0,0,0,1,2023-05-31T20:38:00.8322623Z,0
2.0642,103.9046543,Daerah: Johor<br>No:3726<br>Hex coord:(106;55),n/a,0,0,0,0,0,0,1,2023-05-31T20:38:01.4900321Z,0
2.05642,103.9181888,Daerah: Johor<br>No:3727<br>Hex coord:(107;55),n/a,0,0,0,0,0,0,1,2023-05-31T20:38:02.1455523Z,0
2.0642,103.9317233,Daerah: Johor<br>No:3728<br>Hex coord:(108;55),n/a,0,0,0,0,0,0,1,2023-05-31T20:38:02.7958152Z,0
2.05642,103.9452578,Daerah: Johor<br>No:3729<br>Hex coord:(109;55),n/a,0,0,0,0,0,0,1,2023-05-31T20:38:03.4557693Z,0
2.0642,103.9587922,Daerah: Johor<br>No:3730<br>Hex coord:(110;55),n/a,0,0,0,0,0,0,1,2023-05-31T20:38:04.1110164Z,0
2.05642,103.9723267,Daerah: Johor<br>No:3731<br>Hex coord:(111;55),n/a,0,0,0,0,0,0,1,2023-05-31T20:38:04.7580205Z,0
2.0642,103.9858612,Daerah: Johor<br>No:3732<br>Hex coord:(112;55),n/a,0,0,0,0,0,0,1,2023-05-31T20:38:05.4206888Z,0
2.05642,103.9993957,Daerah: Johor<br>No:3733<br>Hex coord:(113;55),n/a,0,0,0,0,0,0,1,2023-05-31T20:38:06.0772707Z,0
2.0642,104.0129301,Daerah: Johor<br>No:3734<br>Hex coord:(114;55),n/a,0,0,0,0,0,0,1,2023-05-31T20:38:06.7515306Z,0
2.05642,104.0264646,Daerah: Johor<br>No:3735<br>Hex coord:(115;55),n/a,0,0,0,0,0,0,1,2023-05-31T20:38:07.4083089Z,0
2.0642,104.0399991,Daerah: Johor<br>No:3736<br>Hex coord:(116;55),n/a,0,0,0,0,0,0,1,2023-05-31T20:38:08.0649911Z,0
2.05642,104.0535336,Daerah: Johor<br>No:3737<br>Hex coord:(117;55),n/a,0,0,0,0,0,0,1,2023-05-31T20:38:08.7268973Z,0
2.04864,102.5512068,Daerah: Johor<br>No:3738<br>Hex coord:(6;56),n/a,0,0,0,0,0,2,1,2023-05-31T20:38:09.3968244Z,0
2.04086,102.5647413,Daerah: Johor<br>No:3739<br>Hex coord:(7;56),n/a,0,0,0,0,0,2,1,2023-05-31T20:38:10.0750570Z,0
2.04864,102.5782758,Daerah: Johor<br>No:3740<br>Hex coord:(8;56),n/a,1,0,0,0,0,2,1,2023-05-31T20:38:10.7513837Z,3
2.04086,102.5918103,Daerah: Johor<br>No:3741<br>Hex coord:(9;56),n/a,0,0,0,0,0,2,1,2023-05-31T20:38:11.4217156Z,0
2.04864,102.6053447,Daerah: Johor<br>No:3742<br>Hex coord:(10;56),n/a,0,0,0,0,0,2,1,2023-05-31T20:38:12.0956921Z,0
2.04086,102.6188792,Daerah: Johor<br>No:3743<br>Hex coord:(11;56),n/a,0,0,0,0,0,2,1,2023-05-31T20:38:12.7698302Z,0
2.04864,102.6324137,Daerah: Johor<br>No:3744<br>Hex coord:(12;56),n/a,0,0,0,0,0,0,1,2023-05-31T20:38:13.4395524Z,0
2.04086,102.6459482,Daerah: Johor<br>No:3745<br>Hex coord:(13;56),n/a,1,0,0,0,0,0,1,2023-05-31T20:38:14.0995400Z,0
2.04864,102.6594826,Daerah: Johor<br>No:3746<br>Hex coord:(14;56),n/a,1,0,0,0,0,0,1,2023-05-31T20:38:14.7566814Z,0
2.04086,102.6730171,Daerah: Johor<br>No:3747<br>Hex coord:(15;56),n/a,0,0,0,0,0,0,1,2023-05-31T20:38:15.4211267Z,0
2.04864,102.6865516,Daerah: Johor<br>No:3748<br>Hex coord:(16;56),n/a,0,0,0,0,0,0,1,2023-05-31T20:38:16.0681569Z,0
2.04086,102.7000861,Daerah: Johor<br>No:3749<br>Hex coord:(17;56),n/a,0,0,0,0,0,0,1,2023-05-31T20:38:16.7166396Z,0
2.04864,102.7136205,Daerah: Johor<br>No:3750<br>Hex coord:(18;56),n/a,0,0,0,0,0,0,1,2023-05-31T20:38:17.3729988Z,0
2.04086,102.727155,Daerah: Johor<br>No:3751<br>Hex coord:(19;56),n/a,0,0,0,0,0,0,1,2023-05-31T20:38:18.0196698Z,0
2.04864,102.7406895,Daerah: Johor<br>No:3752<br>Hex coord:(20;56),n/a,0,0,0,0,0,0,1,2023-05-31T20:38:18.6727590Z,0
2.04086,102.754224,Daerah: Johor<br>No:3753<br>Hex coord:(21;56),n/a,0,0,0,0,0,0,1,2023-05-31T20:38:19.3391777Z,0
2.04864,102.7677584,Daerah: Johor<br>No:3754<br>Hex coord:(22;56),n/a,0,0,0,0,0,0,1,2023-05-31T20:38:19.9917373Z,0
2.04086,102.7812929,Daerah: Johor<br>No:3755<br>Hex coord:(23;56),n/a,0,0,0,0,0,0,1,2023-05-31T20:38:20.6436046Z,0
2.04864,102.7948274,Daerah: Johor<br>No:3756<br>Hex coord:(24;56),n/a,0,0,0,0,0,0,1,2023-05-31T20:38:21.3060573Z,0
2.04086,102.8083619,Daerah: Johor<br>No:3757<br>Hex coord:(25;56),n/a,0,0,0,0,0,0,1,2023-05-31T20:38:21.9747259Z,0
2.04864,102.8218963,Daerah: Johor<br>No:3758<br>Hex coord:(26;56),n/a,0,0,0,0,0,0,1,2023-05-31T20:38:22.6272022Z,0
2.04086,102.8354308,Daerah: Johor<br>No:3759<br>Hex coord:(27;56),n/a,0,0,0,0,0,0,1,2023-05-31T20:38:23.2864663Z,0
2.04864,102.8489653,Daerah: Johor<br>No:3760<br>Hex coord:(28;56),n/a,0,0,0,0,0,0,1,2023-05-31T20:38:23.9426484Z,0
2.04086,102.8624998,Daerah: Johor<br>No:3761<br>Hex coord:(29;56),n/a,0,0,0,0,0,0,1,2023-05-31T20:38:24.6039158Z,0
2.04864,102.8760342,Daerah: Johor<br>No:3762<br>Hex coord:(30;56),n/a,0,0,0,0,0,0,1,2023-05-31T20:38:25.2608371Z,0
2.04086,102.8895687,Daerah: Johor<br>No:3763<br>Hex coord:(31;56),n/a,0,0,0,0,0,0,1,2023-05-31T20:38:25.9146430Z,0
2.04864,102.9031032,Daerah: Johor<br>No:3764<br>Hex coord:(32;56),n/a,0,0,0,0,0,0,1,2023-05-31T20:38:26.5675613Z,0
2.04086,102.9166377,Daerah: Johor<br>No:3765<br>Hex coord:(33;56),n/a,0,0,0,0,0,0,1,2023-05-31T20:38:27.2189027Z,0
2.04864,102.9301721,Daerah: Johor<br>No:3766<br>Hex coord:(34;56),n/a,0,0,0,0,0,0,1,2023-05-31T20:38:27.8772056Z,0
2.04086,102.9437066,Daerah: Johor<br>No:3767<br>Hex coord:(35;56),n/a,0,0,0,0,0,0,1,2023-05-31T20:38:28.5313433Z,0
2.04864,102.9572411,Daerah: Johor<br>No:3768<br>Hex coord:(36;56),n/a,0,0,0,0,0,0,1,2023-05-31T20:38:29.1915710Z,0
2.04086,102.9707756,Daerah: Johor<br>No:3769<br>Hex coord:(37;56),n/a,0,0,0,0,0,0,1,2023-05-31T20:38:29.8580692Z,0
2.04864,102.98431,Daerah: Johor<br>No:3770<br>Hex coord:(38;56),n/a,0,0,0,0,0,0,1,2023-05-31T20:38:30.5112619Z,0
2.04086,102.9978445,Daerah: Johor<br>No:3771<br>Hex coord:(39;56),n/a,0,0,0,0,0,0,1,2023-05-31T20:38:31.1704306Z,0
2.04864,103.011379,Daerah: Johor<br>No:3772<br>Hex coord:(40;56),n/a,0,0,0,0,0,0,1,2023-05-31T20:38:31.8262000Z,0
2.04086,103.0249135,Daerah: Johor<br>No:3773<br>Hex coord:(41;56),n/a,0,0,0,0,0,0,1,2023-05-31T20:38:32.4833556Z,0
2.04864,103.0384479,Daerah: Johor<br>No:3774<br>Hex coord:(42;56),n/a,0,0,0,0,0,0,1,2023-05-31T20:38:33.1363524Z,0
2.04086,103.0519824,Daerah: Johor<br>No:3775<br>Hex coord:(43;56),n/a,0,0,0,0,0,0,1,2023-05-31T20:38:33.7953174Z,0
2.04864,103.0655169,Daerah: Johor<br>No:3776<br>Hex coord:(44;56),n/a,0,0,0,0,0,0,1,2023-05-31T20:38:34.4590965Z,0
2.04086,103.0790514,Daerah: Johor<br>No:3777<br>Hex coord:(45;56),n/a,0,0,0,0,0,0,1,2023-05-31T20:38:35.1155245Z,0
2.04864,103.0925858,Daerah: Johor<br>No:3778<br>Hex coord:(46;56),n/a,0,0,0,0,0,0,1,2023-05-31T20:38:35.7639381Z,0
2.04086,103.1061203,Daerah: Johor<br>No:3779<br>Hex coord:(47;56),n/a,0,0,0,0,0,0,1,2023-05-31T20:38:36.4203583Z,0
2.04864,103.1196548,Daerah: Johor<br>No:3780<br>Hex coord:(48;56),n/a,0,0,0,0,0,0,1,2023-05-31T20:38:37.0759634Z,0
2.04086,103.1331893,Daerah: Johor<br>No:3781<br>Hex coord:(49;56),n/a,0,0,0,0,0,0,1,2023-05-31T20:38:37.7249046Z,0
2.04864,103.1467237,Daerah: Johor<br>No:3782<br>Hex coord:(50;56),n/a,0,0,0,0,0,0,1,2023-05-31T20:38:38.3819236Z,0
2.04086,103.1602582,Daerah: Johor<br>No:3783<br>Hex coord:(51;56),n/a,0,0,0,0,0,0,1,2023-05-31T20:38:39.0488821Z,0
2.04864,103.1737927,Daerah: Johor<br>No:3784<br>Hex coord:(52;56),n/a,0,0,0,0,0,0,1,2023-05-31T20:38:39.7196263Z,0
2.04086,103.1873272,Daerah: Johor<br>No:3785<br>Hex coord:(53;56),n/a,0,0,0,0,0,0,1,2023-05-31T20:38:40.3766960Z,0
2.04864,103.2008616,Daerah: Johor<br>No:3786<br>Hex coord:(54;56),n/a,0,0,0,0,0,0,1,2023-05-31T20:38:41.0501836Z,0
2.04086,103.2143961,Daerah: Johor<br>No:3787<br>Hex coord:(55;56),n/a,0,0,0,0,0,0,1,2023-05-31T20:38:41.7048698Z,0
2.04864,103.2279306,Daerah: Johor<br>No:3788<br>Hex coord:(56;56),n/a,0,0,0,0,0,0,1,2023-05-31T20:38:42.3567775Z,0
2.04086,103.2414651,Daerah: Johor<br>No:3789<br>Hex coord:(57;56),n/a,0,0,0,0,0,0,1,2023-05-31T20:38:43.0133820Z,0
2.04864,103.2549995,Daerah: Johor<br>No:3790<br>Hex coord:(58;56),n/a,0,0,0,0,0,0,1,2023-05-31T20:38:43.6718280Z,0
2.04086,103.268534,Daerah: Johor<br>No:3791<br>Hex coord:(59;56),n/a,0,0,0,0,0,0,1,2023-05-31T20:38:44.3424486Z,0
2.04864,103.2820685,Daerah: Johor<br>No:3792<br>Hex coord:(60;56),n/a,0,0,0,0,0,0,1,2023-05-31T20:38:45.0157537Z,0
2.04086,103.295603,Daerah: Johor<br>No:3793<br>Hex coord:(61;56),n/a,0,0,0,0,0,0,1,2023-05-31T20:38:45.6956220Z,0
2.04864,103.3091374,Daerah: Johor<br>No:3794<br>Hex coord:(62;56),n/a,1,0,0,0,0,0,1,2023-05-31T20:38:46.3799480Z,1
2.04086,103.3226719,Daerah: Johor<br>No:3795<br>Hex coord:(63;56),n/a,2,0,0,0,0,0,1,2023-05-31T20:38:47.0772021Z,1
2.04864,103.3362064,Daerah: Johor<br>No:3796<br>Hex coord:(64;56),n/a,2,0,0,0,0,0,1,2023-05-31T20:38:47.7541341Z,0
2.04086,103.3497409,Daerah: Johor<br>No:3797<br>Hex coord:(65;56),n/a,0,0,0,0,0,0,1,2023-05-31T20:38:48.4368596Z,0
2.04864,103.3632753,Daerah: Johor<br>No:3798<br>Hex coord:(66;56),n/a,0,0,0,0,0,0,1,2023-05-31T20:38:49.1017228Z,0
2.04086,103.3768098,Daerah: Johor<br>No:3799<br>Hex coord:(67;56),n/a,0,0,0,0,0,0,1,2023-05-31T20:38:49.7820721Z,0
2.04864,103.3903443,Daerah: Johor<br>No:3800<br>Hex coord:(68;56),n/a,0,0,0,0,0,0,1,2023-05-31T20:38:50.4457376Z,0
2.04086,103.4038788,Daerah: Johor<br>No:3801<br>Hex coord:(69;56),n/a,0,0,0,0,0,0,1,2023-05-31T20:38:51.0999437Z,0
2.04864,103.4174132,Daerah: Johor<br>No:3802<br>Hex coord:(70;56),n/a,0,0,0,0,0,0,1,2023-05-31T20:38:51.7669736Z,0
2.04086,103.4309477,Daerah: Johor<br>No:3803<br>Hex coord:(71;56),n/a,0,0,0,0,0,0,1,2023-05-31T20:38:52.4201300Z,0
2.04864,103.4444822,Daerah: Johor<br>No:3804<br>Hex coord:(72;56),n/a,0,0,0,0,0,0,1,2023-05-31T20:38:53.0743227Z,0
2.04086,103.4580167,Daerah: Johor<br>No:3805<br>Hex coord:(73;56),n/a,0,0,0,0,0,0,1,2023-05-31T20:38:53.7413330Z,0
2.04864,103.4715511,Daerah: Johor<br>No:3806<br>Hex coord:(74;56),n/a,0,0,0,0,0,0,1,2023-05-31T20:38:54.3967181Z,0
2.04086,103.4850856,Daerah: Johor<br>No:3807<br>Hex coord:(75;56),n/a,0,0,0,0,0,0,1,2023-05-31T20:38:55.0521624Z,0
2.04864,103.4986201,Daerah: Johor<br>No:3808<br>Hex coord:(76;56),n/a,0,0,0,0,0,0,1,2023-05-31T20:38:55.7063374Z,0
2.04086,103.5121546,Daerah: Johor<br>No:3809<br>Hex coord:(77;56),n/a,0,0,0,0,0,0,1,2023-05-31T20:38:56.3570271Z,0
2.04864,103.525689,Daerah: Johor<br>No:3810<br>Hex coord:(78;56),n/a,0,0,0,0,0,0,1,2023-05-31T20:38:57.0073712Z,0
2.04086,103.5392235,Daerah: Johor<br>No:3811<br>Hex coord:(79;56),n/a,0,0,0,0,0,0,1,2023-05-31T20:38:57.6627821Z,0
2.04864,103.552758,Daerah: Johor<br>No:3812<br>Hex coord:(80;56),n/a,0,0,0,0,0,0,1,2023-05-31T20:38:58.3181671Z,0
2.04086,103.5662925,Daerah: Johor<br>No:3813<br>Hex coord:(81;56),n/a,0,0,0,0,0,0,1,2023-05-31T20:38:58.9747180Z,0
2.04864,103.5798269,Daerah: Johor<br>No:3814<br>Hex coord:(82;56),n/a,0,0,0,0,0,0,1,2023-05-31T20:38:59.6250865Z,0
2.04086,103.5933614,Daerah: Johor<br>No:3815<br>Hex coord:(83;56),n/a,0,0,0,0,0,0,1,2023-05-31T20:39:00.2816456Z,0
2.04864,103.6068959,Daerah: Johor<br>No:3816<br>Hex coord:(84;56),n/a,0,0,0,0,0,0,1,2023-05-31T20:39:00.9334102Z,0
2.04086,103.6204304,Daerah: Johor<br>No:3817<br>Hex coord:(85;56),n/a,0,0,0,0,0,0,1,2023-05-31T20:39:01.5811619Z,0
2.04864,103.6339648,Daerah: Johor<br>No:3818<br>Hex coord:(86;56),n/a,0,0,0,0,0,0,1,2023-05-31T20:39:02.2456871Z,0
2.04086,103.6474993,Daerah: Johor<br>No:3819<br>Hex coord:(87;56),n/a,0,0,0,0,0,0,1,2023-05-31T20:39:02.9091591Z,0
2.04864,103.6610338,Daerah: Johor<br>No:3820<br>Hex coord:(88;56),n/a,0,0,0,0,0,0,1,2023-05-31T20:39:03.5633748Z,0
2.04086,103.6745683,Daerah: Johor<br>No:3821<br>Hex coord:(89;56),n/a,0,0,0,0,0,0,1,2023-05-31T20:39:04.2150312Z,0
2.04864,103.6881027,Daerah: Johor<br>No:3822<br>Hex coord:(90;56),n/a,0,0,0,0,0,0,1,2023-05-31T20:39:04.8681065Z,0
2.04086,103.7016372,Daerah: Johor<br>No:3823<br>Hex coord:(91;56),n/a,0,0,0,0,0,0,1,2023-05-31T20:39:05.5256467Z,0
2.04864,103.7151717,Daerah: Johor<br>No:3824<br>Hex coord:(92;56),n/a,0,0,0,0,0,0,1,2023-05-31T20:39:06.1793381Z,0
2.04086,103.7287062,Daerah: Johor<br>No:3825<br>Hex coord:(93;56),n/a,0,0,0,0,0,0,1,2023-05-31T20:39:06.8329696Z,0
2.04864,103.7422406,Daerah: Johor<br>No:3826<br>Hex coord:(94;56),n/a,0,0,0,0,0,0,1,2023-05-31T20:39:07.4908357Z,0
2.04086,103.7557751,Daerah: Johor<br>No:3827<br>Hex coord:(95;56),n/a,0,0,0,0,0,0,1,2023-05-31T20:39:08.1466285Z,0
2.04864,103.7693096,Daerah: Johor<br>No:3828<br>Hex coord:(96;56),n/a,0,0,0,0,0,0,1,2023-05-31T20:39:08.7991192Z,0
2.04086,103.7828441,Daerah: Johor<br>No:3829<br>Hex coord:(97;56),n/a,0,0,0,0,0,0,1,2023-05-31T20:39:09.4460493Z,0
2.04864,103.7963785,Daerah: Johor<br>No:3830<br>Hex coord:(98;56),n/a,0,0,0,0,0,0,1,2023-05-31T20:39:10.1023751Z,0
2.04086,103.809913,Daerah: Johor<br>No:3831<br>Hex coord:(99;56),n/a,0,0,0,0,0,0,1,2023-05-31T20:39:10.7596515Z,0
2.04864,103.8234475,Daerah: Johor<br>No:3832<br>Hex coord:(100;56),n/a,0,0,0,0,0,0,1,2023-05-31T20:39:11.5303922Z,0
2.04086,103.836982,Daerah: Johor<br>No:3833<br>Hex coord:(101;56),n/a,0,0,0,0,0,0,1,2023-05-31T20:39:12.2071451Z,0
2.04864,103.8505164,Daerah: Johor<br>No:3834<br>Hex coord:(102;56),n/a,0,0,0,0,0,0,1,2023-05-31T20:39:12.8648517Z,0
2.04086,103.8640509,Daerah: Johor<br>No:3835<br>Hex coord:(103;56),n/a,0,0,0,0,0,0,1,2023-05-31T20:39:13.5212188Z,0
2.04864,103.8775854,Daerah: Johor<br>No:3836<br>Hex coord:(104;56),n/a,0,0,0,0,0,0,1,2023-05-31T20:39:14.1743239Z,0
2.04086,103.8911199,Daerah: Johor<br>No:3837<br>Hex coord:(105;56),n/a,0,0,0,0,0,0,1,2023-05-31T20:39:14.8262046Z,0
2.04864,103.9046543,Daerah: Johor<br>No:3838<br>Hex coord:(106;56),n/a,0,0,0,0,0,0,1,2023-05-31T20:39:15.4839765Z,0
2.04086,103.9181888,Daerah: Johor<br>No:3839<br>Hex coord:(107;56),n/a,0,0,0,0,0,0,1,2023-05-31T20:39:16.1522398Z,0
2.04864,103.9317233,Daerah: Johor<br>No:3840<br>Hex coord:(108;56),n/a,0,0,0,0,0,0,1,2023-05-31T20:39:16.8245622Z,0
2.04086,103.9452578,Daerah: Johor<br>No:3841<br>Hex coord:(109;56),n/a,0,0,0,0,0,0,1,2023-05-31T20:39:17.4852833Z,0
2.04864,103.9587922,Daerah: Johor<br>No:3842<br>Hex coord:(110;56),n/a,0,0,0,0,0,0,1,2023-05-31T20:39:18.1439756Z,0
2.04086,103.9723267,Daerah: Johor<br>No:3843<br>Hex coord:(111;56),n/a,0,0,0,0,0,0,1,2023-05-31T20:39:18.8012941Z,0
2.04864,103.9858612,Daerah: Johor<br>No:3844<br>Hex coord:(112;56),n/a,0,0,0,0,0,0,1,2023-05-31T20:39:19.4570270Z,0
2.04086,103.9993957,Daerah: Johor<br>No:3845<br>Hex coord:(113;56),n/a,0,0,0,0,0,0,1,2023-05-31T20:39:20.1233975Z,0
2.04864,104.0129301,Daerah: Johor<br>No:3846<br>Hex coord:(114;56),n/a,0,0,0,0,0,0,1,2023-05-31T20:39:20.7839614Z,0
2.04086,104.0264646,Daerah: Johor<br>No:3847<br>Hex coord:(115;56),n/a,0,0,0,0,0,0,1,2023-05-31T20:39:21.4706253Z,0
2.04864,104.0399991,Daerah: Johor<br>No:3848<br>Hex coord:(116;56),n/a,0,0,0,0,0,0,1,2023-05-31T20:39:22.1337691Z,0
2.04086,104.0535336,Daerah: Johor<br>No:3849<br>Hex coord:(117;56),n/a,0,0,0,0,0,0,1,2023-05-31T20:39:22.7992026Z,0
2.03308,102.5512068,Daerah: Johor<br>No:3850<br>Hex coord:(6;57),n/a,0,0,0,0,0,2,1,2023-05-31T20:39:23.4630802Z,0
2.0253,102.5647413,Daerah: Johor<br>No:3851<br>Hex coord:(7;57),n/a,1,0,0,0,0,2,1,2023-05-31T20:39:24.1440359Z,0
2.03308,102.5782758,Daerah: Johor<br>No:3852<br>Hex coord:(8;57),n/a,0,0,0,0,0,2,1,2023-05-31T20:39:24.8245572Z,2
2.0253,102.5918103,Daerah: Johor<br>No:3853<br>Hex coord:(9;57),n/a,0,0,0,0,0,3,1,2023-05-31T20:39:25.5000252Z,0
2.03308,102.6053447,Daerah: Johor<br>No:3854<br>Hex coord:(10;57),n/a,0,0,0,0,0,3,1,2023-05-31T20:39:26.1744899Z,0
2.0253,102.6188792,Daerah: Johor<br>No:3855<br>Hex coord:(11;57),n/a,0,0,0,0,0,2,1,2023-05-31T20:39:26.8481503Z,0
2.03308,102.6324137,Daerah: Johor<br>No:3856<br>Hex coord:(12;57),n/a,0,0,0,0,0,0,1,2023-05-31T20:39:27.5332564Z,0
2.0253,102.6459482,Daerah: Johor<br>No:3857<br>Hex coord:(13;57),n/a,0,0,0,0,0,0,1,2023-05-31T20:39:28.1934405Z,0
2.03308,102.6594826,Daerah: Johor<br>No:3858<br>Hex coord:(14;57),n/a,0,0,0,0,0,0,1,2023-05-31T20:39:28.8461034Z,0
2.0253,102.6730171,Daerah: Johor<br>No:3859<br>Hex coord:(15;57),n/a,0,0,0,0,0,0,1,2023-05-31T20:39:29.5138466Z,0
2.03308,102.6865516,Daerah: Johor<br>No:3860<br>Hex coord:(16;57),n/a,0,0,0,0,0,0,1,2023-05-31T20:39:30.1711764Z,0
2.0253,102.7000861,Daerah: Johor<br>No:3861<br>Hex coord:(17;57),n/a,0,0,0,0,0,0,1,2023-05-31T20:39:30.8340126Z,0
2.03308,102.7136205,Daerah: Johor<br>No:3862<br>Hex coord:(18;57),n/a,0,0,0,0,0,0,1,2023-05-31T20:39:31.4883142Z,0
2.0253,102.727155,Daerah: Johor<br>No:3863<br>Hex coord:(19;57),n/a,0,0,0,0,0,0,1,2023-05-31T20:39:32.1433451Z,0
2.03308,102.7406895,Daerah: Johor<br>No:3864<br>Hex coord:(20;57),n/a,0,0,0,0,0,0,1,2023-05-31T20:39:32.8005973Z,0
2.0253,102.754224,Daerah: Johor<br>No:3865<br>Hex coord:(21;57),n/a,0,0,0,0,0,0,1,2023-05-31T20:39:33.4684751Z,0
2.03308,102.7677584,Daerah: Johor<br>No:3866<br>Hex coord:(22;57),n/a,0,0,0,0,0,0,1,2023-05-31T20:39:34.1324314Z,0
2.0253,102.7812929,Daerah: Johor<br>No:3867<br>Hex coord:(23;57),n/a,0,0,0,0,0,0,1,2023-05-31T20:39:34.7913731Z,0
2.03308,102.7948274,Daerah: Johor<br>No:3868<br>Hex coord:(24;57),n/a,0,0,0,0,0,0,1,2023-05-31T20:39:35.4582126Z,0
2.0253,102.8083619,Daerah: Johor<br>No:3869<br>Hex coord:(25;57),n/a,0,0,0,0,0,0,1,2023-05-31T20:39:36.1397381Z,0
2.03308,102.8218963,Daerah: Johor<br>No:3870<br>Hex coord:(26;57),n/a,0,0,0,0,0,0,1,2023-05-31T20:39:36.8035072Z,0
2.0253,102.8354308,Daerah: Johor<br>No:3871<br>Hex coord:(27;57),n/a,0,0,0,0,0,0,1,2023-05-31T20:39:37.4717060Z,0
2.03308,102.8489653,Daerah: Johor<br>No:3872<br>Hex coord:(28;57),n/a,0,0,0,0,0,0,1,2023-05-31T20:39:38.1235994Z,0
2.0253,102.8624998,Daerah: Johor<br>No:3873<br>Hex coord:(29;57),n/a,0,0,0,0,0,0,1,2023-05-31T20:39:38.7829353Z,0
2.03308,102.8760342,Daerah: Johor<br>No:3874<br>Hex coord:(30;57),n/a,0,0,0,0,0,0,1,2023-05-31T20:39:39.4360797Z,0
2.0253,102.8895687,Daerah: Johor<br>No:3875<br>Hex coord:(31;57),n/a,0,0,0,0,0,0,1,2023-05-31T20:39:40.0947033Z,0
2.03308,102.9031032,Daerah: Johor<br>No:3876<br>Hex coord:(32;57),n/a,0,0,0,0,0,0,1,2023-05-31T20:39:40.7647990Z,0
2.0253,102.9166377,Daerah: Johor<br>No:3877<br>Hex coord:(33;57),n/a,0,0,0,0,0,0,1,2023-05-31T20:39:41.4230614Z,0
2.03308,102.9301721,Daerah: Johor<br>No:3878<br>Hex coord:(34;57),n/a,0,0,0,0,0,0,1,2023-05-31T20:39:42.0855646Z,0
2.0253,102.9437066,Daerah: Johor<br>No:3879<br>Hex coord:(35;57),n/a,0,0,0,0,0,0,1,2023-05-31T20:39:42.7636786Z,0
2.03308,102.9572411,Daerah: Johor<br>No:3880<br>Hex coord:(36;57),n/a,0,0,0,0,0,0,1,2023-05-31T20:39:43.4240462Z,0
2.0253,102.9707756,Daerah: Johor<br>No:3881<br>Hex coord:(37;57),n/a,0,0,0,0,0,0,1,2023-05-31T20:39:44.1072377Z,0
2.03308,102.98431,Daerah: Johor<br>No:3882<br>Hex coord:(38;57),n/a,0,0,0,0,0,0,1,2023-05-31T20:39:44.7614488Z,0
2.0253,102.9978445,Daerah: Johor<br>No:3883<br>Hex coord:(39;57),n/a,0,0,0,0,0,0,1,2023-05-31T20:39:45.4248491Z,0
2.03308,103.011379,Daerah: Johor<br>No:3884<br>Hex coord:(40;57),n/a,0,0,0,0,0,0,1,2023-05-31T20:39:46.0809317Z,0
2.0253,103.0249135,Daerah: Johor<br>No:3885<br>Hex coord:(41;57),n/a,0,0,0,0,0,0,1,2023-05-31T20:39:46.7349083Z,0
2.03308,103.0384479,Daerah: Johor<br>No:3886<br>Hex coord:(42;57),n/a,0,0,0,0,0,0,1,2023-05-31T20:39:47.4149401Z,0
2.0253,103.0519824,Daerah: Johor<br>No:3887<br>Hex coord:(43;57),n/a,0,0,0,0,0,0,1,2023-05-31T20:39:48.0755753Z,0
2.03308,103.0655169,Daerah: Johor<br>No:3888<br>Hex coord:(44;57),n/a,0,0,0,0,0,0,1,2023-05-31T20:39:48.7294790Z,0
2.0253,103.0790514,Daerah: Johor<br>No:3889<br>Hex coord:(45;57),n/a,0,0,0,0,0,0,1,2023-05-31T20:39:49.3946736Z,0
2.03308,103.0925858,Daerah: Johor<br>No:3890<br>Hex coord:(46;57),n/a,0,0,0,0,0,0,1,2023-05-31T20:39:50.0606824Z,0
2.0253,103.1061203,Daerah: Johor<br>No:3891<br>Hex coord:(47;57),n/a,0,0,0,0,0,0,1,2023-05-31T20:39:50.7139795Z,0
2.03308,103.1196548,Daerah: Johor<br>No:3892<br>Hex coord:(48;57),n/a,0,0,0,0,0,0,1,2023-05-31T20:39:51.3867454Z,0
2.0253,103.1331893,Daerah: Johor<br>No:3893<br>Hex coord:(49;57),n/a,0,0,0,0,0,0,1,2023-05-31T20:39:52.0433208Z,0
2.03308,103.1467237,Daerah: Johor<br>No:3894<br>Hex coord:(50;57),n/a,0,0,0,0,0,0,1,2023-05-31T20:39:52.6956059Z,0
2.0253,103.1602582,Daerah: Johor<br>No:3895<br>Hex coord:(51;57),n/a,0,0,0,0,0,0,1,2023-05-31T20:39:53.3510467Z,0
2.03308,103.1737927,Daerah: Johor<br>No:3896<br>Hex coord:(52;57),n/a,0,0,0,0,0,0,1,2023-05-31T20:39:54.0060306Z,0
2.0253,103.1873272,Daerah: Johor<br>No:3897<br>Hex coord:(53;57),n/a,0,0,0,0,0,0,1,2023-05-31T20:39:54.6629720Z,0
2.03308,103.2008616,Daerah: Johor<br>No:3898<br>Hex coord:(54;57),n/a,0,0,0,0,0,0,1,2023-05-31T20:39:55.3238484Z,0
2.0253,103.2143961,Daerah: Johor<br>No:3899<br>Hex coord:(55;57),n/a,0,0,0,0,0,0,1,2023-05-31T20:39:55.9945304Z,0
2.03308,103.2279306,Daerah: Johor<br>No:3900<br>Hex coord:(56;57),n/a,0,0,0,0,0,0,1,2023-05-31T20:39:56.6459551Z,0
2.0253,103.2414651,Daerah: Johor<br>No:3901<br>Hex coord:(57;57),n/a,0,0,0,0,0,0,1,2023-05-31T20:39:57.3045244Z,0
2.03308,103.2549995,Daerah: Johor<br>No:3902<br>Hex coord:(58;57),n/a,0,0,0,0,0,0,1,2023-05-31T20:39:57.9789513Z,0
2.0253,103.268534,Daerah: Johor<br>No:3903<br>Hex coord:(59;57),n/a,0,0,0,0,0,0,1,2023-05-31T20:39:58.6522621Z,0
2.03308,103.2820685,Daerah: Johor<br>No:3904<br>Hex coord:(60;57),n/a,0,0,0,0,0,0,1,2023-05-31T20:39:59.3361864Z,0
2.0253,103.295603,Daerah: Johor<br>No:3905<br>Hex coord:(61;57),n/a,1,0,0,0,0,0,1,2023-05-31T20:40:00.0142837Z,1
2.03308,103.3091374,Daerah: Johor<br>No:3906<br>Hex coord:(62;57),n/a,0,0,0,0,0,0,1,2023-05-31T20:40:00.7031812Z,1
2.0253,103.3226719,Daerah: Johor<br>No:3907<br>Hex coord:(63;57),n/a,0,0,0,0,0,0,1,2023-05-31T20:40:01.4339104Z,1
2.03308,103.3362064,Daerah: Johor<br>No:3908<br>Hex coord:(64;57),n/a,0,0,0,0,0,0,1,2023-05-31T20:40:02.1182900Z,2
2.0253,103.3497409,Daerah: Johor<br>No:3909<br>Hex coord:(65;57),n/a,0,0,0,0,0,0,1,2023-05-31T20:40:02.8021757Z,0
2.03308,103.3632753,Daerah: Johor<br>No:3910<br>Hex coord:(66;57),n/a,0,0,0,0,0,0,1,2023-05-31T20:40:03.4732588Z,0
2.0253,103.3768098,Daerah: Johor<br>No:3911<br>Hex coord:(67;57),n/a,0,0,0,0,0,0,1,2023-05-31T20:40:04.1514555Z,0
2.03308,103.3903443,Daerah: Johor<br>No:3912<br>Hex coord:(68;57),n/a,0,0,0,0,0,0,1,2023-05-31T20:40:04.8217427Z,0
2.0253,103.4038788,Daerah: Johor<br>No:3913<br>Hex coord:(69;57),n/a,0,0,0,0,0,0,1,2023-05-31T20:40:05.4897831Z,0
2.03308,103.4174132,Daerah: Johor<br>No:3914<br>Hex coord:(70;57),n/a,0,0,0,0,0,0,1,2023-05-31T20:40:06.1548563Z,0
2.0253,103.4309477,Daerah: Johor<br>No:3915<br>Hex coord:(71;57),n/a,0,0,0,0,0,0,1,2023-05-31T20:40:06.8087292Z,0
2.03308,103.4444822,Daerah: Johor<br>No:3916<br>Hex coord:(72;57),n/a,0,0,0,0,0,0,1,2023-05-31T20:40:07.4653613Z,0
2.0253,103.4580167,Daerah: Johor<br>No:3917<br>Hex coord:(73;57),n/a,0,0,0,0,0,0,1,2023-05-31T20:40:08.1248086Z,0
2.03308,103.4715511,Daerah: Johor<br>No:3918<br>Hex coord:(74;57),n/a,0,0,0,0,0,0,1,2023-05-31T20:40:08.7935338Z,0
2.0253,103.4850856,Daerah: Johor<br>No:3919<br>Hex coord:(75;57),n/a,0,0,0,0,0,0,1,2023-05-31T20:40:09.4460604Z,0
2.03308,103.4986201,Daerah: Johor<br>No:3920<br>Hex coord:(76;57),n/a,0,0,0,0,0,0,1,2023-05-31T20:40:10.1034451Z,0
2.0253,103.5121546,Daerah: Johor<br>No:3921<br>Hex coord:(77;57),n/a,0,0,0,0,0,0,1,2023-05-31T20:40:10.7579773Z,0
2.03308,103.525689,Daerah: Johor<br>No:3922<br>Hex coord:(78;57),n/a,0,0,0,0,0,0,1,2023-05-31T20:40:11.4128960Z,0
2.0253,103.5392235,Daerah: Johor<br>No:3923<br>Hex coord:(79;57),n/a,0,0,0,0,0,0,1,2023-05-31T20:40:12.0733336Z,0
2.03308,103.552758,Daerah: Johor<br>No:3924<br>Hex coord:(80;57),n/a,0,0,0,0,0,0,1,2023-05-31T20:40:12.7380022Z,0
2.0253,103.5662925,Daerah: Johor<br>No:3925<br>Hex coord:(81;57),n/a,0,0,0,0,0,0,1,2023-05-31T20:40:13.4074258Z,0
2.03308,103.5798269,Daerah: Johor<br>No:3926<br>Hex coord:(82;57),n/a,0,0,0,0,0,0,1,2023-05-31T20:40:14.0564898Z,0
2.0253,103.5933614,Daerah: Johor<br>No:3927<br>Hex coord:(83;57),n/a,0,0,0,0,0,0,1,2023-05-31T20:40:14.7158595Z,0
2.03308,103.6068959,Daerah: Johor<br>No:3928<br>Hex coord:(84;57),n/a,0,0,0,0,0,0,1,2023-05-31T20:40:15.3690768Z,0
2.0253,103.6204304,Daerah: Johor<br>No:3929<br>Hex coord:(85;57),n/a,0,0,0,0,0,0,1,2023-05-31T20:40:16.0294760Z,0
2.03308,103.6339648,Daerah: Johor<br>No:3930<br>Hex coord:(86;57),n/a,0,0,0,0,0,0,1,2023-05-31T20:40:16.6935092Z,0
2.0253,103.6474993,Daerah: Johor<br>No:3931<br>Hex coord:(87;57),n/a,0,0,0,0,0,0,1,2023-05-31T20:40:17.3521910Z,0
2.03308,103.6610338,Daerah: Johor<br>No:3932<br>Hex coord:(88;57),n/a,0,0,0,0,0,0,1,2023-05-31T20:40:18.0066820Z,0
2.0253,103.6745683,Daerah: Johor<br>No:3933<br>Hex coord:(89;57),n/a,0,0,0,0,0,0,1,2023-05-31T20:40:18.6613130Z,0
2.03308,103.6881027,Daerah: Johor<br>No:3934<br>Hex coord:(90;57),n/a,0,0,0,0,0,0,1,2023-05-31T20:40:19.3242985Z,0
2.0253,103.7016372,Daerah: Johor<br>No:3935<br>Hex coord:(91;57),n/a,0,0,0,0,0,0,1,2023-05-31T20:40:19.9778851Z,0
2.03308,103.7151717,Daerah: Johor<br>No:3936<br>Hex coord:(92;57),n/a,0,0,0,0,0,0,1,2023-05-31T20:40:20.6341488Z,0
2.0253,103.7287062,Daerah: Johor<br>No:3937<br>Hex coord:(93;57),n/a,0,0,0,0,0,0,1,2023-05-31T20:40:21.2932624Z,0
2.03308,103.7422406,Daerah: Johor<br>No:3938<br>Hex coord:(94;57),n/a,0,0,0,0,0,0,1,2023-05-31T20:40:21.9458289Z,0
2.0253,103.7557751,Daerah: Johor<br>No:3939<br>Hex coord:(95;57),n/a,0,0,0,0,0,0,1,2023-05-31T20:40:22.6092183Z,0
2.03308,103.7693096,Daerah: Johor<br>No:3940<br>Hex coord:(96;57),n/a,0,0,0,0,0,0,1,2023-05-31T20:40:23.2681850Z,0
2.0253,103.7828441,Daerah: Johor<br>No:3941<br>Hex coord:(97;57),n/a,0,0,0,0,0,0,1,2023-05-31T20:40:23.9195834Z,0
2.03308,103.7963785,Daerah: Johor<br>No:3942<br>Hex coord:(98;57),n/a,0,0,0,0,0,0,1,2023-05-31T20:40:24.5834991Z,0
2.0253,103.809913,Daerah: Johor<br>No:3943<br>Hex coord:(99;57),n/a,0,0,0,0,0,0,1,2023-05-31T20:40:25.2421566Z,0
2.03308,103.8234475,Daerah: Johor<br>No:3944<br>Hex coord:(100;57),n/a,0,0,0,0,0,0,1,2023-05-31T20:40:25.8986925Z,0
2.0253,103.836982,Daerah: Johor<br>No:3945<br>Hex coord:(101;57),n/a,0,0,0,0,0,0,1,2023-05-31T20:40:26.5843645Z,0
2.03308,103.8505164,Daerah: Johor<br>No:3946<br>Hex coord:(102;57),n/a,0,0,0,0,0,0,1,2023-05-31T20:40:27.2413121Z,0
2.0253,103.8640509,Daerah: Johor<br>No:3947<br>Hex coord:(103;57),n/a,0,0,0,0,0,0,1,2023-05-31T20:40:27.9038303Z,0
2.03308,103.8775854,Daerah: Johor<br>No:3948<br>Hex coord:(104;57),n/a,0,0,0,0,0,0,1,2023-05-31T20:40:28.5598097Z,0
2.0253,103.8911199,Daerah: Johor<br>No:3949<br>Hex coord:(105;57),n/a,0,0,0,0,0,0,1,2023-05-31T20:40:29.2123259Z,0
2.03308,103.9046543,Daerah: Johor<br>No:3950<br>Hex coord:(106;57),n/a,0,0,0,0,0,0,1,2023-05-31T20:40:29.8768707Z,0
2.0253,103.9181888,Daerah: Johor<br>No:3951<br>Hex coord:(107;57),n/a,0,0,0,0,0,0,1,2023-05-31T20:40:30.5293335Z,0
2.03308,103.9317233,Daerah: Johor<br>No:3952<br>Hex coord:(108;57),n/a,0,0,0,0,0,0,1,2023-05-31T20:40:31.1886783Z,0
2.0253,103.9452578,Daerah: Johor<br>No:3953<br>Hex coord:(109;57),n/a,0,0,0,0,0,0,1,2023-05-31T20:40:31.8369906Z,0
2.03308,103.9587922,Daerah: Johor<br>No:3954<br>Hex coord:(110;57),n/a,0,0,0,0,0,0,1,2023-05-31T20:40:32.5030037Z,0
2.0253,103.9723267,Daerah: Johor<br>No:3955<br>Hex coord:(111;57),n/a,0,0,0,0,0,0,1,2023-05-31T20:40:33.1520569Z,0
2.03308,103.9858612,Daerah: Johor<br>No:3956<br>Hex coord:(112;57),n/a,0,0,0,0,0,0,1,2023-05-31T20:40:33.8094631Z,0
2.0253,103.9993957,Daerah: Johor<br>No:3957<br>Hex coord:(113;57),n/a,0,0,0,0,0,0,1,2023-05-31T20:40:34.4624946Z,0
2.03308,104.0129301,Daerah: Johor<br>No:3958<br>Hex coord:(114;57),n/a,0,0,0,0,0,0,1,2023-05-31T20:40:35.1198760Z,0
2.0253,104.0264646,Daerah: Johor<br>No:3959<br>Hex coord:(115;57),n/a,0,0,0,0,0,0,1,2023-05-31T20:40:35.7744965Z,0
2.03308,104.0399991,Daerah: Johor<br>No:3960<br>Hex coord:(116;57),n/a,0,0,0,0,0,0,1,2023-05-31T20:40:36.4339659Z,0
2.0253,104.0535336,Daerah: Johor<br>No:3961<br>Hex coord:(117;57),n/a,0,0,0,0,0,0,1,2023-05-31T20:40:37.0863477Z,0
2.03308,104.067068,Daerah: Johor<br>No:3962<br>Hex coord:(118;57),n/a,0,0,0,0,0,0,1,2023-05-31T20:40:37.7434118Z,0
2.01752,102.5782758,Daerah: Johor<br>No:3963<br>Hex coord:(8;58),n/a,0,0,0,0,0,3,1,2023-05-31T20:40:38.4249857Z,0
2.00974,102.5918103,Daerah: Johor<br>No:3964<br>Hex coord:(9;58),n/a,0,0,0,0,0,3,1,2023-05-31T20:40:39.0910269Z,1
2.01752,102.6053447,Daerah: Johor<br>No:3965<br>Hex coord:(10;58),n/a,0,0,0,0,0,3,1,2023-05-31T20:40:39.7560871Z,0
2.00974,102.6188792,Daerah: Johor<br>No:3966<br>Hex coord:(11;58),n/a,0,0,0,0,0,1,1,2023-05-31T20:40:40.4220148Z,0
2.01752,102.6324137,Daerah: Johor<br>No:3967<br>Hex coord:(12;58),n/a,0,0,0,0,0,1,1,2023-05-31T20:40:41.0948047Z,0
2.00974,102.6459482,Daerah: Johor<br>No:3968<br>Hex coord:(13;58),n/a,0,0,0,0,0,0,1,2023-05-31T20:40:41.7561404Z,0
2.01752,102.6594826,Daerah: Johor<br>No:3969<br>Hex coord:(14;58),n/a,0,0,0,0,0,0,1,2023-05-31T20:40:42.4208376Z,0
2.00974,102.6730171,Daerah: Johor<br>No:3970<br>Hex coord:(15;58),n/a,0,0,0,0,0,0,1,2023-05-31T20:40:43.0782028Z,0
2.01752,102.6865516,Daerah: Johor<br>No:3971<br>Hex coord:(16;58),n/a,0,0,0,0,0,0,1,2023-05-31T20:41:19.7955220Z,0
2.00974,102.7000861,Daerah: Johor<br>No:3972<br>Hex coord:(17;58),n/a,0,0,0,0,0,0,1,2023-05-31T20:41:20.4918623Z,0
2.01752,102.7136205,Daerah: Johor<br>No:3973<br>Hex coord:(18;58),n/a,0,0,0,0,0,0,1,2023-05-31T20:41:21.1691252Z,0
2.00974,102.727155,Daerah: Johor<br>No:3974<br>Hex coord:(19;58),n/a,0,0,0,0,0,0,1,2023-05-31T20:41:21.8202638Z,0
2.01752,102.7406895,Daerah: Johor<br>No:3975<br>Hex coord:(20;58),n/a,0,0,0,0,0,0,1,2023-05-31T20:41:22.4881478Z,0
2.00974,102.754224,Daerah: Johor<br>No:3976<br>Hex coord:(21;58),n/a,0,0,0,0,0,0,1,2023-05-31T20:41:23.1578599Z,0
2.01752,102.7677584,Daerah: Johor<br>No:3977<br>Hex coord:(22;58),n/a,0,0,0,0,0,0,1,2023-05-31T20:41:23.8144627Z,0
2.00974,102.7812929,Daerah: Johor<br>No:3978<br>Hex coord:(23;58),n/a,0,0,0,0,0,0,1,2023-05-31T20:41:24.4716029Z,0
2.01752,102.7948274,Daerah: Johor<br>No:3979<br>Hex coord:(24;58),n/a,0,0,0,0,0,0,1,2023-05-31T20:41:25.1231710Z,0
2.00974,102.8083619,Daerah: Johor<br>No:3980<br>Hex coord:(25;58),n/a,0,0,0,0,0,0,1,2023-05-31T20:41:25.7783088Z,0
2.01752,102.8218963,Daerah: Johor<br>No:3981<br>Hex coord:(26;58),n/a,0,0,0,0,0,0,1,2023-05-31T20:41:26.4327645Z,0
2.00974,102.8354308,Daerah: Johor<br>No:3982<br>Hex coord:(27;58),n/a,0,0,0,0,0,0,1,2023-05-31T20:41:27.0915090Z,0
2.01752,102.8489653,Daerah: Johor<br>No:3983<br>Hex coord:(28;58),n/a,0,0,0,0,0,0,1,2023-05-31T20:41:27.7441017Z,0
2.00974,102.8624998,Daerah: Johor<br>No:3984<br>Hex coord:(29;58),n/a,0,0,0,0,0,0,1,2023-05-31T20:41:28.3974402Z,0
2.01752,102.8760342,Daerah: Johor<br>No:3985<br>Hex coord:(30;58),n/a,0,0,0,0,0,0,1,2023-05-31T20:41:29.0513177Z,0
2.00974,102.8895687,Daerah: Johor<br>No:3986<br>Hex coord:(31;58),n/a,0,0,0,0,0,0,1,2023-05-31T20:41:29.7046646Z,0
2.01752,102.9031032,Daerah: Johor<br>No:3987<br>Hex coord:(32;58),n/a,0,0,0,0,0,0,1,2023-05-31T20:41:30.3543425Z,0
2.00974,102.9166377,Daerah: Johor<br>No:3988<br>Hex coord:(33;58),n/a,0,0,0,0,0,0,1,2023-05-31T20:41:31.0081475Z,0
2.01752,102.9301721,Daerah: Johor<br>No:3989<br>Hex coord:(34;58),n/a,0,0,0,0,0,0,1,2023-05-31T20:41:31.6707939Z,0
2.00974,102.9437066,Daerah: Johor<br>No:3990<br>Hex coord:(35;58),n/a,0,0,0,0,0,0,1,2023-05-31T20:41:32.3180762Z,0
2.01752,102.9572411,Daerah: Johor<br>No:3991<br>Hex coord:(36;58),n/a,0,0,0,0,0,0,1,2023-05-31T20:41:32.9865689Z,0
2.00974,102.9707756,Daerah: Johor<br>No:3992<br>Hex coord:(37;58),n/a,0,0,0,0,0,0,1,2023-05-31T20:41:33.6548242Z,0
2.01752,102.98431,Daerah: Johor<br>No:3993<br>Hex coord:(38;58),n/a,0,0,0,0,0,0,1,2023-05-31T20:41:34.3042861Z,0
2.00974,102.9978445,Daerah: Johor<br>No:3994<br>Hex coord:(39;58),n/a,0,0,0,0,0,0,1,2023-05-31T20:41:34.9527944Z,0
2.01752,103.011379,Daerah: Johor<br>No:3995<br>Hex coord:(40;58),n/a,0,0,0,0,0,0,1,2023-05-31T20:41:35.6080219Z,0
2.00974,103.0249135,Daerah: Johor<br>No:3996<br>Hex coord:(41;58),n/a,0,0,0,0,0,0,1,2023-05-31T20:41:36.2612870Z,0
2.01752,103.0384479,Daerah: Johor<br>No:3997<br>Hex coord:(42;58),n/a,0,0,0,0,0,0,1,2023-05-31T20:41:36.9199637Z,0
2.00974,103.0519824,Daerah: Johor<br>No:3998<br>Hex coord:(43;58),n/a,0,0,0,0,0,0,1,2023-05-31T20:41:37.5746160Z,0
2.01752,103.0655169,Daerah: Johor<br>No:3999<br>Hex coord:(44;58),n/a,0,0,0,0,0,0,1,2023-05-31T20:41:38.2336714Z,0
2.00974,103.0790514,Daerah: Johor<br>No:4000<br>Hex coord:(45;58),n/a,0,0,0,0,0,0,1,2023-05-31T20:41:38.8980493Z,0
2.01752,103.0925858,Daerah: Johor<br>No:4001<br>Hex coord:(46;58),n/a,0,0,0,0,0,0,1,2023-05-31T20:41:39.5628023Z,0
2.00974,103.1061203,Daerah: Johor<br>No:4002<br>Hex coord:(47;58),n/a,0,0,0,0,0,0,1,2023-05-31T20:41:40.2208769Z,0
2.01752,103.1196548,Daerah: Johor<br>No:4003<br>Hex coord:(48;58),n/a,0,0,0,0,0,0,1,2023-05-31T20:41:40.8731940Z,0
2.00974,103.1331893,Daerah: Johor<br>No:4004<br>Hex coord:(49;58),n/a,0,0,0,0,0,0,1,2023-05-31T20:41:41.5221650Z,0
2.01752,103.1467237,Daerah: Johor<br>No:4005<br>Hex coord:(50;58),n/a,0,0,0,0,0,0,1,2023-05-31T20:41:42.1798716Z,0
2.00974,103.1602582,Daerah: Johor<br>No:4006<br>Hex coord:(51;58),n/a,0,0,0,0,0,0,1,2023-05-31T20:41:42.8341141Z,0
2.01752,103.1737927,Daerah: Johor<br>No:4007<br>Hex coord:(52;58),n/a,0,0,0,0,0,0,1,2023-05-31T20:41:43.4906599Z,0
2.00974,103.1873272,Daerah: Johor<br>No:4008<br>Hex coord:(53;58),n/a,0,0,0,0,0,0,1,2023-05-31T20:41:44.1482018Z,0
2.01752,103.2008616,Daerah: Johor<br>No:4009<br>Hex coord:(54;58),n/a,0,0,0,0,0,0,1,2023-05-31T20:41:44.7988811Z,0
2.00974,103.2143961,Daerah: Johor<br>No:4010<br>Hex coord:(55;58),n/a,0,0,0,0,0,0,1,2023-05-31T20:41:45.4470173Z,0
2.01752,103.2279306,Daerah: Johor<br>No:4011<br>Hex coord:(56;58),n/a,0,0,0,0,0,0,1,2023-05-31T20:41:46.1085282Z,0
2.00974,103.2414651,Daerah: Johor<br>No:4012<br>Hex coord:(57;58),n/a,0,0,0,0,0,0,1,2023-05-31T20:41:46.7649736Z,0
2.01752,103.2549995,Daerah: Johor<br>No:4013<br>Hex coord:(58;58),n/a,0,0,0,0,0,0,1,2023-05-31T20:41:47.4238282Z,0
2.00974,103.268534,Daerah: Johor<br>No:4014<br>Hex coord:(59;58),n/a,0,0,0,0,0,0,1,2023-05-31T20:41:48.0849021Z,0
2.01752,103.2820685,Daerah: Johor<br>No:4015<br>Hex coord:(60;58),n/a,1,0,0,0,0,0,1,2023-05-31T20:41:48.7677042Z,0
2.00974,103.295603,Daerah: Johor<br>No:4016<br>Hex coord:(61;58),n/a,0,0,0,0,0,0,1,2023-05-31T20:41:49.4422044Z,1
2.01752,103.3091374,Daerah: Johor<br>No:4017<br>Hex coord:(62;58),n/a,0,0,0,0,0,0,1,2023-05-31T20:41:50.1450839Z,0
2.00974,103.3226719,Daerah: Johor<br>No:4018<br>Hex coord:(63;58),n/a,1,0,0,0,0,0,1,2023-05-31T20:41:50.8397708Z,0
2.01752,103.3362064,Daerah: Johor<br>No:4019<br>Hex coord:(64;58),n/a,0,0,0,0,0,0,1,2023-05-31T20:41:51.5189479Z,0
2.00974,103.3497409,Daerah: Johor<br>No:4020<br>Hex coord:(65;58),n/a,0,0,0,0,0,0,1,2023-05-31T20:41:52.1981845Z,0
2.01752,103.3632753,Daerah: Johor<br>No:4021<br>Hex coord:(66;58),n/a,0,0,0,0,0,0,1,2023-05-31T20:41:52.8728777Z,0
2.00974,103.3768098,Daerah: Johor<br>No:4022<br>Hex coord:(67;58),n/a,0,0,0,0,0,0,1,2023-05-31T20:41:53.5433492Z,0
2.01752,103.3903443,Daerah: Johor<br>No:4023<br>Hex coord:(68;58),n/a,0,0,0,0,0,0,1,2023-05-31T20:41:54.2055431Z,0
2.00974,103.4038788,Daerah: Johor<br>No:4024<br>Hex coord:(69;58),n/a,0,0,0,0,0,0,1,2023-05-31T20:41:54.8566691Z,0
2.01752,103.4174132,Daerah: Johor<br>No:4025<br>Hex coord:(70;58),n/a,0,0,0,0,0,0,1,2023-05-31T20:41:55.5093687Z,0
2.00974,103.4309477,Daerah: Johor<br>No:4026<br>Hex coord:(71;58),n/a,0,0,0,0,0,0,1,2023-05-31T20:41:56.1770484Z,0
2.01752,103.4444822,Daerah: Johor<br>No:4027<br>Hex coord:(72;58),n/a,0,0,0,0,0,0,1,2023-05-31T20:41:56.8285241Z,0
2.00974,103.4580167,Daerah: Johor<br>No:4028<br>Hex coord:(73;58),n/a,0,0,0,0,0,0,1,2023-05-31T20:41:57.4779316Z,0
2.01752,103.4715511,Daerah: Johor<br>No:4029<br>Hex coord:(74;58),n/a,0,0,0,0,0,0,1,2023-05-31T20:41:58.1286877Z,0
2.00974,103.4850856,Daerah: Johor<br>No:4030<br>Hex coord:(75;58),n/a,1,0,0,0,0,0,1,2023-05-31T20:41:58.7860603Z,0
2.01752,103.4986201,Daerah: Johor<br>No:4031<br>Hex coord:(76;58),n/a,0,0,0,0,0,0,1,2023-05-31T20:42:35.4714652Z,0
2.00974,103.5121546,Daerah: Johor<br>No:4032<br>Hex coord:(77;58),n/a,0,0,0,0,0,0,1,2023-05-31T20:42:36.1224809Z,0
2.01752,103.525689,Daerah: Johor<br>No:4033<br>Hex coord:(78;58),n/a,0,0,0,0,0,0,1,2023-05-31T20:42:36.7822679Z,0
2.00974,103.5392235,Daerah: Johor<br>No:4034<br>Hex coord:(79;58),n/a,0,0,0,0,0,0,1,2023-05-31T20:42:37.4355917Z,0
2.01752,103.552758,Daerah: Johor<br>No:4035<br>Hex coord:(80;58),n/a,0,0,0,0,0,0,1,2023-05-31T20:42:38.2045630Z,0
2.00974,103.5662925,Daerah: Johor<br>No:4036<br>Hex coord:(81;58),n/a,0,0,0,0,0,0,1,2023-05-31T20:42:38.8608039Z,0
2.01752,103.5798269,Daerah: Johor<br>No:4037<br>Hex coord:(82;58),n/a,0,0,0,0,0,0,1,2023-05-31T20:42:39.5127120Z,0
2.00974,103.5933614,Daerah: Johor<br>No:4038<br>Hex coord:(83;58),n/a,0,0,0,0,0,0,1,2023-05-31T20:42:40.1818500Z,0
2.01752,103.6068959,Daerah: Johor<br>No:4039<br>Hex coord:(84;58),n/a,0,0,0,0,0,0,1,2023-05-31T20:42:40.8484334Z,0
2.00974,103.6204304,Daerah: Johor<br>No:4040<br>Hex coord:(85;58),n/a,0,0,0,0,0,0,1,2023-05-31T20:42:41.4997304Z,0
2.01752,103.6339648,Daerah: Johor<br>No:4041<br>Hex coord:(86;58),n/a,0,0,0,0,0,0,1,2023-05-31T20:42:42.1572017Z,0
2.00974,103.6474993,Daerah: Johor<br>No:4042<br>Hex coord:(87;58),n/a,0,0,0,0,0,0,1,2023-05-31T20:42:42.8119102Z,0
2.01752,103.6610338,Daerah: Johor<br>No:4043<br>Hex coord:(88;58),n/a,0,0,0,0,0,0,1,2023-05-31T20:42:43.4698827Z,0
2.00974,103.6745683,Daerah: Johor<br>No:4044<br>Hex coord:(89;58),n/a,0,0,0,0,0,0,1,2023-05-31T20:42:44.1162196Z,0
2.01752,103.6881027,Daerah: Johor<br>No:4045<br>Hex coord:(90;58),n/a,0,0,0,0,0,0,1,2023-05-31T20:42:44.7749663Z,0
2.00974,103.7016372,Daerah: Johor<br>No:4046<br>Hex coord:(91;58),n/a,0,0,0,0,0,0,1,2023-05-31T20:42:45.4561982Z,0
2.01752,103.7151717,Daerah: Johor<br>No:4047<br>Hex coord:(92;58),n/a,0,0,0,0,0,0,1,2023-05-31T20:42:46.1192880Z,0
2.00974,103.7287062,Daerah: Johor<br>No:4048<br>Hex coord:(93;58),n/a,0,0,0,0,0,0,1,2023-05-31T20:42:46.7719626Z,0
2.01752,103.7422406,Daerah: Johor<br>No:4049<br>Hex coord:(94;58),n/a,0,0,0,0,0,0,1,2023-05-31T20:42:47.4273455Z,0
2.00974,103.7557751,Daerah: Johor<br>No:4050<br>Hex coord:(95;58),n/a,0,0,0,0,0,0,1,2023-05-31T20:42:48.0834093Z,0
2.01752,103.7693096,Daerah: Johor<br>No:4051<br>Hex coord:(96;58),n/a,0,0,0,0,0,0,1,2023-05-31T20:42:48.7338620Z,0
2.00974,103.7828441,Daerah: Johor<br>No:4052<br>Hex coord:(97;58),n/a,0,0,0,0,0,0,1,2023-05-31T20:42:49.3862233Z,0
2.01752,103.7963785,Daerah: Johor<br>No:4053<br>Hex coord:(98;58),n/a,0,0,0,0,0,0,1,2023-05-31T20:42:50.0459902Z,0
2.00974,103.809913,Daerah: Johor<br>No:4054<br>Hex coord:(99;58),n/a,0,0,0,0,0,0,1,2023-05-31T20:42:50.6933587Z,0
2.01752,103.8234475,Daerah: Johor<br>No:4055<br>Hex coord:(100;58),n/a,0,0,0,0,0,0,1,2023-05-31T20:42:51.3517795Z,0
2.00974,103.836982,Daerah: Johor<br>No:4056<br>Hex coord:(101;58),n/a,0,0,0,0,0,0,1,2023-05-31T20:42:52.0068866Z,0
2.01752,103.8505164,Daerah: Johor<br>No:4057<br>Hex coord:(102;58),n/a,0,0,0,0,0,0,1,2023-05-31T20:42:52.6675243Z,0
2.00974,103.8640509,Daerah: Johor<br>No:4058<br>Hex coord:(103;58),n/a,0,0,0,0,0,0,1,2023-05-31T20:42:53.3181486Z,0
2.01752,103.8775854,Daerah: Johor<br>No:4059<br>Hex coord:(104;58),n/a,0,0,0,0,0,0,1,2023-05-31T20:42:53.9783066Z,0
2.00974,103.8911199,Daerah: Johor<br>No:4060<br>Hex coord:(105;58),n/a,0,0,0,0,0,0,1,2023-05-31T20:42:54.6286597Z,0
2.01752,103.9046543,Daerah: Johor<br>No:4061<br>Hex coord:(106;58),n/a,0,0,0,0,0,0,1,2023-05-31T20:42:55.2898480Z,0
2.00974,103.9181888,Daerah: Johor<br>No:4062<br>Hex coord:(107;58),n/a,0,0,0,0,0,0,1,2023-05-31T20:42:55.9461480Z,0
2.01752,103.9317233,Daerah: Johor<br>No:4063<br>Hex coord:(108;58),n/a,0,0,0,0,0,0,1,2023-05-31T20:42:56.6031044Z,0
2.00974,103.9452578,Daerah: Johor<br>No:4064<br>Hex coord:(109;58),n/a,0,0,0,0,0,0,1,2023-05-31T20:42:57.2705637Z,0
2.01752,103.9587922,Daerah: Johor<br>No:4065<br>Hex coord:(110;58),n/a,0,0,0,0,0,0,1,2023-05-31T20:42:57.9224339Z,0
2.00974,103.9723267,Daerah: Johor<br>No:4066<br>Hex coord:(111;58),n/a,0,0,0,0,0,0,1,2023-05-31T20:42:58.5698739Z,0
2.01752,103.9858612,Daerah: Johor<br>No:4067<br>Hex coord:(112;58),n/a,0,0,0,0,0,0,1,2023-05-31T20:42:59.2270796Z,0
2.00974,103.9993957,Daerah: Johor<br>No:4068<br>Hex coord:(113;58),n/a,0,0,0,0,0,0,1,2023-05-31T20:42:59.8883193Z,0
2.01752,104.0129301,Daerah: Johor<br>No:4069<br>Hex coord:(114;58),n/a,0,0,0,0,0,0,1,2023-05-31T20:43:00.5459288Z,0
2.00974,104.0264646,Daerah: Johor<br>No:4070<br>Hex coord:(115;58),n/a,0,0,0,0,0,0,1,2023-05-31T20:43:01.2009382Z,0
2.01752,104.0399991,Daerah: Johor<br>No:4071<br>Hex coord:(116;58),n/a,0,0,0,0,0,0,1,2023-05-31T20:43:01.8506267Z,0
2.00974,104.0535336,Daerah: Johor<br>No:4072<br>Hex coord:(117;58),n/a,0,0,0,0,0,0,1,2023-05-31T20:43:02.5122882Z,0
2.01752,104.067068,Daerah: Johor<br>No:4073<br>Hex coord:(118;58),n/a,0,0,0,0,0,0,1,2023-05-31T20:43:03.1757101Z,0
2.00974,104.0806025,Daerah: Johor<br>No:4074<br>Hex coord:(119;58),n/a,0,0,0,0,0,0,1,2023-05-31T20:43:03.8343574Z,0
2.00196,102.5782758,Daerah: Johor<br>No:4075<br>Hex coord:(8;59),n/a,0,0,0,0,0,1,1,2023-05-31T20:43:04.4971362Z,0
1.99418,102.5918103,Daerah: Johor<br>No:4076<br>Hex coord:(9;59),n/a,0,0,0,0,0,1,1,2023-05-31T20:43:05.1555955Z,0
2.00196,102.6053447,Daerah: Johor<br>No:4077<br>Hex coord:(10;59),n/a,0,0,0,0,0,1,1,2023-05-31T20:43:05.8270038Z,0
1.99418,102.6188792,Daerah: Johor<br>No:4078<br>Hex coord:(11;59),n/a,0,0,0,0,0,1,1,2023-05-31T20:43:06.4911910Z,0
2.00196,102.6324137,Daerah: Johor<br>No:4079<br>Hex coord:(12;59),n/a,0,0,0,0,0,1,1,2023-05-31T20:43:07.1588340Z,0
1.99418,102.6459482,Daerah: Johor<br>No:4080<br>Hex coord:(13;59),n/a,0,0,0,0,0,1,1,2023-05-31T20:43:07.8238415Z,0
2.00196,102.6594826,Daerah: Johor<br>No:4081<br>Hex coord:(14;59),n/a,0,0,0,0,0,0,1,2023-05-31T20:43:08.4813792Z,0
1.99418,102.6730171,Daerah: Johor<br>No:4082<br>Hex coord:(15;59),n/a,0,0,0,0,0,0,1,2023-05-31T20:43:09.1361957Z,0
2.00196,102.6865516,Daerah: Johor<br>No:4083<br>Hex coord:(16;59),n/a,0,0,0,0,0,0,1,2023-05-31T20:43:09.7933466Z,0
1.99418,102.7000861,Daerah: Johor<br>No:4084<br>Hex coord:(17;59),n/a,0,0,0,0,0,0,1,2023-05-31T20:43:10.4520226Z,0
2.00196,102.7136205,Daerah: Johor<br>No:4085<br>Hex coord:(18;59),n/a,0,0,0,0,0,0,1,2023-05-31T20:43:11.0974282Z,0
1.99418,102.727155,Daerah: Johor<br>No:4086<br>Hex coord:(19;59),n/a,0,0,0,0,0,0,1,2023-05-31T20:43:11.7518289Z,0
2.00196,102.7406895,Daerah: Johor<br>No:4087<br>Hex coord:(20;59),n/a,0,0,0,0,0,0,1,2023-05-31T20:43:12.4061919Z,0
1.99418,102.754224,Daerah: Johor<br>No:4088<br>Hex coord:(21;59),n/a,0,0,0,0,0,0,1,2023-05-31T20:43:13.0598714Z,0
2.00196,102.7677584,Daerah: Johor<br>No:4089<br>Hex coord:(22;59),n/a,0,0,0,0,0,0,1,2023-05-31T20:43:13.7144258Z,0
1.99418,102.7812929,Daerah: Johor<br>No:4090<br>Hex coord:(23;59),n/a,0,0,0,0,0,0,1,2023-05-31T20:43:14.3749258Z,0
2.00196,102.7948274,Daerah: Johor<br>No:4091<br>Hex coord:(24;59),n/a,0,0,0,0,0,0,1,2023-05-31T20:43:15.0328517Z,0
1.99418,102.8083619,Daerah: Johor<br>No:4092<br>Hex coord:(25;59),n/a,0,0,0,0,0,0,1,2023-05-31T20:43:15.6907618Z,0
2.00196,102.8218963,Daerah: Johor<br>No:4093<br>Hex coord:(26;59),n/a,0,0,0,0,0,0,1,2023-05-31T20:43:16.3471620Z,0
1.99418,102.8354308,Daerah: Johor<br>No:4094<br>Hex coord:(27;59),n/a,0,0,0,0,0,0,1,2023-05-31T20:43:16.9988320Z,0
2.00196,102.8489653,Daerah: Johor<br>No:4095<br>Hex coord:(28;59),n/a,0,0,0,0,0,0,1,2023-05-31T20:43:17.6518588Z,0
1.99418,102.8624998,Daerah: Johor<br>No:4096<br>Hex coord:(29;59),n/a,0,0,0,0,0,0,1,2023-05-31T20:43:18.3026703Z,1
2.00196,102.8760342,Daerah: Johor<br>No:4097<br>Hex coord:(30;59),n/a,0,0,0,0,0,0,1,2023-05-31T20:43:18.9612781Z,0
1.99418,102.8895687,Daerah: Johor<br>No:4098<br>Hex coord:(31;59),n/a,0,0,0,0,0,0,1,2023-05-31T20:43:19.6161714Z,0
2.00196,102.9031032,Daerah: Johor<br>No:4099<br>Hex coord:(32;59),n/a,0,0,0,0,0,0,1,2023-05-31T20:43:20.2746085Z,0
1.99418,102.9166377,Daerah: Johor<br>No:4100<br>Hex coord:(33;59),n/a,0,0,0,0,0,0,1,2023-05-31T20:43:20.9403431Z,0
2.00196,102.9301721,Daerah: Johor<br>No:4101<br>Hex coord:(34;59),n/a,0,0,0,0,0,0,1,2023-05-31T20:43:21.5997284Z,0
1.99418,102.9437066,Daerah: Johor<br>No:4102<br>Hex coord:(35;59),n/a,0,0,0,0,0,0,1,2023-05-31T20:43:22.2629430Z,0
2.00196,102.9572411,Daerah: Johor<br>No:4103<br>Hex coord:(36;59),n/a,0,0,0,0,0,0,1,2023-05-31T20:43:22.9192387Z,0
1.99418,102.9707756,Daerah: Johor<br>No:4104<br>Hex coord:(37;59),n/a,0,0,0,0,0,0,1,2023-05-31T20:43:23.5716966Z,0
2.00196,102.98431,Daerah: Johor<br>No:4105<br>Hex coord:(38;59),n/a,0,0,0,0,0,0,1,2023-05-31T20:43:26.1197565Z,0
1.99418,102.9978445,Daerah: Johor<br>No:4106<br>Hex coord:(39;59),n/a,0,0,0,0,0,0,1,2023-05-31T20:43:26.7769059Z,0
2.00196,103.011379,Daerah: Johor<br>No:4107<br>Hex coord:(40;59),n/a,0,0,0,0,0,0,1,2023-05-31T20:43:27.4308715Z,0
1.99418,103.0249135,Daerah: Johor<br>No:4108<br>Hex coord:(41;59),n/a,0,0,0,0,0,0,1,2023-05-31T20:43:28.1048476Z,0
2.00196,103.0384479,Daerah: Johor<br>No:4109<br>Hex coord:(42;59),n/a,0,0,0,0,0,0,1,2023-05-31T20:43:28.7849416Z,0
1.99418,103.0519824,Daerah: Johor<br>No:4110<br>Hex coord:(43;59),n/a,0,0,0,0,0,0,1,2023-05-31T20:43:29.4478246Z,0
2.00196,103.0655169,Daerah: Johor<br>No:4111<br>Hex coord:(44;59),n/a,0,0,0,0,0,0,1,2023-05-31T20:43:30.1141695Z,0
1.99418,103.0790514,Daerah: Johor<br>No:4112<br>Hex coord:(45;59),n/a,0,0,0,0,0,0,1,2023-05-31T20:43:30.7686338Z,0
2.00196,103.0925858,Daerah: Johor<br>No:4113<br>Hex coord:(46;59),n/a,0,0,0,0,0,0,1,2023-05-31T20:43:31.4314487Z,0
1.99418,103.1061203,Daerah: Johor<br>No:4114<br>Hex coord:(47;59),n/a,0,0,0,0,0,0,1,2023-05-31T20:43:32.1067415Z,0
2.00196,103.1196548,Daerah: Johor<br>No:4115<br>Hex coord:(48;59),n/a,0,0,0,0,0,0,1,2023-05-31T20:43:32.7634694Z,0
1.99418,103.1331893,Daerah: Johor<br>No:4116<br>Hex coord:(49;59),n/a,0,0,0,0,0,0,1,2023-05-31T20:43:33.4247858Z,0
2.00196,103.1467237,Daerah: Johor<br>No:4117<br>Hex coord:(50;59),n/a,0,0,0,0,0,0,1,2023-05-31T20:43:34.0836450Z,0
1.99418,103.1602582,Daerah: Johor<br>No:4118<br>Hex coord:(51;59),n/a,0,0,0,0,0,0,1,2023-05-31T20:43:34.7390318Z,0
2.00196,103.1737927,Daerah: Johor<br>No:4119<br>Hex coord:(52;59),n/a,0,0,0,0,0,0,1,2023-05-31T20:43:35.3920198Z,0
1.99418,103.1873272,Daerah: Johor<br>No:4120<br>Hex coord:(53;59),n/a,0,0,0,0,0,0,1,2023-05-31T20:43:36.0720836Z,0
2.00196,103.2008616,Daerah: Johor<br>No:4121<br>Hex coord:(54;59),n/a,0,0,0,0,0,0,1,2023-05-31T20:43:36.7252470Z,0
1.99418,103.2143961,Daerah: Johor<br>No:4122<br>Hex coord:(55;59),n/a,0,0,0,0,0,0,1,2023-05-31T20:43:37.3798614Z,0
2.00196,103.2279306,Daerah: Johor<br>No:4123<br>Hex coord:(56;59),n/a,0,0,0,0,0,0,1,2023-05-31T20:43:38.0382200Z,0
1.99418,103.2414651,Daerah: Johor<br>No:4124<br>Hex coord:(57;59),n/a,0,0,0,0,0,0,1,2023-05-31T20:43:38.7066218Z,0
2.00196,103.2549995,Daerah: Johor<br>No:4125<br>Hex coord:(58;59),n/a,0,0,0,0,0,0,1,2023-05-31T20:43:39.3684537Z,0
1.99418,103.268534,Daerah: Johor<br>No:4126<br>Hex coord:(59;59),n/a,0,0,0,0,0,0,1,2023-05-31T20:43:40.0413077Z,0
2.00196,103.2820685,Daerah: Johor<br>No:4127<br>Hex coord:(60;59),n/a,0,0,0,0,0,0,1,2023-05-31T20:43:40.7178831Z,0
1.99418,103.295603,Daerah: Johor<br>No:4128<br>Hex coord:(61;59),n/a,0,0,0,0,0,0,1,2023-05-31T20:43:41.3979013Z,0
2.00196,103.3091374,Daerah: Johor<br>No:4129<br>Hex coord:(62;59),n/a,0,0,0,0,0,0,1,2023-05-31T20:43:42.0774463Z,1
1.99418,103.3226719,Daerah: Johor<br>No:4130<br>Hex coord:(63;59),n/a,0,0,0,0,0,0,1,2023-05-31T20:43:42.7652124Z,0
2.00196,103.3362064,Daerah: Johor<br>No:4131<br>Hex coord:(64;59),n/a,0,0,0,0,0,0,1,2023-05-31T20:43:43.4408232Z,0
1.99418,103.3497409,Daerah: Johor<br>No:4132<br>Hex coord:(65;59),n/a,0,0,0,0,0,0,1,2023-05-31T20:43:44.1048314Z,0
2.00196,103.3632753,Daerah: Johor<br>No:4133<br>Hex coord:(66;59),n/a,0,0,0,0,0,0,1,2023-05-31T20:43:44.7798164Z,1
1.99418,103.3768098,Daerah: Johor<br>No:4134<br>Hex coord:(67;59),n/a,0,0,0,0,0,0,1,2023-05-31T20:43:45.4427931Z,0
2.00196,103.3903443,Daerah: Johor<br>No:4135<br>Hex coord:(68;59),n/a,0,0,0,0,0,0,1,2023-05-31T20:43:46.1095986Z,0
1.99418,103.4038788,Daerah: Johor<br>No:4136<br>Hex coord:(69;59),n/a,0,0,0,0,0,0,1,2023-05-31T20:43:46.7686521Z,0
2.00196,103.4174132,Daerah: Johor<br>No:4137<br>Hex coord:(70;59),n/a,0,0,0,0,0,0,1,2023-05-31T20:43:47.4285503Z,0
1.99418,103.4309477,Daerah: Johor<br>No:4138<br>Hex coord:(71;59),n/a,0,0,0,0,0,0,1,2023-05-31T20:43:48.0748138Z,0
2.00196,103.4444822,Daerah: Johor<br>No:4139<br>Hex coord:(72;59),n/a,0,0,0,0,0,0,1,2023-05-31T20:43:48.7309151Z,0
1.99418,103.4580167,Daerah: Johor<br>No:4140<br>Hex coord:(73;59),n/a,0,0,0,0,0,0,1,2023-05-31T20:43:49.3827475Z,0
2.00196,103.4715511,Daerah: Johor<br>No:4141<br>Hex coord:(74;59),n/a,0,0,0,0,0,0,1,2023-05-31T20:43:50.0391618Z,0
1.99418,103.4850856,Daerah: Johor<br>No:4142<br>Hex coord:(75;59),n/a,0,0,0,0,0,0,1,2023-05-31T20:43:50.6861091Z,0
2.00196,103.4986201,Daerah: Johor<br>No:4143<br>Hex coord:(76;59),n/a,0,0,0,0,0,0,1,2023-05-31T20:43:51.3386328Z,0
1.99418,103.5121546,Daerah: Johor<br>No:4144<br>Hex coord:(77;59),n/a,0,0,0,0,0,0,1,2023-05-31T20:43:51.9943995Z,0
2.00196,103.525689,Daerah: Johor<br>No:4145<br>Hex coord:(78;59),n/a,0,0,0,0,0,0,1,2023-05-31T20:43:52.6676949Z,0
1.99418,103.5392235,Daerah: Johor<br>No:4146<br>Hex coord:(79;59),n/a,0,0,0,0,0,0,1,2023-05-31T20:43:53.3300747Z,0
2.00196,103.552758,Daerah: Johor<br>No:4147<br>Hex coord:(80;59),n/a,0,0,0,0,0,0,1,2023-05-31T20:43:53.9910481Z,0
1.99418,103.5662925,Daerah: Johor<br>No:4148<br>Hex coord:(81;59),n/a,0,0,0,0,0,0,1,2023-05-31T20:43:54.6460058Z,0
2.00196,103.5798269,Daerah: Johor<br>No:4149<br>Hex coord:(82;59),n/a,0,0,0,0,0,0,1,2023-05-31T20:43:55.3237945Z,0
1.99418,103.5933614,Daerah: Johor<br>No:4150<br>Hex coord:(83;59),n/a,0,0,0,0,0,0,1,2023-05-31T20:43:55.9908774Z,0
2.00196,103.6068959,Daerah: Johor<br>No:4151<br>Hex coord:(84;59),n/a,0,0,0,0,0,0,1,2023-05-31T20:43:56.6597667Z,0
1.99418,103.6204304,Daerah: Johor<br>No:4152<br>Hex coord:(85;59),n/a,0,0,0,0,0,0,1,2023-05-31T20:43:57.3144912Z,0
2.00196,103.6339648,Daerah: Johor<br>No:4153<br>Hex coord:(86;59),n/a,0,0,0,0,0,0,1,2023-05-31T20:43:57.9663313Z,0
1.99418,103.6474993,Daerah: Johor<br>No:4154<br>Hex coord:(87;59),n/a,0,0,0,0,0,0,1,2023-05-31T20:43:58.6180481Z,0
2.00196,103.6610338,Daerah: Johor<br>No:4155<br>Hex coord:(88;59),n/a,0,0,0,0,0,0,1,2023-05-31T20:43:59.2709876Z,0
1.99418,103.6745683,Daerah: Johor<br>No:4156<br>Hex coord:(89;59),n/a,0,0,0,0,0,0,1,2023-05-31T20:43:59.9348443Z,0
2.00196,103.6881027,Daerah: Johor<br>No:4157<br>Hex coord:(90;59),n/a,0,0,0,0,0,0,1,2023-05-31T20:44:00.5865807Z,0
1.99418,103.7016372,Daerah: Johor<br>No:4158<br>Hex coord:(91;59),n/a,0,0,0,0,0,0,1,2023-05-31T20:44:01.2598093Z,0
2.00196,103.7151717,Daerah: Johor<br>No:4159<br>Hex coord:(92;59),n/a,0,0,0,0,0,0,1,2023-05-31T20:44:01.9411895Z,0
1.99418,103.7287062,Daerah: Johor<br>No:4160<br>Hex coord:(93;59),n/a,0,0,0,0,0,0,1,2023-05-31T20:44:02.6039539Z,0
2.00196,103.7422406,Daerah: Johor<br>No:4161<br>Hex coord:(94;59),n/a,0,0,0,0,0,0,1,2023-05-31T20:44:03.2579912Z,0
1.99418,103.7557751,Daerah: Johor<br>No:4162<br>Hex coord:(95;59),n/a,0,0,0,0,0,0,1,2023-05-31T20:44:03.9110379Z,0
2.00196,103.7693096,Daerah: Johor<br>No:4163<br>Hex coord:(96;59),n/a,0,0,0,0,0,0,1,2023-05-31T20:44:04.5650736Z,0
1.99418,103.7828441,Daerah: Johor<br>No:4164<br>Hex coord:(97;59),n/a,0,0,0,0,0,0,1,2023-05-31T20:44:05.2214836Z,0
2.00196,103.7963785,Daerah: Johor<br>No:4165<br>Hex coord:(98;59),n/a,0,0,0,0,0,0,1,2023-05-31T20:44:05.8775279Z,0
1.99418,103.809913,Daerah: Johor<br>No:4166<br>Hex coord:(99;59),n/a,0,0,0,0,0,0,1,2023-05-31T20:44:06.5871388Z,0
2.00196,103.8234475,Daerah: Johor<br>No:4167<br>Hex coord:(100;59),n/a,0,0,0,0,0,0,1,2023-05-31T20:44:07.2416850Z,0
1.99418,103.836982,Daerah: Johor<br>No:4168<br>Hex coord:(101;59),n/a,0,0,0,0,0,0,1,2023-05-31T20:44:07.9072181Z,0
2.00196,103.8505164,Daerah: Johor<br>No:4169<br>Hex coord:(102;59),n/a,0,0,0,0,0,0,1,2023-05-31T20:44:08.5588458Z,0
1.99418,103.8640509,Daerah: Johor<br>No:4170<br>Hex coord:(103;59),n/a,0,0,0,0,0,0,1,2023-05-31T20:44:09.2141882Z,0
2.00196,103.8775854,Daerah: Johor<br>No:4171<br>Hex coord:(104;59),n/a,0,0,0,0,0,0,1,2023-05-31T20:44:09.8797015Z,0
1.99418,103.8911199,Daerah: Johor<br>No:4172<br>Hex coord:(105;59),n/a,0,0,0,0,0,0,1,2023-05-31T20:44:10.5332428Z,0
2.00196,103.9046543,Daerah: Johor<br>No:4173<br>Hex coord:(106;59),n/a,0,0,0,0,0,0,1,2023-05-31T20:44:11.1934479Z,0
1.99418,103.9181888,Daerah: Johor<br>No:4174<br>Hex coord:(107;59),n/a,0,0,0,0,0,0,1,2023-05-31T20:44:11.8440398Z,0
2.00196,103.9317233,Daerah: Johor<br>No:4175<br>Hex coord:(108;59),n/a,0,0,0,0,0,0,1,2023-05-31T20:44:12.4969058Z,0
1.99418,103.9452578,Daerah: Johor<br>No:4176<br>Hex coord:(109;59),n/a,0,0,0,0,0,0,1,2023-05-31T20:44:13.1487870Z,0
2.00196,103.9587922,Daerah: Johor<br>No:4177<br>Hex coord:(110;59),n/a,0,0,0,0,0,0,1,2023-05-31T20:44:13.8038883Z,0
1.99418,103.9723267,Daerah: Johor<br>No:4178<br>Hex coord:(111;59),n/a,0,0,0,0,0,0,1,2023-05-31T20:44:14.4604104Z,0
2.00196,103.9858612,Daerah: Johor<br>No:4179<br>Hex coord:(112;59),n/a,0,0,0,0,0,0,1,2023-05-31T20:44:15.1123248Z,0
1.99418,103.9993957,Daerah: Johor<br>No:4180<br>Hex coord:(113;59),n/a,0,0,0,0,0,0,1,2023-05-31T20:44:15.7628590Z,0
2.00196,104.0129301,Daerah: Johor<br>No:4181<br>Hex coord:(114;59),n/a,0,0,0,0,0,0,1,2023-05-31T20:44:16.4207400Z,0
1.99418,104.0264646,Daerah: Johor<br>No:4182<br>Hex coord:(115;59),n/a,0,0,0,0,0,0,1,2023-05-31T20:44:17.0777489Z,0
2.00196,104.0399991,Daerah: Johor<br>No:4183<br>Hex coord:(116;59),n/a,0,0,0,0,0,0,1,2023-05-31T20:44:17.7395863Z,0
1.99418,104.0535336,Daerah: Johor<br>No:4184<br>Hex coord:(117;59),n/a,0,0,0,0,0,0,1,2023-05-31T20:44:18.3962317Z,0
2.00196,104.067068,Daerah: Johor<br>No:4185<br>Hex coord:(118;59),n/a,0,0,0,0,0,0,1,2023-05-31T20:44:19.0444016Z,0
1.99418,104.0806025,Daerah: Johor<br>No:4186<br>Hex coord:(119;59),n/a,0,0,0,0,0,0,1,2023-05-31T20:44:19.7011006Z,0
1.9864,102.6053447,Daerah: Johor<br>No:4187<br>Hex coord:(10;60),n/a,0,0,0,0,0,1,1,2023-05-31T20:44:20.3732708Z,0
1.97862,102.6188792,Daerah: Johor<br>No:4188<br>Hex coord:(11;60),n/a,0,0,0,0,0,1,1,2023-05-31T20:44:21.0506908Z,0
1.9864,102.6324137,Daerah: Johor<br>No:4189<br>Hex coord:(12;60),n/a,0,0,0,0,0,1,1,2023-05-31T20:44:21.7027298Z,0
1.97862,102.6459482,Daerah: Johor<br>No:4190<br>Hex coord:(13;60),n/a,0,0,0,0,0,1,1,2023-05-31T20:44:22.3542000Z,0
1.9864,102.6594826,Daerah: Johor<br>No:4191<br>Hex coord:(14;60),n/a,0,0,0,0,0,0,1,2023-05-31T20:44:23.0206247Z,0
1.97862,102.6730171,Daerah: Johor<br>No:4192<br>Hex coord:(15;60),n/a,0,0,0,0,0,0,1,2023-05-31T20:44:23.6792627Z,0
1.9864,102.6865516,Daerah: Johor<br>No:4193<br>Hex coord:(16;60),n/a,0,0,0,0,0,0,1,2023-05-31T20:44:24.3296868Z,0
1.97862,102.7000861,Daerah: Johor<br>No:4194<br>Hex coord:(17;60),n/a,0,0,0,0,0,0,1,2023-05-31T20:44:24.9875629Z,0
1.9864,102.7136205,Daerah: Johor<br>No:4195<br>Hex coord:(18;60),n/a,0,0,0,0,0,0,1,2023-05-31T20:44:25.6395725Z,0
1.97862,102.727155,Daerah: Johor<br>No:4196<br>Hex coord:(19;60),n/a,0,0,0,0,0,0,1,2023-05-31T20:44:26.3152783Z,0
1.9864,102.7406895,Daerah: Johor<br>No:4197<br>Hex coord:(20;60),n/a,0,0,0,0,0,0,1,2023-05-31T20:44:26.9714147Z,0
1.97862,102.754224,Daerah: Johor<br>No:4198<br>Hex coord:(21;60),n/a,0,0,0,0,0,0,1,2023-05-31T20:44:27.6234342Z,0
1.9864,102.7677584,Daerah: Johor<br>No:4199<br>Hex coord:(22;60),n/a,0,0,0,0,0,0,1,2023-05-31T20:44:28.2784441Z,0
1.97862,102.7812929,Daerah: Johor<br>No:4200<br>Hex coord:(23;60),n/a,0,0,0,0,0,0,1,2023-05-31T20:44:28.9388730Z,0
1.9864,102.7948274,Daerah: Johor<br>No:4201<br>Hex coord:(24;60),n/a,0,0,0,0,0,0,1,2023-05-31T20:44:29.5890723Z,0
1.97862,102.8083619,Daerah: Johor<br>No:4202<br>Hex coord:(25;60),n/a,0,0,0,0,0,0,1,2023-05-31T20:44:30.2482402Z,0
1.9864,102.8218963,Daerah: Johor<br>No:4203<br>Hex coord:(26;60),n/a,0,0,0,0,0,0,1,2023-05-31T20:44:30.9021331Z,0
1.97862,102.8354308,Daerah: Johor<br>No:4204<br>Hex coord:(27;60),n/a,0,0,0,0,0,0,1,2023-05-31T20:44:31.5678494Z,0
1.9864,102.8489653,Daerah: Johor<br>No:4205<br>Hex coord:(28;60),n/a,0,0,0,0,0,0,1,2023-05-31T20:44:32.2259016Z,0
1.97862,102.8624998,Daerah: Johor<br>No:4206<br>Hex coord:(29;60),n/a,1,0,0,0,0,0,1,2023-05-31T20:44:32.8766137Z,0
1.9864,102.8760342,Daerah: Johor<br>No:4207<br>Hex coord:(30;60),n/a,0,0,0,0,0,0,1,2023-05-31T20:44:33.5355975Z,0
1.97862,102.8895687,Daerah: Johor<br>No:4208<br>Hex coord:(31;60),n/a,0,0,0,0,0,0,1,2023-05-31T20:44:34.1859579Z,0
1.9864,102.9031032,Daerah: Johor<br>No:4209<br>Hex coord:(32;60),n/a,0,0,0,0,0,0,1,2023-05-31T20:44:34.8275103Z,0
1.97862,102.9166377,Daerah: Johor<br>No:4210<br>Hex coord:(33;60),n/a,0,0,0,0,0,0,1,2023-05-31T20:44:35.4811609Z,0
1.9864,102.9301721,Daerah: Johor<br>No:4211<br>Hex coord:(34;60),n/a,0,0,0,0,0,0,1,2023-05-31T20:44:36.1437980Z,0
1.97862,102.9437066,Daerah: Johor<br>No:4212<br>Hex coord:(35;60),n/a,0,0,0,0,0,0,1,2023-05-31T20:44:36.7989642Z,0
1.9864,102.9572411,Daerah: Johor<br>No:4213<br>Hex coord:(36;60),n/a,0,0,0,0,0,0,1,2023-05-31T20:44:37.4581358Z,0
1.97862,102.9707756,Daerah: Johor<br>No:4214<br>Hex coord:(37;60),n/a,0,0,0,0,0,0,1,2023-05-31T20:44:38.1336808Z,0
1.9864,102.98431,Daerah: Johor<br>No:4215<br>Hex coord:(38;60),n/a,0,0,0,0,0,0,1,2023-05-31T20:44:38.7914560Z,0
1.97862,102.9978445,Daerah: Johor<br>No:4216<br>Hex coord:(39;60),n/a,0,0,0,0,0,0,1,2023-05-31T20:44:39.4492395Z,0
1.9864,103.011379,Daerah: Johor<br>No:4217<br>Hex coord:(40;60),n/a,0,0,0,0,0,0,1,2023-05-31T20:44:40.1020047Z,0
1.97862,103.0249135,Daerah: Johor<br>No:4218<br>Hex coord:(41;60),n/a,0,0,0,0,0,0,1,2023-05-31T20:44:40.7583824Z,0
1.9864,103.0384479,Daerah: Johor<br>No:4219<br>Hex coord:(42;60),n/a,0,0,0,0,0,0,1,2023-05-31T20:44:41.4269371Z,0
1.97862,103.0519824,Daerah: Johor<br>No:4220<br>Hex coord:(43;60),n/a,0,0,0,0,0,0,1,2023-05-31T20:44:42.0787062Z,0
1.9864,103.0655169,Daerah: Johor<br>No:4221<br>Hex coord:(44;60),n/a,0,0,0,0,0,0,1,2023-05-31T20:44:42.7327312Z,0
1.97862,103.0790514,Daerah: Johor<br>No:4222<br>Hex coord:(45;60),n/a,0,0,0,0,0,0,1,2023-05-31T20:44:43.3928541Z,0
1.9864,103.0925858,Daerah: Johor<br>No:4223<br>Hex coord:(46;60),n/a,0,0,0,0,0,0,1,2023-05-31T20:44:44.0424032Z,0
1.97862,103.1061203,Daerah: Johor<br>No:4224<br>Hex coord:(47;60),n/a,0,0,0,0,0,0,1,2023-05-31T20:44:44.6988115Z,0
1.9864,103.1196548,Daerah: Johor<br>No:4225<br>Hex coord:(48;60),n/a,0,0,0,0,0,0,1,2023-05-31T20:44:45.3664046Z,0
1.97862,103.1331893,Daerah: Johor<br>No:4226<br>Hex coord:(49;60),n/a,0,0,0,0,0,0,1,2023-05-31T20:44:46.0345665Z,0
1.9864,103.1467237,Daerah: Johor<br>No:4227<br>Hex coord:(50;60),n/a,0,0,0,0,0,0,1,2023-05-31T20:44:46.6850009Z,0
1.97862,103.1602582,Daerah: Johor<br>No:4228<br>Hex coord:(51;60),n/a,0,0,0,0,0,0,1,2023-05-31T20:44:47.3415441Z,0
1.9864,103.1737927,Daerah: Johor<br>No:4229<br>Hex coord:(52;60),n/a,0,0,0,0,0,0,1,2023-05-31T20:44:48.0007433Z,0
1.97862,103.1873272,Daerah: Johor<br>No:4230<br>Hex coord:(53;60),n/a,0,0,0,0,0,0,1,2023-05-31T20:44:48.6513537Z,0
1.9864,103.2008616,Daerah: Johor<br>No:4231<br>Hex coord:(54;60),n/a,0,0,0,0,0,0,1,2023-05-31T20:44:49.3195505Z,0
1.97862,103.2143961,Daerah: Johor<br>No:4232<br>Hex coord:(55;60),n/a,0,0,0,0,0,0,1,2023-05-31T20:44:49.9797025Z,0
1.9864,103.2279306,Daerah: Johor<br>No:4233<br>Hex coord:(56;60),n/a,0,0,0,0,0,0,1,2023-05-31T20:44:50.6529685Z,0
1.97862,103.2414651,Daerah: Johor<br>No:4234<br>Hex coord:(57;60),n/a,0,0,0,0,0,0,1,2023-05-31T20:44:51.3141472Z,0
1.9864,103.2549995,Daerah: Johor<br>No:4235<br>Hex coord:(58;60),n/a,1,0,0,0,0,0,1,2023-05-31T20:44:51.9803407Z,0
1.97862,103.268534,Daerah: Johor<br>No:4236<br>Hex coord:(59;60),n/a,0,0,0,0,0,0,1,2023-05-31T20:44:52.6508695Z,0
1.9864,103.2820685,Daerah: Johor<br>No:4237<br>Hex coord:(60;60),n/a,0,0,0,0,0,0,1,2023-05-31T20:44:53.3206366Z,0
1.97862,103.295603,Daerah: Johor<br>No:4238<br>Hex coord:(61;60),n/a,0,0,0,0,0,0,1,2023-05-31T20:44:53.9963418Z,0
1.9864,103.3091374,Daerah: Johor<br>No:4239<br>Hex coord:(62;60),n/a,0,0,0,0,0,0,1,2023-05-31T20:44:54.6715156Z,0
1.97862,103.3226719,Daerah: Johor<br>No:4240<br>Hex coord:(63;60),n/a,0,0,0,0,0,0,1,2023-05-31T20:44:55.3510992Z,0
1.9864,103.3362064,Daerah: Johor<br>No:4241<br>Hex coord:(64;60),n/a,0,0,0,0,0,0,1,2023-05-31T20:44:56.0207598Z,0
1.97862,103.3497409,Daerah: Johor<br>No:4242<br>Hex coord:(65;60),n/a,0,0,0,0,0,0,1,2023-05-31T20:44:56.6821180Z,0
1.9864,103.3632753,Daerah: Johor<br>No:4243<br>Hex coord:(66;60),n/a,0,0,0,0,0,0,1,2023-05-31T20:44:57.3542798Z,0
1.97862,103.3768098,Daerah: Johor<br>No:4244<br>Hex coord:(67;60),n/a,0,0,0,0,0,0,1,2023-05-31T20:44:58.0177236Z,0
1.9864,103.3903443,Daerah: Johor<br>No:4245<br>Hex coord:(68;60),n/a,0,0,0,0,0,0,1,2023-05-31T20:44:58.6699519Z,0
1.97862,103.4038788,Daerah: Johor<br>No:4246<br>Hex coord:(69;60),n/a,0,0,0,0,0,0,1,2023-05-31T20:44:59.3271655Z,0
1.9864,103.4174132,Daerah: Johor<br>No:4247<br>Hex coord:(70;60),n/a,0,0,0,0,0,0,1,2023-05-31T20:44:59.9896309Z,0
1.97862,103.4309477,Daerah: Johor<br>No:4248<br>Hex coord:(71;60),n/a,0,0,0,0,0,0,1,2023-05-31T20:45:00.6437852Z,0
1.9864,103.4444822,Daerah: Johor<br>No:4249<br>Hex coord:(72;60),n/a,0,0,0,0,0,0,1,2023-05-31T20:45:01.3001303Z,0
1.97862,103.4580167,Daerah: Johor<br>No:4250<br>Hex coord:(73;60),n/a,0,0,0,0,0,0,1,2023-05-31T20:45:01.9592921Z,0
1.9864,103.4715511,Daerah: Johor<br>No:4251<br>Hex coord:(74;60),n/a,0,0,0,0,0,0,1,2023-05-31T20:45:02.6230159Z,0
1.97862,103.4850856,Daerah: Johor<br>No:4252<br>Hex coord:(75;60),n/a,0,0,0,0,0,0,1,2023-05-31T20:45:03.2782558Z,0
1.9864,103.4986201,Daerah: Johor<br>No:4253<br>Hex coord:(76;60),n/a,0,0,0,0,0,0,1,2023-05-31T20:45:03.9274515Z,0
1.97862,103.5121546,Daerah: Johor<br>No:4254<br>Hex coord:(77;60),n/a,0,0,0,0,0,0,1,2023-05-31T20:45:04.5694786Z,0
1.9864,103.525689,Daerah: Johor<br>No:4255<br>Hex coord:(78;60),n/a,0,0,0,0,0,0,1,2023-05-31T20:45:05.2276971Z,0
1.97862,103.5392235,Daerah: Johor<br>No:4256<br>Hex coord:(79;60),n/a,0,0,0,0,0,0,1,2023-05-31T20:45:05.8770543Z,0
1.9864,103.552758,Daerah: Johor<br>No:4257<br>Hex coord:(80;60),n/a,0,0,0,0,0,0,1,2023-05-31T20:45:06.5312882Z,0
1.97862,103.5662925,Daerah: Johor<br>No:4258<br>Hex coord:(81;60),n/a,0,0,0,0,0,0,1,2023-05-31T20:45:07.1786416Z,0
1.9864,103.5798269,Daerah: Johor<br>No:4259<br>Hex coord:(82;60),n/a,0,0,0,0,0,0,1,2023-05-31T20:45:07.8343372Z,0
1.97862,103.5933614,Daerah: Johor<br>No:4260<br>Hex coord:(83;60),n/a,0,0,0,0,0,0,1,2023-05-31T20:45:08.4878118Z,0
1.9864,103.6068959,Daerah: Johor<br>No:4261<br>Hex coord:(84;60),n/a,0,0,0,0,0,0,1,2023-05-31T20:45:09.1429544Z,0
1.97862,103.6204304,Daerah: Johor<br>No:4262<br>Hex coord:(85;60),n/a,0,0,0,0,0,0,1,2023-05-31T20:45:09.7933479Z,0
1.9864,103.6339648,Daerah: Johor<br>No:4263<br>Hex coord:(86;60),n/a,0,0,0,0,0,0,1,2023-05-31T20:45:10.4473800Z,0
1.97862,103.6474993,Daerah: Johor<br>No:4264<br>Hex coord:(87;60),n/a,0,0,0,0,0,0,1,2023-05-31T20:45:11.1064999Z,0
1.9864,103.6610338,Daerah: Johor<br>No:4265<br>Hex coord:(88;60),n/a,0,0,0,0,0,0,1,2023-05-31T20:45:11.7727336Z,0
1.97862,103.6745683,Daerah: Johor<br>No:4266<br>Hex coord:(89;60),n/a,0,0,0,0,0,0,1,2023-05-31T20:45:12.4479456Z,0
1.9864,103.6881027,Daerah: Johor<br>No:4267<br>Hex coord:(90;60),n/a,0,0,0,0,0,0,1,2023-05-31T20:45:13.1106077Z,0
1.97862,103.7016372,Daerah: Johor<br>No:4268<br>Hex coord:(91;60),n/a,0,0,0,0,0,0,1,2023-05-31T20:45:13.7670418Z,0
1.9864,103.7151717,Daerah: Johor<br>No:4269<br>Hex coord:(92;60),n/a,0,0,0,0,0,0,1,2023-05-31T20:45:14.4283092Z,0
1.97862,103.7287062,Daerah: Johor<br>No:4270<br>Hex coord:(93;60),n/a,0,0,0,0,0,0,1,2023-05-31T20:45:15.0901763Z,0
1.9864,103.7422406,Daerah: Johor<br>No:4271<br>Hex coord:(94;60),n/a,0,0,0,0,0,0,1,2023-05-31T20:45:15.7495696Z,0
1.97862,103.7557751,Daerah: Johor<br>No:4272<br>Hex coord:(95;60),n/a,0,0,0,0,0,0,1,2023-05-31T20:45:16.4027156Z,0
1.9864,103.7693096,Daerah: Johor<br>No:4273<br>Hex coord:(96;60),n/a,0,0,0,0,0,0,1,2023-05-31T20:45:17.0712179Z,0
1.97862,103.7828441,Daerah: Johor<br>No:4274<br>Hex coord:(97;60),n/a,0,0,0,0,0,0,1,2023-05-31T20:45:17.7144391Z,0
1.9864,103.7963785,Daerah: Johor<br>No:4275<br>Hex coord:(98;60),n/a,0,0,0,0,0,0,1,2023-05-31T20:45:18.3729424Z,0
1.97862,103.809913,Daerah: Johor<br>No:4276<br>Hex coord:(99;60),n/a,0,0,0,0,0,0,1,2023-05-31T20:45:19.0241902Z,0
1.9864,103.8234475,Daerah: Johor<br>No:4277<br>Hex coord:(100;60),n/a,0,0,0,0,0,0,1,2023-05-31T20:45:19.6914624Z,0
1.97862,103.836982,Daerah: Johor<br>No:4278<br>Hex coord:(101;60),n/a,0,0,0,0,0,0,1,2023-05-31T20:45:20.3511241Z,0
1.9864,103.8505164,Daerah: Johor<br>No:4279<br>Hex coord:(102;60),n/a,0,0,0,0,0,0,1,2023-05-31T20:45:21.0222161Z,0
1.97862,103.8640509,Daerah: Johor<br>No:4280<br>Hex coord:(103;60),n/a,0,0,0,0,0,0,1,2023-05-31T20:45:21.6846750Z,0
1.9864,103.8775854,Daerah: Johor<br>No:4281<br>Hex coord:(104;60),n/a,0,0,0,0,0,0,1,2023-05-31T20:45:22.3533865Z,0
1.97862,103.8911199,Daerah: Johor<br>No:4282<br>Hex coord:(105;60),n/a,0,0,0,0,0,0,1,2023-05-31T20:45:23.0101086Z,0
1.9864,103.9046543,Daerah: Johor<br>No:4283<br>Hex coord:(106;60),n/a,0,0,0,0,0,0,1,2023-05-31T20:45:23.6792769Z,0
1.97862,103.9181888,Daerah: Johor<br>No:4284<br>Hex coord:(107;60),n/a,0,0,0,0,0,0,1,2023-05-31T20:45:24.3274051Z,0
1.9864,103.9317233,Daerah: Johor<br>No:4285<br>Hex coord:(108;60),n/a,0,0,0,0,0,0,1,2023-05-31T20:45:24.9784427Z,0
1.97862,103.9452578,Daerah: Johor<br>No:4286<br>Hex coord:(109;60),n/a,0,0,0,0,0,0,1,2023-05-31T20:45:25.6348146Z,0
1.9864,103.9587922,Daerah: Johor<br>No:4287<br>Hex coord:(110;60),n/a,0,0,0,0,0,0,1,2023-05-31T20:45:26.2959237Z,0
1.97862,103.9723267,Daerah: Johor<br>No:4288<br>Hex coord:(111;60),n/a,0,0,0,0,0,0,1,2023-05-31T20:45:26.9524580Z,0
1.9864,103.9858612,Daerah: Johor<br>No:4289<br>Hex coord:(112;60),n/a,0,0,0,0,0,0,1,2023-05-31T20:45:27.6067615Z,0
1.97862,103.9993957,Daerah: Johor<br>No:4290<br>Hex coord:(113;60),n/a,0,0,0,0,0,0,1,2023-05-31T20:45:28.2641723Z,0
1.9864,104.0129301,Daerah: Johor<br>No:4291<br>Hex coord:(114;60),n/a,0,0,0,0,0,0,1,2023-05-31T20:45:28.9111463Z,0
1.97862,104.0264646,Daerah: Johor<br>No:4292<br>Hex coord:(115;60),n/a,0,0,0,0,0,0,1,2023-05-31T20:45:29.5686572Z,0
1.9864,104.0399991,Daerah: Johor<br>No:4293<br>Hex coord:(116;60),n/a,0,0,0,0,0,0,1,2023-05-31T20:45:30.2270319Z,0
1.97862,104.0535336,Daerah: Johor<br>No:4294<br>Hex coord:(117;60),n/a,0,0,0,0,0,0,1,2023-05-31T20:45:30.8757164Z,0
1.9864,104.067068,Daerah: Johor<br>No:4295<br>Hex coord:(118;60),n/a,0,0,0,0,0,0,1,2023-05-31T20:45:31.5325769Z,0
1.97862,104.0806025,Daerah: Johor<br>No:4296<br>Hex coord:(119;60),n/a,0,0,0,0,0,0,1,2023-05-31T20:45:32.1891487Z,0
1.9864,104.094137,Daerah: Johor<br>No:4297<br>Hex coord:(120;60),n/a,0,0,0,0,0,0,1,2023-05-31T20:45:32.8456761Z,0
1.96306,102.6188792,Daerah: Johor<br>No:4298<br>Hex coord:(11;61),n/a,0,0,0,0,0,1,1,2023-05-31T20:45:33.4976334Z,0
1.97084,102.6324137,Daerah: Johor<br>No:4299<br>Hex coord:(12;61),n/a,0,0,0,0,0,1,1,2023-05-31T20:45:34.1539884Z,0
1.96306,102.6459482,Daerah: Johor<br>No:4300<br>Hex coord:(13;61),n/a,0,0,0,0,0,0,1,2023-05-31T20:45:34.8105632Z,0
1.97084,102.6594826,Daerah: Johor<br>No:4301<br>Hex coord:(14;61),n/a,0,0,0,0,0,0,1,2023-05-31T20:45:35.4743199Z,0
1.96306,102.6730171,Daerah: Johor<br>No:4302<br>Hex coord:(15;61),n/a,0,0,0,0,0,0,1,2023-05-31T20:45:36.1245336Z,0
1.97084,102.6865516,Daerah: Johor<br>No:4303<br>Hex coord:(16;61),n/a,0,0,0,0,0,0,1,2023-05-31T20:45:36.7812856Z,0
1.96306,102.7000861,Daerah: Johor<br>No:4304<br>Hex coord:(17;61),n/a,0,0,0,0,0,0,1,2023-05-31T20:45:37.4354540Z,0
1.97084,102.7136205,Daerah: Johor<br>No:4305<br>Hex coord:(18;61),n/a,0,0,0,0,0,0,1,2023-05-31T20:45:38.0892451Z,0
1.96306,102.727155,Daerah: Johor<br>No:4306<br>Hex coord:(19;61),n/a,0,0,0,0,0,0,1,2023-05-31T20:45:38.7413099Z,0
1.97084,102.7406895,Daerah: Johor<br>No:4307<br>Hex coord:(20;61),n/a,0,0,0,0,0,0,1,2023-05-31T20:45:39.3979690Z,0
1.96306,102.754224,Daerah: Johor<br>No:4308<br>Hex coord:(21;61),n/a,0,0,0,0,0,0,1,2023-05-31T20:45:40.0548873Z,0
1.97084,102.7677584,Daerah: Johor<br>No:4309<br>Hex coord:(22;61),n/a,0,0,0,0,0,0,1,2023-05-31T20:45:40.7155580Z,0
1.96306,102.7812929,Daerah: Johor<br>No:4310<br>Hex coord:(23;61),n/a,0,0,0,0,0,0,1,2023-05-31T20:45:41.3719737Z,0
1.97084,102.7948274,Daerah: Johor<br>No:4311<br>Hex coord:(24;61),n/a,0,0,0,0,0,0,1,2023-05-31T20:45:42.0347515Z,0
1.96306,102.8083619,Daerah: Johor<br>No:4312<br>Hex coord:(25;61),n/a,0,0,0,0,0,0,1,2023-05-31T20:45:42.6886822Z,0
1.97084,102.8218963,Daerah: Johor<br>No:4313<br>Hex coord:(26;61),n/a,0,0,0,0,0,0,1,2023-05-31T20:45:43.3442122Z,0
1.96306,102.8354308,Daerah: Johor<br>No:4314<br>Hex coord:(27;61),n/a,0,0,0,0,0,0,1,2023-05-31T20:45:43.9972358Z,0
1.97084,102.8489653,Daerah: Johor<br>No:4315<br>Hex coord:(28;61),n/a,1,0,0,0,0,0,1,2023-05-31T20:45:44.6704013Z,0
1.96306,102.8624998,Daerah: Johor<br>No:4316<br>Hex coord:(29;61),n/a,0,0,0,0,0,0,1,2023-05-31T20:45:45.3243571Z,0
1.97084,102.8760342,Daerah: Johor<br>No:4317<br>Hex coord:(30;61),n/a,0,0,0,0,0,0,1,2023-05-31T20:45:45.9808362Z,0
1.96306,102.8895687,Daerah: Johor<br>No:4318<br>Hex coord:(31;61),n/a,0,0,0,0,0,0,1,2023-05-31T20:45:46.6351366Z,0
1.97084,102.9031032,Daerah: Johor<br>No:4319<br>Hex coord:(32;61),n/a,0,0,0,0,0,0,1,2023-05-31T20:45:47.2937923Z,0
1.96306,102.9166377,Daerah: Johor<br>No:4320<br>Hex coord:(33;61),n/a,0,0,0,0,0,0,1,2023-05-31T20:45:47.9587717Z,0
1.97084,102.9301721,Daerah: Johor<br>No:4321<br>Hex coord:(34;61),n/a,0,0,0,0,0,0,1,2023-05-31T20:45:48.6134127Z,1
1.96306,102.9437066,Daerah: Johor<br>No:4322<br>Hex coord:(35;61),n/a,0,0,0,0,0,0,1,2023-05-31T20:45:49.2704330Z,0
1.97084,102.9572411,Daerah: Johor<br>No:4323<br>Hex coord:(36;61),n/a,0,0,0,0,0,0,1,2023-05-31T20:45:49.9229453Z,0
1.96306,102.9707756,Daerah: Johor<br>No:4324<br>Hex coord:(37;61),n/a,0,0,0,0,0,0,1,2023-05-31T20:45:50.5742541Z,0
1.97084,102.98431,Daerah: Johor<br>No:4325<br>Hex coord:(38;61),n/a,0,0,0,0,0,0,1,2023-05-31T20:45:51.2308080Z,0
1.96306,102.9978445,Daerah: Johor<br>No:4326<br>Hex coord:(39;61),n/a,0,0,0,0,0,0,1,2023-05-31T20:45:51.8860036Z,0
1.97084,103.011379,Daerah: Johor<br>No:4327<br>Hex coord:(40;61),n/a,0,0,0,0,0,0,1,2023-05-31T20:45:52.5643763Z,0
1.96306,103.0249135,Daerah: Johor<br>No:4328<br>Hex coord:(41;61),n/a,0,0,0,0,0,0,1,2023-05-31T20:45:53.2206373Z,0
1.97084,103.0384479,Daerah: Johor<br>No:4329<br>Hex coord:(42;61),n/a,0,0,0,0,0,0,1,2023-05-31T20:45:53.8828381Z,0
1.96306,103.0519824,Daerah: Johor<br>No:4330<br>Hex coord:(43;61),n/a,0,0,0,0,0,0,1,2023-05-31T20:45:54.5442433Z,0
1.97084,103.0655169,Daerah: Johor<br>No:4331<br>Hex coord:(44;61),n/a,0,0,0,0,0,0,1,2023-05-31T20:45:55.2055068Z,0
1.96306,103.0790514,Daerah: Johor<br>No:4332<br>Hex coord:(45;61),n/a,0,0,0,0,0,0,1,2023-05-31T20:45:55.8600342Z,0
1.97084,103.0925858,Daerah: Johor<br>No:4333<br>Hex coord:(46;61),n/a,0,0,0,0,0,0,1,2023-05-31T20:45:56.5187024Z,0
1.96306,103.1061203,Daerah: Johor<br>No:4334<br>Hex coord:(47;61),n/a,0,0,0,0,0,0,1,2023-05-31T20:45:57.1814776Z,0
1.97084,103.1196548,Daerah: Johor<br>No:4335<br>Hex coord:(48;61),n/a,0,0,0,0,0,0,1,2023-05-31T20:45:57.8463113Z,0
1.96306,103.1331893,Daerah: Johor<br>No:4336<br>Hex coord:(49;61),n/a,0,0,0,0,0,0,1,2023-05-31T20:45:58.5030389Z,0
1.97084,103.1467237,Daerah: Johor<br>No:4337<br>Hex coord:(50;61),n/a,0,0,0,0,0,0,1,2023-05-31T20:45:59.1566785Z,0
1.96306,103.1602582,Daerah: Johor<br>No:4338<br>Hex coord:(51;61),n/a,0,0,0,0,0,0,1,2023-05-31T20:45:59.8416670Z,0
1.97084,103.1737927,Daerah: Johor<br>No:4339<br>Hex coord:(52;61),n/a,0,0,0,0,0,0,1,2023-05-31T20:46:00.5019985Z,0
1.96306,103.1873272,Daerah: Johor<br>No:4340<br>Hex coord:(53;61),n/a,0,0,0,0,0,0,1,2023-05-31T20:46:01.1515823Z,0
1.97084,103.2008616,Daerah: Johor<br>No:4341<br>Hex coord:(54;61),n/a,0,0,0,0,0,0,1,2023-05-31T20:46:01.8745834Z,0
1.96306,103.2143961,Daerah: Johor<br>No:4342<br>Hex coord:(55;61),n/a,0,0,0,0,0,0,1,2023-05-31T20:46:02.5320886Z,0
1.97084,103.2279306,Daerah: Johor<br>No:4343<br>Hex coord:(56;61),n/a,0,0,0,0,0,0,1,2023-05-31T20:46:03.1888445Z,0
1.96306,103.2414651,Daerah: Johor<br>No:4344<br>Hex coord:(57;61),n/a,0,0,0,0,0,0,1,2023-05-31T20:46:04.0605921Z,0
1.97084,103.2549995,Daerah: Johor<br>No:4345<br>Hex coord:(58;61),n/a,0,0,0,0,0,0,1,2023-05-31T20:46:04.7114538Z,0
1.96306,103.268534,Daerah: Johor<br>No:4346<br>Hex coord:(59;61),n/a,0,0,0,0,0,0,1,2023-05-31T20:46:05.3680523Z,0
1.97084,103.2820685,Daerah: Johor<br>No:4347<br>Hex coord:(60;61),n/a,0,0,0,0,0,0,1,2023-05-31T20:46:06.0402132Z,0
1.96306,103.295603,Daerah: Johor<br>No:4348<br>Hex coord:(61;61),n/a,0,0,0,0,0,0,1,2023-05-31T20:46:06.7036962Z,0
1.97084,103.3091374,Daerah: Johor<br>No:4349<br>Hex coord:(62;61),n/a,0,0,0,0,0,0,1,2023-05-31T20:46:07.3602945Z,0
1.96306,103.3226719,Daerah: Johor<br>No:4350<br>Hex coord:(63;61),n/a,0,0,0,0,0,0,1,2023-05-31T20:46:08.0157835Z,0
1.97084,103.3362064,Daerah: Johor<br>No:4351<br>Hex coord:(64;61),n/a,0,0,0,0,0,0,1,2023-05-31T20:46:08.6793084Z,0
1.96306,103.3497409,Daerah: Johor<br>No:4352<br>Hex coord:(65;61),n/a,0,0,0,0,0,0,1,2023-05-31T20:46:09.3464696Z,0
1.97084,103.3632753,Daerah: Johor<br>No:4353<br>Hex coord:(66;61),n/a,0,0,0,0,0,0,1,2023-05-31T20:46:10.0045819Z,0
1.96306,103.3768098,Daerah: Johor<br>No:4354<br>Hex coord:(67;61),n/a,1,0,0,0,0,0,1,2023-05-31T20:46:10.6631761Z,0
1.97084,103.3903443,Daerah: Johor<br>No:4355<br>Hex coord:(68;61),n/a,0,0,0,0,0,0,1,2023-05-31T20:46:11.3173406Z,0
1.96306,103.4038788,Daerah: Johor<br>No:4356<br>Hex coord:(69;61),n/a,0,0,0,0,0,0,1,2023-05-31T20:46:11.9713528Z,0
1.97084,103.4174132,Daerah: Johor<br>No:4357<br>Hex coord:(70;61),n/a,0,0,0,0,0,0,1,2023-05-31T20:46:12.6400080Z,0
1.96306,103.4309477,Daerah: Johor<br>No:4358<br>Hex coord:(71;61),n/a,0,0,0,0,0,0,1,2023-05-31T20:46:13.2904672Z,0
1.97084,103.4444822,Daerah: Johor<br>No:4359<br>Hex coord:(72;61),n/a,0,0,0,0,0,0,1,2023-05-31T20:46:13.9447323Z,0
1.96306,103.4580167,Daerah: Johor<br>No:4360<br>Hex coord:(73;61),n/a,0,0,0,0,0,0,1,2023-05-31T20:46:14.6003535Z,0
1.97084,103.4715511,Daerah: Johor<br>No:4361<br>Hex coord:(74;61),n/a,0,0,0,0,0,0,1,2023-05-31T20:46:15.2504036Z,0
1.96306,103.4850856,Daerah: Johor<br>No:4362<br>Hex coord:(75;61),n/a,0,0,0,0,0,0,1,2023-05-31T20:46:15.9058562Z,0
1.97084,103.4986201,Daerah: Johor<br>No:4363<br>Hex coord:(76;61),n/a,0,0,0,0,0,0,1,2023-05-31T20:46:16.5576015Z,0
1.96306,103.5121546,Daerah: Johor<br>No:4364<br>Hex coord:(77;61),n/a,0,0,0,0,0,0,1,2023-05-31T20:46:17.2177212Z,0
1.97084,103.525689,Daerah: Johor<br>No:4365<br>Hex coord:(78;61),n/a,0,0,0,0,0,0,1,2023-05-31T20:46:17.8812109Z,0
1.96306,103.5392235,Daerah: Johor<br>No:4366<br>Hex coord:(79;61),n/a,1,0,0,0,0,0,1,2023-05-31T20:46:18.5336001Z,0
1.97084,103.552758,Daerah: Johor<br>No:4367<br>Hex coord:(80;61),n/a,0,0,0,0,0,0,1,2023-05-31T20:46:19.1859467Z,0
1.96306,103.5662925,Daerah: Johor<br>No:4368<br>Hex coord:(81;61),n/a,0,0,0,0,0,0,1,2023-05-31T20:46:19.8389019Z,0
1.97084,103.5798269,Daerah: Johor<br>No:4369<br>Hex coord:(82;61),n/a,0,0,0,0,0,0,1,2023-05-31T20:46:20.5016574Z,0
1.96306,103.5933614,Daerah: Johor<br>No:4370<br>Hex coord:(83;61),n/a,0,0,0,0,0,0,1,2023-05-31T20:46:21.1582110Z,0
1.97084,103.6068959,Daerah: Johor<br>No:4371<br>Hex coord:(84;61),n/a,0,0,0,0,0,0,1,2023-05-31T20:46:21.8120629Z,0
1.96306,103.6204304,Daerah: Johor<br>No:4372<br>Hex coord:(85;61),n/a,0,0,0,0,0,0,1,2023-05-31T20:46:22.4770422Z,0
1.97084,103.6339648,Daerah: Johor<br>No:4373<br>Hex coord:(86;61),n/a,0,0,0,0,0,0,1,2023-05-31T20:46:23.1316173Z,0
1.96306,103.6474993,Daerah: Johor<br>No:4374<br>Hex coord:(87;61),n/a,0,0,0,0,0,0,1,2023-05-31T20:46:23.7865597Z,0
1.97084,103.6610338,Daerah: Johor<br>No:4375<br>Hex coord:(88;61),n/a,0,0,0,0,0,0,1,2023-05-31T20:46:24.4443215Z,0
1.96306,103.6745683,Daerah: Johor<br>No:4376<br>Hex coord:(89;61),n/a,0,0,0,0,0,0,1,2023-05-31T20:46:25.1121273Z,0
1.97084,103.6881027,Daerah: Johor<br>No:4377<br>Hex coord:(90;61),n/a,0,0,0,0,0,0,1,2023-05-31T20:46:25.7680776Z,0
1.96306,103.7016372,Daerah: Johor<br>No:4378<br>Hex coord:(91;61),n/a,0,0,0,0,0,0,1,2023-05-31T20:46:26.4268702Z,0
1.97084,103.7151717,Daerah: Johor<br>No:4379<br>Hex coord:(92;61),n/a,0,0,0,0,0,0,1,2023-05-31T20:46:27.0940442Z,0
1.96306,103.7287062,Daerah: Johor<br>No:4380<br>Hex coord:(93;61),n/a,0,0,0,0,0,0,1,2023-05-31T20:46:27.7446323Z,0
1.97084,103.7422406,Daerah: Johor<br>No:4381<br>Hex coord:(94;61),n/a,0,0,0,0,0,0,1,2023-05-31T20:46:28.3989737Z,0
1.96306,103.7557751,Daerah: Johor<br>No:4382<br>Hex coord:(95;61),n/a,0,0,0,0,0,0,1,2023-05-31T20:46:29.0521815Z,0
1.97084,103.7693096,Daerah: Johor<br>No:4383<br>Hex coord:(96;61),n/a,0,0,0,0,0,0,1,2023-05-31T20:46:29.7093688Z,0
1.96306,103.7828441,Daerah: Johor<br>No:4384<br>Hex coord:(97;61),n/a,0,0,0,0,0,0,1,2023-05-31T20:46:30.3647268Z,0
1.97084,103.7963785,Daerah: Johor<br>No:4385<br>Hex coord:(98;61),n/a,0,0,0,0,0,0,1,2023-05-31T20:46:31.0274315Z,0
1.96306,103.809913,Daerah: Johor<br>No:4386<br>Hex coord:(99;61),n/a,0,0,0,0,0,0,1,2023-05-31T20:46:31.6819807Z,0
1.97084,103.8234475,Daerah: Johor<br>No:4387<br>Hex coord:(100;61),n/a,0,0,0,0,0,0,1,2023-05-31T20:46:32.3367969Z,0
1.96306,103.836982,Daerah: Johor<br>No:4388<br>Hex coord:(101;61),n/a,0,0,0,0,0,0,1,2023-05-31T20:46:33.0124016Z,0
1.97084,103.8505164,Daerah: Johor<br>No:4389<br>Hex coord:(102;61),n/a,0,0,0,0,0,0,1,2023-05-31T20:46:33.6856895Z,0
1.96306,103.8640509,Daerah: Johor<br>No:4390<br>Hex coord:(103;61),n/a,0,0,0,0,0,0,1,2023-05-31T20:46:34.3336397Z,0
1.97084,103.8775854,Daerah: Johor<br>No:4391<br>Hex coord:(104;61),n/a,0,0,0,0,0,0,1,2023-05-31T20:46:34.9773828Z,0
1.96306,103.8911199,Daerah: Johor<br>No:4392<br>Hex coord:(105;61),n/a,0,0,0,0,0,0,1,2023-05-31T20:46:35.6495391Z,0
1.97084,103.9046543,Daerah: Johor<br>No:4393<br>Hex coord:(106;61),n/a,0,0,0,0,0,0,1,2023-05-31T20:46:36.3008933Z,0
1.96306,103.9181888,Daerah: Johor<br>No:4394<br>Hex coord:(107;61),n/a,0,0,0,0,0,0,1,2023-05-31T20:46:36.9503943Z,0
1.97084,103.9317233,Daerah: Johor<br>No:4395<br>Hex coord:(108;61),n/a,0,0,0,0,0,0,1,2023-05-31T20:46:37.6087037Z,0
1.96306,103.9452578,Daerah: Johor<br>No:4396<br>Hex coord:(109;61),n/a,0,0,0,0,0,0,1,2023-05-31T20:46:38.2633271Z,0
1.97084,103.9587922,Daerah: Johor<br>No:4397<br>Hex coord:(110;61),n/a,0,0,0,0,0,0,1,2023-05-31T20:46:38.9198463Z,0
1.96306,103.9723267,Daerah: Johor<br>No:4398<br>Hex coord:(111;61),n/a,0,0,0,0,0,0,1,2023-05-31T20:46:39.5812094Z,0
1.97084,103.9858612,Daerah: Johor<br>No:4399<br>Hex coord:(112;61),n/a,0,0,0,0,0,0,1,2023-05-31T20:46:40.2325970Z,0
1.96306,103.9993957,Daerah: Johor<br>No:4400<br>Hex coord:(113;61),n/a,0,0,0,0,0,0,1,2023-05-31T20:46:40.9062821Z,0
1.97084,104.0129301,Daerah: Johor<br>No:4401<br>Hex coord:(114;61),n/a,0,0,0,0,0,0,1,2023-05-31T20:46:41.5604720Z,0
1.96306,104.0264646,Daerah: Johor<br>No:4402<br>Hex coord:(115;61),n/a,0,0,0,0,0,0,1,2023-05-31T20:46:42.2117406Z,0
1.97084,104.0399991,Daerah: Johor<br>No:4403<br>Hex coord:(116;61),n/a,0,0,0,0,0,0,1,2023-05-31T20:46:42.8832125Z,0
1.96306,104.0535336,Daerah: Johor<br>No:4404<br>Hex coord:(117;61),n/a,0,0,0,0,0,0,1,2023-05-31T20:46:43.5348573Z,0
1.97084,104.067068,Daerah: Johor<br>No:4405<br>Hex coord:(118;61),n/a,0,0,0,0,0,0,1,2023-05-31T20:46:44.1949770Z,0
1.96306,104.0806025,Daerah: Johor<br>No:4406<br>Hex coord:(119;61),n/a,0,0,0,0,0,0,1,2023-05-31T20:46:44.8623549Z,0
1.97084,104.094137,Daerah: Johor<br>No:4407<br>Hex coord:(120;61),n/a,0,0,0,0,0,0,1,2023-05-31T20:46:45.5197019Z,0
1.96306,104.1076715,Daerah: Johor<br>No:4408<br>Hex coord:(121;61),n/a,0,0,0,0,0,0,1,2023-05-31T20:46:46.1741910Z,0
1.95528,102.6324137,Daerah: Johor<br>No:4409<br>Hex coord:(12;62),n/a,0,0,0,0,0,1,1,2023-05-31T20:46:46.8326970Z,0
1.9475,102.6459482,Daerah: Johor<br>No:4410<br>Hex coord:(13;62),n/a,0,0,0,0,0,0,1,2023-05-31T20:46:47.4835727Z,2
1.95528,102.6594826,Daerah: Johor<br>No:4411<br>Hex coord:(14;62),n/a,0,0,0,0,0,0,1,2023-05-31T20:46:48.1375295Z,0
1.9475,102.6730171,Daerah: Johor<br>No:4412<br>Hex coord:(15;62),n/a,0,0,0,0,0,0,1,2023-05-31T20:46:48.7896061Z,0
1.95528,102.6865516,Daerah: Johor<br>No:4413<br>Hex coord:(16;62),n/a,0,0,0,0,0,0,1,2023-05-31T20:46:49.4578069Z,0
1.9475,102.7000861,Daerah: Johor<br>No:4414<br>Hex coord:(17;62),n/a,0,0,0,0,0,0,1,2023-05-31T20:46:50.1118228Z,0
1.95528,102.7136205,Daerah: Johor<br>No:4415<br>Hex coord:(18;62),n/a,0,0,0,0,0,0,1,2023-05-31T20:46:50.7632802Z,0
1.9475,102.727155,Daerah: Johor<br>No:4416<br>Hex coord:(19;62),n/a,0,0,0,0,0,0,1,2023-05-31T20:46:51.4134607Z,0
1.95528,102.7406895,Daerah: Johor<br>No:4417<br>Hex coord:(20;62),n/a,0,0,0,0,0,0,1,2023-05-31T20:46:52.0742392Z,0
1.9475,102.754224,Daerah: Johor<br>No:4418<br>Hex coord:(21;62),n/a,0,0,0,0,0,0,1,2023-05-31T20:46:52.7309673Z,0
1.95528,102.7677584,Daerah: Johor<br>No:4419<br>Hex coord:(22;62),n/a,0,0,0,0,0,0,1,2023-05-31T20:46:53.3818702Z,0
1.9475,102.7812929,Daerah: Johor<br>No:4420<br>Hex coord:(23;62),n/a,0,0,0,0,0,0,1,2023-05-31T20:46:54.0497067Z,0
1.95528,102.7948274,Daerah: Johor<br>No:4421<br>Hex coord:(24;62),n/a,0,0,0,0,0,0,1,2023-05-31T20:46:54.7087815Z,0
1.9475,102.8083619,Daerah: Johor<br>No:4422<br>Hex coord:(25;62),n/a,0,0,0,0,0,0,1,2023-05-31T20:46:55.3770171Z,0
1.95528,102.8218963,Daerah: Johor<br>No:4423<br>Hex coord:(26;62),n/a,0,0,0,0,0,0,1,2023-05-31T20:46:56.0276931Z,0
1.9475,102.8354308,Daerah: Johor<br>No:4424<br>Hex coord:(27;62),n/a,0,0,0,0,0,0,1,2023-05-31T20:46:56.6856270Z,0
1.95528,102.8489653,Daerah: Johor<br>No:4425<br>Hex coord:(28;62),n/a,0,0,0,0,0,0,1,2023-05-31T20:46:57.3442801Z,0
1.9475,102.8624998,Daerah: Johor<br>No:4426<br>Hex coord:(29;62),n/a,0,0,0,0,0,0,1,2023-05-31T20:46:58.0129143Z,0
1.95528,102.8760342,Daerah: Johor<br>No:4427<br>Hex coord:(30;62),n/a,0,0,0,0,0,0,1,2023-05-31T20:46:58.6731130Z,0
1.9475,102.8895687,Daerah: Johor<br>No:4428<br>Hex coord:(31;62),n/a,0,0,0,0,0,0,1,2023-05-31T20:46:59.3304983Z,0
1.95528,102.9031032,Daerah: Johor<br>No:4429<br>Hex coord:(32;62),n/a,0,0,0,0,0,0,1,2023-05-31T20:46:59.9896693Z,0
1.9475,102.9166377,Daerah: Johor<br>No:4430<br>Hex coord:(33;62),n/a,0,0,0,0,0,0,1,2023-05-31T20:47:00.6545132Z,0
1.95528,102.9301721,Daerah: Johor<br>No:4431<br>Hex coord:(34;62),n/a,0,0,0,0,0,0,1,2023-05-31T20:47:01.3705500Z,0
1.9475,102.9437066,Daerah: Johor<br>No:4432<br>Hex coord:(35;62),n/a,0,0,0,0,0,0,1,2023-05-31T20:47:02.0354238Z,0
1.95528,102.9572411,Daerah: Johor<br>No:4433<br>Hex coord:(36;62),n/a,0,0,0,0,0,0,1,2023-05-31T20:47:02.6858734Z,0
1.9475,102.9707756,Daerah: Johor<br>No:4434<br>Hex coord:(37;62),n/a,0,0,0,0,0,0,1,2023-05-31T20:47:03.3316887Z,0
1.95528,102.98431,Daerah: Johor<br>No:4435<br>Hex coord:(38;62),n/a,0,0,0,0,0,0,1,2023-05-31T20:47:03.9907319Z,0
1.9475,102.9978445,Daerah: Johor<br>No:4436<br>Hex coord:(39;62),n/a,0,0,0,0,0,0,1,2023-05-31T20:47:04.6614995Z,0
1.95528,103.011379,Daerah: Johor<br>No:4437<br>Hex coord:(40;62),n/a,0,0,0,0,0,0,1,2023-05-31T20:47:05.3232088Z,0
1.9475,103.0249135,Daerah: Johor<br>No:4438<br>Hex coord:(41;62),n/a,0,0,0,0,0,0,1,2023-05-31T20:47:05.9756285Z,0
1.95528,103.0384479,Daerah: Johor<br>No:4439<br>Hex coord:(42;62),n/a,0,0,0,0,0,0,1,2023-05-31T20:47:06.6323538Z,0
1.9475,103.0519824,Daerah: Johor<br>No:4440<br>Hex coord:(43;62),n/a,0,0,0,0,0,0,1,2023-05-31T20:47:07.2959908Z,0
1.95528,103.0655169,Daerah: Johor<br>No:4441<br>Hex coord:(44;62),n/a,0,0,0,0,0,0,1,2023-05-31T20:47:07.9527153Z,0
1.9475,103.0790514,Daerah: Johor<br>No:4442<br>Hex coord:(45;62),n/a,0,0,0,0,0,0,1,2023-05-31T20:47:08.6076653Z,0
1.95528,103.0925858,Daerah: Johor<br>No:4443<br>Hex coord:(46;62),n/a,0,0,0,0,0,0,1,2023-05-31T20:47:09.2573317Z,0
1.9475,103.1061203,Daerah: Johor<br>No:4444<br>Hex coord:(47;62),n/a,0,0,0,0,0,0,1,2023-05-31T20:47:09.9151449Z,0
1.95528,103.1196548,Daerah: Johor<br>No:4445<br>Hex coord:(48;62),n/a,0,0,0,0,0,0,1,2023-05-31T20:47:10.5772590Z,0
1.9475,103.1331893,Daerah: Johor<br>No:4446<br>Hex coord:(49;62),n/a,0,0,0,0,0,0,1,2023-05-31T20:47:11.2313848Z,0
1.95528,103.1467237,Daerah: Johor<br>No:4447<br>Hex coord:(50;62),n/a,0,0,0,0,0,0,1,2023-05-31T20:47:11.8834549Z,0
1.9475,103.1602582,Daerah: Johor<br>No:4448<br>Hex coord:(51;62),n/a,0,0,0,0,0,0,1,2023-05-31T20:47:12.5411856Z,0
1.95528,103.1737927,Daerah: Johor<br>No:4449<br>Hex coord:(52;62),n/a,0,0,0,0,0,0,1,2023-05-31T20:47:13.1963646Z,0
1.9475,103.1873272,Daerah: Johor<br>No:4450<br>Hex coord:(53;62),n/a,0,0,0,0,0,0,1,2023-05-31T20:47:13.8544736Z,0
1.95528,103.2008616,Daerah: Johor<br>No:4451<br>Hex coord:(54;62),n/a,0,0,0,0,0,0,1,2023-05-31T20:47:14.5171997Z,0
1.9475,103.2143961,Daerah: Johor<br>No:4452<br>Hex coord:(55;62),n/a,0,0,0,0,0,0,1,2023-05-31T20:47:15.1741148Z,0
1.95528,103.2279306,Daerah: Johor<br>No:4453<br>Hex coord:(56;62),n/a,0,0,0,0,0,0,1,2023-05-31T20:47:15.8368948Z,0
1.9475,103.2414651,Daerah: Johor<br>No:4454<br>Hex coord:(57;62),n/a,0,0,0,0,0,0,1,2023-05-31T20:47:16.5036769Z,1
1.95528,103.2549995,Daerah: Johor<br>No:4455<br>Hex coord:(58;62),n/a,0,0,0,0,0,0,1,2023-05-31T20:47:17.1689433Z,0
1.9475,103.268534,Daerah: Johor<br>No:4456<br>Hex coord:(59;62),n/a,0,0,0,0,0,0,1,2023-05-31T20:47:17.8265974Z,0
1.95528,103.2820685,Daerah: Johor<br>No:4457<br>Hex coord:(60;62),n/a,0,0,0,0,0,0,1,2023-05-31T20:47:18.4926677Z,0
1.9475,103.295603,Daerah: Johor<br>No:4458<br>Hex coord:(61;62),n/a,0,0,0,0,0,0,1,2023-05-31T20:47:19.1442326Z,0
1.95528,103.3091374,Daerah: Johor<br>No:4459<br>Hex coord:(62;62),n/a,0,0,0,0,0,0,1,2023-05-31T20:47:19.8010380Z,0
1.9475,103.3226719,Daerah: Johor<br>No:4460<br>Hex coord:(63;62),n/a,0,0,0,0,0,0,1,2023-05-31T20:47:20.4528872Z,0
1.95528,103.3362064,Daerah: Johor<br>No:4461<br>Hex coord:(64;62),n/a,1,0,0,0,0,0,1,2023-05-31T20:47:21.1150335Z,0
1.9475,103.3497409,Daerah: Johor<br>No:4462<br>Hex coord:(65;62),n/a,0,0,0,0,0,0,1,2023-05-31T20:47:21.7778640Z,0
1.95528,103.3632753,Daerah: Johor<br>No:4463<br>Hex coord:(66;62),n/a,0,0,0,0,0,0,1,2023-05-31T20:47:22.4461414Z,0
1.9475,103.3768098,Daerah: Johor<br>No:4464<br>Hex coord:(67;62),n/a,0,0,0,0,0,0,1,2023-05-31T20:47:23.1013830Z,0
1.95528,103.3903443,Daerah: Johor<br>No:4465<br>Hex coord:(68;62),n/a,0,0,0,0,0,0,1,2023-05-31T20:47:23.7639663Z,1
1.9475,103.4038788,Daerah: Johor<br>No:4466<br>Hex coord:(69;62),n/a,0,0,0,0,0,0,1,2023-05-31T20:47:24.4288145Z,0
1.95528,103.4174132,Daerah: Johor<br>No:4467<br>Hex coord:(70;62),n/a,0,0,0,0,0,0,1,2023-05-31T20:47:25.0863598Z,0
1.9475,103.4309477,Daerah: Johor<br>No:4468<br>Hex coord:(71;62),n/a,0,0,0,0,0,0,1,2023-05-31T20:47:25.7513159Z,0
1.95528,103.4444822,Daerah: Johor<br>No:4469<br>Hex coord:(72;62),n/a,0,0,0,0,0,0,1,2023-05-31T20:47:26.4090509Z,0
1.9475,103.4580167,Daerah: Johor<br>No:4470<br>Hex coord:(73;62),n/a,0,0,0,0,0,0,1,2023-05-31T20:47:27.0742256Z,0
1.95528,103.4715511,Daerah: Johor<br>No:4471<br>Hex coord:(74;62),n/a,0,0,0,0,0,0,1,2023-05-31T20:47:27.7255337Z,0
1.9475,103.4850856,Daerah: Johor<br>No:4472<br>Hex coord:(75;62),n/a,0,0,0,0,0,0,1,2023-05-31T20:47:28.3779664Z,0
1.95528,103.4986201,Daerah: Johor<br>No:4473<br>Hex coord:(76;62),n/a,0,0,0,0,0,0,1,2023-05-31T20:47:29.0350213Z,0
1.9475,103.5121546,Daerah: Johor<br>No:4474<br>Hex coord:(77;62),n/a,0,0,0,0,0,0,1,2023-05-31T20:47:29.6859563Z,0
1.95528,103.525689,Daerah: Johor<br>No:4475<br>Hex coord:(78;62),n/a,0,0,0,0,0,0,1,2023-05-31T20:47:30.3418484Z,0
1.9475,103.5392235,Daerah: Johor<br>No:4476<br>Hex coord:(79;62),n/a,0,0,0,0,0,0,1,2023-05-31T20:47:31.0082971Z,0
1.95528,103.552758,Daerah: Johor<br>No:4477<br>Hex coord:(80;62),n/a,0,0,0,0,0,0,1,2023-05-31T20:47:31.6624680Z,0
1.9475,103.5662925,Daerah: Johor<br>No:4478<br>Hex coord:(81;62),n/a,0,0,0,0,0,0,1,2023-05-31T20:47:32.3237531Z,0
1.95528,103.5798269,Daerah: Johor<br>No:4479<br>Hex coord:(82;62),n/a,0,0,0,0,0,0,1,2023-05-31T20:47:32.9759574Z,0
1.9475,103.5933614,Daerah: Johor<br>No:4480<br>Hex coord:(83;62),n/a,0,0,0,0,0,0,1,2023-05-31T20:47:33.6320990Z,0
1.95528,103.6068959,Daerah: Johor<br>No:4481<br>Hex coord:(84;62),n/a,0,0,0,0,0,0,1,2023-05-31T20:47:34.2934025Z,0
1.9475,103.6204304,Daerah: Johor<br>No:4482<br>Hex coord:(85;62),n/a,0,0,0,0,0,0,1,2023-05-31T20:47:34.9585769Z,0
1.95528,103.6339648,Daerah: Johor<br>No:4483<br>Hex coord:(86;62),n/a,0,0,0,0,0,0,1,2023-05-31T20:47:35.6229298Z,0
1.9475,103.6474993,Daerah: Johor<br>No:4484<br>Hex coord:(87;62),n/a,0,0,0,0,0,0,1,2023-05-31T20:47:36.2843628Z,0
1.95528,103.6610338,Daerah: Johor<br>No:4485<br>Hex coord:(88;62),n/a,0,0,0,0,0,0,1,2023-05-31T20:47:36.9406765Z,0
1.9475,103.6745683,Daerah: Johor<br>No:4486<br>Hex coord:(89;62),n/a,0,0,0,0,0,0,1,2023-05-31T20:47:37.5891142Z,0
1.95528,103.6881027,Daerah: Johor<br>No:4487<br>Hex coord:(90;62),n/a,0,0,0,0,0,0,1,2023-05-31T20:47:38.2396500Z,0
1.9475,103.7016372,Daerah: Johor<br>No:4488<br>Hex coord:(91;62),n/a,0,0,0,0,0,0,1,2023-05-31T20:47:38.8962787Z,0
1.95528,103.7151717,Daerah: Johor<br>No:4489<br>Hex coord:(92;62),n/a,0,0,0,0,0,0,1,2023-05-31T20:47:39.5477035Z,0
1.9475,103.7287062,Daerah: Johor<br>No:4490<br>Hex coord:(93;62),n/a,0,0,0,0,0,0,1,2023-05-31T20:47:40.2043583Z,0
1.95528,103.7422406,Daerah: Johor<br>No:4491<br>Hex coord:(94;62),n/a,0,0,0,0,0,0,1,2023-05-31T20:47:40.8622881Z,0
1.9475,103.7557751,Daerah: Johor<br>No:4492<br>Hex coord:(95;62),n/a,0,0,0,0,0,0,1,2023-05-31T20:47:41.5159006Z,0
1.95528,103.7693096,Daerah: Johor<br>No:4493<br>Hex coord:(96;62),n/a,0,0,0,0,0,0,1,2023-05-31T20:47:42.1847004Z,0
1.9475,103.7828441,Daerah: Johor<br>No:4494<br>Hex coord:(97;62),n/a,0,0,0,0,0,0,1,2023-05-31T20:47:42.8375388Z,0
1.95528,103.7963785,Daerah: Johor<br>No:4495<br>Hex coord:(98;62),n/a,0,0,0,0,0,0,1,2023-05-31T20:47:43.4957048Z,0
1.9475,103.809913,Daerah: Johor<br>No:4496<br>Hex coord:(99;62),n/a,0,0,0,0,0,0,1,2023-05-31T20:47:44.1458887Z,0
1.95528,103.8234475,Daerah: Johor<br>No:4497<br>Hex coord:(100;62),n/a,0,0,0,0,0,0,1,2023-05-31T20:47:44.8241197Z,0
1.9475,103.836982,Daerah: Johor<br>No:4498<br>Hex coord:(101;62),n/a,0,0,0,0,0,0,1,2023-05-31T20:47:45.4864656Z,0
1.95528,103.8505164,Daerah: Johor<br>No:4499<br>Hex coord:(102;62),n/a,0,0,0,0,0,0,1,2023-05-31T20:47:46.1453388Z,0
1.9475,103.8640509,Daerah: Johor<br>No:4500<br>Hex coord:(103;62),n/a,0,0,0,0,0,0,1,2023-05-31T20:47:46.8018151Z,0
1.95528,103.8775854,Daerah: Johor<br>No:4501<br>Hex coord:(104;62),n/a,0,0,0,0,0,0,1,2023-05-31T20:47:47.4644873Z,0
1.9475,103.8911199,Daerah: Johor<br>No:4502<br>Hex coord:(105;62),n/a,0,0,0,0,0,0,1,2023-05-31T20:47:48.1280589Z,0
1.95528,103.9046543,Daerah: Johor<br>No:4503<br>Hex coord:(106;62),n/a,0,0,0,0,0,0,1,2023-05-31T20:47:48.7859826Z,0
1.9475,103.9181888,Daerah: Johor<br>No:4504<br>Hex coord:(107;62),n/a,0,0,0,0,0,0,1,2023-05-31T20:47:49.4469710Z,0
1.95528,103.9317233,Daerah: Johor<br>No:4505<br>Hex coord:(108;62),n/a,0,0,0,0,0,0,1,2023-05-31T20:48:26.1420091Z,0
1.9475,103.9452578,Daerah: Johor<br>No:4506<br>Hex coord:(109;62),n/a,0,0,0,0,0,0,1,2023-05-31T20:48:26.7913229Z,0
1.95528,103.9587922,Daerah: Johor<br>No:4507<br>Hex coord:(110;62),n/a,0,0,0,0,0,0,1,2023-05-31T20:48:27.4482963Z,0
1.9475,103.9723267,Daerah: Johor<br>No:4508<br>Hex coord:(111;62),n/a,0,0,0,0,0,0,1,2023-05-31T20:48:28.1068179Z,0
1.95528,103.9858612,Daerah: Johor<br>No:4509<br>Hex coord:(112;62),n/a,0,0,0,0,0,0,1,2023-05-31T20:48:28.7589541Z,0
1.9475,103.9993957,Daerah: Johor<br>No:4510<br>Hex coord:(113;62),n/a,0,0,0,0,0,0,1,2023-05-31T20:48:29.4213563Z,0
1.95528,104.0129301,Daerah: Johor<br>No:4511<br>Hex coord:(114;62),n/a,0,0,0,0,0,0,1,2023-05-31T20:48:30.1014641Z,0
1.9475,104.0264646,Daerah: Johor<br>No:4512<br>Hex coord:(115;62),n/a,0,0,0,0,0,0,1,2023-05-31T20:48:30.7569043Z,0
1.95528,104.0399991,Daerah: Johor<br>No:4513<br>Hex coord:(116;62),n/a,0,0,0,0,0,0,1,2023-05-31T20:48:31.4054800Z,0
1.9475,104.0535336,Daerah: Johor<br>No:4514<br>Hex coord:(117;62),n/a,0,0,0,0,0,0,1,2023-05-31T20:48:32.0567136Z,0
1.95528,104.067068,Daerah: Johor<br>No:4515<br>Hex coord:(118;62),n/a,0,0,0,0,0,0,1,2023-05-31T20:48:32.7126201Z,0
1.9475,104.0806025,Daerah: Johor<br>No:4516<br>Hex coord:(119;62),n/a,0,0,0,0,0,0,1,2023-05-31T20:48:33.3673477Z,0
1.95528,104.094137,Daerah: Johor<br>No:4517<br>Hex coord:(120;62),n/a,0,0,0,0,0,0,1,2023-05-31T20:48:34.0335400Z,0
1.9475,104.1076715,Daerah: Johor<br>No:4518<br>Hex coord:(121;62),n/a,0,0,0,0,0,0,1,2023-05-31T20:48:34.6918038Z,0
1.93194,102.6459482,Daerah: Johor<br>No:4519<br>Hex coord:(13;63),n/a,0,0,0,0,0,0,1,2023-05-31T20:48:35.3466715Z,0
1.93972,102.6594826,Daerah: Johor<br>No:4520<br>Hex coord:(14;63),n/a,0,0,0,0,0,0,1,2023-05-31T20:48:36.0055579Z,0
1.93194,102.6730171,Daerah: Johor<br>No:4521<br>Hex coord:(15;63),n/a,0,0,0,0,0,0,1,2023-05-31T20:48:36.6667109Z,0
1.93972,102.6865516,Daerah: Johor<br>No:4522<br>Hex coord:(16;63),n/a,0,0,0,0,0,0,1,2023-05-31T20:48:37.3292667Z,0
1.93194,102.7000861,Daerah: Johor<br>No:4523<br>Hex coord:(17;63),n/a,0,0,0,0,0,0,1,2023-05-31T20:48:37.9857551Z,0
1.93972,102.7136205,Daerah: Johor<br>No:4524<br>Hex coord:(18;63),n/a,0,0,0,0,0,0,1,2023-05-31T20:48:38.6351945Z,0
1.93194,102.727155,Daerah: Johor<br>No:4525<br>Hex coord:(19;63),n/a,0,0,0,0,0,0,1,2023-05-31T20:48:39.3024077Z,0
1.93972,102.7406895,Daerah: Johor<br>No:4526<br>Hex coord:(20;63),n/a,0,0,0,0,0,0,1,2023-05-31T20:48:39.9582287Z,0
1.93194,102.754224,Daerah: Johor<br>No:4527<br>Hex coord:(21;63),n/a,0,0,0,0,0,0,1,2023-05-31T20:48:40.6156975Z,0
1.93972,102.7677584,Daerah: Johor<br>No:4528<br>Hex coord:(22;63),n/a,0,0,0,0,0,0,1,2023-05-31T20:48:41.2635201Z,0
1.93194,102.7812929,Daerah: Johor<br>No:4529<br>Hex coord:(23;63),n/a,0,0,0,0,0,0,1,2023-05-31T20:48:41.9239062Z,0
1.93972,102.7948274,Daerah: Johor<br>No:4530<br>Hex coord:(24;63),n/a,0,0,0,0,0,0,1,2023-05-31T20:48:42.5802117Z,0
1.93194,102.8083619,Daerah: Johor<br>No:4531<br>Hex coord:(25;63),n/a,0,0,0,0,0,0,1,2023-05-31T20:48:43.2272393Z,0
1.93972,102.8218963,Daerah: Johor<br>No:4532<br>Hex coord:(26;63),n/a,0,0,0,0,0,0,1,2023-05-31T20:48:43.8849848Z,0
1.93194,102.8354308,Daerah: Johor<br>No:4533<br>Hex coord:(27;63),n/a,0,0,0,0,0,0,1,2023-05-31T20:48:44.5452461Z,0
1.93972,102.8489653,Daerah: Johor<br>No:4534<br>Hex coord:(28;63),n/a,0,0,0,0,0,0,1,2023-05-31T20:48:45.2030814Z,0
1.93194,102.8624998,Daerah: Johor<br>No:4535<br>Hex coord:(29;63),n/a,0,0,0,0,0,0,1,2023-05-31T20:48:45.8535547Z,0
1.93972,102.8760342,Daerah: Johor<br>No:4536<br>Hex coord:(30;63),n/a,0,0,0,0,0,0,1,2023-05-31T20:48:46.5242669Z,0
1.93194,102.8895687,Daerah: Johor<br>No:4537<br>Hex coord:(31;63),n/a,0,0,0,0,0,0,1,2023-05-31T20:48:47.1821600Z,0
1.93972,102.9031032,Daerah: Johor<br>No:4538<br>Hex coord:(32;63),n/a,0,0,0,0,0,0,1,2023-05-31T20:48:47.8349429Z,0
1.93194,102.9166377,Daerah: Johor<br>No:4539<br>Hex coord:(33;63),n/a,0,0,0,0,0,0,1,2023-05-31T20:48:48.4829367Z,0
1.93972,102.9301721,Daerah: Johor<br>No:4540<br>Hex coord:(34;63),n/a,0,0,0,0,0,0,1,2023-05-31T20:48:49.1397234Z,0
1.93194,102.9437066,Daerah: Johor<br>No:4541<br>Hex coord:(35;63),n/a,0,0,0,0,0,0,1,2023-05-31T20:48:49.7983705Z,2
1.93972,102.9572411,Daerah: Johor<br>No:4542<br>Hex coord:(36;63),n/a,0,0,0,0,0,0,1,2023-05-31T20:48:50.4633561Z,0
1.93194,102.9707756,Daerah: Johor<br>No:4543<br>Hex coord:(37;63),n/a,0,0,0,0,0,0,1,2023-05-31T20:48:51.1246790Z,0
1.93972,102.98431,Daerah: Johor<br>No:4544<br>Hex coord:(38;63),n/a,0,0,0,0,0,0,1,2023-05-31T20:48:51.7839414Z,0
1.93194,102.9978445,Daerah: Johor<br>No:4545<br>Hex coord:(39;63),n/a,0,0,0,0,0,0,1,2023-05-31T20:48:52.4387509Z,0
1.93972,103.011379,Daerah: Johor<br>No:4546<br>Hex coord:(40;63),n/a,0,0,0,0,0,0,1,2023-05-31T20:48:53.0893534Z,0
1.93194,103.0249135,Daerah: Johor<br>No:4547<br>Hex coord:(41;63),n/a,0,0,0,0,0,0,1,2023-05-31T20:48:53.7438401Z,0
1.93972,103.0384479,Daerah: Johor<br>No:4548<br>Hex coord:(42;63),n/a,0,0,0,0,0,0,1,2023-05-31T20:48:54.3978006Z,0
1.93194,103.0519824,Daerah: Johor<br>No:4549<br>Hex coord:(43;63),n/a,0,0,0,0,0,0,1,2023-05-31T20:48:55.0505813Z,0
1.93972,103.0655169,Daerah: Johor<br>No:4550<br>Hex coord:(44;63),n/a,0,0,0,0,0,0,1,2023-05-31T20:48:55.7060286Z,0
1.93194,103.0790514,Daerah: Johor<br>No:4551<br>Hex coord:(45;63),n/a,0,0,0,0,0,0,1,2023-05-31T20:48:56.3638038Z,0
1.93972,103.0925858,Daerah: Johor<br>No:4552<br>Hex coord:(46;63),n/a,0,0,0,0,0,0,1,2023-05-31T20:48:57.0169214Z,0
1.93194,103.1061203,Daerah: Johor<br>No:4553<br>Hex coord:(47;63),n/a,0,0,0,0,0,0,1,2023-05-31T20:48:57.6723792Z,0
1.93972,103.1196548,Daerah: Johor<br>No:4554<br>Hex coord:(48;63),n/a,0,0,0,0,0,0,1,2023-05-31T20:48:58.3260293Z,0
1.93194,103.1331893,Daerah: Johor<br>No:4555<br>Hex coord:(49;63),n/a,0,0,0,0,0,0,1,2023-05-31T20:48:58.9840897Z,0
1.93972,103.1467237,Daerah: Johor<br>No:4556<br>Hex coord:(50;63),n/a,0,0,0,0,0,0,1,2023-05-31T20:48:59.6343649Z,0
1.93194,103.1602582,Daerah: Johor<br>No:4557<br>Hex coord:(51;63),n/a,0,0,0,0,0,0,1,2023-05-31T20:49:00.3005864Z,0
1.93972,103.1737927,Daerah: Johor<br>No:4558<br>Hex coord:(52;63),n/a,0,0,0,0,0,0,1,2023-05-31T20:49:00.9783658Z,0
1.93194,103.1873272,Daerah: Johor<br>No:4559<br>Hex coord:(53;63),n/a,0,0,0,0,0,0,1,2023-05-31T20:49:01.6307048Z,0
1.93972,103.2008616,Daerah: Johor<br>No:4560<br>Hex coord:(54;63),n/a,0,0,0,0,0,0,1,2023-05-31T20:49:02.2963816Z,0
1.93194,103.2143961,Daerah: Johor<br>No:4561<br>Hex coord:(55;63),n/a,0,0,0,0,0,0,1,2023-05-31T20:49:02.9467724Z,0
1.93972,103.2279306,Daerah: Johor<br>No:4562<br>Hex coord:(56;63),n/a,0,0,0,0,0,0,1,2023-05-31T20:49:03.6141610Z,0
1.93194,103.2414651,Daerah: Johor<br>No:4563<br>Hex coord:(57;63),n/a,0,0,0,0,0,0,1,2023-05-31T20:49:04.2763807Z,0
1.93972,103.2549995,Daerah: Johor<br>No:4564<br>Hex coord:(58;63),n/a,0,0,0,0,0,0,1,2023-05-31T20:49:04.9381409Z,0
1.93194,103.268534,Daerah: Johor<br>No:4565<br>Hex coord:(59;63),n/a,0,0,0,0,0,0,1,2023-05-31T20:49:05.5979295Z,0
1.93972,103.2820685,Daerah: Johor<br>No:4566<br>Hex coord:(60;63),n/a,0,0,0,0,0,0,1,2023-05-31T20:49:06.2535037Z,0
1.93194,103.295603,Daerah: Johor<br>No:4567<br>Hex coord:(61;63),n/a,0,0,0,0,0,0,1,2023-05-31T20:49:06.9073936Z,0
1.93972,103.3091374,Daerah: Johor<br>No:4568<br>Hex coord:(62;63),n/a,0,0,0,0,0,0,1,2023-05-31T20:49:07.5676686Z,0
1.93194,103.3226719,Daerah: Johor<br>No:4569<br>Hex coord:(63;63),n/a,0,0,0,0,0,0,1,2023-05-31T20:49:08.2241229Z,0
1.93972,103.3362064,Daerah: Johor<br>No:4570<br>Hex coord:(64;63),n/a,0,0,0,0,0,0,1,2023-05-31T20:49:08.8881058Z,0
1.93194,103.3497409,Daerah: Johor<br>No:4571<br>Hex coord:(65;63),n/a,0,0,0,0,0,0,1,2023-05-31T20:49:09.5382763Z,0
1.93972,103.3632753,Daerah: Johor<br>No:4572<br>Hex coord:(66;63),n/a,0,0,0,0,0,0,1,2023-05-31T20:49:10.2080342Z,0
1.93194,103.3768098,Daerah: Johor<br>No:4573<br>Hex coord:(67;63),n/a,0,0,0,0,0,0,1,2023-05-31T20:49:10.8638674Z,0
1.93972,103.3903443,Daerah: Johor<br>No:4574<br>Hex coord:(68;63),n/a,0,0,0,0,0,0,1,2023-05-31T20:49:11.5155113Z,0
1.93194,103.4038788,Daerah: Johor<br>No:4575<br>Hex coord:(69;63),n/a,0,0,0,0,0,0,1,2023-05-31T20:49:12.1678787Z,0
1.93972,103.4174132,Daerah: Johor<br>No:4576<br>Hex coord:(70;63),n/a,0,0,0,0,0,0,1,2023-05-31T20:49:12.8291682Z,0
1.93194,103.4309477,Daerah: Johor<br>No:4577<br>Hex coord:(71;63),n/a,0,0,0,0,0,0,1,2023-05-31T20:49:13.4800400Z,0
1.93972,103.4444822,Daerah: Johor<br>No:4578<br>Hex coord:(72;63),n/a,0,0,0,0,0,0,1,2023-05-31T20:49:14.1479758Z,0
1.93194,103.4580167,Daerah: Johor<br>No:4579<br>Hex coord:(73;63),n/a,0,0,0,0,0,0,1,2023-05-31T20:49:14.7992712Z,0
1.93972,103.4715511,Daerah: Johor<br>No:4580<br>Hex coord:(74;63),n/a,0,0,0,0,0,0,1,2023-05-31T20:49:15.4553331Z,0
1.93194,103.4850856,Daerah: Johor<br>No:4581<br>Hex coord:(75;63),n/a,0,0,0,0,0,0,1,2023-05-31T20:49:16.1154796Z,0
1.93972,103.4986201,Daerah: Johor<br>No:4582<br>Hex coord:(76;63),n/a,0,0,0,0,0,0,1,2023-05-31T20:49:16.7958090Z,0
1.93194,103.5121546,Daerah: Johor<br>No:4583<br>Hex coord:(77;63),n/a,0,0,0,0,0,0,1,2023-05-31T20:49:17.4549439Z,0
1.93972,103.525689,Daerah: Johor<br>No:4584<br>Hex coord:(78;63),n/a,0,0,0,0,0,0,1,2023-05-31T20:49:18.1040755Z,0
1.93194,103.5392235,Daerah: Johor<br>No:4585<br>Hex coord:(79;63),n/a,0,0,0,0,0,0,1,2023-05-31T20:49:18.7751015Z,0
1.93972,103.552758,Daerah: Johor<br>No:4586<br>Hex coord:(80;63),n/a,0,0,0,0,0,0,1,2023-05-31T20:49:19.4316432Z,0
1.93194,103.5662925,Daerah: Johor<br>No:4587<br>Hex coord:(81;63),n/a,0,0,0,0,0,0,1,2023-05-31T20:49:20.0986321Z,0
1.93972,103.5798269,Daerah: Johor<br>No:4588<br>Hex coord:(82;63),n/a,0,0,0,0,0,0,1,2023-05-31T20:49:20.7515389Z,0
1.93194,103.5933614,Daerah: Johor<br>No:4589<br>Hex coord:(83;63),n/a,0,0,0,0,0,0,1,2023-05-31T20:49:21.4096353Z,0
1.93972,103.6068959,Daerah: Johor<br>No:4590<br>Hex coord:(84;63),n/a,0,0,0,0,0,0,1,2023-05-31T20:49:22.0612352Z,0
1.93194,103.6204304,Daerah: Johor<br>No:4591<br>Hex coord:(85;63),n/a,0,0,0,0,0,0,1,2023-05-31T20:49:22.7177295Z,0
1.93972,103.6339648,Daerah: Johor<br>No:4592<br>Hex coord:(86;63),n/a,0,0,0,0,0,0,1,2023-05-31T20:49:23.3813050Z,0
1.93194,103.6474993,Daerah: Johor<br>No:4593<br>Hex coord:(87;63),n/a,0,0,0,0,0,0,1,2023-05-31T20:49:24.0439525Z,0
1.93972,103.6610338,Daerah: Johor<br>No:4594<br>Hex coord:(88;63),n/a,0,0,0,0,0,0,1,2023-05-31T20:49:24.7015137Z,0
1.93194,103.6745683,Daerah: Johor<br>No:4595<br>Hex coord:(89;63),n/a,0,0,0,0,0,0,1,2023-05-31T20:49:25.3532175Z,0
1.93972,103.6881027,Daerah: Johor<br>No:4596<br>Hex coord:(90;63),n/a,0,0,0,0,0,0,1,2023-05-31T20:49:26.0145265Z,0
1.93194,103.7016372,Daerah: Johor<br>No:4597<br>Hex coord:(91;63),n/a,0,0,0,0,0,0,1,2023-05-31T20:49:26.6760736Z,0
1.93972,103.7151717,Daerah: Johor<br>No:4598<br>Hex coord:(92;63),n/a,0,0,0,0,0,0,1,2023-05-31T20:49:27.3302215Z,0
1.93194,103.7287062,Daerah: Johor<br>No:4599<br>Hex coord:(93;63),n/a,0,0,0,0,0,0,1,2023-05-31T20:49:27.9844402Z,0
1.93972,103.7422406,Daerah: Johor<br>No:4600<br>Hex coord:(94;63),n/a,0,0,0,0,0,0,1,2023-05-31T20:49:28.6395043Z,0
1.93194,103.7557751,Daerah: Johor<br>No:4601<br>Hex coord:(95;63),n/a,0,0,0,0,0,0,1,2023-05-31T20:49:29.2998670Z,0
1.93972,103.7693096,Daerah: Johor<br>No:4602<br>Hex coord:(96;63),n/a,0,0,0,0,0,0,1,2023-05-31T20:49:29.9573019Z,0
1.93194,103.7828441,Daerah: Johor<br>No:4603<br>Hex coord:(97;63),n/a,0,0,0,0,0,0,1,2023-05-31T20:49:30.6209372Z,0
1.93972,103.7963785,Daerah: Johor<br>No:4604<br>Hex coord:(98;63),n/a,0,0,0,0,0,0,1,2023-05-31T20:49:31.2706332Z,0
1.93194,103.809913,Daerah: Johor<br>No:4605<br>Hex coord:(99;63),n/a,0,0,0,0,0,0,1,2023-05-31T20:49:31.9183668Z,0
1.93972,103.8234475,Daerah: Johor<br>No:4606<br>Hex coord:(100;63),n/a,0,0,0,0,0,0,1,2023-05-31T20:49:32.5750686Z,0
1.93194,103.836982,Daerah: Johor<br>No:4607<br>Hex coord:(101;63),n/a,0,0,0,0,0,0,1,2023-05-31T20:49:33.2411775Z,0
1.93972,103.8505164,Daerah: Johor<br>No:4608<br>Hex coord:(102;63),n/a,0,0,0,0,0,0,1,2023-05-31T20:49:33.8999724Z,0
1.93194,103.8640509,Daerah: Johor<br>No:4609<br>Hex coord:(103;63),n/a,0,0,0,0,0,0,1,2023-05-31T20:49:34.5650697Z,0
1.93972,103.8775854,Daerah: Johor<br>No:4610<br>Hex coord:(104;63),n/a,0,0,0,0,0,0,1,2023-05-31T20:49:35.2255934Z,0
1.93194,103.8911199,Daerah: Johor<br>No:4611<br>Hex coord:(105;63),n/a,0,0,0,0,0,0,1,2023-05-31T20:49:35.8794182Z,0
1.93972,103.9046543,Daerah: Johor<br>No:4612<br>Hex coord:(106;63),n/a,0,0,0,0,0,0,1,2023-05-31T20:49:36.5315290Z,0
1.93194,103.9181888,Daerah: Johor<br>No:4613<br>Hex coord:(107;63),n/a,0,0,0,0,0,0,1,2023-05-31T20:49:37.1887296Z,0
1.93972,103.9317233,Daerah: Johor<br>No:4614<br>Hex coord:(108;63),n/a,0,0,0,0,0,0,1,2023-05-31T20:49:37.8522510Z,0
1.93194,103.9452578,Daerah: Johor<br>No:4615<br>Hex coord:(109;63),n/a,0,0,0,0,0,0,1,2023-05-31T20:49:38.5088893Z,0
1.93972,103.9587922,Daerah: Johor<br>No:4616<br>Hex coord:(110;63),n/a,0,0,0,0,0,0,1,2023-05-31T20:49:39.1687738Z,0
1.93194,103.9723267,Daerah: Johor<br>No:4617<br>Hex coord:(111;63),n/a,0,0,0,0,0,0,1,2023-05-31T20:49:39.8269164Z,0
1.93972,103.9858612,Daerah: Johor<br>No:4618<br>Hex coord:(112;63),n/a,0,0,0,0,0,0,1,2023-05-31T20:49:40.4796634Z,0
1.93194,103.9993957,Daerah: Johor<br>No:4619<br>Hex coord:(113;63),n/a,0,0,0,0,0,0,1,2023-05-31T20:49:41.1384421Z,0
1.93972,104.0129301,Daerah: Johor<br>No:4620<br>Hex coord:(114;63),n/a,0,0,0,0,0,0,1,2023-05-31T20:49:41.8074315Z,0
1.93194,104.0264646,Daerah: Johor<br>No:4621<br>Hex coord:(115;63),n/a,0,0,0,0,0,0,1,2023-05-31T20:49:42.4575719Z,0
1.93972,104.0399991,Daerah: Johor<br>No:4622<br>Hex coord:(116;63),n/a,0,0,0,0,0,0,1,2023-05-31T20:49:43.1141184Z,0
1.93194,104.0535336,Daerah: Johor<br>No:4623<br>Hex coord:(117;63),n/a,0,0,0,0,0,0,1,2023-05-31T20:49:43.7704855Z,0
1.93972,104.067068,Daerah: Johor<br>No:4624<br>Hex coord:(118;63),n/a,0,0,0,0,0,0,1,2023-05-31T20:49:44.4295985Z,0
1.93194,104.0806025,Daerah: Johor<br>No:4625<br>Hex coord:(119;63),n/a,0,0,0,0,0,0,1,2023-05-31T20:49:45.0837497Z,0
1.93972,104.094137,Daerah: Johor<br>No:4626<br>Hex coord:(120;63),n/a,0,0,0,0,0,0,1,2023-05-31T20:49:45.7427834Z,0
1.93194,104.1076715,Daerah: Johor<br>No:4627<br>Hex coord:(121;63),n/a,1,0,0,0,0,0,1,2023-05-31T20:49:46.4121404Z,1
1.93972,104.1212059,Daerah: Johor<br>No:4628<br>Hex coord:(122;63),n/a,0,0,0,0,0,0,1,2023-05-31T20:49:47.0655933Z,0
1.92416,102.6594826,Daerah: Johor<br>No:4629<br>Hex coord:(14;64),n/a,0,0,0,0,0,0,1,2023-05-31T20:49:47.7265811Z,0
1.91638,102.6730171,Daerah: Johor<br>No:4630<br>Hex coord:(15;64),n/a,0,0,0,0,0,0,1,2023-05-31T20:49:48.3865568Z,0
1.92416,102.6865516,Daerah: Johor<br>No:4631<br>Hex coord:(16;64),n/a,0,0,0,0,0,0,1,2023-05-31T20:49:49.0393437Z,0
1.91638,102.7000861,Daerah: Johor<br>No:4632<br>Hex coord:(17;64),n/a,0,0,0,0,0,0,1,2023-05-31T20:49:49.6901454Z,0
1.92416,102.7136205,Daerah: Johor<br>No:4633<br>Hex coord:(18;64),n/a,0,0,0,0,0,0,1,2023-05-31T20:49:50.3486053Z,0
1.91638,102.727155,Daerah: Johor<br>No:4634<br>Hex coord:(19;64),n/a,0,0,0,0,0,0,1,2023-05-31T20:49:51.0162174Z,0
1.92416,102.7406895,Daerah: Johor<br>No:4635<br>Hex coord:(20;64),n/a,0,0,0,0,0,0,1,2023-05-31T20:49:51.6824649Z,0
1.91638,102.754224,Daerah: Johor<br>No:4636<br>Hex coord:(21;64),n/a,0,0,0,0,0,0,1,2023-05-31T20:49:52.3508904Z,0
1.92416,102.7677584,Daerah: Johor<br>No:4637<br>Hex coord:(22;64),n/a,0,0,0,0,0,0,1,2023-05-31T20:49:53.0111688Z,0
1.91638,102.7812929,Daerah: Johor<br>No:4638<br>Hex coord:(23;64),n/a,0,0,0,0,0,1,1,2023-05-31T20:49:53.6627431Z,0
1.92416,102.7948274,Daerah: Johor<br>No:4639<br>Hex coord:(24;64),n/a,0,0,0,0,0,0,1,2023-05-31T20:49:54.3239289Z,0
1.91638,102.8083619,Daerah: Johor<br>No:4640<br>Hex coord:(25;64),n/a,0,0,0,0,0,1,1,2023-05-31T20:49:54.9868525Z,0
1.92416,102.8218963,Daerah: Johor<br>No:4641<br>Hex coord:(26;64),n/a,0,0,0,0,0,0,1,2023-05-31T20:49:55.6393287Z,0
1.91638,102.8354308,Daerah: Johor<br>No:4642<br>Hex coord:(27;64),n/a,0,0,0,0,0,0,1,2023-05-31T20:49:56.2933528Z,0
1.92416,102.8489653,Daerah: Johor<br>No:4643<br>Hex coord:(28;64),n/a,0,0,0,0,0,0,1,2023-05-31T20:49:56.9500087Z,0
1.91638,102.8624998,Daerah: Johor<br>No:4644<br>Hex coord:(29;64),n/a,0,0,0,0,0,0,1,2023-05-31T20:49:57.6065566Z,0
1.92416,102.8760342,Daerah: Johor<br>No:4645<br>Hex coord:(30;64),n/a,0,0,0,0,0,0,1,2023-05-31T20:49:58.2570793Z,0
1.91638,102.8895687,Daerah: Johor<br>No:4646<br>Hex coord:(31;64),n/a,0,0,0,0,0,0,1,2023-05-31T20:49:58.9241547Z,0
1.92416,102.9031032,Daerah: Johor<br>No:4647<br>Hex coord:(32;64),n/a,0,0,0,0,0,0,1,2023-05-31T20:49:59.5832077Z,0
1.91638,102.9166377,Daerah: Johor<br>No:4648<br>Hex coord:(33;64),n/a,0,0,0,0,0,0,1,2023-05-31T20:50:00.2421383Z,0
1.92416,102.9301721,Daerah: Johor<br>No:4649<br>Hex coord:(34;64),n/a,0,0,0,0,0,0,1,2023-05-31T20:50:00.9021483Z,0
1.91638,102.9437066,Daerah: Johor<br>No:4650<br>Hex coord:(35;64),n/a,0,0,0,0,0,0,1,2023-05-31T20:50:01.5634297Z,1
1.92416,102.9572411,Daerah: Johor<br>No:4651<br>Hex coord:(36;64),n/a,0,0,0,0,0,0,1,2023-05-31T20:50:02.2295127Z,0
1.91638,102.9707756,Daerah: Johor<br>No:4652<br>Hex coord:(37;64),n/a,0,0,0,0,0,1,1,2023-05-31T20:50:02.8861669Z,0
1.92416,102.98431,Daerah: Johor<br>No:4653<br>Hex coord:(38;64),n/a,0,0,0,0,0,0,1,2023-05-31T20:50:03.5424864Z,0
1.91638,102.9978445,Daerah: Johor<br>No:4654<br>Hex coord:(39;64),n/a,0,0,0,0,0,0,1,2023-05-31T20:50:04.2085575Z,0
1.92416,103.011379,Daerah: Johor<br>No:4655<br>Hex coord:(40;64),n/a,0,0,0,0,0,0,1,2023-05-31T20:50:04.8654510Z,0
1.91638,103.0249135,Daerah: Johor<br>No:4656<br>Hex coord:(41;64),n/a,0,0,0,0,0,0,1,2023-05-31T20:50:05.5299209Z,0
1.92416,103.0384479,Daerah: Johor<br>No:4657<br>Hex coord:(42;64),n/a,0,0,0,0,0,0,1,2023-05-31T20:50:06.2652338Z,0
1.91638,103.0519824,Daerah: Johor<br>No:4658<br>Hex coord:(43;64),n/a,0,0,0,0,0,0,1,2023-05-31T20:50:06.9280065Z,0
1.92416,103.0655169,Daerah: Johor<br>No:4659<br>Hex coord:(44;64),n/a,0,0,0,0,0,0,1,2023-05-31T20:50:07.5865249Z,0
1.91638,103.0790514,Daerah: Johor<br>No:4660<br>Hex coord:(45;64),n/a,0,0,0,0,0,0,1,2023-05-31T20:50:08.2491529Z,0
1.92416,103.0925858,Daerah: Johor<br>No:4661<br>Hex coord:(46;64),n/a,0,0,0,0,0,0,1,2023-05-31T20:50:08.9105238Z,0
1.91638,103.1061203,Daerah: Johor<br>No:4662<br>Hex coord:(47;64),n/a,0,0,0,0,0,0,1,2023-05-31T20:50:09.5608109Z,0
1.92416,103.1196548,Daerah: Johor<br>No:4663<br>Hex coord:(48;64),n/a,0,0,0,0,0,0,1,2023-05-31T20:50:10.2093511Z,0
1.91638,103.1331893,Daerah: Johor<br>No:4664<br>Hex coord:(49;64),n/a,0,0,0,0,0,0,1,2023-05-31T20:50:10.8692666Z,0
1.92416,103.1467237,Daerah: Johor<br>No:4665<br>Hex coord:(50;64),n/a,0,0,0,0,0,0,1,2023-05-31T20:50:11.5331109Z,0
1.91638,103.1602582,Daerah: Johor<br>No:4666<br>Hex coord:(51;64),n/a,0,0,0,0,0,0,1,2023-05-31T20:50:12.1932056Z,0
1.92416,103.1737927,Daerah: Johor<br>No:4667<br>Hex coord:(52;64),n/a,0,0,0,0,0,0,1,2023-05-31T20:50:12.8592238Z,0
1.91638,103.1873272,Daerah: Johor<br>No:4668<br>Hex coord:(53;64),n/a,0,0,0,0,0,0,1,2023-05-31T20:50:13.5240010Z,1
1.92416,103.2008616,Daerah: Johor<br>No:4669<br>Hex coord:(54;64),n/a,0,0,0,0,0,0,1,2023-05-31T20:50:14.1771892Z,0
1.91638,103.2143961,Daerah: Johor<br>No:4670<br>Hex coord:(55;64),n/a,0,0,0,0,0,0,1,2023-05-31T20:50:14.8346337Z,0
1.92416,103.2279306,Daerah: Johor<br>No:4671<br>Hex coord:(56;64),n/a,0,0,0,0,0,0,1,2023-05-31T20:50:15.4937709Z,0
1.91638,103.2414651,Daerah: Johor<br>No:4672<br>Hex coord:(57;64),n/a,0,0,0,0,0,0,1,2023-05-31T20:50:16.1572763Z,0
1.92416,103.2549995,Daerah: Johor<br>No:4673<br>Hex coord:(58;64),n/a,0,0,0,0,0,0,1,2023-05-31T20:50:16.8154221Z,0
1.91638,103.268534,Daerah: Johor<br>No:4674<br>Hex coord:(59;64),n/a,0,0,0,0,0,0,1,2023-05-31T20:50:17.4786833Z,0
1.92416,103.2820685,Daerah: Johor<br>No:4675<br>Hex coord:(60;64),n/a,0,0,0,0,0,0,1,2023-05-31T20:50:18.1290480Z,0
1.91638,103.295603,Daerah: Johor<br>No:4676<br>Hex coord:(61;64),n/a,0,0,0,0,0,0,1,2023-05-31T20:50:18.7770868Z,0
1.92416,103.3091374,Daerah: Johor<br>No:4677<br>Hex coord:(62;64),n/a,0,0,0,0,0,0,1,2023-05-31T20:50:19.4372920Z,0
1.91638,103.3226719,Daerah: Johor<br>No:4678<br>Hex coord:(63;64),n/a,0,0,0,0,0,0,1,2023-05-31T20:50:20.0987485Z,0
1.92416,103.3362064,Daerah: Johor<br>No:4679<br>Hex coord:(64;64),n/a,0,0,0,0,0,0,1,2023-05-31T20:50:20.7600877Z,0
1.91638,103.3497409,Daerah: Johor<br>No:4680<br>Hex coord:(65;64),n/a,0,0,0,0,0,0,1,2023-05-31T20:50:21.4270369Z,0
1.92416,103.3632753,Daerah: Johor<br>No:4681<br>Hex coord:(66;64),n/a,0,0,0,0,0,0,1,2023-05-31T20:50:22.0872505Z,0
1.91638,103.3768098,Daerah: Johor<br>No:4682<br>Hex coord:(67;64),n/a,0,0,0,0,0,0,1,2023-05-31T20:50:22.7450237Z,0
1.92416,103.3903443,Daerah: Johor<br>No:4683<br>Hex coord:(68;64),n/a,0,0,0,0,0,0,1,2023-05-31T20:50:23.4089814Z,0
1.91638,103.4038788,Daerah: Johor<br>No:4684<br>Hex coord:(69;64),n/a,0,0,0,0,0,0,1,2023-05-31T20:50:24.0656522Z,0
1.92416,103.4174132,Daerah: Johor<br>No:4685<br>Hex coord:(70;64),n/a,0,0,0,0,0,0,1,2023-05-31T20:50:24.7313912Z,0
1.91638,103.4309477,Daerah: Johor<br>No:4686<br>Hex coord:(71;64),n/a,0,0,0,0,0,0,1,2023-05-31T20:50:25.3845669Z,0
1.92416,103.4444822,Daerah: Johor<br>No:4687<br>Hex coord:(72;64),n/a,0,0,0,0,0,0,1,2023-05-31T20:50:26.0444227Z,0
1.91638,103.4580167,Daerah: Johor<br>No:4688<br>Hex coord:(73;64),n/a,0,0,0,0,0,0,1,2023-05-31T20:50:26.7056934Z,0
1.92416,103.4715511,Daerah: Johor<br>No:4689<br>Hex coord:(74;64),n/a,0,0,0,0,0,0,1,2023-05-31T20:50:27.3587105Z,0
1.91638,103.4850856,Daerah: Johor<br>No:4690<br>Hex coord:(75;64),n/a,0,0,0,0,0,0,1,2023-05-31T20:50:28.0137214Z,0
1.92416,103.4986201,Daerah: Johor<br>No:4691<br>Hex coord:(76;64),n/a,0,0,0,0,0,0,1,2023-05-31T20:50:28.6670082Z,0
1.91638,103.5121546,Daerah: Johor<br>No:4692<br>Hex coord:(77;64),n/a,0,0,0,0,0,0,1,2023-05-31T20:50:29.3199650Z,0
1.92416,103.525689,Daerah: Johor<br>No:4693<br>Hex coord:(78;64),n/a,0,0,0,0,0,0,1,2023-05-31T20:50:29.9788950Z,0
1.91638,103.5392235,Daerah: Johor<br>No:4694<br>Hex coord:(79;64),n/a,0,0,0,0,0,0,1,2023-05-31T20:50:30.6366583Z,0
1.92416,103.552758,Daerah: Johor<br>No:4695<br>Hex coord:(80;64),n/a,0,0,0,0,0,0,1,2023-05-31T20:50:31.2933368Z,0
1.91638,103.5662925,Daerah: Johor<br>No:4696<br>Hex coord:(81;64),n/a,0,0,0,0,0,0,1,2023-05-31T20:50:31.9579329Z,0
1.92416,103.5798269,Daerah: Johor<br>No:4697<br>Hex coord:(82;64),n/a,0,0,0,0,0,0,1,2023-05-31T20:50:32.6189618Z,0
1.91638,103.5933614,Daerah: Johor<br>No:4698<br>Hex coord:(83;64),n/a,0,0,0,0,0,0,1,2023-05-31T20:50:33.2679143Z,0
1.92416,103.6068959,Daerah: Johor<br>No:4699<br>Hex coord:(84;64),n/a,0,0,0,0,0,0,1,2023-05-31T20:50:33.9192326Z,0
1.91638,103.6204304,Daerah: Johor<br>No:4700<br>Hex coord:(85;64),n/a,0,0,0,0,0,0,1,2023-05-31T20:50:34.5599041Z,0
1.92416,103.6339648,Daerah: Johor<br>No:4701<br>Hex coord:(86;64),n/a,0,0,0,0,0,0,1,2023-05-31T20:50:35.2106840Z,0
1.91638,103.6474993,Daerah: Johor<br>No:4702<br>Hex coord:(87;64),n/a,0,0,0,0,0,0,1,2023-05-31T20:50:35.8651400Z,0
1.92416,103.6610338,Daerah: Johor<br>No:4703<br>Hex coord:(88;64),n/a,0,0,0,0,0,0,1,2023-05-31T20:50:36.5321510Z,0
1.91638,103.6745683,Daerah: Johor<br>No:4704<br>Hex coord:(89;64),n/a,0,0,0,0,0,0,1,2023-05-31T20:50:37.1932866Z,0
1.92416,103.6881027,Daerah: Johor<br>No:4705<br>Hex coord:(90;64),n/a,0,0,0,0,0,0,1,2023-05-31T20:50:37.8466354Z,0
1.91638,103.7016372,Daerah: Johor<br>No:4706<br>Hex coord:(91;64),n/a,0,0,0,0,0,0,1,2023-05-31T20:50:38.5003937Z,0
1.92416,103.7151717,Daerah: Johor<br>No:4707<br>Hex coord:(92;64),n/a,0,0,0,0,0,0,1,2023-05-31T20:50:39.1533117Z,0
1.91638,103.7287062,Daerah: Johor<br>No:4708<br>Hex coord:(93;64),n/a,0,0,0,0,0,0,1,2023-05-31T20:50:39.8039290Z,0
1.92416,103.7422406,Daerah: Johor<br>No:4709<br>Hex coord:(94;64),n/a,0,0,0,0,0,0,1,2023-05-31T20:50:40.4703512Z,0
1.91638,103.7557751,Daerah: Johor<br>No:4710<br>Hex coord:(95;64),n/a,0,0,0,0,0,0,1,2023-05-31T20:50:41.1242561Z,0
1.92416,103.7693096,Daerah: Johor<br>No:4711<br>Hex coord:(96;64),n/a,0,0,0,0,0,0,1,2023-05-31T20:50:41.7829896Z,0
1.91638,103.7828441,Daerah: Johor<br>No:4712<br>Hex coord:(97;64),n/a,0,0,0,0,0,0,1,2023-05-31T20:50:42.4458108Z,0
1.92416,103.7963785,Daerah: Johor<br>No:4713<br>Hex coord:(98;64),n/a,0,0,0,0,0,0,1,2023-05-31T20:50:43.1226894Z,0
1.91638,103.809913,Daerah: Johor<br>No:4714<br>Hex coord:(99;64),n/a,0,0,0,0,0,0,1,2023-05-31T20:50:43.7740302Z,0
1.92416,103.8234475,Daerah: Johor<br>No:4715<br>Hex coord:(100;64),n/a,0,0,0,0,0,0,1,2023-05-31T20:50:44.4317475Z,0
1.91638,103.836982,Daerah: Johor<br>No:4716<br>Hex coord:(101;64),n/a,0,0,0,0,0,0,1,2023-05-31T20:50:45.0932163Z,0
1.92416,103.8505164,Daerah: Johor<br>No:4717<br>Hex coord:(102;64),n/a,0,0,0,0,0,0,1,2023-05-31T20:50:45.7511530Z,0
1.91638,103.8640509,Daerah: Johor<br>No:4718<br>Hex coord:(103;64),n/a,0,0,0,0,0,0,1,2023-05-31T20:50:46.4117607Z,0
1.92416,103.8775854,Daerah: Johor<br>No:4719<br>Hex coord:(104;64),n/a,0,0,0,0,0,0,1,2023-05-31T20:50:47.0697561Z,0
1.91638,103.8911199,Daerah: Johor<br>No:4720<br>Hex coord:(105;64),n/a,0,0,0,0,0,0,1,2023-05-31T20:50:47.7290024Z,0
1.92416,103.9046543,Daerah: Johor<br>No:4721<br>Hex coord:(106;64),n/a,0,0,0,0,0,0,1,2023-05-31T20:50:48.3841144Z,0
1.91638,103.9181888,Daerah: Johor<br>No:4722<br>Hex coord:(107;64),n/a,0,0,0,0,0,0,1,2023-05-31T20:50:49.0381249Z,0
1.92416,103.9317233,Daerah: Johor<br>No:4723<br>Hex coord:(108;64),n/a,0,0,0,0,0,0,1,2023-05-31T20:50:49.6958894Z,0
1.91638,103.9452578,Daerah: Johor<br>No:4724<br>Hex coord:(109;64),n/a,0,0,0,0,0,0,1,2023-05-31T20:50:50.3612699Z,0
1.92416,103.9587922,Daerah: Johor<br>No:4725<br>Hex coord:(110;64),n/a,0,0,0,0,0,0,1,2023-05-31T20:50:51.0176760Z,0
1.91638,103.9723267,Daerah: Johor<br>No:4726<br>Hex coord:(111;64),n/a,0,0,0,0,0,0,1,2023-05-31T20:50:51.6714207Z,0
1.92416,103.9858612,Daerah: Johor<br>No:4727<br>Hex coord:(112;64),n/a,0,0,0,0,0,0,1,2023-05-31T20:50:52.3257434Z,0
1.91638,103.9993957,Daerah: Johor<br>No:4728<br>Hex coord:(113;64),n/a,0,0,0,0,0,0,1,2023-05-31T20:50:52.9774525Z,0
1.92416,104.0129301,Daerah: Johor<br>No:4729<br>Hex coord:(114;64),n/a,0,0,0,0,0,0,1,2023-05-31T20:50:53.6300791Z,0
1.91638,104.0264646,Daerah: Johor<br>No:4730<br>Hex coord:(115;64),n/a,0,0,0,0,0,0,1,2023-05-31T20:50:54.2894028Z,0
1.92416,104.0399991,Daerah: Johor<br>No:4731<br>Hex coord:(116;64),n/a,0,0,0,0,0,0,1,2023-05-31T20:50:54.9458816Z,0
1.91638,104.0535336,Daerah: Johor<br>No:4732<br>Hex coord:(117;64),n/a,0,0,0,0,0,0,1,2023-05-31T20:50:55.6137027Z,0
1.92416,104.067068,Daerah: Johor<br>No:4733<br>Hex coord:(118;64),n/a,0,0,0,0,0,0,1,2023-05-31T20:50:56.2701464Z,0
1.91638,104.0806025,Daerah: Johor<br>No:4734<br>Hex coord:(119;64),n/a,0,0,0,0,0,0,1,2023-05-31T20:50:56.9262315Z,0
1.92416,104.094137,Daerah: Johor<br>No:4735<br>Hex coord:(120;64),n/a,0,0,0,0,0,0,1,2023-05-31T20:50:57.5865330Z,0
1.91638,104.1076715,Daerah: Johor<br>No:4736<br>Hex coord:(121;64),n/a,0,0,0,0,0,0,1,2023-05-31T20:50:58.2415879Z,0
1.9086,102.6594826,Daerah: Johor<br>No:4737<br>Hex coord:(14;65),n/a,0,0,0,0,0,0,1,2023-05-31T20:50:58.8912351Z,0
1.90082,102.6730171,Daerah: Johor<br>No:4738<br>Hex coord:(15;65),n/a,0,0,0,0,0,0,1,2023-05-31T20:50:59.5482127Z,0
1.9086,102.6865516,Daerah: Johor<br>No:4739<br>Hex coord:(16;65),n/a,0,0,0,0,0,0,1,2023-05-31T20:51:00.2017009Z,0
1.90082,102.7000861,Daerah: Johor<br>No:4740<br>Hex coord:(17;65),n/a,0,0,0,0,0,0,1,2023-05-31T20:51:00.8579956Z,0
1.9086,102.7136205,Daerah: Johor<br>No:4741<br>Hex coord:(18;65),n/a,0,0,0,0,0,0,1,2023-05-31T20:51:01.5099549Z,0
1.90082,102.727155,Daerah: Johor<br>No:4742<br>Hex coord:(19;65),n/a,0,0,0,0,0,0,1,2023-05-31T20:51:02.1715133Z,0
1.9086,102.7406895,Daerah: Johor<br>No:4743<br>Hex coord:(20;65),n/a,0,0,0,0,0,0,1,2023-05-31T20:51:02.8360312Z,0
1.90082,102.754224,Daerah: Johor<br>No:4744<br>Hex coord:(21;65),n/a,0,0,0,0,0,1,1,2023-05-31T20:51:03.4840665Z,0
1.9086,102.7677584,Daerah: Johor<br>No:4745<br>Hex coord:(22;65),n/a,0,0,0,0,0,1,1,2023-05-31T20:51:04.1419652Z,0
1.90082,102.7812929,Daerah: Johor<br>No:4746<br>Hex coord:(23;65),n/a,0,0,0,0,0,1,1,2023-05-31T20:51:04.7961673Z,0
1.9086,102.7948274,Daerah: Johor<br>No:4747<br>Hex coord:(24;65),n/a,0,0,0,0,0,1,1,2023-05-31T20:51:05.4465745Z,0
1.90082,102.8083619,Daerah: Johor<br>No:4748<br>Hex coord:(25;65),n/a,0,0,0,0,0,1,1,2023-05-31T20:51:06.1031622Z,0
1.9086,102.8218963,Daerah: Johor<br>No:4749<br>Hex coord:(26;65),n/a,0,0,0,0,0,1,1,2023-05-31T20:51:06.7729382Z,0
1.90082,102.8354308,Daerah: Johor<br>No:4750<br>Hex coord:(27;65),n/a,0,0,0,0,0,0,1,2023-05-31T20:51:07.4261102Z,0
1.9086,102.8489653,Daerah: Johor<br>No:4751<br>Hex coord:(28;65),n/a,0,0,0,0,0,0,1,2023-05-31T20:51:08.0861310Z,0
1.90082,102.8624998,Daerah: Johor<br>No:4752<br>Hex coord:(29;65),n/a,0,0,0,0,0,0,1,2023-05-31T20:51:08.7411133Z,0
1.9086,102.8760342,Daerah: Johor<br>No:4753<br>Hex coord:(30;65),n/a,1,0,0,0,0,0,1,2023-05-31T20:51:09.4048856Z,0
1.90082,102.8895687,Daerah: Johor<br>No:4754<br>Hex coord:(31;65),n/a,0,0,0,0,0,0,1,2023-05-31T20:51:10.0733035Z,0
1.9086,102.9031032,Daerah: Johor<br>No:4755<br>Hex coord:(32;65),n/a,0,0,0,0,0,0,1,2023-05-31T20:51:10.7384915Z,0
1.90082,102.9166377,Daerah: Johor<br>No:4756<br>Hex coord:(33;65),n/a,0,0,0,0,0,0,1,2023-05-31T20:51:11.4147900Z,0
1.9086,102.9301721,Daerah: Johor<br>No:4757<br>Hex coord:(34;65),n/a,0,0,0,0,0,0,1,2023-05-31T20:51:12.0777577Z,0
1.90082,102.9437066,Daerah: Johor<br>No:4758<br>Hex coord:(35;65),n/a,0,0,0,0,0,1,1,2023-05-31T20:51:12.7517704Z,0
1.9086,102.9572411,Daerah: Johor<br>No:4759<br>Hex coord:(36;65),n/a,0,0,0,0,0,1,1,2023-05-31T20:51:13.4239064Z,0
1.90082,102.9707756,Daerah: Johor<br>No:4760<br>Hex coord:(37;65),n/a,0,0,0,0,0,1,1,2023-05-31T20:51:14.0916455Z,0
1.9086,102.98431,Daerah: Johor<br>No:4761<br>Hex coord:(38;65),n/a,0,0,0,0,0,1,1,2023-05-31T20:51:14.7667292Z,0
1.90082,102.9978445,Daerah: Johor<br>No:4762<br>Hex coord:(39;65),n/a,0,0,0,0,0,1,1,2023-05-31T20:51:15.4234543Z,0
1.9086,103.011379,Daerah: Johor<br>No:4763<br>Hex coord:(40;65),n/a,0,0,0,0,0,0,1,2023-05-31T20:51:16.0762665Z,0
1.90082,103.0249135,Daerah: Johor<br>No:4764<br>Hex coord:(41;65),n/a,0,0,0,0,0,0,1,2023-05-31T20:51:16.7278087Z,0
1.9086,103.0384479,Daerah: Johor<br>No:4765<br>Hex coord:(42;65),n/a,0,0,0,0,0,0,1,2023-05-31T20:51:17.3904934Z,0
1.90082,103.0519824,Daerah: Johor<br>No:4766<br>Hex coord:(43;65),n/a,0,0,0,0,0,0,1,2023-05-31T20:51:18.0467951Z,0
1.9086,103.0655169,Daerah: Johor<br>No:4767<br>Hex coord:(44;65),n/a,0,0,0,0,0,0,1,2023-05-31T20:51:18.6962843Z,0
1.90082,103.0790514,Daerah: Johor<br>No:4768<br>Hex coord:(45;65),n/a,0,0,0,0,0,0,1,2023-05-31T20:51:19.3718370Z,0
1.9086,103.0925858,Daerah: Johor<br>No:4769<br>Hex coord:(46;65),n/a,0,0,0,0,0,0,1,2023-05-31T20:51:20.0342622Z,0
1.90082,103.1061203,Daerah: Johor<br>No:4770<br>Hex coord:(47;65),n/a,0,0,0,0,0,0,1,2023-05-31T20:51:20.6945340Z,0
1.9086,103.1196548,Daerah: Johor<br>No:4771<br>Hex coord:(48;65),n/a,0,0,0,0,0,0,1,2023-05-31T20:51:21.3476006Z,0
1.90082,103.1331893,Daerah: Johor<br>No:4772<br>Hex coord:(49;65),n/a,0,0,0,0,0,0,1,2023-05-31T20:51:22.0182878Z,0
1.9086,103.1467237,Daerah: Johor<br>No:4773<br>Hex coord:(50;65),n/a,0,0,0,0,0,0,1,2023-05-31T20:51:22.6741911Z,0
1.90082,103.1602582,Daerah: Johor<br>No:4774<br>Hex coord:(51;65),n/a,0,0,0,0,0,0,1,2023-05-31T20:51:23.3252742Z,0
1.9086,103.1737927,Daerah: Johor<br>No:4775<br>Hex coord:(52;65),n/a,1,0,0,0,0,0,1,2023-05-31T20:51:23.9855511Z,0
1.90082,103.1873272,Daerah: Johor<br>No:4776<br>Hex coord:(53;65),n/a,0,0,0,0,0,0,1,2023-05-31T20:51:24.6361034Z,0
1.9086,103.2008616,Daerah: Johor<br>No:4777<br>Hex coord:(54;65),n/a,0,0,0,0,0,0,1,2023-05-31T20:51:25.3019929Z,0
1.90082,103.2143961,Daerah: Johor<br>No:4778<br>Hex coord:(55;65),n/a,0,0,0,0,0,0,1,2023-05-31T20:51:25.9610166Z,1
1.9086,103.2279306,Daerah: Johor<br>No:4779<br>Hex coord:(56;65),n/a,0,0,0,0,0,0,1,2023-05-31T20:51:26.6247376Z,0
1.90082,103.2414651,Daerah: Johor<br>No:4780<br>Hex coord:(57;65),n/a,0,0,0,0,0,0,1,2023-05-31T20:51:27.2848893Z,0
1.9086,103.2549995,Daerah: Johor<br>No:4781<br>Hex coord:(58;65),n/a,0,0,0,0,0,0,1,2023-05-31T20:51:27.9461060Z,0
1.90082,103.268534,Daerah: Johor<br>No:4782<br>Hex coord:(59;65),n/a,0,0,0,0,0,0,1,2023-05-31T20:51:28.6072113Z,0
1.9086,103.2820685,Daerah: Johor<br>No:4783<br>Hex coord:(60;65),n/a,0,0,0,0,0,0,1,2023-05-31T20:51:29.2651979Z,0
1.90082,103.295603,Daerah: Johor<br>No:4784<br>Hex coord:(61;65),n/a,0,0,0,0,0,0,1,2023-05-31T20:51:29.9250369Z,0
1.9086,103.3091374,Daerah: Johor<br>No:4785<br>Hex coord:(62;65),n/a,0,0,0,0,0,0,1,2023-05-31T20:51:30.5934914Z,0
1.90082,103.3226719,Daerah: Johor<br>No:4786<br>Hex coord:(63;65),n/a,0,0,0,0,0,0,1,2023-05-31T20:51:31.2536698Z,0
1.9086,103.3362064,Daerah: Johor<br>No:4787<br>Hex coord:(64;65),n/a,0,0,0,0,0,0,1,2023-05-31T20:51:31.9078685Z,0
1.90082,103.3497409,Daerah: Johor<br>No:4788<br>Hex coord:(65;65),n/a,0,0,0,0,0,0,1,2023-05-31T20:51:32.5794737Z,0
1.9086,103.3632753,Daerah: Johor<br>No:4789<br>Hex coord:(66;65),n/a,0,0,0,0,0,0,1,2023-05-31T20:51:33.2541309Z,0
1.90082,103.3768098,Daerah: Johor<br>No:4790<br>Hex coord:(67;65),n/a,0,0,0,0,0,0,1,2023-05-31T20:51:33.9167258Z,0
1.9086,103.3903443,Daerah: Johor<br>No:4791<br>Hex coord:(68;65),n/a,0,0,0,0,0,0,1,2023-05-31T20:51:34.5745422Z,0
1.90082,103.4038788,Daerah: Johor<br>No:4792<br>Hex coord:(69;65),n/a,1,0,0,0,0,0,1,2023-05-31T20:51:35.2272807Z,0
1.9086,103.4174132,Daerah: Johor<br>No:4793<br>Hex coord:(70;65),n/a,0,0,0,0,0,0,1,2023-05-31T20:51:35.8827601Z,0
1.90082,103.4309477,Daerah: Johor<br>No:4794<br>Hex coord:(71;65),n/a,0,0,0,0,0,0,1,2023-05-31T20:51:36.5477204Z,0
1.9086,103.4444822,Daerah: Johor<br>No:4795<br>Hex coord:(72;65),n/a,0,0,0,0,0,0,1,2023-05-31T20:51:37.2041251Z,0
1.90082,103.4580167,Daerah: Johor<br>No:4796<br>Hex coord:(73;65),n/a,0,0,0,0,0,0,1,2023-05-31T20:51:37.8611548Z,0
1.9086,103.4715511,Daerah: Johor<br>No:4797<br>Hex coord:(74;65),n/a,0,0,0,0,0,0,1,2023-05-31T20:51:38.5136891Z,0
1.90082,103.4850856,Daerah: Johor<br>No:4798<br>Hex coord:(75;65),n/a,0,0,0,0,0,0,1,2023-05-31T20:51:39.1750315Z,0
1.9086,103.4986201,Daerah: Johor<br>No:4799<br>Hex coord:(76;65),n/a,0,0,0,0,0,0,1,2023-05-31T20:51:39.8255325Z,0
1.90082,103.5121546,Daerah: Johor<br>No:4800<br>Hex coord:(77;65),n/a,0,0,0,0,0,0,1,2023-05-31T20:51:40.4786770Z,0
1.9086,103.525689,Daerah: Johor<br>No:4801<br>Hex coord:(78;65),n/a,0,0,0,0,0,0,1,2023-05-31T20:51:41.1332474Z,0
1.90082,103.5392235,Daerah: Johor<br>No:4802<br>Hex coord:(79;65),n/a,0,0,0,0,0,0,1,2023-05-31T20:51:41.7939739Z,0
1.9086,103.552758,Daerah: Johor<br>No:4803<br>Hex coord:(80;65),n/a,0,0,0,0,0,0,1,2023-05-31T20:51:42.4514222Z,0
1.90082,103.5662925,Daerah: Johor<br>No:4804<br>Hex coord:(81;65),n/a,0,0,0,0,0,0,1,2023-05-31T20:51:43.1048704Z,0
1.9086,103.5798269,Daerah: Johor<br>No:4805<br>Hex coord:(82;65),n/a,0,0,0,0,0,0,1,2023-05-31T20:51:43.7551876Z,0
1.90082,103.5933614,Daerah: Johor<br>No:4806<br>Hex coord:(83;65),n/a,0,0,0,0,0,0,1,2023-05-31T20:51:44.4107601Z,0
1.9086,103.6068959,Daerah: Johor<br>No:4807<br>Hex coord:(84;65),n/a,0,0,0,0,0,0,1,2023-05-31T20:51:45.0634798Z,0
1.90082,103.6204304,Daerah: Johor<br>No:4808<br>Hex coord:(85;65),n/a,0,0,0,0,0,0,1,2023-05-31T20:51:45.7177725Z,0
1.9086,103.6339648,Daerah: Johor<br>No:4809<br>Hex coord:(86;65),n/a,0,0,0,0,0,0,1,2023-05-31T20:51:46.3716005Z,0
1.90082,103.6474993,Daerah: Johor<br>No:4810<br>Hex coord:(87;65),n/a,0,0,0,0,0,0,1,2023-05-31T20:51:47.0269853Z,0
1.9086,103.6610338,Daerah: Johor<br>No:4811<br>Hex coord:(88;65),n/a,0,0,0,0,0,0,1,2023-05-31T20:51:47.6845798Z,0
1.90082,103.6745683,Daerah: Johor<br>No:4812<br>Hex coord:(89;65),n/a,0,0,0,0,0,0,1,2023-05-31T20:51:48.3402565Z,0
1.9086,103.6881027,Daerah: Johor<br>No:4813<br>Hex coord:(90;65),n/a,0,0,0,0,0,0,1,2023-05-31T20:51:48.9893808Z,0
1.90082,103.7016372,Daerah: Johor<br>No:4814<br>Hex coord:(91;65),n/a,0,0,0,0,0,0,1,2023-05-31T20:51:49.6471822Z,0
1.9086,103.7151717,Daerah: Johor<br>No:4815<br>Hex coord:(92;65),n/a,0,0,0,0,0,0,1,2023-05-31T20:51:50.3059547Z,0
1.90082,103.7287062,Daerah: Johor<br>No:4816<br>Hex coord:(93;65),n/a,0,0,0,0,0,0,1,2023-05-31T20:51:50.9769618Z,0
1.9086,103.7422406,Daerah: Johor<br>No:4817<br>Hex coord:(94;65),n/a,0,0,0,0,0,0,1,2023-05-31T20:51:51.6276327Z,0
1.90082,103.7557751,Daerah: Johor<br>No:4818<br>Hex coord:(95;65),n/a,0,0,0,0,0,0,1,2023-05-31T20:51:52.2802819Z,0
1.9086,103.7693096,Daerah: Johor<br>No:4819<br>Hex coord:(96;65),n/a,0,0,0,0,0,0,1,2023-05-31T20:51:52.9348438Z,0
1.90082,103.7828441,Daerah: Johor<br>No:4820<br>Hex coord:(97;65),n/a,0,0,0,0,0,0,1,2023-05-31T20:51:53.5850940Z,0
1.9086,103.7963785,Daerah: Johor<br>No:4821<br>Hex coord:(98;65),n/a,0,0,0,0,0,0,1,2023-05-31T20:52:30.2814592Z,0
1.90082,103.809913,Daerah: Johor<br>No:4822<br>Hex coord:(99;65),n/a,0,0,0,0,0,0,1,2023-05-31T20:52:30.9282499Z,0
1.9086,103.8234475,Daerah: Johor<br>No:4823<br>Hex coord:(100;65),n/a,0,0,0,0,0,0,1,2023-05-31T20:52:31.5812272Z,0
1.90082,103.836982,Daerah: Johor<br>No:4824<br>Hex coord:(101;65),n/a,0,0,0,0,0,0,1,2023-05-31T20:52:32.2761822Z,0
1.9086,103.8505164,Daerah: Johor<br>No:4825<br>Hex coord:(102;65),n/a,0,0,0,0,0,0,1,2023-05-31T20:52:32.9480809Z,0
1.90082,103.8640509,Daerah: Johor<br>No:4826<br>Hex coord:(103;65),n/a,0,0,0,0,0,0,1,2023-05-31T20:52:33.6119100Z,0
1.9086,103.8775854,Daerah: Johor<br>No:4827<br>Hex coord:(104;65),n/a,0,0,0,0,0,0,1,2023-05-31T20:52:34.2694061Z,0
1.90082,103.8911199,Daerah: Johor<br>No:4828<br>Hex coord:(105;65),n/a,0,0,0,0,0,0,1,2023-05-31T20:52:34.9222893Z,0
1.9086,103.9046543,Daerah: Johor<br>No:4829<br>Hex coord:(106;65),n/a,0,0,0,0,0,0,1,2023-05-31T20:52:35.5691910Z,0
1.90082,103.9181888,Daerah: Johor<br>No:4830<br>Hex coord:(107;65),n/a,0,0,0,0,0,0,1,2023-05-31T20:52:36.2186487Z,0
1.9086,103.9317233,Daerah: Johor<br>No:4831<br>Hex coord:(108;65),n/a,0,0,0,0,0,0,1,2023-05-31T20:52:36.8739778Z,0
1.90082,103.9452578,Daerah: Johor<br>No:4832<br>Hex coord:(109;65),n/a,0,0,0,0,0,0,1,2023-05-31T20:52:37.5340541Z,0
1.9086,103.9587922,Daerah: Johor<br>No:4833<br>Hex coord:(110;65),n/a,0,0,0,0,0,0,1,2023-05-31T20:52:38.1883608Z,0
1.90082,103.9723267,Daerah: Johor<br>No:4834<br>Hex coord:(111;65),n/a,0,0,0,0,0,0,1,2023-05-31T20:52:38.8417159Z,0
1.9086,103.9858612,Daerah: Johor<br>No:4835<br>Hex coord:(112;65),n/a,0,0,0,0,0,0,1,2023-05-31T20:52:39.4968474Z,0
1.90082,103.9993957,Daerah: Johor<br>No:4836<br>Hex coord:(113;65),n/a,0,0,0,0,0,0,1,2023-05-31T20:52:40.1495965Z,0
1.9086,104.0129301,Daerah: Johor<br>No:4837<br>Hex coord:(114;65),n/a,0,0,0,0,0,0,1,2023-05-31T20:52:40.8059102Z,0
1.90082,104.0264646,Daerah: Johor<br>No:4838<br>Hex coord:(115;65),n/a,0,0,0,0,0,0,1,2023-05-31T20:52:41.4616776Z,0
1.9086,104.0399991,Daerah: Johor<br>No:4839<br>Hex coord:(116;65),n/a,0,0,0,0,0,0,1,2023-05-31T20:52:42.1190286Z,0
1.90082,104.0535336,Daerah: Johor<br>No:4840<br>Hex coord:(117;65),n/a,0,0,0,0,0,0,1,2023-05-31T20:52:42.7781691Z,0
1.9086,104.067068,Daerah: Johor<br>No:4841<br>Hex coord:(118;65),n/a,0,0,0,0,0,0,1,2023-05-31T20:52:43.4345363Z,0
1.90082,104.0806025,Daerah: Johor<br>No:4842<br>Hex coord:(119;65),n/a,0,0,0,0,0,0,1,2023-05-31T20:52:44.0909313Z,0
1.9086,104.094137,Daerah: Johor<br>No:4843<br>Hex coord:(120;65),n/a,0,0,0,0,0,0,1,2023-05-31T20:52:44.7496669Z,0
1.89304,102.6865516,Daerah: Johor<br>No:4844<br>Hex coord:(16;66),n/a,0,0,0,0,0,0,1,2023-05-31T20:52:45.4195022Z,0
1.88526,102.7000861,Daerah: Johor<br>No:4845<br>Hex coord:(17;66),n/a,0,0,0,0,0,0,1,2023-05-31T20:52:46.0761138Z,0
1.89304,102.7136205,Daerah: Johor<br>No:4846<br>Hex coord:(18;66),n/a,0,0,0,0,0,0,1,2023-05-31T20:52:46.7293054Z,0
1.88526,102.727155,Daerah: Johor<br>No:4847<br>Hex coord:(19;66),n/a,0,0,0,0,0,0,1,2023-05-31T20:52:47.3820991Z,0
1.89304,102.7406895,Daerah: Johor<br>No:4848<br>Hex coord:(20;66),n/a,0,0,0,0,0,0,1,2023-05-31T20:52:48.0373702Z,0
1.88526,102.754224,Daerah: Johor<br>No:4849<br>Hex coord:(21;66),n/a,0,0,0,0,0,1,1,2023-05-31T20:52:48.6905489Z,0
1.89304,102.7677584,Daerah: Johor<br>No:4850<br>Hex coord:(22;66),n/a,0,0,0,0,0,1,1,2023-05-31T20:52:49.3492809Z,0
1.88526,102.7812929,Daerah: Johor<br>No:4851<br>Hex coord:(23;66),n/a,0,0,0,0,0,1,1,2023-05-31T20:52:50.0097705Z,0
1.89304,102.7948274,Daerah: Johor<br>No:4852<br>Hex coord:(24;66),n/a,0,0,0,0,0,1,1,2023-05-31T20:52:50.6647865Z,0
1.88526,102.8083619,Daerah: Johor<br>No:4853<br>Hex coord:(25;66),n/a,0,0,0,0,0,1,1,2023-05-31T20:52:51.3139171Z,0
1.89304,102.8218963,Daerah: Johor<br>No:4854<br>Hex coord:(26;66),n/a,0,0,0,0,0,1,1,2023-05-31T20:52:51.9657858Z,0
1.88526,102.8354308,Daerah: Johor<br>No:4855<br>Hex coord:(27;66),n/a,0,0,0,0,0,0,1,2023-05-31T20:52:52.6091114Z,0
1.89304,102.8489653,Daerah: Johor<br>No:4856<br>Hex coord:(28;66),n/a,0,0,0,0,0,0,1,2023-05-31T20:52:53.2586596Z,0
1.88526,102.8624998,Daerah: Johor<br>No:4857<br>Hex coord:(29;66),n/a,0,0,0,0,0,0,1,2023-05-31T20:52:53.9258361Z,0
1.89304,102.8760342,Daerah: Johor<br>No:4858<br>Hex coord:(30;66),n/a,0,0,0,0,0,0,1,2023-05-31T20:52:54.5893938Z,0
1.88526,102.8895687,Daerah: Johor<br>No:4859<br>Hex coord:(31;66),n/a,0,0,0,0,0,0,1,2023-05-31T20:52:55.2448917Z,0
1.89304,102.9031032,Daerah: Johor<br>No:4860<br>Hex coord:(32;66),n/a,0,0,0,0,0,0,1,2023-05-31T20:52:55.9038306Z,0
1.88526,102.9166377,Daerah: Johor<br>No:4861<br>Hex coord:(33;66),n/a,0,0,0,0,0,0,1,2023-05-31T20:52:56.5711249Z,0
1.89304,102.9301721,Daerah: Johor<br>No:4862<br>Hex coord:(34;66),n/a,0,0,0,0,0,0,1,2023-05-31T20:52:57.2405553Z,0
1.88526,102.9437066,Daerah: Johor<br>No:4863<br>Hex coord:(35;66),n/a,1,0,0,0,0,1,1,2023-05-31T20:52:57.9129777Z,1
1.89304,102.9572411,Daerah: Johor<br>No:4864<br>Hex coord:(36;66),n/a,0,0,0,0,0,1,1,2023-05-31T20:52:58.5752107Z,0
1.88526,102.9707756,Daerah: Johor<br>No:4865<br>Hex coord:(37;66),n/a,0,0,0,0,0,1,1,2023-05-31T20:52:59.2540849Z,0
1.89304,102.98431,Daerah: Johor<br>No:4866<br>Hex coord:(38;66),n/a,0,0,0,0,0,1,1,2023-05-31T20:52:59.9131744Z,0
1.88526,102.9978445,Daerah: Johor<br>No:4867<br>Hex coord:(39;66),n/a,0,0,0,0,0,1,1,2023-05-31T20:53:00.5709175Z,0
1.89304,103.011379,Daerah: Johor<br>No:4868<br>Hex coord:(40;66),n/a,0,0,0,0,0,1,1,2023-05-31T20:53:01.3192216Z,0
1.88526,103.0249135,Daerah: Johor<br>No:4869<br>Hex coord:(41;66),n/a,0,0,0,0,0,0,1,2023-05-31T20:53:01.9742286Z,0
1.89304,103.0384479,Daerah: Johor<br>No:4870<br>Hex coord:(42;66),n/a,0,0,0,0,0,0,1,2023-05-31T20:53:02.6307841Z,0
1.88526,103.0519824,Daerah: Johor<br>No:4871<br>Hex coord:(43;66),n/a,0,0,0,0,0,0,1,2023-05-31T20:53:03.2852332Z,0
1.89304,103.0655169,Daerah: Johor<br>No:4872<br>Hex coord:(44;66),n/a,0,0,0,0,0,0,1,2023-05-31T20:53:03.9529458Z,0
1.88526,103.0790514,Daerah: Johor<br>No:4873<br>Hex coord:(45;66),n/a,0,0,0,0,0,0,1,2023-05-31T20:53:04.6046436Z,0
1.89304,103.0925858,Daerah: Johor<br>No:4874<br>Hex coord:(46;66),n/a,0,0,0,0,0,0,1,2023-05-31T20:53:05.2797295Z,0
1.88526,103.1061203,Daerah: Johor<br>No:4875<br>Hex coord:(47;66),n/a,0,0,0,0,0,0,1,2023-05-31T20:53:05.9443415Z,0
1.89304,103.1196548,Daerah: Johor<br>No:4876<br>Hex coord:(48;66),n/a,0,0,0,0,0,0,1,2023-05-31T20:53:06.6024519Z,0
1.88526,103.1331893,Daerah: Johor<br>No:4877<br>Hex coord:(49;66),n/a,0,0,0,0,0,0,1,2023-05-31T20:53:07.2564714Z,0
1.89304,103.1467237,Daerah: Johor<br>No:4878<br>Hex coord:(50;66),n/a,0,0,0,0,0,0,1,2023-05-31T20:53:07.9129345Z,0
1.88526,103.1602582,Daerah: Johor<br>No:4879<br>Hex coord:(51;66),n/a,0,0,0,0,0,0,1,2023-05-31T20:53:08.5789953Z,0
1.89304,103.1737927,Daerah: Johor<br>No:4880<br>Hex coord:(52;66),n/a,0,0,0,0,0,0,1,2023-05-31T20:53:09.2438726Z,0
1.88526,103.1873272,Daerah: Johor<br>No:4881<br>Hex coord:(53;66),n/a,0,0,0,0,0,0,1,2023-05-31T20:53:09.9067719Z,0
1.89304,103.2008616,Daerah: Johor<br>No:4882<br>Hex coord:(54;66),n/a,0,0,0,0,0,0,1,2023-05-31T20:53:10.5594508Z,0
1.88526,103.2143961,Daerah: Johor<br>No:4883<br>Hex coord:(55;66),n/a,0,0,0,0,0,0,1,2023-05-31T20:53:11.2198373Z,0
1.89304,103.2279306,Daerah: Johor<br>No:4884<br>Hex coord:(56;66),n/a,0,0,0,0,0,0,1,2023-05-31T20:53:11.8807297Z,0
1.88526,103.2414651,Daerah: Johor<br>No:4885<br>Hex coord:(57;66),n/a,0,0,0,0,0,0,1,2023-05-31T20:53:12.5305075Z,0
1.89304,103.2549995,Daerah: Johor<br>No:4886<br>Hex coord:(58;66),n/a,0,0,0,0,0,0,1,2023-05-31T20:53:13.1879995Z,0
1.88526,103.268534,Daerah: Johor<br>No:4887<br>Hex coord:(59;66),n/a,0,0,0,0,0,0,1,2023-05-31T20:53:13.8376551Z,0
1.89304,103.2820685,Daerah: Johor<br>No:4888<br>Hex coord:(60;66),n/a,0,0,0,0,0,0,1,2023-05-31T20:53:14.4914616Z,0
1.88526,103.295603,Daerah: Johor<br>No:4889<br>Hex coord:(61;66),n/a,0,0,0,0,0,0,1,2023-05-31T20:53:15.1633158Z,0
1.89304,103.3091374,Daerah: Johor<br>No:4890<br>Hex coord:(62;66),n/a,0,0,0,0,0,0,1,2023-05-31T20:53:15.8142218Z,0
1.88526,103.3226719,Daerah: Johor<br>No:4891<br>Hex coord:(63;66),n/a,0,0,0,0,0,0,1,2023-05-31T20:53:16.4732343Z,0
1.89304,103.3362064,Daerah: Johor<br>No:4892<br>Hex coord:(64;66),n/a,0,0,0,0,0,0,1,2023-05-31T20:53:17.1199075Z,0
1.88526,103.3497409,Daerah: Johor<br>No:4893<br>Hex coord:(65;66),n/a,0,0,0,0,0,0,1,2023-05-31T20:53:17.7836594Z,0
1.89304,103.3632753,Daerah: Johor<br>No:4894<br>Hex coord:(66;66),n/a,0,0,0,0,0,0,1,2023-05-31T20:53:18.4377835Z,0
1.88526,103.3768098,Daerah: Johor<br>No:4895<br>Hex coord:(67;66),n/a,0,0,0,0,0,0,1,2023-05-31T20:53:19.0965277Z,0
1.89304,103.3903443,Daerah: Johor<br>No:4896<br>Hex coord:(68;66),n/a,0,0,0,0,0,0,1,2023-05-31T20:53:19.7591864Z,0
1.88526,103.4038788,Daerah: Johor<br>No:4897<br>Hex coord:(69;66),n/a,1,0,0,0,0,0,1,2023-05-31T20:53:20.4252064Z,0
1.89304,103.4174132,Daerah: Johor<br>No:4898<br>Hex coord:(70;66),n/a,0,0,0,0,0,0,1,2023-05-31T20:53:21.0817643Z,0
1.88526,103.4309477,Daerah: Johor<br>No:4899<br>Hex coord:(71;66),n/a,0,0,0,0,0,0,1,2023-05-31T20:53:21.7309062Z,0
1.89304,103.4444822,Daerah: Johor<br>No:4900<br>Hex coord:(72;66),n/a,0,0,0,0,0,0,1,2023-05-31T20:53:22.3911681Z,0
1.88526,103.4580167,Daerah: Johor<br>No:4901<br>Hex coord:(73;66),n/a,0,0,0,0,0,0,1,2023-05-31T20:53:23.0386259Z,0
1.89304,103.4715511,Daerah: Johor<br>No:4902<br>Hex coord:(74;66),n/a,0,0,0,0,0,0,1,2023-05-31T20:53:23.6970782Z,0
1.88526,103.4850856,Daerah: Johor<br>No:4903<br>Hex coord:(75;66),n/a,0,0,0,0,0,0,1,2023-05-31T20:53:24.3640829Z,0
1.89304,103.4986201,Daerah: Johor<br>No:4904<br>Hex coord:(76;66),n/a,0,0,0,0,0,0,1,2023-05-31T20:53:25.0171621Z,0
1.88526,103.5121546,Daerah: Johor<br>No:4905<br>Hex coord:(77;66),n/a,0,0,0,0,0,0,1,2023-05-31T20:53:25.6750942Z,0
1.89304,103.525689,Daerah: Johor<br>No:4906<br>Hex coord:(78;66),n/a,0,0,0,0,0,0,1,2023-05-31T20:53:26.3413609Z,0
1.88526,103.5392235,Daerah: Johor<br>No:4907<br>Hex coord:(79;66),n/a,0,0,0,0,0,0,1,2023-05-31T20:53:26.9962613Z,0
1.89304,103.552758,Daerah: Johor<br>No:4908<br>Hex coord:(80;66),n/a,0,0,0,0,0,0,1,2023-05-31T20:53:27.6469776Z,0
1.88526,103.5662925,Daerah: Johor<br>No:4909<br>Hex coord:(81;66),n/a,0,0,0,0,0,0,1,2023-05-31T20:53:28.3059248Z,0
1.89304,103.5798269,Daerah: Johor<br>No:4910<br>Hex coord:(82;66),n/a,0,0,0,0,0,0,1,2023-05-31T20:53:28.9849127Z,0
1.88526,103.5933614,Daerah: Johor<br>No:4911<br>Hex coord:(83;66),n/a,0,0,0,0,0,0,1,2023-05-31T20:53:29.6322663Z,0
1.89304,103.6068959,Daerah: Johor<br>No:4912<br>Hex coord:(84;66),n/a,0,0,0,0,0,0,1,2023-05-31T20:53:30.2947876Z,0
1.88526,103.6204304,Daerah: Johor<br>No:4913<br>Hex coord:(85;66),n/a,0,0,0,0,0,0,1,2023-05-31T20:53:30.9488489Z,0
1.89304,103.6339648,Daerah: Johor<br>No:4914<br>Hex coord:(86;66),n/a,0,0,0,0,0,0,1,2023-05-31T20:53:31.6145950Z,0
1.88526,103.6474993,Daerah: Johor<br>No:4915<br>Hex coord:(87;66),n/a,0,0,0,0,0,0,1,2023-05-31T20:53:32.2784473Z,0
1.89304,103.6610338,Daerah: Johor<br>No:4916<br>Hex coord:(88;66),n/a,0,0,0,0,0,0,1,2023-05-31T20:53:32.9314399Z,0
1.88526,103.6745683,Daerah: Johor<br>No:4917<br>Hex coord:(89;66),n/a,0,0,0,0,0,0,1,2023-05-31T20:53:33.5867716Z,0
1.89304,103.6881027,Daerah: Johor<br>No:4918<br>Hex coord:(90;66),n/a,0,0,0,0,0,0,1,2023-05-31T20:53:34.2409969Z,0
1.88526,103.7016372,Daerah: Johor<br>No:4919<br>Hex coord:(91;66),n/a,0,0,0,0,0,0,1,2023-05-31T20:53:34.8877677Z,0
1.89304,103.7151717,Daerah: Johor<br>No:4920<br>Hex coord:(92;66),n/a,0,0,0,0,0,0,1,2023-05-31T20:53:35.5479659Z,0
1.88526,103.7287062,Daerah: Johor<br>No:4921<br>Hex coord:(93;66),n/a,0,0,0,0,0,0,1,2023-05-31T20:53:36.1986387Z,0
1.89304,103.7422406,Daerah: Johor<br>No:4922<br>Hex coord:(94;66),n/a,0,0,0,0,0,0,1,2023-05-31T20:53:36.8661907Z,0
1.88526,103.7557751,Daerah: Johor<br>No:4923<br>Hex coord:(95;66),n/a,0,0,0,0,0,0,1,2023-05-31T20:53:37.5185441Z,0
1.89304,103.7693096,Daerah: Johor<br>No:4924<br>Hex coord:(96;66),n/a,0,0,0,0,0,0,1,2023-05-31T20:53:38.1741914Z,0
1.88526,103.7828441,Daerah: Johor<br>No:4925<br>Hex coord:(97;66),n/a,0,0,0,0,0,0,1,2023-05-31T20:53:38.8258073Z,0
1.89304,103.7963785,Daerah: Johor<br>No:4926<br>Hex coord:(98;66),n/a,0,0,0,0,0,0,1,2023-05-31T20:53:39.4954012Z,0
1.88526,103.809913,Daerah: Johor<br>No:4927<br>Hex coord:(99;66),n/a,0,0,0,0,0,0,1,2023-05-31T20:53:40.1567083Z,0
1.89304,103.8234475,Daerah: Johor<br>No:4928<br>Hex coord:(100;66),n/a,0,0,0,0,0,0,1,2023-05-31T20:53:40.8134841Z,0
1.88526,103.836982,Daerah: Johor<br>No:4929<br>Hex coord:(101;66),n/a,0,0,0,0,0,0,1,2023-05-31T20:53:41.4722487Z,0
1.89304,103.8505164,Daerah: Johor<br>No:4930<br>Hex coord:(102;66),n/a,0,0,0,0,0,0,1,2023-05-31T20:53:42.1274426Z,0
1.88526,103.8640509,Daerah: Johor<br>No:4931<br>Hex coord:(103;66),n/a,0,0,0,0,0,0,1,2023-05-31T20:53:42.7791788Z,0
1.89304,103.8775854,Daerah: Johor<br>No:4932<br>Hex coord:(104;66),n/a,0,0,0,0,0,0,1,2023-05-31T20:53:43.4381654Z,0
1.88526,103.8911199,Daerah: Johor<br>No:4933<br>Hex coord:(105;66),n/a,0,0,0,0,0,0,1,2023-05-31T20:53:44.0961736Z,0
1.89304,103.9046543,Daerah: Johor<br>No:4934<br>Hex coord:(106;66),n/a,0,0,0,0,0,0,1,2023-05-31T20:53:44.7451814Z,0
1.88526,103.9181888,Daerah: Johor<br>No:4935<br>Hex coord:(107;66),n/a,0,0,0,0,0,0,1,2023-05-31T20:53:45.4080742Z,0
1.89304,103.9317233,Daerah: Johor<br>No:4936<br>Hex coord:(108;66),n/a,0,0,0,0,0,0,1,2023-05-31T20:53:46.0574538Z,0
1.88526,103.9452578,Daerah: Johor<br>No:4937<br>Hex coord:(109;66),n/a,0,0,0,0,0,0,1,2023-05-31T20:53:46.7161273Z,0
1.89304,103.9587922,Daerah: Johor<br>No:4938<br>Hex coord:(110;66),n/a,0,0,0,0,0,0,1,2023-05-31T20:53:47.3821662Z,0
1.88526,103.9723267,Daerah: Johor<br>No:4939<br>Hex coord:(111;66),n/a,0,0,0,0,0,0,1,2023-05-31T20:53:48.0388381Z,0
1.89304,103.9858612,Daerah: Johor<br>No:4940<br>Hex coord:(112;66),n/a,0,0,0,0,0,0,1,2023-05-31T20:53:48.7051206Z,0
1.88526,103.9993957,Daerah: Johor<br>No:4941<br>Hex coord:(113;66),n/a,0,0,0,0,0,0,1,2023-05-31T20:53:49.3615998Z,0
1.89304,104.0129301,Daerah: Johor<br>No:4942<br>Hex coord:(114;66),n/a,0,0,0,0,0,0,1,2023-05-31T20:53:50.0105478Z,0
1.88526,104.0264646,Daerah: Johor<br>No:4943<br>Hex coord:(115;66),n/a,0,0,0,0,0,0,1,2023-05-31T20:53:50.6695617Z,0
1.89304,104.0399991,Daerah: Johor<br>No:4944<br>Hex coord:(116;66),n/a,0,0,0,0,0,0,1,2023-05-31T20:53:51.3209193Z,0
1.88526,104.0535336,Daerah: Johor<br>No:4945<br>Hex coord:(117;66),n/a,0,0,0,0,0,0,1,2023-05-31T20:53:51.9764280Z,0
1.89304,104.067068,Daerah: Johor<br>No:4946<br>Hex coord:(118;66),n/a,0,0,0,0,0,0,1,2023-05-31T20:53:52.6365920Z,0
1.88526,104.0806025,Daerah: Johor<br>No:4947<br>Hex coord:(119;66),n/a,0,0,0,0,0,0,1,2023-05-31T20:53:53.2945940Z,0
1.89304,104.094137,Daerah: Johor<br>No:4948<br>Hex coord:(120;66),n/a,0,0,0,0,0,0,1,2023-05-31T20:53:53.9535062Z,0
1.87748,102.6865516,Daerah: Johor<br>No:4949<br>Hex coord:(16;67),n/a,0,0,0,0,0,0,1,2023-05-31T20:53:54.6074540Z,0
1.8697,102.7000861,Daerah: Johor<br>No:4950<br>Hex coord:(17;67),n/a,0,0,0,0,0,0,1,2023-05-31T20:53:55.2708477Z,0
1.87748,102.7136205,Daerah: Johor<br>No:4951<br>Hex coord:(18;67),n/a,0,0,0,0,0,0,1,2023-05-31T20:53:55.9247814Z,0
1.8697,102.727155,Daerah: Johor<br>No:4952<br>Hex coord:(19;67),n/a,0,0,0,0,0,0,1,2023-05-31T20:53:56.5793083Z,1
1.87748,102.7406895,Daerah: Johor<br>No:4953<br>Hex coord:(20;67),n/a,0,0,0,0,0,0,1,2023-05-31T20:53:57.2381967Z,0
1.8697,102.754224,Daerah: Johor<br>No:4954<br>Hex coord:(21;67),n/a,0,0,0,0,0,1,1,2023-05-31T20:53:57.8900499Z,0
1.87748,102.7677584,Daerah: Johor<br>No:4955<br>Hex coord:(22;67),n/a,0,0,0,0,0,1,1,2023-05-31T20:53:58.5416388Z,0
1.8697,102.7812929,Daerah: Johor<br>No:4956<br>Hex coord:(23;67),n/a,0,0,0,0,0,1,1,2023-05-31T20:53:59.2091197Z,1
1.87748,102.7948274,Daerah: Johor<br>No:4957<br>Hex coord:(24;67),n/a,0,0,0,0,0,1,1,2023-05-31T20:53:59.8625609Z,0
1.8697,102.8083619,Daerah: Johor<br>No:4958<br>Hex coord:(25;67),n/a,0,0,0,0,0,1,1,2023-05-31T20:54:00.5270376Z,0
1.87748,102.8218963,Daerah: Johor<br>No:4959<br>Hex coord:(26;67),n/a,0,0,0,0,0,1,1,2023-05-31T20:54:01.1850811Z,0
1.8697,102.8354308,Daerah: Johor<br>No:4960<br>Hex coord:(27;67),n/a,0,0,0,0,0,0,1,2023-05-31T20:54:01.8591912Z,0
1.87748,102.8489653,Daerah: Johor<br>No:4961<br>Hex coord:(28;67),n/a,0,0,0,0,0,0,1,2023-05-31T20:54:02.5406979Z,0
1.8697,102.8624998,Daerah: Johor<br>No:4962<br>Hex coord:(29;67),n/a,0,0,0,0,0,0,1,2023-05-31T20:54:03.1971361Z,0
1.87748,102.8760342,Daerah: Johor<br>No:4963<br>Hex coord:(30;67),n/a,0,0,0,0,0,0,1,2023-05-31T20:54:03.8738337Z,0
1.8697,102.8895687,Daerah: Johor<br>No:4964<br>Hex coord:(31;67),n/a,0,0,0,0,0,0,1,2023-05-31T20:54:04.5435550Z,0
1.87748,102.9031032,Daerah: Johor<br>No:4965<br>Hex coord:(32;67),n/a,0,0,0,0,0,0,1,2023-05-31T20:54:05.2741272Z,0
1.8697,102.9166377,Daerah: Johor<br>No:4966<br>Hex coord:(33;67),n/a,0,0,0,0,0,0,1,2023-05-31T20:54:05.9460165Z,0
1.87748,102.9301721,Daerah: Johor<br>No:4967<br>Hex coord:(34;67),n/a,0,0,0,0,0,0,1,2023-05-31T20:54:06.6141923Z,1
1.8697,102.9437066,Daerah: Johor<br>No:4968<br>Hex coord:(35;67),n/a,0,0,0,0,0,1,1,2023-05-31T20:54:07.2976805Z,2
1.87748,102.9572411,Daerah: Johor<br>No:4969<br>Hex coord:(36;67),n/a,0,0,0,0,0,1,1,2023-05-31T20:54:08.0353892Z,3
1.8697,102.9707756,Daerah: Johor<br>No:4970<br>Hex coord:(37;67),n/a,0,0,0,0,0,1,1,2023-05-31T20:54:08.7250524Z,1
1.87748,102.98431,Daerah: Johor<br>No:4971<br>Hex coord:(38;67),n/a,0,0,0,0,0,1,1,2023-05-31T20:54:09.3803760Z,1
1.8697,102.9978445,Daerah: Johor<br>No:4972<br>Hex coord:(39;67),n/a,0,0,0,0,0,1,1,2023-05-31T20:54:10.0414709Z,0
1.87748,103.011379,Daerah: Johor<br>No:4973<br>Hex coord:(40;67),n/a,0,0,0,0,0,1,1,2023-05-31T20:54:10.6940480Z,0
1.8697,103.0249135,Daerah: Johor<br>No:4974<br>Hex coord:(41;67),n/a,0,0,0,0,0,0,1,2023-05-31T20:54:11.3485581Z,0
1.87748,103.0384479,Daerah: Johor<br>No:4975<br>Hex coord:(42;67),n/a,0,0,0,0,0,0,1,2023-05-31T20:54:12.0066036Z,0
1.8697,103.0519824,Daerah: Johor<br>No:4976<br>Hex coord:(43;67),n/a,0,0,0,0,0,0,1,2023-05-31T20:54:12.6684233Z,0
1.87748,103.0655169,Daerah: Johor<br>No:4977<br>Hex coord:(44;67),n/a,0,0,0,0,0,0,1,2023-05-31T20:54:13.3296486Z,0
1.8697,103.0790514,Daerah: Johor<br>No:4978<br>Hex coord:(45;67),n/a,0,0,0,0,0,0,1,2023-05-31T20:54:13.9766020Z,0
1.87748,103.0925858,Daerah: Johor<br>No:4979<br>Hex coord:(46;67),n/a,0,0,0,0,0,0,1,2023-05-31T20:54:14.6273521Z,0
1.8697,103.1061203,Daerah: Johor<br>No:4980<br>Hex coord:(47;67),n/a,0,0,0,0,0,0,1,2023-05-31T20:54:15.2861866Z,1
1.87748,103.1196548,Daerah: Johor<br>No:4981<br>Hex coord:(48;67),n/a,0,0,0,0,0,0,1,2023-05-31T20:54:15.9380230Z,0
1.8697,103.1331893,Daerah: Johor<br>No:4982<br>Hex coord:(49;67),n/a,0,0,0,0,0,0,1,2023-05-31T20:54:16.5884847Z,0
1.87748,103.1467237,Daerah: Johor<br>No:4983<br>Hex coord:(50;67),n/a,0,0,0,0,0,0,1,2023-05-31T20:54:17.2579075Z,0
1.8697,103.1602582,Daerah: Johor<br>No:4984<br>Hex coord:(51;67),n/a,0,0,0,0,0,0,1,2023-05-31T20:54:17.9108911Z,0
1.87748,103.1737927,Daerah: Johor<br>No:4985<br>Hex coord:(52;67),n/a,0,0,0,0,0,0,1,2023-05-31T20:54:18.5676850Z,0
1.8697,103.1873272,Daerah: Johor<br>No:4986<br>Hex coord:(53;67),n/a,0,0,0,0,0,0,1,2023-05-31T20:54:19.2266183Z,0
1.87748,103.2008616,Daerah: Johor<br>No:4987<br>Hex coord:(54;67),n/a,0,0,0,0,0,0,1,2023-05-31T20:54:19.8817037Z,0
1.8697,103.2143961,Daerah: Johor<br>No:4988<br>Hex coord:(55;67),n/a,0,0,0,0,0,0,1,2023-05-31T20:54:20.5359395Z,0
1.87748,103.2279306,Daerah: Johor<br>No:4989<br>Hex coord:(56;67),n/a,0,0,0,0,0,0,1,2023-05-31T20:54:21.1971432Z,0
1.8697,103.2414651,Daerah: Johor<br>No:4990<br>Hex coord:(57;67),n/a,0,0,0,0,0,0,1,2023-05-31T20:54:21.8599477Z,0
1.87748,103.2549995,Daerah: Johor<br>No:4991<br>Hex coord:(58;67),n/a,0,0,0,0,0,0,1,2023-05-31T20:54:22.5198145Z,0
1.8697,103.268534,Daerah: Johor<br>No:4992<br>Hex coord:(59;67),n/a,0,0,0,0,0,0,1,2023-05-31T20:54:25.0981702Z,0
1.87748,103.2820685,Daerah: Johor<br>No:4993<br>Hex coord:(60;67),n/a,0,0,0,0,0,0,1,2023-05-31T20:54:25.7570738Z,0
1.8697,103.295603,Daerah: Johor<br>No:4994<br>Hex coord:(61;67),n/a,0,0,0,0,0,0,1,2023-05-31T20:54:26.4149717Z,0
1.87748,103.3091374,Daerah: Johor<br>No:4995<br>Hex coord:(62;67),n/a,0,0,0,0,0,0,1,2023-05-31T20:54:27.0832141Z,0
1.8697,103.3226719,Daerah: Johor<br>No:4996<br>Hex coord:(63;67),n/a,0,0,0,0,0,0,1,2023-05-31T20:54:27.7362481Z,0
1.87748,103.3362064,Daerah: Johor<br>No:4997<br>Hex coord:(64;67),n/a,0,0,0,0,0,0,1,2023-05-31T20:54:28.3898331Z,0
1.8697,103.3497409,Daerah: Johor<br>No:4998<br>Hex coord:(65;67),n/a,0,0,0,0,0,0,1,2023-05-31T20:54:29.0448883Z,0
1.87748,103.3632753,Daerah: Johor<br>No:4999<br>Hex coord:(66;67),n/a,0,0,0,0,0,0,1,2023-05-31T20:54:29.6972378Z,0
1.8697,103.3768098,Daerah: Johor<br>No:5000<br>Hex coord:(67;67),n/a,0,0,0,0,0,0,1,2023-05-31T20:54:30.3654806Z,0
1.87748,103.3903443,Daerah: Johor<br>No:5001<br>Hex coord:(68;67),n/a,0,0,0,0,0,0,1,2023-05-31T20:54:31.0392134Z,0
1.8697,103.4038788,Daerah: Johor<br>No:5002<br>Hex coord:(69;67),n/a,1,0,0,0,0,0,1,2023-05-31T20:54:31.7063764Z,0
1.87748,103.4174132,Daerah: Johor<br>No:5003<br>Hex coord:(70;67),n/a,0,0,0,0,0,0,1,2023-05-31T20:54:32.3536703Z,0
1.8697,103.4309477,Daerah: Johor<br>No:5004<br>Hex coord:(71;67),n/a,0,0,0,0,0,0,1,2023-05-31T20:54:33.0137569Z,0
1.87748,103.4444822,Daerah: Johor<br>No:5005<br>Hex coord:(72;67),n/a,0,0,0,0,0,0,1,2023-05-31T20:54:33.6619089Z,0
1.8697,103.4580167,Daerah: Johor<br>No:5006<br>Hex coord:(73;67),n/a,0,0,0,0,0,0,1,2023-05-31T20:54:34.3179152Z,0
1.87748,103.4715511,Daerah: Johor<br>No:5007<br>Hex coord:(74;67),n/a,0,0,0,0,0,0,1,2023-05-31T20:54:34.9806405Z,0
1.8697,103.4850856,Daerah: Johor<br>No:5008<br>Hex coord:(75;67),n/a,0,0,0,0,0,0,1,2023-05-31T20:54:35.6387240Z,0
1.87748,103.4986201,Daerah: Johor<br>No:5009<br>Hex coord:(76;67),n/a,0,0,0,0,0,0,1,2023-05-31T20:54:36.3224259Z,0
1.8697,103.5121546,Daerah: Johor<br>No:5010<br>Hex coord:(77;67),n/a,0,0,0,0,0,0,1,2023-05-31T20:54:36.9811388Z,0
1.87748,103.525689,Daerah: Johor<br>No:5011<br>Hex coord:(78;67),n/a,0,0,0,0,0,0,1,2023-05-31T20:54:37.6377975Z,0
1.8697,103.5392235,Daerah: Johor<br>No:5012<br>Hex coord:(79;67),n/a,0,0,0,0,0,0,1,2023-05-31T20:54:38.2990430Z,0
1.87748,103.552758,Daerah: Johor<br>No:5013<br>Hex coord:(80;67),n/a,0,0,0,0,0,0,1,2023-05-31T20:54:38.9553282Z,0
1.8697,103.5662925,Daerah: Johor<br>No:5014<br>Hex coord:(81;67),n/a,0,0,0,0,0,0,1,2023-05-31T20:54:39.6135386Z,0
1.87748,103.5798269,Daerah: Johor<br>No:5015<br>Hex coord:(82;67),n/a,0,0,0,0,0,0,1,2023-05-31T20:54:40.2641429Z,0
1.8697,103.5933614,Daerah: Johor<br>No:5016<br>Hex coord:(83;67),n/a,0,0,0,0,0,0,1,2023-05-31T20:54:40.9177747Z,0
1.87748,103.6068959,Daerah: Johor<br>No:5017<br>Hex coord:(84;67),n/a,0,0,0,0,0,0,1,2023-05-31T20:54:41.5738071Z,2
1.8697,103.6204304,Daerah: Johor<br>No:5018<br>Hex coord:(85;67),n/a,0,0,0,0,0,0,1,2023-05-31T20:54:42.2286342Z,1
1.87748,103.6339648,Daerah: Johor<br>No:5019<br>Hex coord:(86;67),n/a,0,0,0,0,0,0,1,2023-05-31T20:54:42.8826914Z,0
1.8697,103.6474993,Daerah: Johor<br>No:5020<br>Hex coord:(87;67),n/a,0,0,0,0,0,0,1,2023-05-31T20:54:43.5415906Z,0
1.87748,103.6610338,Daerah: Johor<br>No:5021<br>Hex coord:(88;67),n/a,0,0,0,0,0,0,1,2023-05-31T20:55:20.2294275Z,0
1.8697,103.6745683,Daerah: Johor<br>No:5022<br>Hex coord:(89;67),n/a,0,0,0,0,0,0,1,2023-05-31T20:55:20.8858995Z,0
1.87748,103.6881027,Daerah: Johor<br>No:5023<br>Hex coord:(90;67),n/a,0,0,0,0,0,0,1,2023-05-31T20:55:21.5661047Z,0
1.8697,103.7016372,Daerah: Johor<br>No:5024<br>Hex coord:(91;67),n/a,0,0,0,0,0,0,1,2023-05-31T20:55:22.2173826Z,0
1.87748,103.7151717,Daerah: Johor<br>No:5025<br>Hex coord:(92;67),n/a,0,0,0,0,0,0,1,2023-05-31T20:55:22.8721569Z,0
1.8697,103.7287062,Daerah: Johor<br>No:5026<br>Hex coord:(93;67),n/a,0,0,0,0,0,0,1,2023-05-31T20:55:23.5219363Z,0
1.87748,103.7422406,Daerah: Johor<br>No:5027<br>Hex coord:(94;67),n/a,0,0,0,0,0,0,1,2023-05-31T20:55:24.1741755Z,0
1.8697,103.7557751,Daerah: Johor<br>No:5028<br>Hex coord:(95;67),n/a,0,0,0,0,0,0,1,2023-05-31T20:55:24.8279150Z,0
1.87748,103.7693096,Daerah: Johor<br>No:5029<br>Hex coord:(96;67),n/a,0,0,0,0,0,0,1,2023-05-31T20:55:25.4820702Z,0
1.8697,103.7828441,Daerah: Johor<br>No:5030<br>Hex coord:(97;67),n/a,0,0,0,0,0,0,1,2023-05-31T20:55:26.1352124Z,0
1.87748,103.7963785,Daerah: Johor<br>No:5031<br>Hex coord:(98;67),n/a,0,0,0,0,0,0,1,2023-05-31T20:55:26.7951405Z,0
1.8697,103.809913,Daerah: Johor<br>No:5032<br>Hex coord:(99;67),n/a,0,0,0,0,0,0,1,2023-05-31T20:55:27.4575146Z,0
1.87748,103.8234475,Daerah: Johor<br>No:5033<br>Hex coord:(100;67),n/a,0,0,0,0,0,0,1,2023-05-31T20:55:28.1036095Z,0
1.8697,103.836982,Daerah: Johor<br>No:5034<br>Hex coord:(101;67),n/a,0,0,0,0,0,0,1,2023-05-31T20:55:28.7495392Z,0
1.87748,103.8505164,Daerah: Johor<br>No:5035<br>Hex coord:(102;67),n/a,0,0,0,0,0,0,1,2023-05-31T20:55:29.4088021Z,0
1.8697,103.8640509,Daerah: Johor<br>No:5036<br>Hex coord:(103;67),n/a,0,0,0,0,0,0,1,2023-05-31T20:55:30.0613066Z,0
1.87748,103.8775854,Daerah: Johor<br>No:5037<br>Hex coord:(104;67),n/a,0,0,0,0,0,0,1,2023-05-31T20:55:30.7160914Z,0
1.8697,103.8911199,Daerah: Johor<br>No:5038<br>Hex coord:(105;67),n/a,0,0,0,0,0,0,1,2023-05-31T20:55:31.3648924Z,0
1.87748,103.9046543,Daerah: Johor<br>No:5039<br>Hex coord:(106;67),n/a,0,0,0,0,0,0,1,2023-05-31T20:55:32.0217920Z,0
1.8697,103.9181888,Daerah: Johor<br>No:5040<br>Hex coord:(107;67),n/a,0,0,0,0,0,0,1,2023-05-31T20:55:32.6801696Z,0
1.87748,103.9317233,Daerah: Johor<br>No:5041<br>Hex coord:(108;67),n/a,0,0,0,0,0,0,1,2023-05-31T20:55:33.3389585Z,0
1.8697,103.9452578,Daerah: Johor<br>No:5042<br>Hex coord:(109;67),n/a,0,0,0,0,0,0,1,2023-05-31T20:55:33.9946644Z,0
1.87748,103.9587922,Daerah: Johor<br>No:5043<br>Hex coord:(110;67),n/a,0,0,0,0,0,0,1,2023-05-31T20:55:34.6285025Z,0
1.8697,103.9723267,Daerah: Johor<br>No:5044<br>Hex coord:(111;67),n/a,0,0,0,0,0,0,1,2023-05-31T20:55:35.2734738Z,0
1.87748,103.9858612,Daerah: Johor<br>No:5045<br>Hex coord:(112;67),n/a,0,0,0,0,0,0,1,2023-05-31T20:56:11.9371760Z,0
1.8697,103.9993957,Daerah: Johor<br>No:5046<br>Hex coord:(113;67),n/a,0,0,0,0,0,0,1,2023-05-31T20:56:12.6131508Z,0
1.87748,104.0129301,Daerah: Johor<br>No:5047<br>Hex coord:(114;67),n/a,0,0,0,0,0,0,1,2023-05-31T20:56:13.2683863Z,0
1.8697,104.0264646,Daerah: Johor<br>No:5048<br>Hex coord:(115;67),n/a,0,0,0,0,0,0,1,2023-05-31T20:56:13.9225725Z,0
1.87748,104.0399991,Daerah: Johor<br>No:5049<br>Hex coord:(116;67),n/a,0,0,0,0,0,0,1,2023-05-31T20:56:14.5729726Z,0
1.8697,104.0535336,Daerah: Johor<br>No:5050<br>Hex coord:(117;67),n/a,0,0,0,0,0,0,1,2023-05-31T20:56:15.2356169Z,0
1.87748,104.067068,Daerah: Johor<br>No:5051<br>Hex coord:(118;67),n/a,0,0,0,0,0,0,1,2023-05-31T20:56:15.8836632Z,0
1.8697,104.0806025,Daerah: Johor<br>No:5052<br>Hex coord:(119;67),n/a,0,0,0,0,0,0,1,2023-05-31T20:56:16.5452686Z,0
1.87748,104.094137,Daerah: Johor<br>No:5053<br>Hex coord:(120;67),n/a,0,0,0,0,0,0,1,2023-05-31T20:56:17.2025043Z,0
1.8697,104.1076715,Daerah: Johor<br>No:5054<br>Hex coord:(121;67),n/a,0,0,0,0,0,0,1,2023-05-31T20:56:17.8489947Z,0
1.86192,102.7136205,Daerah: Johor<br>No:5055<br>Hex coord:(18;68),n/a,0,0,0,0,0,0,1,2023-05-31T20:56:18.5029098Z,0
1.86192,102.8218963,Daerah: Johor<br>No:5056<br>Hex coord:(26;68),n/a,0,0,0,0,0,1,1,2023-05-31T20:56:19.1594311Z,0
1.85414,102.8354308,Daerah: Johor<br>No:5057<br>Hex coord:(27;68),n/a,0,0,0,0,0,0,1,2023-05-31T20:56:19.8119669Z,0
1.86192,102.8489653,Daerah: Johor<br>No:5058<br>Hex coord:(28;68),n/a,0,0,0,0,0,0,1,2023-05-31T20:56:20.4664775Z,0
1.85414,102.8624998,Daerah: Johor<br>No:5059<br>Hex coord:(29;68),n/a,0,0,0,0,0,0,1,2023-05-31T20:56:21.1192339Z,0
1.86192,102.8760342,Daerah: Johor<br>No:5060<br>Hex coord:(30;68),n/a,0,0,0,0,0,0,1,2023-05-31T20:56:21.7756145Z,0
1.85414,102.8895687,Daerah: Johor<br>No:5061<br>Hex coord:(31;68),n/a,0,0,0,0,0,0,1,2023-05-31T20:56:22.4397683Z,0
1.86192,102.9031032,Daerah: Johor<br>No:5062<br>Hex coord:(32;68),n/a,0,0,0,0,0,0,1,2023-05-31T20:56:23.1067773Z,0
1.85414,102.9166377,Daerah: Johor<br>No:5063<br>Hex coord:(33;68),n/a,0,0,0,0,0,0,1,2023-05-31T20:56:23.7965500Z,0
1.86192,102.9301721,Daerah: Johor<br>No:5064<br>Hex coord:(34;68),n/a,2,0,0,0,0,0,1,2023-05-31T20:56:24.4757043Z,1
1.85414,102.9437066,Daerah: Johor<br>No:5065<br>Hex coord:(35;68),n/a,0,0,0,0,0,1,1,2023-05-31T20:56:25.1560947Z,1
1.86192,102.9572411,Daerah: Johor<br>No:5066<br>Hex coord:(36;68),n/a,0,0,0,0,0,1,1,2023-05-31T20:56:25.8329131Z,3
1.85414,102.9707756,Daerah: Johor<br>No:5067<br>Hex coord:(37;68),n/a,0,0,0,0,0,1,1,2023-05-31T20:56:26.5046835Z,1
1.86192,102.98431,Daerah: Johor<br>No:5068<br>Hex coord:(38;68),n/a,0,0,0,0,0,1,1,2023-05-31T20:56:27.1676237Z,1
1.85414,102.9978445,Daerah: Johor<br>No:5069<br>Hex coord:(39;68),n/a,0,0,0,0,0,1,1,2023-05-31T20:56:27.8369810Z,0
1.86192,103.011379,Daerah: Johor<br>No:5070<br>Hex coord:(40;68),n/a,0,0,0,0,0,1,1,2023-05-31T20:56:28.4897288Z,0
1.85414,103.0249135,Daerah: Johor<br>No:5071<br>Hex coord:(41;68),n/a,0,0,0,0,0,0,1,2023-05-31T20:56:29.1535632Z,0
1.86192,103.0384479,Daerah: Johor<br>No:5072<br>Hex coord:(42;68),n/a,0,0,0,0,0,0,1,2023-05-31T20:56:29.8125005Z,0
1.85414,103.0519824,Daerah: Johor<br>No:5073<br>Hex coord:(43;68),n/a,0,0,0,0,0,0,1,2023-05-31T20:56:30.4678225Z,0
1.86192,103.0655169,Daerah: Johor<br>No:5074<br>Hex coord:(44;68),n/a,0,0,0,0,0,0,1,2023-05-31T20:56:31.1357885Z,0
1.85414,103.0790514,Daerah: Johor<br>No:5075<br>Hex coord:(45;68),n/a,0,0,0,0,0,0,1,2023-05-31T20:56:31.7975705Z,0
1.86192,103.0925858,Daerah: Johor<br>No:5076<br>Hex coord:(46;68),n/a,0,0,0,0,0,0,1,2023-05-31T20:56:32.4576420Z,0
1.85414,103.1061203,Daerah: Johor<br>No:5077<br>Hex coord:(47;68),n/a,0,0,0,0,0,0,1,2023-05-31T20:56:33.1201646Z,0
1.86192,103.1196548,Daerah: Johor<br>No:5078<br>Hex coord:(48;68),n/a,0,0,0,0,0,0,1,2023-05-31T20:56:33.7768051Z,0
1.85414,103.1331893,Daerah: Johor<br>No:5079<br>Hex coord:(49;68),n/a,0,0,0,0,0,0,1,2023-05-31T20:56:34.4331251Z,0
1.86192,103.1467237,Daerah: Johor<br>No:5080<br>Hex coord:(50;68),n/a,0,0,0,0,0,0,1,2023-05-31T20:56:35.0887090Z,0
1.85414,103.1602582,Daerah: Johor<br>No:5081<br>Hex coord:(51;68),n/a,0,0,0,0,0,0,1,2023-05-31T20:56:35.7520966Z,0
1.86192,103.1737927,Daerah: Johor<br>No:5082<br>Hex coord:(52;68),n/a,0,0,0,0,0,0,1,2023-05-31T20:56:36.4099581Z,0
1.85414,103.1873272,Daerah: Johor<br>No:5083<br>Hex coord:(53;68),n/a,0,0,0,0,0,0,1,2023-05-31T20:56:37.0596801Z,0
1.86192,103.2008616,Daerah: Johor<br>No:5084<br>Hex coord:(54;68),n/a,0,0,0,0,0,0,1,2023-05-31T20:56:37.7182672Z,0
1.85414,103.2143961,Daerah: Johor<br>No:5085<br>Hex coord:(55;68),n/a,0,0,0,0,0,0,1,2023-05-31T20:56:38.3670666Z,0
1.86192,103.2279306,Daerah: Johor<br>No:5086<br>Hex coord:(56;68),n/a,0,0,0,0,0,0,1,2023-05-31T20:56:39.0455264Z,0
1.85414,103.2414651,Daerah: Johor<br>No:5087<br>Hex coord:(57;68),n/a,0,0,0,0,0,0,1,2023-05-31T20:56:39.7019809Z,0
1.86192,103.2549995,Daerah: Johor<br>No:5088<br>Hex coord:(58;68),n/a,0,0,0,0,0,0,1,2023-05-31T20:56:40.3645531Z,0
1.85414,103.268534,Daerah: Johor<br>No:5089<br>Hex coord:(59;68),n/a,0,0,0,0,0,0,1,2023-05-31T20:56:41.0129756Z,0
1.86192,103.2820685,Daerah: Johor<br>No:5090<br>Hex coord:(60;68),n/a,0,0,0,0,0,0,1,2023-05-31T20:56:41.6741035Z,0
1.85414,103.295603,Daerah: Johor<br>No:5091<br>Hex coord:(61;68),n/a,0,0,0,0,0,0,1,2023-05-31T20:56:42.3284159Z,0
1.86192,103.3091374,Daerah: Johor<br>No:5092<br>Hex coord:(62;68),n/a,0,0,0,0,0,0,1,2023-05-31T20:56:42.9920274Z,0
1.85414,103.3226719,Daerah: Johor<br>No:5093<br>Hex coord:(63;68),n/a,0,0,0,0,0,0,1,2023-05-31T20:56:43.6592329Z,0
1.86192,103.3362064,Daerah: Johor<br>No:5094<br>Hex coord:(64;68),n/a,0,0,0,0,0,0,1,2023-05-31T20:56:44.3242605Z,0
1.85414,103.3497409,Daerah: Johor<br>No:5095<br>Hex coord:(65;68),n/a,0,0,0,0,0,0,1,2023-05-31T20:56:44.9925508Z,0
1.86192,103.3632753,Daerah: Johor<br>No:5096<br>Hex coord:(66;68),n/a,0,0,0,0,0,0,1,2023-05-31T20:56:45.6453810Z,0
1.85414,103.3768098,Daerah: Johor<br>No:5097<br>Hex coord:(67;68),n/a,0,0,0,0,0,0,1,2023-05-31T20:56:46.3021443Z,0
1.86192,103.3903443,Daerah: Johor<br>No:5098<br>Hex coord:(68;68),n/a,0,0,0,0,0,0,1,2023-05-31T20:56:46.9574771Z,0
1.85414,103.4038788,Daerah: Johor<br>No:5099<br>Hex coord:(69;68),n/a,0,0,0,0,0,0,1,2023-05-31T20:56:47.6093294Z,0
1.86192,103.4174132,Daerah: Johor<br>No:5100<br>Hex coord:(70;68),n/a,0,0,0,0,0,0,1,2023-05-31T20:56:48.2607128Z,0
1.85414,103.4309477,Daerah: Johor<br>No:5101<br>Hex coord:(71;68),n/a,0,0,0,0,0,0,1,2023-05-31T20:56:48.9249030Z,0
1.86192,103.4444822,Daerah: Johor<br>No:5102<br>Hex coord:(72;68),n/a,0,0,0,0,0,0,1,2023-05-31T20:56:49.5841803Z,0
1.85414,103.4580167,Daerah: Johor<br>No:5103<br>Hex coord:(73;68),n/a,0,0,0,0,0,0,1,2023-05-31T20:56:50.2366403Z,0
1.86192,103.4715511,Daerah: Johor<br>No:5104<br>Hex coord:(74;68),n/a,0,0,0,0,0,0,1,2023-05-31T20:56:50.8883196Z,0
1.85414,103.4850856,Daerah: Johor<br>No:5105<br>Hex coord:(75;68),n/a,0,0,0,0,0,0,1,2023-05-31T20:56:51.5349648Z,0
1.86192,103.4986201,Daerah: Johor<br>No:5106<br>Hex coord:(76;68),n/a,0,0,0,0,0,0,1,2023-05-31T20:56:52.1955262Z,0
1.85414,103.5121546,Daerah: Johor<br>No:5107<br>Hex coord:(77;68),n/a,0,0,0,0,0,0,1,2023-05-31T20:56:52.8647833Z,0
1.86192,103.525689,Daerah: Johor<br>No:5108<br>Hex coord:(78;68),n/a,0,0,0,0,0,0,1,2023-05-31T20:56:53.5141612Z,0
1.85414,103.5392235,Daerah: Johor<br>No:5109<br>Hex coord:(79;68),n/a,0,0,0,0,0,0,1,2023-05-31T20:56:54.1670128Z,0
1.86192,103.552758,Daerah: Johor<br>No:5110<br>Hex coord:(80;68),n/a,0,0,0,0,0,0,1,2023-05-31T20:56:54.8209985Z,0
1.85414,103.5662925,Daerah: Johor<br>No:5111<br>Hex coord:(81;68),n/a,0,0,0,0,0,0,1,2023-05-31T20:56:55.4754015Z,0
1.86192,103.5798269,Daerah: Johor<br>No:5112<br>Hex coord:(82;68),n/a,0,0,0,0,0,0,1,2023-05-31T20:56:56.1427213Z,0
1.85414,103.5933614,Daerah: Johor<br>No:5113<br>Hex coord:(83;68),n/a,0,0,0,0,0,0,1,2023-05-31T20:56:56.8083962Z,0
1.86192,103.6068959,Daerah: Johor<br>No:5114<br>Hex coord:(84;68),n/a,0,0,0,0,0,0,1,2023-05-31T20:56:57.4771809Z,0
1.85414,103.6204304,Daerah: Johor<br>No:5115<br>Hex coord:(85;68),n/a,1,0,0,0,0,0,1,2023-05-31T20:56:58.1430716Z,0
1.86192,103.6339648,Daerah: Johor<br>No:5116<br>Hex coord:(86;68),n/a,1,0,0,0,0,0,1,2023-05-31T20:56:58.8023293Z,0
1.85414,103.6474993,Daerah: Johor<br>No:5117<br>Hex coord:(87;68),n/a,0,0,0,0,0,0,1,2023-05-31T20:56:59.4655625Z,1
1.86192,103.6610338,Daerah: Johor<br>No:5118<br>Hex coord:(88;68),n/a,0,0,0,0,0,0,1,2023-05-31T20:57:00.1287847Z,0
1.85414,103.6745683,Daerah: Johor<br>No:5119<br>Hex coord:(89;68),n/a,0,0,0,0,0,0,1,2023-05-31T20:57:00.7847323Z,0
1.86192,103.6881027,Daerah: Johor<br>No:5120<br>Hex coord:(90;68),n/a,0,0,0,0,0,0,1,2023-05-31T20:57:01.4522820Z,0
1.85414,103.7016372,Daerah: Johor<br>No:5121<br>Hex coord:(91;68),n/a,0,0,0,0,0,0,1,2023-05-31T20:57:02.1109897Z,0
1.86192,103.7151717,Daerah: Johor<br>No:5122<br>Hex coord:(92;68),n/a,0,0,0,0,0,0,1,2023-05-31T20:57:02.7627482Z,0
1.85414,103.7287062,Daerah: Johor<br>No:5123<br>Hex coord:(93;68),n/a,0,0,0,0,0,0,1,2023-05-31T20:57:03.4124236Z,0
1.86192,103.7422406,Daerah: Johor<br>No:5124<br>Hex coord:(94;68),n/a,0,0,0,0,0,0,1,2023-05-31T20:57:04.0710510Z,0
1.85414,103.7557751,Daerah: Johor<br>No:5125<br>Hex coord:(95;68),n/a,0,0,0,0,0,0,1,2023-05-31T20:57:04.7217707Z,0
1.86192,103.7693096,Daerah: Johor<br>No:5126<br>Hex coord:(96;68),n/a,0,0,0,0,0,0,1,2023-05-31T20:57:05.3768231Z,0
1.85414,103.7828441,Daerah: Johor<br>No:5127<br>Hex coord:(97;68),n/a,0,0,0,0,0,0,1,2023-05-31T20:57:06.0357821Z,0
1.86192,103.7963785,Daerah: Johor<br>No:5128<br>Hex coord:(98;68),n/a,0,1,0,0,0,0,1,2023-05-31T20:57:06.6981533Z,0
1.85414,103.809913,Daerah: Johor<br>No:5129<br>Hex coord:(99;68),n/a,0,0,0,0,0,0,1,2023-05-31T20:57:07.3514704Z,0
1.86192,103.8234475,Daerah: Johor<br>No:5130<br>Hex coord:(100;68),n/a,0,0,0,0,0,0,1,2023-05-31T20:57:08.0054583Z,0
1.85414,103.836982,Daerah: Johor<br>No:5131<br>Hex coord:(101;68),n/a,0,0,0,0,0,0,1,2023-05-31T20:57:08.6575591Z,0
1.86192,103.8505164,Daerah: Johor<br>No:5132<br>Hex coord:(102;68),n/a,0,0,0,0,0,0,1,2023-05-31T20:57:09.3151909Z,0
1.85414,103.8640509,Daerah: Johor<br>No:5133<br>Hex coord:(103;68),n/a,0,0,0,0,0,0,1,2023-05-31T20:57:09.9689843Z,0
1.86192,103.8775854,Daerah: Johor<br>No:5134<br>Hex coord:(104;68),n/a,0,0,0,0,0,0,1,2023-05-31T20:57:10.6269057Z,0
1.85414,103.8911199,Daerah: Johor<br>No:5135<br>Hex coord:(105;68),n/a,0,0,0,0,0,0,1,2023-05-31T20:57:11.2887235Z,0
1.86192,103.9046543,Daerah: Johor<br>No:5136<br>Hex coord:(106;68),n/a,0,0,0,0,0,0,1,2023-05-31T20:57:11.9438419Z,0
1.85414,103.9181888,Daerah: Johor<br>No:5137<br>Hex coord:(107;68),n/a,0,0,0,0,0,0,1,2023-05-31T20:57:12.5921711Z,0
1.86192,103.9317233,Daerah: Johor<br>No:5138<br>Hex coord:(108;68),n/a,0,0,0,0,0,0,1,2023-05-31T20:57:13.2451170Z,0
1.85414,103.9452578,Daerah: Johor<br>No:5139<br>Hex coord:(109;68),n/a,0,0,0,0,0,0,1,2023-05-31T20:57:13.9000596Z,0
1.86192,103.9587922,Daerah: Johor<br>No:5140<br>Hex coord:(110;68),n/a,0,0,0,0,0,0,1,2023-05-31T20:57:14.5564783Z,0
1.85414,103.9723267,Daerah: Johor<br>No:5141<br>Hex coord:(111;68),n/a,0,0,0,0,0,0,1,2023-05-31T20:57:15.2116484Z,0
1.86192,103.9858612,Daerah: Johor<br>No:5142<br>Hex coord:(112;68),n/a,0,0,0,0,0,0,1,2023-05-31T20:57:15.8719898Z,0
1.85414,103.9993957,Daerah: Johor<br>No:5143<br>Hex coord:(113;68),n/a,0,0,0,0,0,0,1,2023-05-31T20:57:16.5342229Z,0
1.86192,104.0129301,Daerah: Johor<br>No:5144<br>Hex coord:(114;68),n/a,0,0,0,0,0,0,1,2023-05-31T20:57:17.1894846Z,0
1.85414,104.0264646,Daerah: Johor<br>No:5145<br>Hex coord:(115;68),n/a,0,0,0,0,0,0,1,2023-05-31T20:57:17.8402891Z,0
1.86192,104.0399991,Daerah: Johor<br>No:5146<br>Hex coord:(116;68),n/a,0,0,0,0,0,0,1,2023-05-31T20:57:18.4943895Z,0
1.85414,104.0535336,Daerah: Johor<br>No:5147<br>Hex coord:(117;68),n/a,0,0,0,0,0,0,1,2023-05-31T20:57:19.1485348Z,0
1.86192,104.067068,Daerah: Johor<br>No:5148<br>Hex coord:(118;68),n/a,0,0,0,0,0,0,1,2023-05-31T20:57:19.8029055Z,0
1.85414,104.0806025,Daerah: Johor<br>No:5149<br>Hex coord:(119;68),n/a,0,0,0,0,0,0,1,2023-05-31T20:57:20.4533585Z,0
1.86192,104.094137,Daerah: Johor<br>No:5150<br>Hex coord:(120;68),n/a,0,0,0,0,0,0,1,2023-05-31T20:57:21.1127142Z,0
1.85414,104.1076715,Daerah: Johor<br>No:5151<br>Hex coord:(121;68),n/a,0,0,0,0,0,0,1,2023-05-31T20:57:21.7875777Z,0
1.84636,102.8489653,Daerah: Johor<br>No:5152<br>Hex coord:(28;69),n/a,0,0,0,0,0,0,1,2023-05-31T20:57:22.4457271Z,0
1.83858,102.8624998,Daerah: Johor<br>No:5153<br>Hex coord:(29;69),n/a,0,0,0,0,0,0,1,2023-05-31T20:57:23.0991952Z,0
1.84636,102.8760342,Daerah: Johor<br>No:5154<br>Hex coord:(30;69),n/a,0,0,0,0,0,0,1,2023-05-31T20:57:23.7539046Z,0
1.83858,102.8895687,Daerah: Johor<br>No:5155<br>Hex coord:(31;69),n/a,0,0,0,0,0,0,1,2023-05-31T20:57:24.4234859Z,0
1.84636,102.9031032,Daerah: Johor<br>No:5156<br>Hex coord:(32;69),n/a,0,0,0,0,0,0,1,2023-05-31T20:57:25.0873927Z,2
1.83858,102.9166377,Daerah: Johor<br>No:5157<br>Hex coord:(33;69),n/a,0,0,0,0,0,0,1,2023-05-31T20:57:25.7486856Z,0
1.84636,102.9301721,Daerah: Johor<br>No:5158<br>Hex coord:(34;69),n/a,2,0,0,0,0,0,1,2023-05-31T20:57:26.4390701Z,3
1.83858,102.9437066,Daerah: Johor<br>No:5159<br>Hex coord:(35;69),n/a,0,0,0,0,0,0,1,2023-05-31T20:57:27.1186237Z,1
1.84636,102.9572411,Daerah: Johor<br>No:5160<br>Hex coord:(36;69),n/a,0,0,0,0,0,1,1,2023-05-31T20:57:27.8044697Z,0
1.83858,102.9707756,Daerah: Johor<br>No:5161<br>Hex coord:(37;69),n/a,0,0,0,0,0,1,1,2023-05-31T20:57:28.4688419Z,0
1.84636,102.98431,Daerah: Johor<br>No:5162<br>Hex coord:(38;69),n/a,0,0,0,0,0,1,1,2023-05-31T20:57:29.1298396Z,0
1.83858,102.9978445,Daerah: Johor<br>No:5163<br>Hex coord:(39;69),n/a,0,0,0,0,0,1,1,2023-05-31T20:57:29.8166525Z,0
1.84636,103.011379,Daerah: Johor<br>No:5164<br>Hex coord:(40;69),n/a,0,0,0,0,0,1,1,2023-05-31T20:57:30.4746213Z,0
1.83858,103.0249135,Daerah: Johor<br>No:5165<br>Hex coord:(41;69),n/a,0,0,0,0,0,0,1,2023-05-31T20:57:31.1324761Z,1
1.84636,103.0384479,Daerah: Johor<br>No:5166<br>Hex coord:(42;69),n/a,0,0,0,0,0,0,1,2023-05-31T20:57:31.7834733Z,0
1.83858,103.0519824,Daerah: Johor<br>No:5167<br>Hex coord:(43;69),n/a,0,0,0,0,0,0,1,2023-05-31T20:57:32.4387035Z,0
1.84636,103.0655169,Daerah: Johor<br>No:5168<br>Hex coord:(44;69),n/a,0,0,0,0,0,0,1,2023-05-31T20:57:33.0943124Z,0
1.83858,103.0790514,Daerah: Johor<br>No:5169<br>Hex coord:(45;69),n/a,0,0,0,0,0,0,1,2023-05-31T20:57:33.7466570Z,0
1.84636,103.0925858,Daerah: Johor<br>No:5170<br>Hex coord:(46;69),n/a,0,0,0,0,0,0,1,2023-05-31T20:57:34.4023384Z,0
1.83858,103.1061203,Daerah: Johor<br>No:5171<br>Hex coord:(47;69),n/a,0,0,0,0,0,0,1,2023-05-31T20:57:35.0791494Z,0
1.84636,103.1196548,Daerah: Johor<br>No:5172<br>Hex coord:(48;69),n/a,0,0,0,0,0,0,1,2023-05-31T20:57:35.7351857Z,0
1.83858,103.1331893,Daerah: Johor<br>No:5173<br>Hex coord:(49;69),n/a,0,0,0,0,0,0,1,2023-05-31T20:57:36.3856049Z,1
1.84636,103.1467237,Daerah: Johor<br>No:5174<br>Hex coord:(50;69),n/a,0,0,0,0,0,0,1,2023-05-31T20:57:37.0460321Z,0
1.83858,103.1602582,Daerah: Johor<br>No:5175<br>Hex coord:(51;69),n/a,0,0,0,0,0,0,1,2023-05-31T20:57:37.7113388Z,0
1.84636,103.1737927,Daerah: Johor<br>No:5176<br>Hex coord:(52;69),n/a,0,0,0,0,0,0,1,2023-05-31T20:57:38.3745826Z,0
1.83858,103.1873272,Daerah: Johor<br>No:5177<br>Hex coord:(53;69),n/a,0,0,0,0,0,0,1,2023-05-31T20:57:39.0315957Z,0
1.84636,103.2008616,Daerah: Johor<br>No:5178<br>Hex coord:(54;69),n/a,0,0,0,0,0,0,1,2023-05-31T20:57:39.6879889Z,0
1.83858,103.2143961,Daerah: Johor<br>No:5179<br>Hex coord:(55;69),n/a,0,0,0,0,0,0,1,2023-05-31T20:57:40.3397430Z,0
1.84636,103.2279306,Daerah: Johor<br>No:5180<br>Hex coord:(56;69),n/a,0,0,0,0,0,0,1,2023-05-31T20:57:40.9944662Z,0
1.83858,103.2414651,Daerah: Johor<br>No:5181<br>Hex coord:(57;69),n/a,0,0,0,0,0,0,1,2023-05-31T20:57:41.6491589Z,0
1.84636,103.2549995,Daerah: Johor<br>No:5182<br>Hex coord:(58;69),n/a,0,0,0,0,0,0,1,2023-05-31T20:57:42.3064488Z,0
1.83858,103.268534,Daerah: Johor<br>No:5183<br>Hex coord:(59;69),n/a,0,0,0,0,0,0,1,2023-05-31T20:57:42.9594984Z,0
1.84636,103.2820685,Daerah: Johor<br>No:5184<br>Hex coord:(60;69),n/a,0,0,0,0,0,0,1,2023-05-31T20:57:43.6181896Z,0
1.83858,103.295603,Daerah: Johor<br>No:5185<br>Hex coord:(61;69),n/a,0,0,0,0,0,0,1,2023-05-31T20:57:44.2878085Z,0
1.84636,103.3091374,Daerah: Johor<br>No:5186<br>Hex coord:(62;69),n/a,0,0,0,0,0,0,1,2023-05-31T20:57:44.9548623Z,0
1.83858,103.3226719,Daerah: Johor<br>No:5187<br>Hex coord:(63;69),n/a,0,0,0,0,0,0,1,2023-05-31T20:57:45.6220149Z,0
1.84636,103.3362064,Daerah: Johor<br>No:5188<br>Hex coord:(64;69),n/a,0,0,0,0,0,0,1,2023-05-31T20:57:46.2861879Z,1
1.83858,103.3497409,Daerah: Johor<br>No:5189<br>Hex coord:(65;69),n/a,0,0,0,0,0,0,1,2023-05-31T20:57:46.9594984Z,0
1.84636,103.3632753,Daerah: Johor<br>No:5190<br>Hex coord:(66;69),n/a,0,0,0,0,0,0,1,2023-05-31T20:57:47.6102247Z,0
1.83858,103.3768098,Daerah: Johor<br>No:5191<br>Hex coord:(67;69),n/a,0,0,0,0,0,0,1,2023-05-31T20:57:48.2681252Z,0
1.84636,103.3903443,Daerah: Johor<br>No:5192<br>Hex coord:(68;69),n/a,0,0,0,0,0,0,1,2023-05-31T20:57:48.9327179Z,0
1.83858,103.4038788,Daerah: Johor<br>No:5193<br>Hex coord:(69;69),n/a,0,0,0,0,0,0,1,2023-05-31T20:57:49.5992011Z,0
1.84636,103.4174132,Daerah: Johor<br>No:5194<br>Hex coord:(70;69),n/a,0,0,0,0,0,0,1,2023-05-31T20:57:50.2617538Z,0
1.83858,103.4309477,Daerah: Johor<br>No:5195<br>Hex coord:(71;69),n/a,0,0,0,0,0,0,1,2023-05-31T20:57:50.9173268Z,0
1.84636,103.4444822,Daerah: Johor<br>No:5196<br>Hex coord:(72;69),n/a,0,0,0,0,0,0,1,2023-05-31T20:57:51.5803497Z,0
1.83858,103.4580167,Daerah: Johor<br>No:5197<br>Hex coord:(73;69),n/a,0,0,0,0,0,0,1,2023-05-31T20:57:52.2307622Z,0
1.84636,103.4715511,Daerah: Johor<br>No:5198<br>Hex coord:(74;69),n/a,0,0,0,0,0,0,1,2023-05-31T20:57:52.8817178Z,0
1.83858,103.4850856,Daerah: Johor<br>No:5199<br>Hex coord:(75;69),n/a,0,0,0,0,0,0,1,2023-05-31T20:57:53.5397244Z,0
1.84636,103.4986201,Daerah: Johor<br>No:5200<br>Hex coord:(76;69),n/a,0,0,0,0,0,0,1,2023-05-31T20:57:54.1945367Z,0
1.83858,103.5121546,Daerah: Johor<br>No:5201<br>Hex coord:(77;69),n/a,0,0,0,0,0,0,1,2023-05-31T20:57:54.8675973Z,0
1.84636,103.525689,Daerah: Johor<br>No:5202<br>Hex coord:(78;69),n/a,0,0,0,0,0,0,1,2023-05-31T20:57:55.5303488Z,0
1.83858,103.5392235,Daerah: Johor<br>No:5203<br>Hex coord:(79;69),n/a,0,0,0,0,0,0,1,2023-05-31T20:57:56.1922486Z,0
1.84636,103.552758,Daerah: Johor<br>No:5204<br>Hex coord:(80;69),n/a,0,0,0,0,0,0,1,2023-05-31T20:57:56.8510887Z,0
1.83858,103.5662925,Daerah: Johor<br>No:5205<br>Hex coord:(81;69),n/a,0,0,0,0,0,0,1,2023-05-31T20:57:57.5054375Z,0
1.84636,103.5798269,Daerah: Johor<br>No:5206<br>Hex coord:(82;69),n/a,0,0,0,0,0,0,1,2023-05-31T20:57:58.1627551Z,0
1.83858,103.5933614,Daerah: Johor<br>No:5207<br>Hex coord:(83;69),n/a,0,0,0,0,0,0,1,2023-05-31T20:57:58.8225011Z,0
1.84636,103.6068959,Daerah: Johor<br>No:5208<br>Hex coord:(84;69),n/a,0,0,0,0,0,0,1,2023-05-31T20:57:59.4821686Z,0
1.83858,103.6204304,Daerah: Johor<br>No:5209<br>Hex coord:(85;69),n/a,0,0,0,0,0,0,1,2023-05-31T20:58:00.1389050Z,0
1.84636,103.6339648,Daerah: Johor<br>No:5210<br>Hex coord:(86;69),n/a,0,0,0,0,0,0,1,2023-05-31T20:58:00.7964475Z,0
1.83858,103.6474993,Daerah: Johor<br>No:5211<br>Hex coord:(87;69),n/a,0,0,0,0,0,0,1,2023-05-31T20:58:01.4765666Z,2
1.84636,103.6610338,Daerah: Johor<br>No:5212<br>Hex coord:(88;69),n/a,0,0,0,0,0,0,1,2023-05-31T20:58:02.1397551Z,0
1.83858,103.6745683,Daerah: Johor<br>No:5213<br>Hex coord:(89;69),n/a,0,0,0,0,0,0,1,2023-05-31T20:58:02.8004801Z,0
1.84636,103.6881027,Daerah: Johor<br>No:5214<br>Hex coord:(90;69),n/a,0,0,0,0,0,0,1,2023-05-31T20:58:03.4619804Z,0
1.83858,103.7016372,Daerah: Johor<br>No:5215<br>Hex coord:(91;69),n/a,0,0,0,0,0,0,1,2023-05-31T20:58:04.1102933Z,0
1.84636,103.7151717,Daerah: Johor<br>No:5216<br>Hex coord:(92;69),n/a,0,0,0,0,0,0,1,2023-05-31T20:58:04.7635252Z,0
1.83858,103.7287062,Daerah: Johor<br>No:5217<br>Hex coord:(93;69),n/a,0,0,0,0,0,0,1,2023-05-31T20:58:05.4271746Z,0
1.84636,103.7422406,Daerah: Johor<br>No:5218<br>Hex coord:(94;69),n/a,0,0,0,0,0,0,1,2023-05-31T20:58:06.0941338Z,0
1.83858,103.7557751,Daerah: Johor<br>No:5219<br>Hex coord:(95;69),n/a,0,0,0,0,0,0,1,2023-05-31T20:58:06.7565799Z,0
1.84636,103.7693096,Daerah: Johor<br>No:5220<br>Hex coord:(96;69),n/a,0,0,0,0,0,0,1,2023-05-31T20:58:07.4114067Z,0
1.83858,103.7828441,Daerah: Johor<br>No:5221<br>Hex coord:(97;69),n/a,0,0,0,0,0,0,1,2023-05-31T20:58:08.0623571Z,0
1.84636,103.7963785,Daerah: Johor<br>No:5222<br>Hex coord:(98;69),n/a,0,0,0,0,0,0,1,2023-05-31T20:58:08.7205071Z,0
1.83858,103.809913,Daerah: Johor<br>No:5223<br>Hex coord:(99;69),n/a,0,0,0,0,0,0,1,2023-05-31T20:58:09.3710487Z,0
1.84636,103.8234475,Daerah: Johor<br>No:5224<br>Hex coord:(100;69),n/a,0,0,0,0,0,0,1,2023-05-31T20:58:10.0221436Z,0
1.83858,103.836982,Daerah: Johor<br>No:5225<br>Hex coord:(101;69),n/a,0,0,0,0,0,0,1,2023-05-31T20:58:10.6687446Z,0
1.84636,103.8505164,Daerah: Johor<br>No:5226<br>Hex coord:(102;69),n/a,0,0,0,0,0,0,1,2023-05-31T20:58:11.3255876Z,0
1.83858,103.8640509,Daerah: Johor<br>No:5227<br>Hex coord:(103;69),n/a,0,0,0,0,0,0,1,2023-05-31T20:58:11.9860246Z,0
1.84636,103.8775854,Daerah: Johor<br>No:5228<br>Hex coord:(104;69),n/a,0,0,0,0,0,0,1,2023-05-31T20:58:12.6332110Z,0
1.83858,103.8911199,Daerah: Johor<br>No:5229<br>Hex coord:(105;69),n/a,0,0,0,0,0,0,1,2023-05-31T20:58:13.2906995Z,0
1.84636,103.9046543,Daerah: Johor<br>No:5230<br>Hex coord:(106;69),n/a,0,0,0,0,0,0,1,2023-05-31T20:58:13.9574091Z,0
1.83858,103.9181888,Daerah: Johor<br>No:5231<br>Hex coord:(107;69),n/a,0,0,0,0,0,0,1,2023-05-31T20:58:14.6174362Z,0
1.84636,103.9317233,Daerah: Johor<br>No:5232<br>Hex coord:(108;69),n/a,0,0,0,0,0,0,1,2023-05-31T20:58:15.2804458Z,0
1.83858,103.9452578,Daerah: Johor<br>No:5233<br>Hex coord:(109;69),n/a,0,0,0,0,0,0,1,2023-05-31T20:58:15.9436912Z,0
1.84636,103.9587922,Daerah: Johor<br>No:5234<br>Hex coord:(110;69),n/a,0,0,0,0,0,0,1,2023-05-31T20:58:16.6027746Z,0
1.83858,103.9723267,Daerah: Johor<br>No:5235<br>Hex coord:(111;69),n/a,0,0,0,0,0,0,1,2023-05-31T20:58:17.2605453Z,0
1.84636,103.9858612,Daerah: Johor<br>No:5236<br>Hex coord:(112;69),n/a,0,0,0,0,0,0,1,2023-05-31T20:58:17.9182083Z,0
1.83858,103.9993957,Daerah: Johor<br>No:5237<br>Hex coord:(113;69),n/a,0,0,0,0,0,0,1,2023-05-31T20:58:18.5812681Z,0
1.84636,104.0129301,Daerah: Johor<br>No:5238<br>Hex coord:(114;69),n/a,0,0,0,0,0,0,1,2023-05-31T20:58:19.2386590Z,0
1.83858,104.0264646,Daerah: Johor<br>No:5239<br>Hex coord:(115;69),n/a,0,0,0,0,0,0,1,2023-05-31T20:58:19.8878365Z,0
1.84636,104.0399991,Daerah: Johor<br>No:5240<br>Hex coord:(116;69),n/a,0,0,0,0,0,0,1,2023-05-31T20:58:20.5598797Z,0
1.83858,104.0535336,Daerah: Johor<br>No:5241<br>Hex coord:(117;69),n/a,0,0,0,0,0,0,1,2023-05-31T20:58:21.2070320Z,0
1.84636,104.067068,Daerah: Johor<br>No:5242<br>Hex coord:(118;69),n/a,0,0,0,0,0,0,1,2023-05-31T20:58:21.8619962Z,0
1.83858,104.0806025,Daerah: Johor<br>No:5243<br>Hex coord:(119;69),n/a,0,0,0,0,0,0,1,2023-05-31T20:58:22.5162361Z,0
1.84636,104.094137,Daerah: Johor<br>No:5244<br>Hex coord:(120;69),n/a,0,0,0,0,0,0,1,2023-05-31T20:58:23.1720514Z,0
1.83858,104.1076715,Daerah: Johor<br>No:5245<br>Hex coord:(121;69),n/a,0,0,0,0,0,0,1,2023-05-31T20:58:23.8230998Z,0
1.84636,104.1212059,Daerah: Johor<br>No:5246<br>Hex coord:(122;69),n/a,0,0,0,0,0,0,1,2023-05-31T20:58:24.4907627Z,0
1.83858,104.1347404,Daerah: Johor<br>No:5247<br>Hex coord:(123;69),n/a,0,0,0,0,0,0,1,2023-05-31T20:58:25.1409042Z,0
1.8308,102.8760342,Daerah: Johor<br>No:5248<br>Hex coord:(30;70),n/a,0,0,0,0,0,0,1,2023-05-31T20:58:25.7940938Z,0
1.82302,102.8895687,Daerah: Johor<br>No:5249<br>Hex coord:(31;70),n/a,0,0,0,0,0,0,1,2023-05-31T20:58:26.4516861Z,0
1.8308,102.9031032,Daerah: Johor<br>No:5250<br>Hex coord:(32;70),n/a,0,0,0,0,0,0,1,2023-05-31T20:58:27.1098771Z,0
1.82302,102.9166377,Daerah: Johor<br>No:5251<br>Hex coord:(33;70),n/a,0,0,0,0,0,0,1,2023-05-31T20:58:27.7815225Z,0
1.8308,102.9301721,Daerah: Johor<br>No:5252<br>Hex coord:(34;70),n/a,1,0,0,0,0,0,1,2023-05-31T20:58:28.4626812Z,0
1.82302,102.9437066,Daerah: Johor<br>No:5253<br>Hex coord:(35;70),n/a,0,0,0,0,0,0,1,2023-05-31T20:58:29.1337272Z,0
1.8308,102.9572411,Daerah: Johor<br>No:5254<br>Hex coord:(36;70),n/a,0,0,0,0,0,0,1,2023-05-31T20:58:29.8094863Z,0
1.82302,102.9707756,Daerah: Johor<br>No:5255<br>Hex coord:(37;70),n/a,0,0,0,0,0,0,1,2023-05-31T20:58:30.4729690Z,0
1.8308,102.98431,Daerah: Johor<br>No:5256<br>Hex coord:(38;70),n/a,0,0,0,0,0,1,1,2023-05-31T20:58:31.1283838Z,0
1.82302,102.9978445,Daerah: Johor<br>No:5257<br>Hex coord:(39;70),n/a,0,0,0,0,0,0,1,2023-05-31T20:58:31.7836387Z,0
1.8308,103.011379,Daerah: Johor<br>No:5258<br>Hex coord:(40;70),n/a,0,0,0,0,0,0,1,2023-05-31T20:58:32.4350674Z,0
1.82302,103.0249135,Daerah: Johor<br>No:5259<br>Hex coord:(41;70),n/a,0,0,0,0,0,0,1,2023-05-31T20:58:33.0944328Z,0
1.8308,103.0384479,Daerah: Johor<br>No:5260<br>Hex coord:(42;70),n/a,0,0,0,0,0,0,1,2023-05-31T20:58:33.7617284Z,1
1.82302,103.0519824,Daerah: Johor<br>No:5261<br>Hex coord:(43;70),n/a,0,0,0,0,0,0,1,2023-05-31T20:58:34.4128601Z,0
1.8308,103.0655169,Daerah: Johor<br>No:5262<br>Hex coord:(44;70),n/a,0,0,0,0,0,0,1,2023-05-31T20:58:35.0849431Z,0
1.82302,103.0790514,Daerah: Johor<br>No:5263<br>Hex coord:(45;70),n/a,0,0,0,0,0,0,1,2023-05-31T20:58:35.7349030Z,0
1.8308,103.0925858,Daerah: Johor<br>No:5264<br>Hex coord:(46;70),n/a,0,0,0,0,0,0,1,2023-05-31T20:58:36.3937313Z,0
1.82302,103.1061203,Daerah: Johor<br>No:5265<br>Hex coord:(47;70),n/a,0,0,0,0,0,0,1,2023-05-31T20:58:37.0444873Z,0
1.8308,103.1196548,Daerah: Johor<br>No:5266<br>Hex coord:(48;70),n/a,0,0,0,0,0,0,1,2023-05-31T20:58:37.7078303Z,0
1.82302,103.1331893,Daerah: Johor<br>No:5267<br>Hex coord:(49;70),n/a,0,0,0,0,0,0,1,2023-05-31T20:58:38.3615139Z,0
1.8308,103.1467237,Daerah: Johor<br>No:5268<br>Hex coord:(50;70),n/a,0,0,0,0,0,0,1,2023-05-31T20:58:39.0179321Z,0
1.82302,103.1602582,Daerah: Johor<br>No:5269<br>Hex coord:(51;70),n/a,0,0,0,0,0,0,1,2023-05-31T20:58:39.6703561Z,0
1.8308,103.1737927,Daerah: Johor<br>No:5270<br>Hex coord:(52;70),n/a,0,0,0,0,0,0,1,2023-05-31T20:58:40.3237836Z,0
1.82302,103.1873272,Daerah: Johor<br>No:5271<br>Hex coord:(53;70),n/a,0,0,0,0,0,0,1,2023-05-31T20:58:40.9730583Z,0
1.8308,103.2008616,Daerah: Johor<br>No:5272<br>Hex coord:(54;70),n/a,0,0,0,0,0,0,1,2023-05-31T20:58:41.6286209Z,0
1.82302,103.2143961,Daerah: Johor<br>No:5273<br>Hex coord:(55;70),n/a,0,0,0,0,0,0,1,2023-05-31T20:58:42.2842061Z,0
1.8308,103.2279306,Daerah: Johor<br>No:5274<br>Hex coord:(56;70),n/a,0,0,0,0,0,0,1,2023-05-31T20:58:42.9416029Z,0
1.82302,103.2414651,Daerah: Johor<br>No:5275<br>Hex coord:(57;70),n/a,0,0,0,0,0,0,1,2023-05-31T20:58:43.5900360Z,0
1.8308,103.2549995,Daerah: Johor<br>No:5276<br>Hex coord:(58;70),n/a,0,0,0,0,0,0,1,2023-05-31T20:58:44.2550414Z,0
1.82302,103.268534,Daerah: Johor<br>No:5277<br>Hex coord:(59;70),n/a,0,0,0,0,0,0,1,2023-05-31T20:58:44.9196872Z,0
1.8308,103.2820685,Daerah: Johor<br>No:5278<br>Hex coord:(60;70),n/a,0,0,0,0,0,0,1,2023-05-31T20:58:45.5852849Z,0
1.82302,103.295603,Daerah: Johor<br>No:5279<br>Hex coord:(61;70),n/a,0,0,0,0,0,0,1,2023-05-31T20:58:46.2496995Z,0
1.8308,103.3091374,Daerah: Johor<br>No:5280<br>Hex coord:(62;70),n/a,1,0,0,0,0,0,1,2023-05-31T20:58:46.9209529Z,2
1.82302,103.3226719,Daerah: Johor<br>No:5281<br>Hex coord:(63;70),n/a,0,0,0,0,0,0,1,2023-05-31T20:58:47.5882115Z,0
1.8308,103.3362064,Daerah: Johor<br>No:5282<br>Hex coord:(64;70),n/a,1,0,0,0,0,0,1,2023-05-31T20:58:48.2519714Z,1
1.82302,103.3497409,Daerah: Johor<br>No:5283<br>Hex coord:(65;70),n/a,0,0,0,0,0,0,1,2023-05-31T20:58:48.9226406Z,0
1.8308,103.3632753,Daerah: Johor<br>No:5284<br>Hex coord:(66;70),n/a,0,0,0,0,0,0,1,2023-05-31T20:58:49.5806217Z,0
1.82302,103.3768098,Daerah: Johor<br>No:5285<br>Hex coord:(67;70),n/a,0,0,0,0,0,0,1,2023-05-31T20:58:50.2389495Z,0
1.8308,103.3903443,Daerah: Johor<br>No:5286<br>Hex coord:(68;70),n/a,0,0,0,0,0,0,1,2023-05-31T20:58:50.8968097Z,0
1.82302,103.4038788,Daerah: Johor<br>No:5287<br>Hex coord:(69;70),n/a,0,0,0,0,0,0,1,2023-05-31T20:58:51.5577786Z,0
1.8308,103.4174132,Daerah: Johor<br>No:5288<br>Hex coord:(70;70),n/a,0,0,0,0,0,0,1,2023-05-31T20:58:52.2103527Z,0
1.82302,103.4309477,Daerah: Johor<br>No:5289<br>Hex coord:(71;70),n/a,0,0,0,0,0,0,1,2023-05-31T20:58:52.8670888Z,0
1.8308,103.4444822,Daerah: Johor<br>No:5290<br>Hex coord:(72;70),n/a,0,0,0,0,0,0,1,2023-05-31T20:58:53.5599765Z,0
1.82302,103.4580167,Daerah: Johor<br>No:5291<br>Hex coord:(73;70),n/a,0,0,0,0,0,0,1,2023-05-31T20:58:54.2215683Z,0
1.8308,103.4715511,Daerah: Johor<br>No:5292<br>Hex coord:(74;70),n/a,0,0,0,0,0,0,1,2023-05-31T20:58:54.8860018Z,0
1.82302,103.4850856,Daerah: Johor<br>No:5293<br>Hex coord:(75;70),n/a,0,0,0,0,0,0,1,2023-05-31T20:58:55.5422812Z,0
1.8308,103.4986201,Daerah: Johor<br>No:5294<br>Hex coord:(76;70),n/a,0,0,0,0,0,0,1,2023-05-31T20:58:56.1980768Z,0
1.82302,103.5121546,Daerah: Johor<br>No:5295<br>Hex coord:(77;70),n/a,0,0,0,0,0,0,1,2023-05-31T20:58:56.8592174Z,0
1.8308,103.525689,Daerah: Johor<br>No:5296<br>Hex coord:(78;70),n/a,0,0,0,0,0,0,1,2023-05-31T20:58:57.5100244Z,0
1.82302,103.5392235,Daerah: Johor<br>No:5297<br>Hex coord:(79;70),n/a,0,0,0,0,0,0,1,2023-05-31T20:58:58.1705157Z,0
1.8308,103.552758,Daerah: Johor<br>No:5298<br>Hex coord:(80;70),n/a,0,0,0,0,0,0,1,2023-05-31T20:58:58.8191914Z,0
1.82302,103.5662925,Daerah: Johor<br>No:5299<br>Hex coord:(81;70),n/a,0,0,0,0,0,0,1,2023-05-31T20:58:59.4668093Z,0
1.8308,103.5798269,Daerah: Johor<br>No:5300<br>Hex coord:(82;70),n/a,0,0,0,0,0,0,1,2023-05-31T20:59:00.1300197Z,0
1.82302,103.5933614,Daerah: Johor<br>No:5301<br>Hex coord:(83;70),n/a,0,0,0,0,0,0,1,2023-05-31T20:59:00.7856376Z,0
1.8308,103.6068959,Daerah: Johor<br>No:5302<br>Hex coord:(84;70),n/a,0,0,0,0,0,0,1,2023-05-31T20:59:01.4487296Z,0
1.82302,103.6204304,Daerah: Johor<br>No:5303<br>Hex coord:(85;70),n/a,0,0,0,0,0,0,1,2023-05-31T20:59:02.1055157Z,0
1.8308,103.6339648,Daerah: Johor<br>No:5304<br>Hex coord:(86;70),n/a,0,0,0,0,0,0,1,2023-05-31T20:59:02.7609837Z,0
1.82302,103.6474993,Daerah: Johor<br>No:5305<br>Hex coord:(87;70),n/a,0,0,0,0,0,0,1,2023-05-31T20:59:03.4253872Z,0
1.8308,103.6610338,Daerah: Johor<br>No:5306<br>Hex coord:(88;70),n/a,0,0,0,0,0,0,1,2023-05-31T20:59:04.0807531Z,0
1.82302,103.6745683,Daerah: Johor<br>No:5307<br>Hex coord:(89;70),n/a,0,0,0,0,0,0,1,2023-05-31T20:59:04.7356879Z,0
1.8308,103.6881027,Daerah: Johor<br>No:5308<br>Hex coord:(90;70),n/a,0,0,0,0,0,0,1,2023-05-31T20:59:05.3912597Z,0
1.82302,103.7016372,Daerah: Johor<br>No:5309<br>Hex coord:(91;70),n/a,0,0,0,0,0,0,1,2023-05-31T20:59:06.0493604Z,0
1.8308,103.7151717,Daerah: Johor<br>No:5310<br>Hex coord:(92;70),n/a,0,0,0,0,0,0,1,2023-05-31T20:59:06.7110630Z,0
1.82302,103.7287062,Daerah: Johor<br>No:5311<br>Hex coord:(93;70),n/a,0,0,0,0,0,0,1,2023-05-31T20:59:07.3674062Z,0
1.8308,103.7422406,Daerah: Johor<br>No:5312<br>Hex coord:(94;70),n/a,0,0,0,0,0,0,1,2023-05-31T20:59:08.0211352Z,0
1.82302,103.7557751,Daerah: Johor<br>No:5313<br>Hex coord:(95;70),n/a,0,0,0,0,0,0,1,2023-05-31T20:59:08.6953814Z,0
1.8308,103.7693096,Daerah: Johor<br>No:5314<br>Hex coord:(96;70),n/a,0,0,0,0,0,0,1,2023-05-31T20:59:09.3449362Z,0
1.82302,103.7828441,Daerah: Johor<br>No:5315<br>Hex coord:(97;70),n/a,0,0,0,0,0,0,1,2023-05-31T20:59:09.9974980Z,0
1.8308,103.7963785,Daerah: Johor<br>No:5316<br>Hex coord:(98;70),n/a,0,0,0,0,0,0,1,2023-05-31T20:59:10.6611861Z,0
1.82302,103.809913,Daerah: Johor<br>No:5317<br>Hex coord:(99;70),n/a,0,0,0,0,0,0,1,2023-05-31T20:59:11.3094139Z,0
1.8308,103.8234475,Daerah: Johor<br>No:5318<br>Hex coord:(100;70),n/a,0,0,0,0,0,0,1,2023-05-31T20:59:11.9587454Z,0
1.82302,103.836982,Daerah: Johor<br>No:5319<br>Hex coord:(101;70),n/a,0,0,0,0,0,0,1,2023-05-31T20:59:12.6137872Z,0
1.8308,103.8505164,Daerah: Johor<br>No:5320<br>Hex coord:(102;70),n/a,0,0,0,0,0,0,1,2023-05-31T20:59:13.2679064Z,0
1.82302,103.8640509,Daerah: Johor<br>No:5321<br>Hex coord:(103;70),n/a,0,0,0,0,0,0,1,2023-05-31T20:59:13.9141206Z,0
1.8308,103.8775854,Daerah: Johor<br>No:5322<br>Hex coord:(104;70),n/a,0,0,0,0,0,0,1,2023-05-31T20:59:14.5736876Z,0
1.82302,103.8911199,Daerah: Johor<br>No:5323<br>Hex coord:(105;70),n/a,0,0,0,0,0,0,1,2023-05-31T20:59:15.2416828Z,0
1.8308,103.9046543,Daerah: Johor<br>No:5324<br>Hex coord:(106;70),n/a,0,0,0,0,0,0,1,2023-05-31T20:59:15.8972282Z,0
1.82302,103.9181888,Daerah: Johor<br>No:5325<br>Hex coord:(107;70),n/a,0,0,0,0,0,0,1,2023-05-31T20:59:16.5484656Z,0
1.8308,103.9317233,Daerah: Johor<br>No:5326<br>Hex coord:(108;70),n/a,0,0,0,0,0,0,1,2023-05-31T20:59:17.2034700Z,0
1.82302,103.9452578,Daerah: Johor<br>No:5327<br>Hex coord:(109;70),n/a,0,0,0,0,0,0,1,2023-05-31T20:59:17.8588725Z,0
1.8308,103.9587922,Daerah: Johor<br>No:5328<br>Hex coord:(110;70),n/a,0,0,0,0,0,0,1,2023-05-31T20:59:18.5114122Z,0
1.82302,103.9723267,Daerah: Johor<br>No:5329<br>Hex coord:(111;70),n/a,0,0,0,0,0,0,1,2023-05-31T20:59:19.1694050Z,0
1.8308,103.9858612,Daerah: Johor<br>No:5330<br>Hex coord:(112;70),n/a,0,0,0,0,0,0,1,2023-05-31T20:59:19.8167643Z,0
1.82302,103.9993957,Daerah: Johor<br>No:5331<br>Hex coord:(113;70),n/a,0,0,0,0,0,0,1,2023-05-31T20:59:20.4693295Z,0
1.8308,104.0129301,Daerah: Johor<br>No:5332<br>Hex coord:(114;70),n/a,0,0,0,0,0,0,1,2023-05-31T20:59:21.1298251Z,0
1.82302,104.0264646,Daerah: Johor<br>No:5333<br>Hex coord:(115;70),n/a,0,0,0,0,0,0,1,2023-05-31T20:59:21.7906801Z,0
1.8308,104.0399991,Daerah: Johor<br>No:5334<br>Hex coord:(116;70),n/a,0,0,0,0,0,0,1,2023-05-31T20:59:22.4701453Z,0
1.82302,104.0535336,Daerah: Johor<br>No:5335<br>Hex coord:(117;70),n/a,0,0,0,0,0,0,1,2023-05-31T20:59:23.1309146Z,0
1.8308,104.067068,Daerah: Johor<br>No:5336<br>Hex coord:(118;70),n/a,0,0,0,0,0,0,1,2023-05-31T20:59:23.7881317Z,0
1.82302,104.0806025,Daerah: Johor<br>No:5337<br>Hex coord:(119;70),n/a,0,0,0,0,0,0,1,2023-05-31T20:59:24.4470105Z,0
1.8308,104.094137,Daerah: Johor<br>No:5338<br>Hex coord:(120;70),n/a,0,0,0,0,0,0,1,2023-05-31T20:59:25.1133543Z,0
1.82302,104.1076715,Daerah: Johor<br>No:5339<br>Hex coord:(121;70),n/a,0,0,0,0,0,0,1,2023-05-31T20:59:25.7803020Z,0
1.8308,104.1212059,Daerah: Johor<br>No:5340<br>Hex coord:(122;70),n/a,0,0,0,0,0,0,1,2023-05-31T20:59:26.4287908Z,0
1.82302,104.1347404,Daerah: Johor<br>No:5341<br>Hex coord:(123;70),n/a,0,0,0,0,0,0,1,2023-05-31T20:59:27.0894743Z,0
1.8308,104.1482749,Daerah: Johor<br>No:5342<br>Hex coord:(124;70),n/a,0,0,0,0,0,0,1,2023-05-31T20:59:27.7433471Z,0
1.82302,104.1618094,Daerah: Johor<br>No:5343<br>Hex coord:(125;70),n/a,0,0,0,0,0,0,1,2023-05-31T20:59:28.4086183Z,0
1.81524,102.9031032,Daerah: Johor<br>No:5344<br>Hex coord:(32;71),n/a,0,0,0,0,0,0,1,2023-05-31T20:59:29.0727021Z,0
1.80746,102.9166377,Daerah: Johor<br>No:5345<br>Hex coord:(33;71),n/a,0,0,0,0,0,0,1,2023-05-31T20:59:29.7364853Z,0
1.81524,102.9301721,Daerah: Johor<br>No:5346<br>Hex coord:(34;71),n/a,0,0,0,0,0,0,1,2023-05-31T20:59:30.4080999Z,0
1.80746,102.9437066,Daerah: Johor<br>No:5347<br>Hex coord:(35;71),n/a,0,0,0,0,0,0,1,2023-05-31T20:59:31.0630374Z,0
1.81524,102.9572411,Daerah: Johor<br>No:5348<br>Hex coord:(36;71),n/a,0,0,0,0,0,0,1,2023-05-31T20:59:31.7225838Z,0
1.80746,102.9707756,Daerah: Johor<br>No:5349<br>Hex coord:(37;71),n/a,0,0,0,0,0,0,1,2023-05-31T20:59:32.3930031Z,2
1.81524,102.98431,Daerah: Johor<br>No:5350<br>Hex coord:(38;71),n/a,0,0,0,0,0,0,1,2023-05-31T20:59:33.0566786Z,0
1.80746,102.9978445,Daerah: Johor<br>No:5351<br>Hex coord:(39;71),n/a,0,0,0,0,0,0,1,2023-05-31T20:59:33.7094555Z,0
1.81524,103.011379,Daerah: Johor<br>No:5352<br>Hex coord:(40;71),n/a,0,0,0,0,0,0,1,2023-05-31T20:59:34.3633007Z,0
1.80746,103.0249135,Daerah: Johor<br>No:5353<br>Hex coord:(41;71),n/a,0,0,0,0,0,0,1,2023-05-31T20:59:35.0173508Z,0
1.81524,103.0384479,Daerah: Johor<br>No:5354<br>Hex coord:(42;71),n/a,0,0,0,0,0,0,1,2023-05-31T20:59:35.6702772Z,0
1.80746,103.0519824,Daerah: Johor<br>No:5355<br>Hex coord:(43;71),n/a,0,0,0,0,0,0,1,2023-05-31T20:59:36.3259527Z,0
1.81524,103.0655169,Daerah: Johor<br>No:5356<br>Hex coord:(44;71),n/a,0,0,0,0,0,0,1,2023-05-31T20:59:36.9846599Z,0
1.80746,103.0790514,Daerah: Johor<br>No:5357<br>Hex coord:(45;71),n/a,0,0,0,0,0,0,1,2023-05-31T20:59:37.6614518Z,0
1.81524,103.0925858,Daerah: Johor<br>No:5358<br>Hex coord:(46;71),n/a,0,0,0,0,0,0,1,2023-05-31T20:59:38.3173323Z,0
1.80746,103.1061203,Daerah: Johor<br>No:5359<br>Hex coord:(47;71),n/a,0,0,0,0,0,0,1,2023-05-31T20:59:38.9668689Z,0
1.81524,103.1196548,Daerah: Johor<br>No:5360<br>Hex coord:(48;71),n/a,0,0,0,0,0,0,1,2023-05-31T20:59:39.6248421Z,0
1.80746,103.1331893,Daerah: Johor<br>No:5361<br>Hex coord:(49;71),n/a,0,0,0,0,0,0,1,2023-05-31T20:59:40.2829511Z,0
1.81524,103.1467237,Daerah: Johor<br>No:5362<br>Hex coord:(50;71),n/a,0,0,0,0,0,0,1,2023-05-31T21:00:16.9903246Z,0
1.80746,103.1602582,Daerah: Johor<br>No:5363<br>Hex coord:(51;71),n/a,0,0,0,0,0,0,1,2023-05-31T21:00:17.6659897Z,0
1.81524,103.1737927,Daerah: Johor<br>No:5364<br>Hex coord:(52;71),n/a,0,0,0,0,0,0,1,2023-05-31T21:00:18.3222964Z,0
1.80746,103.1873272,Daerah: Johor<br>No:5365<br>Hex coord:(53;71),n/a,4,0,0,0,0,0,1,2023-05-31T21:00:18.9993640Z,0
1.81524,103.2008616,Daerah: Johor<br>No:5366<br>Hex coord:(54;71),n/a,0,0,0,0,0,0,1,2023-05-31T21:00:19.6687641Z,0
1.80746,103.2143961,Daerah: Johor<br>No:5367<br>Hex coord:(55;71),n/a,0,0,0,0,0,0,1,2023-05-31T21:00:20.3256969Z,0
1.81524,103.2279306,Daerah: Johor<br>No:5368<br>Hex coord:(56;71),n/a,0,0,0,0,0,0,1,2023-05-31T21:00:20.9940554Z,0
1.80746,103.2414651,Daerah: Johor<br>No:5369<br>Hex coord:(57;71),n/a,0,0,0,0,0,0,1,2023-05-31T21:00:21.6492669Z,0
1.81524,103.2549995,Daerah: Johor<br>No:5370<br>Hex coord:(58;71),n/a,0,0,0,0,0,0,1,2023-05-31T21:00:22.3067357Z,0
1.80746,103.268534,Daerah: Johor<br>No:5371<br>Hex coord:(59;71),n/a,0,0,0,0,0,0,1,2023-05-31T21:00:22.9635894Z,0
1.81524,103.2820685,Daerah: Johor<br>No:5372<br>Hex coord:(60;71),n/a,0,0,0,0,0,0,1,2023-05-31T21:00:23.6216354Z,0
1.80746,103.295603,Daerah: Johor<br>No:5373<br>Hex coord:(61;71),n/a,0,0,0,0,0,0,1,2023-05-31T21:00:24.2872904Z,0
1.81524,103.3091374,Daerah: Johor<br>No:5374<br>Hex coord:(62;71),n/a,0,0,0,0,0,0,1,2023-05-31T21:00:24.9469072Z,0
1.80746,103.3226719,Daerah: Johor<br>No:5375<br>Hex coord:(63;71),n/a,0,0,0,0,0,0,1,2023-05-31T21:00:25.6049634Z,0
1.81524,103.3362064,Daerah: Johor<br>No:5376<br>Hex coord:(64;71),n/a,3,0,0,0,0,0,1,2023-05-31T21:00:26.2652172Z,0
1.80746,103.3497409,Daerah: Johor<br>No:5377<br>Hex coord:(65;71),n/a,0,0,0,0,0,0,1,2023-05-31T21:00:26.9394929Z,0
1.81524,103.3632753,Daerah: Johor<br>No:5378<br>Hex coord:(66;71),n/a,0,0,0,0,0,0,1,2023-05-31T21:00:27.5962168Z,0
1.80746,103.3768098,Daerah: Johor<br>No:5379<br>Hex coord:(67;71),n/a,0,0,0,0,0,0,1,2023-05-31T21:00:28.2464531Z,0
1.81524,103.3903443,Daerah: Johor<br>No:5380<br>Hex coord:(68;71),n/a,0,0,0,0,0,0,1,2023-05-31T21:00:28.9044339Z,0
1.80746,103.4038788,Daerah: Johor<br>No:5381<br>Hex coord:(69;71),n/a,0,0,0,0,0,0,1,2023-05-31T21:00:29.5577961Z,0
1.81524,103.4174132,Daerah: Johor<br>No:5382<br>Hex coord:(70;71),n/a,0,0,0,0,0,0,1,2023-05-31T21:00:30.2318544Z,0
1.80746,103.4309477,Daerah: Johor<br>No:5383<br>Hex coord:(71;71),n/a,0,0,0,0,0,0,1,2023-05-31T21:00:30.8930140Z,0
1.81524,103.4444822,Daerah: Johor<br>No:5384<br>Hex coord:(72;71),n/a,0,0,0,0,0,0,1,2023-05-31T21:00:31.5474842Z,0
1.80746,103.4580167,Daerah: Johor<br>No:5385<br>Hex coord:(73;71),n/a,0,0,0,0,0,0,1,2023-05-31T21:00:32.2024721Z,0
1.81524,103.4715511,Daerah: Johor<br>No:5386<br>Hex coord:(74;71),n/a,0,0,0,0,0,0,1,2023-05-31T21:00:32.8579439Z,0
1.80746,103.4850856,Daerah: Johor<br>No:5387<br>Hex coord:(75;71),n/a,0,0,0,0,0,0,1,2023-05-31T21:00:33.5255599Z,0
1.81524,103.4986201,Daerah: Johor<br>No:5388<br>Hex coord:(76;71),n/a,0,0,0,0,0,0,1,2023-05-31T21:00:34.1876659Z,0
1.80746,103.5121546,Daerah: Johor<br>No:5389<br>Hex coord:(77;71),n/a,0,0,0,0,0,0,1,2023-05-31T21:00:34.8461722Z,0
1.81524,103.525689,Daerah: Johor<br>No:5390<br>Hex coord:(78;71),n/a,0,0,0,0,0,0,1,2023-05-31T21:00:35.4957989Z,0
1.80746,103.5392235,Daerah: Johor<br>No:5391<br>Hex coord:(79;71),n/a,0,0,0,0,0,0,1,2023-05-31T21:00:36.1594453Z,0
1.81524,103.552758,Daerah: Johor<br>No:5392<br>Hex coord:(80;71),n/a,0,0,0,0,0,0,1,2023-05-31T21:00:36.8271686Z,0
1.80746,103.5662925,Daerah: Johor<br>No:5393<br>Hex coord:(81;71),n/a,0,0,0,0,0,0,1,2023-05-31T21:00:37.4998927Z,0
1.81524,103.5798269,Daerah: Johor<br>No:5394<br>Hex coord:(82;71),n/a,0,0,0,0,0,0,1,2023-05-31T21:00:38.1540411Z,0
1.80746,103.5933614,Daerah: Johor<br>No:5395<br>Hex coord:(83;71),n/a,0,0,0,0,0,0,1,2023-05-31T21:00:38.8082264Z,0
1.81524,103.6068959,Daerah: Johor<br>No:5396<br>Hex coord:(84;71),n/a,0,0,0,0,0,0,1,2023-05-31T21:00:39.4744776Z,0
1.80746,103.6204304,Daerah: Johor<br>No:5397<br>Hex coord:(85;71),n/a,0,0,0,0,0,0,1,2023-05-31T21:00:40.1332554Z,0
1.81524,103.6339648,Daerah: Johor<br>No:5398<br>Hex coord:(86;71),n/a,0,0,0,0,0,0,1,2023-05-31T21:00:40.7935312Z,0
1.80746,103.6474993,Daerah: Johor<br>No:5399<br>Hex coord:(87;71),n/a,0,0,0,0,0,0,1,2023-05-31T21:00:41.4476336Z,0
1.81524,103.6610338,Daerah: Johor<br>No:5400<br>Hex coord:(88;71),n/a,0,0,0,0,0,0,1,2023-05-31T21:00:42.1134403Z,0
1.80746,103.6745683,Daerah: Johor<br>No:5401<br>Hex coord:(89;71),n/a,0,0,0,0,0,0,1,2023-05-31T21:00:42.7653752Z,0
1.81524,103.6881027,Daerah: Johor<br>No:5402<br>Hex coord:(90;71),n/a,0,0,0,0,0,0,1,2023-05-31T21:00:43.4119906Z,0
1.80746,103.7016372,Daerah: Johor<br>No:5403<br>Hex coord:(91;71),n/a,0,0,0,0,0,0,1,2023-05-31T21:00:44.0725901Z,0
1.81524,103.7151717,Daerah: Johor<br>No:5404<br>Hex coord:(92;71),n/a,0,0,0,0,0,0,1,2023-05-31T21:00:44.7395010Z,0
1.80746,103.7287062,Daerah: Johor<br>No:5405<br>Hex coord:(93;71),n/a,0,0,0,0,0,0,1,2023-05-31T21:00:45.3912309Z,0
1.81524,103.7422406,Daerah: Johor<br>No:5406<br>Hex coord:(94;71),n/a,0,0,0,0,0,0,1,2023-05-31T21:00:46.0422699Z,0
1.80746,103.7557751,Daerah: Johor<br>No:5407<br>Hex coord:(95;71),n/a,0,0,0,0,0,0,1,2023-05-31T21:00:46.6948331Z,0
1.81524,103.7693096,Daerah: Johor<br>No:5408<br>Hex coord:(96;71),n/a,0,0,0,0,0,0,1,2023-05-31T21:00:47.3588800Z,0
1.80746,103.7828441,Daerah: Johor<br>No:5409<br>Hex coord:(97;71),n/a,0,0,0,0,0,0,1,2023-05-31T21:00:48.0125683Z,0
1.81524,103.7963785,Daerah: Johor<br>No:5410<br>Hex coord:(98;71),n/a,0,0,0,0,0,0,1,2023-05-31T21:00:48.6693234Z,0
1.80746,103.809913,Daerah: Johor<br>No:5411<br>Hex coord:(99;71),n/a,0,0,0,0,0,0,1,2023-05-31T21:00:49.3294313Z,0
1.81524,103.8234475,Daerah: Johor<br>No:5412<br>Hex coord:(100;71),n/a,0,0,0,0,0,0,1,2023-05-31T21:00:49.9884275Z,0
1.80746,103.836982,Daerah: Johor<br>No:5413<br>Hex coord:(101;71),n/a,0,0,0,0,0,0,1,2023-05-31T21:00:50.6462232Z,0
1.81524,103.8505164,Daerah: Johor<br>No:5414<br>Hex coord:(102;71),n/a,0,0,0,0,0,0,1,2023-05-31T21:00:51.3074948Z,0
1.80746,103.8640509,Daerah: Johor<br>No:5415<br>Hex coord:(103;71),n/a,0,0,0,0,0,0,1,2023-05-31T21:00:51.9862283Z,0
1.81524,103.8775854,Daerah: Johor<br>No:5416<br>Hex coord:(104;71),n/a,0,0,0,0,0,0,1,2023-05-31T21:00:52.6428651Z,0
1.80746,103.8911199,Daerah: Johor<br>No:5417<br>Hex coord:(105;71),n/a,0,0,0,0,0,0,1,2023-05-31T21:00:53.2975544Z,0
1.81524,103.9046543,Daerah: Johor<br>No:5418<br>Hex coord:(106;71),n/a,0,0,0,0,0,0,1,2023-05-31T21:00:53.9682274Z,0
1.80746,103.9181888,Daerah: Johor<br>No:5419<br>Hex coord:(107;71),n/a,0,0,0,0,0,0,1,2023-05-31T21:00:54.6366140Z,0
1.81524,103.9317233,Daerah: Johor<br>No:5420<br>Hex coord:(108;71),n/a,0,0,0,0,0,0,1,2023-05-31T21:00:55.2894461Z,0
1.80746,103.9452578,Daerah: Johor<br>No:5421<br>Hex coord:(109;71),n/a,0,0,0,0,0,0,1,2023-05-31T21:00:55.9565682Z,0
1.81524,103.9587922,Daerah: Johor<br>No:5422<br>Hex coord:(110;71),n/a,0,0,0,0,0,0,1,2023-05-31T21:00:56.6157504Z,0
1.80746,103.9723267,Daerah: Johor<br>No:5423<br>Hex coord:(111;71),n/a,0,0,0,0,0,0,1,2023-05-31T21:00:57.2781895Z,0
1.81524,103.9858612,Daerah: Johor<br>No:5424<br>Hex coord:(112;71),n/a,0,0,0,0,0,0,1,2023-05-31T21:00:57.9656072Z,0
1.80746,103.9993957,Daerah: Johor<br>No:5425<br>Hex coord:(113;71),n/a,0,0,0,0,0,0,1,2023-05-31T21:00:58.6232682Z,0
1.81524,104.0129301,Daerah: Johor<br>No:5426<br>Hex coord:(114;71),n/a,0,0,0,0,0,0,1,2023-05-31T21:00:59.2874499Z,0
1.80746,104.0264646,Daerah: Johor<br>No:5427<br>Hex coord:(115;71),n/a,0,0,0,0,0,0,1,2023-05-31T21:00:59.9363096Z,0
1.81524,104.0399991,Daerah: Johor<br>No:5428<br>Hex coord:(116;71),n/a,0,0,0,0,0,0,1,2023-05-31T21:01:00.5984936Z,0
1.80746,104.0535336,Daerah: Johor<br>No:5429<br>Hex coord:(117;71),n/a,0,0,0,0,0,0,1,2023-05-31T21:01:01.2539510Z,0
1.81524,104.067068,Daerah: Johor<br>No:5430<br>Hex coord:(118;71),n/a,0,0,0,0,0,0,1,2023-05-31T21:01:01.9179391Z,0
1.80746,104.0806025,Daerah: Johor<br>No:5431<br>Hex coord:(119;71),n/a,0,0,0,0,0,0,1,2023-05-31T21:01:02.5710794Z,0
1.81524,104.094137,Daerah: Johor<br>No:5432<br>Hex coord:(120;71),n/a,0,0,0,0,0,0,1,2023-05-31T21:01:03.2295930Z,0
1.80746,104.1076715,Daerah: Johor<br>No:5433<br>Hex coord:(121;71),n/a,0,0,0,0,0,0,1,2023-05-31T21:01:03.8922222Z,0
1.81524,104.1212059,Daerah: Johor<br>No:5434<br>Hex coord:(122;71),n/a,0,0,0,0,0,0,1,2023-05-31T21:01:04.5401800Z,0
1.80746,104.1347404,Daerah: Johor<br>No:5435<br>Hex coord:(123;71),n/a,0,0,0,0,0,0,1,2023-05-31T21:01:05.2009247Z,0
1.81524,104.1482749,Daerah: Johor<br>No:5436<br>Hex coord:(124;71),n/a,0,0,0,0,0,0,1,2023-05-31T21:01:05.8656072Z,0
1.80746,104.1618094,Daerah: Johor<br>No:5437<br>Hex coord:(125;71),n/a,0,0,0,0,0,0,1,2023-05-31T21:01:06.5140912Z,0
1.7919,102.8895687,Daerah: Johor<br>No:5438<br>Hex coord:(31;72),n/a,0,0,0,0,0,0,1,2023-05-31T21:01:07.1784499Z,0
1.79968,102.9031032,Daerah: Johor<br>No:5439<br>Hex coord:(32;72),n/a,0,0,0,0,0,0,1,2023-05-31T21:01:07.8349389Z,0
1.7919,102.9166377,Daerah: Johor<br>No:5440<br>Hex coord:(33;72),n/a,0,0,0,0,0,0,1,2023-05-31T21:01:08.5020106Z,0
1.79968,102.9301721,Daerah: Johor<br>No:5441<br>Hex coord:(34;72),n/a,0,0,0,0,0,0,1,2023-05-31T21:01:09.1572254Z,0
1.7919,102.9437066,Daerah: Johor<br>No:5442<br>Hex coord:(35;72),n/a,0,0,0,0,0,0,1,2023-05-31T21:01:09.8234991Z,0
1.79968,102.9572411,Daerah: Johor<br>No:5443<br>Hex coord:(36;72),n/a,0,0,0,0,0,0,1,2023-05-31T21:01:10.4894115Z,0
1.7919,102.9707756,Daerah: Johor<br>No:5444<br>Hex coord:(37;72),n/a,0,0,0,0,0,0,1,2023-05-31T21:01:11.1450067Z,0
1.79968,102.98431,Daerah: Johor<br>No:5445<br>Hex coord:(38;72),n/a,0,0,0,0,0,0,1,2023-05-31T21:01:11.8070594Z,0
1.7919,102.9978445,Daerah: Johor<br>No:5446<br>Hex coord:(39;72),n/a,0,0,0,0,0,0,1,2023-05-31T21:01:12.4745937Z,0
1.79968,103.011379,Daerah: Johor<br>No:5447<br>Hex coord:(40;72),n/a,0,0,0,0,0,0,1,2023-05-31T21:01:13.1591686Z,0
1.7919,103.0249135,Daerah: Johor<br>No:5448<br>Hex coord:(41;72),n/a,0,0,0,0,0,0,1,2023-05-31T21:01:13.8234849Z,0
1.79968,103.0384479,Daerah: Johor<br>No:5449<br>Hex coord:(42;72),n/a,0,0,0,0,0,0,1,2023-05-31T21:01:14.4839294Z,0
1.7919,103.0519824,Daerah: Johor<br>No:5450<br>Hex coord:(43;72),n/a,0,0,0,0,0,0,1,2023-05-31T21:01:15.1401379Z,0
1.79968,103.0655169,Daerah: Johor<br>No:5451<br>Hex coord:(44;72),n/a,0,0,0,0,0,0,1,2023-05-31T21:01:15.8086021Z,0
1.7919,103.0790514,Daerah: Johor<br>No:5452<br>Hex coord:(45;72),n/a,0,0,0,0,0,0,1,2023-05-31T21:01:16.4640191Z,0
1.79968,103.0925858,Daerah: Johor<br>No:5453<br>Hex coord:(46;72),n/a,0,0,0,0,0,0,1,2023-05-31T21:01:17.1155807Z,0
1.7919,103.1061203,Daerah: Johor<br>No:5454<br>Hex coord:(47;72),n/a,0,0,0,0,0,0,1,2023-05-31T21:01:17.7749384Z,0
1.79968,103.1196548,Daerah: Johor<br>No:5455<br>Hex coord:(48;72),n/a,0,0,0,0,0,0,1,2023-05-31T21:01:18.4357085Z,0
1.7919,103.1331893,Daerah: Johor<br>No:5456<br>Hex coord:(49;72),n/a,0,0,0,0,0,0,1,2023-05-31T21:01:19.0888886Z,0
1.79968,103.1467237,Daerah: Johor<br>No:5457<br>Hex coord:(50;72),n/a,0,0,0,0,0,0,1,2023-05-31T21:01:19.7463098Z,0
1.7919,103.1602582,Daerah: Johor<br>No:5458<br>Hex coord:(51;72),n/a,0,0,0,0,0,0,1,2023-05-31T21:01:20.4017916Z,0
1.79968,103.1737927,Daerah: Johor<br>No:5459<br>Hex coord:(52;72),n/a,0,0,0,0,0,0,1,2023-05-31T21:01:21.0594574Z,0
1.7919,103.1873272,Daerah: Johor<br>No:5460<br>Hex coord:(53;72),n/a,0,0,0,0,0,0,1,2023-05-31T21:01:21.7221106Z,0
1.79968,103.2008616,Daerah: Johor<br>No:5461<br>Hex coord:(54;72),n/a,0,0,0,0,0,0,1,2023-05-31T21:01:22.3750656Z,0
1.7919,103.2143961,Daerah: Johor<br>No:5462<br>Hex coord:(55;72),n/a,0,0,0,0,0,0,1,2023-05-31T21:01:23.0305957Z,0
1.79968,103.2279306,Daerah: Johor<br>No:5463<br>Hex coord:(56;72),n/a,0,0,0,0,0,0,1,2023-05-31T21:01:23.6884313Z,0
1.7919,103.2414651,Daerah: Johor<br>No:5464<br>Hex coord:(57;72),n/a,0,0,0,0,0,0,1,2023-05-31T21:01:24.3493830Z,0
1.79968,103.2549995,Daerah: Johor<br>No:5465<br>Hex coord:(58;72),n/a,0,0,0,0,0,0,1,2023-05-31T21:01:25.0140824Z,0
1.7919,103.268534,Daerah: Johor<br>No:5466<br>Hex coord:(59;72),n/a,0,0,0,0,0,0,1,2023-05-31T21:01:25.6634083Z,0
1.79968,103.2820685,Daerah: Johor<br>No:5467<br>Hex coord:(60;72),n/a,0,0,0,0,0,0,1,2023-05-31T21:01:26.3270746Z,0
1.7919,103.295603,Daerah: Johor<br>No:5468<br>Hex coord:(61;72),n/a,0,0,0,0,0,0,1,2023-05-31T21:01:26.9834721Z,0
1.79968,103.3091374,Daerah: Johor<br>No:5469<br>Hex coord:(62;72),n/a,0,0,0,0,0,0,1,2023-05-31T21:01:27.6533580Z,0
1.7919,103.3226719,Daerah: Johor<br>No:5470<br>Hex coord:(63;72),n/a,0,0,0,0,0,0,1,2023-05-31T21:01:28.3339206Z,0
1.79968,103.3362064,Daerah: Johor<br>No:5471<br>Hex coord:(64;72),n/a,0,0,0,0,0,0,1,2023-05-31T21:01:28.9950750Z,0
1.7919,103.3497409,Daerah: Johor<br>No:5472<br>Hex coord:(65;72),n/a,0,0,0,0,0,0,1,2023-05-31T21:01:29.6508704Z,0
1.79968,103.3632753,Daerah: Johor<br>No:5473<br>Hex coord:(66;72),n/a,0,0,0,0,0,0,1,2023-05-31T21:01:30.3164741Z,0
1.7919,103.3768098,Daerah: Johor<br>No:5474<br>Hex coord:(67;72),n/a,0,0,0,0,0,0,1,2023-05-31T21:01:30.9813805Z,0
1.79968,103.3903443,Daerah: Johor<br>No:5475<br>Hex coord:(68;72),n/a,0,0,0,0,0,0,1,2023-05-31T21:01:31.6464344Z,0
1.7919,103.4038788,Daerah: Johor<br>No:5476<br>Hex coord:(69;72),n/a,0,0,0,0,0,0,1,2023-05-31T21:01:32.3084595Z,0
1.79968,103.4174132,Daerah: Johor<br>No:5477<br>Hex coord:(70;72),n/a,0,0,0,0,0,0,1,2023-05-31T21:01:32.9615470Z,0
1.7919,103.4309477,Daerah: Johor<br>No:5478<br>Hex coord:(71;72),n/a,0,0,0,0,0,0,1,2023-05-31T21:01:33.6085276Z,0
1.79968,103.4444822,Daerah: Johor<br>No:5479<br>Hex coord:(72;72),n/a,0,0,0,0,0,0,1,2023-05-31T21:01:34.2715201Z,0
1.7919,103.4580167,Daerah: Johor<br>No:5480<br>Hex coord:(73;72),n/a,0,0,0,0,0,0,1,2023-05-31T21:01:34.9377166Z,0
1.79968,103.4715511,Daerah: Johor<br>No:5481<br>Hex coord:(74;72),n/a,0,0,0,0,0,0,1,2023-05-31T21:01:35.6101283Z,0
1.7919,103.4850856,Daerah: Johor<br>No:5482<br>Hex coord:(75;72),n/a,0,0,0,0,0,0,1,2023-05-31T21:01:36.2672865Z,0
1.79968,103.4986201,Daerah: Johor<br>No:5483<br>Hex coord:(76;72),n/a,0,0,0,0,0,0,1,2023-05-31T21:01:36.9342053Z,0
1.7919,103.5121546,Daerah: Johor<br>No:5484<br>Hex coord:(77;72),n/a,0,0,0,0,0,0,1,2023-05-31T21:01:37.6004229Z,0
1.79968,103.525689,Daerah: Johor<br>No:5485<br>Hex coord:(78;72),n/a,0,0,0,0,0,0,1,2023-05-31T21:01:38.2683633Z,0
1.7919,103.5392235,Daerah: Johor<br>No:5486<br>Hex coord:(79;72),n/a,0,0,0,0,0,0,1,2023-05-31T21:01:38.9324210Z,0
1.79968,103.552758,Daerah: Johor<br>No:5487<br>Hex coord:(80;72),n/a,0,0,0,0,0,0,1,2023-05-31T21:01:39.5874288Z,0
1.7919,103.5662925,Daerah: Johor<br>No:5488<br>Hex coord:(81;72),n/a,0,0,0,0,0,0,1,2023-05-31T21:01:40.2487786Z,0
1.79968,103.5798269,Daerah: Johor<br>No:5489<br>Hex coord:(82;72),n/a,0,0,0,0,0,0,1,2023-05-31T21:01:40.9005254Z,0
1.7919,103.5933614,Daerah: Johor<br>No:5490<br>Hex coord:(83;72),n/a,0,0,0,0,0,0,1,2023-05-31T21:01:41.5578736Z,0
1.79968,103.6068959,Daerah: Johor<br>No:5491<br>Hex coord:(84;72),n/a,0,0,0,0,0,0,1,2023-05-31T21:01:42.2126937Z,0
1.7919,103.6204304,Daerah: Johor<br>No:5492<br>Hex coord:(85;72),n/a,0,0,0,0,0,0,1,2023-05-31T21:01:42.8727405Z,0
1.79968,103.6339648,Daerah: Johor<br>No:5493<br>Hex coord:(86;72),n/a,0,0,0,0,0,0,1,2023-05-31T21:01:43.5387663Z,0
1.7919,103.6474993,Daerah: Johor<br>No:5494<br>Hex coord:(87;72),n/a,0,0,0,0,0,0,1,2023-05-31T21:01:44.1916912Z,0
1.79968,103.6610338,Daerah: Johor<br>No:5495<br>Hex coord:(88;72),n/a,0,0,0,0,0,0,1,2023-05-31T21:01:44.8398805Z,0
1.7919,103.6745683,Daerah: Johor<br>No:5496<br>Hex coord:(89;72),n/a,0,0,0,0,0,0,1,2023-05-31T21:01:45.5020692Z,0
1.79968,103.6881027,Daerah: Johor<br>No:5497<br>Hex coord:(90;72),n/a,0,0,0,0,0,0,1,2023-05-31T21:01:46.1576308Z,0
1.7919,103.7016372,Daerah: Johor<br>No:5498<br>Hex coord:(91;72),n/a,0,0,0,0,0,0,1,2023-05-31T21:01:46.8098703Z,0
1.79968,103.7151717,Daerah: Johor<br>No:5499<br>Hex coord:(92;72),n/a,0,0,0,0,0,0,1,2023-05-31T21:01:47.4610941Z,0
1.7919,103.7287062,Daerah: Johor<br>No:5500<br>Hex coord:(93;72),n/a,0,0,0,0,0,0,1,2023-05-31T21:01:48.1153813Z,0
1.79968,103.7422406,Daerah: Johor<br>No:5501<br>Hex coord:(94;72),n/a,0,0,0,0,0,0,1,2023-05-31T21:01:48.7812117Z,0
1.7919,103.7557751,Daerah: Johor<br>No:5502<br>Hex coord:(95;72),n/a,0,0,0,0,0,0,1,2023-05-31T21:01:49.4439793Z,0
1.79968,103.7693096,Daerah: Johor<br>No:5503<br>Hex coord:(96;72),n/a,0,0,0,0,0,0,1,2023-05-31T21:01:50.0990332Z,0
1.7919,103.7828441,Daerah: Johor<br>No:5504<br>Hex coord:(97;72),n/a,0,0,0,0,0,0,1,2023-05-31T21:01:50.7546299Z,0
1.79968,103.7963785,Daerah: Johor<br>No:5505<br>Hex coord:(98;72),n/a,0,0,0,0,0,0,1,2023-05-31T21:01:51.4144017Z,0
1.7919,103.809913,Daerah: Johor<br>No:5506<br>Hex coord:(99;72),n/a,0,0,0,0,0,0,1,2023-05-31T21:01:52.0704455Z,0
1.79968,103.8234475,Daerah: Johor<br>No:5507<br>Hex coord:(100;72),n/a,0,0,0,0,0,0,1,2023-05-31T21:01:52.7391996Z,0
1.7919,103.836982,Daerah: Johor<br>No:5508<br>Hex coord:(101;72),n/a,0,0,0,0,0,0,1,2023-05-31T21:01:53.3983628Z,0
1.79968,103.8505164,Daerah: Johor<br>No:5509<br>Hex coord:(102;72),n/a,0,0,0,0,0,0,1,2023-05-31T21:01:54.0645066Z,0
1.7919,103.8640509,Daerah: Johor<br>No:5510<br>Hex coord:(103;72),n/a,0,0,0,0,0,0,1,2023-05-31T21:01:54.7261724Z,0
1.79968,103.8775854,Daerah: Johor<br>No:5511<br>Hex coord:(104;72),n/a,0,0,0,0,0,0,1,2023-05-31T21:01:55.4176503Z,0
1.7919,103.8911199,Daerah: Johor<br>No:5512<br>Hex coord:(105;72),n/a,0,0,0,0,0,0,1,2023-05-31T21:01:56.0799087Z,0
1.79968,103.9046543,Daerah: Johor<br>No:5513<br>Hex coord:(106;72),n/a,0,0,0,0,0,0,1,2023-05-31T21:01:56.7354960Z,0
1.7919,103.9181888,Daerah: Johor<br>No:5514<br>Hex coord:(107;72),n/a,0,0,0,0,0,0,1,2023-05-31T21:01:57.3916740Z,0
1.79968,103.9317233,Daerah: Johor<br>No:5515<br>Hex coord:(108;72),n/a,0,0,0,0,0,0,1,2023-05-31T21:01:58.0445102Z,0
1.7919,103.9452578,Daerah: Johor<br>No:5516<br>Hex coord:(109;72),n/a,0,0,0,0,0,0,1,2023-05-31T21:01:58.7003124Z,0
1.79968,103.9587922,Daerah: Johor<br>No:5517<br>Hex coord:(110;72),n/a,0,0,0,0,0,0,1,2023-05-31T21:01:59.3504201Z,0
1.7919,103.9723267,Daerah: Johor<br>No:5518<br>Hex coord:(111;72),n/a,0,0,0,0,0,0,1,2023-05-31T21:02:00.0094277Z,0
1.79968,103.9858612,Daerah: Johor<br>No:5519<br>Hex coord:(112;72),n/a,0,0,0,0,0,0,1,2023-05-31T21:02:00.7131332Z,0
1.7919,103.9993957,Daerah: Johor<br>No:5520<br>Hex coord:(113;72),n/a,0,0,0,0,0,0,1,2023-05-31T21:02:01.3754820Z,0
1.79968,104.0129301,Daerah: Johor<br>No:5521<br>Hex coord:(114;72),n/a,0,0,0,0,0,0,1,2023-05-31T21:02:02.0545241Z,0
1.7919,104.0264646,Daerah: Johor<br>No:5522<br>Hex coord:(115;72),n/a,0,0,0,0,0,0,1,2023-05-31T21:02:02.7094015Z,0
1.79968,104.0399991,Daerah: Johor<br>No:5523<br>Hex coord:(116;72),n/a,0,0,0,0,0,0,1,2023-05-31T21:02:03.3650502Z,0
1.7919,104.0535336,Daerah: Johor<br>No:5524<br>Hex coord:(117;72),n/a,0,0,0,0,0,0,1,2023-05-31T21:02:04.0154895Z,0
1.79968,104.067068,Daerah: Johor<br>No:5525<br>Hex coord:(118;72),n/a,0,0,0,0,0,0,1,2023-05-31T21:02:04.6643942Z,0
1.7919,104.0806025,Daerah: Johor<br>No:5526<br>Hex coord:(119;72),n/a,0,0,0,0,0,0,1,2023-05-31T21:02:05.3173532Z,0
1.79968,104.094137,Daerah: Johor<br>No:5527<br>Hex coord:(120;72),n/a,0,0,0,0,0,0,1,2023-05-31T21:02:05.9738446Z,0
1.7919,104.1076715,Daerah: Johor<br>No:5528<br>Hex coord:(121;72),n/a,0,0,0,0,0,0,1,2023-05-31T21:02:06.6292902Z,0
1.79968,104.1212059,Daerah: Johor<br>No:5529<br>Hex coord:(122;72),n/a,0,0,0,0,0,0,1,2023-05-31T21:02:07.2894740Z,0
1.7919,104.1347404,Daerah: Johor<br>No:5530<br>Hex coord:(123;72),n/a,0,0,0,0,0,0,1,2023-05-31T21:02:07.9554545Z,0
1.79968,104.1482749,Daerah: Johor<br>No:5531<br>Hex coord:(124;72),n/a,0,0,0,0,0,0,1,2023-05-31T21:02:08.6132399Z,0
1.7919,104.1618094,Daerah: Johor<br>No:5532<br>Hex coord:(125;72),n/a,0,0,0,0,0,0,1,2023-05-31T21:02:09.2738530Z,0
1.79968,104.1753438,Daerah: Johor<br>No:5533<br>Hex coord:(126;72),n/a,0,0,0,0,0,0,1,2023-05-31T21:02:09.9381362Z,0
1.78412,102.9031032,Daerah: Johor<br>No:5534<br>Hex coord:(32;73),n/a,0,0,0,0,0,0,1,2023-05-31T21:02:10.5874105Z,0
1.77634,102.9166377,Daerah: Johor<br>No:5535<br>Hex coord:(33;73),n/a,0,0,0,0,0,0,1,2023-05-31T21:02:11.2497132Z,0
1.78412,102.9301721,Daerah: Johor<br>No:5536<br>Hex coord:(34;73),n/a,0,0,0,0,0,0,1,2023-05-31T21:02:12.0173773Z,0
1.77634,102.9437066,Daerah: Johor<br>No:5537<br>Hex coord:(35;73),n/a,0,0,0,0,0,0,1,2023-05-31T21:02:12.6730722Z,0
1.78412,102.9572411,Daerah: Johor<br>No:5538<br>Hex coord:(36;73),n/a,0,0,0,0,0,0,1,2023-05-31T21:02:13.3302818Z,0
1.77634,102.9707756,Daerah: Johor<br>No:5539<br>Hex coord:(37;73),n/a,0,0,0,0,0,0,1,2023-05-31T21:02:13.9964362Z,0
1.78412,102.98431,Daerah: Johor<br>No:5540<br>Hex coord:(38;73),n/a,0,0,0,0,0,0,1,2023-05-31T21:02:14.6474149Z,0
1.77634,102.9978445,Daerah: Johor<br>No:5541<br>Hex coord:(39;73),n/a,0,0,0,0,0,0,1,2023-05-31T21:02:15.3107996Z,0
1.78412,103.011379,Daerah: Johor<br>No:5542<br>Hex coord:(40;73),n/a,0,0,0,0,0,0,1,2023-05-31T21:02:15.9695328Z,0
1.77634,103.0249135,Daerah: Johor<br>No:5543<br>Hex coord:(41;73),n/a,0,0,0,0,0,0,1,2023-05-31T21:02:16.6193416Z,0
1.78412,103.0384479,Daerah: Johor<br>No:5544<br>Hex coord:(42;73),n/a,0,0,0,0,0,0,1,2023-05-31T21:02:17.2960716Z,0
1.77634,103.0519824,Daerah: Johor<br>No:5545<br>Hex coord:(43;73),n/a,0,0,0,0,0,0,1,2023-05-31T21:02:17.9476846Z,0
1.78412,103.0655169,Daerah: Johor<br>No:5546<br>Hex coord:(44;73),n/a,0,0,0,0,0,0,1,2023-05-31T21:02:18.6229686Z,0
1.77634,103.0790514,Daerah: Johor<br>No:5547<br>Hex coord:(45;73),n/a,0,0,0,0,0,0,1,2023-05-31T21:02:19.2908226Z,0
1.78412,103.0925858,Daerah: Johor<br>No:5548<br>Hex coord:(46;73),n/a,0,0,0,0,0,0,1,2023-05-31T21:02:19.9494219Z,0
1.77634,103.1061203,Daerah: Johor<br>No:5549<br>Hex coord:(47;73),n/a,0,0,0,0,0,0,1,2023-05-31T21:02:20.6013756Z,0
1.78412,103.1196548,Daerah: Johor<br>No:5550<br>Hex coord:(48;73),n/a,0,0,0,0,0,0,1,2023-05-31T21:02:21.2547089Z,0
1.77634,103.1331893,Daerah: Johor<br>No:5551<br>Hex coord:(49;73),n/a,0,0,0,0,0,0,1,2023-05-31T21:02:21.9022233Z,0
1.78412,103.1467237,Daerah: Johor<br>No:5552<br>Hex coord:(50;73),n/a,0,0,0,0,0,0,1,2023-05-31T21:02:22.5585492Z,0
1.77634,103.1602582,Daerah: Johor<br>No:5553<br>Hex coord:(51;73),n/a,0,0,0,0,0,0,1,2023-05-31T21:02:23.2070249Z,0
1.78412,103.1737927,Daerah: Johor<br>No:5554<br>Hex coord:(52;73),n/a,0,0,0,0,0,0,1,2023-05-31T21:02:23.8656076Z,0
1.77634,103.1873272,Daerah: Johor<br>No:5555<br>Hex coord:(53;73),n/a,0,0,0,0,0,0,1,2023-05-31T21:02:24.5399935Z,0
1.78412,103.2008616,Daerah: Johor<br>No:5556<br>Hex coord:(54;73),n/a,0,0,0,0,0,0,1,2023-05-31T21:02:25.1923357Z,0
1.77634,103.2143961,Daerah: Johor<br>No:5557<br>Hex coord:(55;73),n/a,0,0,0,0,0,0,1,2023-05-31T21:02:25.8511661Z,0
1.78412,103.2279306,Daerah: Johor<br>No:5558<br>Hex coord:(56;73),n/a,0,0,0,0,0,0,1,2023-05-31T21:02:26.5137439Z,0
1.77634,103.2414651,Daerah: Johor<br>No:5559<br>Hex coord:(57;73),n/a,0,0,0,0,0,0,1,2023-05-31T21:02:27.1719645Z,0
1.78412,103.2549995,Daerah: Johor<br>No:5560<br>Hex coord:(58;73),n/a,0,0,0,0,0,0,1,2023-05-31T21:02:27.8271688Z,0
1.77634,103.268534,Daerah: Johor<br>No:5561<br>Hex coord:(59;73),n/a,0,0,0,0,0,0,1,2023-05-31T21:02:28.4761113Z,0
1.78412,103.2820685,Daerah: Johor<br>No:5562<br>Hex coord:(60;73),n/a,0,0,0,0,0,0,1,2023-05-31T21:02:29.1365439Z,0
1.77634,103.295603,Daerah: Johor<br>No:5563<br>Hex coord:(61;73),n/a,0,0,0,0,0,0,1,2023-05-31T21:02:29.8018585Z,0
1.78412,103.3091374,Daerah: Johor<br>No:5564<br>Hex coord:(62;73),n/a,0,0,0,0,0,0,1,2023-05-31T21:02:30.4608846Z,0
1.77634,103.3226719,Daerah: Johor<br>No:5565<br>Hex coord:(63;73),n/a,0,0,0,0,0,0,1,2023-05-31T21:02:31.1136239Z,0
1.78412,103.3362064,Daerah: Johor<br>No:5566<br>Hex coord:(64;73),n/a,0,0,0,0,0,0,1,2023-05-31T21:02:31.8028974Z,0
1.77634,103.3497409,Daerah: Johor<br>No:5567<br>Hex coord:(65;73),n/a,0,0,0,0,0,0,1,2023-05-31T21:02:32.4603249Z,0
1.78412,103.3632753,Daerah: Johor<br>No:5568<br>Hex coord:(66;73),n/a,0,0,0,0,0,0,1,2023-05-31T21:02:33.1175924Z,0
1.77634,103.3768098,Daerah: Johor<br>No:5569<br>Hex coord:(67;73),n/a,0,0,0,0,0,0,1,2023-05-31T21:02:33.7822938Z,0
1.78412,103.3903443,Daerah: Johor<br>No:5570<br>Hex coord:(68;73),n/a,0,0,0,0,0,0,1,2023-05-31T21:02:34.4396564Z,0
1.77634,103.4038788,Daerah: Johor<br>No:5571<br>Hex coord:(69;73),n/a,0,0,0,0,0,0,1,2023-05-31T21:02:35.0855822Z,0
1.78412,103.4174132,Daerah: Johor<br>No:5572<br>Hex coord:(70;73),n/a,0,0,0,0,0,0,1,2023-05-31T21:02:35.7425501Z,0
1.77634,103.4309477,Daerah: Johor<br>No:5573<br>Hex coord:(71;73),n/a,0,0,0,0,0,0,1,2023-05-31T21:02:36.3944534Z,0
1.78412,103.4444822,Daerah: Johor<br>No:5574<br>Hex coord:(72;73),n/a,0,0,0,0,0,0,1,2023-05-31T21:02:37.0543738Z,0
1.77634,103.4580167,Daerah: Johor<br>No:5575<br>Hex coord:(73;73),n/a,0,0,0,0,0,0,1,2023-05-31T21:02:37.7066686Z,0
1.78412,103.4715511,Daerah: Johor<br>No:5576<br>Hex coord:(74;73),n/a,0,0,0,0,0,0,1,2023-05-31T21:02:38.3649297Z,0
1.77634,103.4850856,Daerah: Johor<br>No:5577<br>Hex coord:(75;73),n/a,0,0,0,0,0,0,1,2023-05-31T21:02:39.0164725Z,0
1.78412,103.4986201,Daerah: Johor<br>No:5578<br>Hex coord:(76;73),n/a,0,0,0,0,0,0,1,2023-05-31T21:02:39.6730084Z,0
1.77634,103.5121546,Daerah: Johor<br>No:5579<br>Hex coord:(77;73),n/a,0,0,0,0,0,0,1,2023-05-31T21:02:40.3273027Z,0
1.78412,103.525689,Daerah: Johor<br>No:5580<br>Hex coord:(78;73),n/a,0,0,0,0,0,0,1,2023-05-31T21:02:40.9834497Z,0
1.77634,103.5392235,Daerah: Johor<br>No:5581<br>Hex coord:(79;73),n/a,0,0,0,0,0,0,1,2023-05-31T21:02:41.6392338Z,0
1.78412,103.552758,Daerah: Johor<br>No:5582<br>Hex coord:(80;73),n/a,0,0,0,0,0,0,1,2023-05-31T21:02:42.2922124Z,0
1.77634,103.5662925,Daerah: Johor<br>No:5583<br>Hex coord:(81;73),n/a,0,0,0,0,0,0,1,2023-05-31T21:02:42.9425723Z,0
1.78412,103.5798269,Daerah: Johor<br>No:5584<br>Hex coord:(82;73),n/a,0,0,0,0,0,0,1,2023-05-31T21:02:43.6057056Z,0
1.77634,103.5933614,Daerah: Johor<br>No:5585<br>Hex coord:(83;73),n/a,0,0,0,0,0,0,1,2023-05-31T21:02:44.2706051Z,0
1.78412,103.6068959,Daerah: Johor<br>No:5586<br>Hex coord:(84;73),n/a,0,0,0,0,0,0,1,2023-05-31T21:02:44.9218887Z,0
1.77634,103.6204304,Daerah: Johor<br>No:5587<br>Hex coord:(85;73),n/a,0,0,0,0,0,0,1,2023-05-31T21:02:45.5803601Z,0
1.78412,103.6339648,Daerah: Johor<br>No:5588<br>Hex coord:(86;73),n/a,0,0,0,0,0,0,1,2023-05-31T21:02:46.2433508Z,0
1.77634,103.6474993,Daerah: Johor<br>No:5589<br>Hex coord:(87;73),n/a,0,0,0,0,0,0,1,2023-05-31T21:02:46.9109540Z,0
1.78412,103.6610338,Daerah: Johor<br>No:5590<br>Hex coord:(88;73),n/a,0,0,0,0,0,0,1,2023-05-31T21:02:47.5657323Z,0
1.77634,103.6745683,Daerah: Johor<br>No:5591<br>Hex coord:(89;73),n/a,0,0,0,0,0,0,1,2023-05-31T21:02:48.2227792Z,0
1.78412,103.6881027,Daerah: Johor<br>No:5592<br>Hex coord:(90;73),n/a,0,0,0,0,0,0,1,2023-05-31T21:02:48.8785837Z,0
1.77634,103.7016372,Daerah: Johor<br>No:5593<br>Hex coord:(91;73),n/a,0,0,0,0,0,0,1,2023-05-31T21:02:49.5338072Z,0
1.78412,103.7151717,Daerah: Johor<br>No:5594<br>Hex coord:(92;73),n/a,0,0,0,0,0,0,1,2023-05-31T21:02:50.1880977Z,0
1.77634,103.7287062,Daerah: Johor<br>No:5595<br>Hex coord:(93;73),n/a,0,0,0,0,0,0,1,2023-05-31T21:02:50.8344345Z,0
1.78412,103.7422406,Daerah: Johor<br>No:5596<br>Hex coord:(94;73),n/a,0,0,0,0,0,0,1,2023-05-31T21:02:51.4924729Z,0
1.77634,103.7557751,Daerah: Johor<br>No:5597<br>Hex coord:(95;73),n/a,0,0,0,0,0,0,1,2023-05-31T21:02:52.1496531Z,0
1.78412,103.7693096,Daerah: Johor<br>No:5598<br>Hex coord:(96;73),n/a,0,0,0,0,0,0,1,2023-05-31T21:02:52.8172036Z,0
1.77634,103.7828441,Daerah: Johor<br>No:5599<br>Hex coord:(97;73),n/a,0,0,0,0,0,0,1,2023-05-31T21:02:53.4722491Z,0
1.78412,103.7963785,Daerah: Johor<br>No:5600<br>Hex coord:(98;73),n/a,0,0,0,0,0,0,1,2023-05-31T21:02:54.1251425Z,0
1.77634,103.809913,Daerah: Johor<br>No:5601<br>Hex coord:(99;73),n/a,0,0,0,0,0,0,1,2023-05-31T21:02:54.7778345Z,0
1.78412,103.8234475,Daerah: Johor<br>No:5602<br>Hex coord:(100;73),n/a,0,0,0,0,0,0,1,2023-05-31T21:02:55.4339647Z,0
1.77634,103.836982,Daerah: Johor<br>No:5603<br>Hex coord:(101;73),n/a,0,0,0,0,0,0,1,2023-05-31T21:02:56.0977604Z,0
1.78412,103.8505164,Daerah: Johor<br>No:5604<br>Hex coord:(102;73),n/a,0,0,0,0,0,0,1,2023-05-31T21:02:56.7558233Z,0
1.77634,103.8640509,Daerah: Johor<br>No:5605<br>Hex coord:(103;73),n/a,0,0,0,0,0,0,1,2023-05-31T21:02:57.4120771Z,0
1.78412,103.8775854,Daerah: Johor<br>No:5606<br>Hex coord:(104;73),n/a,0,0,0,0,0,0,1,2023-05-31T21:02:58.0698646Z,0
1.77634,103.8911199,Daerah: Johor<br>No:5607<br>Hex coord:(105;73),n/a,0,0,0,0,0,1,1,2023-05-31T21:02:58.7321342Z,0
1.78412,103.9046543,Daerah: Johor<br>No:5608<br>Hex coord:(106;73),n/a,0,0,0,0,0,0,1,2023-05-31T21:02:59.3945698Z,0
1.77634,103.9181888,Daerah: Johor<br>No:5609<br>Hex coord:(107;73),n/a,0,0,0,0,0,1,1,2023-05-31T21:03:00.0678162Z,0
1.78412,103.9317233,Daerah: Johor<br>No:5610<br>Hex coord:(108;73),n/a,0,0,0,0,0,0,1,2023-05-31T21:03:00.7254388Z,0
1.77634,103.9452578,Daerah: Johor<br>No:5611<br>Hex coord:(109;73),n/a,0,0,0,0,0,0,1,2023-05-31T21:03:01.3948536Z,0
1.78412,103.9587922,Daerah: Johor<br>No:5612<br>Hex coord:(110;73),n/a,0,0,0,0,0,0,1,2023-05-31T21:03:02.0817721Z,0
1.77634,103.9723267,Daerah: Johor<br>No:5613<br>Hex coord:(111;73),n/a,0,0,0,0,0,0,1,2023-05-31T21:03:02.7346971Z,0
1.78412,103.9858612,Daerah: Johor<br>No:5614<br>Hex coord:(112;73),n/a,0,0,0,0,0,0,1,2023-05-31T21:03:03.3864429Z,0
1.77634,103.9993957,Daerah: Johor<br>No:5615<br>Hex coord:(113;73),n/a,0,0,0,0,0,0,1,2023-05-31T21:03:04.0480223Z,0
1.78412,104.0129301,Daerah: Johor<br>No:5616<br>Hex coord:(114;73),n/a,0,0,0,0,0,0,1,2023-05-31T21:03:04.6945899Z,0
1.77634,104.0264646,Daerah: Johor<br>No:5617<br>Hex coord:(115;73),n/a,0,0,0,0,0,0,1,2023-05-31T21:03:05.3496805Z,0
1.78412,104.0399991,Daerah: Johor<br>No:5618<br>Hex coord:(116;73),n/a,0,0,0,0,0,0,1,2023-05-31T21:03:05.9992945Z,0
1.77634,104.0535336,Daerah: Johor<br>No:5619<br>Hex coord:(117;73),n/a,0,0,0,0,0,0,1,2023-05-31T21:03:06.6491011Z,0
1.78412,104.067068,Daerah: Johor<br>No:5620<br>Hex coord:(118;73),n/a,0,0,0,0,0,0,1,2023-05-31T21:03:07.3044497Z,0
1.77634,104.0806025,Daerah: Johor<br>No:5621<br>Hex coord:(119;73),n/a,0,0,0,0,0,0,1,2023-05-31T21:03:07.9574738Z,0
1.78412,104.094137,Daerah: Johor<br>No:5622<br>Hex coord:(120;73),n/a,0,0,0,0,0,0,1,2023-05-31T21:03:08.6240167Z,0
1.77634,104.1076715,Daerah: Johor<br>No:5623<br>Hex coord:(121;73),n/a,0,0,0,0,0,0,1,2023-05-31T21:03:09.2721383Z,0
1.78412,104.1212059,Daerah: Johor<br>No:5624<br>Hex coord:(122;73),n/a,0,0,0,0,0,0,1,2023-05-31T21:03:09.9299384Z,0
1.77634,104.1347404,Daerah: Johor<br>No:5625<br>Hex coord:(123;73),n/a,0,0,0,0,0,0,1,2023-05-31T21:03:10.5877358Z,0
1.78412,104.1482749,Daerah: Johor<br>No:5626<br>Hex coord:(124;73),n/a,0,0,0,0,0,0,1,2023-05-31T21:03:11.2517097Z,0
1.77634,104.1618094,Daerah: Johor<br>No:5627<br>Hex coord:(125;73),n/a,0,0,0,0,0,0,1,2023-05-31T21:03:11.9065934Z,0
1.78412,104.1753438,Daerah: Johor<br>No:5628<br>Hex coord:(126;73),n/a,0,0,0,0,0,0,1,2023-05-31T21:03:12.5591375Z,0
1.77634,104.1888783,Daerah: Johor<br>No:5629<br>Hex coord:(127;73),n/a,0,0,0,0,0,0,1,2023-05-31T21:03:13.2173170Z,0
1.76078,102.9166377,Daerah: Johor<br>No:5630<br>Hex coord:(33;74),n/a,0,0,0,0,0,0,1,2023-05-31T21:03:13.8657070Z,0
1.76856,102.9301721,Daerah: Johor<br>No:5631<br>Hex coord:(34;74),n/a,0,0,0,0,0,0,1,2023-05-31T21:03:14.5255310Z,0
1.76078,102.9437066,Daerah: Johor<br>No:5632<br>Hex coord:(35;74),n/a,0,0,0,0,0,0,1,2023-05-31T21:03:15.1831757Z,0
1.76856,102.9572411,Daerah: Johor<br>No:5633<br>Hex coord:(36;74),n/a,0,0,0,0,0,0,1,2023-05-31T21:03:15.8559069Z,0
1.76078,102.9707756,Daerah: Johor<br>No:5634<br>Hex coord:(37;74),n/a,0,0,0,0,0,0,1,2023-05-31T21:03:16.5263816Z,0
1.76856,102.98431,Daerah: Johor<br>No:5635<br>Hex coord:(38;74),n/a,0,0,0,0,0,0,1,2023-05-31T21:03:17.1939245Z,0
1.76078,102.9978445,Daerah: Johor<br>No:5636<br>Hex coord:(39;74),n/a,0,0,0,0,0,0,1,2023-05-31T21:03:17.8629057Z,0
1.76856,103.011379,Daerah: Johor<br>No:5637<br>Hex coord:(40;74),n/a,0,0,0,0,0,0,1,2023-05-31T21:03:18.5270402Z,0
1.76078,103.0249135,Daerah: Johor<br>No:5638<br>Hex coord:(41;74),n/a,0,0,0,0,0,0,1,2023-05-31T21:03:19.1905749Z,0
1.76856,103.0384479,Daerah: Johor<br>No:5639<br>Hex coord:(42;74),n/a,0,0,0,0,0,0,1,2023-05-31T21:03:19.8386576Z,0
1.76078,103.0519824,Daerah: Johor<br>No:5640<br>Hex coord:(43;74),n/a,0,0,0,0,0,0,1,2023-05-31T21:03:20.5068250Z,0
1.76856,103.0655169,Daerah: Johor<br>No:5641<br>Hex coord:(44;74),n/a,0,0,0,0,0,0,1,2023-05-31T21:03:21.1741341Z,0
1.76078,103.0790514,Daerah: Johor<br>No:5642<br>Hex coord:(45;74),n/a,0,0,0,0,0,0,1,2023-05-31T21:03:21.8400189Z,0
1.76856,103.0925858,Daerah: Johor<br>No:5643<br>Hex coord:(46;74),n/a,0,0,0,0,0,0,1,2023-05-31T21:03:22.4978924Z,0
1.76078,103.1061203,Daerah: Johor<br>No:5644<br>Hex coord:(47;74),n/a,0,0,0,0,0,0,1,2023-05-31T21:03:23.1590467Z,0
1.76856,103.1196548,Daerah: Johor<br>No:5645<br>Hex coord:(48;74),n/a,0,0,0,0,0,0,1,2023-05-31T21:03:23.8098493Z,0
1.76078,103.1331893,Daerah: Johor<br>No:5646<br>Hex coord:(49;74),n/a,0,0,0,0,0,0,1,2023-05-31T21:03:24.4656818Z,0
1.76856,103.1467237,Daerah: Johor<br>No:5647<br>Hex coord:(50;74),n/a,0,0,0,0,0,0,1,2023-05-31T21:03:25.1453077Z,0
1.76078,103.1602582,Daerah: Johor<br>No:5648<br>Hex coord:(51;74),n/a,0,0,0,0,0,0,1,2023-05-31T21:03:25.8053483Z,0
1.76856,103.1737927,Daerah: Johor<br>No:5649<br>Hex coord:(52;74),n/a,0,0,0,0,0,0,1,2023-05-31T21:03:26.4758139Z,0
1.76078,103.1873272,Daerah: Johor<br>No:5650<br>Hex coord:(53;74),n/a,0,0,0,0,0,0,1,2023-05-31T21:03:27.1449437Z,0
1.76856,103.2008616,Daerah: Johor<br>No:5651<br>Hex coord:(54;74),n/a,0,0,0,0,0,0,1,2023-05-31T21:03:27.8216204Z,0
1.76078,103.2143961,Daerah: Johor<br>No:5652<br>Hex coord:(55;74),n/a,0,0,0,0,0,0,1,2023-05-31T21:03:28.4733607Z,0
1.76856,103.2279306,Daerah: Johor<br>No:5653<br>Hex coord:(56;74),n/a,0,0,0,0,0,0,1,2023-05-31T21:03:29.1224186Z,0
1.76078,103.2414651,Daerah: Johor<br>No:5654<br>Hex coord:(57;74),n/a,0,0,0,0,0,0,1,2023-05-31T21:03:29.7861581Z,0
1.76856,103.2549995,Daerah: Johor<br>No:5655<br>Hex coord:(58;74),n/a,0,0,0,0,0,0,1,2023-05-31T21:03:30.4403753Z,0
1.76078,103.268534,Daerah: Johor<br>No:5656<br>Hex coord:(59;74),n/a,0,0,0,0,0,0,1,2023-05-31T21:03:31.0910112Z,0
1.76856,103.2820685,Daerah: Johor<br>No:5657<br>Hex coord:(60;74),n/a,0,0,0,0,0,0,1,2023-05-31T21:03:31.7472261Z,0
1.76078,103.295603,Daerah: Johor<br>No:5658<br>Hex coord:(61;74),n/a,0,0,0,0,0,0,1,2023-05-31T21:03:32.4121489Z,0
1.76856,103.3091374,Daerah: Johor<br>No:5659<br>Hex coord:(62;74),n/a,0,0,0,0,0,0,1,2023-05-31T21:03:33.0663834Z,0
1.76078,103.3226719,Daerah: Johor<br>No:5660<br>Hex coord:(63;74),n/a,0,0,0,0,0,0,1,2023-05-31T21:03:33.7194552Z,0
1.76856,103.3362064,Daerah: Johor<br>No:5661<br>Hex coord:(64;74),n/a,0,0,0,0,0,0,1,2023-05-31T21:03:34.3798463Z,0
1.76078,103.3497409,Daerah: Johor<br>No:5662<br>Hex coord:(65;74),n/a,0,0,0,0,0,0,1,2023-05-31T21:03:35.0407550Z,0
1.76856,103.3632753,Daerah: Johor<br>No:5663<br>Hex coord:(66;74),n/a,0,0,0,0,0,0,1,2023-05-31T21:03:35.7045850Z,0
1.76078,103.3768098,Daerah: Johor<br>No:5664<br>Hex coord:(67;74),n/a,0,0,0,0,0,0,1,2023-05-31T21:03:36.3551262Z,0
1.76856,103.3903443,Daerah: Johor<br>No:5665<br>Hex coord:(68;74),n/a,0,0,0,0,0,0,1,2023-05-31T21:03:37.0307672Z,0
1.76078,103.4038788,Daerah: Johor<br>No:5666<br>Hex coord:(69;74),n/a,0,0,0,0,0,0,1,2023-05-31T21:03:37.7051597Z,0
1.76856,103.4174132,Daerah: Johor<br>No:5667<br>Hex coord:(70;74),n/a,0,0,0,0,0,0,1,2023-05-31T21:03:38.3601775Z,0
1.76078,103.4309477,Daerah: Johor<br>No:5668<br>Hex coord:(71;74),n/a,0,0,0,0,0,0,1,2023-05-31T21:04:15.0338765Z,0
1.76856,103.4444822,Daerah: Johor<br>No:5669<br>Hex coord:(72;74),n/a,0,0,0,0,0,0,1,2023-05-31T21:04:15.7131671Z,0
1.76078,103.4580167,Daerah: Johor<br>No:5670<br>Hex coord:(73;74),n/a,0,0,0,0,0,0,1,2023-05-31T21:04:16.3672577Z,0
1.76856,103.4715511,Daerah: Johor<br>No:5671<br>Hex coord:(74;74),n/a,0,0,0,0,0,0,1,2023-05-31T21:04:17.0228795Z,0
1.76078,103.4850856,Daerah: Johor<br>No:5672<br>Hex coord:(75;74),n/a,0,0,0,0,0,0,1,2023-05-31T21:04:17.6992456Z,0
1.76856,103.4986201,Daerah: Johor<br>No:5673<br>Hex coord:(76;74),n/a,0,0,0,0,0,0,1,2023-05-31T21:04:18.3619969Z,0
1.76078,103.5121546,Daerah: Johor<br>No:5674<br>Hex coord:(77;74),n/a,0,0,0,0,0,0,1,2023-05-31T21:04:19.0111683Z,0
1.76856,103.525689,Daerah: Johor<br>No:5675<br>Hex coord:(78;74),n/a,0,0,0,0,0,0,1,2023-05-31T21:04:19.6679286Z,0
1.76078,103.5392235,Daerah: Johor<br>No:5676<br>Hex coord:(79;74),n/a,0,0,0,0,0,0,1,2023-05-31T21:04:20.3313499Z,0
1.76856,103.552758,Daerah: Johor<br>No:5677<br>Hex coord:(80;74),n/a,0,0,0,0,0,0,1,2023-05-31T21:04:20.9854510Z,0
1.76078,103.5662925,Daerah: Johor<br>No:5678<br>Hex coord:(81;74),n/a,0,0,0,0,0,0,1,2023-05-31T21:04:21.6350906Z,0
1.76856,103.5798269,Daerah: Johor<br>No:5679<br>Hex coord:(82;74),n/a,0,0,0,0,0,0,1,2023-05-31T21:04:22.2878826Z,0
1.76078,103.5933614,Daerah: Johor<br>No:5680<br>Hex coord:(83;74),n/a,0,0,0,0,0,0,1,2023-05-31T21:04:22.9423917Z,0
1.76856,103.6068959,Daerah: Johor<br>No:5681<br>Hex coord:(84;74),n/a,0,0,0,0,0,0,1,2023-05-31T21:04:23.6059706Z,0
1.76078,103.6204304,Daerah: Johor<br>No:5682<br>Hex coord:(85;74),n/a,0,0,0,0,0,0,1,2023-05-31T21:04:24.2872211Z,0
1.76856,103.6339648,Daerah: Johor<br>No:5683<br>Hex coord:(86;74),n/a,0,0,0,0,0,0,1,2023-05-31T21:04:24.9458999Z,0
1.76078,103.6474993,Daerah: Johor<br>No:5684<br>Hex coord:(87;74),n/a,0,0,0,0,0,0,1,2023-05-31T21:04:25.6208711Z,0
1.76856,103.6610338,Daerah: Johor<br>No:5685<br>Hex coord:(88;74),n/a,0,0,0,0,0,0,1,2023-05-31T21:04:26.2739797Z,0
1.76078,103.6745683,Daerah: Johor<br>No:5686<br>Hex coord:(89;74),n/a,0,0,0,0,0,0,1,2023-05-31T21:04:26.9350854Z,0
1.76856,103.6881027,Daerah: Johor<br>No:5687<br>Hex coord:(90;74),n/a,0,0,0,0,0,0,1,2023-05-31T21:04:27.5900971Z,0
1.76078,103.7016372,Daerah: Johor<br>No:5688<br>Hex coord:(91;74),n/a,0,0,0,0,0,0,1,2023-05-31T21:04:28.2574844Z,0
1.76856,103.7151717,Daerah: Johor<br>No:5689<br>Hex coord:(92;74),n/a,0,0,0,0,0,0,1,2023-05-31T21:04:28.9187439Z,1
1.76078,103.7287062,Daerah: Johor<br>No:5690<br>Hex coord:(93;74),n/a,0,0,0,0,0,0,1,2023-05-31T21:04:29.5730143Z,0
1.76856,103.7422406,Daerah: Johor<br>No:5691<br>Hex coord:(94;74),n/a,0,0,0,0,0,0,1,2023-05-31T21:04:30.2331206Z,0
1.76078,103.7557751,Daerah: Johor<br>No:5692<br>Hex coord:(95;74),n/a,0,0,0,0,0,0,1,2023-05-31T21:04:30.8912339Z,0
1.76856,103.7693096,Daerah: Johor<br>No:5693<br>Hex coord:(96;74),n/a,0,0,0,0,0,0,1,2023-05-31T21:04:31.5500428Z,0
1.76078,103.7828441,Daerah: Johor<br>No:5694<br>Hex coord:(97;74),n/a,0,0,0,0,0,0,1,2023-05-31T21:04:32.2109179Z,0
1.76856,103.7963785,Daerah: Johor<br>No:5695<br>Hex coord:(98;74),n/a,0,0,0,0,0,0,1,2023-05-31T21:04:32.8775605Z,0
1.76078,103.809913,Daerah: Johor<br>No:5696<br>Hex coord:(99;74),n/a,0,0,0,0,0,0,1,2023-05-31T21:04:33.5387708Z,0
1.76856,103.8234475,Daerah: Johor<br>No:5697<br>Hex coord:(100;74),n/a,0,0,0,0,0,0,1,2023-05-31T21:04:34.1998528Z,0
1.76078,103.836982,Daerah: Johor<br>No:5698<br>Hex coord:(101;74),n/a,0,0,0,0,0,0,1,2023-05-31T21:04:34.8608980Z,0
1.76856,103.8505164,Daerah: Johor<br>No:5699<br>Hex coord:(102;74),n/a,0,0,0,0,0,0,1,2023-05-31T21:04:35.5120871Z,0
1.76078,103.8640509,Daerah: Johor<br>No:5700<br>Hex coord:(103;74),n/a,0,0,0,0,0,1,1,2023-05-31T21:04:36.1930922Z,0
1.76856,103.8775854,Daerah: Johor<br>No:5701<br>Hex coord:(104;74),n/a,0,0,0,0,0,1,1,2023-05-31T21:04:36.8693973Z,1
1.76078,103.8911199,Daerah: Johor<br>No:5702<br>Hex coord:(105;74),n/a,0,0,0,0,0,1,1,2023-05-31T21:04:37.5392711Z,0
1.76856,103.9046543,Daerah: Johor<br>No:5703<br>Hex coord:(106;74),n/a,0,0,0,0,0,1,1,2023-05-31T21:04:38.1982529Z,0
1.76078,103.9181888,Daerah: Johor<br>No:5704<br>Hex coord:(107;74),n/a,0,0,0,0,0,1,1,2023-05-31T21:04:38.8570054Z,0
1.76856,103.9317233,Daerah: Johor<br>No:5705<br>Hex coord:(108;74),n/a,0,0,0,0,0,0,1,2023-05-31T21:04:39.5266772Z,0
1.76078,103.9452578,Daerah: Johor<br>No:5706<br>Hex coord:(109;74),n/a,0,0,0,0,0,0,1,2023-05-31T21:04:40.1844157Z,0
1.76856,103.9587922,Daerah: Johor<br>No:5707<br>Hex coord:(110;74),n/a,0,0,0,0,0,0,1,2023-05-31T21:04:40.8325723Z,0
1.76078,103.9723267,Daerah: Johor<br>No:5708<br>Hex coord:(111;74),n/a,0,0,0,0,0,0,1,2023-05-31T21:04:41.4919501Z,0
1.76856,103.9858612,Daerah: Johor<br>No:5709<br>Hex coord:(112;74),n/a,0,0,0,0,0,0,1,2023-05-31T21:04:42.1422862Z,0
1.76078,103.9993957,Daerah: Johor<br>No:5710<br>Hex coord:(113;74),n/a,0,0,0,0,0,0,1,2023-05-31T21:04:43.0102183Z,0
1.76856,104.0129301,Daerah: Johor<br>No:5711<br>Hex coord:(114;74),n/a,0,0,0,0,0,0,1,2023-05-31T21:04:43.6673721Z,0
1.76078,104.0264646,Daerah: Johor<br>No:5712<br>Hex coord:(115;74),n/a,0,0,0,0,0,0,1,2023-05-31T21:04:44.3227437Z,0
1.76856,104.0399991,Daerah: Johor<br>No:5713<br>Hex coord:(116;74),n/a,0,0,0,0,0,0,1,2023-05-31T21:04:44.9768572Z,0
1.76078,104.0535336,Daerah: Johor<br>No:5714<br>Hex coord:(117;74),n/a,0,0,0,0,0,0,1,2023-05-31T21:04:45.6444178Z,0
1.76856,104.067068,Daerah: Johor<br>No:5715<br>Hex coord:(118;74),n/a,0,0,0,0,0,0,1,2023-05-31T21:04:46.3007469Z,0
1.76078,104.0806025,Daerah: Johor<br>No:5716<br>Hex coord:(119;74),n/a,0,0,0,0,0,0,1,2023-05-31T21:04:46.9522042Z,0
1.76856,104.094137,Daerah: Johor<br>No:5717<br>Hex coord:(120;74),n/a,0,0,0,0,0,0,1,2023-05-31T21:04:47.6091231Z,0
1.76078,104.1076715,Daerah: Johor<br>No:5718<br>Hex coord:(121;74),n/a,0,0,0,0,0,0,1,2023-05-31T21:04:48.2798530Z,0
1.76856,104.1212059,Daerah: Johor<br>No:5719<br>Hex coord:(122;74),n/a,0,0,0,0,0,0,1,2023-05-31T21:04:48.9373521Z,0
1.76078,104.1347404,Daerah: Johor<br>No:5720<br>Hex coord:(123;74),n/a,0,0,0,0,0,0,1,2023-05-31T21:04:49.5926814Z,0
1.76856,104.1482749,Daerah: Johor<br>No:5721<br>Hex coord:(124;74),n/a,0,0,0,0,0,0,1,2023-05-31T21:04:50.2514851Z,0
1.76078,104.1618094,Daerah: Johor<br>No:5722<br>Hex coord:(125;74),n/a,0,0,0,0,0,0,1,2023-05-31T21:04:50.8990319Z,0
1.76856,104.1753438,Daerah: Johor<br>No:5723<br>Hex coord:(126;74),n/a,0,0,0,0,0,0,1,2023-05-31T21:04:51.5624374Z,0
1.76078,104.1888783,Daerah: Johor<br>No:5724<br>Hex coord:(127;74),n/a,0,0,0,0,0,0,1,2023-05-31T21:04:52.2130393Z,0
1.753,102.9301721,Daerah: Johor<br>No:5725<br>Hex coord:(34;75),n/a,0,0,0,0,0,0,1,2023-05-31T21:04:52.8701127Z,0
1.74522,102.9437066,Daerah: Johor<br>No:5726<br>Hex coord:(35;75),n/a,0,0,0,0,0,0,1,2023-05-31T21:04:53.5224895Z,0
1.753,102.9572411,Daerah: Johor<br>No:5727<br>Hex coord:(36;75),n/a,0,0,0,0,0,0,1,2023-05-31T21:04:54.1754043Z,0
1.74522,102.9707756,Daerah: Johor<br>No:5728<br>Hex coord:(37;75),n/a,0,0,0,0,0,0,1,2023-05-31T21:04:54.8270077Z,0
1.753,102.98431,Daerah: Johor<br>No:5729<br>Hex coord:(38;75),n/a,0,0,0,0,0,0,1,2023-05-31T21:04:55.5051269Z,0
1.74522,102.9978445,Daerah: Johor<br>No:5730<br>Hex coord:(39;75),n/a,0,0,0,0,0,0,1,2023-05-31T21:04:56.2025993Z,0
1.753,103.011379,Daerah: Johor<br>No:5731<br>Hex coord:(40;75),n/a,0,0,0,0,0,0,1,2023-05-31T21:04:56.8647897Z,0
1.74522,103.0249135,Daerah: Johor<br>No:5732<br>Hex coord:(41;75),n/a,0,0,0,0,0,0,1,2023-05-31T21:04:57.5294467Z,1
1.753,103.0384479,Daerah: Johor<br>No:5733<br>Hex coord:(42;75),n/a,1,0,0,0,0,0,1,2023-05-31T21:04:58.1836311Z,1
1.74522,103.0519824,Daerah: Johor<br>No:5734<br>Hex coord:(43;75),n/a,0,0,0,0,0,0,1,2023-05-31T21:04:58.8365252Z,0
1.753,103.0655169,Daerah: Johor<br>No:5735<br>Hex coord:(44;75),n/a,0,0,0,0,0,0,1,2023-05-31T21:04:59.4856423Z,0
1.74522,103.0790514,Daerah: Johor<br>No:5736<br>Hex coord:(45;75),n/a,0,0,0,0,0,0,1,2023-05-31T21:05:00.1474919Z,0
1.753,103.0925858,Daerah: Johor<br>No:5737<br>Hex coord:(46;75),n/a,0,0,0,0,0,0,1,2023-05-31T21:05:00.8102797Z,0
1.74522,103.1061203,Daerah: Johor<br>No:5738<br>Hex coord:(47;75),n/a,0,0,0,0,0,0,1,2023-05-31T21:05:01.4743612Z,0
1.753,103.1196548,Daerah: Johor<br>No:5739<br>Hex coord:(48;75),n/a,0,0,0,0,0,0,1,2023-05-31T21:05:02.1261638Z,0
1.74522,103.1331893,Daerah: Johor<br>No:5740<br>Hex coord:(49;75),n/a,0,0,0,0,0,0,1,2023-05-31T21:05:02.7842804Z,0
1.753,103.1467237,Daerah: Johor<br>No:5741<br>Hex coord:(50;75),n/a,0,0,0,0,0,0,1,2023-05-31T21:05:03.4547023Z,0
1.74522,103.1602582,Daerah: Johor<br>No:5742<br>Hex coord:(51;75),n/a,0,0,0,0,0,0,1,2023-05-31T21:05:04.1063998Z,0
1.753,103.1737927,Daerah: Johor<br>No:5743<br>Hex coord:(52;75),n/a,0,0,0,0,0,0,1,2023-05-31T21:05:04.7416474Z,0
1.74522,103.1873272,Daerah: Johor<br>No:5744<br>Hex coord:(53;75),n/a,0,0,0,0,0,0,1,2023-05-31T21:05:05.4043852Z,0
1.753,103.2008616,Daerah: Johor<br>No:5745<br>Hex coord:(54;75),n/a,0,0,0,0,0,0,1,2023-05-31T21:05:06.0573569Z,0
1.74522,103.2143961,Daerah: Johor<br>No:5746<br>Hex coord:(55;75),n/a,0,0,0,0,0,0,1,2023-05-31T21:05:06.7063726Z,0
1.753,103.2279306,Daerah: Johor<br>No:5747<br>Hex coord:(56;75),n/a,0,0,0,0,0,0,1,2023-05-31T21:05:07.3584863Z,0
1.74522,103.2414651,Daerah: Johor<br>No:5748<br>Hex coord:(57;75),n/a,0,0,0,0,0,0,1,2023-05-31T21:05:08.0147233Z,0
1.753,103.2549995,Daerah: Johor<br>No:5749<br>Hex coord:(58;75),n/a,0,0,0,0,0,0,1,2023-05-31T21:05:08.6713151Z,0
1.74522,103.268534,Daerah: Johor<br>No:5750<br>Hex coord:(59;75),n/a,0,0,0,0,0,0,1,2023-05-31T21:05:09.3316582Z,0
1.753,103.2820685,Daerah: Johor<br>No:5751<br>Hex coord:(60;75),n/a,0,0,0,0,0,0,1,2023-05-31T21:05:10.0141967Z,0
1.74522,103.295603,Daerah: Johor<br>No:5752<br>Hex coord:(61;75),n/a,0,0,0,0,0,0,1,2023-05-31T21:05:10.6676841Z,0
1.753,103.3091374,Daerah: Johor<br>No:5753<br>Hex coord:(62;75),n/a,0,0,0,0,0,0,1,2023-05-31T21:05:11.3238357Z,0
1.74522,103.3226719,Daerah: Johor<br>No:5754<br>Hex coord:(63;75),n/a,0,0,0,0,0,0,1,2023-05-31T21:05:11.9898293Z,0
1.753,103.3362064,Daerah: Johor<br>No:5755<br>Hex coord:(64;75),n/a,0,0,0,0,0,0,1,2023-05-31T21:05:12.6448989Z,0
1.74522,103.3497409,Daerah: Johor<br>No:5756<br>Hex coord:(65;75),n/a,0,0,0,0,0,0,1,2023-05-31T21:05:13.3011139Z,0
1.753,103.3632753,Daerah: Johor<br>No:5757<br>Hex coord:(66;75),n/a,0,0,0,0,0,0,1,2023-05-31T21:05:13.9574620Z,0
1.74522,103.3768098,Daerah: Johor<br>No:5758<br>Hex coord:(67;75),n/a,0,0,0,0,0,0,1,2023-05-31T21:05:14.6069017Z,0
1.753,103.3903443,Daerah: Johor<br>No:5759<br>Hex coord:(68;75),n/a,0,0,0,0,0,0,1,2023-05-31T21:05:15.2663344Z,0
1.74522,103.4038788,Daerah: Johor<br>No:5760<br>Hex coord:(69;75),n/a,0,0,0,0,0,0,1,2023-05-31T21:05:15.9178428Z,0
1.753,103.4174132,Daerah: Johor<br>No:5761<br>Hex coord:(70;75),n/a,0,0,0,0,0,0,1,2023-05-31T21:05:16.5827993Z,0
1.74522,103.4309477,Daerah: Johor<br>No:5762<br>Hex coord:(71;75),n/a,0,0,0,0,0,1,1,2023-05-31T21:05:17.2346169Z,0
1.753,103.4444822,Daerah: Johor<br>No:5763<br>Hex coord:(72;75),n/a,0,0,0,0,0,0,1,2023-05-31T21:05:17.8940344Z,0
1.74522,103.4580167,Daerah: Johor<br>No:5764<br>Hex coord:(73;75),n/a,0,0,0,0,0,0,1,2023-05-31T21:05:18.5493094Z,0
1.753,103.4715511,Daerah: Johor<br>No:5765<br>Hex coord:(74;75),n/a,0,0,0,0,0,0,1,2023-05-31T21:05:19.2058100Z,0
1.74522,103.4850856,Daerah: Johor<br>No:5766<br>Hex coord:(75;75),n/a,0,0,0,0,0,0,1,2023-05-31T21:05:19.8661388Z,0
1.753,103.4986201,Daerah: Johor<br>No:5767<br>Hex coord:(76;75),n/a,0,0,0,0,0,0,1,2023-05-31T21:05:20.5173436Z,0
1.74522,103.5121546,Daerah: Johor<br>No:5768<br>Hex coord:(77;75),n/a,0,0,0,0,0,0,1,2023-05-31T21:05:23.0901432Z,0
1.753,103.525689,Daerah: Johor<br>No:5769<br>Hex coord:(78;75),n/a,0,0,0,0,0,0,1,2023-05-31T21:05:23.7517484Z,0
1.74522,103.5392235,Daerah: Johor<br>No:5770<br>Hex coord:(79;75),n/a,0,0,0,0,0,0,1,2023-05-31T21:05:24.4014365Z,0
1.753,103.552758,Daerah: Johor<br>No:5771<br>Hex coord:(80;75),n/a,0,0,0,0,0,0,1,2023-05-31T21:05:25.0570363Z,0
1.74522,103.5662925,Daerah: Johor<br>No:5772<br>Hex coord:(81;75),n/a,0,0,0,0,0,0,1,2023-05-31T21:05:25.7155560Z,0
1.753,103.5798269,Daerah: Johor<br>No:5773<br>Hex coord:(82;75),n/a,0,0,0,0,0,0,1,2023-05-31T21:05:26.3731772Z,0
1.74522,103.5933614,Daerah: Johor<br>No:5774<br>Hex coord:(83;75),n/a,0,0,0,0,0,0,1,2023-05-31T21:05:27.0311091Z,0
1.753,103.6068959,Daerah: Johor<br>No:5775<br>Hex coord:(84;75),n/a,0,0,0,0,0,0,1,2023-05-31T21:05:27.6802725Z,0
1.74522,103.6204304,Daerah: Johor<br>No:5776<br>Hex coord:(85;75),n/a,0,0,0,0,0,0,1,2023-05-31T21:05:28.3414596Z,0
1.753,103.6339648,Daerah: Johor<br>No:5777<br>Hex coord:(86;75),n/a,0,0,0,0,0,0,1,2023-05-31T21:05:29.0121933Z,0
1.74522,103.6474993,Daerah: Johor<br>No:5778<br>Hex coord:(87;75),n/a,0,0,0,0,0,0,1,2023-05-31T21:05:29.6796929Z,0
1.753,103.6610338,Daerah: Johor<br>No:5779<br>Hex coord:(88;75),n/a,0,0,0,0,0,0,1,2023-05-31T21:05:30.3468943Z,0
1.74522,103.6745683,Daerah: Johor<br>No:5780<br>Hex coord:(89;75),n/a,0,0,0,0,0,0,1,2023-05-31T21:05:30.9993802Z,0
1.753,103.6881027,Daerah: Johor<br>No:5781<br>Hex coord:(90;75),n/a,0,0,0,0,0,0,1,2023-05-31T21:05:31.6614506Z,0
1.74522,103.7016372,Daerah: Johor<br>No:5782<br>Hex coord:(91;75),n/a,0,0,0,0,0,0,1,2023-05-31T21:05:32.3103589Z,0
1.753,103.7151717,Daerah: Johor<br>No:5783<br>Hex coord:(92;75),n/a,0,0,0,0,0,0,1,2023-05-31T21:05:32.9757989Z,0
1.74522,103.7287062,Daerah: Johor<br>No:5784<br>Hex coord:(93;75),n/a,0,0,0,0,0,0,1,2023-05-31T21:05:33.6424770Z,0
1.753,103.7422406,Daerah: Johor<br>No:5785<br>Hex coord:(94;75),n/a,0,0,0,0,0,0,1,2023-05-31T21:05:34.2981417Z,0
1.74522,103.7557751,Daerah: Johor<br>No:5786<br>Hex coord:(95;75),n/a,0,0,0,0,0,0,1,2023-05-31T21:05:34.9608487Z,0
1.753,103.7693096,Daerah: Johor<br>No:5787<br>Hex coord:(96;75),n/a,0,0,0,0,0,0,1,2023-05-31T21:05:35.6271075Z,0
1.74522,103.7828441,Daerah: Johor<br>No:5788<br>Hex coord:(97;75),n/a,0,0,0,0,0,0,1,2023-05-31T21:05:36.2827737Z,0
1.753,103.7963785,Daerah: Johor<br>No:5789<br>Hex coord:(98;75),n/a,0,0,0,0,0,0,1,2023-05-31T21:05:36.9366076Z,0
1.74522,103.809913,Daerah: Johor<br>No:5790<br>Hex coord:(99;75),n/a,0,0,0,0,0,0,1,2023-05-31T21:05:37.5893791Z,0
1.753,103.8234475,Daerah: Johor<br>No:5791<br>Hex coord:(100;75),n/a,0,0,0,0,0,0,1,2023-05-31T21:05:38.2361230Z,0
1.74522,103.836982,Daerah: Johor<br>No:5792<br>Hex coord:(101;75),n/a,0,0,0,0,0,0,1,2023-05-31T21:05:38.8960937Z,0
1.753,103.8505164,Daerah: Johor<br>No:5793<br>Hex coord:(102;75),n/a,0,0,0,0,0,0,1,2023-05-31T21:05:39.5475506Z,0
1.74522,103.8640509,Daerah: Johor<br>No:5794<br>Hex coord:(103;75),n/a,0,0,0,0,0,1,1,2023-05-31T21:05:40.2115173Z,0
1.753,103.8775854,Daerah: Johor<br>No:5795<br>Hex coord:(104;75),n/a,0,0,0,0,0,1,1,2023-05-31T21:05:40.8961706Z,0
1.74522,103.8911199,Daerah: Johor<br>No:5796<br>Hex coord:(105;75),n/a,0,0,0,0,0,1,1,2023-05-31T21:05:41.5580321Z,2
1.753,103.9046543,Daerah: Johor<br>No:5797<br>Hex coord:(106;75),n/a,0,0,0,0,0,1,1,2023-05-31T21:05:42.2282978Z,0
1.74522,103.9181888,Daerah: Johor<br>No:5798<br>Hex coord:(107;75),n/a,0,0,0,0,0,1,1,2023-05-31T21:05:42.8901981Z,0
1.753,103.9317233,Daerah: Johor<br>No:5799<br>Hex coord:(108;75),n/a,0,0,0,0,0,1,1,2023-05-31T21:05:43.5461641Z,0
1.74522,103.9452578,Daerah: Johor<br>No:5800<br>Hex coord:(109;75),n/a,0,0,0,0,0,0,1,2023-05-31T21:05:44.2073680Z,0
1.753,103.9587922,Daerah: Johor<br>No:5801<br>Hex coord:(110;75),n/a,0,0,0,0,0,0,1,2023-05-31T21:05:44.8658865Z,0
1.74522,103.9723267,Daerah: Johor<br>No:5802<br>Hex coord:(111;75),n/a,0,0,0,0,0,0,1,2023-05-31T21:05:45.5372480Z,0
1.753,103.9858612,Daerah: Johor<br>No:5803<br>Hex coord:(112;75),n/a,0,0,0,0,0,0,1,2023-05-31T21:05:46.1878623Z,0
1.74522,103.9993957,Daerah: Johor<br>No:5804<br>Hex coord:(113;75),n/a,0,0,0,0,0,0,1,2023-05-31T21:05:46.8418257Z,0
1.753,104.0129301,Daerah: Johor<br>No:5805<br>Hex coord:(114;75),n/a,0,0,0,0,0,0,1,2023-05-31T21:05:47.4953816Z,0
1.74522,104.0264646,Daerah: Johor<br>No:5806<br>Hex coord:(115;75),n/a,0,0,0,0,0,0,1,2023-05-31T21:05:48.1619708Z,0
1.753,104.0399991,Daerah: Johor<br>No:5807<br>Hex coord:(116;75),n/a,0,0,0,0,0,0,1,2023-05-31T21:05:48.8213054Z,0
1.74522,104.0535336,Daerah: Johor<br>No:5808<br>Hex coord:(117;75),n/a,0,0,0,0,0,0,1,2023-05-31T21:05:49.4770441Z,0
1.753,104.067068,Daerah: Johor<br>No:5809<br>Hex coord:(118;75),n/a,0,0,0,0,0,0,1,2023-05-31T21:05:50.1498448Z,1
1.74522,104.0806025,Daerah: Johor<br>No:5810<br>Hex coord:(119;75),n/a,0,0,0,0,0,0,1,2023-05-31T21:05:50.8129569Z,0
1.753,104.094137,Daerah: Johor<br>No:5811<br>Hex coord:(120;75),n/a,0,0,0,0,0,0,1,2023-05-31T21:05:51.4677171Z,0
1.74522,104.1076715,Daerah: Johor<br>No:5812<br>Hex coord:(121;75),n/a,0,0,0,0,0,0,1,2023-05-31T21:05:52.1244901Z,0
1.753,104.1212059,Daerah: Johor<br>No:5813<br>Hex coord:(122;75),n/a,0,0,0,0,0,0,1,2023-05-31T21:05:52.7784603Z,0
1.74522,104.1347404,Daerah: Johor<br>No:5814<br>Hex coord:(123;75),n/a,0,0,0,0,0,0,1,2023-05-31T21:05:53.4324573Z,0
1.753,104.1482749,Daerah: Johor<br>No:5815<br>Hex coord:(124;75),n/a,0,0,0,0,0,0,1,2023-05-31T21:05:54.0933341Z,0
1.74522,104.1618094,Daerah: Johor<br>No:5816<br>Hex coord:(125;75),n/a,0,0,0,0,0,0,1,2023-05-31T21:05:54.7480541Z,0
1.753,104.1753438,Daerah: Johor<br>No:5817<br>Hex coord:(126;75),n/a,0,0,0,0,0,0,1,2023-05-31T21:05:55.4034274Z,0
1.74522,104.1888783,Daerah: Johor<br>No:5818<br>Hex coord:(127;75),n/a,0,0,0,0,0,0,1,2023-05-31T21:05:56.0569014Z,0
1.73744,103.011379,Daerah: Johor<br>No:5819<br>Hex coord:(40;76),n/a,0,0,0,0,0,0,1,2023-05-31T21:05:56.7128030Z,0
1.72966,103.0249135,Daerah: Johor<br>No:5820<br>Hex coord:(41;76),n/a,0,0,0,0,0,0,1,2023-05-31T21:05:57.3622317Z,0
1.73744,103.0384479,Daerah: Johor<br>No:5821<br>Hex coord:(42;76),n/a,0,0,0,0,0,0,1,2023-05-31T21:05:58.0212742Z,0
1.72966,103.0519824,Daerah: Johor<br>No:5822<br>Hex coord:(43;76),n/a,0,0,0,0,0,0,1,2023-05-31T21:05:58.6713080Z,0
1.73744,103.0655169,Daerah: Johor<br>No:5823<br>Hex coord:(44;76),n/a,0,0,0,0,0,0,1,2023-05-31T21:05:59.3295571Z,0
1.72966,103.0790514,Daerah: Johor<br>No:5824<br>Hex coord:(45;76),n/a,0,0,0,0,0,0,1,2023-05-31T21:05:59.9985335Z,0
1.73744,103.0925858,Daerah: Johor<br>No:5825<br>Hex coord:(46;76),n/a,0,0,0,0,0,0,1,2023-05-31T21:06:00.6489468Z,0
1.72966,103.1061203,Daerah: Johor<br>No:5826<br>Hex coord:(47;76),n/a,0,0,0,0,0,1,1,2023-05-31T21:06:01.2987126Z,0
1.73744,103.1196548,Daerah: Johor<br>No:5827<br>Hex coord:(48;76),n/a,0,0,0,0,0,0,1,2023-05-31T21:06:37.9775158Z,0
1.72966,103.1331893,Daerah: Johor<br>No:5828<br>Hex coord:(49;76),n/a,0,0,0,0,0,1,1,2023-05-31T21:06:38.6437605Z,0
1.73744,103.1467237,Daerah: Johor<br>No:5829<br>Hex coord:(50;76),n/a,0,0,0,0,0,0,1,2023-05-31T21:06:39.2943106Z,0
1.72966,103.1602582,Daerah: Johor<br>No:5830<br>Hex coord:(51;76),n/a,0,0,0,0,0,0,1,2023-05-31T21:06:39.9509403Z,0
1.73744,103.1737927,Daerah: Johor<br>No:5831<br>Hex coord:(52;76),n/a,0,0,0,0,0,0,1,2023-05-31T21:06:40.6080959Z,0
1.72966,103.1873272,Daerah: Johor<br>No:5832<br>Hex coord:(53;76),n/a,0,0,0,0,0,0,1,2023-05-31T21:06:41.2797832Z,0
1.73744,103.2008616,Daerah: Johor<br>No:5833<br>Hex coord:(54;76),n/a,0,0,0,0,0,0,1,2023-05-31T21:06:41.9401110Z,0
1.72966,103.2143961,Daerah: Johor<br>No:5834<br>Hex coord:(55;76),n/a,0,0,0,0,0,0,1,2023-05-31T21:06:42.5991298Z,0
1.73744,103.2279306,Daerah: Johor<br>No:5835<br>Hex coord:(56;76),n/a,0,0,0,0,0,0,1,2023-05-31T21:06:43.2630301Z,0
1.72966,103.2414651,Daerah: Johor<br>No:5836<br>Hex coord:(57;76),n/a,0,0,0,0,0,0,1,2023-05-31T21:06:43.9393982Z,0
1.73744,103.2549995,Daerah: Johor<br>No:5837<br>Hex coord:(58;76),n/a,0,0,0,0,0,0,1,2023-05-31T21:06:44.5940457Z,0
1.72966,103.268534,Daerah: Johor<br>No:5838<br>Hex coord:(59;76),n/a,0,0,0,0,0,0,1,2023-05-31T21:06:45.2467352Z,0
1.73744,103.2820685,Daerah: Johor<br>No:5839<br>Hex coord:(60;76),n/a,0,0,0,0,0,0,1,2023-05-31T21:06:45.9051551Z,0
1.72966,103.295603,Daerah: Johor<br>No:5840<br>Hex coord:(61;76),n/a,0,0,0,0,0,0,1,2023-05-31T21:06:46.5633727Z,0
1.73744,103.3091374,Daerah: Johor<br>No:5841<br>Hex coord:(62;76),n/a,0,0,0,0,0,0,1,2023-05-31T21:06:47.2178945Z,0
1.72966,103.3226719,Daerah: Johor<br>No:5842<br>Hex coord:(63;76),n/a,0,0,0,0,0,0,1,2023-05-31T21:06:47.8803298Z,0
1.73744,103.3362064,Daerah: Johor<br>No:5843<br>Hex coord:(64;76),n/a,0,0,0,0,0,0,1,2023-05-31T21:06:48.5649164Z,0
1.72966,103.3497409,Daerah: Johor<br>No:5844<br>Hex coord:(65;76),n/a,0,0,0,0,0,0,1,2023-05-31T21:06:49.2210541Z,0
1.73744,103.3632753,Daerah: Johor<br>No:5845<br>Hex coord:(66;76),n/a,0,0,0,0,0,0,1,2023-05-31T21:06:49.8868714Z,0
1.72966,103.3768098,Daerah: Johor<br>No:5846<br>Hex coord:(67;76),n/a,0,0,0,0,0,0,1,2023-05-31T21:06:50.5414993Z,0
1.73744,103.3903443,Daerah: Johor<br>No:5847<br>Hex coord:(68;76),n/a,0,0,0,0,0,0,1,2023-05-31T21:06:51.1910044Z,0
1.72966,103.4038788,Daerah: Johor<br>No:5848<br>Hex coord:(69;76),n/a,0,0,0,0,0,1,1,2023-05-31T21:06:51.8498773Z,0
1.73744,103.4174132,Daerah: Johor<br>No:5849<br>Hex coord:(70;76),n/a,0,0,0,0,0,1,1,2023-05-31T21:06:52.5088160Z,0
1.72966,103.4309477,Daerah: Johor<br>No:5850<br>Hex coord:(71;76),n/a,0,0,0,0,0,1,1,2023-05-31T21:06:53.1775859Z,0
1.73744,103.4444822,Daerah: Johor<br>No:5851<br>Hex coord:(72;76),n/a,0,0,0,0,0,1,1,2023-05-31T21:06:53.8321443Z,0
1.72966,103.4580167,Daerah: Johor<br>No:5852<br>Hex coord:(73;76),n/a,0,0,0,0,0,1,1,2023-05-31T21:06:54.4875580Z,0
1.73744,103.4715511,Daerah: Johor<br>No:5853<br>Hex coord:(74;76),n/a,0,0,0,0,0,0,1,2023-05-31T21:06:55.1465475Z,0
1.72966,103.4850856,Daerah: Johor<br>No:5854<br>Hex coord:(75;76),n/a,0,0,0,0,0,0,1,2023-05-31T21:06:55.8003858Z,0
1.73744,103.4986201,Daerah: Johor<br>No:5855<br>Hex coord:(76;76),n/a,0,0,0,0,0,0,1,2023-05-31T21:06:56.4567225Z,0
1.72966,103.5121546,Daerah: Johor<br>No:5856<br>Hex coord:(77;76),n/a,0,0,0,0,0,0,1,2023-05-31T21:06:57.1174759Z,0
1.73744,103.525689,Daerah: Johor<br>No:5857<br>Hex coord:(78;76),n/a,0,0,0,0,0,0,1,2023-05-31T21:06:57.7776698Z,0
1.72966,103.5392235,Daerah: Johor<br>No:5858<br>Hex coord:(79;76),n/a,0,0,0,0,0,0,1,2023-05-31T21:06:58.4459414Z,0
1.73744,103.552758,Daerah: Johor<br>No:5859<br>Hex coord:(80;76),n/a,0,0,0,0,0,0,1,2023-05-31T21:06:59.1035622Z,0
1.72966,103.5662925,Daerah: Johor<br>No:5860<br>Hex coord:(81;76),n/a,0,0,0,0,0,0,1,2023-05-31T21:06:59.7575335Z,0
1.73744,103.5798269,Daerah: Johor<br>No:5861<br>Hex coord:(82;76),n/a,0,0,0,0,0,0,1,2023-05-31T21:07:00.4206013Z,0
1.72966,103.5933614,Daerah: Johor<br>No:5862<br>Hex coord:(83;76),n/a,0,0,0,0,0,0,1,2023-05-31T21:07:01.0729789Z,0
1.73744,103.6068959,Daerah: Johor<br>No:5863<br>Hex coord:(84;76),n/a,0,0,0,0,0,0,1,2023-05-31T21:07:01.7361136Z,0
1.72966,103.6204304,Daerah: Johor<br>No:5864<br>Hex coord:(85;76),n/a,0,0,0,0,0,0,1,2023-05-31T21:07:02.3950734Z,0
1.73744,103.6339648,Daerah: Johor<br>No:5865<br>Hex coord:(86;76),n/a,0,0,0,0,0,0,1,2023-05-31T21:07:03.0530736Z,0
1.72966,103.6474993,Daerah: Johor<br>No:5866<br>Hex coord:(87;76),n/a,0,0,0,0,0,0,1,2023-05-31T21:07:03.7097874Z,0
1.73744,103.6610338,Daerah: Johor<br>No:5867<br>Hex coord:(88;76),n/a,0,0,0,0,0,0,1,2023-05-31T21:07:04.3647029Z,0
1.72966,103.6745683,Daerah: Johor<br>No:5868<br>Hex coord:(89;76),n/a,0,0,0,0,0,0,1,2023-05-31T21:07:05.0121052Z,0
1.73744,103.6881027,Daerah: Johor<br>No:5869<br>Hex coord:(90;76),n/a,0,0,0,0,0,0,1,2023-05-31T21:07:05.6818184Z,0
1.72966,103.7016372,Daerah: Johor<br>No:5870<br>Hex coord:(91;76),n/a,0,0,0,0,0,0,1,2023-05-31T21:07:06.3328854Z,0
1.73744,103.7151717,Daerah: Johor<br>No:5871<br>Hex coord:(92;76),n/a,0,0,0,0,0,0,1,2023-05-31T21:07:06.9922728Z,0
1.72966,103.7287062,Daerah: Johor<br>No:5872<br>Hex coord:(93;76),n/a,0,0,0,0,0,0,1,2023-05-31T21:07:07.6488182Z,0
1.73744,103.7422406,Daerah: Johor<br>No:5873<br>Hex coord:(94;76),n/a,0,0,0,0,0,0,1,2023-05-31T21:07:08.3103729Z,0
1.72966,103.7557751,Daerah: Johor<br>No:5874<br>Hex coord:(95;76),n/a,0,0,0,0,0,0,1,2023-05-31T21:07:08.9653832Z,0
1.73744,103.7693096,Daerah: Johor<br>No:5875<br>Hex coord:(96;76),n/a,0,0,0,0,0,0,1,2023-05-31T21:07:09.6159434Z,0
1.72966,103.7828441,Daerah: Johor<br>No:5876<br>Hex coord:(97;76),n/a,0,0,0,0,0,0,1,2023-05-31T21:07:10.2707203Z,0
1.73744,103.7963785,Daerah: Johor<br>No:5877<br>Hex coord:(98;76),n/a,0,0,0,0,0,0,1,2023-05-31T21:07:10.9308477Z,0
1.72966,103.809913,Daerah: Johor<br>No:5878<br>Hex coord:(99;76),n/a,0,0,0,0,0,0,1,2023-05-31T21:07:11.5913902Z,0
1.73744,103.8234475,Daerah: Johor<br>No:5879<br>Hex coord:(100;76),n/a,0,0,0,0,0,0,1,2023-05-31T21:07:12.2443708Z,0
1.72966,103.836982,Daerah: Johor<br>No:5880<br>Hex coord:(101;76),n/a,0,0,0,0,0,0,1,2023-05-31T21:07:12.9147120Z,0
1.73744,103.8505164,Daerah: Johor<br>No:5881<br>Hex coord:(102;76),n/a,0,0,0,0,0,0,1,2023-05-31T21:07:13.5707291Z,0
1.72966,103.8640509,Daerah: Johor<br>No:5882<br>Hex coord:(103;76),n/a,0,0,0,0,0,1,1,2023-05-31T21:07:14.2414360Z,0
1.73744,103.8775854,Daerah: Johor<br>No:5883<br>Hex coord:(104;76),n/a,0,0,0,0,0,1,1,2023-05-31T21:07:14.9120824Z,1
1.72966,103.8911199,Daerah: Johor<br>No:5884<br>Hex coord:(105;76),n/a,0,0,0,0,0,1,1,2023-05-31T21:07:15.5814482Z,1
1.73744,103.9046543,Daerah: Johor<br>No:5885<br>Hex coord:(106;76),n/a,0,0,0,0,0,1,1,2023-05-31T21:07:16.2589802Z,0
1.72966,103.9181888,Daerah: Johor<br>No:5886<br>Hex coord:(107;76),n/a,0,0,0,0,0,1,1,2023-05-31T21:07:16.9357121Z,0
1.73744,103.9317233,Daerah: Johor<br>No:5887<br>Hex coord:(108;76),n/a,0,0,0,0,0,1,1,2023-05-31T21:07:17.6024586Z,0
1.72966,103.9452578,Daerah: Johor<br>No:5888<br>Hex coord:(109;76),n/a,0,0,0,0,0,0,1,2023-05-31T21:07:18.2718942Z,0
1.73744,103.9587922,Daerah: Johor<br>No:5889<br>Hex coord:(110;76),n/a,0,0,0,0,0,0,1,2023-05-31T21:07:18.9995779Z,0
1.72966,103.9723267,Daerah: Johor<br>No:5890<br>Hex coord:(111;76),n/a,0,0,0,0,0,0,1,2023-05-31T21:07:19.6826204Z,0
1.73744,103.9858612,Daerah: Johor<br>No:5891<br>Hex coord:(112;76),n/a,0,0,0,0,0,0,1,2023-05-31T21:07:20.3440938Z,0
1.72966,103.9993957,Daerah: Johor<br>No:5892<br>Hex coord:(113;76),n/a,0,0,0,0,0,0,1,2023-05-31T21:07:20.9944187Z,0
1.73744,104.0129301,Daerah: Johor<br>No:5893<br>Hex coord:(114;76),n/a,0,0,0,0,0,0,1,2023-05-31T21:07:21.6541588Z,0
1.72966,104.0264646,Daerah: Johor<br>No:5894<br>Hex coord:(115;76),n/a,0,0,0,0,0,0,1,2023-05-31T21:07:22.3194749Z,0
1.73744,104.0399991,Daerah: Johor<br>No:5895<br>Hex coord:(116;76),n/a,0,0,0,0,0,0,1,2023-05-31T21:07:22.9834921Z,0
1.72966,104.0535336,Daerah: Johor<br>No:5896<br>Hex coord:(117;76),n/a,0,0,0,0,0,0,1,2023-05-31T21:07:23.6310981Z,0
1.73744,104.067068,Daerah: Johor<br>No:5897<br>Hex coord:(118;76),n/a,0,0,0,0,0,0,1,2023-05-31T21:07:24.2913963Z,0
1.72966,104.0806025,Daerah: Johor<br>No:5898<br>Hex coord:(119;76),n/a,0,0,0,0,0,0,1,2023-05-31T21:07:24.9506972Z,0
1.73744,104.094137,Daerah: Johor<br>No:5899<br>Hex coord:(120;76),n/a,0,0,0,0,0,0,1,2023-05-31T21:07:25.6077965Z,0
1.72966,104.1076715,Daerah: Johor<br>No:5900<br>Hex coord:(121;76),n/a,0,0,0,0,0,0,1,2023-05-31T21:07:26.2658579Z,0
1.73744,104.1212059,Daerah: Johor<br>No:5901<br>Hex coord:(122;76),n/a,0,0,0,0,0,0,1,2023-05-31T21:07:26.9181826Z,0
1.72966,104.1347404,Daerah: Johor<br>No:5902<br>Hex coord:(123;76),n/a,0,0,0,0,0,0,1,2023-05-31T21:07:27.5751688Z,0
1.73744,104.1482749,Daerah: Johor<br>No:5903<br>Hex coord:(124;76),n/a,0,0,0,0,0,0,1,2023-05-31T21:07:28.2255074Z,0
1.72966,104.1618094,Daerah: Johor<br>No:5904<br>Hex coord:(125;76),n/a,0,0,0,0,0,0,1,2023-05-31T21:07:28.8793456Z,0
1.73744,104.1753438,Daerah: Johor<br>No:5905<br>Hex coord:(126;76),n/a,0,0,0,0,0,0,1,2023-05-31T21:07:29.5367706Z,0
1.72966,104.1888783,Daerah: Johor<br>No:5906<br>Hex coord:(127;76),n/a,0,0,0,0,0,0,1,2023-05-31T21:07:30.1879457Z,0
1.72188,103.0655169,Daerah: Johor<br>No:5907<br>Hex coord:(44;77),n/a,0,0,0,0,0,0,1,2023-05-31T21:07:30.8402328Z,0
1.7141,103.0790514,Daerah: Johor<br>No:5908<br>Hex coord:(45;77),n/a,0,0,0,0,0,0,1,2023-05-31T21:07:31.5018084Z,0
1.72188,103.0925858,Daerah: Johor<br>No:5909<br>Hex coord:(46;77),n/a,0,0,0,0,0,0,1,2023-05-31T21:07:32.1605074Z,0
1.7141,103.1061203,Daerah: Johor<br>No:5910<br>Hex coord:(47;77),n/a,0,0,0,0,0,1,1,2023-05-31T21:07:32.8142663Z,0
1.72188,103.1196548,Daerah: Johor<br>No:5911<br>Hex coord:(48;77),n/a,0,0,0,0,0,1,1,2023-05-31T21:07:33.4626967Z,0
1.7141,103.1331893,Daerah: Johor<br>No:5912<br>Hex coord:(49;77),n/a,0,0,0,0,0,1,1,2023-05-31T21:07:34.1191691Z,0
1.72188,103.1467237,Daerah: Johor<br>No:5913<br>Hex coord:(50;77),n/a,0,0,0,0,0,1,1,2023-05-31T21:07:34.7630593Z,0
1.7141,103.1602582,Daerah: Johor<br>No:5914<br>Hex coord:(51;77),n/a,0,0,0,0,0,1,1,2023-05-31T21:07:35.4176244Z,0
1.72188,103.1737927,Daerah: Johor<br>No:5915<br>Hex coord:(52;77),n/a,0,0,0,0,0,0,1,2023-05-31T21:07:36.0779808Z,0
1.7141,103.1873272,Daerah: Johor<br>No:5916<br>Hex coord:(53;77),n/a,0,0,0,0,0,0,1,2023-05-31T21:07:36.7266610Z,0
1.72188,103.2008616,Daerah: Johor<br>No:5917<br>Hex coord:(54;77),n/a,0,0,0,0,0,0,1,2023-05-31T21:07:37.3820138Z,0
1.7141,103.2143961,Daerah: Johor<br>No:5918<br>Hex coord:(55;77),n/a,0,0,0,0,0,0,1,2023-05-31T21:07:38.0502335Z,0
1.72188,103.2279306,Daerah: Johor<br>No:5919<br>Hex coord:(56;77),n/a,0,0,0,0,0,0,1,2023-05-31T21:07:38.7087053Z,0
1.7141,103.2414651,Daerah: Johor<br>No:5920<br>Hex coord:(57;77),n/a,0,0,0,0,0,0,1,2023-05-31T21:07:39.3656428Z,0
1.72188,103.2549995,Daerah: Johor<br>No:5921<br>Hex coord:(58;77),n/a,0,0,0,0,0,0,1,2023-05-31T21:07:40.0188385Z,0
1.7141,103.268534,Daerah: Johor<br>No:5922<br>Hex coord:(59;77),n/a,0,0,0,0,0,0,1,2023-05-31T21:07:40.6742212Z,0
1.72188,103.2820685,Daerah: Johor<br>No:5923<br>Hex coord:(60;77),n/a,0,0,0,0,0,0,1,2023-05-31T21:07:41.3314525Z,0
1.7141,103.295603,Daerah: Johor<br>No:5924<br>Hex coord:(61;77),n/a,0,0,0,0,0,0,1,2023-05-31T21:07:41.9841657Z,0
1.72188,103.3091374,Daerah: Johor<br>No:5925<br>Hex coord:(62;77),n/a,0,0,0,0,0,0,1,2023-05-31T21:07:42.6508317Z,0
1.7141,103.3226719,Daerah: Johor<br>No:5926<br>Hex coord:(63;77),n/a,0,0,0,0,0,0,1,2023-05-31T21:07:43.3034911Z,0
1.72188,103.3362064,Daerah: Johor<br>No:5927<br>Hex coord:(64;77),n/a,0,0,0,0,0,0,1,2023-05-31T21:07:43.9599256Z,0
1.7141,103.3497409,Daerah: Johor<br>No:5928<br>Hex coord:(65;77),n/a,0,0,0,0,0,0,1,2023-05-31T21:07:44.6262522Z,0
1.72188,103.3632753,Daerah: Johor<br>No:5929<br>Hex coord:(66;77),n/a,0,0,0,0,0,0,1,2023-05-31T21:07:45.2870075Z,0
1.7141,103.3768098,Daerah: Johor<br>No:5930<br>Hex coord:(67;77),n/a,0,0,0,0,0,0,1,2023-05-31T21:07:45.9510081Z,0
1.72188,103.3903443,Daerah: Johor<br>No:5931<br>Hex coord:(68;77),n/a,0,0,0,0,0,0,1,2023-05-31T21:07:46.6105070Z,0
1.7141,103.4038788,Daerah: Johor<br>No:5932<br>Hex coord:(69;77),n/a,0,0,0,0,0,1,1,2023-05-31T21:07:47.2729060Z,0
1.72188,103.4174132,Daerah: Johor<br>No:5933<br>Hex coord:(70;77),n/a,0,0,0,0,0,1,1,2023-05-31T21:07:47.9403779Z,0
1.7141,103.4309477,Daerah: Johor<br>No:5934<br>Hex coord:(71;77),n/a,0,0,0,0,0,1,1,2023-05-31T21:07:48.5954496Z,0
1.72188,103.4444822,Daerah: Johor<br>No:5935<br>Hex coord:(72;77),n/a,0,0,0,0,0,1,1,2023-05-31T21:07:49.2562277Z,0
1.7141,103.4580167,Daerah: Johor<br>No:5936<br>Hex coord:(73;77),n/a,0,0,0,0,0,1,1,2023-05-31T21:07:49.9152205Z,0
1.72188,103.4715511,Daerah: Johor<br>No:5937<br>Hex coord:(74;77),n/a,0,0,0,0,0,1,1,2023-05-31T21:07:50.5699783Z,0
1.7141,103.4850856,Daerah: Johor<br>No:5938<br>Hex coord:(75;77),n/a,0,0,0,0,0,0,1,2023-05-31T21:07:51.2266752Z,0
1.72188,103.4986201,Daerah: Johor<br>No:5939<br>Hex coord:(76;77),n/a,0,0,0,0,0,0,1,2023-05-31T21:07:51.8838138Z,0
1.7141,103.5121546,Daerah: Johor<br>No:5940<br>Hex coord:(77;77),n/a,0,0,0,0,0,0,1,2023-05-31T21:07:52.5453435Z,0
1.72188,103.525689,Daerah: Johor<br>No:5941<br>Hex coord:(78;77),n/a,0,0,0,0,0,0,1,2023-05-31T21:07:53.1989929Z,0
1.7141,103.5392235,Daerah: Johor<br>No:5942<br>Hex coord:(79;77),n/a,0,0,0,0,0,0,1,2023-05-31T21:07:53.8661412Z,0
1.72188,103.552758,Daerah: Johor<br>No:5943<br>Hex coord:(80;77),n/a,0,0,0,0,0,0,1,2023-05-31T21:07:54.5443721Z,0
1.7141,103.5662925,Daerah: Johor<br>No:5944<br>Hex coord:(81;77),n/a,0,0,0,0,0,0,1,2023-05-31T21:07:55.2091625Z,0
1.72188,103.5798269,Daerah: Johor<br>No:5945<br>Hex coord:(82;77),n/a,0,0,0,0,0,0,1,2023-05-31T21:07:55.8703100Z,0
1.7141,103.5933614,Daerah: Johor<br>No:5946<br>Hex coord:(83;77),n/a,0,0,0,0,0,0,1,2023-05-31T21:07:56.5197777Z,0
1.72188,103.6068959,Daerah: Johor<br>No:5947<br>Hex coord:(84;77),n/a,0,0,0,0,0,0,1,2023-05-31T21:07:57.1703076Z,0
1.7141,103.6204304,Daerah: Johor<br>No:5948<br>Hex coord:(85;77),n/a,0,0,0,0,0,0,1,2023-05-31T21:07:57.8381092Z,0
1.72188,103.6339648,Daerah: Johor<br>No:5949<br>Hex coord:(86;77),n/a,0,0,0,0,0,0,1,2023-05-31T21:07:58.4988744Z,0
1.7141,103.6474993,Daerah: Johor<br>No:5950<br>Hex coord:(87;77),n/a,2,0,0,0,0,0,1,2023-05-31T21:07:59.1508214Z,0
1.72188,103.6610338,Daerah: Johor<br>No:5951<br>Hex coord:(88;77),n/a,0,0,0,0,0,0,1,2023-05-31T21:07:59.8185925Z,0
1.7141,103.6745683,Daerah: Johor<br>No:5952<br>Hex coord:(89;77),n/a,0,0,0,0,0,0,1,2023-05-31T21:08:00.4714227Z,0
1.72188,103.6881027,Daerah: Johor<br>No:5953<br>Hex coord:(90;77),n/a,0,0,0,0,0,0,1,2023-05-31T21:08:01.1216878Z,0
1.7141,103.7016372,Daerah: Johor<br>No:5954<br>Hex coord:(91;77),n/a,0,0,0,0,0,0,1,2023-05-31T21:08:01.7845646Z,0
1.72188,103.7151717,Daerah: Johor<br>No:5955<br>Hex coord:(92;77),n/a,0,0,0,0,0,0,1,2023-05-31T21:08:02.4494333Z,0
1.7141,103.7287062,Daerah: Johor<br>No:5956<br>Hex coord:(93;77),n/a,0,0,0,0,0,0,1,2023-05-31T21:08:03.0999575Z,0
1.72188,103.7422406,Daerah: Johor<br>No:5957<br>Hex coord:(94;77),n/a,0,0,0,0,0,0,1,2023-05-31T21:08:03.7560909Z,0
1.7141,103.7557751,Daerah: Johor<br>No:5958<br>Hex coord:(95;77),n/a,0,0,0,0,0,0,1,2023-05-31T21:08:04.4095296Z,0
1.72188,103.7693096,Daerah: Johor<br>No:5959<br>Hex coord:(96;77),n/a,0,0,0,0,0,0,1,2023-05-31T21:08:05.0758352Z,0
1.7141,103.7828441,Daerah: Johor<br>No:5960<br>Hex coord:(97;77),n/a,0,0,0,0,0,0,1,2023-05-31T21:08:05.7477978Z,0
1.72188,103.7963785,Daerah: Johor<br>No:5961<br>Hex coord:(98;77),n/a,0,0,0,0,0,0,1,2023-05-31T21:08:06.4034787Z,0
1.7141,103.809913,Daerah: Johor<br>No:5962<br>Hex coord:(99;77),n/a,0,0,0,0,0,0,1,2023-05-31T21:08:07.0599035Z,0
1.72188,103.8234475,Daerah: Johor<br>No:5963<br>Hex coord:(100;77),n/a,0,0,0,0,0,0,1,2023-05-31T21:08:07.7302128Z,0
1.7141,103.836982,Daerah: Johor<br>No:5964<br>Hex coord:(101;77),n/a,0,0,0,0,0,0,1,2023-05-31T21:08:08.4344590Z,0
1.72188,103.8505164,Daerah: Johor<br>No:5965<br>Hex coord:(102;77),n/a,0,0,0,0,0,0,1,2023-05-31T21:08:09.1009465Z,0
1.7141,103.8640509,Daerah: Johor<br>No:5966<br>Hex coord:(103;77),n/a,0,0,0,0,0,1,1,2023-05-31T21:08:09.7676168Z,0
1.72188,103.8775854,Daerah: Johor<br>No:5967<br>Hex coord:(104;77),n/a,0,0,0,0,0,1,1,2023-05-31T21:08:10.4360573Z,0
1.7141,103.8911199,Daerah: Johor<br>No:5968<br>Hex coord:(105;77),n/a,0,0,0,0,0,1,1,2023-05-31T21:08:11.0906363Z,1
1.72188,103.9046543,Daerah: Johor<br>No:5969<br>Hex coord:(106;77),n/a,0,0,0,0,0,1,1,2023-05-31T21:08:11.7558604Z,0
1.7141,103.9181888,Daerah: Johor<br>No:5970<br>Hex coord:(107;77),n/a,0,0,0,0,0,1,1,2023-05-31T21:08:12.4317923Z,0
1.72188,103.9317233,Daerah: Johor<br>No:5971<br>Hex coord:(108;77),n/a,0,0,0,0,0,1,1,2023-05-31T21:08:13.1001632Z,0
1.7141,103.9452578,Daerah: Johor<br>No:5972<br>Hex coord:(109;77),n/a,0,0,0,0,0,0,1,2023-05-31T21:08:13.7709566Z,0
1.72188,103.9587922,Daerah: Johor<br>No:5973<br>Hex coord:(110;77),n/a,0,0,0,0,0,0,1,2023-05-31T21:08:14.4313159Z,1
1.7141,103.9723267,Daerah: Johor<br>No:5974<br>Hex coord:(111;77),n/a,0,0,0,0,0,0,1,2023-05-31T21:08:15.0865406Z,1
1.72188,103.9858612,Daerah: Johor<br>No:5975<br>Hex coord:(112;77),n/a,0,0,0,0,0,0,1,2023-05-31T21:08:15.7326700Z,0
1.7141,103.9993957,Daerah: Johor<br>No:5976<br>Hex coord:(113;77),n/a,0,0,0,0,0,0,1,2023-05-31T21:08:16.4038093Z,0
1.72188,104.0129301,Daerah: Johor<br>No:5977<br>Hex coord:(114;77),n/a,0,0,0,0,0,0,1,2023-05-31T21:08:17.0549071Z,0
1.7141,104.0264646,Daerah: Johor<br>No:5978<br>Hex coord:(115;77),n/a,0,0,0,0,0,0,1,2023-05-31T21:08:17.7318419Z,0
1.72188,104.0399991,Daerah: Johor<br>No:5979<br>Hex coord:(116;77),n/a,0,0,0,0,0,0,1,2023-05-31T21:08:18.3986162Z,0
1.7141,104.0535336,Daerah: Johor<br>No:5980<br>Hex coord:(117;77),n/a,0,0,0,0,0,0,1,2023-05-31T21:08:19.0542934Z,0
1.72188,104.067068,Daerah: Johor<br>No:5981<br>Hex coord:(118;77),n/a,0,0,0,0,0,0,1,2023-05-31T21:08:19.7124141Z,0
1.7141,104.0806025,Daerah: Johor<br>No:5982<br>Hex coord:(119;77),n/a,0,0,0,0,0,0,1,2023-05-31T21:08:20.3693237Z,0
1.72188,104.094137,Daerah: Johor<br>No:5983<br>Hex coord:(120;77),n/a,0,0,0,0,0,0,1,2023-05-31T21:08:21.0398699Z,0
1.7141,104.1076715,Daerah: Johor<br>No:5984<br>Hex coord:(121;77),n/a,0,0,0,0,0,0,1,2023-05-31T21:08:21.7064791Z,0
1.72188,104.1212059,Daerah: Johor<br>No:5985<br>Hex coord:(122;77),n/a,0,0,0,0,0,0,1,2023-05-31T21:08:58.3966175Z,0
1.7141,104.1347404,Daerah: Johor<br>No:5986<br>Hex coord:(123;77),n/a,0,0,0,0,0,0,1,2023-05-31T21:08:59.0626991Z,0
1.72188,104.1482749,Daerah: Johor<br>No:5987<br>Hex coord:(124;77),n/a,0,0,0,0,0,0,1,2023-05-31T21:08:59.7113814Z,0
1.7141,104.1618094,Daerah: Johor<br>No:5988<br>Hex coord:(125;77),n/a,0,0,0,0,0,0,1,2023-05-31T21:09:00.3672156Z,0
1.72188,104.1753438,Daerah: Johor<br>No:5989<br>Hex coord:(126;77),n/a,0,0,0,0,0,0,1,2023-05-31T21:09:01.0318148Z,0
1.7141,104.1888783,Daerah: Johor<br>No:5990<br>Hex coord:(127;77),n/a,0,0,0,0,0,0,1,2023-05-31T21:09:01.7375493Z,0
1.72188,104.2024128,Daerah: Johor<br>No:5991<br>Hex coord:(128;77),n/a,0,0,0,0,0,0,1,2023-05-31T21:09:02.3892633Z,0
1.7141,104.2159473,Daerah: Johor<br>No:5992<br>Hex coord:(129;77),n/a,0,0,0,0,0,0,1,2023-05-31T21:09:03.0469620Z,0
1.70632,103.0925858,Daerah: Johor<br>No:5993<br>Hex coord:(46;78),n/a,0,0,0,0,0,1,1,2023-05-31T21:09:03.7084995Z,0
1.69854,103.1061203,Daerah: Johor<br>No:5994<br>Hex coord:(47;78),n/a,0,0,0,0,0,1,1,2023-05-31T21:09:04.3636762Z,0
1.70632,103.1196548,Daerah: Johor<br>No:5995<br>Hex coord:(48;78),n/a,0,0,0,0,0,1,1,2023-05-31T21:09:05.0199386Z,0
1.69854,103.1331893,Daerah: Johor<br>No:5996<br>Hex coord:(49;78),n/a,0,0,0,0,0,1,1,2023-05-31T21:09:05.6738865Z,0
1.70632,103.1467237,Daerah: Johor<br>No:5997<br>Hex coord:(50;78),n/a,0,0,0,0,0,1,1,2023-05-31T21:09:06.3269402Z,0
1.69854,103.1602582,Daerah: Johor<br>No:5998<br>Hex coord:(51;78),n/a,0,0,0,0,0,1,1,2023-05-31T21:09:06.9797843Z,1
1.70632,103.1737927,Daerah: Johor<br>No:5999<br>Hex coord:(52;78),n/a,0,0,0,0,0,0,1,2023-05-31T21:09:07.6352079Z,0
1.69854,103.1873272,Daerah: Johor<br>No:6000<br>Hex coord:(53;78),n/a,0,0,0,0,0,1,1,2023-05-31T21:09:08.2882602Z,0
1.70632,103.2008616,Daerah: Johor<br>No:6001<br>Hex coord:(54;78),n/a,0,0,0,0,0,0,1,2023-05-31T21:09:08.9448642Z,0
1.69854,103.2143961,Daerah: Johor<br>No:6002<br>Hex coord:(55;78),n/a,0,0,0,0,0,1,1,2023-05-31T21:09:09.5977269Z,0
1.70632,103.2279306,Daerah: Johor<br>No:6003<br>Hex coord:(56;78),n/a,0,0,0,0,0,0,1,2023-05-31T21:09:10.2525264Z,0
1.69854,103.2414651,Daerah: Johor<br>No:6004<br>Hex coord:(57;78),n/a,0,0,0,0,0,0,1,2023-05-31T21:09:10.9037308Z,0
1.70632,103.2549995,Daerah: Johor<br>No:6005<br>Hex coord:(58;78),n/a,0,0,0,0,0,0,1,2023-05-31T21:09:11.5698795Z,0
1.69854,103.268534,Daerah: Johor<br>No:6006<br>Hex coord:(59;78),n/a,0,0,0,0,0,0,1,2023-05-31T21:09:12.2259605Z,0
1.70632,103.2820685,Daerah: Johor<br>No:6007<br>Hex coord:(60;78),n/a,0,0,0,0,0,0,1,2023-05-31T21:09:12.8862754Z,0
1.69854,103.295603,Daerah: Johor<br>No:6008<br>Hex coord:(61;78),n/a,0,0,0,0,0,0,1,2023-05-31T21:09:13.5536884Z,0
1.70632,103.3091374,Daerah: Johor<br>No:6009<br>Hex coord:(62;78),n/a,0,0,0,0,0,0,1,2023-05-31T21:09:14.2077438Z,0
1.69854,103.3226719,Daerah: Johor<br>No:6010<br>Hex coord:(63;78),n/a,0,0,0,0,0,0,1,2023-05-31T21:09:14.8633667Z,0
1.70632,103.3362064,Daerah: Johor<br>No:6011<br>Hex coord:(64;78),n/a,0,0,0,0,0,0,1,2023-05-31T21:09:15.5232635Z,0
1.69854,103.3497409,Daerah: Johor<br>No:6012<br>Hex coord:(65;78),n/a,0,0,0,0,0,0,1,2023-05-31T21:09:16.1902985Z,0
1.70632,103.3632753,Daerah: Johor<br>No:6013<br>Hex coord:(66;78),n/a,0,0,0,0,0,0,1,2023-05-31T21:09:16.8421962Z,0
1.69854,103.3768098,Daerah: Johor<br>No:6014<br>Hex coord:(67;78),n/a,0,0,0,0,0,0,1,2023-05-31T21:09:17.4939797Z,0
1.70632,103.3903443,Daerah: Johor<br>No:6015<br>Hex coord:(68;78),n/a,0,0,0,0,0,1,1,2023-05-31T21:09:18.1515853Z,0
1.69854,103.4038788,Daerah: Johor<br>No:6016<br>Hex coord:(69;78),n/a,0,0,0,0,0,1,1,2023-05-31T21:09:18.8034210Z,0
1.70632,103.4174132,Daerah: Johor<br>No:6017<br>Hex coord:(70;78),n/a,0,0,0,0,0,1,1,2023-05-31T21:09:19.4703182Z,0
1.69854,103.4309477,Daerah: Johor<br>No:6018<br>Hex coord:(71;78),n/a,0,0,0,0,0,1,1,2023-05-31T21:09:20.1463747Z,0
1.70632,103.4444822,Daerah: Johor<br>No:6019<br>Hex coord:(72;78),n/a,0,0,0,0,0,1,1,2023-05-31T21:09:20.7976809Z,0
1.69854,103.4580167,Daerah: Johor<br>No:6020<br>Hex coord:(73;78),n/a,0,0,0,0,0,1,1,2023-05-31T21:09:21.4532634Z,0
1.70632,103.4715511,Daerah: Johor<br>No:6021<br>Hex coord:(74;78),n/a,0,0,0,0,0,1,1,2023-05-31T21:09:22.1028064Z,0
1.69854,103.4850856,Daerah: Johor<br>No:6022<br>Hex coord:(75;78),n/a,0,0,0,0,0,0,1,2023-05-31T21:09:22.7669653Z,0
1.70632,103.4986201,Daerah: Johor<br>No:6023<br>Hex coord:(76;78),n/a,0,0,0,0,0,0,1,2023-05-31T21:09:23.4314239Z,0
1.69854,103.5121546,Daerah: Johor<br>No:6024<br>Hex coord:(77;78),n/a,0,0,0,0,0,0,1,2023-05-31T21:09:24.0959639Z,0
1.70632,103.525689,Daerah: Johor<br>No:6025<br>Hex coord:(78;78),n/a,0,0,0,0,0,0,1,2023-05-31T21:09:24.7647881Z,0
1.69854,103.5392235,Daerah: Johor<br>No:6026<br>Hex coord:(79;78),n/a,0,0,0,0,0,0,1,2023-05-31T21:09:25.4285491Z,0
1.70632,103.552758,Daerah: Johor<br>No:6027<br>Hex coord:(80;78),n/a,0,0,0,0,0,0,1,2023-05-31T21:09:26.0881820Z,0
1.69854,103.5662925,Daerah: Johor<br>No:6028<br>Hex coord:(81;78),n/a,0,0,0,0,0,2,1,2023-05-31T21:09:26.7589537Z,0
1.70632,103.5798269,Daerah: Johor<br>No:6029<br>Hex coord:(82;78),n/a,0,0,0,0,0,1,1,2023-05-31T21:09:27.4263091Z,0
1.69854,103.5933614,Daerah: Johor<br>No:6030<br>Hex coord:(83;78),n/a,0,0,0,0,0,1,1,2023-05-31T21:09:28.1007940Z,0
1.70632,103.6068959,Daerah: Johor<br>No:6031<br>Hex coord:(84;78),n/a,0,0,0,0,0,0,1,2023-05-31T21:09:28.7668222Z,0
1.69854,103.6204304,Daerah: Johor<br>No:6032<br>Hex coord:(85;78),n/a,0,0,0,0,0,1,1,2023-05-31T21:09:29.4439229Z,0
1.70632,103.6339648,Daerah: Johor<br>No:6033<br>Hex coord:(86;78),n/a,2,0,0,0,0,1,1,2023-05-31T21:09:30.1094643Z,0
1.69854,103.6474993,Daerah: Johor<br>No:6034<br>Hex coord:(87;78),n/a,0,0,0,0,0,1,1,2023-05-31T21:09:30.7805377Z,0
1.70632,103.6610338,Daerah: Johor<br>No:6035<br>Hex coord:(88;78),n/a,0,0,0,0,0,0,1,2023-05-31T21:09:31.4405926Z,0
1.69854,103.6745683,Daerah: Johor<br>No:6036<br>Hex coord:(89;78),n/a,0,0,0,0,0,0,1,2023-05-31T21:09:32.0955878Z,0
1.70632,103.6881027,Daerah: Johor<br>No:6037<br>Hex coord:(90;78),n/a,0,0,0,0,0,0,1,2023-05-31T21:09:32.7652589Z,0
1.69854,103.7016372,Daerah: Johor<br>No:6038<br>Hex coord:(91;78),n/a,0,0,0,0,0,0,1,2023-05-31T21:09:33.4247519Z,0
1.70632,103.7151717,Daerah: Johor<br>No:6039<br>Hex coord:(92;78),n/a,0,0,0,0,0,0,1,2023-05-31T21:09:34.0872397Z,0
1.69854,103.7287062,Daerah: Johor<br>No:6040<br>Hex coord:(93;78),n/a,0,0,0,0,0,0,1,2023-05-31T21:09:34.7402375Z,0
1.70632,103.7422406,Daerah: Johor<br>No:6041<br>Hex coord:(94;78),n/a,0,0,0,0,0,0,1,2023-05-31T21:09:35.3950691Z,0
1.69854,103.7557751,Daerah: Johor<br>No:6042<br>Hex coord:(95;78),n/a,0,0,0,0,0,0,1,2023-05-31T21:09:36.0559363Z,0
1.70632,103.7693096,Daerah: Johor<br>No:6043<br>Hex coord:(96;78),n/a,0,0,0,0,0,0,1,2023-05-31T21:09:36.7106026Z,0
1.69854,103.7828441,Daerah: Johor<br>No:6044<br>Hex coord:(97;78),n/a,0,0,0,0,0,0,1,2023-05-31T21:09:37.3579630Z,0
1.70632,103.7963785,Daerah: Johor<br>No:6045<br>Hex coord:(98;78),n/a,0,0,0,0,0,0,1,2023-05-31T21:09:38.0095070Z,0
1.69854,103.809913,Daerah: Johor<br>No:6046<br>Hex coord:(99;78),n/a,0,0,0,0,0,0,1,2023-05-31T21:09:38.6744432Z,0
1.70632,103.8234475,Daerah: Johor<br>No:6047<br>Hex coord:(100;78),n/a,0,0,0,0,0,0,1,2023-05-31T21:09:39.3311580Z,0
1.69854,103.836982,Daerah: Johor<br>No:6048<br>Hex coord:(101;78),n/a,0,0,0,0,0,0,1,2023-05-31T21:09:40.0003186Z,0
1.70632,103.8505164,Daerah: Johor<br>No:6049<br>Hex coord:(102;78),n/a,0,0,0,0,0,0,1,2023-05-31T21:09:40.6785761Z,0
1.69854,103.8640509,Daerah: Johor<br>No:6050<br>Hex coord:(103;78),n/a,0,0,0,0,0,0,1,2023-05-31T21:09:41.3396052Z,0
1.70632,103.8775854,Daerah: Johor<br>No:6051<br>Hex coord:(104;78),n/a,0,0,0,0,0,1,1,2023-05-31T21:09:42.0094642Z,0
1.69854,103.8911199,Daerah: Johor<br>No:6052<br>Hex coord:(105;78),n/a,0,0,0,0,0,1,1,2023-05-31T21:09:42.6730325Z,0
1.70632,103.9046543,Daerah: Johor<br>No:6053<br>Hex coord:(106;78),n/a,0,0,0,0,0,1,1,2023-05-31T21:09:43.3417765Z,0
1.69854,103.9181888,Daerah: Johor<br>No:6054<br>Hex coord:(107;78),n/a,0,0,0,0,0,1,1,2023-05-31T21:09:44.0067820Z,0
1.70632,103.9317233,Daerah: Johor<br>No:6055<br>Hex coord:(108;78),n/a,0,0,0,0,0,1,1,2023-05-31T21:09:44.6724597Z,0
1.69854,103.9452578,Daerah: Johor<br>No:6056<br>Hex coord:(109;78),n/a,0,0,0,0,0,0,1,2023-05-31T21:09:45.3300050Z,0
1.70632,103.9587922,Daerah: Johor<br>No:6057<br>Hex coord:(110;78),n/a,0,0,0,0,0,0,1,2023-05-31T21:09:45.9982106Z,1
1.69854,103.9723267,Daerah: Johor<br>No:6058<br>Hex coord:(111;78),n/a,0,0,0,0,0,0,1,2023-05-31T21:09:46.6634093Z,0
1.70632,103.9858612,Daerah: Johor<br>No:6059<br>Hex coord:(112;78),n/a,0,0,0,0,0,0,1,2023-05-31T21:09:47.3322985Z,0
1.69854,103.9993957,Daerah: Johor<br>No:6060<br>Hex coord:(113;78),n/a,0,0,0,0,0,0,1,2023-05-31T21:09:47.9942936Z,0
1.70632,104.0129301,Daerah: Johor<br>No:6061<br>Hex coord:(114;78),n/a,0,0,0,0,0,0,1,2023-05-31T21:09:48.6625735Z,0
1.69854,104.0264646,Daerah: Johor<br>No:6062<br>Hex coord:(115;78),n/a,0,0,0,0,0,0,1,2023-05-31T21:09:49.3191579Z,0
1.70632,104.0399991,Daerah: Johor<br>No:6063<br>Hex coord:(116;78),n/a,0,0,0,0,0,0,1,2023-05-31T21:09:49.9784866Z,0
1.69854,104.0535336,Daerah: Johor<br>No:6064<br>Hex coord:(117;78),n/a,0,0,0,0,0,0,1,2023-05-31T21:09:50.6378757Z,0
1.70632,104.067068,Daerah: Johor<br>No:6065<br>Hex coord:(118;78),n/a,0,0,0,0,0,0,1,2023-05-31T21:09:51.3256666Z,0
1.69854,104.0806025,Daerah: Johor<br>No:6066<br>Hex coord:(119;78),n/a,0,0,0,0,0,0,1,2023-05-31T21:09:51.9837716Z,0
1.70632,104.094137,Daerah: Johor<br>No:6067<br>Hex coord:(120;78),n/a,0,0,0,0,0,0,1,2023-05-31T21:09:52.6391134Z,0
1.69854,104.1076715,Daerah: Johor<br>No:6068<br>Hex coord:(121;78),n/a,1,0,0,0,0,0,1,2023-05-31T21:09:53.3126301Z,1
1.70632,104.1212059,Daerah: Johor<br>No:6069<br>Hex coord:(122;78),n/a,0,0,0,0,0,0,1,2023-05-31T21:09:53.9755541Z,0
1.69854,104.1347404,Daerah: Johor<br>No:6070<br>Hex coord:(123;78),n/a,0,0,0,0,0,0,1,2023-05-31T21:09:54.6376357Z,0
1.70632,104.1482749,Daerah: Johor<br>No:6071<br>Hex coord:(124;78),n/a,0,0,0,0,0,0,1,2023-05-31T21:09:55.3067334Z,0
1.69854,104.1618094,Daerah: Johor<br>No:6072<br>Hex coord:(125;78),n/a,0,0,0,0,0,0,1,2023-05-31T21:09:55.9633076Z,0
1.70632,104.1753438,Daerah: Johor<br>No:6073<br>Hex coord:(126;78),n/a,0,0,0,0,0,0,1,2023-05-31T21:09:56.6225348Z,0
1.69854,104.1888783,Daerah: Johor<br>No:6074<br>Hex coord:(127;78),n/a,0,0,0,0,0,0,1,2023-05-31T21:09:57.2868883Z,0
1.70632,104.2024128,Daerah: Johor<br>No:6075<br>Hex coord:(128;78),n/a,0,0,0,0,0,0,1,2023-05-31T21:09:57.9411728Z,0
1.69076,103.0925858,Daerah: Johor<br>No:6076<br>Hex coord:(46;79),n/a,0,0,0,0,0,1,1,2023-05-31T21:09:58.5976742Z,0
1.68298,103.1061203,Daerah: Johor<br>No:6077<br>Hex coord:(47;79),n/a,0,0,0,0,0,1,1,2023-05-31T21:09:59.2711469Z,0
1.69076,103.1196548,Daerah: Johor<br>No:6078<br>Hex coord:(48;79),n/a,0,0,0,0,0,1,1,2023-05-31T21:09:59.9284839Z,0
1.68298,103.1331893,Daerah: Johor<br>No:6079<br>Hex coord:(49;79),n/a,0,0,0,0,0,1,1,2023-05-31T21:10:00.5925121Z,0
1.69076,103.1467237,Daerah: Johor<br>No:6080<br>Hex coord:(50;79),n/a,0,0,0,0,0,1,1,2023-05-31T21:10:01.2956237Z,1
1.68298,103.1602582,Daerah: Johor<br>No:6081<br>Hex coord:(51;79),n/a,0,0,0,0,0,2,1,2023-05-31T21:10:01.9741775Z,0
1.69076,103.1737927,Daerah: Johor<br>No:6082<br>Hex coord:(52;79),n/a,0,0,0,0,0,1,1,2023-05-31T21:10:02.6242666Z,0
1.68298,103.1873272,Daerah: Johor<br>No:6083<br>Hex coord:(53;79),n/a,0,0,0,0,0,1,1,2023-05-31T21:10:03.2816900Z,0
1.69076,103.2008616,Daerah: Johor<br>No:6084<br>Hex coord:(54;79),n/a,0,0,0,0,0,1,1,2023-05-31T21:10:03.9428715Z,0
1.68298,103.2143961,Daerah: Johor<br>No:6085<br>Hex coord:(55;79),n/a,0,0,0,0,0,1,1,2023-05-31T21:10:04.5933460Z,0
1.69076,103.2279306,Daerah: Johor<br>No:6086<br>Hex coord:(56;79),n/a,0,0,0,0,0,0,1,2023-05-31T21:10:05.2418014Z,0
1.68298,103.2414651,Daerah: Johor<br>No:6087<br>Hex coord:(57;79),n/a,0,0,0,0,0,0,1,2023-05-31T21:10:05.9141226Z,0
1.69076,103.2549995,Daerah: Johor<br>No:6088<br>Hex coord:(58;79),n/a,0,0,0,0,0,0,1,2023-05-31T21:10:06.5773388Z,0
1.68298,103.268534,Daerah: Johor<br>No:6089<br>Hex coord:(59;79),n/a,0,0,0,0,0,0,1,2023-05-31T21:10:07.2269371Z,0
1.69076,103.2820685,Daerah: Johor<br>No:6090<br>Hex coord:(60;79),n/a,0,0,0,0,0,0,1,2023-05-31T21:10:07.9058477Z,0
1.68298,103.295603,Daerah: Johor<br>No:6091<br>Hex coord:(61;79),n/a,0,0,0,0,0,0,1,2023-05-31T21:10:08.5548454Z,0
1.69076,103.3091374,Daerah: Johor<br>No:6092<br>Hex coord:(62;79),n/a,0,0,0,0,0,0,1,2023-05-31T21:10:09.2261975Z,0
1.68298,103.3226719,Daerah: Johor<br>No:6093<br>Hex coord:(63;79),n/a,0,0,0,0,0,0,1,2023-05-31T21:10:09.8976015Z,0
1.69076,103.3362064,Daerah: Johor<br>No:6094<br>Hex coord:(64;79),n/a,0,0,0,0,0,0,1,2023-05-31T21:10:10.5759330Z,0
1.68298,103.3497409,Daerah: Johor<br>No:6095<br>Hex coord:(65;79),n/a,0,0,0,0,0,0,1,2023-05-31T21:10:11.2377130Z,0
1.69076,103.3632753,Daerah: Johor<br>No:6096<br>Hex coord:(66;79),n/a,0,0,0,0,0,0,1,2023-05-31T21:10:11.8939136Z,0
1.68298,103.3768098,Daerah: Johor<br>No:6097<br>Hex coord:(67;79),n/a,0,0,0,0,0,0,1,2023-05-31T21:10:12.5457126Z,0
1.69076,103.3903443,Daerah: Johor<br>No:6098<br>Hex coord:(68;79),n/a,0,0,0,0,0,0,1,2023-05-31T21:10:13.2087910Z,0
1.68298,103.4038788,Daerah: Johor<br>No:6099<br>Hex coord:(69;79),n/a,0,0,0,0,0,1,1,2023-05-31T21:10:13.8687565Z,0
1.69076,103.4174132,Daerah: Johor<br>No:6100<br>Hex coord:(70;79),n/a,0,0,0,0,0,1,1,2023-05-31T21:10:14.5277053Z,0
1.68298,103.4309477,Daerah: Johor<br>No:6101<br>Hex coord:(71;79),n/a,0,0,0,0,0,1,1,2023-05-31T21:10:15.1974436Z,0
1.69076,103.4444822,Daerah: Johor<br>No:6102<br>Hex coord:(72;79),n/a,0,0,0,0,0,1,1,2023-05-31T21:10:15.9056285Z,0
1.68298,103.4580167,Daerah: Johor<br>No:6103<br>Hex coord:(73;79),n/a,0,0,0,0,0,1,1,2023-05-31T21:10:16.6552219Z,0
1.69076,103.4715511,Daerah: Johor<br>No:6104<br>Hex coord:(74;79),n/a,0,0,0,0,0,1,1,2023-05-31T21:10:17.3188191Z,0
1.68298,103.4850856,Daerah: Johor<br>No:6105<br>Hex coord:(75;79),n/a,0,0,0,0,0,0,1,2023-05-31T21:10:17.9836833Z,0
1.69076,103.4986201,Daerah: Johor<br>No:6106<br>Hex coord:(76;79),n/a,0,0,0,0,0,0,1,2023-05-31T21:10:18.6545887Z,0
1.68298,103.5121546,Daerah: Johor<br>No:6107<br>Hex coord:(77;79),n/a,1,0,0,0,0,0,1,2023-05-31T21:10:19.3111334Z,0
1.69076,103.525689,Daerah: Johor<br>No:6108<br>Hex coord:(78;79),n/a,0,0,0,0,0,0,1,2023-05-31T21:10:19.9733961Z,0
1.68298,103.5392235,Daerah: Johor<br>No:6109<br>Hex coord:(79;79),n/a,0,0,0,0,0,1,1,2023-05-31T21:10:20.6519646Z,0
1.69076,103.552758,Daerah: Johor<br>No:6110<br>Hex coord:(80;79),n/a,0,0,0,0,0,2,1,2023-05-31T21:10:21.3128918Z,0
1.68298,103.5662925,Daerah: Johor<br>No:6111<br>Hex coord:(81;79),n/a,0,0,0,0,0,2,1,2023-05-31T21:10:21.9955902Z,0
1.69076,103.5798269,Daerah: Johor<br>No:6112<br>Hex coord:(82;79),n/a,0,0,0,0,0,2,1,2023-05-31T21:10:22.6831156Z,0
1.68298,103.5933614,Daerah: Johor<br>No:6113<br>Hex coord:(83;79),n/a,0,0,0,0,0,4,1,2023-05-31T21:10:23.3659588Z,0
1.69076,103.6068959,Daerah: Johor<br>No:6114<br>Hex coord:(84;79),n/a,0,0,0,0,0,2,1,2023-05-31T21:10:24.0444591Z,0
1.68298,103.6204304,Daerah: Johor<br>No:6115<br>Hex coord:(85;79),n/a,0,0,0,0,0,3,1,2023-05-31T21:10:24.7172598Z,0
1.69076,103.6339648,Daerah: Johor<br>No:6116<br>Hex coord:(86;79),n/a,0,0,0,0,0,1,1,2023-05-31T21:10:25.3830363Z,0
1.68298,103.6474993,Daerah: Johor<br>No:6117<br>Hex coord:(87;79),n/a,0,0,0,0,0,1,1,2023-05-31T21:10:26.0527772Z,0
1.69076,103.6610338,Daerah: Johor<br>No:6118<br>Hex coord:(88;79),n/a,0,0,0,0,0,1,1,2023-05-31T21:10:26.7179158Z,0
1.68298,103.6745683,Daerah: Johor<br>No:6119<br>Hex coord:(89;79),n/a,0,0,0,0,0,0,1,2023-05-31T21:10:27.3766518Z,0
1.69076,103.6881027,Daerah: Johor<br>No:6120<br>Hex coord:(90;79),n/a,0,0,0,0,0,0,1,2023-05-31T21:10:28.0293536Z,0
1.68298,103.7016372,Daerah: Johor<br>No:6121<br>Hex coord:(91;79),n/a,0,0,0,0,0,0,1,2023-05-31T21:10:28.6956080Z,0
1.69076,103.7151717,Daerah: Johor<br>No:6122<br>Hex coord:(92;79),n/a,0,0,0,0,0,0,1,2023-05-31T21:10:29.3543419Z,0
1.68298,103.7287062,Daerah: Johor<br>No:6123<br>Hex coord:(93;79),n/a,0,0,0,0,0,0,1,2023-05-31T21:10:30.0145946Z,0
1.69076,103.7422406,Daerah: Johor<br>No:6124<br>Hex coord:(94;79),n/a,0,0,0,0,0,0,1,2023-05-31T21:10:30.6757567Z,0
1.68298,103.7557751,Daerah: Johor<br>No:6125<br>Hex coord:(95;79),n/a,0,0,0,0,0,0,1,2023-05-31T21:10:31.3346087Z,0
1.69076,103.7693096,Daerah: Johor<br>No:6126<br>Hex coord:(96;79),n/a,0,0,0,0,0,0,1,2023-05-31T21:10:31.9945922Z,0
1.68298,103.7828441,Daerah: Johor<br>No:6127<br>Hex coord:(97;79),n/a,0,0,0,0,0,0,1,2023-05-31T21:10:32.6418022Z,0
1.69076,103.7963785,Daerah: Johor<br>No:6128<br>Hex coord:(98;79),n/a,0,0,0,0,0,0,1,2023-05-31T21:10:33.3080408Z,0
1.68298,103.809913,Daerah: Johor<br>No:6129<br>Hex coord:(99;79),n/a,0,0,0,0,0,0,1,2023-05-31T21:10:33.9701847Z,0
1.69076,103.8234475,Daerah: Johor<br>No:6130<br>Hex coord:(100;79),n/a,0,0,0,0,0,0,1,2023-05-31T21:10:34.6113708Z,0
1.68298,103.836982,Daerah: Johor<br>No:6131<br>Hex coord:(101;79),n/a,0,0,0,0,0,0,1,2023-05-31T21:10:35.2727066Z,0
1.69076,103.8505164,Daerah: Johor<br>No:6132<br>Hex coord:(102;79),n/a,0,0,0,0,0,0,1,2023-05-31T21:10:35.9445565Z,0
1.68298,103.8640509,Daerah: Johor<br>No:6133<br>Hex coord:(103;79),n/a,0,0,0,0,0,0,1,2023-05-31T21:10:36.6000461Z,0
1.69076,103.8775854,Daerah: Johor<br>No:6134<br>Hex coord:(104;79),n/a,0,0,0,0,0,0,1,2023-05-31T21:10:37.2601631Z,0
1.68298,103.8911199,Daerah: Johor<br>No:6135<br>Hex coord:(105;79),n/a,0,0,0,0,0,0,1,2023-05-31T21:10:38.0084457Z,0
1.69076,103.9046543,Daerah: Johor<br>No:6136<br>Hex coord:(106;79),n/a,0,0,0,0,0,1,1,2023-05-31T21:10:38.6637666Z,0
1.68298,103.9181888,Daerah: Johor<br>No:6137<br>Hex coord:(107;79),n/a,0,0,0,0,0,0,1,2023-05-31T21:10:39.3200823Z,0
1.69076,103.9317233,Daerah: Johor<br>No:6138<br>Hex coord:(108;79),n/a,0,0,0,0,0,0,1,2023-05-31T21:10:39.9827133Z,0
1.68298,103.9452578,Daerah: Johor<br>No:6139<br>Hex coord:(109;79),n/a,0,0,0,0,0,0,1,2023-05-31T21:10:40.6615513Z,0
1.69076,103.9587922,Daerah: Johor<br>No:6140<br>Hex coord:(110;79),n/a,0,0,0,0,0,0,1,2023-05-31T21:10:41.3291154Z,0
1.68298,103.9723267,Daerah: Johor<br>No:6141<br>Hex coord:(111;79),n/a,0,0,0,0,0,0,1,2023-05-31T21:10:41.9774652Z,0
1.69076,103.9858612,Daerah: Johor<br>No:6142<br>Hex coord:(112;79),n/a,0,0,0,0,0,0,1,2023-05-31T21:10:42.6518256Z,0
1.68298,103.9993957,Daerah: Johor<br>No:6143<br>Hex coord:(113;79),n/a,0,0,0,0,0,0,1,2023-05-31T21:10:43.3028481Z,0
1.69076,104.0129301,Daerah: Johor<br>No:6144<br>Hex coord:(114;79),n/a,0,0,0,0,0,0,1,2023-05-31T21:10:43.9623758Z,0
1.68298,104.0264646,Daerah: Johor<br>No:6145<br>Hex coord:(115;79),n/a,0,0,0,0,0,0,1,2023-05-31T21:10:44.6308642Z,1
1.69076,104.0399991,Daerah: Johor<br>No:6146<br>Hex coord:(116;79),n/a,0,0,0,0,0,0,1,2023-05-31T21:10:45.2827685Z,0
1.68298,104.0535336,Daerah: Johor<br>No:6147<br>Hex coord:(117;79),n/a,0,0,0,0,0,0,1,2023-05-31T21:10:45.9507972Z,0
1.69076,104.067068,Daerah: Johor<br>No:6148<br>Hex coord:(118;79),n/a,0,0,0,0,0,0,1,2023-05-31T21:10:46.6170671Z,0
1.68298,104.0806025,Daerah: Johor<br>No:6149<br>Hex coord:(119;79),n/a,0,0,0,0,0,0,1,2023-05-31T21:10:47.2701235Z,0
1.69076,104.094137,Daerah: Johor<br>No:6150<br>Hex coord:(120;79),n/a,0,0,0,0,0,0,1,2023-05-31T21:10:47.9328100Z,0
1.68298,104.1076715,Daerah: Johor<br>No:6151<br>Hex coord:(121;79),n/a,0,0,0,0,0,0,1,2023-05-31T21:10:48.5986574Z,0
1.69076,104.1212059,Daerah: Johor<br>No:6152<br>Hex coord:(122;79),n/a,0,0,0,0,0,0,1,2023-05-31T21:10:49.2683922Z,0
1.68298,104.1347404,Daerah: Johor<br>No:6153<br>Hex coord:(123;79),n/a,0,0,0,0,0,0,1,2023-05-31T21:10:49.9224996Z,0
1.69076,104.1482749,Daerah: Johor<br>No:6154<br>Hex coord:(124;79),n/a,0,0,0,0,0,0,1,2023-05-31T21:10:50.5730249Z,0
1.68298,104.1618094,Daerah: Johor<br>No:6155<br>Hex coord:(125;79),n/a,0,0,0,0,0,0,1,2023-05-31T21:10:51.2306698Z,0
1.69076,104.1753438,Daerah: Johor<br>No:6156<br>Hex coord:(126;79),n/a,0,0,0,0,0,0,1,2023-05-31T21:10:51.8860720Z,0
1.68298,104.1888783,Daerah: Johor<br>No:6157<br>Hex coord:(127;79),n/a,0,0,0,0,0,0,1,2023-05-31T21:10:52.5556641Z,0
1.69076,104.2024128,Daerah: Johor<br>No:6158<br>Hex coord:(128;79),n/a,0,0,0,0,0,0,1,2023-05-31T21:10:53.2181481Z,0
1.68298,104.2159473,Daerah: Johor<br>No:6159<br>Hex coord:(129;79),n/a,0,0,0,0,0,0,1,2023-05-31T21:10:53.8699379Z,0
1.6752,103.1196548,Daerah: Johor<br>No:6160<br>Hex coord:(48;80),n/a,0,0,0,0,0,1,1,2023-05-31T21:10:54.5355538Z,0
1.66742,103.1331893,Daerah: Johor<br>No:6161<br>Hex coord:(49;80),n/a,0,0,0,0,0,1,1,2023-05-31T21:10:55.2048713Z,0
1.6752,103.1467237,Daerah: Johor<br>No:6162<br>Hex coord:(50;80),n/a,0,0,0,0,0,1,1,2023-05-31T21:10:55.8728298Z,0
1.66742,103.1602582,Daerah: Johor<br>No:6163<br>Hex coord:(51;80),n/a,0,0,0,0,0,2,1,2023-05-31T21:10:56.5306164Z,0
1.6752,103.1737927,Daerah: Johor<br>No:6164<br>Hex coord:(52;80),n/a,0,0,0,0,0,1,1,2023-05-31T21:10:57.1898276Z,0
1.66742,103.1873272,Daerah: Johor<br>No:6165<br>Hex coord:(53;80),n/a,0,0,0,0,0,1,1,2023-05-31T21:10:57.8591071Z,0
1.6752,103.2008616,Daerah: Johor<br>No:6166<br>Hex coord:(54;80),n/a,0,0,0,0,0,1,1,2023-05-31T21:10:58.5252245Z,0
1.66742,103.2143961,Daerah: Johor<br>No:6167<br>Hex coord:(55;80),n/a,0,0,0,0,0,1,1,2023-05-31T21:10:59.1864218Z,0
1.6752,103.2279306,Daerah: Johor<br>No:6168<br>Hex coord:(56;80),n/a,0,0,0,0,0,1,1,2023-05-31T21:10:59.8549070Z,0
1.66742,103.2414651,Daerah: Johor<br>No:6169<br>Hex coord:(57;80),n/a,0,0,0,0,0,0,1,2023-05-31T21:11:00.5211498Z,0
1.6752,103.2549995,Daerah: Johor<br>No:6170<br>Hex coord:(58;80),n/a,0,0,0,0,0,0,1,2023-05-31T21:11:01.1798672Z,0
1.66742,103.268534,Daerah: Johor<br>No:6171<br>Hex coord:(59;80),n/a,0,0,0,0,0,0,1,2023-05-31T21:11:01.8355460Z,0
1.6752,103.2820685,Daerah: Johor<br>No:6172<br>Hex coord:(60;80),n/a,0,0,0,0,0,0,1,2023-05-31T21:11:02.5024355Z,0
1.66742,103.295603,Daerah: Johor<br>No:6173<br>Hex coord:(61;80),n/a,0,0,0,0,0,0,1,2023-05-31T21:11:03.1588929Z,0
1.6752,103.3091374,Daerah: Johor<br>No:6174<br>Hex coord:(62;80),n/a,0,0,0,0,0,0,1,2023-05-31T21:11:03.8156577Z,0
1.66742,103.3226719,Daerah: Johor<br>No:6175<br>Hex coord:(63;80),n/a,0,0,0,0,0,0,1,2023-05-31T21:11:04.4887666Z,0
1.6752,103.3362064,Daerah: Johor<br>No:6176<br>Hex coord:(64;80),n/a,0,0,0,0,0,0,1,2023-05-31T21:11:05.1474683Z,0
1.66742,103.3497409,Daerah: Johor<br>No:6177<br>Hex coord:(65;80),n/a,0,0,0,0,0,0,1,2023-05-31T21:11:05.7971599Z,0
1.6752,103.3632753,Daerah: Johor<br>No:6178<br>Hex coord:(66;80),n/a,0,0,0,0,0,0,1,2023-05-31T21:11:06.4555984Z,0
1.66742,103.3768098,Daerah: Johor<br>No:6179<br>Hex coord:(67;80),n/a,0,0,0,0,0,0,1,2023-05-31T21:11:07.1175683Z,0
1.6752,103.3903443,Daerah: Johor<br>No:6180<br>Hex coord:(68;80),n/a,0,0,0,0,0,0,1,2023-05-31T21:11:07.7843664Z,0
1.66742,103.4038788,Daerah: Johor<br>No:6181<br>Hex coord:(69;80),n/a,0,0,0,0,0,0,1,2023-05-31T21:11:08.4458779Z,0
1.6752,103.4174132,Daerah: Johor<br>No:6182<br>Hex coord:(70;80),n/a,0,0,0,0,0,1,1,2023-05-31T21:11:09.1023024Z,0
1.66742,103.4309477,Daerah: Johor<br>No:6183<br>Hex coord:(71;80),n/a,0,0,0,0,0,1,1,2023-05-31T21:11:09.8017808Z,0
1.6752,103.4444822,Daerah: Johor<br>No:6184<br>Hex coord:(72;80),n/a,0,0,0,0,0,1,1,2023-05-31T21:11:10.5677478Z,0
1.66742,103.4580167,Daerah: Johor<br>No:6185<br>Hex coord:(73;80),n/a,0,0,0,0,0,1,1,2023-05-31T21:11:11.3078140Z,0
1.6752,103.4715511,Daerah: Johor<br>No:6186<br>Hex coord:(74;80),n/a,0,0,0,0,0,0,1,2023-05-31T21:11:11.9762433Z,0
1.66742,103.4850856,Daerah: Johor<br>No:6187<br>Hex coord:(75;80),n/a,0,0,0,0,0,0,1,2023-05-31T21:11:12.6340263Z,0
1.6752,103.4986201,Daerah: Johor<br>No:6188<br>Hex coord:(76;80),n/a,0,0,0,0,0,0,1,2023-05-31T21:11:13.2945687Z,0
1.66742,103.5121546,Daerah: Johor<br>No:6189<br>Hex coord:(77;80),n/a,0,0,0,0,0,0,1,2023-05-31T21:11:13.9516762Z,0
1.6752,103.525689,Daerah: Johor<br>No:6190<br>Hex coord:(78;80),n/a,0,0,0,0,0,1,1,2023-05-31T21:11:14.6225491Z,0
1.66742,103.5392235,Daerah: Johor<br>No:6191<br>Hex coord:(79;80),n/a,0,0,0,0,0,1,1,2023-05-31T21:11:15.2933591Z,0
1.6752,103.552758,Daerah: Johor<br>No:6192<br>Hex coord:(80;80),n/a,0,0,0,0,0,2,1,2023-05-31T21:11:15.9667585Z,0
1.66742,103.5662925,Daerah: Johor<br>No:6193<br>Hex coord:(81;80),n/a,0,0,0,0,0,2,1,2023-05-31T21:11:16.6374946Z,0
1.6752,103.5798269,Daerah: Johor<br>No:6194<br>Hex coord:(82;80),n/a,1,0,0,0,0,3,1,2023-05-31T21:11:17.3068747Z,0
1.66742,103.5933614,Daerah: Johor<br>No:6195<br>Hex coord:(83;80),n/a,2,0,0,0,0,4,1,2023-05-31T21:11:17.9862039Z,0
1.6752,103.6068959,Daerah: Johor<br>No:6196<br>Hex coord:(84;80),n/a,1,0,0,0,0,3,1,2023-05-31T21:11:18.6677415Z,0
1.66742,103.6204304,Daerah: Johor<br>No:6197<br>Hex coord:(85;80),n/a,0,0,0,0,0,3,1,2023-05-31T21:11:19.3491202Z,0
1.6752,103.6339648,Daerah: Johor<br>No:6198<br>Hex coord:(86;80),n/a,0,0,0,0,0,2,1,2023-05-31T21:11:20.0332518Z,0
1.66742,103.6474993,Daerah: Johor<br>No:6199<br>Hex coord:(87;80),n/a,0,1,0,0,0,1,1,2023-05-31T21:11:20.7218817Z,0
1.6752,103.6610338,Daerah: Johor<br>No:6200<br>Hex coord:(88;80),n/a,0,0,0,0,0,1,1,2023-05-31T21:11:21.3797403Z,0
1.66742,103.6745683,Daerah: Johor<br>No:6201<br>Hex coord:(89;80),n/a,0,0,0,0,0,1,1,2023-05-31T21:11:22.0528412Z,0
1.6752,103.6881027,Daerah: Johor<br>No:6202<br>Hex coord:(90;80),n/a,0,0,0,0,0,0,1,2023-05-31T21:11:22.7225516Z,0
1.66742,103.7016372,Daerah: Johor<br>No:6203<br>Hex coord:(91;80),n/a,0,0,0,0,0,0,1,2023-05-31T21:11:23.3920774Z,0
1.6752,103.7151717,Daerah: Johor<br>No:6204<br>Hex coord:(92;80),n/a,0,0,0,0,0,0,1,2023-05-31T21:11:24.0595525Z,0
1.66742,103.7287062,Daerah: Johor<br>No:6205<br>Hex coord:(93;80),n/a,0,0,0,0,0,0,1,2023-05-31T21:11:24.7149296Z,0
1.6752,103.7422406,Daerah: Johor<br>No:6206<br>Hex coord:(94;80),n/a,0,0,0,0,0,0,1,2023-05-31T21:11:25.3806253Z,0
1.66742,103.7557751,Daerah: Johor<br>No:6207<br>Hex coord:(95;80),n/a,0,0,0,0,0,0,1,2023-05-31T21:11:26.0622561Z,0
1.6752,103.7693096,Daerah: Johor<br>No:6208<br>Hex coord:(96;80),n/a,0,0,0,0,0,0,1,2023-05-31T21:11:26.7247701Z,0
1.66742,103.7828441,Daerah: Johor<br>No:6209<br>Hex coord:(97;80),n/a,0,0,0,0,0,0,1,2023-05-31T21:11:27.3800384Z,0
1.6752,103.7963785,Daerah: Johor<br>No:6210<br>Hex coord:(98;80),n/a,0,0,0,0,0,0,1,2023-05-31T21:11:28.0448995Z,0
1.66742,103.809913,Daerah: Johor<br>No:6211<br>Hex coord:(99;80),n/a,0,0,0,0,0,0,1,2023-05-31T21:11:28.7003625Z,0
1.6752,103.8234475,Daerah: Johor<br>No:6212<br>Hex coord:(100;80),n/a,0,0,0,0,0,0,1,2023-05-31T21:11:29.3638251Z,0
1.66742,103.836982,Daerah: Johor<br>No:6213<br>Hex coord:(101;80),n/a,0,0,0,0,0,0,1,2023-05-31T21:11:30.0216180Z,0
1.6752,103.8505164,Daerah: Johor<br>No:6214<br>Hex coord:(102;80),n/a,0,0,0,0,0,0,1,2023-05-31T21:11:30.6782087Z,0
1.66742,103.8640509,Daerah: Johor<br>No:6215<br>Hex coord:(103;80),n/a,0,0,0,0,0,0,1,2023-05-31T21:11:31.3313423Z,0
1.6752,103.8775854,Daerah: Johor<br>No:6216<br>Hex coord:(104;80),n/a,0,0,0,0,0,0,1,2023-05-31T21:11:31.9923024Z,0
1.66742,103.8911199,Daerah: Johor<br>No:6217<br>Hex coord:(105;80),n/a,0,0,0,0,0,0,1,2023-05-31T21:11:32.6645814Z,0
1.6752,103.9046543,Daerah: Johor<br>No:6218<br>Hex coord:(106;80),n/a,0,0,0,0,0,0,1,2023-05-31T21:11:33.3365627Z,0
1.66742,103.9181888,Daerah: Johor<br>No:6219<br>Hex coord:(107;80),n/a,0,0,0,0,0,0,1,2023-05-31T21:11:33.9867649Z,0
1.6752,103.9317233,Daerah: Johor<br>No:6220<br>Hex coord:(108;80),n/a,0,0,0,0,0,0,1,2023-05-31T21:11:34.6448116Z,0
1.66742,103.9452578,Daerah: Johor<br>No:6221<br>Hex coord:(109;80),n/a,0,0,0,0,0,0,1,2023-05-31T21:11:35.2965002Z,0
1.6752,103.9587922,Daerah: Johor<br>No:6222<br>Hex coord:(110;80),n/a,0,0,0,0,0,0,1,2023-05-31T21:11:35.9660526Z,0
1.66742,103.9723267,Daerah: Johor<br>No:6223<br>Hex coord:(111;80),n/a,0,0,0,0,0,0,1,2023-05-31T21:11:36.6321237Z,0
1.6752,103.9858612,Daerah: Johor<br>No:6224<br>Hex coord:(112;80),n/a,0,0,0,0,0,0,1,2023-05-31T21:11:37.2922069Z,0
1.66742,103.9993957,Daerah: Johor<br>No:6225<br>Hex coord:(113;80),n/a,0,0,0,0,0,0,1,2023-05-31T21:11:37.9617441Z,0
1.6752,104.0129301,Daerah: Johor<br>No:6226<br>Hex coord:(114;80),n/a,0,0,0,0,0,0,1,2023-05-31T21:11:38.6147123Z,1
1.66742,104.0264646,Daerah: Johor<br>No:6227<br>Hex coord:(115;80),n/a,0,0,0,0,0,0,1,2023-05-31T21:11:39.2695077Z,0
1.6752,104.0399991,Daerah: Johor<br>No:6228<br>Hex coord:(116;80),n/a,0,0,0,0,0,0,1,2023-05-31T21:11:39.9603856Z,0
1.66742,104.0535336,Daerah: Johor<br>No:6229<br>Hex coord:(117;80),n/a,0,0,0,0,0,0,1,2023-05-31T21:11:40.6058229Z,0
1.6752,104.067068,Daerah: Johor<br>No:6230<br>Hex coord:(118;80),n/a,0,0,0,0,0,0,1,2023-05-31T21:11:41.2658752Z,0
1.66742,104.0806025,Daerah: Johor<br>No:6231<br>Hex coord:(119;80),n/a,0,0,0,0,0,0,1,2023-05-31T21:11:41.9238739Z,0
1.6752,104.094137,Daerah: Johor<br>No:6232<br>Hex coord:(120;80),n/a,0,0,0,0,0,0,1,2023-05-31T21:11:42.5852649Z,0
1.66742,104.1076715,Daerah: Johor<br>No:6233<br>Hex coord:(121;80),n/a,0,0,0,0,0,0,1,2023-05-31T21:11:43.2389730Z,0
1.6752,104.1212059,Daerah: Johor<br>No:6234<br>Hex coord:(122;80),n/a,0,0,0,0,0,0,1,2023-05-31T21:11:43.8900073Z,0
1.66742,104.1347404,Daerah: Johor<br>No:6235<br>Hex coord:(123;80),n/a,0,0,0,0,0,0,1,2023-05-31T21:11:44.5547636Z,0
1.6752,104.1482749,Daerah: Johor<br>No:6236<br>Hex coord:(124;80),n/a,0,0,0,0,0,0,1,2023-05-31T21:11:45.2102630Z,0
1.66742,104.1618094,Daerah: Johor<br>No:6237<br>Hex coord:(125;80),n/a,0,0,0,0,0,0,1,2023-05-31T21:11:45.8739797Z,0
1.6752,104.1753438,Daerah: Johor<br>No:6238<br>Hex coord:(126;80),n/a,0,0,0,0,0,0,1,2023-05-31T21:11:46.5331700Z,0
1.66742,104.1888783,Daerah: Johor<br>No:6239<br>Hex coord:(127;80),n/a,0,0,0,0,0,0,1,2023-05-31T21:11:47.1916405Z,0
1.6752,104.2024128,Daerah: Johor<br>No:6240<br>Hex coord:(128;80),n/a,0,0,0,0,0,0,1,2023-05-31T21:11:47.8464609Z,0
1.66742,104.2159473,Daerah: Johor<br>No:6241<br>Hex coord:(129;80),n/a,0,0,0,0,0,0,1,2023-05-31T21:11:48.5066672Z,0
1.65964,103.1467237,Daerah: Johor<br>No:6242<br>Hex coord:(50;81),n/a,0,0,0,0,0,1,1,2023-05-31T21:11:49.1668306Z,0
1.65186,103.1602582,Daerah: Johor<br>No:6243<br>Hex coord:(51;81),n/a,0,0,0,0,0,1,1,2023-05-31T21:11:49.8274017Z,0
1.65964,103.1737927,Daerah: Johor<br>No:6244<br>Hex coord:(52;81),n/a,0,0,0,0,0,1,1,2023-05-31T21:11:50.4835848Z,0
1.65186,103.1873272,Daerah: Johor<br>No:6245<br>Hex coord:(53;81),n/a,0,0,0,0,0,1,1,2023-05-31T21:11:51.1651882Z,0
1.65964,103.2008616,Daerah: Johor<br>No:6246<br>Hex coord:(54;81),n/a,0,0,0,0,0,1,1,2023-05-31T21:11:51.8192243Z,0
1.65186,103.2143961,Daerah: Johor<br>No:6247<br>Hex coord:(55;81),n/a,0,0,0,0,0,1,1,2023-05-31T21:11:52.4760869Z,0
1.65964,103.2279306,Daerah: Johor<br>No:6248<br>Hex coord:(56;81),n/a,0,0,0,0,0,1,1,2023-05-31T21:11:53.1288372Z,0
1.65186,103.2414651,Daerah: Johor<br>No:6249<br>Hex coord:(57;81),n/a,0,0,0,0,0,0,1,2023-05-31T21:11:53.7900955Z,0
1.65964,103.2549995,Daerah: Johor<br>No:6250<br>Hex coord:(58;81),n/a,0,0,0,0,0,0,1,2023-05-31T21:11:54.4489247Z,0
1.65186,103.268534,Daerah: Johor<br>No:6251<br>Hex coord:(59;81),n/a,0,0,0,0,0,0,1,2023-05-31T21:11:55.1322261Z,0
1.65964,103.2820685,Daerah: Johor<br>No:6252<br>Hex coord:(60;81),n/a,0,0,0,0,0,0,1,2023-05-31T21:11:55.7939431Z,0
1.65186,103.295603,Daerah: Johor<br>No:6253<br>Hex coord:(61;81),n/a,0,0,0,0,0,0,1,2023-05-31T21:11:56.4672025Z,0
1.65964,103.3091374,Daerah: Johor<br>No:6254<br>Hex coord:(62;81),n/a,0,0,0,0,0,0,1,2023-05-31T21:11:57.1227361Z,0
1.65186,103.3226719,Daerah: Johor<br>No:6255<br>Hex coord:(63;81),n/a,0,0,0,0,0,0,1,2023-05-31T21:11:57.7865704Z,0
1.65964,103.3362064,Daerah: Johor<br>No:6256<br>Hex coord:(64;81),n/a,0,0,0,0,0,0,1,2023-05-31T21:11:58.4536210Z,0
1.65186,103.3497409,Daerah: Johor<br>No:6257<br>Hex coord:(65;81),n/a,0,0,0,0,0,0,1,2023-05-31T21:11:59.1076871Z,0
1.65964,103.3632753,Daerah: Johor<br>No:6258<br>Hex coord:(66;81),n/a,0,0,0,0,0,0,1,2023-05-31T21:11:59.7689103Z,0
1.65186,103.3768098,Daerah: Johor<br>No:6259<br>Hex coord:(67;81),n/a,0,0,0,0,0,0,1,2023-05-31T21:12:00.4267338Z,0
1.65964,103.3903443,Daerah: Johor<br>No:6260<br>Hex coord:(68;81),n/a,0,0,0,0,0,0,1,2023-05-31T21:12:01.3040774Z,0
1.65186,103.4038788,Daerah: Johor<br>No:6261<br>Hex coord:(69;81),n/a,0,0,0,0,0,0,1,2023-05-31T21:12:02.0057263Z,0
1.65964,103.4174132,Daerah: Johor<br>No:6262<br>Hex coord:(70;81),n/a,0,0,0,0,0,0,1,2023-05-31T21:12:02.7562658Z,0
1.65186,103.4309477,Daerah: Johor<br>No:6263<br>Hex coord:(71;81),n/a,0,0,0,0,0,0,1,2023-05-31T21:12:03.4092032Z,0
1.65964,103.4444822,Daerah: Johor<br>No:6264<br>Hex coord:(72;81),n/a,0,0,0,0,0,0,1,2023-05-31T21:12:04.0730013Z,0
1.65186,103.4580167,Daerah: Johor<br>No:6265<br>Hex coord:(73;81),n/a,0,0,0,0,0,0,1,2023-05-31T21:12:04.7437053Z,0
1.65964,103.4715511,Daerah: Johor<br>No:6266<br>Hex coord:(74;81),n/a,0,0,0,0,0,0,1,2023-05-31T21:12:05.3990165Z,0
1.65186,103.4850856,Daerah: Johor<br>No:6267<br>Hex coord:(75;81),n/a,0,0,0,0,0,0,1,2023-05-31T21:12:06.0635604Z,0
1.65964,103.4986201,Daerah: Johor<br>No:6268<br>Hex coord:(76;81),n/a,0,0,0,0,0,0,1,2023-05-31T21:12:06.7322833Z,0
1.65186,103.5121546,Daerah: Johor<br>No:6269<br>Hex coord:(77;81),n/a,0,0,0,0,0,0,1,2023-05-31T21:12:07.3970968Z,0
1.65964,103.525689,Daerah: Johor<br>No:6270<br>Hex coord:(78;81),n/a,0,0,0,0,0,1,1,2023-05-31T21:12:08.0666658Z,0
1.65186,103.5392235,Daerah: Johor<br>No:6271<br>Hex coord:(79;81),n/a,0,0,0,0,0,1,1,2023-05-31T21:12:08.7292426Z,0
1.65964,103.552758,Daerah: Johor<br>No:6272<br>Hex coord:(80;81),n/a,0,0,0,0,0,2,1,2023-05-31T21:12:09.3976497Z,0
1.65186,103.5662925,Daerah: Johor<br>No:6273<br>Hex coord:(81;81),n/a,1,0,0,0,0,3,1,2023-05-31T21:12:10.0721423Z,0
1.65964,103.5798269,Daerah: Johor<br>No:6274<br>Hex coord:(82;81),n/a,5,0,0,0,0,3,1,2023-05-31T21:12:10.7654204Z,0
1.65186,103.5933614,Daerah: Johor<br>No:6275<br>Hex coord:(83;81),n/a,4,0,0,0,0,4,1,2023-05-31T21:12:11.4545262Z,0
1.65964,103.6068959,Daerah: Johor<br>No:6276<br>Hex coord:(84;81),n/a,1,0,0,0,0,4,1,2023-05-31T21:12:12.1501523Z,1
1.65186,103.6204304,Daerah: Johor<br>No:6277<br>Hex coord:(85;81),n/a,0,1,0,0,0,3,1,2023-05-31T21:12:12.8413483Z,0
1.65964,103.6339648,Daerah: Johor<br>No:6278<br>Hex coord:(86;81),n/a,2,0,0,0,0,2,1,2023-05-31T21:12:13.5213932Z,0
1.65186,103.6474993,Daerah: Johor<br>No:6279<br>Hex coord:(87;81),n/a,0,0,0,0,0,2,1,2023-05-31T21:12:14.1982124Z,0
1.65964,103.6610338,Daerah: Johor<br>No:6280<br>Hex coord:(88;81),n/a,0,0,0,0,0,1,1,2023-05-31T21:12:14.8683338Z,0
1.65186,103.6745683,Daerah: Johor<br>No:6281<br>Hex coord:(89;81),n/a,0,0,0,0,0,1,1,2023-05-31T21:12:15.5316025Z,0
1.65964,103.6881027,Daerah: Johor<br>No:6282<br>Hex coord:(90;81),n/a,0,0,0,0,0,0,1,2023-05-31T21:12:16.1965109Z,0
1.65186,103.7016372,Daerah: Johor<br>No:6283<br>Hex coord:(91;81),n/a,0,0,0,0,0,0,1,2023-05-31T21:12:16.8614212Z,0
1.65964,103.7151717,Daerah: Johor<br>No:6284<br>Hex coord:(92;81),n/a,0,0,0,0,0,0,1,2023-05-31T21:12:17.5183551Z,0
1.65186,103.7287062,Daerah: Johor<br>No:6285<br>Hex coord:(93;81),n/a,0,0,0,0,0,0,1,2023-05-31T21:12:18.1716197Z,0
1.65964,103.7422406,Daerah: Johor<br>No:6286<br>Hex coord:(94;81),n/a,0,0,0,0,0,0,1,2023-05-31T21:12:18.8345839Z,0
1.65186,103.7557751,Daerah: Johor<br>No:6287<br>Hex coord:(95;81),n/a,0,0,0,0,0,0,1,2023-05-31T21:12:19.4934930Z,0
1.65964,103.7693096,Daerah: Johor<br>No:6288<br>Hex coord:(96;81),n/a,0,0,0,0,0,0,1,2023-05-31T21:12:20.1563508Z,0
1.65186,103.7828441,Daerah: Johor<br>No:6289<br>Hex coord:(97;81),n/a,0,0,0,0,0,0,1,2023-05-31T21:12:20.8089973Z,0
1.65964,103.7963785,Daerah: Johor<br>No:6290<br>Hex coord:(98;81),n/a,0,0,0,0,0,0,1,2023-05-31T21:12:21.4748492Z,0
1.65186,103.809913,Daerah: Johor<br>No:6291<br>Hex coord:(99;81),n/a,0,0,0,0,0,0,1,2023-05-31T21:12:22.1324921Z,0
1.65964,103.8234475,Daerah: Johor<br>No:6292<br>Hex coord:(100;81),n/a,0,0,0,0,0,0,1,2023-05-31T21:12:58.8332335Z,0
1.65186,103.836982,Daerah: Johor<br>No:6293<br>Hex coord:(101;81),n/a,0,0,0,0,0,0,1,2023-05-31T21:12:59.5017575Z,0
1.65964,103.8505164,Daerah: Johor<br>No:6294<br>Hex coord:(102;81),n/a,0,0,0,0,0,0,1,2023-05-31T21:13:00.1722782Z,0
1.65186,103.8640509,Daerah: Johor<br>No:6295<br>Hex coord:(103;81),n/a,0,0,0,0,0,0,1,2023-05-31T21:13:00.8300670Z,0
1.65964,103.8775854,Daerah: Johor<br>No:6296<br>Hex coord:(104;81),n/a,0,0,0,0,0,0,1,2023-05-31T21:13:01.4922666Z,0
1.65186,103.8911199,Daerah: Johor<br>No:6297<br>Hex coord:(105;81),n/a,0,0,0,0,0,0,1,2023-05-31T21:13:02.1771852Z,0
1.65964,103.9046543,Daerah: Johor<br>No:6298<br>Hex coord:(106;81),n/a,0,0,0,0,0,0,1,2023-05-31T21:13:02.8429563Z,0
1.65186,103.9181888,Daerah: Johor<br>No:6299<br>Hex coord:(107;81),n/a,0,0,0,0,0,0,1,2023-05-31T21:13:03.5685977Z,0
1.65964,103.9317233,Daerah: Johor<br>No:6300<br>Hex coord:(108;81),n/a,0,0,0,0,0,0,1,2023-05-31T21:13:04.2412649Z,0
1.65186,103.9452578,Daerah: Johor<br>No:6301<br>Hex coord:(109;81),n/a,0,0,0,0,0,0,1,2023-05-31T21:13:04.9813600Z,0
1.65964,103.9587922,Daerah: Johor<br>No:6302<br>Hex coord:(110;81),n/a,0,0,0,0,0,0,1,2023-05-31T21:13:05.7046182Z,0
1.65186,103.9723267,Daerah: Johor<br>No:6303<br>Hex coord:(111;81),n/a,0,0,0,0,0,0,1,2023-05-31T21:13:06.3874902Z,0
1.65964,103.9858612,Daerah: Johor<br>No:6304<br>Hex coord:(112;81),n/a,0,0,0,0,0,0,1,2023-05-31T21:13:07.0434297Z,0
1.65186,103.9993957,Daerah: Johor<br>No:6305<br>Hex coord:(113;81),n/a,0,0,0,0,0,0,1,2023-05-31T21:13:07.7036700Z,0
1.65964,104.0129301,Daerah: Johor<br>No:6306<br>Hex coord:(114;81),n/a,0,0,0,0,0,0,1,2023-05-31T21:13:08.3626929Z,0
1.65186,104.0264646,Daerah: Johor<br>No:6307<br>Hex coord:(115;81),n/a,0,0,0,0,0,0,1,2023-05-31T21:13:09.0307963Z,0
1.65964,104.0399991,Daerah: Johor<br>No:6308<br>Hex coord:(116;81),n/a,0,0,0,0,0,0,1,2023-05-31T21:13:10.2004734Z,0
1.65186,104.0535336,Daerah: Johor<br>No:6309<br>Hex coord:(117;81),n/a,0,0,0,0,0,0,1,2023-05-31T21:13:10.8782072Z,0
1.65964,104.067068,Daerah: Johor<br>No:6310<br>Hex coord:(118;81),n/a,0,0,0,0,0,0,1,2023-05-31T21:13:11.5400293Z,0
1.65186,104.0806025,Daerah: Johor<br>No:6311<br>Hex coord:(119;81),n/a,0,0,0,0,0,0,1,2023-05-31T21:13:12.1942778Z,0
1.65964,104.094137,Daerah: Johor<br>No:6312<br>Hex coord:(120;81),n/a,0,0,0,0,0,0,1,2023-05-31T21:13:12.9231571Z,0
1.65186,104.1076715,Daerah: Johor<br>No:6313<br>Hex coord:(121;81),n/a,0,0,0,0,0,0,1,2023-05-31T21:13:13.5922926Z,0
1.65964,104.1212059,Daerah: Johor<br>No:6314<br>Hex coord:(122;81),n/a,0,0,0,0,0,0,1,2023-05-31T21:13:14.2503668Z,0
1.65186,104.1347404,Daerah: Johor<br>No:6315<br>Hex coord:(123;81),n/a,0,0,0,0,0,0,1,2023-05-31T21:13:14.9058838Z,0
1.65964,104.1482749,Daerah: Johor<br>No:6316<br>Hex coord:(124;81),n/a,0,0,0,0,0,0,1,2023-05-31T21:13:15.5973870Z,0
1.65186,104.1618094,Daerah: Johor<br>No:6317<br>Hex coord:(125;81),n/a,0,0,0,0,0,0,1,2023-05-31T21:13:16.2555969Z,0
1.65964,104.1753438,Daerah: Johor<br>No:6318<br>Hex coord:(126;81),n/a,0,0,0,0,0,0,1,2023-05-31T21:13:16.9351131Z,0
1.65186,104.1888783,Daerah: Johor<br>No:6319<br>Hex coord:(127;81),n/a,0,0,0,0,0,0,1,2023-05-31T21:13:17.6021931Z,0
1.65964,104.2024128,Daerah: Johor<br>No:6320<br>Hex coord:(128;81),n/a,0,0,0,0,0,0,1,2023-05-31T21:13:18.2600912Z,0
1.65186,104.2159473,Daerah: Johor<br>No:6321<br>Hex coord:(129;81),n/a,0,0,0,0,0,0,1,2023-05-31T21:13:18.9261264Z,0
1.65964,104.2294817,Daerah: Johor<br>No:6322<br>Hex coord:(130;81),n/a,0,0,0,0,0,0,1,2023-05-31T21:13:19.5960232Z,0
1.65186,104.2430162,Daerah: Johor<br>No:6323<br>Hex coord:(131;81),n/a,0,0,0,0,0,0,1,2023-05-31T21:13:20.2771979Z,0
1.64408,103.1737927,Daerah: Johor<br>No:6324<br>Hex coord:(52;82),n/a,0,0,0,0,0,1,1,2023-05-31T21:13:20.9423261Z,0
1.6363,103.1873272,Daerah: Johor<br>No:6325<br>Hex coord:(53;82),n/a,0,0,0,0,0,1,1,2023-05-31T21:13:21.6024290Z,0
1.64408,103.2008616,Daerah: Johor<br>No:6326<br>Hex coord:(54;82),n/a,0,0,0,0,0,1,1,2023-05-31T21:13:22.2562240Z,0
1.6363,103.2143961,Daerah: Johor<br>No:6327<br>Hex coord:(55;82),n/a,0,0,0,0,0,1,1,2023-05-31T21:13:22.9070231Z,0
1.64408,103.2279306,Daerah: Johor<br>No:6328<br>Hex coord:(56;82),n/a,0,0,0,0,0,1,1,2023-05-31T21:13:23.5708438Z,0
1.6363,103.2414651,Daerah: Johor<br>No:6329<br>Hex coord:(57;82),n/a,0,0,0,0,0,0,1,2023-05-31T21:13:24.2298540Z,0
1.64408,103.2549995,Daerah: Johor<br>No:6330<br>Hex coord:(58;82),n/a,0,0,0,0,0,0,1,2023-05-31T21:13:24.8910881Z,0
1.6363,103.268534,Daerah: Johor<br>No:6331<br>Hex coord:(59;82),n/a,0,0,0,0,0,0,1,2023-05-31T21:13:25.5452362Z,0
1.64408,103.2820685,Daerah: Johor<br>No:6332<br>Hex coord:(60;82),n/a,0,0,0,0,0,0,1,2023-05-31T21:13:26.2136078Z,0
1.6363,103.295603,Daerah: Johor<br>No:6333<br>Hex coord:(61;82),n/a,0,0,0,0,0,0,1,2023-05-31T21:13:26.8683532Z,0
1.64408,103.3091374,Daerah: Johor<br>No:6334<br>Hex coord:(62;82),n/a,0,0,0,0,0,0,1,2023-05-31T21:13:27.5313826Z,0
1.6363,103.3226719,Daerah: Johor<br>No:6335<br>Hex coord:(63;82),n/a,0,0,0,0,0,0,1,2023-05-31T21:13:28.1871292Z,0
1.64408,103.3362064,Daerah: Johor<br>No:6336<br>Hex coord:(64;82),n/a,0,0,0,0,0,0,1,2023-05-31T21:13:28.8359415Z,0
1.6363,103.3497409,Daerah: Johor<br>No:6337<br>Hex coord:(65;82),n/a,0,0,0,0,0,0,1,2023-05-31T21:13:29.5131029Z,0
1.64408,103.3632753,Daerah: Johor<br>No:6338<br>Hex coord:(66;82),n/a,0,0,0,0,0,0,1,2023-05-31T21:13:30.1635044Z,0
1.6363,103.3768098,Daerah: Johor<br>No:6339<br>Hex coord:(67;82),n/a,0,0,0,0,0,0,1,2023-05-31T21:13:30.8205554Z,0
1.64408,103.3903443,Daerah: Johor<br>No:6340<br>Hex coord:(68;82),n/a,0,0,0,0,0,0,1,2023-05-31T21:13:31.4717037Z,0
1.6363,103.4038788,Daerah: Johor<br>No:6341<br>Hex coord:(69;82),n/a,0,0,0,0,0,0,1,2023-05-31T21:13:32.1310220Z,0
1.64408,103.4174132,Daerah: Johor<br>No:6342<br>Hex coord:(70;82),n/a,0,0,0,0,0,0,1,2023-05-31T21:13:32.7920785Z,0
1.6363,103.4309477,Daerah: Johor<br>No:6343<br>Hex coord:(71;82),n/a,0,0,0,0,0,0,1,2023-05-31T21:13:33.4550016Z,0
1.64408,103.4444822,Daerah: Johor<br>No:6344<br>Hex coord:(72;82),n/a,0,0,0,0,0,0,1,2023-05-31T21:13:34.1050451Z,0
1.6363,103.4580167,Daerah: Johor<br>No:6345<br>Hex coord:(73;82),n/a,0,0,0,0,0,0,1,2023-05-31T21:13:34.7697963Z,0
1.64408,103.4715511,Daerah: Johor<br>No:6346<br>Hex coord:(74;82),n/a,0,0,0,0,0,0,1,2023-05-31T21:13:35.4316211Z,0
1.6363,103.4850856,Daerah: Johor<br>No:6347<br>Hex coord:(75;82),n/a,0,0,0,0,0,0,1,2023-05-31T21:14:12.1241535Z,0
1.64408,103.4986201,Daerah: Johor<br>No:6348<br>Hex coord:(76;82),n/a,0,0,0,0,0,0,1,2023-05-31T21:14:12.7981436Z,0
1.6363,103.5121546,Daerah: Johor<br>No:6349<br>Hex coord:(77;82),n/a,0,0,0,0,0,0,1,2023-05-31T21:14:13.4619507Z,0
1.64408,103.525689,Daerah: Johor<br>No:6350<br>Hex coord:(78;82),n/a,0,0,0,0,0,1,1,2023-05-31T21:14:14.1186168Z,0
1.6363,103.5392235,Daerah: Johor<br>No:6351<br>Hex coord:(79;82),n/a,0,0,0,0,0,1,1,2023-05-31T21:14:14.7854320Z,0
1.64408,103.552758,Daerah: Johor<br>No:6352<br>Hex coord:(80;82),n/a,0,0,0,0,0,2,1,2023-05-31T21:14:15.4512069Z,0
1.6363,103.5662925,Daerah: Johor<br>No:6353<br>Hex coord:(81;82),n/a,0,0,0,0,0,3,1,2023-05-31T21:14:16.1195512Z,0
1.64408,103.5798269,Daerah: Johor<br>No:6354<br>Hex coord:(82;82),n/a,0,0,0,0,0,3,1,2023-05-31T21:14:16.8195327Z,0
1.6363,103.5933614,Daerah: Johor<br>No:6355<br>Hex coord:(83;82),n/a,0,0,0,0,0,3,1,2023-05-31T21:14:17.4853903Z,0
1.64408,103.6068959,Daerah: Johor<br>No:6356<br>Hex coord:(84;82),n/a,1,0,0,0,0,4,1,2023-05-31T21:14:18.1790642Z,0
1.6363,103.6204304,Daerah: Johor<br>No:6357<br>Hex coord:(85;82),n/a,1,0,0,0,0,3,1,2023-05-31T21:14:18.8748505Z,0
1.64408,103.6339648,Daerah: Johor<br>No:6358<br>Hex coord:(86;82),n/a,1,0,0,0,0,2,1,2023-05-31T21:14:19.5516989Z,0
1.6363,103.6474993,Daerah: Johor<br>No:6359<br>Hex coord:(87;82),n/a,0,0,0,0,0,2,1,2023-05-31T21:14:20.2317335Z,1
1.64408,103.6610338,Daerah: Johor<br>No:6360<br>Hex coord:(88;82),n/a,0,0,0,0,0,1,1,2023-05-31T21:14:20.9124658Z,0
1.6363,103.6745683,Daerah: Johor<br>No:6361<br>Hex coord:(89;82),n/a,0,0,0,0,0,0,1,2023-05-31T21:14:21.5832795Z,0
1.64408,103.6881027,Daerah: Johor<br>No:6362<br>Hex coord:(90;82),n/a,0,0,0,0,0,0,1,2023-05-31T21:14:22.2575900Z,0
1.6363,103.7016372,Daerah: Johor<br>No:6363<br>Hex coord:(91;82),n/a,0,0,0,0,0,0,1,2023-05-31T21:14:22.9267382Z,0
1.64408,103.7151717,Daerah: Johor<br>No:6364<br>Hex coord:(92;82),n/a,0,0,0,0,0,0,1,2023-05-31T21:14:23.5920523Z,0
1.6363,103.7287062,Daerah: Johor<br>No:6365<br>Hex coord:(93;82),n/a,0,0,0,0,0,0,1,2023-05-31T21:14:24.2627483Z,0
1.64408,103.7422406,Daerah: Johor<br>No:6366<br>Hex coord:(94;82),n/a,0,0,0,0,0,0,1,2023-05-31T21:14:24.9244354Z,0
1.6363,103.7557751,Daerah: Johor<br>No:6367<br>Hex coord:(95;82),n/a,0,0,0,0,0,0,1,2023-05-31T21:14:25.5855632Z,0
1.64408,103.7693096,Daerah: Johor<br>No:6368<br>Hex coord:(96;82),n/a,0,0,0,0,0,0,1,2023-05-31T21:14:26.2479617Z,0
1.6363,103.7828441,Daerah: Johor<br>No:6369<br>Hex coord:(97;82),n/a,0,0,0,0,0,0,1,2023-05-31T21:14:26.9188923Z,0
1.64408,103.7963785,Daerah: Johor<br>No:6370<br>Hex coord:(98;82),n/a,0,0,0,0,0,0,1,2023-05-31T21:14:27.5951070Z,0
1.6363,103.809913,Daerah: Johor<br>No:6371<br>Hex coord:(99;82),n/a,0,0,0,0,0,0,1,2023-05-31T21:14:28.2604760Z,0
1.64408,103.8234475,Daerah: Johor<br>No:6372<br>Hex coord:(100;82),n/a,0,0,0,0,0,0,1,2023-05-31T21:14:28.9310562Z,0
1.6363,103.836982,Daerah: Johor<br>No:6373<br>Hex coord:(101;82),n/a,0,0,0,0,0,0,1,2023-05-31T21:14:29.6059490Z,0
1.64408,103.8505164,Daerah: Johor<br>No:6374<br>Hex coord:(102;82),n/a,0,0,0,0,0,0,1,2023-05-31T21:14:30.2694547Z,0
1.6363,103.8640509,Daerah: Johor<br>No:6375<br>Hex coord:(103;82),n/a,0,0,0,0,0,0,1,2023-05-31T21:14:30.9281021Z,0
1.64408,103.8775854,Daerah: Johor<br>No:6376<br>Hex coord:(104;82),n/a,0,0,0,0,0,0,1,2023-05-31T21:14:31.5824621Z,0
1.6363,103.8911199,Daerah: Johor<br>No:6377<br>Hex coord:(105;82),n/a,0,0,0,0,0,0,1,2023-05-31T21:14:32.2696643Z,0
1.64408,103.9046543,Daerah: Johor<br>No:6378<br>Hex coord:(106;82),n/a,0,0,0,0,0,0,1,2023-05-31T21:14:32.9311820Z,0
1.6363,103.9181888,Daerah: Johor<br>No:6379<br>Hex coord:(107;82),n/a,0,0,0,0,0,0,1,2023-05-31T21:14:33.5913220Z,0
1.64408,103.9317233,Daerah: Johor<br>No:6380<br>Hex coord:(108;82),n/a,0,0,0,0,0,0,1,2023-05-31T21:14:34.2542270Z,0
1.6363,103.9452578,Daerah: Johor<br>No:6381<br>Hex coord:(109;82),n/a,0,0,0,0,0,0,1,2023-05-31T21:14:34.9127761Z,0
1.64408,103.9587922,Daerah: Johor<br>No:6382<br>Hex coord:(110;82),n/a,0,0,0,0,0,0,1,2023-05-31T21:14:35.5667149Z,0
1.6363,103.9723267,Daerah: Johor<br>No:6383<br>Hex coord:(111;82),n/a,0,0,0,0,0,0,1,2023-05-31T21:14:36.2243241Z,0
1.64408,103.9858612,Daerah: Johor<br>No:6384<br>Hex coord:(112;82),n/a,0,0,0,0,0,0,1,2023-05-31T21:14:36.8776797Z,0
1.6363,103.9993957,Daerah: Johor<br>No:6385<br>Hex coord:(113;82),n/a,0,0,0,0,0,0,1,2023-05-31T21:14:37.5351861Z,0
1.64408,104.0129301,Daerah: Johor<br>No:6386<br>Hex coord:(114;82),n/a,0,0,0,0,0,0,1,2023-05-31T21:14:38.2036701Z,0
1.6363,104.0264646,Daerah: Johor<br>No:6387<br>Hex coord:(115;82),n/a,0,0,0,0,0,0,1,2023-05-31T21:14:38.8614035Z,0
1.64408,104.0399991,Daerah: Johor<br>No:6388<br>Hex coord:(116;82),n/a,0,0,0,0,0,0,1,2023-05-31T21:14:39.5465315Z,0
1.6363,104.0535336,Daerah: Johor<br>No:6389<br>Hex coord:(117;82),n/a,0,0,0,0,0,0,1,2023-05-31T21:14:40.2019348Z,0
1.64408,104.067068,Daerah: Johor<br>No:6390<br>Hex coord:(118;82),n/a,0,0,0,0,0,0,1,2023-05-31T21:14:40.8548731Z,0
1.6363,104.0806025,Daerah: Johor<br>No:6391<br>Hex coord:(119;82),n/a,0,0,0,0,0,0,1,2023-05-31T21:14:41.5069993Z,0
1.64408,104.094137,Daerah: Johor<br>No:6392<br>Hex coord:(120;82),n/a,0,0,0,0,0,0,1,2023-05-31T21:14:42.1761564Z,0
1.6363,104.1076715,Daerah: Johor<br>No:6393<br>Hex coord:(121;82),n/a,0,0,0,0,0,0,1,2023-05-31T21:14:42.8351627Z,0
1.64408,104.1212059,Daerah: Johor<br>No:6394<br>Hex coord:(122;82),n/a,0,0,0,0,0,0,1,2023-05-31T21:14:43.5047686Z,0
1.6363,104.1347404,Daerah: Johor<br>No:6395<br>Hex coord:(123;82),n/a,0,0,0,0,0,0,1,2023-05-31T21:14:44.1591911Z,0
1.64408,104.1482749,Daerah: Johor<br>No:6396<br>Hex coord:(124;82),n/a,0,0,0,0,0,0,1,2023-05-31T21:14:44.8151943Z,0
1.6363,104.1618094,Daerah: Johor<br>No:6397<br>Hex coord:(125;82),n/a,0,0,0,0,0,0,1,2023-05-31T21:14:45.4672687Z,0
1.64408,104.1753438,Daerah: Johor<br>No:6398<br>Hex coord:(126;82),n/a,0,0,0,0,0,0,1,2023-05-31T21:14:46.1295272Z,0
1.6363,104.1888783,Daerah: Johor<br>No:6399<br>Hex coord:(127;82),n/a,0,0,0,0,0,0,1,2023-05-31T21:14:46.7860825Z,0
1.64408,104.2024128,Daerah: Johor<br>No:6400<br>Hex coord:(128;82),n/a,0,0,0,0,0,0,1,2023-05-31T21:14:47.4359750Z,0
1.6363,104.2159473,Daerah: Johor<br>No:6401<br>Hex coord:(129;82),n/a,0,0,0,0,0,0,1,2023-05-31T21:14:48.0968148Z,0
1.64408,104.2294817,Daerah: Johor<br>No:6402<br>Hex coord:(130;82),n/a,0,0,0,0,0,0,1,2023-05-31T21:14:48.7591602Z,0
1.6363,104.2430162,Daerah: Johor<br>No:6403<br>Hex coord:(131;82),n/a,0,0,0,0,0,0,1,2023-05-31T21:14:49.4149534Z,0
1.62852,103.2008616,Daerah: Johor<br>No:6404<br>Hex coord:(54;83),n/a,0,0,0,0,0,1,1,2023-05-31T21:14:50.0898446Z,0
1.62074,103.2143961,Daerah: Johor<br>No:6405<br>Hex coord:(55;83),n/a,0,0,0,0,0,0,1,2023-05-31T21:14:50.7528750Z,0
1.62852,103.2279306,Daerah: Johor<br>No:6406<br>Hex coord:(56;83),n/a,0,0,0,0,0,0,1,2023-05-31T21:14:51.4114971Z,0
1.62074,103.2414651,Daerah: Johor<br>No:6407<br>Hex coord:(57;83),n/a,0,0,0,0,0,0,1,2023-05-31T21:14:52.0787070Z,0
1.62852,103.2549995,Daerah: Johor<br>No:6408<br>Hex coord:(58;83),n/a,0,0,0,0,0,0,1,2023-05-31T21:14:52.7341546Z,0
1.62074,103.268534,Daerah: Johor<br>No:6409<br>Hex coord:(59;83),n/a,0,0,0,0,0,0,1,2023-05-31T21:14:53.3907934Z,0
1.62852,103.2820685,Daerah: Johor<br>No:6410<br>Hex coord:(60;83),n/a,0,0,0,0,0,0,1,2023-05-31T21:14:54.0463506Z,0
1.62074,103.295603,Daerah: Johor<br>No:6411<br>Hex coord:(61;83),n/a,0,0,0,0,0,0,1,2023-05-31T21:14:54.7014345Z,0
1.62852,103.3091374,Daerah: Johor<br>No:6412<br>Hex coord:(62;83),n/a,0,0,0,0,0,0,1,2023-05-31T21:14:55.3638162Z,0
1.62074,103.3226719,Daerah: Johor<br>No:6413<br>Hex coord:(63;83),n/a,0,0,0,0,0,0,1,2023-05-31T21:14:56.0147101Z,0
1.62852,103.3362064,Daerah: Johor<br>No:6414<br>Hex coord:(64;83),n/a,0,0,0,0,0,0,1,2023-05-31T21:14:56.6796515Z,0
1.62074,103.3497409,Daerah: Johor<br>No:6415<br>Hex coord:(65;83),n/a,0,0,0,0,0,0,1,2023-05-31T21:14:57.3369978Z,0
1.62852,103.3632753,Daerah: Johor<br>No:6416<br>Hex coord:(66;83),n/a,0,0,0,0,0,0,1,2023-05-31T21:14:57.9975661Z,0
1.62074,103.3768098,Daerah: Johor<br>No:6417<br>Hex coord:(67;83),n/a,0,0,0,0,0,0,1,2023-05-31T21:14:58.6552087Z,0
1.62852,103.3903443,Daerah: Johor<br>No:6418<br>Hex coord:(68;83),n/a,0,0,0,0,0,0,1,2023-05-31T21:14:59.3220134Z,0
1.62074,103.4038788,Daerah: Johor<br>No:6419<br>Hex coord:(69;83),n/a,0,0,0,0,0,0,1,2023-05-31T21:14:59.9757321Z,0
1.62852,103.4174132,Daerah: Johor<br>No:6420<br>Hex coord:(70;83),n/a,0,0,0,0,0,0,1,2023-05-31T21:15:00.6356758Z,0
1.62074,103.4309477,Daerah: Johor<br>No:6421<br>Hex coord:(71;83),n/a,0,0,0,0,0,0,1,2023-05-31T21:15:01.2882076Z,0
1.62852,103.4444822,Daerah: Johor<br>No:6422<br>Hex coord:(72;83),n/a,0,0,0,0,0,0,1,2023-05-31T21:15:01.9433938Z,0
1.62074,103.4580167,Daerah: Johor<br>No:6423<br>Hex coord:(73;83),n/a,0,0,0,0,0,0,1,2023-05-31T21:15:02.5941845Z,0
1.62852,103.4715511,Daerah: Johor<br>No:6424<br>Hex coord:(74;83),n/a,0,0,0,0,0,0,1,2023-05-31T21:15:03.2398202Z,0
1.62074,103.4850856,Daerah: Johor<br>No:6425<br>Hex coord:(75;83),n/a,0,0,0,0,0,0,1,2023-05-31T21:15:03.9119269Z,0
1.62852,103.4986201,Daerah: Johor<br>No:6426<br>Hex coord:(76;83),n/a,0,0,0,0,0,0,1,2023-05-31T21:15:04.5671169Z,0
1.62074,103.5121546,Daerah: Johor<br>No:6427<br>Hex coord:(77;83),n/a,0,0,0,0,0,0,1,2023-05-31T21:15:05.2115521Z,0
1.62852,103.525689,Daerah: Johor<br>No:6428<br>Hex coord:(78;83),n/a,0,0,0,0,0,0,1,2023-05-31T21:15:05.8732704Z,0
1.62074,103.5392235,Daerah: Johor<br>No:6429<br>Hex coord:(79;83),n/a,0,0,0,0,0,1,1,2023-05-31T21:15:06.5340508Z,0
1.62852,103.552758,Daerah: Johor<br>No:6430<br>Hex coord:(80;83),n/a,0,0,0,0,0,1,1,2023-05-31T21:15:07.2147805Z,0
1.62074,103.5662925,Daerah: Johor<br>No:6431<br>Hex coord:(81;83),n/a,0,0,0,0,0,1,1,2023-05-31T21:15:07.8806347Z,0
1.62852,103.5798269,Daerah: Johor<br>No:6432<br>Hex coord:(82;83),n/a,0,0,0,0,0,3,1,2023-05-31T21:15:08.5647319Z,0
1.62074,103.5933614,Daerah: Johor<br>No:6433<br>Hex coord:(83;83),n/a,0,0,0,0,0,2,1,2023-05-31T21:15:09.2448402Z,0
1.62852,103.6068959,Daerah: Johor<br>No:6434<br>Hex coord:(84;83),n/a,0,0,0,0,0,3,1,2023-05-31T21:15:09.9612801Z,0
1.62074,103.6204304,Daerah: Johor<br>No:6435<br>Hex coord:(85;83),n/a,0,0,0,0,0,2,1,2023-05-31T21:15:10.6446950Z,0
1.62852,103.6339648,Daerah: Johor<br>No:6436<br>Hex coord:(86;83),n/a,0,0,0,0,0,2,1,2023-05-31T21:15:11.3229823Z,2
1.62074,103.6474993,Daerah: Johor<br>No:6437<br>Hex coord:(87;83),n/a,0,0,0,0,0,0,1,2023-05-31T21:15:12.0045059Z,0
1.62852,103.6610338,Daerah: Johor<br>No:6438<br>Hex coord:(88;83),n/a,0,0,0,0,0,1,1,2023-05-31T21:15:12.6711723Z,1
1.62074,103.6745683,Daerah: Johor<br>No:6439<br>Hex coord:(89;83),n/a,0,0,0,0,0,0,1,2023-05-31T21:15:13.3345818Z,0
1.62852,103.6881027,Daerah: Johor<br>No:6440<br>Hex coord:(90;83),n/a,0,0,0,0,0,0,1,2023-05-31T21:15:14.0049679Z,0
1.62074,103.7016372,Daerah: Johor<br>No:6441<br>Hex coord:(91;83),n/a,0,0,0,0,0,0,1,2023-05-31T21:15:14.6746269Z,0
1.62852,103.7151717,Daerah: Johor<br>No:6442<br>Hex coord:(92;83),n/a,0,0,0,0,0,0,1,2023-05-31T21:15:15.3470683Z,0
1.62074,103.7287062,Daerah: Johor<br>No:6443<br>Hex coord:(93;83),n/a,0,0,0,0,0,0,1,2023-05-31T21:15:16.0212326Z,0
1.62852,103.7422406,Daerah: Johor<br>No:6444<br>Hex coord:(94;83),n/a,0,0,0,0,0,0,1,2023-05-31T21:15:16.6763729Z,0
1.62074,103.7557751,Daerah: Johor<br>No:6445<br>Hex coord:(95;83),n/a,0,0,0,0,0,0,1,2023-05-31T21:15:17.3543680Z,0
1.62852,103.7693096,Daerah: Johor<br>No:6446<br>Hex coord:(96;83),n/a,0,0,0,0,0,0,1,2023-05-31T21:15:18.0217586Z,0
1.62074,103.7828441,Daerah: Johor<br>No:6447<br>Hex coord:(97;83),n/a,0,0,0,0,0,0,1,2023-05-31T21:15:18.6979321Z,0
1.62852,103.7963785,Daerah: Johor<br>No:6448<br>Hex coord:(98;83),n/a,0,0,0,0,0,0,1,2023-05-31T21:15:19.3747348Z,0
1.62074,103.809913,Daerah: Johor<br>No:6449<br>Hex coord:(99;83),n/a,0,0,0,0,0,0,1,2023-05-31T21:15:20.0520129Z,0
1.62852,103.8234475,Daerah: Johor<br>No:6450<br>Hex coord:(100;83),n/a,0,0,0,0,0,0,1,2023-05-31T21:15:20.7240938Z,0
1.62074,103.836982,Daerah: Johor<br>No:6451<br>Hex coord:(101;83),n/a,0,0,0,0,0,0,1,2023-05-31T21:15:21.4166112Z,0
1.62852,103.8505164,Daerah: Johor<br>No:6452<br>Hex coord:(102;83),n/a,0,0,0,0,0,0,1,2023-05-31T21:15:22.0695140Z,0
1.62074,103.8640509,Daerah: Johor<br>No:6453<br>Hex coord:(103;83),n/a,0,0,0,0,0,0,1,2023-05-31T21:15:22.7319410Z,0
1.62852,103.8775854,Daerah: Johor<br>No:6454<br>Hex coord:(104;83),n/a,0,0,0,0,0,0,1,2023-05-31T21:15:23.3834336Z,0
1.62074,103.8911199,Daerah: Johor<br>No:6455<br>Hex coord:(105;83),n/a,0,0,0,0,0,0,1,2023-05-31T21:15:24.0414708Z,0
1.62852,103.9046543,Daerah: Johor<br>No:6456<br>Hex coord:(106;83),n/a,0,0,0,0,0,0,1,2023-05-31T21:15:24.7106851Z,0
1.62074,103.9181888,Daerah: Johor<br>No:6457<br>Hex coord:(107;83),n/a,0,0,0,0,0,0,1,2023-05-31T21:15:25.3612203Z,0
1.62852,103.9317233,Daerah: Johor<br>No:6458<br>Hex coord:(108;83),n/a,0,0,0,0,0,0,1,2023-05-31T21:15:26.0144780Z,0
1.62074,103.9452578,Daerah: Johor<br>No:6459<br>Hex coord:(109;83),n/a,0,0,0,0,0,0,1,2023-05-31T21:15:26.6870584Z,0
1.62852,103.9587922,Daerah: Johor<br>No:6460<br>Hex coord:(110;83),n/a,0,0,0,0,0,0,1,2023-05-31T21:15:27.3500319Z,0
1.62852,103.9858612,Daerah: Johor<br>No:6461<br>Hex coord:(112;83),n/a,0,0,0,0,0,0,1,2023-05-31T21:15:28.0114880Z,0
1.62074,103.9993957,Daerah: Johor<br>No:6462<br>Hex coord:(113;83),n/a,0,0,0,0,0,0,1,2023-05-31T21:15:28.6689556Z,0
1.62852,104.0129301,Daerah: Johor<br>No:6463<br>Hex coord:(114;83),n/a,0,0,0,0,0,0,1,2023-05-31T21:15:29.3232182Z,0
1.62074,104.0264646,Daerah: Johor<br>No:6464<br>Hex coord:(115;83),n/a,0,0,0,0,0,0,1,2023-05-31T21:15:29.9872997Z,0
1.62852,104.0399991,Daerah: Johor<br>No:6465<br>Hex coord:(116;83),n/a,0,0,0,0,0,0,1,2023-05-31T21:15:30.6519848Z,0
1.62074,104.0535336,Daerah: Johor<br>No:6466<br>Hex coord:(117;83),n/a,0,0,0,0,0,0,1,2023-05-31T21:15:31.3035422Z,0
1.62852,104.067068,Daerah: Johor<br>No:6467<br>Hex coord:(118;83),n/a,0,0,0,0,0,0,1,2023-05-31T21:15:31.9614160Z,0
1.62074,104.0806025,Daerah: Johor<br>No:6468<br>Hex coord:(119;83),n/a,0,0,0,0,0,0,1,2023-05-31T21:15:32.6189617Z,0
1.62852,104.094137,Daerah: Johor<br>No:6469<br>Hex coord:(120;83),n/a,0,0,0,0,0,0,1,2023-05-31T21:15:33.2887064Z,0
1.62074,104.1076715,Daerah: Johor<br>No:6470<br>Hex coord:(121;83),n/a,0,0,0,0,0,0,1,2023-05-31T21:15:33.9569769Z,0
1.62852,104.1212059,Daerah: Johor<br>No:6471<br>Hex coord:(122;83),n/a,0,0,0,0,0,0,1,2023-05-31T21:15:34.6112759Z,0
1.62074,104.1347404,Daerah: Johor<br>No:6472<br>Hex coord:(123;83),n/a,1,0,0,0,0,0,1,2023-05-31T21:15:35.2654048Z,0
1.62852,104.1482749,Daerah: Johor<br>No:6473<br>Hex coord:(124;83),n/a,0,0,0,0,0,0,1,2023-05-31T21:15:35.9267554Z,0
1.62074,104.1618094,Daerah: Johor<br>No:6474<br>Hex coord:(125;83),n/a,0,0,0,0,0,0,1,2023-05-31T21:15:36.5856810Z,0
1.62852,104.1753438,Daerah: Johor<br>No:6475<br>Hex coord:(126;83),n/a,0,0,0,0,0,0,1,2023-05-31T21:15:37.2552148Z,0
1.62074,104.1888783,Daerah: Johor<br>No:6476<br>Hex coord:(127;83),n/a,0,0,0,0,0,0,1,2023-05-31T21:15:37.9130700Z,0
1.62852,104.2024128,Daerah: Johor<br>No:6477<br>Hex coord:(128;83),n/a,0,0,0,0,0,0,1,2023-05-31T21:15:38.5779595Z,0
1.62074,104.2159473,Daerah: Johor<br>No:6478<br>Hex coord:(129;83),n/a,0,0,0,0,0,0,1,2023-05-31T21:15:39.2295144Z,0
1.62852,104.2294817,Daerah: Johor<br>No:6479<br>Hex coord:(130;83),n/a,0,0,0,0,0,0,1,2023-05-31T21:15:39.8858033Z,0
1.62074,104.2430162,Daerah: Johor<br>No:6480<br>Hex coord:(131;83),n/a,0,0,0,0,0,0,1,2023-05-31T21:15:40.5427644Z,0
1.61296,103.2279306,Daerah: Johor<br>No:6481<br>Hex coord:(56;84),n/a,0,0,0,0,0,0,1,2023-05-31T21:15:41.2076207Z,0
1.60518,103.2414651,Daerah: Johor<br>No:6482<br>Hex coord:(57;84),n/a,0,0,0,0,0,0,1,2023-05-31T21:15:41.8606636Z,0
1.61296,103.2549995,Daerah: Johor<br>No:6483<br>Hex coord:(58;84),n/a,0,0,0,0,0,0,1,2023-05-31T21:15:42.5285768Z,0
1.60518,103.268534,Daerah: Johor<br>No:6484<br>Hex coord:(59;84),n/a,0,0,0,0,0,0,1,2023-05-31T21:15:43.1890013Z,0
1.61296,103.2820685,Daerah: Johor<br>No:6485<br>Hex coord:(60;84),n/a,0,0,0,0,0,0,1,2023-05-31T21:15:43.8506580Z,0
1.60518,103.295603,Daerah: Johor<br>No:6486<br>Hex coord:(61;84),n/a,0,0,0,0,0,0,1,2023-05-31T21:15:44.5088668Z,0
1.61296,103.3091374,Daerah: Johor<br>No:6487<br>Hex coord:(62;84),n/a,0,0,0,0,0,0,1,2023-05-31T21:15:45.1738621Z,0
1.60518,103.3226719,Daerah: Johor<br>No:6488<br>Hex coord:(63;84),n/a,0,0,0,0,0,0,1,2023-05-31T21:15:45.8319148Z,0
1.61296,103.3362064,Daerah: Johor<br>No:6489<br>Hex coord:(64;84),n/a,0,0,0,0,0,0,1,2023-05-31T21:15:46.5081226Z,0
1.60518,103.3497409,Daerah: Johor<br>No:6490<br>Hex coord:(65;84),n/a,0,0,0,0,0,0,1,2023-05-31T21:15:47.1874248Z,0
1.61296,103.3632753,Daerah: Johor<br>No:6491<br>Hex coord:(66;84),n/a,0,0,0,0,0,0,1,2023-05-31T21:15:47.8561253Z,0
1.60518,103.3768098,Daerah: Johor<br>No:6492<br>Hex coord:(67;84),n/a,0,0,0,0,0,0,1,2023-05-31T21:15:48.5195636Z,0
1.61296,103.3903443,Daerah: Johor<br>No:6493<br>Hex coord:(68;84),n/a,0,0,0,0,0,0,1,2023-05-31T21:15:49.1749879Z,0
1.60518,103.4038788,Daerah: Johor<br>No:6494<br>Hex coord:(69;84),n/a,0,0,0,0,0,0,1,2023-05-31T21:15:49.8376863Z,0
1.61296,103.4174132,Daerah: Johor<br>No:6495<br>Hex coord:(70;84),n/a,0,0,0,0,0,0,1,2023-05-31T21:15:50.4907982Z,0
1.60518,103.4309477,Daerah: Johor<br>No:6496<br>Hex coord:(71;84),n/a,0,0,0,0,0,0,1,2023-05-31T21:15:51.1472491Z,0
1.61296,103.4444822,Daerah: Johor<br>No:6497<br>Hex coord:(72;84),n/a,0,0,0,0,0,0,1,2023-05-31T21:15:51.8001389Z,0
1.60518,103.4580167,Daerah: Johor<br>No:6498<br>Hex coord:(73;84),n/a,0,0,0,0,0,0,1,2023-05-31T21:15:52.4605704Z,0
1.61296,103.4715511,Daerah: Johor<br>No:6499<br>Hex coord:(74;84),n/a,0,0,0,0,0,0,1,2023-05-31T21:15:53.1224750Z,0
1.60518,103.4850856,Daerah: Johor<br>No:6500<br>Hex coord:(75;84),n/a,0,0,0,0,0,0,1,2023-05-31T21:15:53.7804691Z,0
1.61296,103.4986201,Daerah: Johor<br>No:6501<br>Hex coord:(76;84),n/a,0,0,0,0,0,0,1,2023-05-31T21:15:54.4413153Z,0
1.60518,103.5121546,Daerah: Johor<br>No:6502<br>Hex coord:(77;84),n/a,0,0,0,0,0,0,1,2023-05-31T21:15:55.0948265Z,0
1.61296,103.525689,Daerah: Johor<br>No:6503<br>Hex coord:(78;84),n/a,0,0,0,0,0,0,1,2023-05-31T21:15:55.7594022Z,0
1.60518,103.5392235,Daerah: Johor<br>No:6504<br>Hex coord:(79;84),n/a,0,0,0,0,0,0,1,2023-05-31T21:15:56.4304487Z,0
1.61296,103.552758,Daerah: Johor<br>No:6505<br>Hex coord:(80;84),n/a,0,0,0,0,0,1,1,2023-05-31T21:15:57.0880186Z,0
1.60518,103.5662925,Daerah: Johor<br>No:6506<br>Hex coord:(81;84),n/a,0,0,0,0,0,0,1,2023-05-31T21:15:57.7410707Z,0
1.61296,103.5798269,Daerah: Johor<br>No:6507<br>Hex coord:(82;84),n/a,0,0,0,0,0,1,1,2023-05-31T21:15:58.4178258Z,0
1.60518,103.5933614,Daerah: Johor<br>No:6508<br>Hex coord:(83;84),n/a,0,0,0,0,0,3,1,2023-05-31T21:15:59.0980964Z,0
1.61296,103.6068959,Daerah: Johor<br>No:6509<br>Hex coord:(84;84),n/a,0,0,0,0,0,2,1,2023-05-31T21:15:59.7723872Z,0
1.60518,103.6204304,Daerah: Johor<br>No:6510<br>Hex coord:(85;84),n/a,0,0,0,0,0,2,1,2023-05-31T21:16:00.4480912Z,0
1.61296,103.6339648,Daerah: Johor<br>No:6511<br>Hex coord:(86;84),n/a,0,0,0,0,0,1,1,2023-05-31T21:16:01.1321542Z,0
1.60518,103.6474993,Daerah: Johor<br>No:6512<br>Hex coord:(87;84),n/a,0,0,0,0,0,0,1,2023-05-31T21:16:01.8100964Z,0
1.61296,103.6610338,Daerah: Johor<br>No:6513<br>Hex coord:(88;84),n/a,1,0,0,0,0,0,1,2023-05-31T21:16:02.5008997Z,0
1.60518,103.6745683,Daerah: Johor<br>No:6514<br>Hex coord:(89;84),n/a,0,0,0,0,0,0,1,2023-05-31T21:16:03.1755003Z,1
1.61296,103.6881027,Daerah: Johor<br>No:6515<br>Hex coord:(90;84),n/a,0,0,0,0,0,0,1,2023-05-31T21:16:03.8643856Z,0
1.60518,103.7016372,Daerah: Johor<br>No:6516<br>Hex coord:(91;84),n/a,0,0,0,0,0,0,1,2023-05-31T21:16:04.5192382Z,0
1.61296,103.7151717,Daerah: Johor<br>No:6517<br>Hex coord:(92;84),n/a,0,0,0,0,0,0,1,2023-05-31T21:16:05.1890847Z,0
1.60518,103.7287062,Daerah: Johor<br>No:6518<br>Hex coord:(93;84),n/a,0,0,0,0,0,0,1,2023-05-31T21:16:05.9124237Z,0
1.61296,103.7422406,Daerah: Johor<br>No:6519<br>Hex coord:(94;84),n/a,0,0,0,0,0,0,1,2023-05-31T21:16:06.5845312Z,0
1.60518,103.7557751,Daerah: Johor<br>No:6520<br>Hex coord:(95;84),n/a,0,0,0,0,0,0,1,2023-05-31T21:16:07.2779195Z,0
1.61296,103.7693096,Daerah: Johor<br>No:6521<br>Hex coord:(96;84),n/a,0,0,0,0,0,0,1,2023-05-31T21:16:07.9571707Z,0
1.60518,103.7828441,Daerah: Johor<br>No:6522<br>Hex coord:(97;84),n/a,0,0,0,0,0,0,1,2023-05-31T21:16:08.6696419Z,0
1.61296,103.7963785,Daerah: Johor<br>No:6523<br>Hex coord:(98;84),n/a,1,0,0,0,0,0,1,2023-05-31T21:16:09.3603163Z,0
1.60518,103.809913,Daerah: Johor<br>No:6524<br>Hex coord:(99;84),n/a,0,1,0,0,0,0,1,2023-05-31T21:16:10.0598238Z,0
1.61296,103.8234475,Daerah: Johor<br>No:6525<br>Hex coord:(100;84),n/a,0,0,0,0,0,0,1,2023-05-31T21:16:10.7462006Z,0
1.60518,103.836982,Daerah: Johor<br>No:6526<br>Hex coord:(101;84),n/a,0,0,0,0,0,0,1,2023-05-31T21:16:11.4231844Z,0
1.61296,103.8505164,Daerah: Johor<br>No:6527<br>Hex coord:(102;84),n/a,0,0,0,0,0,0,1,2023-05-31T21:16:12.1013198Z,0
1.60518,103.8640509,Daerah: Johor<br>No:6528<br>Hex coord:(103;84),n/a,0,0,0,0,0,0,1,2023-05-31T21:16:12.7614446Z,0
1.61296,103.8775854,Daerah: Johor<br>No:6529<br>Hex coord:(104;84),n/a,0,0,0,0,0,0,1,2023-05-31T21:16:13.4225811Z,0
1.60518,103.8911199,Daerah: Johor<br>No:6530<br>Hex coord:(105;84),n/a,0,0,0,0,0,0,1,2023-05-31T21:16:14.0778503Z,0
1.61296,103.9046543,Daerah: Johor<br>No:6531<br>Hex coord:(106;84),n/a,0,0,0,0,0,0,1,2023-05-31T21:16:14.7318625Z,0
1.60518,103.9181888,Daerah: Johor<br>No:6532<br>Hex coord:(107;84),n/a,0,0,0,0,0,0,1,2023-05-31T21:16:15.3964610Z,0
1.61296,103.9317233,Daerah: Johor<br>No:6533<br>Hex coord:(108;84),n/a,0,0,0,0,0,0,1,2023-05-31T21:16:16.0604360Z,0
1.60518,103.9452578,Daerah: Johor<br>No:6534<br>Hex coord:(109;84),n/a,0,0,0,0,0,0,1,2023-05-31T21:16:16.7084517Z,0
1.61296,103.9587922,Daerah: Johor<br>No:6535<br>Hex coord:(110;84),n/a,0,0,0,0,0,0,1,2023-05-31T21:16:17.3674076Z,0
1.61296,103.9858612,Daerah: Johor<br>No:6536<br>Hex coord:(112;84),n/a,0,0,0,0,0,0,1,2023-05-31T21:16:18.0333625Z,0
1.60518,103.9993957,Daerah: Johor<br>No:6537<br>Hex coord:(113;84),n/a,0,0,0,0,0,0,1,2023-05-31T21:16:18.6923446Z,0
1.61296,104.0129301,Daerah: Johor<br>No:6538<br>Hex coord:(114;84),n/a,0,0,0,0,0,0,1,2023-05-31T21:16:19.3487644Z,0
1.60518,104.0264646,Daerah: Johor<br>No:6539<br>Hex coord:(115;84),n/a,0,0,0,0,0,0,1,2023-05-31T21:16:20.0084425Z,0
1.61296,104.0399991,Daerah: Johor<br>No:6540<br>Hex coord:(116;84),n/a,0,0,0,0,0,0,1,2023-05-31T21:16:20.6758118Z,0
1.60518,104.0535336,Daerah: Johor<br>No:6541<br>Hex coord:(117;84),n/a,0,0,0,0,0,0,1,2023-05-31T21:16:23.0379128Z,0
1.61296,104.067068,Daerah: Johor<br>No:6542<br>Hex coord:(118;84),n/a,0,0,0,0,0,0,1,2023-05-31T21:16:23.6887166Z,0
1.60518,104.0806025,Daerah: Johor<br>No:6543<br>Hex coord:(119;84),n/a,0,0,0,0,0,0,1,2023-05-31T21:16:24.3564453Z,0
1.61296,104.094137,Daerah: Johor<br>No:6544<br>Hex coord:(120;84),n/a,0,0,0,0,0,0,1,2023-05-31T21:16:25.0221388Z,0
1.60518,104.1076715,Daerah: Johor<br>No:6545<br>Hex coord:(121;84),n/a,1,0,0,0,0,0,1,2023-05-31T21:16:25.6751583Z,0
1.61296,104.1212059,Daerah: Johor<br>No:6546<br>Hex coord:(122;84),n/a,0,0,0,0,0,0,1,2023-05-31T21:16:26.3302581Z,0
1.60518,104.1347404,Daerah: Johor<br>No:6547<br>Hex coord:(123;84),n/a,0,0,0,0,0,0,1,2023-05-31T21:16:26.9858565Z,0
1.61296,104.1482749,Daerah: Johor<br>No:6548<br>Hex coord:(124;84),n/a,1,0,0,0,0,0,1,2023-05-31T21:16:27.6432440Z,2
1.60518,104.1618094,Daerah: Johor<br>No:6549<br>Hex coord:(125;84),n/a,0,0,0,0,0,0,1,2023-05-31T21:16:28.3049065Z,0
1.61296,104.1753438,Daerah: Johor<br>No:6550<br>Hex coord:(126;84),n/a,0,0,0,0,0,0,1,2023-05-31T21:16:28.9714316Z,0
1.60518,104.1888783,Daerah: Johor<br>No:6551<br>Hex coord:(127;84),n/a,0,0,0,0,0,0,1,2023-05-31T21:16:29.6323751Z,0
1.61296,104.2024128,Daerah: Johor<br>No:6552<br>Hex coord:(128;84),n/a,0,0,0,0,0,0,1,2023-05-31T21:16:30.2836545Z,0
1.60518,104.2159473,Daerah: Johor<br>No:6553<br>Hex coord:(129;84),n/a,0,0,0,0,0,0,1,2023-05-31T21:16:30.9459316Z,0
1.61296,104.2294817,Daerah: Johor<br>No:6554<br>Hex coord:(130;84),n/a,0,0,0,0,0,0,1,2023-05-31T21:16:31.6157969Z,0
1.60518,104.2430162,Daerah: Johor<br>No:6555<br>Hex coord:(131;84),n/a,0,0,0,0,0,0,1,2023-05-31T21:16:32.2686977Z,0
1.61296,104.2565507,Daerah: Johor<br>No:6556<br>Hex coord:(132;84),n/a,0,0,0,0,0,0,1,2023-05-31T21:16:32.9229543Z,0
1.5974,103.2549995,Daerah: Johor<br>No:6557<br>Hex coord:(58;85),n/a,0,0,0,0,0,0,1,2023-05-31T21:16:33.5771631Z,0
1.5974,103.2820685,Daerah: Johor<br>No:6558<br>Hex coord:(60;85),n/a,0,0,0,0,0,0,1,2023-05-31T21:16:34.2325379Z,0
1.58962,103.295603,Daerah: Johor<br>No:6559<br>Hex coord:(61;85),n/a,0,0,0,0,0,0,1,2023-05-31T21:16:34.9210568Z,0
1.5974,103.3091374,Daerah: Johor<br>No:6560<br>Hex coord:(62;85),n/a,0,0,0,0,0,0,1,2023-05-31T21:16:35.5835080Z,0
1.58962,103.3226719,Daerah: Johor<br>No:6561<br>Hex coord:(63;85),n/a,0,0,0,0,0,0,1,2023-05-31T21:16:36.2533607Z,0
1.5974,103.3362064,Daerah: Johor<br>No:6562<br>Hex coord:(64;85),n/a,0,0,0,0,0,0,1,2023-05-31T21:16:36.9120604Z,0
1.58962,103.3497409,Daerah: Johor<br>No:6563<br>Hex coord:(65;85),n/a,0,0,0,0,0,0,1,2023-05-31T21:16:37.5711981Z,0
1.5974,103.3632753,Daerah: Johor<br>No:6564<br>Hex coord:(66;85),n/a,0,0,0,0,0,0,1,2023-05-31T21:16:38.2417777Z,0
1.58962,103.3768098,Daerah: Johor<br>No:6565<br>Hex coord:(67;85),n/a,0,0,0,0,0,0,1,2023-05-31T21:16:38.8936935Z,0
1.5974,103.3903443,Daerah: Johor<br>No:6566<br>Hex coord:(68;85),n/a,0,0,0,0,0,0,1,2023-05-31T21:16:39.5450610Z,0
1.58962,103.4038788,Daerah: Johor<br>No:6567<br>Hex coord:(69;85),n/a,0,0,0,0,0,0,1,2023-05-31T21:16:40.2030443Z,0
1.5974,103.4174132,Daerah: Johor<br>No:6568<br>Hex coord:(70;85),n/a,0,0,0,0,0,0,1,2023-05-31T21:16:40.8654422Z,0
1.58962,103.4309477,Daerah: Johor<br>No:6569<br>Hex coord:(71;85),n/a,0,0,0,0,0,0,1,2023-05-31T21:16:41.5240492Z,0
1.5974,103.4444822,Daerah: Johor<br>No:6570<br>Hex coord:(72;85),n/a,0,0,0,0,0,0,1,2023-05-31T21:16:42.1850386Z,0
1.58962,103.4580167,Daerah: Johor<br>No:6571<br>Hex coord:(73;85),n/a,0,0,0,0,0,0,1,2023-05-31T21:16:42.8501763Z,0
1.5974,103.4715511,Daerah: Johor<br>No:6572<br>Hex coord:(74;85),n/a,0,0,0,0,0,0,1,2023-05-31T21:16:43.5152816Z,0
1.58962,103.4850856,Daerah: Johor<br>No:6573<br>Hex coord:(75;85),n/a,0,0,0,0,0,0,1,2023-05-31T21:16:44.1827975Z,1
1.5974,103.4986201,Daerah: Johor<br>No:6574<br>Hex coord:(76;85),n/a,0,0,0,0,0,0,1,2023-05-31T21:16:44.8436192Z,0
1.58962,103.5121546,Daerah: Johor<br>No:6575<br>Hex coord:(77;85),n/a,0,0,0,0,0,0,1,2023-05-31T21:16:45.5010702Z,0
1.5974,103.525689,Daerah: Johor<br>No:6576<br>Hex coord:(78;85),n/a,0,0,0,0,0,0,1,2023-05-31T21:16:46.1563732Z,0
1.58962,103.5392235,Daerah: Johor<br>No:6577<br>Hex coord:(79;85),n/a,0,0,0,0,0,0,1,2023-05-31T21:16:46.8088042Z,0
1.5974,103.552758,Daerah: Johor<br>No:6578<br>Hex coord:(80;85),n/a,0,0,0,0,0,0,1,2023-05-31T21:16:47.4713835Z,0
1.58962,103.5662925,Daerah: Johor<br>No:6579<br>Hex coord:(81;85),n/a,0,0,0,0,0,1,1,2023-05-31T21:16:48.1360463Z,0
1.5974,103.5798269,Daerah: Johor<br>No:6580<br>Hex coord:(82;85),n/a,0,0,0,0,0,1,1,2023-05-31T21:16:48.8201700Z,0
1.58962,103.5933614,Daerah: Johor<br>No:6581<br>Hex coord:(83;85),n/a,0,0,0,0,0,2,1,2023-05-31T21:16:49.4996665Z,0
1.5974,103.6068959,Daerah: Johor<br>No:6582<br>Hex coord:(84;85),n/a,0,0,0,0,0,2,1,2023-05-31T21:16:50.1796620Z,0
1.58962,103.6204304,Daerah: Johor<br>No:6583<br>Hex coord:(85;85),n/a,0,0,0,0,0,2,1,2023-05-31T21:16:50.8568085Z,0
1.5974,103.6339648,Daerah: Johor<br>No:6584<br>Hex coord:(86;85),n/a,0,0,0,0,0,1,1,2023-05-31T21:16:51.5386616Z,0
1.58962,103.6474993,Daerah: Johor<br>No:6585<br>Hex coord:(87;85),n/a,0,2,0,0,0,1,1,2023-05-31T21:16:52.2218584Z,0
1.5974,103.6610338,Daerah: Johor<br>No:6586<br>Hex coord:(88;85),n/a,0,0,0,0,0,0,1,2023-05-31T21:16:52.9151201Z,0
1.58962,103.6745683,Daerah: Johor<br>No:6587<br>Hex coord:(89;85),n/a,0,0,0,0,0,0,1,2023-05-31T21:16:53.5936862Z,0
1.5974,103.6881027,Daerah: Johor<br>No:6588<br>Hex coord:(90;85),n/a,0,0,0,0,0,0,1,2023-05-31T21:16:54.2614738Z,0
1.58962,103.7016372,Daerah: Johor<br>No:6589<br>Hex coord:(91;85),n/a,0,0,0,0,0,0,1,2023-05-31T21:16:54.9367162Z,0
1.5974,103.7151717,Daerah: Johor<br>No:6590<br>Hex coord:(92;85),n/a,1,0,0,0,0,0,1,2023-05-31T21:16:55.6151529Z,0
1.58962,103.7287062,Daerah: Johor<br>No:6591<br>Hex coord:(93;85),n/a,1,0,0,0,0,0,1,2023-05-31T21:16:56.2921047Z,0
1.5974,103.7422406,Daerah: Johor<br>No:6592<br>Hex coord:(94;85),n/a,0,0,0,0,0,0,1,2023-05-31T21:16:56.9723363Z,0
1.58962,103.7557751,Daerah: Johor<br>No:6593<br>Hex coord:(95;85),n/a,0,0,0,0,0,0,1,2023-05-31T21:16:57.6752610Z,0
1.5974,103.7693096,Daerah: Johor<br>No:6594<br>Hex coord:(96;85),n/a,0,0,0,0,0,0,1,2023-05-31T21:16:58.3737022Z,0
1.58962,103.7828441,Daerah: Johor<br>No:6595<br>Hex coord:(97;85),n/a,0,0,0,0,0,0,1,2023-05-31T21:16:59.0937962Z,0
1.5974,103.7963785,Daerah: Johor<br>No:6596<br>Hex coord:(98;85),n/a,2,0,0,0,0,0,1,2023-05-31T21:16:59.7916057Z,2
1.58962,103.809913,Daerah: Johor<br>No:6597<br>Hex coord:(99;85),n/a,0,0,0,0,0,0,1,2023-05-31T21:17:00.4991295Z,3
1.5974,103.8234475,Daerah: Johor<br>No:6598<br>Hex coord:(100;85),n/a,0,0,0,0,0,0,1,2023-05-31T21:17:01.1825689Z,0
1.58962,103.836982,Daerah: Johor<br>No:6599<br>Hex coord:(101;85),n/a,0,0,0,0,0,0,1,2023-05-31T21:17:01.8816545Z,0
1.5974,103.8505164,Daerah: Johor<br>No:6600<br>Hex coord:(102;85),n/a,0,0,0,0,0,0,1,2023-05-31T21:17:02.5643601Z,0
1.58962,103.8640509,Daerah: Johor<br>No:6601<br>Hex coord:(103;85),n/a,0,0,0,0,0,0,1,2023-05-31T21:17:03.2450246Z,0
1.5974,103.8775854,Daerah: Johor<br>No:6602<br>Hex coord:(104;85),n/a,0,0,0,0,0,0,1,2023-05-31T21:17:03.9104692Z,0
1.58962,103.8911199,Daerah: Johor<br>No:6603<br>Hex coord:(105;85),n/a,0,0,0,0,0,0,1,2023-05-31T21:17:04.5575835Z,0
1.5974,103.9046543,Daerah: Johor<br>No:6604<br>Hex coord:(106;85),n/a,0,0,0,0,0,0,1,2023-05-31T21:17:05.2211848Z,0
1.58962,103.9181888,Daerah: Johor<br>No:6605<br>Hex coord:(107;85),n/a,0,0,0,0,0,0,1,2023-05-31T21:17:05.8887543Z,0
1.5974,103.9317233,Daerah: Johor<br>No:6606<br>Hex coord:(108;85),n/a,0,0,0,0,0,0,1,2023-05-31T21:17:06.5638695Z,0
1.58962,103.9452578,Daerah: Johor<br>No:6607<br>Hex coord:(109;85),n/a,0,0,0,0,0,0,1,2023-05-31T21:17:07.2245957Z,0
1.5974,103.9587922,Daerah: Johor<br>No:6608<br>Hex coord:(110;85),n/a,0,0,0,0,0,0,1,2023-05-31T21:17:07.8890280Z,0
1.5974,104.0129301,Daerah: Johor<br>No:6609<br>Hex coord:(114;85),n/a,0,0,0,0,0,0,1,2023-05-31T21:17:08.5563352Z,0
1.58962,104.0264646,Daerah: Johor<br>No:6610<br>Hex coord:(115;85),n/a,0,0,0,0,0,0,1,2023-05-31T21:17:09.2270955Z,0
1.5974,104.0399991,Daerah: Johor<br>No:6611<br>Hex coord:(116;85),n/a,0,0,0,0,0,0,1,2023-05-31T21:17:09.8767078Z,0
1.58962,104.0535336,Daerah: Johor<br>No:6612<br>Hex coord:(117;85),n/a,0,0,0,0,0,0,1,2023-05-31T21:17:10.5374298Z,0
1.5974,104.067068,Daerah: Johor<br>No:6613<br>Hex coord:(118;85),n/a,0,0,0,0,0,0,1,2023-05-31T21:17:11.1954792Z,0
1.58962,104.0806025,Daerah: Johor<br>No:6614<br>Hex coord:(119;85),n/a,0,0,0,0,0,0,1,2023-05-31T21:17:11.8662877Z,0
1.5974,104.094137,Daerah: Johor<br>No:6615<br>Hex coord:(120;85),n/a,0,0,0,0,0,0,1,2023-05-31T21:17:12.5430297Z,0
1.58962,104.1076715,Daerah: Johor<br>No:6616<br>Hex coord:(121;85),n/a,0,0,0,0,0,0,1,2023-05-31T21:17:13.2045574Z,0
1.5974,104.1212059,Daerah: Johor<br>No:6617<br>Hex coord:(122;85),n/a,0,0,0,0,0,0,1,2023-05-31T21:17:13.8729993Z,0
1.58962,104.1347404,Daerah: Johor<br>No:6618<br>Hex coord:(123;85),n/a,0,0,0,0,0,0,1,2023-05-31T21:17:14.5294954Z,0
1.5974,104.1482749,Daerah: Johor<br>No:6619<br>Hex coord:(124;85),n/a,0,0,0,0,0,0,1,2023-05-31T21:17:15.2348969Z,0
1.58962,104.1618094,Daerah: Johor<br>No:6620<br>Hex coord:(125;85),n/a,0,0,0,0,0,0,1,2023-05-31T21:17:15.9373502Z,0
1.5974,104.1753438,Daerah: Johor<br>No:6621<br>Hex coord:(126;85),n/a,0,0,0,0,0,0,1,2023-05-31T21:17:16.6037926Z,0
1.58962,104.1888783,Daerah: Johor<br>No:6622<br>Hex coord:(127;85),n/a,0,0,0,0,0,0,1,2023-05-31T21:17:17.2546659Z,0
1.5974,104.2024128,Daerah: Johor<br>No:6623<br>Hex coord:(128;85),n/a,0,0,0,0,0,0,1,2023-05-31T21:17:17.9075753Z,0
1.58962,104.2159473,Daerah: Johor<br>No:6624<br>Hex coord:(129;85),n/a,0,0,0,0,0,0,1,2023-05-31T21:17:18.5624790Z,0
1.5974,104.2294817,Daerah: Johor<br>No:6625<br>Hex coord:(130;85),n/a,0,0,0,0,0,0,1,2023-05-31T21:17:19.2160914Z,0
1.58962,104.2430162,Daerah: Johor<br>No:6626<br>Hex coord:(131;85),n/a,0,0,0,0,0,0,1,2023-05-31T21:17:19.8794255Z,0
1.58184,103.3091374,Daerah: Johor<br>No:6627<br>Hex coord:(62;86),n/a,0,0,0,0,0,0,1,2023-05-31T21:17:20.5373893Z,0
1.57406,103.3226719,Daerah: Johor<br>No:6628<br>Hex coord:(63;86),n/a,0,0,0,0,0,0,1,2023-05-31T21:17:21.1951658Z,0
1.58184,103.3362064,Daerah: Johor<br>No:6629<br>Hex coord:(64;86),n/a,0,0,0,0,0,0,1,2023-05-31T21:17:21.8489258Z,0
1.57406,103.3497409,Daerah: Johor<br>No:6630<br>Hex coord:(65;86),n/a,0,0,0,0,0,0,1,2023-05-31T21:17:22.5063780Z,0
1.58184,103.3632753,Daerah: Johor<br>No:6631<br>Hex coord:(66;86),n/a,0,0,0,0,0,0,1,2023-05-31T21:17:23.1820329Z,0
1.57406,103.3768098,Daerah: Johor<br>No:6632<br>Hex coord:(67;86),n/a,0,0,0,0,0,0,1,2023-05-31T21:17:23.8376219Z,0
1.58184,103.3903443,Daerah: Johor<br>No:6633<br>Hex coord:(68;86),n/a,0,0,0,0,0,0,1,2023-05-31T21:17:24.4997998Z,0
1.57406,103.4038788,Daerah: Johor<br>No:6634<br>Hex coord:(69;86),n/a,0,0,0,0,0,0,1,2023-05-31T21:17:25.1694673Z,0
1.58184,103.4174132,Daerah: Johor<br>No:6635<br>Hex coord:(70;86),n/a,0,0,0,0,0,0,1,2023-05-31T21:17:25.8211479Z,0
1.57406,103.4309477,Daerah: Johor<br>No:6636<br>Hex coord:(71;86),n/a,0,0,0,0,0,0,1,2023-05-31T21:17:26.4849295Z,0
1.58184,103.4444822,Daerah: Johor<br>No:6637<br>Hex coord:(72;86),n/a,0,0,0,0,0,0,1,2023-05-31T21:17:27.1390477Z,0
1.57406,103.4580167,Daerah: Johor<br>No:6638<br>Hex coord:(73;86),n/a,0,0,0,0,0,0,1,2023-05-31T21:17:27.7957404Z,0
1.58184,103.4715511,Daerah: Johor<br>No:6639<br>Hex coord:(74;86),n/a,0,0,0,0,0,0,1,2023-05-31T21:17:28.4509430Z,0
1.57406,103.4850856,Daerah: Johor<br>No:6640<br>Hex coord:(75;86),n/a,0,0,0,0,0,0,1,2023-05-31T21:17:29.1192364Z,0
1.58184,103.4986201,Daerah: Johor<br>No:6641<br>Hex coord:(76;86),n/a,0,0,0,0,0,0,1,2023-05-31T21:17:29.7841888Z,0
1.57406,103.5121546,Daerah: Johor<br>No:6642<br>Hex coord:(77;86),n/a,0,0,0,0,0,0,1,2023-05-31T21:17:30.4352775Z,0
1.58184,103.525689,Daerah: Johor<br>No:6643<br>Hex coord:(78;86),n/a,0,0,0,0,0,0,1,2023-05-31T21:17:31.0925596Z,0
1.57406,103.5392235,Daerah: Johor<br>No:6644<br>Hex coord:(79;86),n/a,0,0,0,0,0,0,1,2023-05-31T21:18:07.7879682Z,0
1.58184,103.552758,Daerah: Johor<br>No:6645<br>Hex coord:(80;86),n/a,0,0,0,0,0,0,1,2023-05-31T21:18:08.4557266Z,0
1.57406,103.5662925,Daerah: Johor<br>No:6646<br>Hex coord:(81;86),n/a,0,0,0,0,0,1,1,2023-05-31T21:18:09.1272442Z,0
1.58184,103.5798269,Daerah: Johor<br>No:6647<br>Hex coord:(82;86),n/a,0,0,0,0,0,2,1,2023-05-31T21:18:09.7871860Z,0
1.57406,103.5933614,Daerah: Johor<br>No:6648<br>Hex coord:(83;86),n/a,0,0,0,0,0,2,1,2023-05-31T21:18:10.4915942Z,0
1.58184,103.6068959,Daerah: Johor<br>No:6649<br>Hex coord:(84;86),n/a,0,0,0,0,0,2,1,2023-05-31T21:18:11.1692135Z,1
1.57406,103.6204304,Daerah: Johor<br>No:6650<br>Hex coord:(85;86),n/a,0,0,0,0,0,2,1,2023-05-31T21:18:11.8700018Z,1
1.58184,103.6339648,Daerah: Johor<br>No:6651<br>Hex coord:(86;86),n/a,0,0,0,0,0,2,1,2023-05-31T21:18:12.5479834Z,0
1.57406,103.6474993,Daerah: Johor<br>No:6652<br>Hex coord:(87;86),n/a,0,0,0,0,0,1,1,2023-05-31T21:18:13.2473286Z,0
1.58184,103.6610338,Daerah: Johor<br>No:6653<br>Hex coord:(88;86),n/a,0,0,0,0,0,0,1,2023-05-31T21:18:13.9205145Z,0
1.57406,103.6745683,Daerah: Johor<br>No:6654<br>Hex coord:(89;86),n/a,0,0,0,0,0,0,1,2023-05-31T21:18:14.6177175Z,0
1.58184,103.6881027,Daerah: Johor<br>No:6655<br>Hex coord:(90;86),n/a,0,0,0,0,0,0,1,2023-05-31T21:18:15.2940848Z,0
1.57406,103.7016372,Daerah: Johor<br>No:6656<br>Hex coord:(91;86),n/a,0,0,0,0,0,0,1,2023-05-31T21:18:15.9781420Z,0
1.58184,103.7151717,Daerah: Johor<br>No:6657<br>Hex coord:(92;86),n/a,0,1,0,0,0,0,1,2023-05-31T21:18:16.6929583Z,0
1.57406,103.7287062,Daerah: Johor<br>No:6658<br>Hex coord:(93;86),n/a,0,0,0,0,0,0,1,2023-05-31T21:18:17.4013983Z,0
1.58184,103.7422406,Daerah: Johor<br>No:6659<br>Hex coord:(94;86),n/a,3,0,0,0,0,0,1,2023-05-31T21:18:18.0919025Z,0
1.57406,103.7557751,Daerah: Johor<br>No:6660<br>Hex coord:(95;86),n/a,0,0,0,0,0,0,1,2023-05-31T21:18:18.8308979Z,0
1.58184,103.7693096,Daerah: Johor<br>No:6661<br>Hex coord:(96;86),n/a,0,0,0,0,0,0,1,2023-05-31T21:18:19.5342587Z,2
1.57406,103.7828441,Daerah: Johor<br>No:6662<br>Hex coord:(97;86),n/a,0,0,0,0,0,0,1,2023-05-31T21:18:20.2437378Z,1
1.58184,103.7963785,Daerah: Johor<br>No:6663<br>Hex coord:(98;86),n/a,0,0,0,0,0,0,1,2023-05-31T21:18:20.9579742Z,1
1.57406,103.809913,Daerah: Johor<br>No:6664<br>Hex coord:(99;86),n/a,0,0,0,0,0,0,1,2023-05-31T21:18:21.6737048Z,2
1.58184,103.8234475,Daerah: Johor<br>No:6665<br>Hex coord:(100;86),n/a,0,0,0,0,0,0,1,2023-05-31T21:18:22.3839980Z,1
1.57406,103.836982,Daerah: Johor<br>No:6666<br>Hex coord:(101;86),n/a,0,0,0,0,0,0,1,2023-05-31T21:18:23.0730506Z,0
1.58184,103.8505164,Daerah: Johor<br>No:6667<br>Hex coord:(102;86),n/a,0,0,0,0,0,0,1,2023-05-31T21:18:23.7503938Z,0
1.57406,103.8640509,Daerah: Johor<br>No:6668<br>Hex coord:(103;86),n/a,0,0,0,0,0,0,1,2023-05-31T21:18:24.4095502Z,0
1.58184,103.8775854,Daerah: Johor<br>No:6669<br>Hex coord:(104;86),n/a,0,0,0,0,0,0,1,2023-05-31T21:18:25.0696950Z,0
1.57406,103.8911199,Daerah: Johor<br>No:6670<br>Hex coord:(105;86),n/a,0,0,0,0,0,0,1,2023-05-31T21:18:25.8364323Z,0
1.58184,103.9046543,Daerah: Johor<br>No:6671<br>Hex coord:(106;86),n/a,0,0,0,0,0,0,1,2023-05-31T21:18:26.4993804Z,0
1.57406,103.9181888,Daerah: Johor<br>No:6672<br>Hex coord:(107;86),n/a,0,0,0,0,0,0,1,2023-05-31T21:18:27.1539629Z,0
1.58184,103.9317233,Daerah: Johor<br>No:6673<br>Hex coord:(108;86),n/a,0,0,0,0,0,0,1,2023-05-31T21:18:27.8160760Z,0
1.57406,103.9452578,Daerah: Johor<br>No:6674<br>Hex coord:(109;86),n/a,0,0,0,0,0,0,1,2023-05-31T21:18:28.5136889Z,0
1.58184,103.9587922,Daerah: Johor<br>No:6675<br>Hex coord:(110;86),n/a,0,0,0,0,0,0,1,2023-05-31T21:18:29.1644465Z,0
1.57406,103.9723267,Daerah: Johor<br>No:6676<br>Hex coord:(111;86),n/a,0,0,0,0,0,0,1,2023-05-31T21:18:29.8321345Z,0
1.57406,104.0264646,Daerah: Johor<br>No:6677<br>Hex coord:(115;86),n/a,0,0,0,0,0,0,1,2023-05-31T21:18:30.4834486Z,0
1.58184,104.0399991,Daerah: Johor<br>No:6678<br>Hex coord:(116;86),n/a,0,0,0,0,0,0,1,2023-05-31T21:18:31.1321771Z,0
1.57406,104.0535336,Daerah: Johor<br>No:6679<br>Hex coord:(117;86),n/a,0,0,0,0,0,0,1,2023-05-31T21:18:31.8027479Z,0
1.58184,104.067068,Daerah: Johor<br>No:6680<br>Hex coord:(118;86),n/a,0,0,0,0,0,0,1,2023-05-31T21:18:32.4583746Z,0
1.57406,104.0806025,Daerah: Johor<br>No:6681<br>Hex coord:(119;86),n/a,0,0,0,0,0,0,1,2023-05-31T21:18:33.1098335Z,0
1.58184,104.094137,Daerah: Johor<br>No:6682<br>Hex coord:(120;86),n/a,0,0,0,0,0,0,1,2023-05-31T21:18:33.7687243Z,0
1.57406,104.1076715,Daerah: Johor<br>No:6683<br>Hex coord:(121;86),n/a,0,0,0,0,0,0,1,2023-05-31T21:18:34.4278839Z,0
1.58184,104.1212059,Daerah: Johor<br>No:6684<br>Hex coord:(122;86),n/a,0,0,0,0,0,0,1,2023-05-31T21:18:35.0856617Z,0
1.57406,104.1347404,Daerah: Johor<br>No:6685<br>Hex coord:(123;86),n/a,0,0,0,0,0,0,1,2023-05-31T21:18:35.7418839Z,0
1.58184,104.1482749,Daerah: Johor<br>No:6686<br>Hex coord:(124;86),n/a,0,0,0,0,0,0,1,2023-05-31T21:18:36.4061469Z,0
1.57406,104.1618094,Daerah: Johor<br>No:6687<br>Hex coord:(125;86),n/a,0,0,0,0,0,0,1,2023-05-31T21:18:37.0706256Z,0
1.58184,104.1753438,Daerah: Johor<br>No:6688<br>Hex coord:(126;86),n/a,0,0,0,0,0,0,1,2023-05-31T21:18:37.7282440Z,0
1.57406,104.1888783,Daerah: Johor<br>No:6689<br>Hex coord:(127;86),n/a,0,0,0,0,0,0,1,2023-05-31T21:18:38.3829278Z,0
1.58184,104.2024128,Daerah: Johor<br>No:6690<br>Hex coord:(128;86),n/a,0,0,0,0,0,0,1,2023-05-31T21:18:39.0423685Z,0
1.57406,104.2159473,Daerah: Johor<br>No:6691<br>Hex coord:(129;86),n/a,1,0,0,0,0,0,1,2023-05-31T21:18:39.7010832Z,0
1.58184,104.2294817,Daerah: Johor<br>No:6692<br>Hex coord:(130;86),n/a,0,0,0,0,0,0,1,2023-05-31T21:18:40.3544076Z,0
1.57406,104.2430162,Daerah: Johor<br>No:6693<br>Hex coord:(131;86),n/a,0,0,0,0,0,0,1,2023-05-31T21:18:41.0096847Z,0
1.58184,104.2565507,Daerah: Johor<br>No:6694<br>Hex coord:(132;86),n/a,0,0,0,0,0,0,1,2023-05-31T21:18:41.6721679Z,0
1.56628,103.3362064,Daerah: Johor<br>No:6695<br>Hex coord:(64;87),n/a,0,0,0,0,0,0,1,2023-05-31T21:18:42.3274895Z,0
1.5585,103.3497409,Daerah: Johor<br>No:6696<br>Hex coord:(65;87),n/a,0,0,0,0,0,0,1,2023-05-31T21:18:42.9782516Z,0
1.56628,103.3632753,Daerah: Johor<br>No:6697<br>Hex coord:(66;87),n/a,0,0,0,0,0,0,1,2023-05-31T21:18:43.6490468Z,0
1.5585,103.3768098,Daerah: Johor<br>No:6698<br>Hex coord:(67;87),n/a,0,0,0,0,0,0,1,2023-05-31T21:18:44.3078303Z,0
1.56628,103.3903443,Daerah: Johor<br>No:6699<br>Hex coord:(68;87),n/a,0,0,0,0,0,0,1,2023-05-31T21:18:44.9666857Z,0
1.5585,103.4038788,Daerah: Johor<br>No:6700<br>Hex coord:(69;87),n/a,0,0,0,0,0,0,1,2023-05-31T21:18:45.6285090Z,0
1.56628,103.4174132,Daerah: Johor<br>No:6701<br>Hex coord:(70;87),n/a,0,0,0,0,0,0,1,2023-05-31T21:18:46.2821930Z,0
1.5585,103.4309477,Daerah: Johor<br>No:6702<br>Hex coord:(71;87),n/a,0,0,0,0,0,0,1,2023-05-31T21:18:46.9388143Z,0
1.56628,103.4444822,Daerah: Johor<br>No:6703<br>Hex coord:(72;87),n/a,0,0,0,0,0,0,1,2023-05-31T21:18:47.5916879Z,0
1.5585,103.4580167,Daerah: Johor<br>No:6704<br>Hex coord:(73;87),n/a,0,0,0,0,0,0,1,2023-05-31T21:18:48.2435299Z,0
1.56628,103.4715511,Daerah: Johor<br>No:6705<br>Hex coord:(74;87),n/a,0,0,0,0,0,0,1,2023-05-31T21:18:48.9001282Z,0
1.5585,103.4850856,Daerah: Johor<br>No:6706<br>Hex coord:(75;87),n/a,0,0,0,0,0,0,1,2023-05-31T21:18:49.5684715Z,0
1.56628,103.4986201,Daerah: Johor<br>No:6707<br>Hex coord:(76;87),n/a,0,0,0,0,0,0,1,2023-05-31T21:18:50.2367867Z,0
1.5585,103.5121546,Daerah: Johor<br>No:6708<br>Hex coord:(77;87),n/a,0,0,0,0,0,0,1,2023-05-31T21:18:50.9064345Z,0
1.56628,103.525689,Daerah: Johor<br>No:6709<br>Hex coord:(78;87),n/a,0,0,0,0,0,0,1,2023-05-31T21:18:51.5670881Z,0
1.5585,103.5392235,Daerah: Johor<br>No:6710<br>Hex coord:(79;87),n/a,0,0,0,0,0,0,1,2023-05-31T21:18:52.2525977Z,0
1.56628,103.552758,Daerah: Johor<br>No:6711<br>Hex coord:(80;87),n/a,0,0,0,0,0,1,1,2023-05-31T21:18:52.9261405Z,0
1.5585,103.5662925,Daerah: Johor<br>No:6712<br>Hex coord:(81;87),n/a,0,0,0,0,0,1,1,2023-05-31T21:18:53.5982336Z,1
1.56628,103.5798269,Daerah: Johor<br>No:6713<br>Hex coord:(82;87),n/a,0,0,0,0,0,2,1,2023-05-31T21:18:54.2736567Z,0
1.5585,103.5933614,Daerah: Johor<br>No:6714<br>Hex coord:(83;87),n/a,1,0,0,0,0,2,1,2023-05-31T21:18:54.9525013Z,1
1.56628,103.6068959,Daerah: Johor<br>No:6715<br>Hex coord:(84;87),n/a,0,1,0,0,0,2,1,2023-05-31T21:18:55.6499730Z,0
1.5585,103.6204304,Daerah: Johor<br>No:6716<br>Hex coord:(85;87),n/a,1,0,0,0,0,2,1,2023-05-31T21:18:56.3634035Z,1
1.56628,103.6339648,Daerah: Johor<br>No:6717<br>Hex coord:(86;87),n/a,0,0,0,0,0,2,1,2023-05-31T21:18:57.0605539Z,0
1.5585,103.6474993,Daerah: Johor<br>No:6718<br>Hex coord:(87;87),n/a,0,1,0,0,0,1,1,2023-05-31T21:18:57.7684176Z,0
1.56628,103.6610338,Daerah: Johor<br>No:6719<br>Hex coord:(88;87),n/a,0,0,0,0,0,1,1,2023-05-31T21:18:58.4587151Z,0
1.5585,103.6745683,Daerah: Johor<br>No:6720<br>Hex coord:(89;87),n/a,0,0,0,0,0,0,1,2023-05-31T21:18:59.1670951Z,1
1.56628,103.6881027,Daerah: Johor<br>No:6721<br>Hex coord:(90;87),n/a,0,0,0,0,0,0,1,2023-05-31T21:18:59.8606524Z,0
1.5585,103.7016372,Daerah: Johor<br>No:6722<br>Hex coord:(91;87),n/a,0,0,0,0,0,0,1,2023-05-31T21:19:00.5621741Z,0
1.56628,103.7151717,Daerah: Johor<br>No:6723<br>Hex coord:(92;87),n/a,0,0,0,0,0,0,1,2023-05-31T21:19:01.2631616Z,0
1.5585,103.7287062,Daerah: Johor<br>No:6724<br>Hex coord:(93;87),n/a,1,0,0,0,0,0,1,2023-05-31T21:19:01.9744861Z,0
1.56628,103.7422406,Daerah: Johor<br>No:6725<br>Hex coord:(94;87),n/a,1,0,0,0,0,0,1,2023-05-31T21:19:02.6920141Z,0
1.5585,103.7557751,Daerah: Johor<br>No:6726<br>Hex coord:(95;87),n/a,1,0,0,0,0,0,1,2023-05-31T21:19:03.4244497Z,3
1.56628,103.7693096,Daerah: Johor<br>No:6727<br>Hex coord:(96;87),n/a,0,0,0,0,0,0,1,2023-05-31T21:19:04.1489274Z,1
1.5585,103.7828441,Daerah: Johor<br>No:6728<br>Hex coord:(97;87),n/a,0,0,0,0,0,0,1,2023-05-31T21:19:04.8731231Z,2
1.56628,103.7963785,Daerah: Johor<br>No:6729<br>Hex coord:(98;87),n/a,0,0,0,0,0,0,1,2023-05-31T21:19:05.6025310Z,2
1.5585,103.809913,Daerah: Johor<br>No:6730<br>Hex coord:(99;87),n/a,0,0,0,0,0,0,1,2023-05-31T21:19:06.3177169Z,1
1.56628,103.8234475,Daerah: Johor<br>No:6731<br>Hex coord:(100;87),n/a,0,0,0,0,0,0,1,2023-05-31T21:19:07.0158204Z,0
1.5585,103.836982,Daerah: Johor<br>No:6732<br>Hex coord:(101;87),n/a,0,0,0,0,0,0,1,2023-05-31T21:19:07.6984009Z,0
1.56628,103.8505164,Daerah: Johor<br>No:6733<br>Hex coord:(102;87),n/a,0,0,0,0,0,0,1,2023-05-31T21:19:08.3730507Z,0
1.5585,103.8640509,Daerah: Johor<br>No:6734<br>Hex coord:(103;87),n/a,0,0,0,0,0,0,1,2023-05-31T21:19:09.0392967Z,0
1.56628,103.8775854,Daerah: Johor<br>No:6735<br>Hex coord:(104;87),n/a,0,0,0,0,0,0,1,2023-05-31T21:19:09.7182847Z,0
1.5585,103.8911199,Daerah: Johor<br>No:6736<br>Hex coord:(105;87),n/a,1,0,0,0,0,0,1,2023-05-31T21:19:10.3876422Z,0
1.56628,103.9046543,Daerah: Johor<br>No:6737<br>Hex coord:(106;87),n/a,0,0,0,0,0,0,1,2023-05-31T21:19:11.0539323Z,0
1.5585,103.9181888,Daerah: Johor<br>No:6738<br>Hex coord:(107;87),n/a,0,0,0,0,0,0,1,2023-05-31T21:19:11.7233216Z,0
1.56628,103.9317233,Daerah: Johor<br>No:6739<br>Hex coord:(108;87),n/a,0,0,0,0,0,0,1,2023-05-31T21:19:12.3892366Z,0
1.5585,103.9452578,Daerah: Johor<br>No:6740<br>Hex coord:(109;87),n/a,0,0,0,0,0,0,1,2023-05-31T21:19:13.0425524Z,0
1.56628,103.9587922,Daerah: Johor<br>No:6741<br>Hex coord:(110;87),n/a,0,0,0,0,0,0,1,2023-05-31T21:19:13.6978773Z,0
1.5585,103.9723267,Daerah: Johor<br>No:6742<br>Hex coord:(111;87),n/a,0,0,0,0,0,0,1,2023-05-31T21:19:14.3614160Z,0
1.56628,103.9858612,Daerah: Johor<br>No:6743<br>Hex coord:(112;87),n/a,0,0,0,0,0,0,1,2023-05-31T21:19:15.0192772Z,0
1.5585,103.9993957,Daerah: Johor<br>No:6744<br>Hex coord:(113;87),n/a,0,0,0,0,0,0,1,2023-05-31T21:19:15.6827816Z,0
1.56628,104.0399991,Daerah: Johor<br>No:6745<br>Hex coord:(116;87),n/a,0,0,0,0,0,0,1,2023-05-31T21:19:16.3394214Z,0
1.5585,104.0535336,Daerah: Johor<br>No:6746<br>Hex coord:(117;87),n/a,0,0,0,0,0,0,1,2023-05-31T21:19:17.0016978Z,0
1.56628,104.067068,Daerah: Johor<br>No:6747<br>Hex coord:(118;87),n/a,0,0,0,0,0,0,1,2023-05-31T21:19:17.6940613Z,0
1.5585,104.0806025,Daerah: Johor<br>No:6748<br>Hex coord:(119;87),n/a,0,0,0,0,0,0,1,2023-05-31T21:19:18.3556987Z,0
1.56628,104.094137,Daerah: Johor<br>No:6749<br>Hex coord:(120;87),n/a,1,0,0,0,0,0,1,2023-05-31T21:19:19.0179361Z,0
1.5585,104.1076715,Daerah: Johor<br>No:6750<br>Hex coord:(121;87),n/a,0,0,0,0,0,0,1,2023-05-31T21:19:19.6670333Z,0
1.56628,104.1212059,Daerah: Johor<br>No:6751<br>Hex coord:(122;87),n/a,0,0,0,0,0,0,1,2023-05-31T21:19:20.3271888Z,0
1.5585,104.1347404,Daerah: Johor<br>No:6752<br>Hex coord:(123;87),n/a,0,0,0,0,0,0,1,2023-05-31T21:19:20.9893673Z,0
1.56628,104.1482749,Daerah: Johor<br>No:6753<br>Hex coord:(124;87),n/a,0,0,0,0,0,0,1,2023-05-31T21:19:21.6438268Z,0
1.5585,104.1618094,Daerah: Johor<br>No:6754<br>Hex coord:(125;87),n/a,0,0,0,0,0,0,1,2023-05-31T21:19:22.2979348Z,0
1.56628,104.1753438,Daerah: Johor<br>No:6755<br>Hex coord:(126;87),n/a,0,0,0,0,0,0,1,2023-05-31T21:19:22.9498912Z,0
1.5585,104.1888783,Daerah: Johor<br>No:6756<br>Hex coord:(127;87),n/a,0,0,0,0,0,0,1,2023-05-31T21:19:23.6158844Z,0
1.56628,104.2024128,Daerah: Johor<br>No:6757<br>Hex coord:(128;87),n/a,0,0,0,0,0,0,1,2023-05-31T21:19:24.2744723Z,0
1.5585,104.2159473,Daerah: Johor<br>No:6758<br>Hex coord:(129;87),n/a,0,0,0,0,0,0,1,2023-05-31T21:19:24.9625657Z,0
1.56628,104.2294817,Daerah: Johor<br>No:6759<br>Hex coord:(130;87),n/a,0,0,0,0,0,0,1,2023-05-31T21:19:25.6490905Z,0
1.5585,104.2430162,Daerah: Johor<br>No:6760<br>Hex coord:(131;87),n/a,0,0,0,0,0,0,1,2023-05-31T21:19:26.3101343Z,0
1.55072,103.3632753,Daerah: Johor<br>No:6761<br>Hex coord:(66;88),n/a,0,0,0,0,0,0,1,2023-05-31T21:19:26.9738374Z,0
1.54294,103.3768098,Daerah: Johor<br>No:6762<br>Hex coord:(67;88),n/a,0,0,0,0,0,0,1,2023-05-31T21:19:27.6338877Z,0
1.55072,103.3903443,Daerah: Johor<br>No:6763<br>Hex coord:(68;88),n/a,0,0,0,0,0,0,1,2023-05-31T21:19:28.2950591Z,0
1.54294,103.4038788,Daerah: Johor<br>No:6764<br>Hex coord:(69;88),n/a,0,0,0,0,0,0,1,2023-05-31T21:19:28.9537894Z,0
1.55072,103.4174132,Daerah: Johor<br>No:6765<br>Hex coord:(70;88),n/a,0,0,0,0,0,0,1,2023-05-31T21:19:29.6234431Z,0
1.54294,103.4309477,Daerah: Johor<br>No:6766<br>Hex coord:(71;88),n/a,0,0,0,0,0,0,1,2023-05-31T21:19:30.2965158Z,0
1.55072,103.4444822,Daerah: Johor<br>No:6767<br>Hex coord:(72;88),n/a,0,0,0,0,0,0,1,2023-05-31T21:19:30.9654612Z,0
1.54294,103.4580167,Daerah: Johor<br>No:6768<br>Hex coord:(73;88),n/a,0,0,0,0,0,0,1,2023-05-31T21:19:31.6171773Z,0
1.55072,103.4715511,Daerah: Johor<br>No:6769<br>Hex coord:(74;88),n/a,0,0,0,0,0,0,1,2023-05-31T21:19:32.2761495Z,0
1.54294,103.4850856,Daerah: Johor<br>No:6770<br>Hex coord:(75;88),n/a,0,0,0,0,0,0,1,2023-05-31T21:19:32.9397029Z,0
1.55072,103.4986201,Daerah: Johor<br>No:6771<br>Hex coord:(76;88),n/a,0,0,0,0,0,0,1,2023-05-31T21:19:33.6104783Z,0
1.54294,103.5121546,Daerah: Johor<br>No:6772<br>Hex coord:(77;88),n/a,0,0,0,0,0,0,1,2023-05-31T21:19:34.2836171Z,0
1.55072,103.525689,Daerah: Johor<br>No:6773<br>Hex coord:(78;88),n/a,0,0,0,0,0,0,1,2023-05-31T21:19:34.9376985Z,0
1.54294,103.5392235,Daerah: Johor<br>No:6774<br>Hex coord:(79;88),n/a,0,0,0,0,0,0,1,2023-05-31T21:19:35.6122602Z,0
1.55072,103.552758,Daerah: Johor<br>No:6775<br>Hex coord:(80;88),n/a,0,0,0,0,0,0,1,2023-05-31T21:19:36.2733351Z,0
1.54294,103.5662925,Daerah: Johor<br>No:6776<br>Hex coord:(81;88),n/a,0,0,0,0,0,1,1,2023-05-31T21:19:36.9540082Z,0
1.55072,103.5798269,Daerah: Johor<br>No:6777<br>Hex coord:(82;88),n/a,0,0,0,0,0,2,1,2023-05-31T21:19:37.6317791Z,0
1.54294,103.5933614,Daerah: Johor<br>No:6778<br>Hex coord:(83;88),n/a,1,0,0,0,0,2,1,2023-05-31T21:19:38.3430492Z,0
1.55072,103.6068959,Daerah: Johor<br>No:6779<br>Hex coord:(84;88),n/a,0,0,0,0,0,2,1,2023-05-31T21:19:39.0460699Z,0
1.54294,103.6204304,Daerah: Johor<br>No:6780<br>Hex coord:(85;88),n/a,0,0,0,0,0,2,1,2023-05-31T21:19:39.7656225Z,0
1.55072,103.6339648,Daerah: Johor<br>No:6781<br>Hex coord:(86;88),n/a,0,0,0,0,0,2,1,2023-05-31T21:19:40.4760478Z,0
1.54294,103.6474993,Daerah: Johor<br>No:6782<br>Hex coord:(87;88),n/a,0,0,0,0,0,1,1,2023-05-31T21:19:41.1908502Z,1
1.55072,103.6610338,Daerah: Johor<br>No:6783<br>Hex coord:(88;88),n/a,0,0,0,0,0,0,1,2023-05-31T21:19:41.8950127Z,0
1.54294,103.6745683,Daerah: Johor<br>No:6784<br>Hex coord:(89;88),n/a,0,0,0,0,0,0,1,2023-05-31T21:19:42.6111973Z,0
1.55072,103.6881027,Daerah: Johor<br>No:6785<br>Hex coord:(90;88),n/a,0,0,0,0,0,0,1,2023-05-31T21:19:43.3142636Z,0
1.54294,103.7016372,Daerah: Johor<br>No:6786<br>Hex coord:(91;88),n/a,1,0,0,0,0,0,1,2023-05-31T21:19:44.0325195Z,1
1.55072,103.7151717,Daerah: Johor<br>No:6787<br>Hex coord:(92;88),n/a,1,0,0,0,0,0,1,2023-05-31T21:19:44.7489075Z,1
1.54294,103.7287062,Daerah: Johor<br>No:6788<br>Hex coord:(93;88),n/a,1,0,0,0,0,0,1,2023-05-31T21:19:45.4597063Z,1
1.55072,103.7422406,Daerah: Johor<br>No:6789<br>Hex coord:(94;88),n/a,0,0,0,0,0,0,1,2023-05-31T21:19:46.1832532Z,0
1.54294,103.7557751,Daerah: Johor<br>No:6790<br>Hex coord:(95;88),n/a,0,0,0,0,0,0,1,2023-05-31T21:19:46.9241300Z,0
1.55072,103.7693096,Daerah: Johor<br>No:6791<br>Hex coord:(96;88),n/a,0,0,0,0,0,0,1,2023-05-31T21:19:47.6439705Z,1
1.54294,103.7828441,Daerah: Johor<br>No:6792<br>Hex coord:(97;88),n/a,2,0,0,0,0,0,1,2023-05-31T21:19:48.3755431Z,2
1.55072,103.7963785,Daerah: Johor<br>No:6793<br>Hex coord:(98;88),n/a,1,0,0,0,0,0,1,2023-05-31T21:19:49.0990304Z,3
1.54294,103.809913,Daerah: Johor<br>No:6794<br>Hex coord:(99;88),n/a,1,0,0,0,0,0,1,2023-05-31T21:19:49.8105143Z,1
1.55072,103.8234475,Daerah: Johor<br>No:6795<br>Hex coord:(100;88),n/a,1,0,0,0,0,0,1,2023-05-31T21:19:50.5191593Z,0
1.54294,103.836982,Daerah: Johor<br>No:6796<br>Hex coord:(101;88),n/a,0,0,0,0,0,0,1,2023-05-31T21:19:51.2020503Z,0
1.55072,103.8505164,Daerah: Johor<br>No:6797<br>Hex coord:(102;88),n/a,0,0,0,0,0,0,1,2023-05-31T21:19:51.8833894Z,0
1.54294,103.8640509,Daerah: Johor<br>No:6798<br>Hex coord:(103;88),n/a,0,0,0,0,0,0,1,2023-05-31T21:19:52.5555881Z,0
1.55072,103.8775854,Daerah: Johor<br>No:6799<br>Hex coord:(104;88),n/a,0,0,0,0,0,0,1,2023-05-31T21:19:53.2360025Z,0
1.54294,103.8911199,Daerah: Johor<br>No:6800<br>Hex coord:(105;88),n/a,0,0,0,0,0,0,1,2023-05-31T21:19:53.8875617Z,0
1.55072,103.9046543,Daerah: Johor<br>No:6801<br>Hex coord:(106;88),n/a,0,0,0,0,0,0,1,2023-05-31T21:19:54.5656664Z,0
1.54294,103.9181888,Daerah: Johor<br>No:6802<br>Hex coord:(107;88),n/a,0,0,0,0,0,0,1,2023-05-31T21:19:55.2353100Z,0
1.55072,103.9317233,Daerah: Johor<br>No:6803<br>Hex coord:(108;88),n/a,0,0,0,0,0,0,1,2023-05-31T21:19:55.9049091Z,0
1.54294,103.9452578,Daerah: Johor<br>No:6804<br>Hex coord:(109;88),n/a,0,0,0,0,0,0,1,2023-05-31T21:19:56.5721262Z,0
1.55072,103.9587922,Daerah: Johor<br>No:6805<br>Hex coord:(110;88),n/a,0,0,0,0,0,0,1,2023-05-31T21:19:57.2390847Z,0
1.54294,103.9723267,Daerah: Johor<br>No:6806<br>Hex coord:(111;88),n/a,0,0,0,0,0,0,1,2023-05-31T21:19:57.8955362Z,0
1.55072,103.9858612,Daerah: Johor<br>No:6807<br>Hex coord:(112;88),n/a,0,0,0,0,0,0,1,2023-05-31T21:19:58.5774826Z,0
1.54294,103.9993957,Daerah: Johor<br>No:6808<br>Hex coord:(113;88),n/a,0,0,0,0,0,0,1,2023-05-31T21:19:59.2383955Z,0
1.55072,104.0399991,Daerah: Johor<br>No:6809<br>Hex coord:(116;88),n/a,0,0,0,0,0,0,1,2023-05-31T21:19:59.8916799Z,0
1.54294,104.0535336,Daerah: Johor<br>No:6810<br>Hex coord:(117;88),n/a,0,0,0,0,0,0,1,2023-05-31T21:20:00.5586813Z,0
1.55072,104.067068,Daerah: Johor<br>No:6811<br>Hex coord:(118;88),n/a,0,0,0,0,0,0,1,2023-05-31T21:20:01.2250536Z,0
1.54294,104.0806025,Daerah: Johor<br>No:6812<br>Hex coord:(119;88),n/a,0,0,0,0,0,0,1,2023-05-31T21:20:01.8991677Z,0
1.55072,104.094137,Daerah: Johor<br>No:6813<br>Hex coord:(120;88),n/a,0,0,0,0,0,0,1,2023-05-31T21:20:02.5618608Z,0
1.54294,104.1076715,Daerah: Johor<br>No:6814<br>Hex coord:(121;88),n/a,0,0,0,0,0,0,1,2023-05-31T21:20:03.2135558Z,0
1.55072,104.1212059,Daerah: Johor<br>No:6815<br>Hex coord:(122;88),n/a,0,0,0,0,0,0,1,2023-05-31T21:20:03.8759551Z,0
1.54294,104.1347404,Daerah: Johor<br>No:6816<br>Hex coord:(123;88),n/a,0,0,0,0,0,0,1,2023-05-31T21:20:04.5203485Z,0
1.55072,104.1482749,Daerah: Johor<br>No:6817<br>Hex coord:(124;88),n/a,0,0,0,0,0,0,1,2023-05-31T21:20:05.1771943Z,0
1.54294,104.1618094,Daerah: Johor<br>No:6818<br>Hex coord:(125;88),n/a,0,0,0,0,0,0,1,2023-05-31T21:20:05.8288023Z,0
1.55072,104.1753438,Daerah: Johor<br>No:6819<br>Hex coord:(126;88),n/a,0,0,0,0,0,0,1,2023-05-31T21:20:06.4840486Z,0
1.54294,104.1888783,Daerah: Johor<br>No:6820<br>Hex coord:(127;88),n/a,0,0,0,0,0,0,1,2023-05-31T21:20:07.1395932Z,0
1.55072,104.2024128,Daerah: Johor<br>No:6821<br>Hex coord:(128;88),n/a,0,0,0,0,0,0,1,2023-05-31T21:20:07.8355529Z,0
1.54294,104.2159473,Daerah: Johor<br>No:6822<br>Hex coord:(129;88),n/a,0,0,0,0,0,0,1,2023-05-31T21:20:08.4906469Z,0
1.55072,104.2294817,Daerah: Johor<br>No:6823<br>Hex coord:(130;88),n/a,1,0,0,0,0,0,1,2023-05-31T21:20:09.1546128Z,0
1.54294,104.2430162,Daerah: Johor<br>No:6824<br>Hex coord:(131;88),n/a,0,0,0,0,0,0,1,2023-05-31T21:20:09.8155197Z,0
1.55072,104.2565507,Daerah: Johor<br>No:6825<br>Hex coord:(132;88),n/a,0,0,0,0,0,0,1,2023-05-31T21:20:10.4712545Z,0
1.53516,103.3632753,Daerah: Johor<br>No:6826<br>Hex coord:(66;89),n/a,0,0,0,0,0,0,1,2023-05-31T21:20:11.1290391Z,0
1.52738,103.3768098,Daerah: Johor<br>No:6827<br>Hex coord:(67;89),n/a,0,0,0,0,0,0,1,2023-05-31T21:20:11.7877177Z,0
1.53516,103.3903443,Daerah: Johor<br>No:6828<br>Hex coord:(68;89),n/a,0,0,0,0,0,0,1,2023-05-31T21:20:12.4456053Z,0
1.52738,103.4038788,Daerah: Johor<br>No:6829<br>Hex coord:(69;89),n/a,0,0,0,0,0,0,1,2023-05-31T21:20:13.1129891Z,0
1.53516,103.4174132,Daerah: Johor<br>No:6830<br>Hex coord:(70;89),n/a,0,0,0,0,0,0,1,2023-05-31T21:20:13.7727697Z,0
1.52738,103.4309477,Daerah: Johor<br>No:6831<br>Hex coord:(71;89),n/a,0,0,0,0,0,0,1,2023-05-31T21:20:14.4389378Z,1
1.53516,103.4444822,Daerah: Johor<br>No:6832<br>Hex coord:(72;89),n/a,0,0,0,0,0,0,1,2023-05-31T21:20:15.1014380Z,0
1.52738,103.4580167,Daerah: Johor<br>No:6833<br>Hex coord:(73;89),n/a,0,0,0,0,0,0,1,2023-05-31T21:20:15.7532931Z,0
1.53516,103.4715511,Daerah: Johor<br>No:6834<br>Hex coord:(74;89),n/a,0,0,0,0,0,0,1,2023-05-31T21:20:16.4084032Z,0
1.52738,103.4850856,Daerah: Johor<br>No:6835<br>Hex coord:(75;89),n/a,0,0,0,0,0,0,1,2023-05-31T21:20:17.0589358Z,0
1.53516,103.4986201,Daerah: Johor<br>No:6836<br>Hex coord:(76;89),n/a,0,0,0,0,0,0,1,2023-05-31T21:20:17.7178381Z,0
1.52738,103.5121546,Daerah: Johor<br>No:6837<br>Hex coord:(77;89),n/a,0,0,0,0,0,0,1,2023-05-31T21:20:18.3852398Z,0
1.53516,103.525689,Daerah: Johor<br>No:6838<br>Hex coord:(78;89),n/a,0,0,0,0,0,0,1,2023-05-31T21:20:19.0452701Z,0
1.52738,103.5392235,Daerah: Johor<br>No:6839<br>Hex coord:(79;89),n/a,0,0,0,0,0,0,1,2023-05-31T21:20:19.7077373Z,1
1.53516,103.552758,Daerah: Johor<br>No:6840<br>Hex coord:(80;89),n/a,0,0,0,0,0,0,1,2023-05-31T21:20:20.3728057Z,0
1.52738,103.5662925,Daerah: Johor<br>No:6841<br>Hex coord:(81;89),n/a,0,0,0,0,0,0,1,2023-05-31T21:20:21.0519939Z,0
1.53516,103.5798269,Daerah: Johor<br>No:6842<br>Hex coord:(82;89),n/a,0,0,0,0,0,1,1,2023-05-31T21:20:21.7405782Z,1
1.52738,103.5933614,Daerah: Johor<br>No:6843<br>Hex coord:(83;89),n/a,0,0,0,0,0,1,1,2023-05-31T21:20:22.4364389Z,0
1.53516,103.6068959,Daerah: Johor<br>No:6844<br>Hex coord:(84;89),n/a,0,0,0,0,0,2,1,2023-05-31T21:20:23.1429180Z,0
1.52738,103.6204304,Daerah: Johor<br>No:6845<br>Hex coord:(85;89),n/a,2,0,0,0,0,1,1,2023-05-31T21:20:23.8599669Z,2
1.53516,103.6339648,Daerah: Johor<br>No:6846<br>Hex coord:(86;89),n/a,2,0,0,0,0,1,1,2023-05-31T21:20:24.5775612Z,2
1.52738,103.6474993,Daerah: Johor<br>No:6847<br>Hex coord:(87;89),n/a,1,0,0,0,0,0,1,2023-05-31T21:20:25.3244765Z,2
1.53516,103.6610338,Daerah: Johor<br>No:6848<br>Hex coord:(88;89),n/a,0,0,0,0,0,0,1,2023-05-31T21:20:26.0382280Z,0
1.52738,103.6745683,Daerah: Johor<br>No:6849<br>Hex coord:(89;89),n/a,0,0,0,0,0,0,1,2023-05-31T21:20:26.7663475Z,0
1.53516,103.6881027,Daerah: Johor<br>No:6850<br>Hex coord:(90;89),n/a,1,0,0,0,0,0,1,2023-05-31T21:20:27.4845990Z,4
1.52738,103.7016372,Daerah: Johor<br>No:6851<br>Hex coord:(91;89),n/a,0,0,0,0,0,0,1,2023-05-31T21:20:28.2020594Z,1
1.53516,103.7151717,Daerah: Johor<br>No:6852<br>Hex coord:(92;89),n/a,1,0,0,0,0,0,1,2023-05-31T21:20:28.9302047Z,1
1.52738,103.7287062,Daerah: Johor<br>No:6853<br>Hex coord:(93;89),n/a,0,0,0,0,0,0,1,2023-05-31T21:20:29.6594616Z,0
1.53516,103.7422406,Daerah: Johor<br>No:6854<br>Hex coord:(94;89),n/a,0,0,0,0,0,0,1,2023-05-31T21:20:30.3872226Z,2
1.52738,103.7557751,Daerah: Johor<br>No:6855<br>Hex coord:(95;89),n/a,0,0,0,0,0,0,1,2023-05-31T21:20:31.1114379Z,1
1.53516,103.7693096,Daerah: Johor<br>No:6856<br>Hex coord:(96;89),n/a,0,0,0,0,0,0,1,2023-05-31T21:20:31.8716508Z,0
1.52738,103.7828441,Daerah: Johor<br>No:6857<br>Hex coord:(97;89),n/a,1,0,0,0,0,0,1,2023-05-31T21:20:32.6020847Z,2
1.53516,103.7963785,Daerah: Johor<br>No:6858<br>Hex coord:(98;89),n/a,0,1,0,0,0,0,1,2023-05-31T21:20:33.3337283Z,1
1.52738,103.809913,Daerah: Johor<br>No:6859<br>Hex coord:(99;89),n/a,0,0,0,0,0,0,1,2023-05-31T21:20:34.0439550Z,0
1.53516,103.8234475,Daerah: Johor<br>No:6860<br>Hex coord:(100;89),n/a,0,0,0,0,0,0,1,2023-05-31T21:20:34.7447841Z,0
1.52738,103.836982,Daerah: Johor<br>No:6861<br>Hex coord:(101;89),n/a,0,0,0,0,0,0,1,2023-05-31T21:20:35.4355199Z,0
1.53516,103.8505164,Daerah: Johor<br>No:6862<br>Hex coord:(102;89),n/a,0,0,0,0,0,0,1,2023-05-31T21:20:36.3567149Z,0
1.52738,103.8640509,Daerah: Johor<br>No:6863<br>Hex coord:(103;89),n/a,0,0,0,0,0,0,1,2023-05-31T21:20:37.0329786Z,0
1.53516,103.8775854,Daerah: Johor<br>No:6864<br>Hex coord:(104;89),n/a,0,0,0,0,0,0,1,2023-05-31T21:20:37.7209001Z,0
1.52738,103.8911199,Daerah: Johor<br>No:6865<br>Hex coord:(105;89),n/a,0,0,0,0,0,0,1,2023-05-31T21:20:38.4088094Z,0
1.53516,103.9046543,Daerah: Johor<br>No:6866<br>Hex coord:(106;89),n/a,0,0,0,0,0,0,1,2023-05-31T21:20:39.0915188Z,0
1.52738,103.9181888,Daerah: Johor<br>No:6867<br>Hex coord:(107;89),n/a,0,0,0,0,0,0,1,2023-05-31T21:20:39.7823194Z,0
1.53516,103.9317233,Daerah: Johor<br>No:6868<br>Hex coord:(108;89),n/a,0,0,0,0,0,0,1,2023-05-31T21:20:40.4617744Z,0
1.52738,103.9452578,Daerah: Johor<br>No:6869<br>Hex coord:(109;89),n/a,0,0,0,0,0,0,1,2023-05-31T21:20:41.1321924Z,0
1.53516,103.9587922,Daerah: Johor<br>No:6870<br>Hex coord:(110;89),n/a,0,0,0,0,0,0,1,2023-05-31T21:20:41.7973069Z,0
1.52738,103.9723267,Daerah: Johor<br>No:6871<br>Hex coord:(111;89),n/a,0,0,0,0,0,0,1,2023-05-31T21:20:42.4578758Z,0
1.53516,103.9858612,Daerah: Johor<br>No:6872<br>Hex coord:(112;89),n/a,0,0,0,0,0,0,1,2023-05-31T21:20:43.1151472Z,0
1.52738,103.9993957,Daerah: Johor<br>No:6873<br>Hex coord:(113;89),n/a,0,0,0,0,0,0,1,2023-05-31T21:20:43.7728354Z,0
1.53516,104.0399991,Daerah: Johor<br>No:6874<br>Hex coord:(116;89),n/a,0,0,0,0,0,1,1,2023-05-31T21:20:44.4259733Z,0
1.52738,104.0535336,Daerah: Johor<br>No:6875<br>Hex coord:(117;89),n/a,0,0,0,0,0,1,1,2023-05-31T21:20:45.0776706Z,0
1.53516,104.067068,Daerah: Johor<br>No:6876<br>Hex coord:(118;89),n/a,0,0,0,0,0,1,1,2023-05-31T21:20:45.7280574Z,0
1.52738,104.0806025,Daerah: Johor<br>No:6877<br>Hex coord:(119;89),n/a,0,0,0,0,0,0,1,2023-05-31T21:20:46.3824181Z,0
1.53516,104.094137,Daerah: Johor<br>No:6878<br>Hex coord:(120;89),n/a,0,0,0,0,0,0,1,2023-05-31T21:20:47.0651051Z,0
1.52738,104.1076715,Daerah: Johor<br>No:6879<br>Hex coord:(121;89),n/a,0,0,0,0,0,0,1,2023-05-31T21:20:47.7251485Z,0
1.53516,104.1212059,Daerah: Johor<br>No:6880<br>Hex coord:(122;89),n/a,0,0,0,0,0,0,1,2023-05-31T21:20:48.3754978Z,0
1.52738,104.1347404,Daerah: Johor<br>No:6881<br>Hex coord:(123;89),n/a,0,0,0,0,0,0,1,2023-05-31T21:20:49.0347776Z,0
1.53516,104.1482749,Daerah: Johor<br>No:6882<br>Hex coord:(124;89),n/a,0,0,0,0,0,0,1,2023-05-31T21:20:49.7029127Z,0
1.52738,104.1618094,Daerah: Johor<br>No:6883<br>Hex coord:(125;89),n/a,0,0,0,0,0,0,1,2023-05-31T21:20:50.3583818Z,0
1.53516,104.1753438,Daerah: Johor<br>No:6884<br>Hex coord:(126;89),n/a,0,0,0,0,0,0,1,2023-05-31T21:20:51.0219288Z,0
1.52738,104.1888783,Daerah: Johor<br>No:6885<br>Hex coord:(127;89),n/a,0,0,0,0,0,0,1,2023-05-31T21:20:51.6821353Z,0
1.53516,104.2024128,Daerah: Johor<br>No:6886<br>Hex coord:(128;89),n/a,0,0,0,0,0,0,1,2023-05-31T21:20:52.3492776Z,0
1.52738,104.2159473,Daerah: Johor<br>No:6887<br>Hex coord:(129;89),n/a,0,0,0,0,0,0,1,2023-05-31T21:20:53.0039343Z,0
1.53516,104.2294817,Daerah: Johor<br>No:6888<br>Hex coord:(130;89),n/a,0,0,0,0,0,0,1,2023-05-31T21:20:53.6611036Z,0
1.52738,104.2430162,Daerah: Johor<br>No:6889<br>Hex coord:(131;89),n/a,0,0,0,0,0,0,1,2023-05-31T21:20:54.3142506Z,0
1.53516,104.2565507,Daerah: Johor<br>No:6890<br>Hex coord:(132;89),n/a,0,0,0,0,0,0,1,2023-05-31T21:20:54.9754977Z,0
1.52738,104.2700852,Daerah: Johor<br>No:6891<br>Hex coord:(133;89),n/a,0,0,0,0,0,0,1,2023-05-31T21:20:55.6331401Z,0
1.51182,103.3768098,Daerah: Johor<br>No:6892<br>Hex coord:(67;90),n/a,0,0,0,0,0,0,1,2023-05-31T21:20:56.3001664Z,0
1.5196,103.3903443,Daerah: Johor<br>No:6893<br>Hex coord:(68;90),n/a,0,0,0,0,0,0,1,2023-05-31T21:20:56.9714916Z,0
1.51182,103.4038788,Daerah: Johor<br>No:6894<br>Hex coord:(69;90),n/a,0,0,0,0,0,0,1,2023-05-31T21:20:57.6378842Z,0
1.5196,103.4174132,Daerah: Johor<br>No:6895<br>Hex coord:(70;90),n/a,0,0,0,0,0,0,1,2023-05-31T21:20:58.3057138Z,1
1.51182,103.4309477,Daerah: Johor<br>No:6896<br>Hex coord:(71;90),n/a,0,0,0,0,0,0,1,2023-05-31T21:20:59.0056308Z,0
1.5196,103.4444822,Daerah: Johor<br>No:6897<br>Hex coord:(72;90),n/a,0,0,0,0,0,0,1,2023-05-31T21:20:59.6735175Z,0
1.51182,103.4580167,Daerah: Johor<br>No:6898<br>Hex coord:(73;90),n/a,0,0,0,0,0,0,1,2023-05-31T21:21:00.3337848Z,0
1.5196,103.4715511,Daerah: Johor<br>No:6899<br>Hex coord:(74;90),n/a,0,0,0,0,0,0,1,2023-05-31T21:21:01.0045235Z,0
1.51182,103.4850856,Daerah: Johor<br>No:6900<br>Hex coord:(75;90),n/a,0,0,0,0,0,0,1,2023-05-31T21:21:01.6837043Z,0
1.5196,103.4986201,Daerah: Johor<br>No:6901<br>Hex coord:(76;90),n/a,0,0,0,0,0,0,1,2023-05-31T21:21:02.3504862Z,0
1.51182,103.5121546,Daerah: Johor<br>No:6902<br>Hex coord:(77;90),n/a,2,0,0,0,0,0,1,2023-05-31T21:21:03.0215465Z,2
1.5196,103.525689,Daerah: Johor<br>No:6903<br>Hex coord:(78;90),n/a,0,0,0,0,0,0,1,2023-05-31T21:21:03.6901605Z,0
1.51182,103.5392235,Daerah: Johor<br>No:6904<br>Hex coord:(79;90),n/a,0,0,0,0,0,0,1,2023-05-31T21:21:04.3585434Z,0
1.5196,103.552758,Daerah: Johor<br>No:6905<br>Hex coord:(80;90),n/a,0,0,0,0,0,0,1,2023-05-31T21:21:05.0272898Z,0
1.51182,103.5662925,Daerah: Johor<br>No:6906<br>Hex coord:(81;90),n/a,0,0,0,0,0,0,1,2023-05-31T21:21:05.6996829Z,0
1.5196,103.5798269,Daerah: Johor<br>No:6907<br>Hex coord:(82;90),n/a,0,0,0,0,0,0,1,2023-05-31T21:21:06.3889391Z,0
1.51182,103.5933614,Daerah: Johor<br>No:6908<br>Hex coord:(83;90),n/a,0,0,0,0,0,0,1,2023-05-31T21:21:07.1110849Z,0
1.5196,103.6068959,Daerah: Johor<br>No:6909<br>Hex coord:(84;90),n/a,0,0,0,0,0,0,1,2023-05-31T21:21:07.8263669Z,0
1.51182,103.6204304,Daerah: Johor<br>No:6910<br>Hex coord:(85;90),n/a,0,0,0,0,0,0,1,2023-05-31T21:21:08.5360371Z,0
1.5196,103.6339648,Daerah: Johor<br>No:6911<br>Hex coord:(86;90),n/a,2,0,0,0,0,0,1,2023-05-31T21:21:09.2711506Z,0
1.51182,103.6474993,Daerah: Johor<br>No:6912<br>Hex coord:(87;90),n/a,1,0,0,0,0,0,1,2023-05-31T21:21:10.0326328Z,8
1.5196,103.6610338,Daerah: Johor<br>No:6913<br>Hex coord:(88;90),n/a,0,0,0,0,0,0,1,2023-05-31T21:21:10.7891888Z,1
1.51182,103.6745683,Daerah: Johor<br>No:6914<br>Hex coord:(89;90),n/a,1,0,0,0,0,0,1,2023-05-31T21:21:11.5362573Z,0
1.5196,103.6881027,Daerah: Johor<br>No:6915<br>Hex coord:(90;90),n/a,2,0,0,0,0,0,1,2023-05-31T21:21:12.2787517Z,0
1.51182,103.7016372,Daerah: Johor<br>No:6916<br>Hex coord:(91;90),n/a,3,0,0,0,0,0,1,2023-05-31T21:21:13.0482261Z,2
1.5196,103.7151717,Daerah: Johor<br>No:6917<br>Hex coord:(92;90),n/a,0,0,0,0,0,0,1,2023-05-31T21:21:13.7728013Z,2
1.51182,103.7287062,Daerah: Johor<br>No:6918<br>Hex coord:(93;90),n/a,0,0,0,0,0,0,1,2023-05-31T21:21:14.5042861Z,1
1.5196,103.7422406,Daerah: Johor<br>No:6919<br>Hex coord:(94;90),n/a,0,0,0,0,0,0,1,2023-05-31T21:21:15.2443142Z,1
1.51182,103.7557751,Daerah: Johor<br>No:6920<br>Hex coord:(95;90),n/a,0,0,0,0,0,0,1,2023-05-31T21:21:15.9859474Z,1
1.5196,103.7693096,Daerah: Johor<br>No:6921<br>Hex coord:(96;90),n/a,0,0,0,0,0,0,1,2023-05-31T21:21:16.7232136Z,2
1.51182,103.7828441,Daerah: Johor<br>No:6922<br>Hex coord:(97;90),n/a,0,0,0,0,0,0,1,2023-05-31T21:21:17.4573195Z,1
1.5196,103.7963785,Daerah: Johor<br>No:6923<br>Hex coord:(98;90),n/a,0,0,0,0,0,0,1,2023-05-31T21:21:18.1925798Z,1
1.51182,103.809913,Daerah: Johor<br>No:6924<br>Hex coord:(99;90),n/a,0,0,0,0,0,0,1,2023-05-31T21:21:18.8998156Z,0
1.5196,103.8234475,Daerah: Johor<br>No:6925<br>Hex coord:(100;90),n/a,0,0,0,0,0,0,1,2023-05-31T21:21:19.6006511Z,2
1.51182,103.836982,Daerah: Johor<br>No:6926<br>Hex coord:(101;90),n/a,0,0,0,0,0,0,1,2023-05-31T21:21:20.2999834Z,0
1.5196,103.8505164,Daerah: Johor<br>No:6927<br>Hex coord:(102;90),n/a,0,0,0,0,0,0,1,2023-05-31T21:21:21.0293580Z,0
1.51182,103.8640509,Daerah: Johor<br>No:6928<br>Hex coord:(103;90),n/a,0,0,0,0,0,0,1,2023-05-31T21:21:21.7176034Z,0
1.5196,103.8775854,Daerah: Johor<br>No:6929<br>Hex coord:(104;90),n/a,0,0,0,0,0,0,1,2023-05-31T21:21:22.4281762Z,0
1.51182,103.8911199,Daerah: Johor<br>No:6930<br>Hex coord:(105;90),n/a,0,0,0,0,0,0,1,2023-05-31T21:21:23.1262744Z,1
1.5196,103.9046543,Daerah: Johor<br>No:6931<br>Hex coord:(106;90),n/a,0,0,0,0,0,0,1,2023-05-31T21:21:23.8078510Z,0
1.51182,103.9181888,Daerah: Johor<br>No:6932<br>Hex coord:(107;90),n/a,0,0,0,0,0,0,1,2023-05-31T21:21:24.5191468Z,2
1.5196,103.9317233,Daerah: Johor<br>No:6933<br>Hex coord:(108;90),n/a,0,0,0,0,0,0,1,2023-05-31T21:21:25.2054176Z,0
1.51182,103.9452578,Daerah: Johor<br>No:6934<br>Hex coord:(109;90),n/a,2,0,0,0,0,0,1,2023-05-31T21:21:25.8877067Z,0
1.5196,103.9587922,Daerah: Johor<br>No:6935<br>Hex coord:(110;90),n/a,0,0,0,0,0,0,1,2023-05-31T21:21:26.5673350Z,0
1.51182,103.9723267,Daerah: Johor<br>No:6936<br>Hex coord:(111;90),n/a,0,0,0,0,0,0,1,2023-05-31T21:21:27.2347410Z,0
1.5196,103.9858612,Daerah: Johor<br>No:6937<br>Hex coord:(112;90),n/a,0,0,0,0,0,0,1,2023-05-31T21:21:27.8877598Z,0
1.51182,103.9993957,Daerah: Johor<br>No:6938<br>Hex coord:(113;90),n/a,0,0,0,0,0,0,1,2023-05-31T21:21:28.5443123Z,0
1.5196,104.0399991,Daerah: Johor<br>No:6939<br>Hex coord:(116;90),n/a,0,0,0,0,0,1,1,2023-05-31T21:21:29.4168020Z,0
1.51182,104.0535336,Daerah: Johor<br>No:6940<br>Hex coord:(117;90),n/a,0,0,0,0,0,1,1,2023-05-31T21:21:30.0727404Z,0
1.5196,104.067068,Daerah: Johor<br>No:6941<br>Hex coord:(118;90),n/a,0,0,0,0,0,1,1,2023-05-31T21:21:30.7269089Z,0
1.51182,104.0806025,Daerah: Johor<br>No:6942<br>Hex coord:(119;90),n/a,0,0,0,0,0,1,1,2023-05-31T21:21:31.3814745Z,0
1.5196,104.094137,Daerah: Johor<br>No:6943<br>Hex coord:(120;90),n/a,0,0,0,0,0,0,1,2023-05-31T21:21:32.0463135Z,0
1.51182,104.1076715,Daerah: Johor<br>No:6944<br>Hex coord:(121;90),n/a,0,0,0,0,0,0,1,2023-05-31T21:21:32.7037940Z,0
1.5196,104.1212059,Daerah: Johor<br>No:6945<br>Hex coord:(122;90),n/a,0,0,0,0,0,0,1,2023-05-31T21:21:33.3734751Z,0
1.51182,104.1347404,Daerah: Johor<br>No:6946<br>Hex coord:(123;90),n/a,0,0,0,0,0,0,1,2023-05-31T21:21:34.0345361Z,0
1.5196,104.1482749,Daerah: Johor<br>No:6947<br>Hex coord:(124;90),n/a,0,0,0,0,0,0,1,2023-05-31T21:21:34.6839761Z,0
1.51182,104.1618094,Daerah: Johor<br>No:6948<br>Hex coord:(125;90),n/a,0,0,0,0,0,0,1,2023-05-31T21:21:35.3740057Z,0
1.5196,104.1753438,Daerah: Johor<br>No:6949<br>Hex coord:(126;90),n/a,0,0,0,0,0,0,1,2023-05-31T21:21:36.0388098Z,0
1.51182,104.1888783,Daerah: Johor<br>No:6950<br>Hex coord:(127;90),n/a,0,0,0,0,0,0,1,2023-05-31T21:21:36.6905012Z,0
1.5196,104.2024128,Daerah: Johor<br>No:6951<br>Hex coord:(128;90),n/a,0,0,0,0,0,0,1,2023-05-31T21:21:37.3551834Z,0
1.51182,104.2159473,Daerah: Johor<br>No:6952<br>Hex coord:(129;90),n/a,0,0,0,0,0,0,1,2023-05-31T21:21:38.0309817Z,0
1.5196,104.2294817,Daerah: Johor<br>No:6953<br>Hex coord:(130;90),n/a,0,0,0,0,0,0,1,2023-05-31T21:21:38.6838583Z,0
1.51182,104.2430162,Daerah: Johor<br>No:6954<br>Hex coord:(131;90),n/a,0,0,0,0,0,0,1,2023-05-31T21:21:39.3547799Z,0
1.5196,104.2565507,Daerah: Johor<br>No:6955<br>Hex coord:(132;90),n/a,0,0,0,0,0,0,1,2023-05-31T21:21:40.0100167Z,0
1.51182,104.2700852,Daerah: Johor<br>No:6956<br>Hex coord:(133;90),n/a,0,0,0,0,0,0,1,2023-05-31T21:21:40.6711790Z,0
1.50404,103.3903443,Daerah: Johor<br>No:6957<br>Hex coord:(68;91),n/a,1,0,0,0,0,0,1,2023-05-31T21:21:41.3372105Z,0
1.49626,103.4038788,Daerah: Johor<br>No:6958<br>Hex coord:(69;91),n/a,0,0,0,0,0,0,1,2023-05-31T21:21:42.0117616Z,0
1.50404,103.4174132,Daerah: Johor<br>No:6959<br>Hex coord:(70;91),n/a,1,0,0,0,0,0,1,2023-05-31T21:21:42.6891486Z,0
1.49626,103.4309477,Daerah: Johor<br>No:6960<br>Hex coord:(71;91),n/a,1,0,0,0,0,0,1,2023-05-31T21:21:43.3956045Z,0
1.50404,103.4444822,Daerah: Johor<br>No:6961<br>Hex coord:(72;91),n/a,0,0,0,0,0,0,1,2023-05-31T21:21:44.0790023Z,0
1.49626,103.4580167,Daerah: Johor<br>No:6962<br>Hex coord:(73;91),n/a,0,0,0,0,0,0,1,2023-05-31T21:21:44.7426084Z,0
1.50404,103.4715511,Daerah: Johor<br>No:6963<br>Hex coord:(74;91),n/a,0,0,0,0,0,0,1,2023-05-31T21:21:45.4019606Z,0
1.49626,103.4850856,Daerah: Johor<br>No:6964<br>Hex coord:(75;91),n/a,0,0,0,0,0,0,1,2023-05-31T21:21:46.0728440Z,0
1.50404,103.4986201,Daerah: Johor<br>No:6965<br>Hex coord:(76;91),n/a,0,0,0,0,0,0,1,2023-05-31T21:21:46.7276647Z,0
1.49626,103.5121546,Daerah: Johor<br>No:6966<br>Hex coord:(77;91),n/a,0,0,0,0,0,0,1,2023-05-31T21:21:47.3991279Z,0
1.50404,103.525689,Daerah: Johor<br>No:6967<br>Hex coord:(78;91),n/a,0,0,0,0,0,0,1,2023-05-31T21:21:48.0765153Z,1
1.49626,103.5392235,Daerah: Johor<br>No:6968<br>Hex coord:(79;91),n/a,0,0,0,0,0,0,1,2023-05-31T21:21:48.7414133Z,0
1.50404,103.552758,Daerah: Johor<br>No:6969<br>Hex coord:(80;91),n/a,0,0,0,0,0,0,1,2023-05-31T21:21:49.4169731Z,0
1.49626,103.5662925,Daerah: Johor<br>No:6970<br>Hex coord:(81;91),n/a,0,0,0,0,0,0,1,2023-05-31T21:21:50.1023001Z,0
1.50404,103.5798269,Daerah: Johor<br>No:6971<br>Hex coord:(82;91),n/a,0,0,0,0,0,0,1,2023-05-31T21:21:50.7944391Z,0
1.49626,103.5933614,Daerah: Johor<br>No:6972<br>Hex coord:(83;91),n/a,1,0,0,0,0,0,1,2023-05-31T21:21:51.5103374Z,0
1.50404,103.6068959,Daerah: Johor<br>No:6973<br>Hex coord:(84;91),n/a,0,0,0,0,0,0,1,2023-05-31T21:21:52.2374962Z,0
1.49626,103.6204304,Daerah: Johor<br>No:6974<br>Hex coord:(85;91),n/a,0,0,0,0,0,0,1,2023-05-31T21:21:52.9544544Z,0
1.50404,103.6339648,Daerah: Johor<br>No:6975<br>Hex coord:(86;91),n/a,1,0,0,0,0,0,1,2023-05-31T21:21:53.6980620Z,2
1.49626,103.6474993,Daerah: Johor<br>No:6976<br>Hex coord:(87;91),n/a,2,0,0,0,0,0,1,2023-05-31T21:21:54.4501589Z,1
1.50404,103.6610338,Daerah: Johor<br>No:6977<br>Hex coord:(88;91),n/a,1,0,0,0,0,0,1,2023-05-31T21:21:55.2008445Z,1
1.49626,103.6745683,Daerah: Johor<br>No:6978<br>Hex coord:(89;91),n/a,0,0,0,0,0,0,1,2023-05-31T21:21:55.9521786Z,2
1.50404,103.6881027,Daerah: Johor<br>No:6979<br>Hex coord:(90;91),n/a,2,0,0,0,0,0,1,2023-05-31T21:21:56.7010092Z,3
1.49626,103.7016372,Daerah: Johor<br>No:6980<br>Hex coord:(91;91),n/a,1,0,0,0,0,0,1,2023-05-31T21:21:57.4346583Z,2
1.50404,103.7151717,Daerah: Johor<br>No:6981<br>Hex coord:(92;91),n/a,0,0,0,0,0,0,1,2023-05-31T21:21:58.1696959Z,1
1.49626,103.7287062,Daerah: Johor<br>No:6982<br>Hex coord:(93;91),n/a,0,0,0,0,0,0,1,2023-05-31T21:21:58.8931711Z,0
1.50404,103.7422406,Daerah: Johor<br>No:6983<br>Hex coord:(94;91),n/a,0,0,0,0,0,0,1,2023-05-31T21:21:59.6248717Z,1
1.49626,103.7557751,Daerah: Johor<br>No:6984<br>Hex coord:(95;91),n/a,0,0,0,0,0,0,1,2023-05-31T21:22:00.3449173Z,2
1.50404,103.7693096,Daerah: Johor<br>No:6985<br>Hex coord:(96;91),n/a,2,2,0,0,0,0,1,2023-05-31T21:22:01.0961818Z,3
1.49626,103.7828441,Daerah: Johor<br>No:6986<br>Hex coord:(97;91),n/a,1,0,0,0,0,0,1,2023-05-31T21:22:01.8172144Z,2
1.50404,103.7963785,Daerah: Johor<br>No:6987<br>Hex coord:(98;91),n/a,0,0,0,0,0,0,1,2023-05-31T21:22:02.5355139Z,0
1.49626,103.809913,Daerah: Johor<br>No:6988<br>Hex coord:(99;91),n/a,0,0,0,0,0,0,1,2023-05-31T21:22:03.2460939Z,2
1.50404,103.8234475,Daerah: Johor<br>No:6989<br>Hex coord:(100;91),n/a,0,0,0,0,0,0,1,2023-05-31T21:22:03.9601223Z,1
1.49626,103.836982,Daerah: Johor<br>No:6990<br>Hex coord:(101;91),n/a,0,0,0,0,0,0,1,2023-05-31T21:22:04.6411524Z,1
1.50404,103.8505164,Daerah: Johor<br>No:6991<br>Hex coord:(102;91),n/a,0,0,0,0,0,0,1,2023-05-31T21:22:05.3284666Z,1
1.49626,103.8640509,Daerah: Johor<br>No:6992<br>Hex coord:(103;91),n/a,0,0,0,0,0,0,1,2023-05-31T21:22:06.0197141Z,0
1.50404,103.8775854,Daerah: Johor<br>No:6993<br>Hex coord:(104;91),n/a,3,0,0,0,0,0,1,2023-05-31T21:22:06.7262263Z,1
1.49626,103.8911199,Daerah: Johor<br>No:6994<br>Hex coord:(105;91),n/a,0,0,0,0,0,0,1,2023-05-31T21:22:07.4672860Z,1
1.50404,103.9046543,Daerah: Johor<br>No:6995<br>Hex coord:(106;91),n/a,0,0,0,0,0,0,1,2023-05-31T21:22:08.1717926Z,0
1.49626,103.9181888,Daerah: Johor<br>No:6996<br>Hex coord:(107;91),n/a,0,0,0,0,0,0,1,2023-05-31T21:22:08.8602779Z,0
1.50404,103.9317233,Daerah: Johor<br>No:6997<br>Hex coord:(108;91),n/a,0,0,0,0,0,0,1,2023-05-31T21:22:09.5513537Z,3
1.49626,103.9452578,Daerah: Johor<br>No:6998<br>Hex coord:(109;91),n/a,0,0,0,0,0,0,1,2023-05-31T21:22:10.2282965Z,0
1.50404,103.9587922,Daerah: Johor<br>No:6999<br>Hex coord:(110;91),n/a,2,0,0,0,0,0,1,2023-05-31T21:22:10.9033453Z,1
1.49626,103.9723267,Daerah: Johor<br>No:7000<br>Hex coord:(111;91),n/a,0,0,0,0,0,0,1,2023-05-31T21:22:11.5673942Z,0
1.50404,103.9858612,Daerah: Johor<br>No:7001<br>Hex coord:(112;91),n/a,0,0,0,0,0,0,1,2023-05-31T21:22:12.2368002Z,0
1.49626,103.9993957,Daerah: Johor<br>No:7002<br>Hex coord:(113;91),n/a,0,0,0,0,0,1,1,2023-05-31T21:22:12.8973607Z,0
1.50404,104.0399991,Daerah: Johor<br>No:7003<br>Hex coord:(116;91),n/a,0,0,0,0,0,1,1,2023-05-31T21:22:13.5643585Z,0
1.50404,104.067068,Daerah: Johor<br>No:7004<br>Hex coord:(118;91),n/a,0,0,0,0,0,1,1,2023-05-31T21:22:14.2204136Z,0
1.49626,104.0806025,Daerah: Johor<br>No:7005<br>Hex coord:(119;91),n/a,0,0,0,0,0,1,1,2023-05-31T21:22:14.8741193Z,0
1.50404,104.094137,Daerah: Johor<br>No:7006<br>Hex coord:(120;91),n/a,0,0,0,0,0,0,1,2023-05-31T21:22:15.5290782Z,0
1.49626,104.1076715,Daerah: Johor<br>No:7007<br>Hex coord:(121;91),n/a,0,0,0,0,0,0,1,2023-05-31T21:22:52.3030738Z,0
1.50404,104.1212059,Daerah: Johor<br>No:7008<br>Hex coord:(122;91),n/a,0,0,0,0,0,0,1,2023-05-31T21:22:52.9667789Z,0
1.49626,104.1347404,Daerah: Johor<br>No:7009<br>Hex coord:(123;91),n/a,0,0,0,0,0,0,1,2023-05-31T21:22:53.6336803Z,0
1.50404,104.1482749,Daerah: Johor<br>No:7010<br>Hex coord:(124;91),n/a,0,0,0,0,0,0,1,2023-05-31T21:22:54.2843158Z,0
1.49626,104.1618094,Daerah: Johor<br>No:7011<br>Hex coord:(125;91),n/a,0,0,0,0,0,0,1,2023-05-31T21:22:54.9399490Z,0
1.50404,104.1753438,Daerah: Johor<br>No:7012<br>Hex coord:(126;91),n/a,0,0,0,0,0,0,1,2023-05-31T21:22:55.5962947Z,0
1.49626,104.1888783,Daerah: Johor<br>No:7013<br>Hex coord:(127;91),n/a,0,0,0,0,0,0,1,2023-05-31T21:22:56.2586941Z,0
1.50404,104.2024128,Daerah: Johor<br>No:7014<br>Hex coord:(128;91),n/a,0,0,0,0,0,0,1,2023-05-31T21:22:56.9175198Z,0
1.49626,104.2159473,Daerah: Johor<br>No:7015<br>Hex coord:(129;91),n/a,0,0,0,0,0,0,1,2023-05-31T21:22:57.5862088Z,0
1.50404,104.2294817,Daerah: Johor<br>No:7016<br>Hex coord:(130;91),n/a,0,0,0,0,0,0,1,2023-05-31T21:22:58.2366480Z,0
1.49626,104.2430162,Daerah: Johor<br>No:7017<br>Hex coord:(131;91),n/a,0,0,0,0,0,0,1,2023-05-31T21:22:58.8883179Z,0
1.50404,104.2565507,Daerah: Johor<br>No:7018<br>Hex coord:(132;91),n/a,0,0,0,0,0,0,1,2023-05-31T21:22:59.5438139Z,0
1.49626,104.2700852,Daerah: Johor<br>No:7019<br>Hex coord:(133;91),n/a,0,0,0,0,0,0,1,2023-05-31T21:23:00.1969445Z,0
1.48848,103.3903443,Daerah: Johor<br>No:7020<br>Hex coord:(68;92),n/a,1,0,0,0,0,0,1,2023-05-31T21:23:00.8890582Z,0
1.4807,103.4038788,Daerah: Johor<br>No:7021<br>Hex coord:(69;92),n/a,0,0,0,0,0,0,1,2023-05-31T21:23:01.5802248Z,2
1.48848,103.4174132,Daerah: Johor<br>No:7022<br>Hex coord:(70;92),n/a,0,0,0,0,0,0,1,2023-05-31T21:23:02.2461105Z,0
1.4807,103.4309477,Daerah: Johor<br>No:7023<br>Hex coord:(71;92),n/a,0,0,0,0,0,0,1,2023-05-31T21:23:02.9109504Z,0
1.48848,103.4444822,Daerah: Johor<br>No:7024<br>Hex coord:(72;92),n/a,0,0,0,0,0,0,1,2023-05-31T21:23:03.5662878Z,0
1.4807,103.4580167,Daerah: Johor<br>No:7025<br>Hex coord:(73;92),n/a,0,0,0,0,0,0,1,2023-05-31T21:23:04.2205197Z,0
1.48848,103.4715511,Daerah: Johor<br>No:7026<br>Hex coord:(74;92),n/a,0,0,0,0,0,0,1,2023-05-31T21:23:04.8806981Z,0
1.4807,103.4850856,Daerah: Johor<br>No:7027<br>Hex coord:(75;92),n/a,0,0,0,0,0,0,1,2023-05-31T21:23:05.5428993Z,0
1.48848,103.4986201,Daerah: Johor<br>No:7028<br>Hex coord:(76;92),n/a,0,0,0,0,0,0,1,2023-05-31T21:23:06.2218088Z,0
1.4807,103.5121546,Daerah: Johor<br>No:7029<br>Hex coord:(77;92),n/a,0,0,0,0,0,0,1,2023-05-31T21:23:06.8917766Z,0
1.48848,103.525689,Daerah: Johor<br>No:7030<br>Hex coord:(78;92),n/a,0,0,0,0,0,0,1,2023-05-31T21:23:43.5819418Z,0
1.4807,103.5392235,Daerah: Johor<br>No:7031<br>Hex coord:(79;92),n/a,0,0,0,0,0,0,1,2023-05-31T21:23:44.2640209Z,0
1.48848,103.552758,Daerah: Johor<br>No:7032<br>Hex coord:(80;92),n/a,0,0,0,0,0,0,1,2023-05-31T21:23:44.9405739Z,0
1.4807,103.5662925,Daerah: Johor<br>No:7033<br>Hex coord:(81;92),n/a,0,0,0,0,0,0,1,2023-05-31T21:23:45.6126128Z,0
1.48848,103.5798269,Daerah: Johor<br>No:7034<br>Hex coord:(82;92),n/a,0,0,0,0,0,0,1,2023-05-31T21:23:46.3024429Z,2
1.4807,103.5933614,Daerah: Johor<br>No:7035<br>Hex coord:(83;92),n/a,0,0,0,0,0,0,1,2023-05-31T21:23:47.0018013Z,1
1.48848,103.6068959,Daerah: Johor<br>No:7036<br>Hex coord:(84;92),n/a,0,0,0,0,0,0,1,2023-05-31T21:23:47.7201248Z,0
1.4807,103.6204304,Daerah: Johor<br>No:7037<br>Hex coord:(85;92),n/a,1,0,0,0,0,0,1,2023-05-31T21:23:48.4476135Z,0
1.48848,103.6339648,Daerah: Johor<br>No:7038<br>Hex coord:(86;92),n/a,2,0,0,0,0,0,1,2023-05-31T21:23:49.1730358Z,0
1.4807,103.6474993,Daerah: Johor<br>No:7039<br>Hex coord:(87;92),n/a,0,0,0,0,0,0,1,2023-05-31T21:23:49.9162691Z,2
1.48848,103.6610338,Daerah: Johor<br>No:7040<br>Hex coord:(88;92),n/a,1,0,0,0,0,0,1,2023-05-31T21:23:50.6531754Z,0
1.4807,103.6745683,Daerah: Johor<br>No:7041<br>Hex coord:(89;92),n/a,1,0,0,0,0,0,1,2023-05-31T21:23:51.4022900Z,2
1.48848,103.6881027,Daerah: Johor<br>No:7042<br>Hex coord:(90;92),n/a,0,0,0,0,0,0,1,2023-05-31T21:23:52.1359648Z,2
1.4807,103.7016372,Daerah: Johor<br>No:7043<br>Hex coord:(91;92),n/a,0,0,0,0,0,0,1,2023-05-31T21:23:52.8637766Z,0
1.48848,103.7151717,Daerah: Johor<br>No:7044<br>Hex coord:(92;92),n/a,1,0,0,0,0,0,1,2023-05-31T21:23:53.5971272Z,1
1.4807,103.7287062,Daerah: Johor<br>No:7045<br>Hex coord:(93;92),n/a,0,0,0,0,0,0,1,2023-05-31T21:23:54.3073970Z,0
1.48848,103.7422406,Daerah: Johor<br>No:7046<br>Hex coord:(94;92),n/a,2,0,0,0,0,0,1,2023-05-31T21:23:55.0256593Z,1
1.4807,103.7557751,Daerah: Johor<br>No:7047<br>Hex coord:(95;92),n/a,0,0,0,0,0,0,1,2023-05-31T21:23:55.7391180Z,2
1.48848,103.7693096,Daerah: Johor<br>No:7048<br>Hex coord:(96;92),n/a,2,0,0,0,0,0,1,2023-05-31T21:23:56.4636786Z,3
1.4807,103.7828441,Daerah: Johor<br>No:7049<br>Hex coord:(97;92),n/a,0,0,0,0,0,0,1,2023-05-31T21:23:57.1783908Z,1
1.48848,103.8234475,Daerah: Johor<br>No:7050<br>Hex coord:(100;92),n/a,0,0,0,0,0,0,1,2023-05-31T21:23:57.8767745Z,1
1.48848,103.8505164,Daerah: Johor<br>No:7051<br>Hex coord:(102;92),n/a,0,0,0,0,0,0,1,2023-05-31T21:23:58.5680806Z,1
1.4807,103.8640509,Daerah: Johor<br>No:7052<br>Hex coord:(103;92),n/a,1,1,0,0,0,0,1,2023-05-31T21:23:59.2617634Z,0
1.48848,103.8775854,Daerah: Johor<br>No:7053<br>Hex coord:(104;92),n/a,2,0,0,0,0,0,1,2023-05-31T21:23:59.9633111Z,1
1.4807,103.8911199,Daerah: Johor<br>No:7054<br>Hex coord:(105;92),n/a,0,0,0,0,0,0,1,2023-05-31T21:24:00.6697134Z,1
1.48848,103.9046543,Daerah: Johor<br>No:7055<br>Hex coord:(106;92),n/a,2,0,0,0,0,0,1,2023-05-31T21:24:01.3691558Z,1
1.4807,103.9181888,Daerah: Johor<br>No:7056<br>Hex coord:(107;92),n/a,0,0,0,0,0,0,1,2023-05-31T21:24:02.0724764Z,1
1.48848,103.9317233,Daerah: Johor<br>No:7057<br>Hex coord:(108;92),n/a,0,0,0,0,0,0,1,2023-05-31T21:24:02.7836273Z,1
1.4807,103.9452578,Daerah: Johor<br>No:7058<br>Hex coord:(109;92),n/a,1,3,0,0,0,0,1,2023-05-31T21:24:03.4842135Z,1
1.48848,103.9587922,Daerah: Johor<br>No:7059<br>Hex coord:(110;92),n/a,0,0,0,0,0,0,1,2023-05-31T21:24:04.1618240Z,0
1.4807,103.9723267,Daerah: Johor<br>No:7060<br>Hex coord:(111;92),n/a,0,0,0,0,0,0,1,2023-05-31T21:24:04.8542811Z,0
1.48848,103.9858612,Daerah: Johor<br>No:7061<br>Hex coord:(112;92),n/a,0,0,0,0,0,0,1,2023-05-31T21:24:05.5471201Z,0
1.4807,103.9993957,Daerah: Johor<br>No:7062<br>Hex coord:(113;92),n/a,0,0,0,0,0,0,1,2023-05-31T21:24:06.2142021Z,0
1.4807,104.0806025,Daerah: Johor<br>No:7063<br>Hex coord:(119;92),n/a,0,0,0,0,0,1,1,2023-05-31T21:24:06.8741357Z,0
1.48848,104.094137,Daerah: Johor<br>No:7064<br>Hex coord:(120;92),n/a,0,0,0,0,0,0,1,2023-05-31T21:24:07.5556296Z,0
1.4807,104.1076715,Daerah: Johor<br>No:7065<br>Hex coord:(121;92),n/a,0,0,0,0,0,0,1,2023-05-31T21:24:08.2119477Z,0
1.48848,104.1212059,Daerah: Johor<br>No:7066<br>Hex coord:(122;92),n/a,0,0,0,0,0,0,1,2023-05-31T21:24:08.8660720Z,0
1.4807,104.1347404,Daerah: Johor<br>No:7067<br>Hex coord:(123;92),n/a,0,0,0,0,0,0,1,2023-05-31T21:24:09.5216613Z,0
1.48848,104.1482749,Daerah: Johor<br>No:7068<br>Hex coord:(124;92),n/a,0,0,0,0,0,0,1,2023-05-31T21:24:10.1755472Z,0
1.4807,104.1618094,Daerah: Johor<br>No:7069<br>Hex coord:(125;92),n/a,0,0,0,0,0,0,1,2023-05-31T21:24:10.8403538Z,0
1.48848,104.1753438,Daerah: Johor<br>No:7070<br>Hex coord:(126;92),n/a,0,0,0,0,0,0,1,2023-05-31T21:24:11.4950481Z,0
1.4807,104.1888783,Daerah: Johor<br>No:7071<br>Hex coord:(127;92),n/a,0,0,0,0,0,0,1,2023-05-31T21:24:12.1489262Z,0
1.48848,104.2024128,Daerah: Johor<br>No:7072<br>Hex coord:(128;92),n/a,0,0,0,0,0,0,1,2023-05-31T21:24:12.8029964Z,0
1.4807,104.2159473,Daerah: Johor<br>No:7073<br>Hex coord:(129;92),n/a,0,0,0,0,0,0,1,2023-05-31T21:24:13.4715576Z,0
1.48848,104.2294817,Daerah: Johor<br>No:7074<br>Hex coord:(130;92),n/a,0,0,0,0,0,0,1,2023-05-31T21:24:14.1267844Z,0
1.4807,104.2430162,Daerah: Johor<br>No:7075<br>Hex coord:(131;92),n/a,0,0,0,0,0,0,1,2023-05-31T21:24:14.7783363Z,0
1.48848,104.2565507,Daerah: Johor<br>No:7076<br>Hex coord:(132;92),n/a,0,0,0,0,0,0,1,2023-05-31T21:24:15.4377149Z,0
1.4807,104.2700852,Daerah: Johor<br>No:7077<br>Hex coord:(133;92),n/a,0,0,0,0,0,0,1,2023-05-31T21:24:16.0867408Z,0
1.46514,103.4038788,Daerah: Johor<br>No:7078<br>Hex coord:(69;93),n/a,0,0,0,0,0,0,1,2023-05-31T21:24:16.7527293Z,0
1.47292,103.4174132,Daerah: Johor<br>No:7079<br>Hex coord:(70;93),n/a,0,0,0,0,0,0,1,2023-05-31T21:24:17.4127831Z,0
1.46514,103.4309477,Daerah: Johor<br>No:7080<br>Hex coord:(71;93),n/a,0,0,0,0,0,0,1,2023-05-31T21:24:18.0833339Z,0
1.47292,103.4444822,Daerah: Johor<br>No:7081<br>Hex coord:(72;93),n/a,0,0,0,0,0,0,1,2023-05-31T21:24:18.7385918Z,0
1.46514,103.4580167,Daerah: Johor<br>No:7082<br>Hex coord:(73;93),n/a,0,0,0,0,0,0,1,2023-05-31T21:24:19.3909668Z,0
1.47292,103.4715511,Daerah: Johor<br>No:7083<br>Hex coord:(74;93),n/a,0,0,0,0,0,0,1,2023-05-31T21:24:20.0447661Z,0
1.46514,103.4850856,Daerah: Johor<br>No:7084<br>Hex coord:(75;93),n/a,0,0,0,0,0,0,1,2023-05-31T21:24:20.6978989Z,0
1.47292,103.4986201,Daerah: Johor<br>No:7085<br>Hex coord:(76;93),n/a,0,0,0,0,0,0,1,2023-05-31T21:24:21.3630170Z,0
1.46514,103.5121546,Daerah: Johor<br>No:7086<br>Hex coord:(77;93),n/a,0,0,0,0,0,0,1,2023-05-31T21:24:22.0224931Z,0
1.47292,103.525689,Daerah: Johor<br>No:7087<br>Hex coord:(78;93),n/a,0,0,0,0,0,0,1,2023-05-31T21:24:22.6978933Z,0
1.46514,103.5392235,Daerah: Johor<br>No:7088<br>Hex coord:(79;93),n/a,0,0,0,0,0,0,1,2023-05-31T21:24:23.3680144Z,0
1.47292,103.552758,Daerah: Johor<br>No:7089<br>Hex coord:(80;93),n/a,0,0,0,0,0,0,1,2023-05-31T21:24:24.0379832Z,0
1.46514,103.5662925,Daerah: Johor<br>No:7090<br>Hex coord:(81;93),n/a,0,0,0,0,0,0,1,2023-05-31T21:24:24.7085650Z,1
1.47292,103.5798269,Daerah: Johor<br>No:7091<br>Hex coord:(82;93),n/a,1,0,0,0,0,0,1,2023-05-31T21:24:25.4129756Z,1
1.46514,103.5933614,Daerah: Johor<br>No:7092<br>Hex coord:(83;93),n/a,0,0,0,0,0,0,1,2023-05-31T21:24:26.1020544Z,0
1.47292,103.6068959,Daerah: Johor<br>No:7093<br>Hex coord:(84;93),n/a,1,0,0,0,0,0,1,2023-05-31T21:24:26.8008219Z,1
1.46514,103.6204304,Daerah: Johor<br>No:7094<br>Hex coord:(85;93),n/a,0,0,0,0,0,0,1,2023-05-31T21:24:27.5181540Z,0
1.47292,103.6339648,Daerah: Johor<br>No:7095<br>Hex coord:(86;93),n/a,1,0,0,0,0,0,1,2023-05-31T21:24:28.2352376Z,2
1.46514,103.6474993,Daerah: Johor<br>No:7096<br>Hex coord:(87;93),n/a,1,0,0,0,0,0,1,2023-05-31T21:24:28.9489210Z,0
1.47292,103.6610338,Daerah: Johor<br>No:7097<br>Hex coord:(88;93),n/a,1,0,0,0,0,0,1,2023-05-31T21:24:29.6774256Z,0
1.46514,103.6745683,Daerah: Johor<br>No:7098<br>Hex coord:(89;93),n/a,0,0,0,0,0,0,1,2023-05-31T21:24:30.3954265Z,0
1.47292,103.6881027,Daerah: Johor<br>No:7099<br>Hex coord:(90;93),n/a,1,0,0,0,0,0,1,2023-05-31T21:24:31.1121214Z,3
1.46514,103.7016372,Daerah: Johor<br>No:7100<br>Hex coord:(91;93),n/a,0,0,0,0,0,0,1,2023-05-31T21:24:31.8225721Z,0
1.46514,103.7287062,Daerah: Johor<br>No:7101<br>Hex coord:(93;93),n/a,0,0,0,0,0,0,1,2023-05-31T21:24:32.5287094Z,0
1.47292,103.7422406,Daerah: Johor<br>No:7102<br>Hex coord:(94;93),n/a,1,0,0,0,0,0,1,2023-05-31T21:24:33.2562928Z,1
1.46514,103.7557751,Daerah: Johor<br>No:7103<br>Hex coord:(95;93),n/a,0,0,0,0,0,0,1,2023-05-31T21:24:33.9646691Z,2
1.47292,103.7693096,Daerah: Johor<br>No:7104<br>Hex coord:(96;93),n/a,1,1,0,0,0,0,1,2023-05-31T21:24:34.6769063Z,2
1.47292,103.8505164,Daerah: Johor<br>No:7105<br>Hex coord:(102;93),n/a,0,0,0,0,0,0,1,2023-05-31T21:24:35.3401811Z,0
1.47292,103.8775854,Daerah: Johor<br>No:7106<br>Hex coord:(104;93),n/a,1,0,0,0,0,0,1,2023-05-31T21:24:36.0364838Z,0
1.46514,103.8911199,Daerah: Johor<br>No:7107<br>Hex coord:(105;93),n/a,0,0,0,0,0,0,1,2023-05-31T21:24:36.7223573Z,1
1.47292,103.9046543,Daerah: Johor<br>No:7108<br>Hex coord:(106;93),n/a,0,0,0,0,0,0,1,2023-05-31T21:24:37.4207357Z,0
1.46514,103.9181888,Daerah: Johor<br>No:7109<br>Hex coord:(107;93),n/a,0,0,0,0,0,0,1,2023-05-31T21:24:38.1146523Z,0
1.47292,103.9317233,Daerah: Johor<br>No:7110<br>Hex coord:(108;93),n/a,0,0,0,0,0,0,1,2023-05-31T21:24:38.8013103Z,1
1.46514,103.9452578,Daerah: Johor<br>No:7111<br>Hex coord:(109;93),n/a,0,0,0,0,0,0,1,2023-05-31T21:24:39.4774526Z,0
1.47292,103.9587922,Daerah: Johor<br>No:7112<br>Hex coord:(110;93),n/a,1,0,0,0,0,0,1,2023-05-31T21:24:40.1566275Z,0
1.46514,103.9723267,Daerah: Johor<br>No:7113<br>Hex coord:(111;93),n/a,0,0,0,0,0,0,1,2023-05-31T21:24:40.8511603Z,0
1.47292,103.9858612,Daerah: Johor<br>No:7114<br>Hex coord:(112;93),n/a,0,0,0,0,0,0,1,2023-05-31T21:24:41.5103294Z,0
1.46514,103.9993957,Daerah: Johor<br>No:7115<br>Hex coord:(113;93),n/a,0,0,0,0,0,0,1,2023-05-31T21:24:42.1703244Z,0
1.46514,104.0535336,Daerah: Johor<br>No:7116<br>Hex coord:(117;93),n/a,0,0,0,0,0,1,1,2023-05-31T21:24:42.8245517Z,0
1.47292,104.067068,Daerah: Johor<br>No:7117<br>Hex coord:(118;93),n/a,0,0,0,0,0,1,1,2023-05-31T21:24:43.4775426Z,0
1.46514,104.0806025,Daerah: Johor<br>No:7118<br>Hex coord:(119;93),n/a,0,0,0,0,0,0,1,2023-05-31T21:24:44.1348306Z,0
1.47292,104.094137,Daerah: Johor<br>No:7119<br>Hex coord:(120;93),n/a,0,0,0,0,0,0,1,2023-05-31T21:24:44.7881107Z,0
1.46514,104.1076715,Daerah: Johor<br>No:7120<br>Hex coord:(121;93),n/a,0,0,0,0,0,0,1,2023-05-31T21:24:45.4402518Z,0
1.47292,104.1212059,Daerah: Johor<br>No:7121<br>Hex coord:(122;93),n/a,0,0,0,0,0,0,1,2023-05-31T21:24:46.0885687Z,0
1.46514,104.1347404,Daerah: Johor<br>No:7122<br>Hex coord:(123;93),n/a,0,0,0,0,0,0,1,2023-05-31T21:24:46.7492455Z,0
1.47292,104.1482749,Daerah: Johor<br>No:7123<br>Hex coord:(124;93),n/a,0,0,0,0,0,0,1,2023-05-31T21:24:47.4051506Z,0
1.46514,104.1618094,Daerah: Johor<br>No:7124<br>Hex coord:(125;93),n/a,0,0,0,0,0,0,1,2023-05-31T21:24:48.0601474Z,0
1.47292,104.1753438,Daerah: Johor<br>No:7125<br>Hex coord:(126;93),n/a,0,0,0,0,0,0,1,2023-05-31T21:25:24.7476683Z,1
1.46514,104.1888783,Daerah: Johor<br>No:7126<br>Hex coord:(127;93),n/a,0,0,0,0,0,0,1,2023-05-31T21:25:25.4296587Z,0
1.47292,104.2024128,Daerah: Johor<br>No:7127<br>Hex coord:(128;93),n/a,0,0,0,0,0,0,1,2023-05-31T21:25:26.0849600Z,0
1.46514,104.2159473,Daerah: Johor<br>No:7128<br>Hex coord:(129;93),n/a,0,0,0,0,0,0,1,2023-05-31T21:25:26.7428678Z,0
1.47292,104.2294817,Daerah: Johor<br>No:7129<br>Hex coord:(130;93),n/a,0,0,0,0,0,0,1,2023-05-31T21:25:27.3954528Z,0
1.46514,104.2430162,Daerah: Johor<br>No:7130<br>Hex coord:(131;93),n/a,0,0,0,0,0,0,1,2023-05-31T21:25:28.0492129Z,0
1.47292,104.2565507,Daerah: Johor<br>No:7131<br>Hex coord:(132;93),n/a,0,0,0,0,0,0,1,2023-05-31T21:25:28.6979705Z,0
1.46514,104.2700852,Daerah: Johor<br>No:7132<br>Hex coord:(133;93),n/a,0,0,0,0,0,0,1,2023-05-31T21:25:29.3478792Z,0
1.44958,103.4038788,Daerah: Johor<br>No:7133<br>Hex coord:(69;94),n/a,0,0,0,0,0,0,1,2023-05-31T21:25:30.0147816Z,0
1.45736,103.4174132,Daerah: Johor<br>No:7134<br>Hex coord:(70;94),n/a,0,0,0,0,0,0,1,2023-05-31T21:25:30.6705137Z,0
1.44958,103.4309477,Daerah: Johor<br>No:7135<br>Hex coord:(71;94),n/a,0,0,0,0,0,0,1,2023-05-31T21:25:31.3322846Z,0
1.45736,103.4444822,Daerah: Johor<br>No:7136<br>Hex coord:(72;94),n/a,0,0,0,0,0,0,1,2023-05-31T21:25:31.9890021Z,0
1.44958,103.4580167,Daerah: Johor<br>No:7137<br>Hex coord:(73;94),n/a,0,0,0,0,0,0,1,2023-05-31T21:25:32.6450000Z,0
1.45736,103.4715511,Daerah: Johor<br>No:7138<br>Hex coord:(74;94),n/a,0,0,0,0,0,0,1,2023-05-31T21:25:33.2929542Z,0
1.44958,103.4850856,Daerah: Johor<br>No:7139<br>Hex coord:(75;94),n/a,0,0,0,0,0,0,1,2023-05-31T21:25:33.9426611Z,0
1.45736,103.4986201,Daerah: Johor<br>No:7140<br>Hex coord:(76;94),n/a,0,0,0,0,0,0,1,2023-05-31T21:25:34.5842920Z,0
1.44958,103.5121546,Daerah: Johor<br>No:7141<br>Hex coord:(77;94),n/a,0,0,0,0,0,0,1,2023-05-31T21:25:35.2367888Z,0
1.45736,103.525689,Daerah: Johor<br>No:7142<br>Hex coord:(78;94),n/a,0,0,0,0,0,0,1,2023-05-31T21:25:35.9057883Z,0
1.44958,103.5392235,Daerah: Johor<br>No:7143<br>Hex coord:(79;94),n/a,1,0,0,0,0,0,1,2023-05-31T21:25:36.5715646Z,0
1.45736,103.552758,Daerah: Johor<br>No:7144<br>Hex coord:(80;94),n/a,0,0,0,0,0,0,1,2023-05-31T21:25:37.2405220Z,0
1.44958,103.5662925,Daerah: Johor<br>No:7145<br>Hex coord:(81;94),n/a,0,0,0,0,0,0,1,2023-05-31T21:25:37.9106539Z,0
1.45736,103.5798269,Daerah: Johor<br>No:7146<br>Hex coord:(82;94),n/a,2,0,0,0,0,0,1,2023-05-31T21:25:38.5950516Z,2
1.44958,103.5933614,Daerah: Johor<br>No:7147<br>Hex coord:(83;94),n/a,2,1,0,0,0,0,1,2023-05-31T21:25:39.2938442Z,1
1.45736,103.6068959,Daerah: Johor<br>No:7148<br>Hex coord:(84;94),n/a,0,0,0,0,0,0,1,2023-05-31T21:25:39.9797334Z,0
1.44958,103.6204304,Daerah: Johor<br>No:7149<br>Hex coord:(85;94),n/a,0,0,0,0,0,0,1,2023-05-31T21:25:40.6746083Z,0
1.45736,103.6339648,Daerah: Johor<br>No:7150<br>Hex coord:(86;94),n/a,1,0,0,0,0,0,1,2023-05-31T21:25:41.3820600Z,0
1.44958,103.6474993,Daerah: Johor<br>No:7151<br>Hex coord:(87;94),n/a,0,0,0,0,0,0,1,2023-05-31T21:25:42.0769944Z,0
1.45736,103.6610338,Daerah: Johor<br>No:7152<br>Hex coord:(88;94),n/a,0,0,0,0,0,0,1,2023-05-31T21:25:42.7784341Z,0
1.44958,103.6745683,Daerah: Johor<br>No:7153<br>Hex coord:(89;94),n/a,0,0,0,0,0,0,1,2023-05-31T21:25:43.4630094Z,0
1.45736,103.6881027,Daerah: Johor<br>No:7154<br>Hex coord:(90;94),n/a,0,0,0,0,0,0,1,2023-05-31T21:25:44.1631327Z,0
1.45736,103.7422406,Daerah: Johor<br>No:7155<br>Hex coord:(94;94),n/a,0,0,0,0,0,0,1,2023-05-31T21:25:44.8755669Z,1
1.45736,103.8775854,Daerah: Johor<br>No:7156<br>Hex coord:(104;94),n/a,0,0,0,0,0,0,1,2023-05-31T21:25:45.5898707Z,0
1.44958,103.8911199,Daerah: Johor<br>No:7157<br>Hex coord:(105;94),n/a,0,0,0,0,0,0,1,2023-05-31T21:25:46.2619295Z,0
1.45736,103.9046543,Daerah: Johor<br>No:7158<br>Hex coord:(106;94),n/a,0,0,0,0,0,0,1,2023-05-31T21:25:46.9512664Z,0
1.44958,103.9181888,Daerah: Johor<br>No:7159<br>Hex coord:(107;94),n/a,0,0,0,0,0,0,1,2023-05-31T21:25:47.6264225Z,0
1.45736,103.9317233,Daerah: Johor<br>No:7160<br>Hex coord:(108;94),n/a,0,0,0,0,0,0,1,2023-05-31T21:25:48.3093069Z,1
1.44958,103.9452578,Daerah: Johor<br>No:7161<br>Hex coord:(109;94),n/a,0,0,0,0,0,0,1,2023-05-31T21:25:48.9866531Z,0
1.45736,103.9587922,Daerah: Johor<br>No:7162<br>Hex coord:(110;94),n/a,0,0,0,0,0,0,1,2023-05-31T21:25:49.6591755Z,0
1.44958,103.9723267,Daerah: Johor<br>No:7163<br>Hex coord:(111;94),n/a,0,0,0,0,0,0,1,2023-05-31T21:25:50.3222054Z,0
1.45736,103.9858612,Daerah: Johor<br>No:7164<br>Hex coord:(112;94),n/a,0,0,0,0,0,0,1,2023-05-31T21:25:50.9923289Z,0
1.44958,103.9993957,Daerah: Johor<br>No:7165<br>Hex coord:(113;94),n/a,0,0,0,0,0,0,1,2023-05-31T21:25:51.6513080Z,0
1.45736,104.067068,Daerah: Johor<br>No:7166<br>Hex coord:(118;94),n/a,0,0,0,0,0,0,1,2023-05-31T21:25:52.3007594Z,0
1.44958,104.0806025,Daerah: Johor<br>No:7167<br>Hex coord:(119;94),n/a,0,0,0,0,0,0,1,2023-05-31T21:25:52.9575584Z,0
1.45736,104.094137,Daerah: Johor<br>No:7168<br>Hex coord:(120;94),n/a,0,0,0,0,0,0,1,2023-05-31T21:25:53.6223483Z,0
1.44958,104.1076715,Daerah: Johor<br>No:7169<br>Hex coord:(121;94),n/a,0,0,0,0,0,0,1,2023-05-31T21:25:54.2875269Z,0
1.45736,104.1212059,Daerah: Johor<br>No:7170<br>Hex coord:(122;94),n/a,0,0,0,0,0,0,1,2023-05-31T21:25:54.9447003Z,0
1.44958,104.1347404,Daerah: Johor<br>No:7171<br>Hex coord:(123;94),n/a,0,0,0,0,0,0,1,2023-05-31T21:25:55.5965576Z,0
1.45736,104.1482749,Daerah: Johor<br>No:7172<br>Hex coord:(124;94),n/a,0,0,0,0,0,0,1,2023-05-31T21:25:56.2601710Z,0
1.44958,104.1618094,Daerah: Johor<br>No:7173<br>Hex coord:(125;94),n/a,0,0,0,0,0,0,1,2023-05-31T21:25:56.9225752Z,0
1.45736,104.1753438,Daerah: Johor<br>No:7174<br>Hex coord:(126;94),n/a,0,0,0,0,0,0,1,2023-05-31T21:25:57.5856962Z,0
1.44958,104.1888783,Daerah: Johor<br>No:7175<br>Hex coord:(127;94),n/a,0,0,0,0,0,0,1,2023-05-31T21:25:58.2630172Z,0
1.45736,104.2024128,Daerah: Johor<br>No:7176<br>Hex coord:(128;94),n/a,0,0,0,0,0,0,1,2023-05-31T21:25:58.9144975Z,0
1.44958,104.2159473,Daerah: Johor<br>No:7177<br>Hex coord:(129;94),n/a,0,0,0,0,0,0,1,2023-05-31T21:25:59.5735514Z,0
1.45736,104.2294817,Daerah: Johor<br>No:7178<br>Hex coord:(130;94),n/a,0,0,0,0,0,0,1,2023-05-31T21:26:00.2344503Z,0
1.44958,104.2430162,Daerah: Johor<br>No:7179<br>Hex coord:(131;94),n/a,0,0,0,0,0,0,1,2023-05-31T21:26:00.8881764Z,0
1.45736,104.2565507,Daerah: Johor<br>No:7180<br>Hex coord:(132;94),n/a,0,0,0,0,0,0,1,2023-05-31T21:26:01.5474983Z,0
1.44958,104.2700852,Daerah: Johor<br>No:7181<br>Hex coord:(133;94),n/a,0,0,0,0,0,0,1,2023-05-31T21:26:02.2091316Z,0
1.45736,104.2836196,Daerah: Johor<br>No:7182<br>Hex coord:(134;94),n/a,0,0,0,0,0,0,1,2023-05-31T21:26:02.8711964Z,0
1.4418,103.4174132,Daerah: Johor<br>No:7183<br>Hex coord:(70;95),n/a,0,0,0,0,0,0,1,2023-05-31T21:26:03.5465212Z,0
1.43402,103.4309477,Daerah: Johor<br>No:7184<br>Hex coord:(71;95),n/a,0,0,0,0,0,0,1,2023-05-31T21:26:04.2078093Z,0
1.4418,103.4444822,Daerah: Johor<br>No:7185<br>Hex coord:(72;95),n/a,0,0,0,0,0,0,1,2023-05-31T21:26:04.8713054Z,0
1.43402,103.4580167,Daerah: Johor<br>No:7186<br>Hex coord:(73;95),n/a,0,0,0,0,0,0,1,2023-05-31T21:26:05.5320653Z,0
1.4418,103.4715511,Daerah: Johor<br>No:7187<br>Hex coord:(74;95),n/a,0,0,0,0,0,0,1,2023-05-31T21:26:06.1951883Z,0
1.43402,103.4850856,Daerah: Johor<br>No:7188<br>Hex coord:(75;95),n/a,0,0,0,0,0,0,1,2023-05-31T21:26:06.8552506Z,0
1.4418,103.4986201,Daerah: Johor<br>No:7189<br>Hex coord:(76;95),n/a,0,0,0,0,0,0,1,2023-05-31T21:26:07.5208439Z,0
1.43402,103.5121546,Daerah: Johor<br>No:7190<br>Hex coord:(77;95),n/a,0,0,0,0,0,0,1,2023-05-31T21:26:08.1887201Z,0
1.4418,103.525689,Daerah: Johor<br>No:7191<br>Hex coord:(78;95),n/a,0,0,0,0,0,0,1,2023-05-31T21:26:08.8441747Z,0
1.43402,103.5392235,Daerah: Johor<br>No:7192<br>Hex coord:(79;95),n/a,0,0,0,0,0,0,1,2023-05-31T21:26:09.5085489Z,0
1.4418,103.552758,Daerah: Johor<br>No:7193<br>Hex coord:(80;95),n/a,0,0,0,0,0,0,1,2023-05-31T21:26:10.1795700Z,0
1.43402,103.5662925,Daerah: Johor<br>No:7194<br>Hex coord:(81;95),n/a,0,0,0,0,0,0,1,2023-05-31T21:26:10.8654146Z,0
1.4418,103.5798269,Daerah: Johor<br>No:7195<br>Hex coord:(82;95),n/a,0,0,0,0,0,0,1,2023-05-31T21:26:11.5454158Z,0
1.43402,103.5933614,Daerah: Johor<br>No:7196<br>Hex coord:(83;95),n/a,0,0,0,0,0,0,1,2023-05-31T21:26:12.3856816Z,0
1.4418,103.6068959,Daerah: Johor<br>No:7197<br>Hex coord:(84;95),n/a,2,0,0,0,0,0,1,2023-05-31T21:26:13.2078254Z,0
1.43402,103.6204304,Daerah: Johor<br>No:7198<br>Hex coord:(85;95),n/a,0,0,0,0,0,0,1,2023-05-31T21:26:14.0375617Z,0
1.4418,103.6339648,Daerah: Johor<br>No:7199<br>Hex coord:(86;95),n/a,0,0,0,0,0,0,1,2023-05-31T21:26:14.8577222Z,0
1.43402,103.6474993,Daerah: Johor<br>No:7200<br>Hex coord:(87;95),n/a,0,0,0,0,0,0,1,2023-05-31T21:26:15.5861041Z,0
1.4418,103.6610338,Daerah: Johor<br>No:7201<br>Hex coord:(88;95),n/a,0,0,0,0,0,0,1,2023-05-31T21:26:16.2745405Z,0
1.4418,103.9046543,Daerah: Johor<br>No:7202<br>Hex coord:(106;95),n/a,0,0,0,0,0,0,1,2023-05-31T21:26:16.9543574Z,0
1.43402,103.9181888,Daerah: Johor<br>No:7203<br>Hex coord:(107;95),n/a,0,0,0,0,0,0,1,2023-05-31T21:26:17.6345372Z,0
1.4418,103.9317233,Daerah: Johor<br>No:7204<br>Hex coord:(108;95),n/a,0,0,0,0,0,0,1,2023-05-31T21:26:18.3230317Z,0
1.43402,103.9452578,Daerah: Johor<br>No:7205<br>Hex coord:(109;95),n/a,0,0,0,0,0,0,1,2023-05-31T21:26:19.0028736Z,0
1.4418,103.9587922,Daerah: Johor<br>No:7206<br>Hex coord:(110;95),n/a,0,0,0,0,0,0,1,2023-05-31T21:26:19.6689752Z,0
1.43402,103.9723267,Daerah: Johor<br>No:7207<br>Hex coord:(111;95),n/a,0,0,0,0,0,0,1,2023-05-31T21:26:20.3377126Z,0
1.4418,103.9858612,Daerah: Johor<br>No:7208<br>Hex coord:(112;95),n/a,0,0,0,0,0,0,1,2023-05-31T21:26:21.0101475Z,0
1.4418,104.094137,Daerah: Johor<br>No:7209<br>Hex coord:(120;95),n/a,0,0,0,0,0,0,1,2023-05-31T21:26:21.6727442Z,0
1.43402,104.1076715,Daerah: Johor<br>No:7210<br>Hex coord:(121;95),n/a,0,0,0,0,0,0,1,2023-05-31T21:26:22.3231588Z,0
1.4418,104.1212059,Daerah: Johor<br>No:7211<br>Hex coord:(122;95),n/a,0,0,0,0,0,0,1,2023-05-31T21:26:22.9774111Z,0
1.43402,104.1347404,Daerah: Johor<br>No:7212<br>Hex coord:(123;95),n/a,0,0,0,0,0,0,1,2023-05-31T21:26:23.6403581Z,0
1.4418,104.1482749,Daerah: Johor<br>No:7213<br>Hex coord:(124;95),n/a,0,0,0,0,0,0,1,2023-05-31T21:26:24.2879466Z,0
1.43402,104.1618094,Daerah: Johor<br>No:7214<br>Hex coord:(125;95),n/a,0,0,0,0,0,0,1,2023-05-31T21:26:24.9460754Z,0
1.4418,104.1753438,Daerah: Johor<br>No:7215<br>Hex coord:(126;95),n/a,0,0,0,0,0,0,1,2023-05-31T21:26:25.5965743Z,0
1.43402,104.1888783,Daerah: Johor<br>No:7216<br>Hex coord:(127;95),n/a,0,0,0,0,0,0,1,2023-05-31T21:26:26.2490799Z,0
1.4418,104.2024128,Daerah: Johor<br>No:7217<br>Hex coord:(128;95),n/a,0,0,0,0,0,0,1,2023-05-31T21:26:26.9105395Z,0
1.43402,104.2159473,Daerah: Johor<br>No:7218<br>Hex coord:(129;95),n/a,0,0,0,0,0,0,1,2023-05-31T21:26:27.5554657Z,0
1.4418,104.2294817,Daerah: Johor<br>No:7219<br>Hex coord:(130;95),n/a,0,0,0,0,0,0,1,2023-05-31T21:26:28.2121342Z,0
1.43402,104.2430162,Daerah: Johor<br>No:7220<br>Hex coord:(131;95),n/a,0,0,0,0,0,0,1,2023-05-31T21:26:28.8788023Z,0
1.4418,104.2565507,Daerah: Johor<br>No:7221<br>Hex coord:(132;95),n/a,0,0,0,0,0,0,1,2023-05-31T21:26:29.5349390Z,0
1.43402,104.2700852,Daerah: Johor<br>No:7222<br>Hex coord:(133;95),n/a,0,0,0,0,0,0,1,2023-05-31T21:26:30.1857039Z,0
1.4418,104.2836196,Daerah: Johor<br>No:7223<br>Hex coord:(134;95),n/a,0,0,0,0,0,0,1,2023-05-31T21:26:30.8435651Z,0
1.42624,103.4174132,Daerah: Johor<br>No:7224<br>Hex coord:(70;96),n/a,0,0,0,0,0,0,1,2023-05-31T21:26:31.5091312Z,1
1.41846,103.4309477,Daerah: Johor<br>No:7225<br>Hex coord:(71;96),n/a,0,0,0,0,0,0,1,2023-05-31T21:26:32.1974200Z,0
1.42624,103.4444822,Daerah: Johor<br>No:7226<br>Hex coord:(72;96),n/a,0,0,0,0,0,0,1,2023-05-31T21:26:32.8627293Z,0
1.41846,103.4580167,Daerah: Johor<br>No:7227<br>Hex coord:(73;96),n/a,0,0,0,0,0,0,1,2023-05-31T21:26:33.5117630Z,0
1.42624,103.4715511,Daerah: Johor<br>No:7228<br>Hex coord:(74;96),n/a,0,0,0,0,0,0,1,2023-05-31T21:26:34.1852566Z,2
1.41846,103.4850856,Daerah: Johor<br>No:7229<br>Hex coord:(75;96),n/a,0,0,0,0,0,0,1,2023-05-31T21:26:34.8354559Z,0
1.42624,103.4986201,Daerah: Johor<br>No:7230<br>Hex coord:(76;96),n/a,0,0,0,0,0,0,1,2023-05-31T21:26:35.4849764Z,0
1.42624,103.525689,Daerah: Johor<br>No:7231<br>Hex coord:(78;96),n/a,0,0,0,0,0,0,1,2023-05-31T21:26:36.1427579Z,0
1.41846,103.5392235,Daerah: Johor<br>No:7232<br>Hex coord:(79;96),n/a,0,0,0,0,0,0,1,2023-05-31T21:26:36.8018252Z,0
1.42624,103.552758,Daerah: Johor<br>No:7233<br>Hex coord:(80;96),n/a,0,0,0,0,0,0,1,2023-05-31T21:26:37.4762447Z,0
1.41846,103.5662925,Daerah: Johor<br>No:7234<br>Hex coord:(81;96),n/a,0,0,0,0,0,0,1,2023-05-31T21:26:38.1417962Z,0
1.42624,103.5798269,Daerah: Johor<br>No:7235<br>Hex coord:(82;96),n/a,0,0,0,0,0,0,1,2023-05-31T21:26:38.8091483Z,0
1.41846,103.5933614,Daerah: Johor<br>No:7236<br>Hex coord:(83;96),n/a,0,0,0,0,0,0,1,2023-05-31T21:26:39.4893561Z,0
1.42624,103.6068959,Daerah: Johor<br>No:7237<br>Hex coord:(84;96),n/a,1,0,0,0,0,0,1,2023-05-31T21:26:40.1700493Z,0
1.41846,103.6204304,Daerah: Johor<br>No:7238<br>Hex coord:(85;96),n/a,1,0,0,0,0,0,1,2023-05-31T21:26:40.8679546Z,0
1.42624,103.6339648,Daerah: Johor<br>No:7239<br>Hex coord:(86;96),n/a,1,0,0,0,0,0,1,2023-05-31T21:26:41.5466263Z,0
1.41846,103.6474993,Daerah: Johor<br>No:7240<br>Hex coord:(87;96),n/a,0,0,0,0,0,0,1,2023-05-31T21:26:42.2126377Z,0
1.42624,103.6610338,Daerah: Johor<br>No:7241<br>Hex coord:(88;96),n/a,0,0,0,0,0,0,1,2023-05-31T21:26:42.8886025Z,0
1.42624,104.094137,Daerah: Johor<br>No:7242<br>Hex coord:(120;96),n/a,0,0,0,0,0,0,1,2023-05-31T21:26:43.5561106Z,0
1.41846,104.1076715,Daerah: Johor<br>No:7243<br>Hex coord:(121;96),n/a,0,0,0,0,0,0,1,2023-05-31T21:26:44.2169385Z,0
1.42624,104.1212059,Daerah: Johor<br>No:7244<br>Hex coord:(122;96),n/a,0,0,0,0,0,0,1,2023-05-31T21:26:44.8679128Z,0
1.41846,104.1347404,Daerah: Johor<br>No:7245<br>Hex coord:(123;96),n/a,0,0,0,0,0,0,1,2023-05-31T21:26:45.5226033Z,0
1.42624,104.1482749,Daerah: Johor<br>No:7246<br>Hex coord:(124;96),n/a,0,0,0,0,0,0,1,2023-05-31T21:26:46.1816635Z,0
1.41846,104.1618094,Daerah: Johor<br>No:7247<br>Hex coord:(125;96),n/a,0,0,0,0,0,0,1,2023-05-31T21:26:46.8423467Z,0
1.42624,104.1753438,Daerah: Johor<br>No:7248<br>Hex coord:(126;96),n/a,0,0,0,0,0,0,1,2023-05-31T21:26:47.5003518Z,0
1.41846,104.1888783,Daerah: Johor<br>No:7249<br>Hex coord:(127;96),n/a,0,0,0,0,0,0,1,2023-05-31T21:26:48.1623886Z,0
1.42624,104.2024128,Daerah: Johor<br>No:7250<br>Hex coord:(128;96),n/a,0,0,0,0,0,0,1,2023-05-31T21:26:48.8134439Z,0
1.41846,104.2159473,Daerah: Johor<br>No:7251<br>Hex coord:(129;96),n/a,0,0,0,0,0,0,1,2023-05-31T21:26:49.4651097Z,0
1.42624,104.2294817,Daerah: Johor<br>No:7252<br>Hex coord:(130;96),n/a,0,0,0,0,0,0,1,2023-05-31T21:26:50.1173655Z,0
1.41846,104.2430162,Daerah: Johor<br>No:7253<br>Hex coord:(131;96),n/a,0,0,0,0,0,0,1,2023-05-31T21:26:50.7878768Z,0
1.42624,104.2565507,Daerah: Johor<br>No:7254<br>Hex coord:(132;96),n/a,0,0,0,0,0,0,1,2023-05-31T21:26:51.4451860Z,0
1.41846,104.2700852,Daerah: Johor<br>No:7255<br>Hex coord:(133;96),n/a,0,0,0,0,0,0,1,2023-05-31T21:26:52.1073953Z,0
1.41068,103.4174132,Daerah: Johor<br>No:7256<br>Hex coord:(70;97),n/a,0,0,0,0,0,0,1,2023-05-31T21:26:52.7645565Z,0
1.4029,103.4309477,Daerah: Johor<br>No:7257<br>Hex coord:(71;97),n/a,0,0,0,0,0,0,1,2023-05-31T21:26:53.4206375Z,0
1.41068,103.4444822,Daerah: Johor<br>No:7258<br>Hex coord:(72;97),n/a,0,0,0,0,0,0,1,2023-05-31T21:26:54.0898509Z,0
1.4029,103.4580167,Daerah: Johor<br>No:7259<br>Hex coord:(73;97),n/a,0,0,0,0,0,0,1,2023-05-31T21:26:54.7555236Z,0
1.41068,103.4715511,Daerah: Johor<br>No:7260<br>Hex coord:(74;97),n/a,0,0,0,0,0,0,1,2023-05-31T21:26:55.4060520Z,0
1.4029,103.4850856,Daerah: Johor<br>No:7261<br>Hex coord:(75;97),n/a,0,0,0,0,0,0,1,2023-05-31T21:26:56.0581894Z,0
1.41068,103.4986201,Daerah: Johor<br>No:7262<br>Hex coord:(76;97),n/a,0,0,0,0,0,0,1,2023-05-31T21:26:56.7112487Z,0
1.4029,103.5121546,Daerah: Johor<br>No:7263<br>Hex coord:(77;97),n/a,0,0,0,0,0,0,1,2023-05-31T21:26:57.3801609Z,0
1.41068,103.525689,Daerah: Johor<br>No:7264<br>Hex coord:(78;97),n/a,0,0,0,0,0,0,1,2023-05-31T21:26:58.0329051Z,0
1.41068,103.552758,Daerah: Johor<br>No:7265<br>Hex coord:(80;97),n/a,0,0,0,0,0,0,1,2023-05-31T21:26:58.6929258Z,0
1.4029,103.5662925,Daerah: Johor<br>No:7266<br>Hex coord:(81;97),n/a,0,0,0,0,0,0,1,2023-05-31T21:26:59.3609769Z,0
1.41068,103.5798269,Daerah: Johor<br>No:7267<br>Hex coord:(82;97),n/a,0,0,0,0,0,0,1,2023-05-31T21:27:00.0396864Z,0
1.4029,103.5933614,Daerah: Johor<br>No:7268<br>Hex coord:(83;97),n/a,0,0,0,0,0,0,1,2023-05-31T21:27:00.7989682Z,0
1.41068,103.6068959,Daerah: Johor<br>No:7269<br>Hex coord:(84;97),n/a,0,0,0,0,0,0,1,2023-05-31T21:27:01.4614884Z,0
1.4029,103.6204304,Daerah: Johor<br>No:7270<br>Hex coord:(85;97),n/a,0,0,0,0,0,0,1,2023-05-31T21:27:02.1166193Z,0
1.41068,103.6339648,Daerah: Johor<br>No:7271<br>Hex coord:(86;97),n/a,0,0,0,0,0,0,1,2023-05-31T21:27:02.7898514Z,0
1.4029,103.6474993,Daerah: Johor<br>No:7272<br>Hex coord:(87;97),n/a,0,0,0,0,0,0,1,2023-05-31T21:27:03.4537426Z,0
1.41068,104.1212059,Daerah: Johor<br>No:7273<br>Hex coord:(122;97),n/a,0,0,0,0,0,0,1,2023-05-31T21:27:04.1112610Z,0
1.4029,104.1347404,Daerah: Johor<br>No:7274<br>Hex coord:(123;97),n/a,0,0,0,0,0,0,1,2023-05-31T21:27:04.7956556Z,0
1.41068,104.1482749,Daerah: Johor<br>No:7275<br>Hex coord:(124;97),n/a,0,0,0,0,0,0,1,2023-05-31T21:27:05.4565897Z,0
1.4029,104.1618094,Daerah: Johor<br>No:7276<br>Hex coord:(125;97),n/a,0,0,0,0,0,0,1,2023-05-31T21:27:06.1129951Z,0
1.41068,104.1753438,Daerah: Johor<br>No:7277<br>Hex coord:(126;97),n/a,0,0,0,0,0,0,1,2023-05-31T21:27:06.8666617Z,0
1.4029,104.1888783,Daerah: Johor<br>No:7278<br>Hex coord:(127;97),n/a,0,0,0,0,0,0,1,2023-05-31T21:27:07.5251473Z,0
1.41068,104.2024128,Daerah: Johor<br>No:7279<br>Hex coord:(128;97),n/a,0,0,0,0,0,0,1,2023-05-31T21:27:08.1890531Z,0
1.4029,104.2159473,Daerah: Johor<br>No:7280<br>Hex coord:(129;97),n/a,0,0,0,0,0,0,1,2023-05-31T21:27:08.8667544Z,0
1.41068,104.2294817,Daerah: Johor<br>No:7281<br>Hex coord:(130;97),n/a,0,0,0,0,0,0,1,2023-05-31T21:27:09.6075265Z,0
1.4029,104.2430162,Daerah: Johor<br>No:7282<br>Hex coord:(131;97),n/a,0,0,0,0,0,0,1,2023-05-31T21:27:10.3684784Z,0
1.41068,104.2565507,Daerah: Johor<br>No:7283<br>Hex coord:(132;97),n/a,0,0,0,0,0,0,1,2023-05-31T21:27:11.0824211Z,0
1.4029,104.2700852,Daerah: Johor<br>No:7284<br>Hex coord:(133;97),n/a,0,0,0,0,0,0,1,2023-05-31T21:27:11.8294681Z,0
1.38734,103.4309477,Daerah: Johor<br>No:7285<br>Hex coord:(71;98),n/a,0,0,0,0,0,0,1,2023-05-31T21:27:12.6993983Z,0
1.39512,103.4444822,Daerah: Johor<br>No:7286<br>Hex coord:(72;98),n/a,0,0,0,0,0,0,1,2023-05-31T21:27:13.4214522Z,0
1.38734,103.4580167,Daerah: Johor<br>No:7287<br>Hex coord:(73;98),n/a,0,0,0,0,0,0,1,2023-05-31T21:27:14.1230232Z,0
1.39512,103.4715511,Daerah: Johor<br>No:7288<br>Hex coord:(74;98),n/a,0,0,0,0,0,0,1,2023-05-31T21:27:14.8477902Z,0
1.38734,103.4850856,Daerah: Johor<br>No:7289<br>Hex coord:(75;98),n/a,0,0,0,0,0,0,1,2023-05-31T21:27:15.6639116Z,0
1.39512,103.4986201,Daerah: Johor<br>No:7290<br>Hex coord:(76;98),n/a,0,0,0,0,0,0,1,2023-05-31T21:27:16.3904015Z,0
1.38734,103.5121546,Daerah: Johor<br>No:7291<br>Hex coord:(77;98),n/a,0,0,0,0,0,0,1,2023-05-31T21:27:17.1390550Z,0
1.39512,103.525689,Daerah: Johor<br>No:7292<br>Hex coord:(78;98),n/a,0,0,0,0,0,0,1,2023-05-31T21:27:17.7915387Z,0
1.39512,103.552758,Daerah: Johor<br>No:7293<br>Hex coord:(80;98),n/a,0,0,0,0,0,0,1,2023-05-31T21:27:18.4536372Z,0
1.38734,103.5662925,Daerah: Johor<br>No:7294<br>Hex coord:(81;98),n/a,0,0,0,0,0,0,1,2023-05-31T21:27:19.1247567Z,0
1.39512,103.5798269,Daerah: Johor<br>No:7295<br>Hex coord:(82;98),n/a,0,0,0,0,0,0,1,2023-05-31T21:27:19.7950104Z,0
1.38734,103.5933614,Daerah: Johor<br>No:7296<br>Hex coord:(83;98),n/a,0,0,0,0,0,0,1,2023-05-31T21:27:22.0131269Z,0
1.39512,103.6068959,Daerah: Johor<br>No:7297<br>Hex coord:(84;98),n/a,0,0,0,0,0,0,1,2023-05-31T21:27:22.6793328Z,0
1.38734,103.6204304,Daerah: Johor<br>No:7298<br>Hex coord:(85;98),n/a,0,0,0,0,0,0,1,2023-05-31T21:27:23.3467472Z,0
1.39512,103.6339648,Daerah: Johor<br>No:7299<br>Hex coord:(86;98),n/a,0,0,0,0,0,0,1,2023-05-31T21:27:24.0106055Z,0
1.38734,104.1076715,Daerah: Johor<br>No:7300<br>Hex coord:(121;98),n/a,0,0,0,0,0,0,1,2023-05-31T21:27:24.6620765Z,0
1.39512,104.1212059,Daerah: Johor<br>No:7301<br>Hex coord:(122;98),n/a,0,0,0,0,0,0,1,2023-05-31T21:27:25.3178419Z,0
1.38734,104.1347404,Daerah: Johor<br>No:7302<br>Hex coord:(123;98),n/a,0,0,0,0,0,0,1,2023-05-31T21:27:25.9742921Z,0
1.39512,104.1482749,Daerah: Johor<br>No:7303<br>Hex coord:(124;98),n/a,0,0,0,0,0,0,1,2023-05-31T21:27:26.6283234Z,1
1.38734,104.1618094,Daerah: Johor<br>No:7304<br>Hex coord:(125;98),n/a,0,0,0,0,0,0,1,2023-05-31T21:27:27.2910660Z,0
1.39512,104.1753438,Daerah: Johor<br>No:7305<br>Hex coord:(126;98),n/a,0,0,0,0,0,0,1,2023-05-31T21:27:27.9490330Z,0
1.38734,104.1888783,Daerah: Johor<br>No:7306<br>Hex coord:(127;98),n/a,0,0,0,0,0,0,1,2023-05-31T21:27:28.6317541Z,0
1.39512,104.2024128,Daerah: Johor<br>No:7307<br>Hex coord:(128;98),n/a,0,0,0,0,0,0,1,2023-05-31T21:27:29.2906475Z,0
1.38734,104.2159473,Daerah: Johor<br>No:7308<br>Hex coord:(129;98),n/a,0,0,0,0,0,0,1,2023-05-31T21:27:29.9461713Z,0
1.39512,104.2294817,Daerah: Johor<br>No:7309<br>Hex coord:(130;98),n/a,0,0,0,0,0,0,1,2023-05-31T21:27:30.6094903Z,0
1.38734,104.2430162,Daerah: Johor<br>No:7310<br>Hex coord:(131;98),n/a,0,0,0,0,0,0,1,2023-05-31T21:27:31.2770465Z,0
1.39512,104.2565507,Daerah: Johor<br>No:7311<br>Hex coord:(132;98),n/a,0,0,0,0,0,0,1,2023-05-31T21:27:31.9304228Z,0
1.38734,104.2700852,Daerah: Johor<br>No:7312<br>Hex coord:(133;98),n/a,0,0,0,0,0,0,1,2023-05-31T21:27:32.5979365Z,1
1.37178,103.4309477,Daerah: Johor<br>No:7313<br>Hex coord:(71;99),n/a,0,0,0,0,0,0,1,2023-05-31T21:27:33.2560268Z,0
1.37956,103.4444822,Daerah: Johor<br>No:7314<br>Hex coord:(72;99),n/a,1,0,0,0,0,0,1,2023-05-31T21:27:33.9234850Z,0
1.37178,103.4580167,Daerah: Johor<br>No:7315<br>Hex coord:(73;99),n/a,0,0,0,0,0,0,1,2023-05-31T21:27:34.5822059Z,0
1.37956,103.4715511,Daerah: Johor<br>No:7316<br>Hex coord:(74;99),n/a,0,0,0,0,0,0,1,2023-05-31T21:27:35.2351819Z,0
1.37178,103.4850856,Daerah: Johor<br>No:7317<br>Hex coord:(75;99),n/a,0,0,0,0,0,0,1,2023-05-31T21:27:35.8900112Z,0
1.37956,103.4986201,Daerah: Johor<br>No:7318<br>Hex coord:(76;99),n/a,0,0,0,0,0,0,1,2023-05-31T21:27:36.5451925Z,0
1.37178,103.5121546,Daerah: Johor<br>No:7319<br>Hex coord:(77;99),n/a,0,0,0,0,0,0,1,2023-05-31T21:27:37.2026370Z,0
1.37956,103.525689,Daerah: Johor<br>No:7320<br>Hex coord:(78;99),n/a,0,0,0,0,0,0,1,2023-05-31T21:27:37.8716403Z,0
1.37956,103.552758,Daerah: Johor<br>No:7321<br>Hex coord:(80;99),n/a,0,0,0,0,0,0,1,2023-05-31T21:27:38.5335660Z,0
1.37178,103.5662925,Daerah: Johor<br>No:7322<br>Hex coord:(81;99),n/a,0,0,0,0,0,0,1,2023-05-31T21:27:39.1920702Z,0
1.37956,103.5798269,Daerah: Johor<br>No:7323<br>Hex coord:(82;99),n/a,0,0,0,0,0,0,1,2023-05-31T21:27:39.8578458Z,0
1.37178,103.5933614,Daerah: Johor<br>No:7324<br>Hex coord:(83;99),n/a,0,0,0,0,0,0,1,2023-05-31T21:27:40.5246781Z,0
1.37956,103.6068959,Daerah: Johor<br>No:7325<br>Hex coord:(84;99),n/a,0,0,0,0,0,0,1,2023-05-31T21:27:41.1866730Z,0
1.37178,103.6204304,Daerah: Johor<br>No:7326<br>Hex coord:(85;99),n/a,0,0,0,0,0,0,1,2023-05-31T21:27:41.8785040Z,0
1.37956,103.6339648,Daerah: Johor<br>No:7327<br>Hex coord:(86;99),n/a,0,0,0,0,0,0,1,2023-05-31T21:27:42.5452047Z,0
1.37178,104.1076715,Daerah: Johor<br>No:7328<br>Hex coord:(121;99),n/a,0,0,0,0,0,0,1,2023-05-31T21:27:43.2015800Z,0
1.37956,104.1212059,Daerah: Johor<br>No:7329<br>Hex coord:(122;99),n/a,0,0,0,0,0,0,1,2023-05-31T21:27:43.8564262Z,0
1.37178,104.1347404,Daerah: Johor<br>No:7330<br>Hex coord:(123;99),n/a,0,0,0,0,0,0,1,2023-05-31T21:27:44.5224546Z,5
1.37956,104.1482749,Daerah: Johor<br>No:7331<br>Hex coord:(124;99),n/a,0,0,0,0,0,0,1,2023-05-31T21:27:45.1844882Z,0
1.37178,104.1618094,Daerah: Johor<br>No:7332<br>Hex coord:(125;99),n/a,0,0,0,0,0,0,1,2023-05-31T21:27:45.8422267Z,0
1.37956,104.1753438,Daerah: Johor<br>No:7333<br>Hex coord:(126;99),n/a,0,0,0,0,0,0,1,2023-05-31T21:27:46.4990313Z,0
1.37178,104.1888783,Daerah: Johor<br>No:7334<br>Hex coord:(127;99),n/a,0,0,0,0,0,0,1,2023-05-31T21:27:47.1592506Z,0
1.37956,104.2024128,Daerah: Johor<br>No:7335<br>Hex coord:(128;99),n/a,0,0,0,0,0,0,1,2023-05-31T21:27:47.8308826Z,0
1.37178,104.2159473,Daerah: Johor<br>No:7336<br>Hex coord:(129;99),n/a,0,0,0,0,0,0,1,2023-05-31T21:27:48.5044306Z,0
1.37956,104.2294817,Daerah: Johor<br>No:7337<br>Hex coord:(130;99),n/a,0,0,0,0,0,0,1,2023-05-31T21:27:49.1591434Z,0
1.37178,104.2430162,Daerah: Johor<br>No:7338<br>Hex coord:(131;99),n/a,0,0,0,0,0,0,1,2023-05-31T21:27:49.8166679Z,0
1.37956,104.2565507,Daerah: Johor<br>No:7339<br>Hex coord:(132;99),n/a,0,0,0,0,0,0,1,2023-05-31T21:27:50.4709738Z,0
1.37178,104.2700852,Daerah: Johor<br>No:7340<br>Hex coord:(133;99),n/a,0,0,0,0,0,0,1,2023-05-31T21:27:51.1318814Z,0
1.364,103.4444822,Daerah: Johor<br>No:7341<br>Hex coord:(72;100),n/a,0,0,0,0,0,0,1,2023-05-31T21:27:51.7944981Z,1
1.35622,103.4580167,Daerah: Johor<br>No:7342<br>Hex coord:(73;100),n/a,0,0,0,0,0,0,1,2023-05-31T21:27:52.4515758Z,0
1.364,103.4715511,Daerah: Johor<br>No:7343<br>Hex coord:(74;100),n/a,0,0,0,0,0,0,1,2023-05-31T21:27:53.1132548Z,0
1.35622,103.4850856,Daerah: Johor<br>No:7344<br>Hex coord:(75;100),n/a,0,0,0,0,0,0,1,2023-05-31T21:27:53.7792291Z,0
1.364,103.4986201,Daerah: Johor<br>No:7345<br>Hex coord:(76;100),n/a,0,0,0,0,0,0,1,2023-05-31T21:27:54.4305991Z,0
1.35622,103.5121546,Daerah: Johor<br>No:7346<br>Hex coord:(77;100),n/a,0,0,0,0,0,0,1,2023-05-31T21:27:55.0989476Z,0
1.364,103.525689,Daerah: Johor<br>No:7347<br>Hex coord:(78;100),n/a,0,0,0,0,0,0,1,2023-05-31T21:27:55.7541232Z,0
1.364,103.552758,Daerah: Johor<br>No:7348<br>Hex coord:(80;100),n/a,0,0,0,0,0,0,1,2023-05-31T21:27:56.4131203Z,1
1.35622,103.5662925,Daerah: Johor<br>No:7349<br>Hex coord:(81;100),n/a,0,0,0,0,0,0,1,2023-05-31T21:27:57.0783598Z,0
1.364,103.5798269,Daerah: Johor<br>No:7350<br>Hex coord:(82;100),n/a,0,0,0,0,0,0,1,2023-05-31T21:27:57.7331278Z,0
1.35622,103.5933614,Daerah: Johor<br>No:7351<br>Hex coord:(83;100),n/a,0,0,0,0,0,0,1,2023-05-31T21:27:58.3886334Z,0
1.364,103.6068959,Daerah: Johor<br>No:7352<br>Hex coord:(84;100),n/a,0,0,0,0,0,0,1,2023-05-31T21:27:59.0454497Z,0
1.364,104.1212059,Daerah: Johor<br>No:7353<br>Hex coord:(122;100),n/a,0,0,0,0,0,0,1,2023-05-31T21:27:59.6974376Z,2
1.35622,104.1347404,Daerah: Johor<br>No:7354<br>Hex coord:(123;100),n/a,0,0,0,0,0,0,1,2023-05-31T21:28:00.3637550Z,0
1.364,104.1482749,Daerah: Johor<br>No:7355<br>Hex coord:(124;100),n/a,0,0,0,0,0,0,1,2023-05-31T21:28:01.0132246Z,0
1.35622,104.1618094,Daerah: Johor<br>No:7356<br>Hex coord:(125;100),n/a,0,0,0,0,0,0,1,2023-05-31T21:28:01.6771905Z,0
1.364,104.1753438,Daerah: Johor<br>No:7357<br>Hex coord:(126;100),n/a,0,0,0,0,0,0,1,2023-05-31T21:28:02.3479303Z,0
1.35622,104.1888783,Daerah: Johor<br>No:7358<br>Hex coord:(127;100),n/a,0,0,0,0,0,0,1,2023-05-31T21:28:03.0057071Z,0
1.364,104.2024128,Daerah: Johor<br>No:7359<br>Hex coord:(128;100),n/a,0,0,0,0,0,0,1,2023-05-31T21:28:03.6570816Z,0
1.35622,104.2159473,Daerah: Johor<br>No:7360<br>Hex coord:(129;100),n/a,0,0,0,0,0,0,1,2023-05-31T21:28:40.3376133Z,0
1.364,104.2294817,Daerah: Johor<br>No:7361<br>Hex coord:(130;100),n/a,0,0,0,0,0,0,1,2023-05-31T21:28:41.0152383Z,0
1.364,104.2565507,Daerah: Johor<br>No:7362<br>Hex coord:(132;100),n/a,0,0,0,0,0,0,1,2023-05-31T21:28:41.6925296Z,0
1.34844,103.4444822,Daerah: Johor<br>No:7363<br>Hex coord:(72;101),n/a,0,0,0,0,0,0,1,2023-05-31T21:28:42.3459759Z,0
1.34066,103.4580167,Daerah: Johor<br>No:7364<br>Hex coord:(73;101),n/a,0,0,0,0,0,0,1,2023-05-31T21:28:42.9988970Z,0
1.34844,103.4715511,Daerah: Johor<br>No:7365<br>Hex coord:(74;101),n/a,0,0,0,0,0,0,1,2023-05-31T21:28:43.6551908Z,0
1.34066,103.4850856,Daerah: Johor<br>No:7366<br>Hex coord:(75;101),n/a,0,0,0,0,0,0,1,2023-05-31T21:28:44.3044708Z,0
1.34844,103.4986201,Daerah: Johor<br>No:7367<br>Hex coord:(76;101),n/a,0,0,0,0,0,0,1,2023-05-31T21:28:44.9610395Z,0
1.34066,103.5121546,Daerah: Johor<br>No:7368<br>Hex coord:(77;101),n/a,0,0,0,0,0,0,1,2023-05-31T21:28:45.6294899Z,0
1.34844,103.525689,Daerah: Johor<br>No:7369<br>Hex coord:(78;101),n/a,0,0,0,0,0,0,1,2023-05-31T21:28:46.3027174Z,0
1.34066,103.5392235,Daerah: Johor<br>No:7370<br>Hex coord:(79;101),n/a,0,0,0,0,0,0,1,2023-05-31T21:28:46.9657568Z,0
1.34844,103.552758,Daerah: Johor<br>No:7371<br>Hex coord:(80;101),n/a,0,0,0,0,0,0,1,2023-05-31T21:28:47.6350831Z,0
1.34844,103.5798269,Daerah: Johor<br>No:7372<br>Hex coord:(82;101),n/a,0,0,0,0,0,0,1,2023-05-31T21:28:48.2970271Z,0
1.34844,103.6068959,Daerah: Johor<br>No:7373<br>Hex coord:(84;101),n/a,0,0,0,0,0,0,1,2023-05-31T21:28:48.9578275Z,0
1.34844,104.1482749,Daerah: Johor<br>No:7374<br>Hex coord:(124;101),n/a,0,0,0,0,0,0,1,2023-05-31T21:28:49.6104155Z,0
1.34844,104.1753438,Daerah: Johor<br>No:7375<br>Hex coord:(126;101),n/a,0,0,0,0,0,0,1,2023-05-31T21:28:50.2637985Z,0
1.34844,104.2024128,Daerah: Johor<br>No:7376<br>Hex coord:(128;101),n/a,0,0,0,0,0,0,1,2023-05-31T21:28:50.9188012Z,0
1.3251,103.4309477,Daerah: Johor<br>No:7377<br>Hex coord:(71;102),n/a,0,0,0,0,0,0,1,2023-05-31T21:28:51.5814763Z,0
1.33288,103.4444822,Daerah: Johor<br>No:7378<br>Hex coord:(72;102),n/a,0,0,0,0,0,0,1,2023-05-31T21:28:52.2358122Z,0
1.3251,103.4580167,Daerah: Johor<br>No:7379<br>Hex coord:(73;102),n/a,0,0,0,0,0,0,1,2023-05-31T21:28:52.8894392Z,0
1.33288,103.4715511,Daerah: Johor<br>No:7380<br>Hex coord:(74;102),n/a,0,0,0,0,0,0,1,2023-05-31T21:28:53.5604183Z,0
1.3251,103.4850856,Daerah: Johor<br>No:7381<br>Hex coord:(75;102),n/a,0,0,0,0,0,0,1,2023-05-31T21:28:54.2161845Z,0
1.33288,103.4986201,Daerah: Johor<br>No:7382<br>Hex coord:(76;102),n/a,0,0,0,0,0,0,1,2023-05-31T21:28:54.8772061Z,0
1.3251,103.5121546,Daerah: Johor<br>No:7383<br>Hex coord:(77;102),n/a,0,0,0,0,0,0,1,2023-05-31T21:28:55.5303489Z,0
1.33288,103.525689,Daerah: Johor<br>No:7384<br>Hex coord:(78;102),n/a,0,0,0,0,0,0,1,2023-05-31T21:28:56.1887964Z,0
1.31732,103.4715511,Daerah: Johor<br>No:7385<br>Hex coord:(74;103),n/a,0,0,0,0,0,0,1,2023-05-31T21:28:56.8497710Z,0
1.30954,103.4850856,Daerah: Johor<br>No:7386<br>Hex coord:(75;103),n/a,0,0,0,0,0,0,1,2023-05-31T21:28:57.5203708Z,0
1.31732,103.4986201,Daerah: Johor<br>No:7387<br>Hex coord:(76;103),n/a,0,0,0,0,0,0,1,2023-05-31T21:28:58.2051215Z,0
1.30954,103.5121546,Daerah: Johor<br>No:7388<br>Hex coord:(77;103),n/a,0,0,0,0,0,0,1,2023-05-31T21:28:58.8701077Z,0
1.29398,103.4850856,Daerah: Johor<br>No:7389<br>Hex coord:(75;104),n/a,0,0,0,0,0,0,1,2023-05-31T21:28:59.5272078Z,0
1.30176,103.4986201,Daerah: Johor<br>No:7390<br>Hex coord:(76;104),n/a,0,0,0,0,0,0,1,2023-05-31T21:29:00.1962634Z,0
1.2862,103.4986201,Daerah: Johor<br>No:7391<br>Hex coord:(76;105),n/a,0,0,0,0,0,0,1,2023-05-31T21:29:00.8490161Z,0