lat,lon,label,placename,weeklyactive,DENGUE,RABIES,ANIMAL_RABIES,MEASLES,HFMD,weight,timestamp,TB
3.8629098,100.9357443,Daerah: Selangor<br>No:1<br>Hex coord:(9;0),Hutan Melintang. Hilir Perak. Malaysia,0,0,0,0,0,1,1,2023-03-10T18:40:06.8533714Z,0
3.8473498,100.8545374,Daerah: Selangor<br>No:2<br>Hex coord:(3;1),Sungai Tengar. Sabak Bernam. Malaysia,0,0,0,0,0,1,1,2023-03-10T18:40:07.5422761Z,0
3.8473498,100.8816064,Daerah: Selangor<br>No:3<br>Hex coord:(5;1),Sabak Bernam. Selangor. Malaysia,0,0,0,0,0,1,1,2023-03-10T18:40:08.1986761Z,0
3.8551298,100.8951408,Daerah: Selangor<br>No:4<br>Hex coord:(6;1),Sabak Bernam. Selangor. Malaysia,0,0,0,0,0,1,1,2023-03-10T18:40:08.8838123Z,0
3.8473498,100.9086753,Daerah: Selangor<br>No:5<br>Hex coord:(7;1),Sabak Bernam. 36400. Selangor. Malaysia,0,0,0,0,0,1,1,2023-03-10T18:40:09.5518370Z,0
3.8551298,100.9222098,Daerah: Selangor<br>No:6<br>Hex coord:(8;1),Ladang Sabak Bernam Bahagian Satu. Sabak Bernam. Malaysia,0,0,0,0,0,1,1,2023-03-10T18:40:10.2490440Z,0
3.8473498,100.9357443,Daerah: Selangor<br>No:7<br>Hex coord:(9;1),Sabak Bernam. 36400. Selangor. Malaysia,0,0,0,0,0,1,1,2023-03-10T18:40:10.9068713Z,0
3.8317898,100.8274685,Daerah: Selangor<br>No:8<br>Hex coord:(1;2),Sabak Bernam. 45100. Selangor. Malaysia,0,0,0,0,0,0,1,2023-03-10T18:40:11.5965588Z,0
3.8395698,100.8410029,Daerah: Selangor<br>No:9<br>Hex coord:(2;2),Sabak Bernam. 45100. Selangor. Malaysia,0,0,0,0,0,0,1,2023-03-10T18:40:12.2500617Z,0
3.8317898,100.8545374,Daerah: Selangor<br>No:10<br>Hex coord:(3;2),Sabak Bernam. 45100. Selangor. Malaysia,0,0,0,0,0,0,1,2023-03-10T18:40:12.9370724Z,0
3.8395698,100.8680719,Daerah: Selangor<br>No:11<br>Hex coord:(4;2),Sabak Bernam. 45100. Selangor. Malaysia,0,0,0,0,0,1,1,2023-03-10T18:40:13.5942522Z,0
3.8317898,100.8816064,Daerah: Selangor<br>No:12<br>Hex coord:(5;2),Sabak Bernam. Selangor. Malaysia,0,0,0,0,0,1,1,2023-03-10T18:40:14.2811833Z,0
3.8395698,100.8951408,Daerah: Selangor<br>No:13<br>Hex coord:(6;2),Sabak Bernam. Selangor. Malaysia,0,0,0,0,0,1,1,2023-03-10T18:40:14.9511822Z,0
3.8317898,100.9086753,Daerah: Selangor<br>No:14<br>Hex coord:(7;2),Jalan Haji Abdul Karim. Sobak Bernam. Selangor. Malaysia,0,0,0,0,0,1,1,2023-03-10T18:40:15.6325251Z,0
3.8395698,100.9222098,Daerah: Selangor<br>No:15<br>Hex coord:(8;2),Ladang Sungai Bernam Bahagian Dua. Sabak Bernam. Malaysia,0,0,0,0,0,1,1,2023-03-10T18:40:16.2928434Z,0
3.8317898,100.9357443,Daerah: Selangor<br>No:16<br>Hex coord:(9;2),Sabak Bernam. 36400. Selangor. Malaysia,0,0,0,0,0,1,1,2023-03-10T18:40:16.9779385Z,0
3.8162298,100.8274685,Daerah: Selangor<br>No:17<br>Hex coord:(1;3),Institut Latihan Dakwah Selangor. 45100 Sobak Bernam. Selangor. Malaysia,0,0,0,0,0,0,1,2023-03-10T18:40:17.6487712Z,0
3.8240098,100.8410029,Daerah: Selangor<br>No:18<br>Hex coord:(2;3),Bagan Beting Kepah. 45100. Selangor. Malaysia,0,0,0,0,0,0,1,2023-03-10T18:40:18.3292125Z,1
3.8162298,100.8545374,Daerah: Selangor<br>No:19<br>Hex coord:(3;3),Sungai Tangar. Sobak Bernam. Sabak Bernam. Malaysia,0,0,0,0,0,0,1,2023-03-10T18:40:18.9932496Z,1
3.8240098,100.8680719,Daerah: Selangor<br>No:20<br>Hex coord:(4;3),Rizab Melayu Sungai Lang. Sobak Bernam. Sabak Bernam. Malaysia,0,0,0,0,0,1,1,2023-03-10T18:40:19.6930352Z,0
3.8162298,100.8816064,Daerah: Selangor<br>No:21<br>Hex coord:(5;3),Sabak Bernam. Selangor. Malaysia,0,0,0,0,0,1,1,2023-03-10T18:40:20.3609904Z,0
3.8240098,100.8951408,Daerah: Selangor<br>No:22<br>Hex coord:(6;3),Bagan Telok Ru. 45100. Selangor. Malaysia,0,0,0,0,0,1,1,2023-03-10T18:40:21.0623462Z,0
3.8162298,100.9086753,Daerah: Selangor<br>No:23<br>Hex coord:(7;3),Jalan Haji Yusof. Sobak Bernam. Selangor. Malaysia,0,0,0,0,0,1,1,2023-03-10T18:40:21.7382004Z,0
3.8240098,100.9222098,Daerah: Selangor<br>No:24<br>Hex coord:(8;3),Jalan Haji Mahfud. Selangor. Malaysia,0,0,0,0,0,1,1,2023-03-10T18:40:22.4241803Z,0
3.8162298,100.9357443,Daerah: Selangor<br>No:25<br>Hex coord:(9;3),Ladang Sabak Berna Bahagian Tiga. Sabak Bernam. Malaysia,1,0,0,0,0,0,1,2023-03-10T18:40:23.0877861Z,0
3.8240098,100.9492787,Daerah: Selangor<br>No:26<br>Hex coord:(10;3),Ladang Sabak Berna Bahagian Tiga. Sabak Bernam. Malaysia,0,0,0,0,0,0,1,2023-03-10T18:40:23.7778806Z,0
3.8162298,100.9628132,Daerah: Selangor<br>No:27<br>Hex coord:(11;3),Sabak Bernam. 45200. Selangor. Malaysia,0,0,0,0,0,0,1,2023-03-10T18:40:24.4585361Z,0
3.8084498,100.813934,Daerah: Selangor<br>No:28<br>Hex coord:(0;4),SBP Integrasi Sabak Bernam. 45100 Sobak Bernam. Selangor. Malaysia,0,0,0,0,0,0,1,2023-03-10T18:40:25.1408202Z,0
3.8006698,100.8274685,Daerah: Selangor<br>No:29<br>Hex coord:(1;4),Bagan Beting Kepah. 45100. Selangor. Malaysia,0,0,0,0,0,0,1,2023-03-10T18:40:25.8113059Z,0
3.8084498,100.8410029,Daerah: Selangor<br>No:30<br>Hex coord:(2;4),Bagan Telok Ru. 45100. Selangor. Malaysia,0,0,0,0,0,0,1,2023-03-10T18:40:26.5118236Z,0
3.8006698,100.8545374,Daerah: Selangor<br>No:31<br>Hex coord:(3;4),Kemajuan Tanah Parit Baharu. Sobak Bernam. Sabak Bernam. Malaysia,0,0,0,0,0,0,1,2023-03-10T18:40:27.1700256Z,0
3.8084498,100.8680719,Daerah: Selangor<br>No:32<br>Hex coord:(4;4),Bagan Telok Ru. Selangor. Malaysia,0,0,0,0,0,0,1,2023-03-10T18:40:27.8641181Z,0
3.8006698,100.8816064,Daerah: Selangor<br>No:33<br>Hex coord:(5;4),Bagan Telok Ru. Selangor. Malaysia,0,0,0,0,0,0,1,2023-03-10T18:40:28.5234590Z,0
3.8084498,100.8951408,Daerah: Selangor<br>No:34<br>Hex coord:(6;4),Sabak Bernam. Selangor. Malaysia,0,0,0,0,0,1,1,2023-03-10T18:40:29.2066206Z,0
3.8006698,100.9086753,Daerah: Selangor<br>No:35<br>Hex coord:(7;4),Sabak Bernam. Selangor. Malaysia,0,0,0,0,0,0,1,2023-03-10T18:40:29.8632741Z,0
3.8084498,100.9222098,Daerah: Selangor<br>No:36<br>Hex coord:(8;4),Sabak Bernam. 45200. Selangor. Malaysia,0,0,0,0,0,0,1,2023-03-10T18:40:30.5597475Z,0
3.8006698,100.9357443,Daerah: Selangor<br>No:37<br>Hex coord:(9;4),Ladang Sungai Bernam Bahagian Empat. Sabak Bernam. Malaysia,0,0,0,0,0,0,1,2023-03-10T18:40:31.2148642Z,0
3.8084498,100.9492787,Daerah: Selangor<br>No:38<br>Hex coord:(10;4),Sabak Bernam. 36400. Selangor. Malaysia,1,0,0,0,0,0,1,2023-03-10T18:40:31.9203759Z,0
3.8006698,100.9628132,Daerah: Selangor<br>No:39<br>Hex coord:(11;4),Sungai Keli Besar. Hilir Perak. Malaysia,0,0,0,0,0,0,1,2023-03-10T18:40:32.5887111Z,0
3.8084498,100.9763477,Daerah: Selangor<br>No:40<br>Hex coord:(12;4),Tanjung Jawa. Sabak Bernam. Malaysia,0,0,0,0,0,0,1,2023-03-10T18:40:33.2923717Z,0
3.8006698,101.0169511,Daerah: Selangor<br>No:41<br>Hex coord:(15;4),Teluk Sepintas. Selangor. Malaysia,0,0,0,0,0,0,1,2023-03-10T18:40:33.9527390Z,0
3.8006698,101.3688475,Daerah: Selangor<br>No:42<br>Hex coord:(41;4),Sungai Slim. Ulu Selangor. Malaysia,0,0,0,0,0,1,1,2023-03-10T18:40:34.6521418Z,0
3.7928898,100.813934,Daerah: Selangor<br>No:43<br>Hex coord:(0;5),Sungai Apong. Sobak Bernam. Sabak Bernam. Malaysia,0,0,0,0,0,0,1,2023-03-10T18:40:35.3045735Z,0
3.7851098,100.8274685,Daerah: Selangor<br>No:44<br>Hex coord:(1;5),Bagan Beting Kepah. 45100. Selangor. Malaysia,0,0,0,0,0,0,1,2023-03-10T18:40:36.0031691Z,0
3.7928898,100.8410029,Daerah: Selangor<br>No:45<br>Hex coord:(2;5),Bagan Telok Ru. 45100. Selangor. Malaysia,0,0,0,0,0,0,1,2023-03-10T18:40:36.6647190Z,0
3.7851098,100.8545374,Daerah: Selangor<br>No:46<br>Hex coord:(3;5),Bagan Telok Ru. 45100. Selangor. Malaysia,0,0,0,0,0,0,1,2023-03-10T18:40:37.3590473Z,0
3.7928898,100.8680719,Daerah: Selangor<br>No:47<br>Hex coord:(4;5),Bagan Telok Ru. Selangor. Malaysia,0,0,0,0,0,0,1,2023-03-10T18:40:38.0164014Z,0
3.7851098,100.8816064,Daerah: Selangor<br>No:48<br>Hex coord:(5;5),Bagan Telok Ru. Selangor. Malaysia,0,0,0,0,0,0,1,2023-03-10T18:40:38.7029997Z,0
3.7928898,100.8951408,Daerah: Selangor<br>No:49<br>Hex coord:(6;5),Sabak Bernam. Selangor. Malaysia,0,0,0,0,0,0,1,2023-03-10T18:40:39.3716494Z,0
3.7851098,100.9086753,Daerah: Selangor<br>No:50<br>Hex coord:(7;5),Masjid Al-Islakhiah. 45200. Selangor. Malaysia,0,0,0,0,0,1,1,2023-03-10T18:40:40.0569937Z,0
3.7928898,100.9222098,Daerah: Selangor<br>No:51<br>Hex coord:(8;5),Sabak Bernam. 45200. Selangor. Malaysia,0,0,0,0,0,1,1,2023-03-10T18:40:40.7244329Z,0
3.7851098,100.9357443,Daerah: Selangor<br>No:52<br>Hex coord:(9;5),Sabak Bernam. 45200. Selangor. Malaysia,0,0,0,0,0,1,1,2023-03-10T18:40:41.4121593Z,0
3.7928898,100.9492787,Daerah: Selangor<br>No:53<br>Hex coord:(10;5),SK Kampung Baharu. Jalan Pekan Kampung Baru. Sabak Bernam. 45200. Selangor. Malaysia,0,0,0,0,0,0,1,2023-03-10T18:40:42.0815299Z,0
3.7851098,100.9898822,Daerah: Selangor<br>No:54<br>Hex coord:(13;5),Teluk Sepintas. 45200. Selangor. Malaysia,0,0,0,0,0,0,1,2023-03-10T18:40:42.7847321Z,0
3.7928898,101.0034166,Daerah: Selangor<br>No:55<br>Hex coord:(14;5),Teluk Sepintas. Selangor. Malaysia,0,0,0,0,0,0,1,2023-03-10T18:40:43.4543727Z,0
3.7851098,101.0169511,Daerah: Selangor<br>No:56<br>Hex coord:(15;5),Teluk Sepintas. Selangor. Malaysia,0,0,0,0,0,0,1,2023-03-10T18:40:44.1452531Z,0
3.7851098,101.0440201,Daerah: Selangor<br>No:57<br>Hex coord:(17;5),Teluk Sepintas. Selangor. Malaysia,0,0,0,0,0,0,1,2023-03-10T18:40:44.8045137Z,0
3.7928898,101.0575545,Daerah: Selangor<br>No:58<br>Hex coord:(18;5),Teluk Sepintas. Selangor. Malaysia,0,0,0,0,0,0,1,2023-03-10T18:40:45.4912952Z,0
3.7851098,101.3417785,Daerah: Selangor<br>No:59<br>Hex coord:(39;5),Hulu Selangor. Selangor. Malaysia,0,0,0,0,0,1,1,2023-03-10T18:40:46.1492684Z,0
3.7928898,101.355313,Daerah: Selangor<br>No:60<br>Hex coord:(40;5),A134. Selangor. Malaysia,0,0,0,0,0,1,1,2023-03-10T18:40:46.8482128Z,0
3.7851098,101.3688475,Daerah: Selangor<br>No:61<br>Hex coord:(41;5),Hulu Selangor. Selangor. Malaysia,0,0,0,0,0,1,1,2023-03-10T18:40:47.5090719Z,0
3.7773298,100.8680719,Daerah: Selangor<br>No:62<br>Hex coord:(4;6),Bagan Telok Ru. Selangor. Malaysia,0,0,0,0,0,0,1,2023-03-10T18:40:48.2092496Z,0
3.7695498,100.8816064,Daerah: Selangor<br>No:63<br>Hex coord:(5;6),Sabak Bernam. Selangor. Malaysia,0,0,0,0,0,1,1,2023-03-10T18:40:48.8640655Z,0
3.7773298,100.8951408,Daerah: Selangor<br>No:64<br>Hex coord:(6;6),Sabak Bernam. Selangor. Malaysia,0,0,0,0,0,1,1,2023-03-10T18:40:49.5516294Z,0
3.7695498,100.9086753,Daerah: Selangor<br>No:65<br>Hex coord:(7;6),Jalan Tebuk Jawa. Bagan Sungai Pulai. 45200 Sobak Bernam. Selangor. Malaysia,1,0,0,0,0,1,1,2023-03-10T18:40:50.2085889Z,0
3.7773298,100.9222098,Daerah: Selangor<br>No:66<br>Hex coord:(8;6),Rizab Melayu Raja Hitam. Sabak Bernam. Malaysia,0,0,0,0,0,1,1,2023-03-10T18:40:50.8954146Z,0
3.7695498,100.9357443,Daerah: Selangor<br>No:67<br>Hex coord:(9;6),Bagan Sungai Pulai. 45200. Selangor. Malaysia,0,0,0,0,0,1,1,2023-03-10T18:40:51.5681202Z,0
3.7773298,100.9492787,Daerah: Selangor<br>No:68<br>Hex coord:(10;6),Sabak Bernam. 45200. Selangor. Malaysia,0,0,0,0,0,1,1,2023-03-10T18:40:52.2680710Z,0
3.7695498,100.9628132,Daerah: Selangor<br>No:69<br>Hex coord:(11;6),Jalan Kampung Baru. Sabak Bernam. 45200. Selangor. Malaysia,0,0,0,0,0,1,1,2023-03-10T18:40:52.9390567Z,0
3.7695498,100.9898822,Daerah: Selangor<br>No:70<br>Hex coord:(13;6),Taman Kenangan. 45200. Selangor. Malaysia,0,0,0,0,0,0,1,2023-03-10T18:40:53.6565264Z,1
3.7773298,101.0034166,Daerah: Selangor<br>No:71<br>Hex coord:(14;6),Rizab Melayu Sabak. Sobak Bernam. Sabak Bernam. Malaysia,0,0,0,0,0,0,1,2023-03-10T18:40:54.3261583Z,0
3.7695498,101.0169511,Daerah: Selangor<br>No:72<br>Hex coord:(15;6),Teluk Sepintas. Selangor. Malaysia,0,0,0,0,0,0,1,2023-03-10T18:40:55.0199054Z,0
3.7773298,101.0304856,Daerah: Selangor<br>No:73<br>Hex coord:(16;6),Sungai Sepintas. Sabak Bernam. Malaysia,0,0,0,0,0,0,1,2023-03-10T18:40:55.6789142Z,1
3.7695498,101.0440201,Daerah: Selangor<br>No:74<br>Hex coord:(17;6),Teluk Sepintas. Selangor. Malaysia,0,0,0,0,0,0,1,2023-03-10T18:40:56.3742826Z,0
3.7773298,101.0846235,Daerah: Selangor<br>No:75<br>Hex coord:(20;6),Sungai Samak Kechil. Hilir Perak. Malaysia,0,0,0,0,0,0,1,2023-03-10T18:40:57.0274156Z,0
3.7773298,101.328244,Daerah: Selangor<br>No:76<br>Hex coord:(38;6),Tanjong Putus. Ulu Selangor. Malaysia,0,0,0,0,0,0,1,2023-03-10T18:40:57.7092255Z,0
3.7695498,101.3417785,Daerah: Selangor<br>No:77<br>Hex coord:(39;6),Hulu Selangor. Selangor. Malaysia,0,0,0,0,0,1,1,2023-03-10T18:40:58.3710216Z,0
3.7773298,101.355313,Daerah: Selangor<br>No:78<br>Hex coord:(40;6),Kampung Lima Belas. 44020. Selangor. Malaysia,0,0,0,0,0,1,1,2023-03-10T18:40:59.0549496Z,0
3.7695498,101.3688475,Daerah: Selangor<br>No:79<br>Hex coord:(41;6),Hulu Selangor. 44020 FELDA Gedangsa. Selangor. Malaysia,0,0,0,0,0,1,1,2023-03-10T18:40:59.7090835Z,0
3.7773298,101.3823819,Daerah: Selangor<br>No:80<br>Hex coord:(42;6),Hulu Selangor. 44020 FELDA Gedangsa. Selangor. Malaysia,0,0,0,0,0,1,1,2023-03-10T18:41:00.3988801Z,0
3.7695498,101.3959164,Daerah: Selangor<br>No:81<br>Hex coord:(43;6),Sungai Jitan. Ulu Selangor. Malaysia,0,0,0,0,0,0,1,2023-03-10T18:41:01.0735164Z,0
3.7695498,101.5853991,Daerah: Selangor<br>No:82<br>Hex coord:(57;6),Muallim. Perak. Malaysia,0,0,0,0,0,0,1,2023-03-10T18:41:01.7632372Z,0
3.7695498,101.612468,Daerah: Selangor<br>No:83<br>Hex coord:(59;6),Hulu Selangor. Selangor. Malaysia,0,0,0,0,0,0,1,2023-03-10T18:41:02.4157952Z,0
3.7617698,100.8951408,Daerah: Selangor<br>No:84<br>Hex coord:(6;7),Rizab Melayu Sungai Lang. Sobak Bernam. Sabak Bernam. Malaysia,0,0,0,0,0,1,1,2023-03-10T18:41:03.1001689Z,0
3.7539898,100.9086753,Daerah: Selangor<br>No:85<br>Hex coord:(7;7),Jalan Ghazali. Sobak Bernam. Selangor. Malaysia,0,0,0,0,0,1,1,2023-03-10T18:41:03.7596524Z,0
3.7617698,100.9222098,Daerah: Selangor<br>No:86<br>Hex coord:(8;7),Jalan Kubur. Sobak Bernam. Selangor. Malaysia,0,0,0,0,0,1,1,2023-03-10T18:41:04.4572614Z,0
3.7539898,100.9357443,Daerah: Selangor<br>No:87<br>Hex coord:(9;7),Jalan Haji Sadri. Sobak Bernam. Selangor. Malaysia,0,0,0,0,0,1,1,2023-03-10T18:41:05.1450220Z,0
3.7617698,100.9492787,Daerah: Selangor<br>No:88<br>Hex coord:(10;7),Jalan Haji Saion. Bagan Sungai Pulai. 45200. Selangor. Malaysia,0,0,0,0,0,1,1,2023-03-10T18:41:05.8447291Z,0
3.7539898,100.9628132,Daerah: Selangor<br>No:89<br>Hex coord:(11;7),Jalan Wan Mood. Sobak Bernam. Selangor. Malaysia,0,0,0,0,0,1,1,2023-03-10T18:41:06.5042801Z,0
3.7617698,100.9763477,Daerah: Selangor<br>No:90<br>Hex coord:(12;7),SAM Muhammadiah Pekan Sabak. Jalan Kuala Selangor-Teluk Intan. Sabak Bernam. 45200. Selangor. Malaysia,0,0,0,0,0,0,1,2023-03-10T18:41:07.2086014Z,0
3.7539898,100.9898822,Daerah: Selangor<br>No:91<br>Hex coord:(13;7),K&K HARDWARE AND PHONE. Sobak Bernam. Sabak Bernam. Malaysia,0,0,0,0,0,0,1,2023-03-10T18:41:07.8781123Z,0
3.7617698,101.0034166,Daerah: Selangor<br>No:92<br>Hex coord:(14;7),Teluk Sepintas. 45200. Selangor. Malaysia,0,0,0,0,0,0,1,2023-03-10T18:41:08.5829293Z,0
3.7539898,101.0169511,Daerah: Selangor<br>No:93<br>Hex coord:(15;7),Parit Alur Raja Hitam Lama. Sobak Bernam. Sabak Bernam. Malaysia,0,0,0,0,0,0,1,2023-03-10T18:41:09.2616971Z,0
3.7617698,101.0304856,Daerah: Selangor<br>No:94<br>Hex coord:(16;7),Teluk Sepintas. Selangor. Malaysia,0,0,0,0,0,0,1,2023-03-10T18:41:09.9585324Z,0
3.7539898,101.0440201,Daerah: Selangor<br>No:95<br>Hex coord:(17;7),Ladang Sungai Bernam. Sobak Bernam. Sabak Bernam. Malaysia,0,0,0,0,0,0,1,2023-03-10T18:41:10.6242370Z,0
3.7617698,101.0575545,Daerah: Selangor<br>No:96<br>Hex coord:(18;7),Ladang Antara. Sobak Bernam. Sabak Bernam. Malaysia,0,0,0,0,0,0,1,2023-03-10T18:41:11.3213457Z,0
3.7539898,101.071089,Daerah: Selangor<br>No:97<br>Hex coord:(19;7),Kampung Binjai Patah. Selangor. Malaysia,0,0,0,0,0,0,1,2023-03-10T18:41:11.9779864Z,0
3.7617698,101.0846235,Daerah: Selangor<br>No:98<br>Hex coord:(20;7),Kampung Binjai Patah. Selangor. Malaysia,0,0,0,0,0,0,1,2023-03-10T18:41:12.6716508Z,0
3.7539898,101.098158,Daerah: Selangor<br>No:99<br>Hex coord:(21;7),Kampung Binjai Patah. Selangor. Malaysia,0,0,0,0,0,0,1,2023-03-10T18:41:13.3279560Z,0
3.7539898,101.3417785,Daerah: Selangor<br>No:100<br>Hex coord:(39;7),Kampung Lima Belas. 44020. Selangor. Malaysia,0,0,0,0,0,0,1,2023-03-10T18:41:14.0209955Z,0
3.7617698,101.355313,Daerah: Selangor<br>No:101<br>Hex coord:(40;7),Lima Belas Estate. Ulu Selangor. Malaysia,0,0,0,0,0,0,1,2023-03-10T18:41:14.6776297Z,0
3.7539898,101.3688475,Daerah: Selangor<br>No:102<br>Hex coord:(41;7),Hulu Selangor. 44020 FELDA Gedangsa. Selangor. Malaysia,0,0,0,0,0,0,1,2023-03-10T18:41:15.3742043Z,0
3.7617698,101.3823819,Daerah: Selangor<br>No:103<br>Hex coord:(42;7),Sungai Tampoi. Ulu Selangor. Malaysia,0,0,0,0,0,0,1,2023-03-10T18:41:16.0333997Z,0
3.7539898,101.3959164,Daerah: Selangor<br>No:104<br>Hex coord:(43;7),Hulu Selangor. 44020 FELDA Gedangsa. Selangor. Malaysia,0,0,0,0,0,0,1,2023-03-10T18:41:16.7286178Z,0
3.7539898,101.5853991,Daerah: Selangor<br>No:105<br>Hex coord:(57;7),Muallim. Perak. Malaysia,0,0,0,0,0,0,1,2023-03-10T18:41:17.3919317Z,0
3.7617698,101.5989335,Daerah: Selangor<br>No:106<br>Hex coord:(58;7),Muallim. Perak. Malaysia,0,0,0,0,0,0,1,2023-03-10T18:41:18.0799975Z,0
3.7539898,101.612468,Daerah: Selangor<br>No:107<br>Hex coord:(59;7),Hulu Selangor. Selangor. Malaysia,0,0,0,0,0,0,1,2023-03-10T18:41:18.7424997Z,0
3.7617698,101.6260025,Daerah: Selangor<br>No:108<br>Hex coord:(60;7),Hulu Selangor. Selangor. Malaysia,0,0,0,0,0,0,1,2023-03-10T18:41:19.4254710Z,0
3.7384298,100.9086753,Daerah: Selangor<br>No:109<br>Hex coord:(7;8),Bagan Sungai Pulai. 45200. Selangor. Malaysia,0,0,0,0,0,1,1,2023-03-10T18:41:20.1131088Z,0
3.7462098,100.9222098,Daerah: Selangor<br>No:110<br>Hex coord:(8;8),Parit Banting. Sabak Bernam. Malaysia,0,0,0,0,0,1,1,2023-03-10T18:41:20.8023073Z,0
3.7384298,100.9357443,Daerah: Selangor<br>No:111<br>Hex coord:(9;8),Bagan Sungai Pulai. 45200. Selangor. Malaysia,0,0,0,0,0,1,1,2023-03-10T18:41:21.4780441Z,1
3.7462098,100.9492787,Daerah: Selangor<br>No:112<br>Hex coord:(10;8),Jalan Haji Siraj. Bagan Sungai Pulai. 45200. Selangor. Malaysia,0,0,0,0,0,1,1,2023-03-10T18:41:22.1787923Z,0
3.7384298,100.9628132,Daerah: Selangor<br>No:113<br>Hex coord:(11;8),Jalan Haji Mansur. Sobak Bernam. Selangor. Malaysia,0,0,0,0,0,1,1,2023-03-10T18:41:22.8474259Z,0
3.7462098,100.9763477,Daerah: Selangor<br>No:114<br>Hex coord:(12;8),Jalan Kuala Selangor-Teluk Intan. Parit Enam. 45200. Selangor. Malaysia,0,0,0,0,0,0,1,2023-03-10T18:41:23.5609193Z,0
3.7384298,100.9898822,Daerah: Selangor<br>No:115<br>Hex coord:(13;8),Sabak Bernam. 45200 Sabak Bernam. Selangor. Malaysia,0,0,0,0,0,0,1,2023-03-10T18:41:24.2308294Z,0
3.7462098,101.0034166,Daerah: Selangor<br>No:116<br>Hex coord:(14;8),Ladang Torkington. Sobak Bernam. Sabak Bernam. Malaysia,0,0,0,0,0,0,1,2023-03-10T18:41:24.9208966Z,0
3.7384298,101.0169511,Daerah: Selangor<br>No:117<br>Hex coord:(15;8),Parit Enam. Selangor. Malaysia,0,0,0,0,0,0,1,2023-03-10T18:41:25.5996747Z,0
3.7462098,101.0304856,Daerah: Selangor<br>No:118<br>Hex coord:(16;8),Teluk Sepintas. Selangor. Malaysia,0,0,0,0,0,0,1,2023-03-10T18:41:26.2954175Z,0
3.7384298,101.0440201,Daerah: Selangor<br>No:119<br>Hex coord:(17;8),Kampung Permatang. Selangor. Malaysia,0,0,0,0,0,0,1,2023-03-10T18:41:26.9597508Z,0
3.7462098,101.0575545,Daerah: Selangor<br>No:120<br>Hex coord:(18;8),Teluk Sepintas. Selangor. Malaysia,0,0,0,0,0,0,1,2023-03-10T18:41:27.6635467Z,0
3.7384298,101.071089,Daerah: Selangor<br>No:121<br>Hex coord:(19;8),Jalan Pusara. Kampung Binjai Patah. Selangor. Malaysia,0,0,0,0,0,0,1,2023-03-10T18:41:28.3268279Z,0
3.7384298,101.098158,Daerah: Selangor<br>No:122<br>Hex coord:(21;8),Kampung Binjai Patah. Selangor. Malaysia,0,0,0,0,0,0,1,2023-03-10T18:41:29.0145503Z,0
3.7384298,101.1252269,Daerah: Selangor<br>No:123<br>Hex coord:(23;8),Kampung Binjai Patah. Selangor. Malaysia,0,0,0,0,0,0,1,2023-03-10T18:41:29.6807284Z,0
3.7462098,101.1387614,Daerah: Selangor<br>No:124<br>Hex coord:(24;8),Sungai Sebong. Hilir Perak. Malaysia,0,0,0,0,0,0,1,2023-03-10T18:41:30.3788206Z,0
3.7384298,101.1522959,Daerah: Selangor<br>No:125<br>Hex coord:(25;8),Lubok Banting. Perak. Malaysia,0,0,0,0,0,0,1,2023-03-10T18:41:31.0362433Z,0
3.7462098,101.1658303,Daerah: Selangor<br>No:126<br>Hex coord:(26;8),Hospital Ulu Sungai Bernam. Hilir Perak. Malaysia,0,0,0,0,0,0,1,2023-03-10T18:41:31.7140656Z,0
3.7384298,101.3417785,Daerah: Selangor<br>No:127<br>Hex coord:(39;8),Kampung Lima Belas. 44020. Selangor. Malaysia,0,0,0,0,0,0,1,2023-03-10T18:41:32.3696569Z,0
3.7462098,101.355313,Daerah: Selangor<br>No:128<br>Hex coord:(40;8),Kampung Lima Belas. 44020. Selangor. Malaysia,0,0,0,0,0,0,1,2023-03-10T18:41:33.0543400Z,0
3.7384298,101.3688475,Daerah: Selangor<br>No:129<br>Hex coord:(41;8),Kampung Lima Belas. 44020. Selangor. Malaysia,0,0,0,0,0,0,1,2023-03-10T18:41:33.7220930Z,0
3.7462098,101.3823819,Daerah: Selangor<br>No:130<br>Hex coord:(42;8),Kampung Lima Belas. 44020. Selangor. Malaysia,0,0,0,0,0,0,1,2023-03-10T18:41:34.4160539Z,0
3.7384298,101.3959164,Daerah: Selangor<br>No:131<br>Hex coord:(43;8),Kampung Seberang. 44020. Selangor. Malaysia,0,0,0,0,0,0,1,2023-03-10T18:41:35.0699233Z,0
3.7462098,101.4094509,Daerah: Selangor<br>No:132<br>Hex coord:(44;8),Kampung Gesir Tengah. 44020. Selangor. Malaysia,0,0,0,0,0,0,1,2023-03-10T18:41:35.7475161Z,0
3.7384298,101.4229854,Daerah: Selangor<br>No:133<br>Hex coord:(45;8),Kampung Sekolah. 35950. Selangor. Malaysia,0,0,0,0,0,0,1,2023-03-10T18:41:36.4112296Z,0
3.7462098,101.4365198,Daerah: Selangor<br>No:134<br>Hex coord:(46;8),Kampung Sekolah. 35950. Selangor. Malaysia,0,0,0,0,0,0,1,2023-03-10T18:41:37.1055856Z,0
3.7384298,101.5853991,Daerah: Selangor<br>No:135<br>Hex coord:(57;8),Hulu Selangor. Selangor. Malaysia,0,0,0,0,0,0,1,2023-03-10T18:41:37.7612569Z,0
3.7462098,101.5989335,Daerah: Selangor<br>No:136<br>Hex coord:(58;8),Hulu Selangor. Selangor. Malaysia,0,0,0,0,0,0,1,2023-03-10T18:41:38.4482149Z,0
3.7384298,101.612468,Daerah: Selangor<br>No:137<br>Hex coord:(59;8),Hulu Selangor. Selangor. Malaysia,0,0,0,0,0,0,1,2023-03-10T18:41:39.1136727Z,0
3.7462098,101.6260025,Daerah: Selangor<br>No:138<br>Hex coord:(60;8),Hulu Selangor. Selangor. Malaysia,0,0,0,0,0,0,1,2023-03-10T18:41:39.7947809Z,0
3.7384298,101.639537,Daerah: Selangor<br>No:139<br>Hex coord:(61;8),Hulu Selangor. Selangor. Malaysia,0,0,0,0,0,0,1,2023-03-10T18:41:40.4513515Z,0
3.7306498,100.9222098,Daerah: Selangor<br>No:140<br>Hex coord:(8;9),SJK(C) Phooi Tee. Bagan Sungai Pulai. Jalan Haji Muhammad. Panchang Bedena. 45200. Selangor. Malaysia,0,0,0,0,0,1,1,2023-03-10T18:41:41.1430564Z,0
3.7228698,100.9357443,Daerah: Selangor<br>No:141<br>Hex coord:(9;9),Parit Pulai. Sobak Bernam. Sabak Bernam. Malaysia,0,0,0,0,0,1,1,2023-03-10T18:41:41.8150364Z,0
3.7306498,100.9492787,Daerah: Selangor<br>No:142<br>Hex coord:(10;9),Bagan Sungai Pulai. 45200. Selangor. Malaysia,0,0,0,0,0,1,1,2023-03-10T18:41:42.5123640Z,0
3.7228698,100.9628132,Daerah: Selangor<br>No:143<br>Hex coord:(11;9),Jalan Jentera. Panchang Bedena. 45200. Selangor. Malaysia,0,0,0,0,0,0,1,2023-03-10T18:41:43.1861022Z,1
3.7306498,100.9763477,Daerah: Selangor<br>No:144<br>Hex coord:(12;9),Jalan Kuala Selangor-Teluk Intan. Panchang Bedena. 45200. Selangor. Malaysia,0,0,0,0,0,0,1,2023-03-10T18:41:43.8881866Z,0
3.7228698,100.9898822,Daerah: Selangor<br>No:145<br>Hex coord:(13;9),Parit Enam. 45200. Selangor. Malaysia,0,0,0,0,0,0,1,2023-03-10T18:41:44.5548643Z,0
3.7306498,101.0034166,Daerah: Selangor<br>No:146<br>Hex coord:(14;9),Ladang Lim Kooi Hua Sungai Bernam. Sabak Bernam. Malaysia,0,0,0,0,0,0,1,2023-03-10T18:41:45.2612154Z,0
3.7228698,101.0169511,Daerah: Selangor<br>No:147<br>Hex coord:(15;9),Parit Enam. Selangor. Malaysia,0,0,0,0,0,0,1,2023-03-10T18:41:45.9349689Z,0
3.7306498,101.0304856,Daerah: Selangor<br>No:148<br>Hex coord:(16;9),Parit Enam. Selangor. Malaysia,0,0,0,0,0,0,1,2023-03-10T18:41:46.6334673Z,0
3.7228698,101.0440201,Daerah: Selangor<br>No:149<br>Hex coord:(17;9),Kampung Permatang. Selangor. Malaysia,0,0,0,0,0,0,1,2023-03-10T18:41:47.3056733Z,0
3.7306498,101.0575545,Daerah: Selangor<br>No:150<br>Hex coord:(18;9),Kampung Permatang. Selangor. Malaysia,0,0,0,0,0,0,1,2023-03-10T18:41:47.9914704Z,0
3.7228698,101.071089,Daerah: Selangor<br>No:151<br>Hex coord:(19;9),Kampung Permatang. Selangor. Malaysia,0,0,0,0,0,0,1,2023-03-10T18:41:48.6506457Z,0
3.7306498,101.0846235,Daerah: Selangor<br>No:152<br>Hex coord:(20;9),B44. Sungai Besar. Selangor. Malaysia,0,0,0,0,0,0,1,2023-03-10T18:41:49.3444463Z,0
3.7228698,101.098158,Daerah: Selangor<br>No:153<br>Hex coord:(21;9),Kampung Binjai Patah. Selangor. Malaysia,0,0,0,0,0,0,1,2023-03-10T18:41:50.0079670Z,0
3.7306498,101.1116924,Daerah: Selangor<br>No:154<br>Hex coord:(22;9),Kampung Binjai Patah. Selangor. Malaysia,0,0,0,0,0,0,1,2023-03-10T18:41:50.7015203Z,0
3.7228698,101.1252269,Daerah: Selangor<br>No:155<br>Hex coord:(23;9),Kampung Binjai Patah. Selangor. Malaysia,0,0,0,0,0,0,1,2023-03-10T18:41:51.3700667Z,0
3.7306498,101.1387614,Daerah: Selangor<br>No:156<br>Hex coord:(24;9),Sungai Telok. Hulu Bemam. Sabak Bernam. Malaysia,0,0,0,0,0,0,1,2023-03-10T18:41:52.0660479Z,0
3.7228698,101.1522959,Daerah: Selangor<br>No:157<br>Hex coord:(25;9),Kampung Belia Satu. Selangor. Malaysia,0,0,0,0,0,0,1,2023-03-10T18:41:52.7216200Z,0
3.7306498,101.1658303,Daerah: Selangor<br>No:158<br>Hex coord:(26;9),Rantau Panjang. Hilir Perak. Malaysia,0,0,0,0,0,0,1,2023-03-10T18:41:53.4154864Z,0
3.7228698,101.1793648,Daerah: Selangor<br>No:159<br>Hex coord:(27;9),Ulu Bernam Bahagian Selangor. Sabak Bernam. Malaysia,0,0,0,0,0,0,1,2023-03-10T18:41:54.0736320Z,0
3.7228698,101.3417785,Daerah: Selangor<br>No:160<br>Hex coord:(39;9),Hulu Selangor. Selangor. Malaysia,0,0,0,0,0,0,1,2023-03-10T18:41:54.7503899Z,0
3.7306498,101.355313,Daerah: Selangor<br>No:161<br>Hex coord:(40;9),Hulu Selangor. 44020 FELDA Gedangsa. Selangor. Malaysia,0,0,0,0,0,0,1,2023-03-10T18:41:55.4165366Z,0
3.7228698,101.3688475,Daerah: Selangor<br>No:162<br>Hex coord:(41;9),Jalan Sabak Bernam - Hulu Selangor. Kampung Seberang. 44020. Selangor. Malaysia,0,0,0,0,0,0,1,2023-03-10T18:41:56.1091845Z,0
3.7306498,101.3823819,Daerah: Selangor<br>No:163<br>Hex coord:(42;9),SMK Gedangsa. Selangor. Malaysia,0,0,0,0,0,0,1,2023-03-10T18:41:58.9730305Z,0
3.7228698,101.3959164,Daerah: Selangor<br>No:164<br>Hex coord:(43;9),Jalan Sabak Bernam - Hulu Selangor. Kampung Seberang. 44020. Selangor. Malaysia,0,0,0,0,0,0,1,2023-03-10T18:41:59.6615827Z,0
3.7306498,101.4094509,Daerah: Selangor<br>No:165<br>Hex coord:(44;9),Kampung Gesir Tengah. 44020. Selangor. Malaysia,0,0,0,0,0,0,1,2023-03-10T18:42:00.3264210Z,0
3.7228698,101.4229854,Daerah: Selangor<br>No:166<br>Hex coord:(45;9),Institut Teknologi Kulinari Anjung Utara. Selangor. Malaysia,0,0,0,0,0,0,1,2023-03-10T18:42:01.0183401Z,0
3.7306498,101.4365198,Daerah: Selangor<br>No:167<br>Hex coord:(46;9),Jalan Sabak Bernam - Hulu Selangor. Kampung Gesir Tengah. 35950. Selangor. Malaysia,0,0,0,0,0,0,1,2023-03-10T18:42:01.6776409Z,0
3.7228698,101.4500543,Daerah: Selangor<br>No:168<br>Hex coord:(47;9),Jalan Sabak Bernam - Hulu Selangor. Kampung Sekolah. 3590. Selangor. Malaysia,0,0,0,0,0,0,1,2023-03-10T18:42:02.3810363Z,0
3.7228698,101.5853991,Daerah: Selangor<br>No:169<br>Hex coord:(57;9),Hulu Selangor. Selangor. Malaysia,0,0,0,0,0,0,1,2023-03-10T18:42:03.0351555Z,0
3.7306498,101.5989335,Daerah: Selangor<br>No:170<br>Hex coord:(58;9),Hulu Selangor. Selangor. Malaysia,0,0,0,0,0,0,1,2023-03-10T18:42:03.7296108Z,0
3.7228698,101.612468,Daerah: Selangor<br>No:171<br>Hex coord:(59;9),Hulu Selangor. Selangor. Malaysia,0,0,0,0,0,0,1,2023-03-10T18:42:04.3824842Z,0
3.7306498,101.6260025,Daerah: Selangor<br>No:172<br>Hex coord:(60;9),Hulu Selangor. Selangor. Malaysia,0,0,0,0,0,0,1,2023-03-10T18:42:05.0654713Z,0
3.7228698,101.639537,Daerah: Selangor<br>No:173<br>Hex coord:(61;9),Hulu Selangor. Selangor. Malaysia,0,0,0,0,0,0,1,2023-03-10T18:42:05.7177088Z,0
3.7306498,101.6530714,Daerah: Selangor<br>No:174<br>Hex coord:(62;9),Hulu Selangor. Selangor. Malaysia,0,0,0,0,0,0,1,2023-03-10T18:42:06.4077574Z,0
3.7228698,101.6666059,Daerah: Selangor<br>No:175<br>Hex coord:(63;9),Hulu Selangor. Selangor. Malaysia,0,0,0,0,0,0,1,2023-03-10T18:42:07.0885404Z,0
3.7150898,100.9222098,Daerah: Selangor<br>No:176<br>Hex coord:(8;10),Bagan Sungai Pulai. Selangor. Malaysia,0,0,0,0,0,1,1,2023-03-10T18:42:07.7731573Z,0
3.7073098,100.9357443,Daerah: Selangor<br>No:177<br>Hex coord:(9;10),Sabak Bernam. Bagan Sungai Burung. Selangor. Malaysia,0,0,0,0,0,0,1,2023-03-10T18:42:08.4668490Z,0
3.7150898,100.9492787,Daerah: Selangor<br>No:178<br>Hex coord:(10;10),Panchang Bedena. 45300. Selangor. Malaysia,0,0,0,0,0,0,1,2023-03-10T18:42:09.1766705Z,0
3.7073098,100.9628132,Daerah: Selangor<br>No:179<br>Hex coord:(11;10),Jalan Surau Suluk. Sungai Besar. Selangor. Malaysia,0,0,0,0,0,0,1,2023-03-10T18:42:09.8522914Z,0
3.7150898,100.9763477,Daerah: Selangor<br>No:180<br>Hex coord:(12;10),Ladang Lingam. Sobak Bernam. Sabak Bernam. Malaysia,0,0,0,0,0,0,1,2023-03-10T18:42:10.5778555Z,0
3.7073098,100.9898822,Daerah: Selangor<br>No:181<br>Hex coord:(13;10),Parit Enam. 45300. Selangor. Malaysia,0,0,0,0,0,0,1,2023-03-10T18:42:11.2462713Z,0
3.7150898,101.0034166,Daerah: Selangor<br>No:182<br>Hex coord:(14;10),Sekolah Kebangsaan Parit Enam. Sungai Besar. Sabak Bernam. Malaysia,0,0,0,0,0,0,1,2023-03-10T18:42:11.9529847Z,0
3.7073098,101.0169511,Daerah: Selangor<br>No:183<br>Hex coord:(15;10),Parit Enam. 45300. Selangor. Malaysia,0,0,0,0,0,0,1,2023-03-10T18:42:12.6240688Z,0
3.7150898,101.0304856,Daerah: Selangor<br>No:184<br>Hex coord:(16;10),Kampung Permatang. Selangor. Malaysia,0,0,0,0,0,0,1,2023-03-10T18:42:13.3258014Z,0
3.7073098,101.0440201,Daerah: Selangor<br>No:185<br>Hex coord:(17;10),Kampung Permatang. Selangor. Malaysia,1,0,0,0,0,0,1,2023-03-10T18:42:13.9878836Z,0
3.7150898,101.0575545,Daerah: Selangor<br>No:186<br>Hex coord:(18;10),Jalan Sabak Bernam - Hulu Selangor. Kampung Permatang. Selangor. Malaysia,0,0,0,0,0,0,1,2023-03-10T18:42:14.6800085Z,0
3.7073098,101.071089,Daerah: Selangor<br>No:187<br>Hex coord:(19;10),Kampung Permatang. Selangor. Malaysia,0,0,0,0,0,0,1,2023-03-10T18:42:15.3385201Z,0
3.7150898,101.0846235,Daerah: Selangor<br>No:188<br>Hex coord:(20;10),Parit Tiga Belas. Sabak Bernam. Malaysia,1,0,0,0,0,0,1,2023-03-10T18:42:16.0331141Z,0
3.7073098,101.098158,Daerah: Selangor<br>No:189<br>Hex coord:(21;10),Kampung Binjai Patah. Selangor. Malaysia,0,0,0,0,0,0,1,2023-03-10T18:42:16.6895149Z,0
3.7150898,101.1116924,Daerah: Selangor<br>No:190<br>Hex coord:(22;10),Kampung Binjai Patah. Selangor. Malaysia,0,0,0,0,0,0,1,2023-03-10T18:42:17.4037868Z,0
3.7073098,101.1252269,Daerah: Selangor<br>No:191<br>Hex coord:(23;10),Kampung Binjai Patah. Selangor. Malaysia,0,0,0,0,0,0,1,2023-03-10T18:42:18.0713586Z,0
3.7150898,101.1387614,Daerah: Selangor<br>No:192<br>Hex coord:(24;10),Kampung Belia Satu. Selangor. Malaysia,0,0,0,0,0,0,1,2023-03-10T18:42:18.7707034Z,0
3.7073098,101.1522959,Daerah: Selangor<br>No:193<br>Hex coord:(25;10),Rizab Melayu Sungai Panjang. Sabak Bernam. Malaysia,0,0,0,0,0,0,1,2023-03-10T18:42:19.4314036Z,0
3.7150898,101.1658303,Daerah: Selangor<br>No:194<br>Hex coord:(26;10),Telok Mahang. Sabak Bernam. Malaysia,0,0,0,0,0,0,1,2023-03-10T18:42:20.1192264Z,0
3.7073098,101.1793648,Daerah: Selangor<br>No:195<br>Hex coord:(27;10),Tanjung Merbau Berdarah. Sabak Bernam. Malaysia,0,0,0,0,0,0,1,2023-03-10T18:42:20.7850539Z,0
3.7150898,101.1928993,Daerah: Selangor<br>No:196<br>Hex coord:(28;10),Kampung Belia Dua. Selangor. Malaysia,0,0,0,0,0,0,1,2023-03-10T18:42:21.4690082Z,0
3.7073098,101.2064338,Daerah: Selangor<br>No:197<br>Hex coord:(29;10),Kampung Belia Dua. Selangor. Malaysia,0,0,0,0,0,0,1,2023-03-10T18:42:22.1383679Z,0
3.7073098,101.2335027,Daerah: Selangor<br>No:198<br>Hex coord:(31;10),Sabak Bernam. Selangor. Malaysia,0,0,0,0,0,0,1,2023-03-10T18:42:22.8209006Z,0
3.7150898,101.2470372,Daerah: Selangor<br>No:199<br>Hex coord:(32;10),Sabak Bernam. Selangor. Malaysia,0,0,0,0,0,0,1,2023-03-10T18:42:23.4769089Z,0
3.7150898,101.355313,Daerah: Selangor<br>No:200<br>Hex coord:(40;10),Hulu Selangor. 44020 FELDA Gedangsa. Selangor. Malaysia,0,0,0,0,0,0,1,2023-03-10T18:42:24.1717562Z,0
3.7073098,101.3688475,Daerah: Selangor<br>No:201<br>Hex coord:(41;10),Jalan Sabak Bernam - Hulu Selangor. Hulu Selangor. 44020. Selangor. Malaysia,0,0,0,0,0,0,1,2023-03-10T18:42:24.8316500Z,0
3.7150898,101.3823819,Daerah: Selangor<br>No:202<br>Hex coord:(42;10),Sungai Gedangsa. Ulu Selangor. Malaysia,0,0,0,0,0,0,1,2023-03-10T18:42:25.5280657Z,0
3.7073098,101.3959164,Daerah: Selangor<br>No:203<br>Hex coord:(43;10),Hulu Selangor. 44020 FELDA Soeharto. Selangor. Malaysia,0,0,0,0,0,0,1,2023-03-10T18:42:26.1845105Z,0
3.7150898,101.4094509,Daerah: Selangor<br>No:204<br>Hex coord:(44;10),Kampung Gesir Tengah. 44020. Selangor. Malaysia,0,0,0,0,0,0,1,2023-03-10T18:42:26.8730319Z,0
3.7073098,101.4229854,Daerah: Selangor<br>No:205<br>Hex coord:(45;10),Kampung Gesir Tengah. 44020. Selangor. Malaysia,0,0,0,0,0,0,1,2023-03-10T18:42:27.5304475Z,0
3.7150898,101.4365198,Daerah: Selangor<br>No:206<br>Hex coord:(46;10),Kampung Gesir Tengah. 44020. Selangor. Malaysia,0,0,0,0,0,0,1,2023-03-10T18:42:28.2163663Z,0
3.7073098,101.4500543,Daerah: Selangor<br>No:207<br>Hex coord:(47;10),Hulu Selangor. Selangor. Malaysia,0,0,0,0,0,0,1,2023-03-10T18:42:28.8753023Z,0
3.7150898,101.5718646,Daerah: Selangor<br>No:208<br>Hex coord:(56;10),Hulu Selangor. Selangor. Malaysia,0,0,0,0,0,0,1,2023-03-10T18:42:29.5768842Z,0
3.7073098,101.5853991,Daerah: Selangor<br>No:209<br>Hex coord:(57;10),Hulu Selangor. Selangor. Malaysia,0,0,0,0,0,0,1,2023-03-10T18:42:30.2482524Z,0
3.7150898,101.5989335,Daerah: Selangor<br>No:210<br>Hex coord:(58;10),Hulu Selangor. Selangor. Malaysia,0,0,0,0,0,0,1,2023-03-10T18:42:30.9355145Z,0
3.7073098,101.612468,Daerah: Selangor<br>No:211<br>Hex coord:(59;10),Hulu Selangor. Selangor. Malaysia,0,0,0,0,0,0,1,2023-03-10T18:42:31.5956130Z,0
3.7150898,101.6260025,Daerah: Selangor<br>No:212<br>Hex coord:(60;10),Hulu Selangor. Selangor. Malaysia,0,0,0,0,0,0,1,2023-03-10T18:42:32.2882253Z,0
3.7073098,101.639537,Daerah: Selangor<br>No:213<br>Hex coord:(61;10),Hulu Selangor. Selangor. Malaysia,0,0,0,0,0,0,1,2023-03-10T18:42:32.9538997Z,0
3.7150898,101.6530714,Daerah: Selangor<br>No:214<br>Hex coord:(62;10),Hulu Selangor. Selangor. Malaysia,0,0,0,0,0,0,1,2023-03-10T18:42:33.6425036Z,0
3.7073098,101.6666059,Daerah: Selangor<br>No:215<br>Hex coord:(63;10),Hulu Selangor. Selangor. Malaysia,0,0,0,0,0,0,1,2023-03-10T18:42:34.2919742Z,0
3.7150898,101.6801404,Daerah: Selangor<br>No:216<br>Hex coord:(64;10),Hulu Selangor. Selangor. Malaysia,0,0,0,0,0,0,1,2023-03-10T18:42:34.9856390Z,0
3.7073098,101.6936749,Daerah: Selangor<br>No:217<br>Hex coord:(65;10),Twin Peak. Fraser Hill. Raub. Malaysia,0,0,0,0,0,0,1,2023-03-10T18:42:35.6454927Z,0
3.7073098,101.7207438,Daerah: Selangor<br>No:218<br>Hex coord:(67;10),Pine Tree Trail. Raub. Selangor. Malaysia,0,0,0,0,0,0,1,2023-03-10T18:42:36.3313867Z,0
3.6917498,100.9357443,Daerah: Selangor<br>No:219<br>Hex coord:(9;11),Panchang Bedena. Selangor. Malaysia,0,0,0,0,0,0,1,2023-03-10T18:42:36.9834862Z,0
3.6995298,100.9492787,Daerah: Selangor<br>No:220<br>Hex coord:(10;11),Panchang Bedena. 45300. Selangor. Malaysia,0,0,0,0,0,0,1,2023-03-10T18:42:37.6910056Z,1
3.6917498,100.9628132,Daerah: Selangor<br>No:221<br>Hex coord:(11;11),Jalan Haji Muhammad. Taman Cahaya. 45300. Selangor. Malaysia,0,0,0,0,0,0,1,2023-03-10T18:42:38.3642969Z,0
3.6995298,100.9763477,Daerah: Selangor<br>No:222<br>Hex coord:(12;11),Taman Melati. 45300. Selangor. Malaysia,0,0,0,0,0,0,1,2023-03-10T18:42:39.0753431Z,0
3.6917498,100.9898822,Daerah: Selangor<br>No:223<br>Hex coord:(13;11),Taman Melati. 45300. Selangor. Malaysia,0,0,0,0,0,0,1,2023-03-10T18:42:39.7514615Z,0
3.6995298,101.0034166,Daerah: Selangor<br>No:224<br>Hex coord:(14;11),Parit Empat Barat. Sungai Besar. Sabak Bernam. Malaysia,0,0,0,0,0,0,1,2023-03-10T18:42:40.4517968Z,0
3.6917498,101.0169511,Daerah: Selangor<br>No:225<br>Hex coord:(15;11),Ban. Sungai Besar. Selangor. Malaysia,0,0,0,0,0,0,1,2023-03-10T18:42:41.1363401Z,0
3.6995298,101.0304856,Daerah: Selangor<br>No:226<br>Hex coord:(16;11),Kampung Permatang Tanah Gambut. 45300. Selangor. Malaysia,0,0,0,0,0,0,1,2023-03-10T18:42:41.8327152Z,0
3.6917498,101.0440201,Daerah: Selangor<br>No:227<br>Hex coord:(17;11),Kampung Permatang Tanah Gambut. Selangor. Malaysia,0,0,0,0,0,0,1,2023-03-10T18:42:42.4970082Z,0
3.6995298,101.0575545,Daerah: Selangor<br>No:228<br>Hex coord:(18;11),Kampung Permatang. Selangor. Malaysia,0,0,0,0,0,0,1,2023-03-10T18:42:43.1960115Z,0
3.6917498,101.071089,Daerah: Selangor<br>No:229<br>Hex coord:(19;11),Parit Sembilan Sungai Panjang. Sabak Bernam. Malaysia,0,0,0,0,0,0,1,2023-03-10T18:42:43.8617396Z,0
3.6995298,101.0846235,Daerah: Selangor<br>No:230<br>Hex coord:(20;11),Parit Sebelas Sungai Panjang. Sabak Bernam. Malaysia,0,0,0,0,0,0,1,2023-03-10T18:42:44.5469987Z,0
3.6917498,101.098158,Daerah: Selangor<br>No:231<br>Hex coord:(21;11),Sabak Bernam. Malaysia,0,0,0,0,0,0,1,2023-03-10T18:42:45.2114847Z,0
3.6995298,101.1116924,Daerah: Selangor<br>No:232<br>Hex coord:(22;11),Kampung Binjai Patah. Selangor. Malaysia,0,0,0,0,0,0,1,2023-03-10T18:42:45.9083649Z,0
3.6917498,101.1252269,Daerah: Selangor<br>No:233<br>Hex coord:(23;11),Sabak Bernam. Merbau Berdarah. Selangor. Malaysia,0,0,0,0,0,0,1,2023-03-10T18:42:46.5632856Z,0
3.6995298,101.1387614,Daerah: Selangor<br>No:234<br>Hex coord:(24;11),Sabak Bernam. Merbau Berdarah. Selangor. Malaysia,0,0,0,0,0,0,1,2023-03-10T18:42:47.2631106Z,0
3.6917498,101.1522959,Daerah: Selangor<br>No:235<br>Hex coord:(25;11),Sabak Bernam. Merbau Berdarah. Selangor. Malaysia,0,0,0,0,0,0,1,2023-03-10T18:42:47.9250926Z,0
3.6995298,101.1658303,Daerah: Selangor<br>No:236<br>Hex coord:(26;11),Sabak Bernam. Selangor. Malaysia,0,0,0,0,0,0,1,2023-03-10T18:42:48.6125897Z,0
3.6917498,101.1793648,Daerah: Selangor<br>No:237<br>Hex coord:(27;11),Kampung Belia Dua. Selangor. Malaysia,0,0,0,0,0,0,1,2023-03-10T18:42:49.2607911Z,0
3.6995298,101.1928993,Daerah: Selangor<br>No:238<br>Hex coord:(28;11),Kampung Belia Dua. Selangor. Malaysia,0,0,0,0,0,0,1,2023-03-10T18:42:49.9469947Z,0
3.6917498,101.2064338,Daerah: Selangor<br>No:239<br>Hex coord:(29;11),Kampung Belia Dua. Selangor. Malaysia,0,0,0,0,0,0,1,2023-03-10T18:42:50.6128258Z,0
3.6995298,101.2199682,Daerah: Selangor<br>No:240<br>Hex coord:(30;11),Jalan Sabak Bernam - Hulu Selangor. Kampung Belia Dua. Selangor. Malaysia,0,0,0,0,0,0,1,2023-03-10T18:42:51.3087351Z,0
3.6917498,101.2335027,Daerah: Selangor<br>No:241<br>Hex coord:(31;11),Jalan Sabak Bernam - Hulu Selangor. Kampung Belia Dua. 44020. Selangor. Malaysia,0,0,0,0,0,0,1,2023-03-10T18:42:51.9809919Z,0
3.6917498,101.3417785,Daerah: Selangor<br>No:242<br>Hex coord:(39;11),Jalan Sabak Bernam - Hulu Selangor. Sabak Bernam. 44020. Selangor. Malaysia,0,0,0,0,0,0,1,2023-03-10T18:42:52.6937107Z,0
3.6995298,101.355313,Daerah: Selangor<br>No:243<br>Hex coord:(40;11),Jalan Sabak Bernam - Hulu Selangor. Sabak Bernam. 44020. Selangor. Malaysia,0,0,0,0,0,0,1,2023-03-10T18:42:53.3546506Z,0
3.6917498,101.3688475,Daerah: Selangor<br>No:244<br>Hex coord:(41;11),Hulu Selangor. 44020 FELDA Soeharto. Selangor. Malaysia,0,0,0,0,0,0,1,2023-03-10T18:42:54.0487949Z,0
3.6995298,101.3823819,Daerah: Selangor<br>No:245<br>Hex coord:(42;11),Hulu Selangor. 44020 FELDA Soeharto. Selangor. Malaysia,0,0,0,0,0,0,1,2023-03-10T18:42:54.7037905Z,0
3.6917498,101.3959164,Daerah: Selangor<br>No:246<br>Hex coord:(43;11),Hulu Selangor. 44020 FELDA Soeharto. Selangor. Malaysia,0,0,0,0,0,0,1,2023-03-10T18:42:55.4011728Z,0
3.6995298,101.4094509,Daerah: Selangor<br>No:247<br>Hex coord:(44;11),Hulu Selangor. 44020 FELDA Soeharto. Selangor. Malaysia,0,0,0,0,0,0,1,2023-03-10T18:42:56.0689013Z,0
3.6917498,101.4229854,Daerah: Selangor<br>No:248<br>Hex coord:(45;11),Hulu Selangor. 44020 FELDA Soeharto. Selangor. Malaysia,0,0,0,0,0,0,1,2023-03-10T18:42:56.7539678Z,0
3.6995298,101.4365198,Daerah: Selangor<br>No:249<br>Hex coord:(46;11),Hulu Selangor. 44020. Selangor. Malaysia,0,0,0,0,0,0,1,2023-03-10T18:42:57.4151142Z,0
3.6917498,101.4500543,Daerah: Selangor<br>No:250<br>Hex coord:(47;11),Hulu Selangor. Selangor. Malaysia,0,0,0,0,0,0,1,2023-03-10T18:42:58.1240891Z,0
3.6995298,101.4635888,Daerah: Selangor<br>No:251<br>Hex coord:(48;11),Hulu Selangor. Selangor. Malaysia,0,0,0,0,0,0,1,2023-03-10T18:42:58.7951478Z,0
3.6917498,101.4771233,Daerah: Selangor<br>No:252<br>Hex coord:(49;11),Hulu Selangor. Selangor. Malaysia,0,0,0,0,0,0,1,2023-03-10T18:42:59.4901173Z,0
3.6917498,101.5041922,Daerah: Selangor<br>No:253<br>Hex coord:(51;11),Ladang Katoyang. 3590. Perak. Malaysia,0,0,0,0,0,1,1,2023-03-10T18:43:00.1750452Z,1
3.6917498,101.5583301,Daerah: Selangor<br>No:254<br>Hex coord:(55;11),Hulu Selangor. Selangor. Malaysia,0,0,0,0,0,1,1,2023-03-10T18:43:00.8734974Z,0
3.6995298,101.5718646,Daerah: Selangor<br>No:255<br>Hex coord:(56;11),Hulu Selangor. Selangor. Malaysia,0,0,0,0,0,0,1,2023-03-10T18:43:01.5319830Z,0
3.6917498,101.5853991,Daerah: Selangor<br>No:256<br>Hex coord:(57;11),Hulu Selangor. Selangor. Malaysia,0,0,0,0,0,0,1,2023-03-10T18:43:02.2311141Z,0
3.6995298,101.5989335,Daerah: Selangor<br>No:257<br>Hex coord:(58;11),Hulu Selangor. Selangor. Malaysia,0,0,0,0,0,0,1,2023-03-10T18:43:02.8924584Z,0
3.6917498,101.612468,Daerah: Selangor<br>No:258<br>Hex coord:(59;11),Hulu Selangor. Selangor. Malaysia,0,0,0,0,0,0,1,2023-03-10T18:43:03.5737633Z,0
3.6995298,101.6260025,Daerah: Selangor<br>No:259<br>Hex coord:(60;11),Hulu Selangor. Selangor. Malaysia,0,0,0,0,0,0,1,2023-03-10T18:43:04.2365137Z,0
3.6917498,101.639537,Daerah: Selangor<br>No:260<br>Hex coord:(61;11),Hulu Selangor. Selangor. Malaysia,0,0,0,0,0,0,1,2023-03-10T18:43:04.9335086Z,0
3.6995298,101.6530714,Daerah: Selangor<br>No:261<br>Hex coord:(62;11),Hulu Selangor. Selangor. Malaysia,0,0,0,0,0,0,1,2023-03-10T18:43:05.6018013Z,0
3.6917498,101.6666059,Daerah: Selangor<br>No:262<br>Hex coord:(63;11),Hulu Selangor. Selangor. Malaysia,0,0,0,0,0,0,1,2023-03-10T18:43:06.2940169Z,0
3.6995298,101.6801404,Daerah: Selangor<br>No:263<br>Hex coord:(64;11),Hulu Selangor. Selangor. Malaysia,0,0,0,0,0,0,1,2023-03-10T18:43:06.9361882Z,0
3.6917498,101.6936749,Daerah: Selangor<br>No:264<br>Hex coord:(65;11),Hulu Selangor. Selangor. Malaysia,0,0,0,0,0,0,1,2023-03-10T18:43:07.6200293Z,0
3.6995298,101.7072093,Daerah: Selangor<br>No:265<br>Hex coord:(66;11),Hulu Selangor. Selangor. Malaysia,0,0,0,0,0,0,1,2023-03-10T18:43:08.2800964Z,0
3.6917498,101.7207438,Daerah: Selangor<br>No:266<br>Hex coord:(67;11),Hulu Selangor. Selangor. Malaysia,0,0,0,0,0,0,1,2023-03-10T18:43:08.9617467Z,0
3.6995298,101.7342783,Daerah: Selangor<br>No:267<br>Hex coord:(68;11),Jalan Gap - Bukit Fraser. Simpang Gap. Bukit Fraser. Pahang. Malaysia,0,0,0,0,0,0,1,2023-03-10T18:43:09.6209389Z,0
3.6917498,101.7478128,Daerah: Selangor<br>No:268<br>Hex coord:(69;11),Jalan Kuala Kubu Bharu – Teranum – Raub. Bukit Fraser. Pahang. Malaysia,0,0,0,0,0,0,1,2023-03-10T18:43:10.3093997Z,0
3.6839698,100.9492787,Daerah: Selangor<br>No:269<br>Hex coord:(10;12),Sungai Haji Abdul Rahim,0,0,0,0,0,0,1,2023-03-10T18:43:10.9945040Z,0
3.6761898,100.9628132,Daerah: Selangor<br>No:270<br>Hex coord:(11;12),Sungai Panchang Bedena,0,0,0,0,0,0,1,2023-03-10T18:43:11.7070537Z,0
3.6839698,100.9763477,Daerah: Selangor<br>No:271<br>Hex coord:(12;12),35 C Batu 6 1/2 Sungai Lias Jalan Kuala Selangor - Teluk Intan. 45300 Sungai Besar. Selangor. Malaysia,2,0,0,0,0,0,1,2023-03-10T18:43:12.3921823Z,0
3.6761898,100.9898822,Daerah: Selangor<br>No:272<br>Hex coord:(13;12),Jabatan Kerja Raya. Jalan Dewan. Taman Melati. 45300 Sungai Besar. Selangor. Malaysia,1,0,0,0,0,0,1,2023-03-10T18:43:13.1129211Z,0
3.6839698,101.0034166,Daerah: Selangor<br>No:273<br>Hex coord:(14;12),Taman Melati. 45300. Selangor. Malaysia,0,0,0,0,0,0,1,2023-03-10T18:43:13.7900393Z,0
3.6761898,101.0169511,Daerah: Selangor<br>No:274<br>Hex coord:(15;12),Kampung Sungai Che Lias. 45300. Selangor. Malaysia,0,0,0,0,0,0,1,2023-03-10T18:43:14.4989858Z,0
3.6839698,101.0304856,Daerah: Selangor<br>No:275<br>Hex coord:(16;12),Jalan Sabak Bernam - Hulu Selangor. Kampung Permatang Tanah Gambut. 45300. Selangor. Malaysia,0,0,0,0,0,0,1,2023-03-10T18:43:15.1759091Z,0
3.6761898,101.0440201,Daerah: Selangor<br>No:276<br>Hex coord:(17;12),Kamping Parit Empat Sungai Haji Durani. 45300. Selangor. Malaysia,0,0,0,0,0,0,1,2023-03-10T18:43:15.8780563Z,0
3.6839698,101.0575545,Daerah: Selangor<br>No:277<br>Hex coord:(18;12),Parit Tujuh Gambut. Sabak Bernam. Malaysia,0,0,0,0,0,0,1,2023-03-10T18:43:16.5492633Z,0
3.6761898,101.071089,Daerah: Selangor<br>No:278<br>Hex coord:(19;12),Sabak Bernam. Selangor. Malaysia,0,0,0,0,0,0,1,2023-03-10T18:43:17.2554958Z,0
3.6839698,101.0846235,Daerah: Selangor<br>No:279<br>Hex coord:(20;12),Sabak Bernam. Selangor. Malaysia,0,0,0,0,0,0,1,2023-03-10T18:43:17.9164884Z,0
3.6761898,101.098158,Daerah: Selangor<br>No:280<br>Hex coord:(21;12),Sabak Bernam. Selangor. Malaysia,0,0,0,0,0,0,1,2023-03-10T18:43:18.6044533Z,0
3.6839698,101.1116924,Daerah: Selangor<br>No:281<br>Hex coord:(22;12),Sabak Bernam. Malaysia,0,0,0,0,0,0,1,2023-03-10T18:43:19.2688663Z,0
3.6761898,101.1252269,Daerah: Selangor<br>No:282<br>Hex coord:(23;12),Sabak Bernam. Malaysia,0,0,0,0,0,0,1,2023-03-10T18:43:19.9646292Z,0
3.6839698,101.1387614,Daerah: Selangor<br>No:283<br>Hex coord:(24;12),Sabak Bernam. Merbau Berdarah. Selangor. Malaysia,0,0,0,0,0,0,1,2023-03-10T18:43:20.6267735Z,0
3.6761898,101.1522959,Daerah: Selangor<br>No:284<br>Hex coord:(25;12),Sabak Bernam. Selangor. Malaysia,0,0,0,0,0,0,1,2023-03-10T18:43:21.3048145Z,0
3.6839698,101.1658303,Daerah: Selangor<br>No:285<br>Hex coord:(26;12),Sabak Bernam. Selangor. Malaysia,0,0,0,0,0,0,1,2023-03-10T18:43:21.9732174Z,0
3.6761898,101.1793648,Daerah: Selangor<br>No:286<br>Hex coord:(27;12),Sabak Bernam. Selangor. Malaysia,0,0,0,0,0,0,1,2023-03-10T18:43:22.7469364Z,0
3.6839698,101.1928993,Daerah: Selangor<br>No:287<br>Hex coord:(28;12),Sabak Bernam. Selangor. Malaysia,0,0,0,0,0,0,1,2023-03-10T18:43:23.4073831Z,0
3.6761898,101.2064338,Daerah: Selangor<br>No:288<br>Hex coord:(29;12),Sabak Bernam. Selangor. Malaysia,0,0,0,0,0,0,1,2023-03-10T18:43:24.1008031Z,0
3.6839698,101.2199682,Daerah: Selangor<br>No:289<br>Hex coord:(30;12),Sabak Bernam. Selangor. Malaysia,0,0,0,0,0,0,1,2023-03-10T18:43:24.7603520Z,0
3.6761898,101.2335027,Daerah: Selangor<br>No:290<br>Hex coord:(31;12),Sabak Bernam. Selangor. Malaysia,0,0,0,0,0,0,1,2023-03-10T18:43:25.4408303Z,0
3.6761898,101.3147096,Daerah: Selangor<br>No:291<br>Hex coord:(37;12),Sabak Bernam. Selangor. Malaysia,0,0,0,0,0,0,1,2023-03-10T18:43:26.0990712Z,0
3.6839698,101.328244,Daerah: Selangor<br>No:292<br>Hex coord:(38;12),Sabak Bernam. Selangor. Malaysia,0,0,0,0,0,0,1,2023-03-10T18:43:26.7906035Z,0
3.6761898,101.3417785,Daerah: Selangor<br>No:293<br>Hex coord:(39;12),Jalan Sabak Bernam - Hulu Selangor. Kampung Belia Dua. 44020. Selangor. Malaysia,0,0,0,0,0,0,1,2023-03-10T18:43:27.4427140Z,0
3.6839698,101.355313,Daerah: Selangor<br>No:294<br>Hex coord:(40;12),Hulu Selangor. 44020 FELDA Soeharto. Selangor. Malaysia,0,0,0,0,0,0,1,2023-03-10T18:43:28.1287938Z,0
3.6761898,101.3688475,Daerah: Selangor<br>No:295<br>Hex coord:(41;12),Hulu Selangor. 44020 FELDA Soeharto. Selangor. Malaysia,0,0,0,0,0,0,1,2023-03-10T18:43:28.7965953Z,0
3.6839698,101.3823819,Daerah: Selangor<br>No:296<br>Hex coord:(42;12),Jalan Sungai Tengi. Hulu Selangor. 44020. Selangor. Malaysia,0,0,0,0,0,0,1,2023-03-10T18:43:29.4842022Z,0
3.6761898,101.3959164,Daerah: Selangor<br>No:297<br>Hex coord:(43;12),ABC & Cendol. Jalan Sungai Tengi. Hulu Selangor. 44020. Selangor. Malaysia,0,0,0,0,0,0,1,2023-03-10T18:43:30.1426672Z,0
3.6839698,101.4094509,Daerah: Selangor<br>No:298<br>Hex coord:(44;12),Hulu Selangor. 44020 FELDA Soeharto. Selangor. Malaysia,0,0,0,0,0,0,1,2023-03-10T18:43:30.8301744Z,0
3.6761898,101.4229854,Daerah: Selangor<br>No:299<br>Hex coord:(45;12),Hulu Selangor. 44020 FELDA Soeharto. Selangor. Malaysia,0,0,0,0,0,0,1,2023-03-10T18:43:31.4915741Z,0
3.6839698,101.4365198,Daerah: Selangor<br>No:300<br>Hex coord:(46;12),Hulu Selangor. Selangor. Malaysia,0,0,0,0,0,0,1,2023-03-10T18:43:32.1715091Z,0
3.6761898,101.4500543,Daerah: Selangor<br>No:301<br>Hex coord:(47;12),Hulu Selangor. Selangor. Malaysia,0,0,0,0,0,0,1,2023-03-10T18:43:32.8279641Z,0
3.6839698,101.4635888,Daerah: Selangor<br>No:302<br>Hex coord:(48;12),Hulu Selangor. 35900. Selangor. Malaysia,0,0,0,0,0,0,1,2023-03-10T18:43:33.5191756Z,0
3.6761898,101.4771233,Daerah: Selangor<br>No:303<br>Hex coord:(49;12),Jalan Sabak Bernam - Hulu Selangor. Kampung Sekolah. 3590. Selangor. Malaysia,0,0,0,0,0,0,1,2023-03-10T18:43:34.1854397Z,0
3.6839698,101.4906577,Daerah: Selangor<br>No:304<br>Hex coord:(50;12),Kampung Pinang. 3590. Selangor. Malaysia,0,0,0,0,0,1,1,2023-03-10T18:43:34.8911209Z,0
3.6761898,101.5041922,Daerah: Selangor<br>No:305<br>Hex coord:(51;12),Shell. Tanjung Malim. Perak. Malaysia,0,0,0,0,0,1,1,2023-03-10T18:43:35.5742469Z,0
3.6761898,101.5312612,Daerah: Selangor<br>No:306<br>Hex coord:(53;12),Sahara Hotel Tanjung Malim. Tanjung Malim. Batang Padang. Malaysia,0,0,0,0,0,1,1,2023-03-10T18:43:36.2858736Z,1
3.6839698,101.5447956,Daerah: Selangor<br>No:307<br>Hex coord:(54;12),Taman Hulu Bernam. 3590. Selangor. Malaysia,0,0,0,0,0,1,1,2023-03-10T18:43:36.9720672Z,0
3.6761898,101.5583301,Daerah: Selangor<br>No:308<br>Hex coord:(55;12),Ladang Escot. Ulu Selangor. Malaysia,0,0,0,0,0,1,1,2023-03-10T18:43:37.6825459Z,0
3.6839698,101.5718646,Daerah: Selangor<br>No:309<br>Hex coord:(56;12),Hulu Selangor. Selangor. Malaysia,0,0,0,0,0,1,1,2023-03-10T18:43:38.3510505Z,0
3.6761898,101.5853991,Daerah: Selangor<br>No:310<br>Hex coord:(57;12),Hulu Selangor. Selangor. Malaysia,0,0,0,0,0,0,1,2023-03-10T18:43:39.0514336Z,0
3.6839698,101.5989335,Daerah: Selangor<br>No:311<br>Hex coord:(58;12),Hulu Selangor. Selangor. Malaysia,0,0,0,0,0,0,1,2023-03-10T18:43:39.7213775Z,0
3.6761898,101.612468,Daerah: Selangor<br>No:312<br>Hex coord:(59;12),Hulu Selangor. Selangor. Malaysia,0,0,0,0,0,0,1,2023-03-10T18:43:40.4160082Z,0
3.6839698,101.6260025,Daerah: Selangor<br>No:313<br>Hex coord:(60;12),Hulu Selangor. Selangor. Malaysia,0,0,0,0,0,0,1,2023-03-10T18:43:41.0681983Z,0
3.6761898,101.639537,Daerah: Selangor<br>No:314<br>Hex coord:(61;12),Hulu Selangor. Selangor. Malaysia,0,0,0,0,0,0,1,2023-03-10T18:43:41.7529059Z,0
3.6839698,101.6530714,Daerah: Selangor<br>No:315<br>Hex coord:(62;12),Hulu Selangor. Selangor. Malaysia,0,0,0,0,0,0,1,2023-03-10T18:43:42.4065583Z,0
3.6761898,101.6666059,Daerah: Selangor<br>No:316<br>Hex coord:(63;12),Hulu Selangor. Selangor. Malaysia,0,0,0,0,0,0,1,2023-03-10T18:43:43.1109009Z,0
3.6839698,101.6801404,Daerah: Selangor<br>No:317<br>Hex coord:(64;12),Hulu Selangor. Selangor. Malaysia,0,0,0,0,0,0,1,2023-03-10T18:43:43.7604732Z,0
3.6761898,101.6936749,Daerah: Selangor<br>No:318<br>Hex coord:(65;12),Hulu Selangor. Selangor. Malaysia,0,0,0,0,0,0,1,2023-03-10T18:43:44.4507686Z,0
3.6839698,101.7072093,Daerah: Selangor<br>No:319<br>Hex coord:(66;12),Hulu Selangor. Selangor. Malaysia,0,0,0,0,0,0,1,2023-03-10T18:43:45.1068142Z,0
3.6761898,101.7207438,Daerah: Selangor<br>No:320<br>Hex coord:(67;12),Hulu Selangor. Selangor. Malaysia,0,0,0,0,0,0,1,2023-03-10T18:43:45.7941757Z,0
3.6839698,101.7342783,Daerah: Selangor<br>No:321<br>Hex coord:(68;12),Simpang Gap. Selangor. Malaysia,0,0,0,0,0,0,1,2023-03-10T18:43:46.4653249Z,0
3.6761898,101.7478128,Daerah: Selangor<br>No:322<br>Hex coord:(69;12),Sungai Selangor. Ulu Selangor. Malaysia,0,0,0,0,0,0,1,2023-03-10T18:43:47.1522197Z,0
3.6606298,100.9898822,Daerah: Selangor<br>No:323<br>Hex coord:(13;13),Jalan Stadium. Sungai Besar. Selangor. Malaysia,1,0,0,0,0,0,1,2023-03-10T18:43:47.8326158Z,0
3.6684098,101.0034166,Daerah: Selangor<br>No:324<br>Hex coord:(14;13),Surau Irsyadiah. Sungai Besar. Selangor. Malaysia,0,0,0,0,0,0,1,2023-03-10T18:43:48.5338439Z,1
3.6606298,101.0169511,Daerah: Selangor<br>No:325<br>Hex coord:(15;13),Parit Satu Timur. Sungai Besar. Sabak Bernam. Malaysia,0,0,0,0,0,0,1,2023-03-10T18:43:49.2000069Z,0
3.6684098,101.0304856,Daerah: Selangor<br>No:326<br>Hex coord:(16;13),Tali Air Besar Penakong. Sungai Besar. Sabak Bernam. Malaysia,0,0,0,0,0,0,1,2023-03-10T18:43:49.8974736Z,0
3.6606298,101.0440201,Daerah: Selangor<br>No:327<br>Hex coord:(17;13),Kamping Parit Empat Sungai Haji Durani. Selangor. Malaysia,0,0,0,0,0,1,1,2023-03-10T18:43:50.5631390Z,0
3.6684098,101.0575545,Daerah: Selangor<br>No:328<br>Hex coord:(18;13),Parit Enam Gambut. Sabak Bernam. Malaysia,0,0,0,0,0,1,1,2023-03-10T18:43:51.2541509Z,0
3.6606298,101.071089,Daerah: Selangor<br>No:329<br>Hex coord:(19;13),Sabak Bernam. Malaysia,0,0,0,0,0,1,1,2023-03-10T18:43:51.9107029Z,0
3.6684098,101.0846235,Daerah: Selangor<br>No:330<br>Hex coord:(20;13),Sabak Bernam. Selangor. Malaysia,0,0,0,0,0,0,1,2023-03-10T18:43:52.5998841Z,0
3.6606298,101.098158,Daerah: Selangor<br>No:331<br>Hex coord:(21;13),Sabak Bernam. Selangor. Malaysia,0,0,0,0,0,0,1,2023-03-10T18:43:53.2572232Z,0
3.6684098,101.1116924,Daerah: Selangor<br>No:332<br>Hex coord:(22;13),Sabak Bernam. Selangor. Malaysia,0,0,0,0,0,0,1,2023-03-10T18:43:53.9433768Z,0
3.6606298,101.1252269,Daerah: Selangor<br>No:333<br>Hex coord:(23;13),Sabak Bernam. Selangor. Malaysia,0,0,0,0,0,0,1,2023-03-10T18:43:54.6061853Z,0
3.6684098,101.1387614,Daerah: Selangor<br>No:334<br>Hex coord:(24;13),Sabak Bernam. Selangor. Malaysia,0,0,0,0,0,0,1,2023-03-10T18:43:55.3010805Z,0
3.6606298,101.1522959,Daerah: Selangor<br>No:335<br>Hex coord:(25;13),Sabak Bernam. Selangor. Malaysia,0,0,0,0,0,0,1,2023-03-10T18:43:55.9584007Z,0
3.6684098,101.1658303,Daerah: Selangor<br>No:336<br>Hex coord:(26;13),Sabak Bernam. Selangor. Malaysia,0,0,0,0,0,0,1,2023-03-10T18:43:56.6491693Z,0
3.6606298,101.1793648,Daerah: Selangor<br>No:337<br>Hex coord:(27;13),Sabak Bernam. Selangor. Malaysia,0,0,0,0,0,0,1,2023-03-10T18:43:57.3150251Z,0
3.6684098,101.1928993,Daerah: Selangor<br>No:338<br>Hex coord:(28;13),Sabak Bernam. Selangor. Malaysia,0,0,0,0,0,0,1,2023-03-10T18:43:58.0008498Z,0
3.6606298,101.2064338,Daerah: Selangor<br>No:339<br>Hex coord:(29;13),Sabak Bernam. Selangor. Malaysia,0,0,0,0,0,0,1,2023-03-10T18:43:58.6497082Z,0
3.6684098,101.2199682,Daerah: Selangor<br>No:340<br>Hex coord:(30;13),Sabak Bernam. Selangor. Malaysia,0,0,0,0,0,0,1,2023-03-10T18:43:59.3269254Z,0
3.6606298,101.2335027,Daerah: Selangor<br>No:341<br>Hex coord:(31;13),Sabak Bernam. Selangor. Malaysia,0,0,0,0,0,0,1,2023-03-10T18:43:59.9790090Z,0
3.6684098,101.2470372,Daerah: Selangor<br>No:342<br>Hex coord:(32;13),Jalan Sabak Bernam - Hulu Selangor. Kampung Belia Dua. 44020. Selangor. Malaysia,0,0,0,0,0,0,1,2023-03-10T18:44:00.6630243Z,0
3.6606298,101.2605717,Daerah: Selangor<br>No:343<br>Hex coord:(33;13),Jalan Sabak Bernam - Hulu Selangor. Kampung Belia Dua. 44020. Selangor. Malaysia,0,0,0,0,0,0,1,2023-03-10T18:44:01.3293294Z,0
3.6684098,101.2741061,Daerah: Selangor<br>No:344<br>Hex coord:(34;13),Sabak Bernam. Selangor. Malaysia,0,0,0,0,0,0,1,2023-03-10T18:44:02.0156329Z,0
3.6606298,101.2876406,Daerah: Selangor<br>No:345<br>Hex coord:(35;13),Sabak Bernam. Selangor. Malaysia,0,0,0,0,0,0,1,2023-03-10T18:44:02.6678022Z,0
3.6684098,101.3011751,Daerah: Selangor<br>No:346<br>Hex coord:(36;13),Sabak Bernam. Selangor. Malaysia,0,0,0,0,0,0,1,2023-03-10T18:44:03.3513190Z,0
3.6606298,101.3147096,Daerah: Selangor<br>No:347<br>Hex coord:(37;13),Jalan Sabak Bernam - Hulu Selangor. Kampung Belia Dua. 44020. Selangor. Malaysia,0,0,0,0,0,0,1,2023-03-10T18:44:04.0096699Z,0
3.6684098,101.328244,Daerah: Selangor<br>No:348<br>Hex coord:(38;13),Jalan Sabak Bernam - Hulu Selangor. Kampung Belia Dua. 44020. Selangor. Malaysia,0,0,0,0,0,0,1,2023-03-10T18:44:04.7154635Z,0
3.6606298,101.3417785,Daerah: Selangor<br>No:349<br>Hex coord:(39;13),Sabak Bernam. Selangor. Malaysia,0,0,0,0,0,0,1,2023-03-10T18:44:05.3594408Z,0
3.6684098,101.355313,Daerah: Selangor<br>No:350<br>Hex coord:(40;13),Hulu Selangor. 44020 FELDA Soeharto. Selangor. Malaysia,0,0,0,0,0,0,1,2023-03-10T18:44:06.0618238Z,0
3.6606298,101.3688475,Daerah: Selangor<br>No:351<br>Hex coord:(41;13),Hulu Selangor. 44020 FELDA Soeharto. Selangor. Malaysia,0,0,0,0,0,0,1,2023-03-10T18:44:06.7116062Z,0
3.6684098,101.3823819,Daerah: Selangor<br>No:352<br>Hex coord:(42;13),Hulu Selangor. 44020 FELDA Soeharto. Selangor. Malaysia,0,0,0,0,0,0,1,2023-03-10T18:44:07.4088505Z,0
3.6606298,101.3959164,Daerah: Selangor<br>No:353<br>Hex coord:(43;13),Hulu Selangor. 44020 FELDA Soeharto. Selangor. Malaysia,0,0,0,0,0,0,1,2023-03-10T18:44:08.0671230Z,0
3.6684098,101.4094509,Daerah: Selangor<br>No:354<br>Hex coord:(44;13),Jalan Sungai Tengi. Hulu Selangor. 44020. Selangor. Malaysia,0,0,0,0,0,0,1,2023-03-10T18:44:08.7648044Z,0
3.6606298,101.4229854,Daerah: Selangor<br>No:355<br>Hex coord:(45;13),Bukit Belata Forest Reserve. Ulu Selangor. Malaysia,0,0,0,0,0,0,1,2023-03-10T18:44:09.4302145Z,0
3.6684098,101.4365198,Daerah: Selangor<br>No:356<br>Hex coord:(46;13),Hulu Selangor. Selangor. Malaysia,0,0,0,0,0,0,1,2023-03-10T18:44:10.1158101Z,0
3.6606298,101.4500543,Daerah: Selangor<br>No:357<br>Hex coord:(47;13),Hulu Selangor. Selangor. Malaysia,0,0,0,0,0,0,1,2023-03-10T18:44:10.7853389Z,0
3.6684098,101.4635888,Daerah: Selangor<br>No:358<br>Hex coord:(48;13),Hulu Selangor. Selangor. Malaysia,0,0,0,0,0,0,1,2023-03-10T18:44:11.4690956Z,0
3.6606298,101.4771233,Daerah: Selangor<br>No:359<br>Hex coord:(49;13),Hulu Selangor. Selangor. Malaysia,0,0,0,0,0,0,1,2023-03-10T18:44:12.1298168Z,0
3.6684098,101.4906577,Daerah: Selangor<br>No:360<br>Hex coord:(50;13),Bukit Belata. Ulu Selangor. Malaysia,0,0,0,0,0,1,1,2023-03-10T18:44:12.8382963Z,0
3.6606298,101.5041922,Daerah: Selangor<br>No:361<br>Hex coord:(51;13),Changkat Asa Estate. Tanjung Malim. Batang Padang. Malaysia,0,0,0,0,0,1,1,2023-03-10T18:44:13.5072109Z,0
3.6684098,101.5177267,Daerah: Selangor<br>No:362<br>Hex coord:(52;13),PPR Taman Danau. 3590 Tanjung Malim. Selangor. Malaysia,0,0,0,0,0,1,1,2023-03-10T18:44:14.2290637Z,0
3.6606298,101.5312612,Daerah: Selangor<br>No:363<br>Hex coord:(53;13),Jalan Kemudi 2H. Tanjung Malim. Perak. Malaysia,0,0,0,0,0,1,1,2023-03-10T18:44:14.9032685Z,0
3.6684098,101.5447956,Daerah: Selangor<br>No:364<br>Hex coord:(54;13),Sungai Inki. Tanjung Malim. Perak. Malaysia,0,0,0,0,0,1,1,2023-03-10T18:44:15.6221837Z,0
3.6606298,101.5583301,Daerah: Selangor<br>No:365<br>Hex coord:(55;13),Bernam Jaya. 44100. Selangor. Malaysia,0,0,0,0,0,1,1,2023-03-10T18:44:16.2981691Z,0
3.6684098,101.5718646,Daerah: Selangor<br>No:366<br>Hex coord:(56;13),Bukit Hulu Sekamat. Ulu Selangor. Malaysia,0,0,0,0,0,0,1,2023-03-10T18:44:17.0548922Z,0
3.6606298,101.5853991,Daerah: Selangor<br>No:367<br>Hex coord:(57;13),Bukit Kalumpang. Ulu Selangor. Malaysia,0,0,0,0,0,0,1,2023-03-10T18:44:17.7193802Z,0
3.6684098,101.5989335,Daerah: Selangor<br>No:368<br>Hex coord:(58;13),Hulu Selangor. 44100 Kerling. Selangor. Malaysia,0,0,0,0,0,0,1,2023-03-10T18:44:18.4661052Z,0
3.6606298,101.612468,Daerah: Selangor<br>No:369<br>Hex coord:(59;13),Hulu Selangor. 44100 Kerling. Selangor. Malaysia,0,0,0,0,0,0,1,2023-03-10T18:44:19.1196303Z,0
3.6684098,101.6260025,Daerah: Selangor<br>No:370<br>Hex coord:(60;13),Sungai Kayu Ara. Ulu Selangor. Malaysia,0,0,0,0,0,0,1,2023-03-10T18:44:19.8020325Z,0
3.6606298,101.639537,Daerah: Selangor<br>No:371<br>Hex coord:(61;13),Gading Forest Reserve Extension. Ulu Selangor. Malaysia,2,0,0,0,0,0,1,2023-03-10T18:44:20.4638153Z,0
3.6684098,101.6530714,Daerah: Selangor<br>No:372<br>Hex coord:(62;13),Hulu Selangor. Selangor. Malaysia,0,0,0,0,0,0,1,2023-03-10T18:44:21.1530063Z,0
3.6606298,101.6666059,Daerah: Selangor<br>No:373<br>Hex coord:(63;13),Hulu Selangor. Selangor. Malaysia,0,0,0,0,0,0,1,2023-03-10T18:44:21.8126120Z,0
3.6684098,101.6801404,Daerah: Selangor<br>No:374<br>Hex coord:(64;13),Hulu Selangor. Selangor. Malaysia,0,0,0,0,0,0,1,2023-03-10T18:44:22.4987767Z,0
3.6606298,101.6936749,Daerah: Selangor<br>No:375<br>Hex coord:(65;13),Hulu Selangor. Selangor. Malaysia,0,0,0,0,0,0,1,2023-03-10T18:44:23.1511765Z,0
3.6684098,101.7072093,Daerah: Selangor<br>No:376<br>Hex coord:(66;13),Hulu Selangor. Selangor. Malaysia,0,0,0,0,0,0,1,2023-03-10T18:44:23.8377923Z,0
3.6606298,101.7207438,Daerah: Selangor<br>No:377<br>Hex coord:(67;13),Hulu Selangor. Selangor. Malaysia,0,0,0,0,0,0,1,2023-03-10T18:44:24.4931220Z,0
3.6684098,101.7342783,Daerah: Selangor<br>No:378<br>Hex coord:(68;13),Hulu Selangor. Selangor. Malaysia,0,0,0,0,0,0,1,2023-03-10T18:44:25.1792912Z,0
3.6606298,101.7478128,Daerah: Selangor<br>No:379<br>Hex coord:(69;13),Hutan Rizab Semangkok. Ulu Selangor. Malaysia,0,0,0,0,0,0,1,2023-03-10T18:44:25.8703351Z,0
3.6684098,101.7613472,Daerah: Selangor<br>No:380<br>Hex coord:(70;13),Hulu Selangor. Selangor. Malaysia,0,0,0,0,0,0,1,2023-03-10T18:44:26.5243482Z,0
3.6528498,101.0034166,Daerah: Selangor<br>No:381<br>Hex coord:(14;14),Kampung Nelayan Sungai Haji Durani. 45300. Selangor. Malaysia,0,0,0,0,0,0,1,2023-03-10T18:44:27.2255334Z,0
3.6450698,101.0169511,Daerah: Selangor<br>No:382<br>Hex coord:(15;14),Kampung Nelayan Sungai Haji Durani. 45300. Selangor. Malaysia,0,0,0,0,0,1,1,2023-03-10T18:44:27.8973847Z,0
3.6528498,101.0304856,Daerah: Selangor<br>No:383<br>Hex coord:(16;14),Pekan Selasa. 45300. Selangor. Malaysia,0,0,0,0,0,1,1,2023-03-10T18:44:28.6062397Z,0
3.6450698,101.0440201,Daerah: Selangor<br>No:384<br>Hex coord:(17;14),Peket 60. Selangor. Malaysia,0,0,0,0,0,1,1,2023-03-10T18:44:29.2797574Z,0
3.6528498,101.0575545,Daerah: Selangor<br>No:385<br>Hex coord:(18;14),Kamping Parit Empat Sungai Haji Durani. Selangor. Malaysia,0,0,0,0,0,1,1,2023-03-10T18:44:29.9866933Z,0
3.6450698,101.071089,Daerah: Selangor<br>No:386<br>Hex coord:(19;14),Peket 100. Selangor. Malaysia,0,0,0,0,0,1,1,2023-03-10T18:44:30.6753626Z,0
3.6528498,101.0846235,Daerah: Selangor<br>No:387<br>Hex coord:(20;14),Sabak Bernam. Selangor. Malaysia,0,0,0,0,0,1,1,2023-03-10T18:44:31.3693640Z,0
3.6450698,101.098158,Daerah: Selangor<br>No:388<br>Hex coord:(21;14),Sabak Bernam. Selangor. Malaysia,0,0,0,0,0,0,1,2023-03-10T18:44:32.0320990Z,0
3.6528498,101.1116924,Daerah: Selangor<br>No:389<br>Hex coord:(22;14),Sabak Bernam. Selangor. Malaysia,0,0,0,0,0,0,1,2023-03-10T18:44:32.7267328Z,0
3.6450698,101.1252269,Daerah: Selangor<br>No:390<br>Hex coord:(23;14),Sabak Bernam. Selangor. Malaysia,0,0,0,0,0,0,1,2023-03-10T18:44:33.3895294Z,0
3.6528498,101.1387614,Daerah: Selangor<br>No:391<br>Hex coord:(24;14),Sabak Bernam. Selangor. Malaysia,0,0,0,0,0,0,1,2023-03-10T18:44:34.0755850Z,0
3.6450698,101.1522959,Daerah: Selangor<br>No:392<br>Hex coord:(25;14),Sabak Bernam. Selangor. Malaysia,0,0,0,0,0,0,1,2023-03-10T18:44:34.7458731Z,0
3.6528498,101.1658303,Daerah: Selangor<br>No:393<br>Hex coord:(26;14),Sabak Bernam. Selangor. Malaysia,0,0,0,0,0,0,1,2023-03-10T18:44:35.4340638Z,0
3.6450698,101.1793648,Daerah: Selangor<br>No:394<br>Hex coord:(27;14),Sabak Bernam. Selangor. Malaysia,0,0,0,0,0,0,1,2023-03-10T18:44:36.0861761Z,0
3.6528498,101.1928993,Daerah: Selangor<br>No:395<br>Hex coord:(28;14),Sabak Bernam. Selangor. Malaysia,0,0,0,0,0,0,1,2023-03-10T18:44:36.7814608Z,0
3.6450698,101.2064338,Daerah: Selangor<br>No:396<br>Hex coord:(29;14),Sabak Bernam. Selangor. Malaysia,0,0,0,0,0,0,1,2023-03-10T18:44:37.4349952Z,0
3.6528498,101.2199682,Daerah: Selangor<br>No:397<br>Hex coord:(30;14),Sabak Bernam. Selangor. Malaysia,0,0,0,0,0,0,1,2023-03-10T18:44:38.1145136Z,0
3.6450698,101.2335027,Daerah: Selangor<br>No:398<br>Hex coord:(31;14),Sabak Bernam. Selangor. Malaysia,0,0,0,0,0,0,1,2023-03-10T18:44:38.7716905Z,0
3.6528498,101.2470372,Daerah: Selangor<br>No:399<br>Hex coord:(32;14),Sabak Bernam. Selangor. Malaysia,0,0,0,0,0,0,1,2023-03-10T18:44:39.4696786Z,0
3.6450698,101.2605717,Daerah: Selangor<br>No:400<br>Hex coord:(33;14),Sabak Bernam. Selangor. Malaysia,0,0,0,0,0,0,1,2023-03-10T18:44:40.1284071Z,0
3.6528498,101.2741061,Daerah: Selangor<br>No:401<br>Hex coord:(34;14),Jalan Sabak Bernam - Hulu Selangor. Kampung Belia Dua. 44020. Selangor. Malaysia,0,0,0,0,0,0,1,2023-03-10T18:44:40.8171258Z,0
3.6450698,101.2876406,Daerah: Selangor<br>No:402<br>Hex coord:(35;14),Sabak Bernam. Selangor. Malaysia,0,0,0,0,0,0,1,2023-03-10T18:44:41.4729157Z,0
3.6528498,101.3011751,Daerah: Selangor<br>No:403<br>Hex coord:(36;14),Jalan Sabak Bernam - Hulu Selangor. Kampung Belia Dua. 44020. Selangor. Malaysia,0,0,0,0,0,0,1,2023-03-10T18:44:42.1587917Z,0
3.6450698,101.3147096,Daerah: Selangor<br>No:404<br>Hex coord:(37;14),Sabak Bernam. Selangor. Malaysia,0,0,0,0,0,0,1,2023-03-10T18:44:42.8193540Z,0
3.6528498,101.328244,Daerah: Selangor<br>No:405<br>Hex coord:(38;14),Sabak Bernam. Selangor. Malaysia,0,0,0,0,0,0,1,2023-03-10T18:44:43.5362148Z,0
3.6450698,101.3417785,Daerah: Selangor<br>No:406<br>Hex coord:(39;14),Sabak Bernam. Selangor. Malaysia,0,0,0,0,0,0,1,2023-03-10T18:44:44.2084889Z,0
3.6528498,101.355313,Daerah: Selangor<br>No:407<br>Hex coord:(40;14),Hulu Selangor. Selangor. Malaysia,0,0,0,0,0,0,1,2023-03-10T18:44:44.9029457Z,0
3.6450698,101.3688475,Daerah: Selangor<br>No:408<br>Hex coord:(41;14),Hulu Selangor. Selangor. Malaysia,0,0,0,0,0,0,1,2023-03-10T18:44:45.5626630Z,0
3.6528498,101.3823819,Daerah: Selangor<br>No:409<br>Hex coord:(42;14),Hulu Selangor. 44020 FELDA Soeharto. Selangor. Malaysia,0,0,0,0,0,0,1,2023-03-10T18:44:46.2534071Z,0
3.6450698,101.3959164,Daerah: Selangor<br>No:410<br>Hex coord:(43;14),Hulu Selangor. 44020 FELDA Soeharto. Selangor. Malaysia,0,0,0,0,0,0,1,2023-03-10T18:44:46.9204237Z,0
3.6528498,101.4094509,Daerah: Selangor<br>No:411<br>Hex coord:(44;14),Jalan Sungai Tengi. Selangor. Malaysia,0,0,0,0,0,0,1,2023-03-10T18:44:47.7408093Z,0
3.6450698,101.4229854,Daerah: Selangor<br>No:412<br>Hex coord:(45;14),Jalan Sungai Tengi. Hulu Selangor. 44020. Selangor. Malaysia,0,0,0,0,0,0,1,2023-03-10T18:44:48.3980523Z,0
3.6528498,101.4365198,Daerah: Selangor<br>No:413<br>Hex coord:(46;14),Hulu Selangor. FELDA Sungai Tengi. Selangor. Malaysia,0,0,0,0,0,0,1,2023-03-10T18:44:49.0932594Z,0
3.6450698,101.4500543,Daerah: Selangor<br>No:414<br>Hex coord:(47;14),Hulu Selangor. FELDA Sungai Tengi. Selangor. Malaysia,0,0,0,0,0,0,1,2023-03-10T18:44:49.7573446Z,0
3.6528498,101.4635888,Daerah: Selangor<br>No:415<br>Hex coord:(48;14),Hulu Selangor. Selangor. Malaysia,0,0,0,0,0,0,1,2023-03-10T18:44:50.4540774Z,0
3.6450698,101.4771233,Daerah: Selangor<br>No:416<br>Hex coord:(49;14),Hulu Selangor. Selangor. Malaysia,0,0,0,0,0,0,1,2023-03-10T18:44:51.1150046Z,0
3.6528498,101.4906577,Daerah: Selangor<br>No:417<br>Hex coord:(50;14),Hulu Selangor. 3590 Hulu Bernam. Selangor. Malaysia,0,0,0,0,0,0,1,2023-03-10T18:44:51.8085573Z,0
3.6450698,101.5041922,Daerah: Selangor<br>No:418<br>Hex coord:(51;14),Ladang Ban Chin Hin. Ulu Selangor. Malaysia,0,0,0,0,0,0,1,2023-03-10T18:44:52.4807416Z,0
3.6528498,101.5177267,Daerah: Selangor<br>No:419<br>Hex coord:(52;14),Ladang Tanjong Malim. Ulu Selangor. Malaysia,0,0,0,0,0,1,1,2023-03-10T18:44:53.1797625Z,0
3.6450698,101.5312612,Daerah: Selangor<br>No:420<br>Hex coord:(53;14),flood retention pond. Tanjung Malim. Perak. Malaysia,0,0,0,0,0,1,1,2023-03-10T18:44:53.8627800Z,0
3.6528498,101.5447956,Daerah: Selangor<br>No:421<br>Hex coord:(54;14),Jalan Cenderawasih 3. Bernam Jaya. 44100 Tanjung Malim. Perak. Malaysia,0,0,0,0,0,1,1,2023-03-10T18:44:54.5670117Z,0
3.6450698,101.5583301,Daerah: Selangor<br>No:422<br>Hex coord:(55;14),Jalan Rajawali. Kalumpang. Selangor. Malaysia,0,0,0,0,0,0,1,2023-03-10T18:44:55.2577708Z,0
3.6528498,101.5718646,Daerah: Selangor<br>No:423<br>Hex coord:(56;14),Bernam Jaya. 44100. Selangor. Malaysia,0,0,0,0,0,0,1,2023-03-10T18:44:55.9610972Z,0
3.6450698,101.5853991,Daerah: Selangor<br>No:424<br>Hex coord:(57;14),Kalumpang Resort. Kalumpang. Ulu Selangor. Malaysia,0,0,0,0,0,0,1,2023-03-10T18:44:56.6358483Z,0
3.6528498,101.5989335,Daerah: Selangor<br>No:425<br>Hex coord:(58;14),Hulu Selangor. 44100 Kalumpang. Selangor. Malaysia,0,0,0,0,0,0,1,2023-03-10T18:44:57.3514933Z,0
3.6450698,101.612468,Daerah: Selangor<br>No:426<br>Hex coord:(59;14),Hulu Selangor. 44100 Kerling. Selangor. Malaysia,0,0,0,0,0,0,1,2023-03-10T18:44:58.0101174Z,0
3.6528498,101.6260025,Daerah: Selangor<br>No:427<br>Hex coord:(60;14),Hulu Selangor. 44100 Kerling. Selangor. Malaysia,0,0,0,0,0,0,1,2023-03-10T18:44:58.7079190Z,0
3.6450698,101.639537,Daerah: Selangor<br>No:428<br>Hex coord:(61;14),Hulu Selangor. 44100 Kerling. Selangor. Malaysia,0,0,0,0,0,0,1,2023-03-10T18:44:59.3682286Z,0
3.6528498,101.6530714,Daerah: Selangor<br>No:429<br>Hex coord:(62;14),Hulu Selangor. 44100 Kerling. Selangor. Malaysia,0,0,0,0,0,0,1,2023-03-10T18:45:00.0263650Z,0
3.6450698,101.6666059,Daerah: Selangor<br>No:430<br>Hex coord:(63;14),Hulu Selangor. Selangor. Malaysia,0,0,0,0,0,0,1,2023-03-10T18:45:00.7174318Z,0
3.6528498,101.6801404,Daerah: Selangor<br>No:431<br>Hex coord:(64;14),Hulu Selangor. Selangor. Malaysia,0,0,0,0,0,0,1,2023-03-10T18:45:01.3815695Z,0
3.6450698,101.6936749,Daerah: Selangor<br>No:432<br>Hex coord:(65;14),Hulu Selangor. Selangor. Malaysia,0,0,0,0,0,0,1,2023-03-10T18:45:02.0612713Z,0
3.6528498,101.7072093,Daerah: Selangor<br>No:433<br>Hex coord:(66;14),Hulu Selangor. Selangor. Malaysia,0,0,0,0,0,0,1,2023-03-10T18:45:02.7244770Z,0
3.6450698,101.7207438,Daerah: Selangor<br>No:434<br>Hex coord:(67;14),Hulu Selangor. Selangor. Malaysia,0,0,0,0,0,0,1,2023-03-10T18:45:03.4100841Z,0
3.6528498,101.7342783,Daerah: Selangor<br>No:435<br>Hex coord:(68;14),Hulu Selangor. Selangor. Malaysia,0,0,0,0,0,0,1,2023-03-10T18:45:04.0708795Z,0
3.6450698,101.7478128,Daerah: Selangor<br>No:436<br>Hex coord:(69;14),Hulu Selangor. Selangor. Malaysia,0,0,0,0,0,0,1,2023-03-10T18:45:04.7556537Z,0
3.6528498,101.7613472,Daerah: Selangor<br>No:437<br>Hex coord:(70;14),Hulu Selangor. Selangor. Malaysia,0,0,0,0,0,0,1,2023-03-10T18:45:05.4225126Z,0
3.6450698,101.7748817,Daerah: Selangor<br>No:438<br>Hex coord:(71;14),Hulu Selangor. Selangor. Malaysia,0,0,0,0,0,0,1,2023-03-10T18:45:06.1121379Z,0
3.6372898,101.0304856,Daerah: Selangor<br>No:439<br>Hex coord:(16;15),Pekan Selasa. Selangor. Malaysia,0,0,0,0,0,1,1,2023-03-10T18:45:06.7925381Z,0
3.6295098,101.0440201,Daerah: Selangor<br>No:440<br>Hex coord:(17;15),Peket 60. Selangor. Malaysia,0,0,0,0,0,1,1,2023-03-10T18:45:07.4842791Z,0
3.6372898,101.0575545,Daerah: Selangor<br>No:441<br>Hex coord:(18;15),Peket 100. Selangor. Malaysia,0,0,0,0,0,1,1,2023-03-10T18:45:08.1520533Z,0
3.6295098,101.071089,Daerah: Selangor<br>No:442<br>Hex coord:(19;15),Tali Air Empat Belas. Sungai Besar. Sabak Bernam. Malaysia,0,0,0,0,0,1,1,2023-03-10T18:45:08.8488198Z,0
3.6372898,101.0846235,Daerah: Selangor<br>No:443<br>Hex coord:(20;15),Surau. Sungai Besar. Selangor. Malaysia,0,0,0,0,0,1,1,2023-03-10T18:45:09.5120911Z,0
3.6295098,101.098158,Daerah: Selangor<br>No:444<br>Hex coord:(21;15),Sabak Bernam. Selangor. Malaysia,0,0,0,0,0,1,1,2023-03-10T18:45:10.2098426Z,0
3.6372898,101.1116924,Daerah: Selangor<br>No:445<br>Hex coord:(22;15),Sabak Bernam. Selangor. Malaysia,0,0,0,0,0,0,1,2023-03-10T18:45:10.8708550Z,0
3.6295098,101.1252269,Daerah: Selangor<br>No:446<br>Hex coord:(23;15),Sabak Bernam. Selangor. Malaysia,0,0,0,0,0,0,1,2023-03-10T18:45:11.5713813Z,0
3.6372898,101.1387614,Daerah: Selangor<br>No:447<br>Hex coord:(24;15),Sabak Bernam. Selangor. Malaysia,0,0,0,0,0,0,1,2023-03-10T18:45:12.2221943Z,0
3.6295098,101.1522959,Daerah: Selangor<br>No:448<br>Hex coord:(25;15),Sabak Bernam. Selangor. Malaysia,0,0,0,0,0,0,1,2023-03-10T18:45:12.9100145Z,0
3.6372898,101.1658303,Daerah: Selangor<br>No:449<br>Hex coord:(26;15),Sabak Bernam. Selangor. Malaysia,0,0,0,0,0,0,1,2023-03-10T18:45:13.5609516Z,0
3.6295098,101.1793648,Daerah: Selangor<br>No:450<br>Hex coord:(27;15),Sabak Bernam. Selangor. Malaysia,0,0,0,0,0,0,1,2023-03-10T18:45:14.2433365Z,0
3.6372898,101.1928993,Daerah: Selangor<br>No:451<br>Hex coord:(28;15),Sabak Bernam. Selangor. Malaysia,0,0,0,0,0,0,1,2023-03-10T18:45:14.9009592Z,0
3.6295098,101.2064338,Daerah: Selangor<br>No:452<br>Hex coord:(29;15),Sabak Bernam. Selangor. Malaysia,0,0,0,0,0,0,1,2023-03-10T18:45:15.5955162Z,0
3.6372898,101.2199682,Daerah: Selangor<br>No:453<br>Hex coord:(30;15),Sabak Bernam. Selangor. Malaysia,0,0,0,0,0,0,1,2023-03-10T18:45:16.2605561Z,0
3.6295098,101.2335027,Daerah: Selangor<br>No:454<br>Hex coord:(31;15),Sabak Bernam. Selangor. Malaysia,0,0,0,0,0,0,1,2023-03-10T18:45:16.9444553Z,0
3.6372898,101.2470372,Daerah: Selangor<br>No:455<br>Hex coord:(32;15),Sabak Bernam. Selangor. Malaysia,0,0,0,0,0,0,1,2023-03-10T18:45:17.6119777Z,0
3.6295098,101.2605717,Daerah: Selangor<br>No:456<br>Hex coord:(33;15),Sabak Bernam. Selangor. Malaysia,0,0,0,0,0,0,1,2023-03-10T18:45:18.2897170Z,0
3.6372898,101.2741061,Daerah: Selangor<br>No:457<br>Hex coord:(34;15),Sabak Bernam. Selangor. Malaysia,0,0,0,0,0,0,1,2023-03-10T18:45:18.9505706Z,0
3.6295098,101.2876406,Daerah: Selangor<br>No:458<br>Hex coord:(35;15),Sabak Bernam. Selangor. Malaysia,0,0,0,0,0,0,1,2023-03-10T18:45:19.6281887Z,0
3.6372898,101.3011751,Daerah: Selangor<br>No:459<br>Hex coord:(36;15),Sabak Bernam. Selangor. Malaysia,0,0,0,0,0,0,1,2023-03-10T18:45:20.2856729Z,0
3.6295098,101.3147096,Daerah: Selangor<br>No:460<br>Hex coord:(37;15),Sabak Bernam. Selangor. Malaysia,0,0,0,0,0,0,1,2023-03-10T18:45:20.9702208Z,0
3.6372898,101.328244,Daerah: Selangor<br>No:461<br>Hex coord:(38;15),Sabak Bernam. Selangor. Malaysia,0,0,0,0,0,0,1,2023-03-10T18:45:21.6278931Z,0
3.6295098,101.3417785,Daerah: Selangor<br>No:462<br>Hex coord:(39;15),Sabak Bernam. Selangor. Malaysia,0,0,0,0,0,0,1,2023-03-10T18:45:22.3104958Z,0
3.6372898,101.355313,Daerah: Selangor<br>No:463<br>Hex coord:(40;15),Hulu Selangor. Selangor. Malaysia,0,0,0,0,0,0,1,2023-03-10T18:45:22.9620331Z,0
3.6295098,101.3688475,Daerah: Selangor<br>No:464<br>Hex coord:(41;15),Hulu Selangor. Selangor. Malaysia,0,0,0,0,0,0,1,2023-03-10T18:45:23.6556295Z,0
3.6372898,101.3823819,Daerah: Selangor<br>No:465<br>Hex coord:(42;15),Hulu Selangor. Selangor. Malaysia,0,0,0,0,0,0,1,2023-03-10T18:45:24.3132146Z,0
3.6295098,101.3959164,Daerah: Selangor<br>No:466<br>Hex coord:(43;15),Hulu Selangor. FELDA Sungai Tengi. Selangor. Malaysia,0,0,0,0,0,0,1,2023-03-10T18:45:25.0078310Z,0
3.6372898,101.4094509,Daerah: Selangor<br>No:467<br>Hex coord:(44;15),Hulu Selangor. FELDA Sungai Tengi. Selangor. Malaysia,0,0,0,0,0,0,1,2023-03-10T18:45:25.6737172Z,0
3.6295098,101.4229854,Daerah: Selangor<br>No:468<br>Hex coord:(45;15),Jalan Sungai Tengi. Hulu Selangor. Selangor. Malaysia,0,0,0,0,0,0,1,2023-03-10T18:45:26.3563004Z,0
3.6372898,101.4365198,Daerah: Selangor<br>No:469<br>Hex coord:(46;15),Hulu Selangor. FELDA Sungai Tengi. Selangor. Malaysia,0,0,0,0,0,0,1,2023-03-10T18:45:27.0126627Z,0
3.6295098,101.4500543,Daerah: Selangor<br>No:470<br>Hex coord:(47;15),Hulu Selangor. FELDA Sungai Tengi. Selangor. Malaysia,0,0,0,0,0,0,1,2023-03-10T18:45:27.6960897Z,0
3.6372898,101.4635888,Daerah: Selangor<br>No:471<br>Hex coord:(48;15),Hulu Selangor. Selangor. Malaysia,0,0,0,0,0,0,1,2023-03-10T18:45:28.3533095Z,0
3.6295098,101.4771233,Daerah: Selangor<br>No:472<br>Hex coord:(49;15),Hulu Selangor. Selangor. Malaysia,0,0,0,0,0,0,1,2023-03-10T18:45:29.0493015Z,0
3.6372898,101.4906577,Daerah: Selangor<br>No:473<br>Hex coord:(50;15),Hulu Selangor. Selangor. Malaysia,0,0,0,0,0,0,1,2023-03-10T18:45:29.7119636Z,0
3.6295098,101.5041922,Daerah: Selangor<br>No:474<br>Hex coord:(51;15),Hulu Selangor. Selangor. Malaysia,0,0,0,0,0,0,1,2023-03-10T18:45:30.4171221Z,0
3.6372898,101.5177267,Daerah: Selangor<br>No:475<br>Hex coord:(52;15),Hulu Selangor. 3590 Hulu Bernam. Selangor. Malaysia,0,0,0,0,0,0,1,2023-03-10T18:45:31.0915022Z,0
3.6295098,101.5312612,Daerah: Selangor<br>No:476<br>Hex coord:(53;15),Bukit Rasak. Tanjung Malim. Batang Padang. Malaysia,0,0,0,0,0,0,1,2023-03-10T18:45:31.7948681Z,0
3.6372898,101.5447956,Daerah: Selangor<br>No:477<br>Hex coord:(54;15),Rizab Melayu Sungai Surian. Kalumpang. Ulu Selangor. Malaysia,0,0,0,0,0,0,1,2023-03-10T18:45:32.4698063Z,0
3.6295098,101.5583301,Daerah: Selangor<br>No:478<br>Hex coord:(55;15),Sungai Inki. Kalumpang. Selangor. Malaysia,1,0,0,0,0,0,1,2023-03-10T18:45:33.1681802Z,0
3.6372898,101.5718646,Daerah: Selangor<br>No:479<br>Hex coord:(56;15),Masjid At-Taqwa. Kalumpang. Selangor. Malaysia,2,0,0,0,0,0,1,2023-03-10T18:45:33.8458339Z,1
3.6295098,101.5853991,Daerah: Selangor<br>No:480<br>Hex coord:(57;15),Sungai Inki. Kalumpang. Selangor. Malaysia,0,0,0,0,0,0,1,2023-03-10T18:45:34.5360057Z,0
3.6372898,101.5989335,Daerah: Selangor<br>No:481<br>Hex coord:(58;15),Bukit Kubah. Kalumpang. Ulu Selangor. Malaysia,0,0,0,0,0,0,1,2023-03-10T18:45:35.2199474Z,0
3.6295098,101.612468,Daerah: Selangor<br>No:482<br>Hex coord:(59;15),44100 Kampung Air Panas. Selangor. Malaysia,0,0,0,0,0,0,1,2023-03-10T18:45:35.9228721Z,0
3.6372898,101.6260025,Daerah: Selangor<br>No:483<br>Hex coord:(60;15),Hulu Selangor. 44100 Kerling. Selangor. Malaysia,0,0,0,0,0,0,1,2023-03-10T18:45:36.5726478Z,0
3.6295098,101.639537,Daerah: Selangor<br>No:484<br>Hex coord:(61;15),Hulu Selangor. 44100 Kerling. Selangor. Malaysia,0,0,0,0,0,0,1,2023-03-10T18:45:37.2522030Z,0
3.6372898,101.6530714,Daerah: Selangor<br>No:485<br>Hex coord:(62;15),Gunung Hulu Lenik. Ulu Selangor. Malaysia,0,0,0,0,0,0,1,2023-03-10T18:45:37.9128383Z,0
3.6295098,101.6666059,Daerah: Selangor<br>No:486<br>Hex coord:(63;15),Hulu Selangor. Kuala Kubu Bharu. Selangor. Malaysia,0,0,0,0,0,0,1,2023-03-10T18:45:38.5960831Z,0
3.6372898,101.6801404,Daerah: Selangor<br>No:487<br>Hex coord:(64;15),Gunung Hulu Lenik. Ulu Selangor. Malaysia,0,0,0,0,0,0,1,2023-03-10T18:45:39.2580028Z,0
3.6295098,101.6936749,Daerah: Selangor<br>No:488<br>Hex coord:(65;15),Hulu Selangor. Kuala Kubu Bharu. Selangor. Malaysia,0,0,0,0,0,0,1,2023-03-10T18:45:39.9545594Z,0
3.6372898,101.7072093,Daerah: Selangor<br>No:489<br>Hex coord:(66;15),Hulu Selangor. Selangor. Malaysia,0,0,0,0,0,0,1,2023-03-10T18:45:40.6332135Z,0
3.6295098,101.7207438,Daerah: Selangor<br>No:490<br>Hex coord:(67;15),Hulu Selangor. Selangor. Malaysia,0,0,0,0,0,0,1,2023-03-10T18:45:41.3280157Z,0
3.6372898,101.7342783,Daerah: Selangor<br>No:491<br>Hex coord:(68;15),Jalan Kuala Kubu Bharu – Teranum – Raub. Kampung Orang Asli Pertak. Selangor. Malaysia,0,0,0,0,0,0,1,2023-03-10T18:45:42.0024959Z,0
3.6295098,101.7478128,Daerah: Selangor<br>No:492<br>Hex coord:(69;15),Sungai Petai. Ulu Selangor. Malaysia,0,0,0,0,0,0,1,2023-03-10T18:45:42.6992327Z,0
3.6372898,101.7613472,Daerah: Selangor<br>No:493<br>Hex coord:(70;15),Hulu Selangor. Selangor. Malaysia,0,0,0,0,0,0,1,2023-03-10T18:45:43.3476707Z,0
3.6295098,101.7748817,Daerah: Selangor<br>No:494<br>Hex coord:(71;15),Hulu Selangor. Selangor. Malaysia,0,0,0,0,0,0,1,2023-03-10T18:45:44.0380441Z,0
3.6139498,101.0440201,Daerah: Selangor<br>No:495<br>Hex coord:(17;16),Jeti Nelayan Sungai Nipah. Sabak Bernam. Malaysia,0,0,0,0,0,1,1,2023-03-10T18:45:44.7111361Z,0
3.6217298,101.0575545,Daerah: Selangor<br>No:496<br>Hex coord:(18;16),Tali Air Tiga Belas. Sungai Besar. Sabak Bernam. Malaysia,2,0,0,0,0,1,1,2023-03-10T18:45:45.4185034Z,0
3.6139498,101.071089,Daerah: Selangor<br>No:497<br>Hex coord:(19;16),Peket 100. Selangor. Malaysia,0,0,0,0,0,1,1,2023-03-10T18:45:46.0837855Z,0
3.6217298,101.0846235,Daerah: Selangor<br>No:498<br>Hex coord:(20;16),Peket 100. Selangor. Malaysia,0,0,0,0,0,1,1,2023-03-10T18:45:46.7895847Z,0
3.6139498,101.098158,Daerah: Selangor<br>No:499<br>Hex coord:(21;16),Rizab Melayu Tanjong Karang. Sabak Bernam. Malaysia,1,0,0,0,0,0,1,2023-03-10T18:45:47.4646139Z,0
3.6217298,101.1116924,Daerah: Selangor<br>No:500<br>Hex coord:(22;16),Sabak Bernam. Selangor. Malaysia,0,0,0,0,0,0,1,2023-03-10T18:45:48.1503998Z,0
3.6139498,101.1252269,Daerah: Selangor<br>No:501<br>Hex coord:(23;16),Sabak Bernam. Selangor. Malaysia,0,0,0,0,0,0,1,2023-03-10T18:45:48.8094057Z,0
3.6217298,101.1387614,Daerah: Selangor<br>No:502<br>Hex coord:(24;16),Sabak Bernam. Selangor. Malaysia,0,0,0,0,0,0,1,2023-03-10T18:45:49.4940158Z,0
3.6139498,101.1522959,Daerah: Selangor<br>No:503<br>Hex coord:(25;16),Sabak Bernam. Selangor. Malaysia,0,0,0,0,0,0,1,2023-03-10T18:45:50.1560023Z,0
3.6217298,101.1658303,Daerah: Selangor<br>No:504<br>Hex coord:(26;16),Sabak Bernam. Selangor. Malaysia,0,0,0,0,0,0,1,2023-03-10T18:45:50.8461826Z,0
3.6139498,101.1793648,Daerah: Selangor<br>No:505<br>Hex coord:(27;16),Sabak Bernam. Selangor. Malaysia,0,0,0,0,0,0,1,2023-03-10T18:45:51.5122498Z,0
3.6217298,101.1928993,Daerah: Selangor<br>No:506<br>Hex coord:(28;16),Sabak Bernam. Selangor. Malaysia,0,0,0,0,0,0,1,2023-03-10T18:45:52.1993514Z,0
3.6139498,101.2064338,Daerah: Selangor<br>No:507<br>Hex coord:(29;16),Sabak Bernam. Selangor. Malaysia,0,0,0,0,0,0,1,2023-03-10T18:45:52.8514742Z,0
3.6217298,101.2199682,Daerah: Selangor<br>No:508<br>Hex coord:(30;16),Sabak Bernam. Selangor. Malaysia,0,0,0,0,0,0,1,2023-03-10T18:45:53.5366813Z,0
3.6139498,101.2335027,Daerah: Selangor<br>No:509<br>Hex coord:(31;16),Sabak Bernam. Selangor. Malaysia,0,0,0,0,0,0,1,2023-03-10T18:45:54.1962872Z,0
3.6217298,101.2470372,Daerah: Selangor<br>No:510<br>Hex coord:(32;16),Sabak Bernam. Selangor. Malaysia,0,0,0,0,0,0,1,2023-03-10T18:45:54.8761969Z,0
3.6139498,101.2605717,Daerah: Selangor<br>No:511<br>Hex coord:(33;16),Sabak Bernam. Selangor. Malaysia,0,0,0,0,0,0,1,2023-03-10T18:45:55.5415083Z,0
3.6217298,101.2741061,Daerah: Selangor<br>No:512<br>Hex coord:(34;16),Sabak Bernam. Selangor. Malaysia,0,0,0,0,0,0,1,2023-03-10T18:45:56.2218534Z,0
3.6139498,101.2876406,Daerah: Selangor<br>No:513<br>Hex coord:(35;16),Sabak Bernam. Selangor. Malaysia,0,0,0,0,0,0,1,2023-03-10T18:45:56.8780191Z,0
3.6217298,101.3011751,Daerah: Selangor<br>No:514<br>Hex coord:(36;16),Sabak Bernam. Selangor. Malaysia,0,0,0,0,0,0,1,2023-03-10T18:45:57.5606006Z,0
3.6139498,101.3147096,Daerah: Selangor<br>No:515<br>Hex coord:(37;16),Sabak Bernam. Selangor. Malaysia,0,0,0,0,0,0,1,2023-03-10T18:45:58.2175321Z,0
3.6217298,101.328244,Daerah: Selangor<br>No:516<br>Hex coord:(38;16),Sabak Bernam. Selangor. Malaysia,0,0,0,0,0,0,1,2023-03-10T18:45:58.9070743Z,0
3.6139498,101.3417785,Daerah: Selangor<br>No:517<br>Hex coord:(39;16),Sabak Bernam. Selangor. Malaysia,0,0,0,0,0,0,1,2023-03-10T18:45:59.5638980Z,0
3.6217298,101.355313,Daerah: Selangor<br>No:518<br>Hex coord:(40;16),Hulu Selangor. Selangor. Malaysia,0,0,0,0,0,0,1,2023-03-10T18:46:00.2512230Z,0
3.6139498,101.3688475,Daerah: Selangor<br>No:519<br>Hex coord:(41;16),Hulu Selangor. Selangor. Malaysia,0,0,0,0,0,0,1,2023-03-10T18:46:00.9101504Z,0
3.6217298,101.3823819,Daerah: Selangor<br>No:520<br>Hex coord:(42;16),Hulu Selangor. Selangor. Malaysia,0,0,0,0,0,0,1,2023-03-10T18:46:01.5949483Z,0
3.6139498,101.3959164,Daerah: Selangor<br>No:521<br>Hex coord:(43;16),Hulu Selangor. FELDA Sungai Tengi. Selangor. Malaysia,0,0,0,0,0,0,1,2023-03-10T18:46:02.2472036Z,0
3.6217298,101.4094509,Daerah: Selangor<br>No:522<br>Hex coord:(44;16),Sungai Tembaga. Ulu Selangor. Malaysia,0,0,0,0,0,0,1,2023-03-10T18:46:02.9338120Z,0
3.6139498,101.4229854,Daerah: Selangor<br>No:523<br>Hex coord:(45;16),Hulu Selangor. Selangor. Malaysia,0,0,0,0,0,0,1,2023-03-10T18:46:03.5903793Z,1
3.6217298,101.4365198,Daerah: Selangor<br>No:524<br>Hex coord:(46;16),Hulu Selangor. Selangor. Malaysia,0,0,0,0,0,0,1,2023-03-10T18:46:04.2760315Z,0
3.6139498,101.4500543,Daerah: Selangor<br>No:525<br>Hex coord:(47;16),Hulu Selangor. FELDA Sungai Tengi. Selangor. Malaysia,0,0,0,0,0,0,1,2023-03-10T18:46:04.9418549Z,0
3.6217298,101.4635888,Daerah: Selangor<br>No:526<br>Hex coord:(48;16),Hulu Selangor. FELDA Sungai Tengi. Selangor. Malaysia,0,0,0,0,0,0,1,2023-03-10T18:46:05.6269591Z,0
3.6139498,101.4771233,Daerah: Selangor<br>No:527<br>Hex coord:(49;16),Hulu Selangor. Selangor. Malaysia,0,0,0,0,0,0,1,2023-03-10T18:46:06.2880620Z,0
3.6217298,101.4906577,Daerah: Selangor<br>No:528<br>Hex coord:(50;16),Hulu Selangor. Selangor. Malaysia,0,0,0,0,0,0,1,2023-03-10T18:46:06.9749986Z,0
3.6139498,101.5041922,Daerah: Selangor<br>No:529<br>Hex coord:(51;16),Hulu Selangor. Selangor. Malaysia,0,0,0,0,0,0,1,2023-03-10T18:46:07.6506235Z,0
3.6217298,101.5177267,Daerah: Selangor<br>No:530<br>Hex coord:(52;16),Hulu Selangor. Selangor. Malaysia,0,0,0,0,0,0,1,2023-03-10T18:46:08.3379046Z,0
3.6139498,101.5312612,Daerah: Selangor<br>No:531<br>Hex coord:(53;16),North–South Expressway. Bernam Jaya. 3590. Selangor. Malaysia,0,0,0,0,0,0,1,2023-03-10T18:46:09.0114103Z,0
3.6217298,101.5447956,Daerah: Selangor<br>No:532<br>Hex coord:(54;16),Beletak Malay Reservation Extension Number Four. Ulu Selangor. Malaysia,0,0,0,0,0,0,1,2023-03-10T18:46:09.7109996Z,0
3.6139498,101.5583301,Daerah: Selangor<br>No:533<br>Hex coord:(55;16),Ladang Sungai Gumut. Kalumpang. Ulu Selangor. Malaysia,0,0,0,0,0,0,1,2023-03-10T18:46:10.3905986Z,0
3.6217298,101.5718646,Daerah: Selangor<br>No:534<br>Hex coord:(56;16),Bernam Jaya. 44100. Selangor. Malaysia,0,0,0,0,0,0,1,2023-03-10T18:46:11.0852127Z,1
3.6139498,101.5853991,Daerah: Selangor<br>No:535<br>Hex coord:(57;16),Taman Tempua Bestari. 44100. Selangor. Malaysia,0,0,0,0,0,0,1,2023-03-10T18:46:11.7495240Z,0
3.6217298,101.5989335,Daerah: Selangor<br>No:536<br>Hex coord:(58;16),Kampung Gumut Tambahan. 44100. Selangor. Malaysia,0,0,0,0,0,0,1,2023-03-10T18:46:12.4371365Z,0
3.6139498,101.612468,Daerah: Selangor<br>No:537<br>Hex coord:(59;16),Kerling Hot Spring. Jalan Berlian 4. Taman Lembah Damai. 44100. Selangor. Malaysia,0,0,0,0,0,0,1,2023-03-10T18:46:13.1053883Z,0
3.6217298,101.6260025,Daerah: Selangor<br>No:538<br>Hex coord:(60;16),Sungai Gugup. Ulu Selangor. Malaysia,0,0,0,0,0,0,1,2023-03-10T18:46:13.8013685Z,0
3.6139498,101.639537,Daerah: Selangor<br>No:539<br>Hex coord:(61;16),Sungai Sengem. Ulu Selangor. Malaysia,0,0,0,0,0,0,1,2023-03-10T18:46:14.4660669Z,0
3.6217298,101.6530714,Daerah: Selangor<br>No:540<br>Hex coord:(62;16),Hulu Selangor. 44100 Kerling. Selangor. Malaysia,0,0,0,0,0,0,1,2023-03-10T18:46:15.1506669Z,0
3.6139498,101.6666059,Daerah: Selangor<br>No:541<br>Hex coord:(63;16),Hulu Selangor. Kuala Kubu Bharu. Selangor. Malaysia,0,0,0,0,0,0,1,2023-03-10T18:46:15.8078826Z,0
3.6217298,101.6801404,Daerah: Selangor<br>No:542<br>Hex coord:(64;16),Hulu Selangor. Kuala Kubu Bharu. Selangor. Malaysia,0,0,0,0,0,0,1,2023-03-10T18:46:16.5029475Z,0
3.6139498,101.6936749,Daerah: Selangor<br>No:543<br>Hex coord:(65;16),Sungai Keramat. Ulu Selangor. Malaysia,0,0,0,0,0,0,1,2023-03-10T18:46:17.1624074Z,0
3.6217298,101.7072093,Daerah: Selangor<br>No:544<br>Hex coord:(66;16),Hulu Selangor. Kuala Kubu Bharu. Selangor. Malaysia,0,0,0,0,0,0,1,2023-03-10T18:46:17.8454124Z,0
3.6139498,101.7207438,Daerah: Selangor<br>No:545<br>Hex coord:(67;16),Hulu Selangor. Kuala Kubu Bharu. Selangor. Malaysia,0,0,0,0,0,0,1,2023-03-10T18:46:18.5187201Z,0
3.6217298,101.7342783,Daerah: Selangor<br>No:546<br>Hex coord:(68;16),Jalan Kuala Kubu Bharu – Teranum – Raub. Kampung Orang Asli Pertak. Selangor. Malaysia,0,0,0,0,0,0,1,2023-03-10T18:46:19.2029565Z,0
3.6139498,101.7478128,Daerah: Selangor<br>No:547<br>Hex coord:(69;16),Sungai Durian. Ulu Selangor. Malaysia,0,0,0,0,0,0,1,2023-03-10T18:46:19.8652275Z,0
3.6217298,101.7613472,Daerah: Selangor<br>No:548<br>Hex coord:(70;16),Gumut. Selangor. Malaysia,0,0,0,0,0,0,1,2023-03-10T18:46:20.5453773Z,0
3.6139498,101.7748817,Daerah: Selangor<br>No:549<br>Hex coord:(71;16),Hulu Selangor. Selangor. Malaysia,0,0,0,0,0,0,1,2023-03-10T18:46:21.1993983Z,0
3.6217298,101.7884162,Daerah: Selangor<br>No:550<br>Hex coord:(72;16),Hulu Selangor. Selangor. Malaysia,0,0,0,0,0,0,1,2023-03-10T18:46:21.8844879Z,0
3.6061698,101.0575545,Daerah: Selangor<br>No:551<br>Hex coord:(18;17),Pantai Sungai Nibung. Selangor. Malaysia,0,0,0,0,0,1,1,2023-03-10T18:46:22.5532724Z,0
3.5983898,101.071089,Daerah: Selangor<br>No:552<br>Hex coord:(19;17),Jalan Parit 12 Sungai Nibong. Pantai Sungai Nibung. Selangor. Malaysia,0,0,0,0,0,1,1,2023-03-10T18:46:23.2465039Z,0
3.6061698,101.0846235,Daerah: Selangor<br>No:553<br>Hex coord:(20;17),Pantai Sungai Nibung. Selangor. Malaysia,1,0,0,0,0,1,1,2023-03-10T18:46:23.9073464Z,0
3.5983898,101.098158,Daerah: Selangor<br>No:554<br>Hex coord:(21;17),Pantai Sungai Nibung. Selangor. Malaysia,0,0,0,0,0,0,1,2023-03-10T18:46:24.6050851Z,0
3.6061698,101.1116924,Daerah: Selangor<br>No:555<br>Hex coord:(22;17),Sabak Bernam. Selangor. Malaysia,0,0,0,0,0,0,1,2023-03-10T18:46:25.2636350Z,0
3.5983898,101.1252269,Daerah: Selangor<br>No:556<br>Hex coord:(23;17),Sabak Bernam. Selangor. Malaysia,0,0,0,0,0,0,1,2023-03-10T18:46:25.9447156Z,0
3.6061698,101.1387614,Daerah: Selangor<br>No:557<br>Hex coord:(24;17),Sabak Bernam. Selangor. Malaysia,0,0,0,0,0,0,1,2023-03-10T18:46:26.6113421Z,0
3.5983898,101.1522959,Daerah: Selangor<br>No:558<br>Hex coord:(25;17),Sabak Bernam. Selangor. Malaysia,0,0,0,0,0,0,1,2023-03-10T18:46:27.3405794Z,0
3.6061698,101.1658303,Daerah: Selangor<br>No:559<br>Hex coord:(26;17),Sabak Bernam. Selangor. Malaysia,0,0,0,0,0,0,1,2023-03-10T18:46:27.9977355Z,0
3.5983898,101.1793648,Daerah: Selangor<br>No:560<br>Hex coord:(27;17),Sabak Bernam. Selangor. Malaysia,0,0,0,0,0,0,1,2023-03-10T18:46:28.6758968Z,0
3.6061698,101.1928993,Daerah: Selangor<br>No:561<br>Hex coord:(28;17),Sabak Bernam. Selangor. Malaysia,0,0,0,0,0,0,1,2023-03-10T18:46:29.3320820Z,0
3.5983898,101.2064338,Daerah: Selangor<br>No:562<br>Hex coord:(29;17),Sabak Bernam. Selangor. Malaysia,0,0,0,0,0,0,1,2023-03-10T18:46:30.0166937Z,0
3.6061698,101.2199682,Daerah: Selangor<br>No:563<br>Hex coord:(30;17),Hutan Rizab Sungai Karang. Selangor. Malaysia,0,0,0,0,0,0,1,2023-03-10T18:46:30.6782264Z,0
3.5983898,101.2335027,Daerah: Selangor<br>No:564<br>Hex coord:(31;17),Sabak Bernam. Selangor. Malaysia,0,0,0,0,0,0,1,2023-03-10T18:46:31.3685546Z,0
3.6061698,101.2470372,Daerah: Selangor<br>No:565<br>Hex coord:(32;17),Sabak Bernam. Selangor. Malaysia,0,0,0,0,0,0,1,2023-03-10T18:46:32.0337305Z,0
3.5983898,101.2605717,Daerah: Selangor<br>No:566<br>Hex coord:(33;17),Sabak Bernam. Selangor. Malaysia,0,0,0,0,0,0,1,2023-03-10T18:46:32.7283012Z,0
3.6061698,101.2741061,Daerah: Selangor<br>No:567<br>Hex coord:(34;17),Sabak Bernam. Selangor. Malaysia,0,0,0,0,0,0,1,2023-03-10T18:46:33.3872403Z,0
3.5983898,101.2876406,Daerah: Selangor<br>No:568<br>Hex coord:(35;17),Sabak Bernam. Selangor. Malaysia,0,0,0,0,0,0,1,2023-03-10T18:46:34.0696918Z,0
3.6061698,101.3011751,Daerah: Selangor<br>No:569<br>Hex coord:(36;17),Sabak Bernam. Selangor. Malaysia,0,0,0,0,0,0,1,2023-03-10T18:46:34.7326250Z,0
3.5983898,101.3147096,Daerah: Selangor<br>No:570<br>Hex coord:(37;17),Sabak Bernam. Selangor. Malaysia,0,0,0,0,0,0,1,2023-03-10T18:46:35.4200941Z,0
3.6061698,101.328244,Daerah: Selangor<br>No:571<br>Hex coord:(38;17),Sabak Bernam. Selangor. Malaysia,0,0,0,0,0,0,1,2023-03-10T18:46:36.0763921Z,0
3.5983898,101.3417785,Daerah: Selangor<br>No:572<br>Hex coord:(39;17),Sabak Bernam. Selangor. Malaysia,0,0,0,0,0,0,1,2023-03-10T18:46:36.7574559Z,0
3.6061698,101.355313,Daerah: Selangor<br>No:573<br>Hex coord:(40;17),Hulu Selangor. Selangor. Malaysia,0,0,0,0,0,0,1,2023-03-10T18:46:37.4237282Z,0
3.5983898,101.3688475,Daerah: Selangor<br>No:574<br>Hex coord:(41;17),Hulu Selangor. Selangor. Malaysia,0,0,0,0,0,0,1,2023-03-10T18:46:38.1070255Z,0
3.6061698,101.3823819,Daerah: Selangor<br>No:575<br>Hex coord:(42;17),Hulu Selangor. Selangor. Malaysia,0,0,0,0,0,0,1,2023-03-10T18:46:38.7739786Z,0
3.5983898,101.3959164,Daerah: Selangor<br>No:576<br>Hex coord:(43;17),Hulu Selangor. FELDA Sungai Tengi. Selangor. Malaysia,0,0,0,0,0,0,1,2023-03-10T18:46:39.4563902Z,0
3.6061698,101.4094509,Daerah: Selangor<br>No:577<br>Hex coord:(44;17),Hulu Selangor. FELDA Sungai Tengi. Selangor. Malaysia,0,0,0,0,0,0,1,2023-03-10T18:46:40.1214095Z,0
3.5983898,101.4229854,Daerah: Selangor<br>No:578<br>Hex coord:(45;17),Jalan Sungai Tengi. Hulu Selangor. Selangor. Malaysia,0,0,0,0,0,0,1,2023-03-10T18:46:40.8140015Z,0
3.6061698,101.4365198,Daerah: Selangor<br>No:579<br>Hex coord:(46;17),Hulu Selangor. FELDA Sungai Tengi. Selangor. Malaysia,0,0,0,0,0,0,1,2023-03-10T18:46:41.4800000Z,0
3.5983898,101.4500543,Daerah: Selangor<br>No:580<br>Hex coord:(47;17),Hulu Selangor. FELDA Sungai Tengi. Selangor. Malaysia,0,0,0,0,0,0,1,2023-03-10T18:46:42.1696421Z,0
3.6061698,101.4635888,Daerah: Selangor<br>No:581<br>Hex coord:(48;17),Hulu Selangor. FELDA Sungai Tengi. Selangor. Malaysia,0,0,0,0,0,0,1,2023-03-10T18:46:42.8213228Z,0
3.5983898,101.4771233,Daerah: Selangor<br>No:582<br>Hex coord:(49;17),Hulu Selangor. Selangor. Malaysia,0,0,0,0,0,0,1,2023-03-10T18:46:43.5211568Z,0
3.6061698,101.4906577,Daerah: Selangor<br>No:583<br>Hex coord:(50;17),Hulu Selangor. Selangor. Malaysia,0,0,0,0,0,0,1,2023-03-10T18:46:44.1873956Z,0
3.5983898,101.5041922,Daerah: Selangor<br>No:584<br>Hex coord:(51;17),Hulu Selangor. Selangor. Malaysia,0,0,0,0,0,0,1,2023-03-10T18:46:44.8891357Z,0
3.6061698,101.5177267,Daerah: Selangor<br>No:585<br>Hex coord:(52;17),Sungai Puteh. Ulu Selangor. Malaysia,0,0,0,0,0,0,1,2023-03-10T18:46:45.5434299Z,0
3.5983898,101.5312612,Daerah: Selangor<br>No:586<br>Hex coord:(53;17),Lembah Beringin. 44100. Selangor. Malaysia,0,0,0,0,0,0,1,2023-03-10T18:46:46.2284275Z,0
3.6061698,101.5447956,Daerah: Selangor<br>No:587<br>Hex coord:(54;17),Rizab Melayu Beletak. Ulu Selangor. Malaysia,0,0,0,0,0,0,1,2023-03-10T18:46:46.9095042Z,0
3.5983898,101.5583301,Daerah: Selangor<br>No:588<br>Hex coord:(55;17),Jalan Sungai Sabai. Lembah Beringin. 44100. Selangor. Malaysia,0,0,0,0,0,0,1,2023-03-10T18:46:47.5957537Z,0
3.6061698,101.5718646,Daerah: Selangor<br>No:589<br>Hex coord:(56;17),Taman Tempua Bestari. Bernam Jaya. 44100 Kalumpang. Selangor. Malaysia,0,0,0,0,0,0,1,2023-03-10T18:46:48.2591022Z,0
3.5983898,101.5853991,Daerah: Selangor<br>No:590<br>Hex coord:(57;17),Kampung Jawa. 44100 Kerling. Selangor. Malaysia,0,0,0,0,0,0,1,2023-03-10T18:46:48.9632459Z,0
3.6061698,101.5989335,Daerah: Selangor<br>No:591<br>Hex coord:(58;17),On On Estate. Kuala Kubu Bharu. Ulu Selangor. Malaysia,0,0,0,0,0,0,1,2023-03-10T18:46:49.6525175Z,0
3.5983898,101.612468,Daerah: Selangor<br>No:592<br>Hex coord:(59;17),Jalan Berlian 3. Taman Lembah Damai. 44100 Kuala Kubu Bharu. Selangor. Malaysia,0,0,0,0,0,0,1,2023-03-10T18:46:50.3521923Z,1
3.6061698,101.6260025,Daerah: Selangor<br>No:593<br>Hex coord:(60;17),Taman Lembah Damai. 44100. Selangor. Malaysia,0,0,0,0,0,0,1,2023-03-10T18:46:51.0168337Z,0
3.5983898,101.639537,Daerah: Selangor<br>No:594<br>Hex coord:(61;17),Bukit Bertam. Ulu Selangor. Malaysia,0,0,0,0,0,0,1,2023-03-10T18:46:51.7139635Z,0
3.6061698,101.6530714,Daerah: Selangor<br>No:595<br>Hex coord:(62;17),Sungai Gawang. Ulu Selangor. Malaysia,0,0,0,0,0,0,1,2023-03-10T18:46:52.3862899Z,0
3.5983898,101.6666059,Daerah: Selangor<br>No:596<br>Hex coord:(63;17),Bukit Periar. Ulu Selangor. Malaysia,0,0,0,0,0,0,1,2023-03-10T18:46:53.0823792Z,0
3.6061698,101.6801404,Daerah: Selangor<br>No:597<br>Hex coord:(64;17),Hulu Selangor. Kuala Kubu Bharu. Selangor. Malaysia,0,0,0,0,0,0,1,2023-03-10T18:46:53.7473866Z,0
3.5983898,101.6936749,Daerah: Selangor<br>No:598<br>Hex coord:(65;17),Kampung Orang Asli Gerachi Jaya. Kuala Kubu Bharu. Selangor. Malaysia,0,0,0,0,0,0,1,2023-03-10T18:46:54.4399132Z,0
3.6061698,101.7072093,Daerah: Selangor<br>No:599<br>Hex coord:(66;17),Sungai Selangor Reservoir. Ulu Selangor. Malaysia,0,0,0,0,0,0,1,2023-03-10T18:46:55.0982779Z,0
3.5983898,101.7207438,Daerah: Selangor<br>No:600<br>Hex coord:(67;17),Hulu Selangor. Kuala Kubu Bharu. Selangor. Malaysia,0,0,0,0,0,0,1,2023-03-10T18:46:55.7833649Z,0
3.6061698,101.7342783,Daerah: Selangor<br>No:601<br>Hex coord:(68;17),Sungai Meranti. Ulu Selangor. Malaysia,0,0,0,0,0,0,1,2023-03-10T18:46:56.4378652Z,0
3.5983898,101.7478128,Daerah: Selangor<br>No:602<br>Hex coord:(69;17),Sungai Lata. Ulu Selangor. Malaysia,0,0,0,0,0,0,1,2023-03-10T18:46:57.1251017Z,0
3.6061698,101.7613472,Daerah: Selangor<br>No:603<br>Hex coord:(70;17),Gumut. Selangor. Malaysia,0,0,0,0,0,0,1,2023-03-10T18:46:57.7777764Z,0
3.5983898,101.7748817,Daerah: Selangor<br>No:604<br>Hex coord:(71;17),Hulu Selangor. Selangor. Malaysia,0,0,0,0,0,0,1,2023-03-10T18:46:58.4598529Z,0
3.6061698,101.7884162,Daerah: Selangor<br>No:605<br>Hex coord:(72;17),Hulu Selangor. Selangor. Malaysia,0,0,0,0,0,0,1,2023-03-10T18:46:59.1083575Z,0
3.5983898,101.8019507,Daerah: Selangor<br>No:606<br>Hex coord:(73;17),Hulu Selangor. Selangor. Malaysia,0,0,0,0,0,0,1,2023-03-10T18:46:59.7793130Z,0
3.5906098,101.0575545,Daerah: Selangor<br>No:607<br>Hex coord:(18;18),Pantai Sungai Nibung. Selangor. Malaysia,0,0,0,0,0,1,1,2023-03-10T18:47:00.4684274Z,0
3.5828298,101.071089,Daerah: Selangor<br>No:608<br>Hex coord:(19;18),Jalan Parit 11 Baroh. Pantai Sungai Nibung. Sungai Besar. Selangor. Malaysia,0,0,0,0,0,0,1,2023-03-10T18:47:01.1219480Z,0
3.5906098,101.0846235,Daerah: Selangor<br>No:609<br>Hex coord:(20;18),Parit Sebelas. Sungai Besar. Sabak Bernam. Malaysia,0,0,0,0,0,0,1,2023-03-10T18:47:01.8199057Z,0
3.5828298,101.098158,Daerah: Selangor<br>No:610<br>Hex coord:(21;18),Peket 100. 45400. Selangor. Malaysia,0,0,0,0,0,0,1,2023-03-10T18:47:02.4890846Z,0
3.5906098,101.1116924,Daerah: Selangor<br>No:611<br>Hex coord:(22;18),Kamping Parit Empat Sungai Haji Durani. Selangor. Malaysia,0,0,0,0,0,0,1,2023-03-10T18:47:03.1821283Z,0
3.5828298,101.1252269,Daerah: Selangor<br>No:612<br>Hex coord:(23;18),Sabak Bernam. Selangor. Malaysia,0,0,0,0,0,0,1,2023-03-10T18:47:03.8441850Z,0
3.5906098,101.1387614,Daerah: Selangor<br>No:613<br>Hex coord:(24;18),Sabak Bernam. Selangor. Malaysia,0,0,0,0,0,0,1,2023-03-10T18:47:04.5346881Z,0
3.5828298,101.1522959,Daerah: Selangor<br>No:614<br>Hex coord:(25;18),Sabak Bernam. Selangor. Malaysia,0,0,0,0,0,0,1,2023-03-10T18:47:05.1868107Z,0
3.5906098,101.1658303,Daerah: Selangor<br>No:615<br>Hex coord:(26;18),Sabak Bernam. Selangor. Malaysia,0,0,0,0,0,0,1,2023-03-10T18:47:05.8775546Z,0
3.5828298,101.1793648,Daerah: Selangor<br>No:616<br>Hex coord:(27;18),Sabak Bernam. Selangor. Malaysia,0,0,0,0,0,0,1,2023-03-10T18:47:06.5282575Z,0
3.5906098,101.1928993,Daerah: Selangor<br>No:617<br>Hex coord:(28;18),Sabak Bernam. Selangor. Malaysia,0,0,0,0,0,0,1,2023-03-10T18:47:07.2121191Z,0
3.5828298,101.2064338,Daerah: Selangor<br>No:618<br>Hex coord:(29;18),Sabak Bernam. Selangor. Malaysia,0,0,0,0,0,0,1,2023-03-10T18:47:07.8660227Z,0
3.5906098,101.2199682,Daerah: Selangor<br>No:619<br>Hex coord:(30;18),Sabak Bernam. Selangor. Malaysia,0,0,0,0,0,0,1,2023-03-10T18:47:08.5516431Z,0
3.5828298,101.2335027,Daerah: Selangor<br>No:620<br>Hex coord:(31;18),Sabak Bernam. Selangor. Malaysia,0,0,0,0,0,0,1,2023-03-10T18:47:09.2187979Z,0
3.5906098,101.2470372,Daerah: Selangor<br>No:621<br>Hex coord:(32;18),Sabak Bernam. Selangor. Malaysia,0,0,0,0,0,0,1,2023-03-10T18:47:09.9131070Z,0
3.5828298,101.2605717,Daerah: Selangor<br>No:622<br>Hex coord:(33;18),Sabak Bernam. Selangor. Malaysia,0,0,0,0,0,0,1,2023-03-10T18:47:10.5734862Z,0
3.5906098,101.2741061,Daerah: Selangor<br>No:623<br>Hex coord:(34;18),Sabak Bernam. Selangor. Malaysia,0,0,0,0,0,0,1,2023-03-10T18:47:11.2541899Z,0
3.5828298,101.2876406,Daerah: Selangor<br>No:624<br>Hex coord:(35;18),Sabak Bernam. Selangor. Malaysia,0,0,0,0,0,0,1,2023-03-10T18:47:11.9117468Z,0
3.5906098,101.3011751,Daerah: Selangor<br>No:625<br>Hex coord:(36;18),Sabak Bernam. Selangor. Malaysia,0,0,0,0,0,0,1,2023-03-10T18:47:12.6047498Z,0
3.5828298,101.3147096,Daerah: Selangor<br>No:626<br>Hex coord:(37;18),Kuala Selangor. Selangor. Malaysia,0,0,0,0,0,0,1,2023-03-10T18:47:13.2583735Z,0
3.5906098,101.328244,Daerah: Selangor<br>No:627<br>Hex coord:(38;18),Kuala Selangor. Selangor. Malaysia,0,0,0,0,0,0,1,2023-03-10T18:47:13.9566371Z,0
3.5828298,101.3417785,Daerah: Selangor<br>No:628<br>Hex coord:(39;18),Kuala Selangor. Selangor. Malaysia,0,0,0,0,0,0,1,2023-03-10T18:47:14.6168383Z,0
3.5906098,101.355313,Daerah: Selangor<br>No:629<br>Hex coord:(40;18),Kuala Selangor. Selangor. Malaysia,0,0,0,0,0,0,1,2023-03-10T18:47:15.3016112Z,0
3.5828298,101.3688475,Daerah: Selangor<br>No:630<br>Hex coord:(41;18),Hulu Selangor. Selangor. Malaysia,0,0,0,0,0,0,1,2023-03-10T18:47:15.9664495Z,0
3.5906098,101.3823819,Daerah: Selangor<br>No:631<br>Hex coord:(42;18),Hulu Selangor. Selangor. Malaysia,0,0,0,0,0,0,1,2023-03-10T18:47:16.6559289Z,0
3.5828298,101.3959164,Daerah: Selangor<br>No:632<br>Hex coord:(43;18),Hulu Selangor. Selangor. Malaysia,0,0,0,0,0,0,1,2023-03-10T18:47:17.3127294Z,0
3.5906098,101.4094509,Daerah: Selangor<br>No:633<br>Hex coord:(44;18),Hulu Selangor. FELDA Sungai Tengi. Selangor. Malaysia,0,0,0,0,0,0,1,2023-03-10T18:47:18.0057131Z,0
3.5828298,101.4229854,Daerah: Selangor<br>No:634<br>Hex coord:(45;18),Jalan Sungai Tengi. Hulu Selangor. Selangor. Malaysia,0,0,0,0,0,0,1,2023-03-10T18:47:18.6683953Z,0
3.5906098,101.4365198,Daerah: Selangor<br>No:635<br>Hex coord:(46;18),Hulu Selangor. FELDA Sungai Tengi Selatan. Selangor. Malaysia,0,0,0,0,0,0,1,2023-03-10T18:47:19.3641912Z,0
3.5828298,101.4500543,Daerah: Selangor<br>No:636<br>Hex coord:(47;18),Hulu Selangor. FELDA Sungai Tengi Selatan. Selangor. Malaysia,0,0,0,0,0,0,1,2023-03-10T18:47:20.0186025Z,0
3.5906098,101.4635888,Daerah: Selangor<br>No:637<br>Hex coord:(48;18),Bukit Tunggal. Ulu Selangor. Malaysia,0,0,0,0,0,0,1,2023-03-10T18:47:20.7076731Z,0
3.5828298,101.4771233,Daerah: Selangor<br>No:638<br>Hex coord:(49;18),Hulu Selangor. Selangor. Malaysia,0,0,0,0,0,0,1,2023-03-10T18:47:21.3648330Z,0
3.5906098,101.4906577,Daerah: Selangor<br>No:639<br>Hex coord:(50;18),Hulu Selangor. Selangor. Malaysia,0,0,0,0,0,0,1,2023-03-10T18:47:22.0585614Z,0
3.5828298,101.5041922,Daerah: Selangor<br>No:640<br>Hex coord:(51;18),Hulu Selangor. Selangor. Malaysia,0,0,0,0,0,0,1,2023-03-10T18:47:22.7183162Z,0
3.5906098,101.5177267,Daerah: Selangor<br>No:641<br>Hex coord:(52;18),North–South Expressway. Bernam Jaya. 3590. Selangor. Malaysia,0,0,0,0,0,0,1,2023-03-10T18:47:23.4132029Z,0
3.5828298,101.5312612,Daerah: Selangor<br>No:642<br>Hex coord:(53;18),Sungai Jerneh. Ulu Selangor. Malaysia,0,0,0,0,0,0,1,2023-03-10T18:47:24.0851009Z,0
3.5906098,101.5447956,Daerah: Selangor<br>No:643<br>Hex coord:(54;18),Lembah Beringin. Selangor. Malaysia,0,0,0,0,0,0,1,2023-03-10T18:47:24.7715879Z,0
3.5828298,101.5583301,Daerah: Selangor<br>No:644<br>Hex coord:(55;18),Lembah Beringin. 44100. Selangor. Malaysia,0,0,0,0,0,0,1,2023-03-10T18:47:25.4387584Z,0
3.5906098,101.5718646,Daerah: Selangor<br>No:645<br>Hex coord:(56;18),Ulu Selangor. Malaysia,0,0,0,0,0,0,1,2023-03-10T18:47:26.1287148Z,0
3.5828298,101.5853991,Daerah: Selangor<br>No:646<br>Hex coord:(57;18),Kampung Jawa. 44100. Selangor. Malaysia,0,0,0,0,0,0,1,2023-03-10T18:47:26.7896380Z,0
3.5906098,101.5989335,Daerah: Selangor<br>No:647<br>Hex coord:(58;18),Kampung Jawa. 44100. Selangor. Malaysia,1,0,0,0,0,0,1,2023-03-10T18:47:27.4787030Z,0
3.5828298,101.612468,Daerah: Selangor<br>No:648<br>Hex coord:(59;18),Sungai Jang. Kuala Kubu Bharu. Ulu Selangor. Malaysia,0,0,0,0,0,0,1,2023-03-10T18:47:28.1432159Z,0
3.5906098,101.6260025,Daerah: Selangor<br>No:649<br>Hex coord:(60;18),Taman Lembah Damai. 44100. Selangor. Malaysia,0,0,0,0,0,0,1,2023-03-10T18:47:28.8352474Z,0
3.5828298,101.639537,Daerah: Selangor<br>No:650<br>Hex coord:(61;18),Kampung Sungai Jang. Selangor. Malaysia,0,0,0,0,0,0,1,2023-03-10T18:47:29.5083378Z,0
3.5906098,101.6530714,Daerah: Selangor<br>No:651<br>Hex coord:(62;18),Taman Padang Tembak. Kuala Kubu Bharu. Selangor. Malaysia,0,0,0,0,0,0,1,2023-03-10T18:47:30.1992365Z,0
3.5828298,101.6666059,Daerah: Selangor<br>No:652<br>Hex coord:(63;18),Jalan Seruling 15. Kuala Kubu Bharu. Selangor. Malaysia,0,0,0,0,0,0,1,2023-03-10T18:47:30.8690035Z,0
3.5906098,101.6801404,Daerah: Selangor<br>No:653<br>Hex coord:(64;18),Bukit Hulu Kubu. Ulu Selangor. Malaysia,0,0,0,0,0,0,1,2023-03-10T18:47:31.5672114Z,0
3.5828298,101.6936749,Daerah: Selangor<br>No:654<br>Hex coord:(65;18),Kampung Orang Asli Gerachi Jaya. Selangor. Malaysia,0,0,0,0,0,0,1,2023-03-10T18:47:32.2380904Z,0
3.5906098,101.7072093,Daerah: Selangor<br>No:655<br>Hex coord:(66;18),Sungai Temiang. Ulu Selangor. Malaysia,0,0,0,0,0,0,1,2023-03-10T18:47:32.9207688Z,0
3.5828298,101.7207438,Daerah: Selangor<br>No:656<br>Hex coord:(67;18),Sungai Selangor Reservoir. 55. Taman Selesa. Selangor. Malaysia,0,0,0,0,0,0,1,2023-03-10T18:47:33.5891282Z,0
3.5906098,101.7342783,Daerah: Selangor<br>No:657<br>Hex coord:(68;18),Sunai Chilling. Selangor. Malaysia,0,0,0,0,0,0,1,2023-03-10T18:47:34.2701851Z,0
3.5828298,101.7478128,Daerah: Selangor<br>No:658<br>Hex coord:(69;18),Kampung Orang Asli Pertak. Selangor. Malaysia,0,0,0,0,0,0,1,2023-03-10T18:47:34.9289804Z,0
3.5906098,101.7613472,Daerah: Selangor<br>No:659<br>Hex coord:(70;18),Hulu Selangor. Selangor. Malaysia,0,0,0,0,0,0,1,2023-03-10T18:47:35.6105617Z,0
3.5828298,101.7748817,Daerah: Selangor<br>No:660<br>Hex coord:(71;18),Hulu Selangor. Selangor. Malaysia,0,0,0,0,0,0,1,2023-03-10T18:47:36.2671449Z,0
3.5906098,101.7884162,Daerah: Selangor<br>No:661<br>Hex coord:(72;18),Hulu Selangor. Selangor. Malaysia,0,0,0,0,0,0,1,2023-03-10T18:47:36.9500327Z,0
3.5828298,101.8019507,Daerah: Selangor<br>No:662<br>Hex coord:(73;18),Hulu Selangor. Selangor. Malaysia,0,0,0,0,0,0,1,2023-03-10T18:47:37.6017893Z,0
3.5672698,101.071089,Daerah: Selangor<br>No:663<br>Hex coord:(19;19),Pantai Sungai Nibung. Selangor. Malaysia,0,0,0,0,0,0,1,2023-03-10T18:47:38.3003109Z,0
3.5750498,101.0846235,Daerah: Selangor<br>No:664<br>Hex coord:(20;19),Parit Sepuluh. Sungai Besar. Sabak Bernam. Malaysia,0,0,0,0,0,0,1,2023-03-10T18:47:38.9617953Z,0
3.5672698,101.098158,Daerah: Selangor<br>No:665<br>Hex coord:(21;19),Pantai Sungai Nibung. Selangor. Malaysia,0,0,0,0,0,0,1,2023-03-10T18:47:39.6506027Z,0
3.5750498,101.1116924,Daerah: Selangor<br>No:666<br>Hex coord:(22;19),Pantai Sungai Nibung. Selangor. Malaysia,0,0,0,0,0,0,1,2023-03-10T18:47:40.3148195Z,0
3.5672698,101.1252269,Daerah: Selangor<br>No:667<br>Hex coord:(23;19),Kamping Parit Empat Sungai Haji Durani. Selangor. Malaysia,0,0,0,0,0,0,1,2023-03-10T18:47:41.0112507Z,0
3.5750498,101.1387614,Daerah: Selangor<br>No:668<br>Hex coord:(24;19),Sabak Bernam. Selangor. Malaysia,0,0,0,0,0,0,1,2023-03-10T18:47:41.6701973Z,0
3.5672698,101.1522959,Daerah: Selangor<br>No:669<br>Hex coord:(25;19),Sabak Bernam. Selangor. Malaysia,0,0,0,0,0,0,1,2023-03-10T18:47:42.3631104Z,0
3.5750498,101.1658303,Daerah: Selangor<br>No:670<br>Hex coord:(26;19),Sabak Bernam. Selangor. Malaysia,0,0,0,0,0,0,1,2023-03-10T18:47:43.0221772Z,0
3.5672698,101.1793648,Daerah: Selangor<br>No:671<br>Hex coord:(27;19),Sabak Bernam. Selangor. Malaysia,0,0,0,0,0,0,1,2023-03-10T18:47:43.7078672Z,0
3.5750498,101.1928993,Daerah: Selangor<br>No:672<br>Hex coord:(28;19),Sabak Bernam. Selangor. Malaysia,0,0,0,0,0,0,1,2023-03-10T18:47:44.3763321Z,0
3.5672698,101.2064338,Daerah: Selangor<br>No:673<br>Hex coord:(29;19),Sabak Bernam. Selangor. Malaysia,0,0,0,0,0,0,1,2023-03-10T18:47:45.0759161Z,0
3.5750498,101.2199682,Daerah: Selangor<br>No:674<br>Hex coord:(30;19),Sabak Bernam. Selangor. Malaysia,0,0,0,0,0,0,1,2023-03-10T18:47:45.7358883Z,0
3.5672698,101.2335027,Daerah: Selangor<br>No:675<br>Hex coord:(31;19),Sabak Bernam. Selangor. Malaysia,0,0,0,0,0,0,1,2023-03-10T18:47:46.4161106Z,0
3.5750498,101.2470372,Daerah: Selangor<br>No:676<br>Hex coord:(32;19),Sabak Bernam. Selangor. Malaysia,0,0,0,0,0,0,1,2023-03-10T18:47:47.0745654Z,0
3.5672698,101.2605717,Daerah: Selangor<br>No:677<br>Hex coord:(33;19),Sabak Bernam. Selangor. Malaysia,0,0,0,0,0,0,1,2023-03-10T18:47:47.7584935Z,0
3.5750498,101.2741061,Daerah: Selangor<br>No:678<br>Hex coord:(34;19),Sabak Bernam. Selangor. Malaysia,0,0,0,0,0,0,1,2023-03-10T18:47:48.4162854Z,0
3.5672698,101.2876406,Daerah: Selangor<br>No:679<br>Hex coord:(35;19),Kuala Selangor. Selangor. Malaysia,0,0,0,0,0,0,1,2023-03-10T18:47:49.0979175Z,0
3.5750498,101.3011751,Daerah: Selangor<br>No:680<br>Hex coord:(36;19),Kuala Selangor. Selangor. Malaysia,0,0,0,0,0,0,1,2023-03-10T18:47:49.7686884Z,0
3.5672698,101.3147096,Daerah: Selangor<br>No:681<br>Hex coord:(37;19),Kuala Selangor. Selangor. Malaysia,0,0,0,0,0,0,1,2023-03-10T18:47:50.4491569Z,0
3.5750498,101.328244,Daerah: Selangor<br>No:682<br>Hex coord:(38;19),Kuala Selangor. Selangor. Malaysia,0,0,0,0,0,0,1,2023-03-10T18:47:51.1064032Z,0
3.5672698,101.3417785,Daerah: Selangor<br>No:683<br>Hex coord:(39;19),Kuala Selangor. Selangor. Malaysia,0,0,0,0,0,0,1,2023-03-10T18:47:51.8076531Z,0
3.5750498,101.355313,Daerah: Selangor<br>No:684<br>Hex coord:(40;19),Kuala Selangor. Selangor. Malaysia,0,0,0,0,0,0,1,2023-03-10T18:47:52.4608650Z,0
3.5672698,101.3688475,Daerah: Selangor<br>No:685<br>Hex coord:(41;19),Kuala Selangor. Selangor. Malaysia,0,0,0,0,0,0,1,2023-03-10T18:47:53.1834638Z,0
3.5750498,101.3823819,Daerah: Selangor<br>No:686<br>Hex coord:(42;19),Hulu Selangor. Selangor. Malaysia,0,0,0,0,0,0,1,2023-03-10T18:47:53.8759094Z,0
3.5672698,101.3959164,Daerah: Selangor<br>No:687<br>Hex coord:(43;19),Hulu Selangor. FELDA Sungai Tengi Selatan. Selangor. Malaysia,2,0,0,0,0,0,1,2023-03-10T18:47:54.5697553Z,0
3.5750498,101.4094509,Daerah: Selangor<br>No:688<br>Hex coord:(44;19),Hulu Selangor. FELDA Sungai Tengi Selatan. Selangor. Malaysia,0,0,0,0,0,0,1,2023-03-10T18:47:55.2238128Z,0
3.5672698,101.4229854,Daerah: Selangor<br>No:689<br>Hex coord:(45;19),Hulu Selangor. FELDA Sungai Tengi Selatan. Selangor. Malaysia,0,0,0,0,0,0,1,2023-03-10T18:47:55.9090229Z,0
3.5750498,101.4365198,Daerah: Selangor<br>No:690<br>Hex coord:(46;19),Jalan Sungai Tengi. Hulu Selangor. Selangor. Malaysia,0,0,0,0,0,0,1,2023-03-10T18:47:56.5752329Z,0
3.5672698,101.4500543,Daerah: Selangor<br>No:691<br>Hex coord:(47;19),Hulu Selangor. FELDA Sungai Tengi Selatan. Selangor. Malaysia,0,0,0,0,0,0,1,2023-03-10T18:47:57.2677610Z,0
3.5750498,101.4635888,Daerah: Selangor<br>No:692<br>Hex coord:(48;19),Bukit Tunggal. Ulu Selangor. Malaysia,0,0,0,0,0,0,1,2023-03-10T18:47:57.9280798Z,0
3.5672698,101.4771233,Daerah: Selangor<br>No:693<br>Hex coord:(49;19),Hulu Selangor. Selangor. Malaysia,0,0,0,0,0,0,1,2023-03-10T18:47:58.6119783Z,0
3.5750498,101.4906577,Daerah: Selangor<br>No:694<br>Hex coord:(50;19),Sungai Tinggi Reservoir. North–South Expressway. Bernam Jaya. 3590. Selangor. Malaysia,0,0,0,0,0,0,1,2023-03-10T18:47:59.2718053Z,0
3.5672698,101.5041922,Daerah: Selangor<br>No:695<br>Hex coord:(51;19),Hulu Selangor. Selangor. Malaysia,0,0,0,0,0,0,1,2023-03-10T18:47:59.9760799Z,0
3.5750498,101.5177267,Daerah: Selangor<br>No:696<br>Hex coord:(52;19),Lebuhraya Utara–Selatan. Kuala Kubu Bharu. Selangor. Malaysia,0,0,0,0,0,0,1,2023-03-10T18:48:00.6330574Z,0
3.5672698,101.5312612,Daerah: Selangor<br>No:697<br>Hex coord:(53;19),Ladang Sungai Belat. Kuala Kubu Bharu. Ulu Selangor. Malaysia,0,0,0,0,0,0,1,2023-03-10T18:48:01.3180149Z,1
3.5750498,101.5447956,Daerah: Selangor<br>No:698<br>Hex coord:(54;19),Jalan Kenari 23E. Lembah Beringin. Kuala Kubu Bharu. Selangor. Malaysia,0,0,0,0,0,0,1,2023-03-10T18:48:01.9709018Z,0
3.5672698,101.5583301,Daerah: Selangor<br>No:699<br>Hex coord:(55;19),Lembah Beringin. 44100. Selangor. Malaysia,0,0,0,0,0,0,1,2023-03-10T18:48:02.6683085Z,0
3.5750498,101.5718646,Daerah: Selangor<br>No:700<br>Hex coord:(56;19),Lembah Beringin. 44100. Selangor. Malaysia,0,0,0,0,0,0,1,2023-03-10T18:48:03.3260077Z,0
3.5672698,101.5853991,Daerah: Selangor<br>No:701<br>Hex coord:(57;19),SJK (T) Ladang Kerling. Ulu Selangor. Malaysia,0,0,0,0,0,0,1,2023-03-10T18:48:04.0165230Z,0
3.5750498,101.5989335,Daerah: Selangor<br>No:702<br>Hex coord:(58;19),Rizab Melayu Kerling. Ulu Selangor. Malaysia,0,0,0,0,0,0,1,2023-03-10T18:48:04.6909692Z,0
3.5672698,101.612468,Daerah: Selangor<br>No:703<br>Hex coord:(59;19),Kampung Pasir. Selangor. Malaysia,0,0,0,0,0,0,1,2023-03-10T18:48:05.3864830Z,0
3.5750498,101.6260025,Daerah: Selangor<br>No:704<br>Hex coord:(60;19),Kuala Kubu Road. Selangor. Malaysia,0,0,0,0,0,0,1,2023-03-10T18:48:06.0550907Z,0
3.5672698,101.639537,Daerah: Selangor<br>No:705<br>Hex coord:(61;19),Asrama Penghuni Rumah Ehsan. Jalan Padang Golf. Kampung Orang Asli Tun Abdul Razak. Kuala Kubu Bharu. Selangor. Malaysia,0,0,0,0,0,0,1,2023-03-10T18:48:06.7522949Z,0
3.5750498,101.6530714,Daerah: Selangor<br>No:706<br>Hex coord:(62;19),SK Tun Abdul Razak. Kuala Kubu Bharu. Ulu Selangor. Malaysia,0,0,0,0,0,0,1,2023-03-10T18:48:07.4206191Z,0
3.5672698,101.6666059,Daerah: Selangor<br>No:707<br>Hex coord:(63;19),Jalan Bunga Ros. Taman Bukit Bunga. Kuala Kubu Bharu. Selangor. Malaysia,0,0,0,0,0,0,1,2023-03-10T18:48:08.1273937Z,0
3.5750498,101.6801404,Daerah: Selangor<br>No:708<br>Hex coord:(64;19),Bukit Menggaru Mati. Ulu Selangor. Malaysia,0,0,0,0,0,0,1,2023-03-10T18:48:08.7893938Z,0
3.5672698,101.6936749,Daerah: Selangor<br>No:709<br>Hex coord:(65;19),Sungai Gahau. Ulu Selangor. Malaysia,0,0,0,0,0,0,1,2023-03-10T18:48:09.4916853Z,0
3.5750498,101.7072093,Daerah: Selangor<br>No:710<br>Hex coord:(66;19),Sungai Selangor. Selangor. Malaysia,0,0,0,0,0,0,1,2023-03-10T18:48:10.1649351Z,0
3.5672698,101.7207438,Daerah: Selangor<br>No:711<br>Hex coord:(67;19),55. Kampung Orang Asli Pertak. Selangor. Malaysia,0,0,0,0,0,0,1,2023-03-10T18:48:10.8667162Z,0
3.5750498,101.7342783,Daerah: Selangor<br>No:712<br>Hex coord:(68;19),Sungai Pertak Picnic Site. Ulu Selangor. Malaysia,0,0,0,0,0,0,1,2023-03-10T18:48:11.5351807Z,0
3.5672698,101.7478128,Daerah: Selangor<br>No:713<br>Hex coord:(69;19),Campground. Ulu Selangor. Malaysia,0,0,0,0,0,0,1,2023-03-10T18:48:12.2285447Z,0
3.5750498,101.7613472,Daerah: Selangor<br>No:714<br>Hex coord:(70;19),Hulu Selangor. Selangor. Malaysia,0,0,0,0,0,0,1,2023-03-10T18:48:12.8820702Z,0
3.5672698,101.7748817,Daerah: Selangor<br>No:715<br>Hex coord:(71;19),Kem Renoma. Gunung Rajah From KKB. Gumut. Selangor. Malaysia,0,0,0,0,0,0,1,2023-03-10T18:48:13.5751983Z,0
3.5750498,101.7884162,Daerah: Selangor<br>No:716<br>Hex coord:(72;19),Hulu Selangor. Selangor. Malaysia,0,0,0,0,0,0,1,2023-03-10T18:48:14.2250150Z,0
3.5672698,101.8019507,Daerah: Selangor<br>No:717<br>Hex coord:(73;19),Hulu Selangor. Selangor. Malaysia,0,0,0,0,0,0,1,2023-03-10T18:48:14.9194038Z,0
3.5594898,101.0846235,Daerah: Selangor<br>No:718<br>Hex coord:(20;20),Jalan Kuala Selangor - Teluk Intan. Sungai Besar. Selangor. Malaysia,1,0,0,0,0,0,1,2023-03-10T18:48:15.5809532Z,0
3.5517098,101.098158,Daerah: Selangor<br>No:719<br>Hex coord:(21;20),Sabak Bernam. Selangor. Malaysia,0,0,0,0,0,0,1,2023-03-10T18:48:16.2857659Z,0
3.5594898,101.1116924,Daerah: Selangor<br>No:720<br>Hex coord:(22;20),Sabak Bernam. Selangor. Malaysia,0,0,0,0,0,0,1,2023-03-10T18:48:16.9543062Z,0
3.5517098,101.1252269,Daerah: Selangor<br>No:721<br>Hex coord:(23;20),Taman Aman. 45400. Selangor. Malaysia,0,0,0,0,0,0,1,2023-03-10T18:48:17.6362339Z,0
3.5594898,101.1387614,Daerah: Selangor<br>No:722<br>Hex coord:(24;20),Sabak Bernam. 45400 Sekinchan. Selangor. Malaysia,0,0,0,0,0,0,1,2023-03-10T18:48:18.2943194Z,0
3.5517098,101.1522959,Daerah: Selangor<br>No:723<br>Hex coord:(25;20),Sabak Bernam. 45400 Sekinchan. Selangor. Malaysia,0,0,0,0,0,0,1,2023-03-10T18:48:18.9792472Z,0
3.5594898,101.1658303,Daerah: Selangor<br>No:724<br>Hex coord:(26;20),Sabak Bernam. Selangor. Malaysia,0,0,0,0,0,0,1,2023-03-10T18:48:19.6410262Z,0
3.5517098,101.1793648,Daerah: Selangor<br>No:725<br>Hex coord:(27;20),Sabak Bernam. Selangor. Malaysia,0,0,0,0,0,0,1,2023-03-10T18:48:20.3286850Z,0
3.5594898,101.1928993,Daerah: Selangor<br>No:726<br>Hex coord:(28;20),Sabak Bernam. Selangor. Malaysia,0,0,0,0,0,0,1,2023-03-10T18:48:20.9848688Z,0
3.5517098,101.2064338,Daerah: Selangor<br>No:727<br>Hex coord:(29;20),Sabak Bernam. Selangor. Malaysia,0,0,0,0,0,0,1,2023-03-10T18:48:21.6666543Z,0
3.5594898,101.2199682,Daerah: Selangor<br>No:728<br>Hex coord:(30;20),Sabak Bernam. Selangor. Malaysia,0,0,0,0,0,0,1,2023-03-10T18:48:22.3247655Z,0
3.5517098,101.2335027,Daerah: Selangor<br>No:729<br>Hex coord:(31;20),Kuala Selangor. Selangor. Malaysia,0,0,0,0,0,0,1,2023-03-10T18:48:23.0192876Z,0
3.5594898,101.2470372,Daerah: Selangor<br>No:730<br>Hex coord:(32;20),Kuala Selangor. Selangor. Malaysia,0,0,0,0,0,0,1,2023-03-10T18:48:23.6784635Z,0
3.5517098,101.2605717,Daerah: Selangor<br>No:731<br>Hex coord:(33;20),Kuala Selangor. Selangor. Malaysia,0,0,0,0,0,0,1,2023-03-10T18:48:24.3742085Z,0
3.5594898,101.2741061,Daerah: Selangor<br>No:732<br>Hex coord:(34;20),Kuala Selangor. Selangor. Malaysia,0,0,0,0,0,0,1,2023-03-10T18:48:25.0292498Z,0
3.5517098,101.2876406,Daerah: Selangor<br>No:733<br>Hex coord:(35;20),Kuala Selangor. Selangor. Malaysia,0,0,0,0,0,0,1,2023-03-10T18:48:25.7215631Z,0
3.5594898,101.3011751,Daerah: Selangor<br>No:734<br>Hex coord:(36;20),Kuala Selangor. Selangor. Malaysia,0,0,0,0,0,0,1,2023-03-10T18:48:26.3798197Z,0
3.5517098,101.3147096,Daerah: Selangor<br>No:735<br>Hex coord:(37;20),Kuala Selangor. Selangor. Malaysia,0,0,0,0,0,0,1,2023-03-10T18:48:27.0756436Z,0
3.5594898,101.328244,Daerah: Selangor<br>No:736<br>Hex coord:(38;20),Kuala Selangor. Selangor. Malaysia,0,0,0,0,0,0,1,2023-03-10T18:48:27.7340141Z,0
3.5517098,101.3417785,Daerah: Selangor<br>No:737<br>Hex coord:(39;20),Kuala Selangor. Selangor. Malaysia,0,0,0,0,0,0,1,2023-03-10T18:48:28.4161565Z,0
3.5594898,101.355313,Daerah: Selangor<br>No:738<br>Hex coord:(40;20),Kuala Selangor. Selangor. Malaysia,0,0,0,0,0,0,1,2023-03-10T18:48:29.0847862Z,0
3.5517098,101.3688475,Daerah: Selangor<br>No:739<br>Hex coord:(41;20),Kuala Selangor. Selangor. Malaysia,0,0,0,0,0,0,1,2023-03-10T18:48:29.7811876Z,0
3.5594898,101.3823819,Daerah: Selangor<br>No:740<br>Hex coord:(42;20),Kuala Selangor. Selangor. Malaysia,2,0,0,0,0,0,1,2023-03-10T18:48:30.4443546Z,0
3.5517098,101.3959164,Daerah: Selangor<br>No:741<br>Hex coord:(43;20),Kuala Selangor. Selangor. Malaysia,0,0,0,0,0,0,1,2023-03-10T18:48:31.1308794Z,0
3.5594898,101.4094509,Daerah: Selangor<br>No:742<br>Hex coord:(44;20),Hulu Selangor. FELDA Sungai Tengi Selatan. Selangor. Malaysia,0,0,0,0,0,0,1,2023-03-10T18:48:31.8159095Z,0
3.5517098,101.4229854,Daerah: Selangor<br>No:743<br>Hex coord:(45;20),Bukit Ginting Perah. Ulu Selangor. Malaysia,0,0,0,0,0,0,1,2023-03-10T18:48:32.5082125Z,0
3.5594898,101.4365198,Daerah: Selangor<br>No:744<br>Hex coord:(46;20),Hulu Selangor. Selangor. Malaysia,0,0,0,0,0,0,1,2023-03-10T18:48:33.1688300Z,0
3.5517098,101.4500543,Daerah: Selangor<br>No:745<br>Hex coord:(47;20),Hulu Selangor. FELDA Sungai Tengi Selatan. Selangor. Malaysia,0,0,0,0,0,0,1,2023-03-10T18:48:33.8541712Z,0
3.5594898,101.4635888,Daerah: Selangor<br>No:746<br>Hex coord:(48;20),Hulu Selangor. FELDA Sungai Tengi Selatan. Selangor. Malaysia,0,0,0,0,0,0,1,2023-03-10T18:48:34.5203134Z,0
3.5517098,101.4771233,Daerah: Selangor<br>No:747<br>Hex coord:(49;20),Lembah Beringin. Selangor. Malaysia,0,0,0,0,0,0,1,2023-03-10T18:48:35.2003348Z,0
3.5594898,101.4906577,Daerah: Selangor<br>No:748<br>Hex coord:(50;20),Hulu Selangor. Selangor. Malaysia,0,0,0,0,0,0,1,2023-03-10T18:48:35.8600729Z,0
3.5517098,101.5041922,Daerah: Selangor<br>No:749<br>Hex coord:(51;20),Hulu Selangor. Selangor. Malaysia,0,0,0,0,0,0,1,2023-03-10T18:48:36.5440373Z,0
3.5594898,101.5177267,Daerah: Selangor<br>No:750<br>Hex coord:(52;20),North–South Expressway. Lembah Beringin. Selangor. Malaysia,0,0,0,0,0,0,1,2023-03-10T18:48:37.2044598Z,0
3.5517098,101.5312612,Daerah: Selangor<br>No:751<br>Hex coord:(53;20),Lembah Beringin. Selangor. Malaysia,0,0,0,0,0,0,1,2023-03-10T18:48:37.8950393Z,0
3.5594898,101.5447956,Daerah: Selangor<br>No:752<br>Hex coord:(54;20),UEM Foundation College. Lembah Beringin. Selangor. Malaysia,1,0,0,0,0,0,1,2023-03-10T18:48:38.5657927Z,0
3.5517098,101.5583301,Daerah: Selangor<br>No:753<br>Hex coord:(55;20),Sungai Jeram Belanga. Ulu Selangor. Malaysia,0,0,0,0,0,0,1,2023-03-10T18:48:39.2609025Z,0
3.5594898,101.5718646,Daerah: Selangor<br>No:754<br>Hex coord:(56;20),Ulu Selangor. Malaysia,0,0,0,0,0,0,1,2023-03-10T18:48:39.9229077Z,0
3.5517098,101.5853991,Daerah: Selangor<br>No:755<br>Hex coord:(57;20),Sungai Ledang Estate. Ulu Selangor. Malaysia,0,0,0,0,0,0,1,2023-03-10T18:48:40.6120091Z,0
3.5594898,101.5989335,Daerah: Selangor<br>No:756<br>Hex coord:(58;20),Ulu Selangor. Malaysia,0,0,0,0,0,0,1,2023-03-10T18:48:41.2805103Z,0
3.5517098,101.612468,Daerah: Selangor<br>No:757<br>Hex coord:(59;20),Kuala Kubu Road. Selangor. Malaysia,0,0,0,0,0,0,1,2023-03-10T18:48:41.9770064Z,0
3.5594898,101.6260025,Daerah: Selangor<br>No:758<br>Hex coord:(60;20),Jalan Kuala Lumpur - Tanjung Malim. Kampung Dagang Setia. Selangor. Malaysia,0,0,0,0,0,0,1,2023-03-10T18:48:42.6479408Z,0
3.5517098,101.639537,Daerah: Selangor<br>No:759<br>Hex coord:(61;20),Kampung Dagang Setia. Selangor. Malaysia,0,0,0,0,0,0,1,2023-03-10T18:48:43.3491140Z,0
3.5594898,101.6530714,Daerah: Selangor<br>No:760<br>Hex coord:(62;20),Restoran Sri Mutiara. Kuala Kubu Bharu. Ulu Selangor. Malaysia,0,0,0,0,0,0,1,2023-03-10T18:48:44.2247583Z,0
3.5517098,101.6666059,Daerah: Selangor<br>No:761<br>Hex coord:(63;20),Taman Ampang Pecah. Selangor. Malaysia,0,0,0,0,0,0,1,2023-03-10T18:48:44.9154493Z,0
3.5594898,101.6801404,Daerah: Selangor<br>No:762<br>Hex coord:(64;20),Bukit Batu Pahat. Kuala Kubu Bharu. Ulu Selangor. Malaysia,0,0,0,0,0,0,1,2023-03-10T18:48:45.5799507Z,0
3.5517098,101.6936749,Daerah: Selangor<br>No:763<br>Hex coord:(65;20),Old Colonial Route to Bukit Kutu. Hulu Selangor. Selangor. Malaysia,0,0,0,0,0,0,1,2023-03-10T18:48:46.2671190Z,0
3.5594898,101.7072093,Daerah: Selangor<br>No:764<br>Hex coord:(66;20),Hulu Selangor. Kuala Kubu Bharu. Selangor. Malaysia,0,0,0,0,0,0,1,2023-03-10T18:48:46.9217205Z,0
3.5517098,101.7207438,Daerah: Selangor<br>No:765<br>Hex coord:(67;20),Bukit Kutu. Ulu Selangor. Malaysia,0,0,0,0,0,0,1,2023-03-10T18:48:47.6214338Z,0
3.5594898,101.7342783,Daerah: Selangor<br>No:766<br>Hex coord:(68;20),Bukit Kutu Trail. Selangor. Malaysia,0,0,0,0,0,0,1,2023-03-10T18:48:48.2780808Z,0
3.5517098,101.7478128,Daerah: Selangor<br>No:767<br>Hex coord:(69;20),Lata Medang Trail. Selangor. Malaysia,0,0,0,0,0,0,1,2023-03-10T18:48:48.9672903Z,0
3.5594898,101.7613472,Daerah: Selangor<br>No:768<br>Hex coord:(70;20),Sungai Sanggong. Ulu Selangor. Malaysia,0,0,0,0,0,0,1,2023-03-10T18:48:49.6218456Z,0
3.5517098,101.7748817,Daerah: Selangor<br>No:769<br>Hex coord:(71;20),Hulu Selangor. Selangor. Malaysia,0,0,0,0,0,0,1,2023-03-10T18:48:50.3069220Z,0
3.5594898,101.7884162,Daerah: Selangor<br>No:770<br>Hex coord:(72;20),Kem R&R. Ulu Selangor. Malaysia,0,0,0,0,0,0,1,2023-03-10T18:48:50.9604351Z,0
3.5517098,101.8019507,Daerah: Selangor<br>No:771<br>Hex coord:(73;20),Mount Rajah. Bentong. Malaysia,0,0,0,0,0,0,1,2023-03-10T18:48:51.6566464Z,0
3.5439298,101.0846235,Daerah: Selangor<br>No:772<br>Hex coord:(20;21),Sabak Bernam. Selangor. Malaysia,0,0,0,0,0,0,1,2023-03-10T18:48:52.3138598Z,0
3.5361498,101.098158,Daerah: Selangor<br>No:773<br>Hex coord:(21;21),Tali Air Tujuh. Sabak Bernam. Malaysia,0,0,0,0,0,0,1,2023-03-10T18:48:53.0004414Z,0
3.5439298,101.1116924,Daerah: Selangor<br>No:774<br>Hex coord:(22;21),Taman Aman. 45400. Selangor. Malaysia,0,0,0,0,0,0,1,2023-03-10T18:48:53.6759988Z,0
3.5361498,101.1252269,Daerah: Selangor<br>No:775<br>Hex coord:(23;21),Taman Aman. 45400. Selangor. Malaysia,0,0,0,0,0,0,1,2023-03-10T18:48:54.3718757Z,0
3.5439298,101.1387614,Daerah: Selangor<br>No:776<br>Hex coord:(24;21),Taman Aman. 45400. Selangor. Malaysia,0,0,0,0,0,0,1,2023-03-10T18:48:55.0315269Z,0
3.5361498,101.1522959,Daerah: Selangor<br>No:777<br>Hex coord:(25;21),Kamping Parit Empat Sungai Haji Durani. Selangor. Malaysia,0,0,0,0,0,0,1,2023-03-10T18:48:55.7178422Z,0
3.5439298,101.1658303,Daerah: Selangor<br>No:778<br>Hex coord:(26;21),Sabak Bernam. 45400 Sekinchan. Selangor. Malaysia,0,0,0,0,0,0,1,2023-03-10T18:48:56.3677132Z,0
3.5361498,101.1793648,Daerah: Selangor<br>No:779<br>Hex coord:(27;21),Kuala Selangor. Selangor. Malaysia,0,0,0,0,0,0,1,2023-03-10T18:48:57.0539192Z,0
3.5439298,101.1928993,Daerah: Selangor<br>No:780<br>Hex coord:(28;21),Sabak Bernam. Selangor. Malaysia,0,0,0,0,0,0,1,2023-03-10T18:48:57.7125994Z,0
3.5361498,101.2064338,Daerah: Selangor<br>No:781<br>Hex coord:(29;21),Kuala Selangor. Selangor. Malaysia,0,0,0,0,0,0,1,2023-03-10T18:48:58.4073150Z,0
3.5439298,101.2199682,Daerah: Selangor<br>No:782<br>Hex coord:(30;21),Kuala Selangor. Selangor. Malaysia,0,0,0,0,0,0,1,2023-03-10T18:48:59.0683721Z,0
3.5361498,101.2335027,Daerah: Selangor<br>No:783<br>Hex coord:(31;21),Kuala Selangor. Selangor. Malaysia,0,0,0,0,0,0,1,2023-03-10T18:48:59.7572341Z,0
3.5439298,101.2470372,Daerah: Selangor<br>No:784<br>Hex coord:(32;21),Kuala Selangor. Selangor. Malaysia,0,0,0,0,0,0,1,2023-03-10T18:49:00.4165177Z,0
3.5361498,101.2605717,Daerah: Selangor<br>No:785<br>Hex coord:(33;21),Kuala Selangor. Selangor. Malaysia,0,0,0,0,0,0,1,2023-03-10T18:49:01.1021928Z,0
3.5439298,101.2741061,Daerah: Selangor<br>No:786<br>Hex coord:(34;21),Kuala Selangor. Selangor. Malaysia,0,0,0,0,0,0,1,2023-03-10T18:49:01.7809730Z,0
3.5361498,101.2876406,Daerah: Selangor<br>No:787<br>Hex coord:(35;21),Kuala Selangor. Selangor. Malaysia,0,0,0,0,0,0,1,2023-03-10T18:49:02.4663209Z,0
3.5439298,101.3011751,Daerah: Selangor<br>No:788<br>Hex coord:(36;21),Kuala Selangor. Selangor. Malaysia,0,0,0,0,0,0,1,2023-03-10T18:49:03.1233713Z,0
3.5361498,101.3147096,Daerah: Selangor<br>No:789<br>Hex coord:(37;21),Kuala Selangor. Selangor. Malaysia,0,0,0,0,0,0,1,2023-03-10T18:49:03.8086187Z,0
3.5439298,101.328244,Daerah: Selangor<br>No:790<br>Hex coord:(38;21),Kuala Selangor. Selangor. Malaysia,0,0,0,0,0,0,1,2023-03-10T18:49:04.4676298Z,0
3.5361498,101.3417785,Daerah: Selangor<br>No:791<br>Hex coord:(39;21),Kuala Selangor. Selangor. Malaysia,0,0,0,0,0,0,1,2023-03-10T18:49:05.1610497Z,0
3.5439298,101.355313,Daerah: Selangor<br>No:792<br>Hex coord:(40;21),Kuala Selangor. Selangor. Malaysia,0,0,0,0,0,0,1,2023-03-10T18:49:05.8139232Z,0
3.5361498,101.3688475,Daerah: Selangor<br>No:793<br>Hex coord:(41;21),Kuala Selangor. Selangor. Malaysia,0,0,0,0,0,0,1,2023-03-10T18:49:06.4953076Z,0
3.5439298,101.3823819,Daerah: Selangor<br>No:794<br>Hex coord:(42;21),Kuala Selangor. Selangor. Malaysia,0,0,0,0,0,0,1,2023-03-10T18:49:07.1497601Z,0
3.5361498,101.3959164,Daerah: Selangor<br>No:795<br>Hex coord:(43;21),Kuala Selangor. Selangor. Malaysia,0,0,0,0,0,0,1,2023-03-10T18:49:07.8555178Z,0
3.5439298,101.4094509,Daerah: Selangor<br>No:796<br>Hex coord:(44;21),Kuala Selangor. Selangor. Malaysia,0,0,0,0,0,0,1,2023-03-10T18:49:08.5198474Z,0
3.5361498,101.4229854,Daerah: Selangor<br>No:797<br>Hex coord:(45;21),Hulu Selangor. FELDA Sungai Tengi Selatan. Selangor. Malaysia,0,0,0,0,0,0,1,2023-03-10T18:49:09.1983724Z,0
3.5439298,101.4365198,Daerah: Selangor<br>No:798<br>Hex coord:(46;21),Hulu Selangor. FELDA Sungai Tengi Selatan. Selangor. Malaysia,0,0,0,0,0,0,1,2023-03-10T18:49:09.8561255Z,0
3.5361498,101.4500543,Daerah: Selangor<br>No:799<br>Hex coord:(47;21),Hulu Selangor. Selangor. Malaysia,0,0,0,0,0,0,1,2023-03-10T18:49:10.5504723Z,0
3.5439298,101.4635888,Daerah: Selangor<br>No:800<br>Hex coord:(48;21),Lembah Beringin. Selangor. Malaysia,0,0,0,0,0,0,1,2023-03-10T18:49:11.2083688Z,0
3.5361498,101.4771233,Daerah: Selangor<br>No:801<br>Hex coord:(49;21),Hulu Selangor. Selangor. Malaysia,0,0,0,0,0,0,1,2023-03-10T18:49:11.9095230Z,0
3.5439298,101.4906577,Daerah: Selangor<br>No:802<br>Hex coord:(50;21),Lembah Beringin. Selangor. Malaysia,0,0,0,0,0,0,1,2023-03-10T18:49:12.5654756Z,0
3.5361498,101.5041922,Daerah: Selangor<br>No:803<br>Hex coord:(51;21),Sungai Dua Senama. Ulu Selangor. Malaysia,0,0,0,0,0,0,1,2023-03-10T18:49:13.2496701Z,0
3.5439298,101.5177267,Daerah: Selangor<br>No:804<br>Hex coord:(52;21),Lebuhraya Utara–Selatan. Selangor. Malaysia,0,0,0,0,0,0,1,2023-03-10T18:49:13.9073719Z,0
3.5361498,101.5312612,Daerah: Selangor<br>No:805<br>Hex coord:(53;21),Hulu Selangor. Selangor. Malaysia,0,0,0,0,0,0,1,2023-03-10T18:49:14.6094852Z,0
3.5439298,101.5447956,Daerah: Selangor<br>No:806<br>Hex coord:(54;21),Ulu Selangor. Malaysia,0,0,0,0,0,0,1,2023-03-10T18:49:15.2805145Z,0
3.5361498,101.5583301,Daerah: Selangor<br>No:807<br>Hex coord:(55;21),Bukit Said Mashor. Ulu Selangor. Malaysia,0,0,0,0,0,0,1,2023-03-10T18:49:15.9708177Z,0
3.5439298,101.5718646,Daerah: Selangor<br>No:808<br>Hex coord:(56;21),Kampung Orang Asli Kuala Kerling. Selangor. Malaysia,0,0,0,0,0,0,1,2023-03-10T18:49:16.6464540Z,0
3.5361498,101.5853991,Daerah: Selangor<br>No:809<br>Hex coord:(57;21),Bukit Mak Pulau. Ulu Selangor. Malaysia,0,0,0,0,0,0,1,2023-03-10T18:49:17.3381173Z,0
3.5439298,101.5989335,Daerah: Selangor<br>No:810<br>Hex coord:(58;21),Ulu Selangor. Malaysia,0,0,0,0,0,0,1,2023-03-10T18:49:18.0080009Z,0
3.5361498,101.612468,Daerah: Selangor<br>No:811<br>Hex coord:(59;21),Bukit Perabong. Ulu Selangor. Malaysia,0,0,0,0,0,0,1,2023-03-10T18:49:18.7028716Z,0
3.5439298,101.6260025,Daerah: Selangor<br>No:812<br>Hex coord:(60;21),Hulu Selangor. Kuala Kubu Bharu. Selangor. Malaysia,0,0,0,0,0,0,1,2023-03-10T18:49:19.3764592Z,0
3.5361498,101.639537,Daerah: Selangor<br>No:813<br>Hex coord:(61;21),Rizab Melayu Hulu Rasa. Rasa. Ulu Selangor. Malaysia,0,0,0,0,0,0,1,2023-03-10T18:49:20.0500860Z,0
3.5439298,101.6530714,Daerah: Selangor<br>No:814<br>Hex coord:(62;21),Jalan 10. Taman Ampang Indah. 44200 Kuala Kubu Bharu. Selangor. Malaysia,1,0,0,0,0,0,1,2023-03-10T18:49:20.7590092Z,0
3.5361498,101.6666059,Daerah: Selangor<br>No:815<br>Hex coord:(63;21),Plantation. Kuala Kubu Bharu. Selangor. Malaysia,0,0,0,0,0,0,1,2023-03-10T18:49:21.4302769Z,0
3.5439298,101.6801404,Daerah: Selangor<br>No:816<br>Hex coord:(64;21),Plantation. Kuala Kubu Bharu. Selangor. Malaysia,0,0,0,0,0,0,1,2023-03-10T18:49:22.1393485Z,0
3.5361498,101.6936749,Daerah: Selangor<br>No:817<br>Hex coord:(65;21),Hulu Selangor. Kuala Kubu Bharu. Selangor. Malaysia,0,0,0,0,0,0,1,2023-03-10T18:49:22.8103659Z,0
3.5439298,101.7072093,Daerah: Selangor<br>No:818<br>Hex coord:(66;21),Old Colonial Route to Bukit Kutu. Selangor. Malaysia,0,0,0,0,0,0,1,2023-03-10T18:49:23.5015476Z,0
3.5361498,101.7207438,Daerah: Selangor<br>No:819<br>Hex coord:(67;21),Bukit Kutu Hill Station. Ulu Selangor. Malaysia,0,0,0,0,0,0,1,2023-03-10T18:49:24.1525074Z,0
3.5439298,101.7342783,Daerah: Selangor<br>No:820<br>Hex coord:(68;21),Bukit Kutu Trail. Kampung Orang Asli Pertak. Selangor. Malaysia,0,0,0,0,0,0,1,2023-03-10T18:49:24.8302870Z,0
3.5361498,101.7478128,Daerah: Selangor<br>No:821<br>Hex coord:(69;21),Hulu Selangor. Selangor. Malaysia,0,0,0,0,0,0,1,2023-03-10T18:49:25.5181095Z,0
3.5439298,101.7613472,Daerah: Selangor<br>No:822<br>Hex coord:(70;21),Hulu Selangor. Selangor. Malaysia,0,0,0,0,0,0,1,2023-03-10T18:49:26.2053132Z,0
3.5361498,101.7748817,Daerah: Selangor<br>No:823<br>Hex coord:(71;21),Hulu Selangor. Selangor. Malaysia,0,0,0,0,0,0,1,2023-03-10T18:49:26.8727152Z,0
3.5283698,101.0846235,Daerah: Selangor<br>No:824<br>Hex coord:(20;22),Sungai Haji Sirat. Sabak Bernam. Malaysia,0,0,0,0,0,0,1,2023-03-10T18:49:27.5690506Z,0
3.5205898,101.098158,Daerah: Selangor<br>No:825<br>Hex coord:(21;22),Guest House Wong Corner. 45A-C Site C Jalan Kuala Selangor. 45400. Selangor. Malaysia,1,0,0,0,0,0,1,2023-03-10T18:49:28.2417872Z,1
3.5283698,101.1116924,Daerah: Selangor<br>No:826<br>Hex coord:(22;22),Taman Aman. 45400. Selangor. Malaysia,0,0,0,0,0,0,1,2023-03-10T18:49:28.9413930Z,0
3.5205898,101.1252269,Daerah: Selangor<br>No:827<br>Hex coord:(23;22),Taman Indah. 45400. Selangor. Malaysia,0,0,0,0,0,0,1,2023-03-10T18:49:29.6056071Z,0
3.5283698,101.1387614,Daerah: Selangor<br>No:828<br>Hex coord:(24;22),Nan Tian Chinese Temple. 3 Lorong. Selangor. Malaysia,0,0,0,0,0,0,1,2023-03-10T18:49:30.2909395Z,0
3.5205898,101.1522959,Daerah: Selangor<br>No:829<br>Hex coord:(25;22),Kuala Selangor. 45400. Selangor. Malaysia,0,0,0,0,0,0,1,2023-03-10T18:49:30.9615391Z,0
3.5283698,101.1658303,Daerah: Selangor<br>No:830<br>Hex coord:(26;22),Kamping Parit Empat Sungai Haji Durani. Selangor. Malaysia,0,0,0,0,0,0,1,2023-03-10T18:49:31.6579917Z,0
3.5205898,101.1793648,Daerah: Selangor<br>No:831<br>Hex coord:(27;22),Kuala Selangor. Selangor. Malaysia,0,0,0,0,0,0,1,2023-03-10T18:49:32.3211682Z,0
3.5283698,101.1928993,Daerah: Selangor<br>No:832<br>Hex coord:(28;22),Kuala Selangor. Selangor. Malaysia,0,0,0,0,0,0,1,2023-03-10T18:49:33.0126597Z,0
3.5205898,101.2064338,Daerah: Selangor<br>No:833<br>Hex coord:(29;22),Kuala Selangor. Selangor. Malaysia,0,0,0,0,0,0,1,2023-03-10T18:49:33.6696996Z,0
3.5283698,101.2199682,Daerah: Selangor<br>No:834<br>Hex coord:(30;22),Kuala Selangor. Selangor. Malaysia,0,0,0,0,0,0,1,2023-03-10T18:49:34.3519426Z,0
3.5205898,101.2335027,Daerah: Selangor<br>No:835<br>Hex coord:(31;22),Kuala Selangor. Selangor. Malaysia,0,0,0,0,0,0,1,2023-03-10T18:49:35.0181351Z,0
3.5283698,101.2470372,Daerah: Selangor<br>No:836<br>Hex coord:(32;22),Kuala Selangor. Selangor. Malaysia,0,0,0,0,0,0,1,2023-03-10T18:49:35.7051463Z,0
3.5205898,101.2605717,Daerah: Selangor<br>No:837<br>Hex coord:(33;22),Kuala Selangor. Selangor. Malaysia,0,0,0,0,0,0,1,2023-03-10T18:49:36.3585594Z,0
3.5283698,101.2741061,Daerah: Selangor<br>No:838<br>Hex coord:(34;22),Kuala Selangor. Selangor. Malaysia,0,0,0,0,0,0,1,2023-03-10T18:49:37.0540725Z,0
3.5205898,101.2876406,Daerah: Selangor<br>No:839<br>Hex coord:(35;22),Kuala Selangor. Selangor. Malaysia,0,0,0,0,0,0,1,2023-03-10T18:49:37.7133749Z,0
3.5283698,101.3011751,Daerah: Selangor<br>No:840<br>Hex coord:(36;22),Kuala Selangor. Selangor. Malaysia,0,0,0,0,0,0,1,2023-03-10T18:49:38.3993055Z,0
3.5205898,101.3147096,Daerah: Selangor<br>No:841<br>Hex coord:(37;22),Kuala Selangor. Selangor. Malaysia,0,0,0,0,0,0,1,2023-03-10T18:49:39.0556728Z,0
3.5283698,101.328244,Daerah: Selangor<br>No:842<br>Hex coord:(38;22),Kuala Selangor. Selangor. Malaysia,0,0,0,0,0,0,1,2023-03-10T18:49:39.7402570Z,0
3.5205898,101.3417785,Daerah: Selangor<br>No:843<br>Hex coord:(39;22),Kuala Selangor. Selangor. Malaysia,0,0,0,0,0,0,1,2023-03-10T18:49:40.3999240Z,0
3.5283698,101.355313,Daerah: Selangor<br>No:844<br>Hex coord:(40;22),Kuala Selangor. Selangor. Malaysia,0,0,0,0,0,0,1,2023-03-10T18:49:41.0978703Z,0
3.5205898,101.3688475,Daerah: Selangor<br>No:845<br>Hex coord:(41;22),Kuala Selangor. Selangor. Malaysia,0,0,0,0,0,0,1,2023-03-10T18:49:41.7465585Z,0
3.5283698,101.3823819,Daerah: Selangor<br>No:846<br>Hex coord:(42;22),Kuala Selangor. Selangor. Malaysia,0,0,0,0,0,0,1,2023-03-10T18:49:42.4325150Z,0
3.5205898,101.3959164,Daerah: Selangor<br>No:847<br>Hex coord:(43;22),Kuala Selangor. Selangor. Malaysia,0,0,0,0,0,0,1,2023-03-10T18:49:43.0962897Z,0
3.5283698,101.4094509,Daerah: Selangor<br>No:848<br>Hex coord:(44;22),Kuala Selangor. Selangor. Malaysia,0,0,0,0,0,0,1,2023-03-10T18:49:43.7735572Z,0
3.5205898,101.4229854,Daerah: Selangor<br>No:849<br>Hex coord:(45;22),Kuala Selangor. Selangor. Malaysia,0,0,0,0,0,0,1,2023-03-10T18:49:44.4371387Z,0
3.5283698,101.4365198,Daerah: Selangor<br>No:850<br>Hex coord:(46;22),Hulu Selangor. FELDA Sungai Tengi Selatan. Selangor. Malaysia,0,0,0,0,0,0,1,2023-03-10T18:49:45.1186303Z,0
3.5205898,101.4500543,Daerah: Selangor<br>No:851<br>Hex coord:(47;22),Jalan Sungai Tengi. Hulu Selangor. Selangor. Malaysia,0,0,0,0,0,0,1,2023-03-10T18:49:45.7763093Z,0
3.5283698,101.4635888,Daerah: Selangor<br>No:852<br>Hex coord:(48;22),Hulu Selangor. Selangor. Malaysia,0,0,0,0,0,0,1,2023-03-10T18:49:46.4646077Z,0
3.5205898,101.4771233,Daerah: Selangor<br>No:853<br>Hex coord:(49;22),Hulu Selangor. Selangor. Malaysia,0,0,0,0,0,0,1,2023-03-10T18:49:47.1217061Z,0
3.5283698,101.4906577,Daerah: Selangor<br>No:854<br>Hex coord:(50;22),Hulu Selangor. Selangor. Malaysia,0,0,0,0,0,0,1,2023-03-10T18:49:47.8051761Z,0
3.5205898,101.5041922,Daerah: Selangor<br>No:855<br>Hex coord:(51;22),Lembah Beringin. Selangor. Malaysia,0,0,0,0,0,0,1,2023-03-10T18:49:48.4670373Z,0
3.5283698,101.5177267,Daerah: Selangor<br>No:856<br>Hex coord:(52;22),North–South Expressway. Lembah Beringin. Selangor. Malaysia,0,0,0,0,0,0,1,2023-03-10T18:49:49.1523639Z,0
3.5205898,101.5312612,Daerah: Selangor<br>No:857<br>Hex coord:(53;22),North–South Expressway. Lembah Beringin. Selangor. Malaysia,0,0,0,0,0,0,1,2023-03-10T18:49:49.8181210Z,0
3.5283698,101.5447956,Daerah: Selangor<br>No:858<br>Hex coord:(54;22),Hulu Selangor. Selangor. Malaysia,0,0,0,0,0,0,1,2023-03-10T18:49:50.5039033Z,0
3.5205898,101.5583301,Daerah: Selangor<br>No:859<br>Hex coord:(55;22),Hulu Selangor. Selangor. Malaysia,0,0,0,0,0,0,1,2023-03-10T18:49:51.1595534Z,0
3.5283698,101.5718646,Daerah: Selangor<br>No:860<br>Hex coord:(56;22),Bukit Mak Pulau. Ulu Selangor. Malaysia,0,0,0,0,0,0,1,2023-03-10T18:49:51.8573973Z,0
3.5205898,101.5853991,Daerah: Selangor<br>No:861<br>Hex coord:(57;22),Ulu Selangor. Malaysia,0,0,0,0,0,0,1,2023-03-10T18:49:52.5206856Z,0
3.5283698,101.5989335,Daerah: Selangor<br>No:862<br>Hex coord:(58;22),Ulu Selangor. Malaysia,0,0,0,0,0,0,1,2023-03-10T18:49:53.2152772Z,0
3.5205898,101.612468,Daerah: Selangor<br>No:863<br>Hex coord:(59;22),Bukit Rasa. Ulu Selangor. Malaysia,0,0,0,0,0,0,1,2023-03-10T18:49:53.8837022Z,0
3.5283698,101.6260025,Daerah: Selangor<br>No:864<br>Hex coord:(60;22),Ladang Hulu Selangor. Rasa. Ulu Selangor. Malaysia,0,0,0,0,0,0,1,2023-03-10T18:49:54.5919797Z,0
3.5205898,101.639537,Daerah: Selangor<br>No:865<br>Hex coord:(61;22),Kampung Melayu Rasa Tambahan. 44200. Selangor. Malaysia,0,0,0,0,0,0,1,2023-03-10T18:49:55.2654931Z,0
3.5283698,101.6530714,Daerah: Selangor<br>No:866<br>Hex coord:(62;22),Taman Desa Bukit Bujang. 44200. Selangor. Malaysia,0,0,0,0,0,0,1,2023-03-10T18:49:55.9749848Z,0
3.5205898,101.6666059,Daerah: Selangor<br>No:867<br>Hex coord:(63;22),Plantation. Selangor. Malaysia,0,0,0,0,0,0,1,2023-03-10T18:49:56.6482041Z,0
3.5283698,101.6801404,Daerah: Selangor<br>No:868<br>Hex coord:(64;22),Wisdom Park. Kuala Kubu Bharu. Ulu Selangor. Malaysia,0,0,0,0,0,0,1,2023-03-10T18:49:57.3660838Z,0
3.5205898,101.6936749,Daerah: Selangor<br>No:869<br>Hex coord:(65;22),Hulu Selangor. Kuala Kubu Bharu. Selangor. Malaysia,0,0,0,0,0,0,1,2023-03-10T18:49:58.0662966Z,0
3.5283698,101.7072093,Daerah: Selangor<br>No:870<br>Hex coord:(66;22),Hulu Selangor. Kuala Kubu Bharu. Selangor. Malaysia,0,0,0,0,0,0,1,2023-03-10T18:49:58.7629174Z,0
3.5205898,101.7207438,Daerah: Selangor<br>No:871<br>Hex coord:(67;22),Hutan Rizab Bukit Kutu. Ulu Selangor. Malaysia,0,0,0,0,0,0,1,2023-03-10T18:49:59.4242701Z,0
3.5283698,101.7342783,Daerah: Selangor<br>No:872<br>Hex coord:(68;22),Hulu Selangor. Selangor. Malaysia,0,0,0,0,0,0,1,2023-03-10T18:50:00.1201472Z,0
3.5205898,101.7478128,Daerah: Selangor<br>No:873<br>Hex coord:(69;22),Hulu Selangor. Selangor. Malaysia,0,0,0,0,0,0,1,2023-03-10T18:50:00.7820547Z,0
3.5283698,101.7613472,Daerah: Selangor<br>No:874<br>Hex coord:(70;22),Hulu Selangor. Selangor. Malaysia,0,0,0,0,0,0,1,2023-03-10T18:50:01.4539080Z,0
3.5050298,101.098158,Daerah: Selangor<br>No:875<br>Hex coord:(21;23),Kampung Nelayan Bagan Sekinchan. 45400. Selangor. Malaysia,0,0,0,0,0,0,1,2023-03-10T18:50:02.1365412Z,0
3.5128098,101.1116924,Daerah: Selangor<br>No:876<br>Hex coord:(22;23),Ah Ma House. Sabak Bernam. Malaysia,0,0,0,0,0,0,1,2023-03-10T18:50:02.8529778Z,0
3.5050298,101.1252269,Daerah: Selangor<br>No:877<br>Hex coord:(23;23),Taman Sekinchan Jaya. 45400. Selangor. Malaysia,0,0,0,0,0,0,1,2023-03-10T18:50:03.5257844Z,0
3.5128098,101.1387614,Daerah: Selangor<br>No:878<br>Hex coord:(24;23),Sabak Bernam. 45400. Selangor. Malaysia,1,0,0,0,0,0,1,2023-03-10T18:50:04.2367062Z,0
3.5050298,101.1522959,Daerah: Selangor<br>No:879<br>Hex coord:(25;23),Kuala Selangor. 45400. Selangor. Malaysia,0,0,0,0,0,0,1,2023-03-10T18:50:04.8954605Z,0
3.5128098,101.1658303,Daerah: Selangor<br>No:880<br>Hex coord:(26;23),Kuala Selangor. 45400. Selangor. Malaysia,0,0,0,0,0,0,1,2023-03-10T18:50:05.5791046Z,0
3.5050298,101.1793648,Daerah: Selangor<br>No:881<br>Hex coord:(27;23),Kuala Selangor. 45400. Selangor. Malaysia,0,0,0,0,0,0,1,2023-03-10T18:50:06.2401562Z,0
3.5128098,101.1928993,Daerah: Selangor<br>No:882<br>Hex coord:(28;23),Kuala Selangor. Selangor. Malaysia,0,0,0,0,0,0,1,2023-03-10T18:50:06.9364274Z,0
3.5050298,101.2064338,Daerah: Selangor<br>No:883<br>Hex coord:(29;23),Kuala Selangor. Selangor. Malaysia,0,0,0,0,0,0,1,2023-03-10T18:50:07.5944822Z,0
3.5128098,101.2199682,Daerah: Selangor<br>No:884<br>Hex coord:(30;23),Kuala Selangor. Selangor. Malaysia,0,0,0,0,0,0,1,2023-03-10T18:50:08.2837980Z,0
3.5050298,101.2335027,Daerah: Selangor<br>No:885<br>Hex coord:(31;23),Kuala Selangor. Selangor. Malaysia,0,0,0,0,0,0,1,2023-03-10T18:50:08.9520405Z,0
3.5128098,101.2470372,Daerah: Selangor<br>No:886<br>Hex coord:(32;23),Kuala Selangor. Selangor. Malaysia,0,0,0,0,0,0,1,2023-03-10T18:50:09.6404864Z,0
3.5050298,101.2605717,Daerah: Selangor<br>No:887<br>Hex coord:(33;23),Kuala Selangor. Selangor. Malaysia,0,0,0,0,0,0,1,2023-03-10T18:50:10.2961808Z,0
3.5128098,101.2741061,Daerah: Selangor<br>No:888<br>Hex coord:(34;23),Kuala Selangor. Selangor. Malaysia,0,0,0,0,0,0,1,2023-03-10T18:50:10.9864213Z,0
3.5050298,101.2876406,Daerah: Selangor<br>No:889<br>Hex coord:(35;23),Kuala Selangor. Selangor. Malaysia,0,0,0,0,0,0,1,2023-03-10T18:50:11.6384674Z,0
3.5128098,101.3011751,Daerah: Selangor<br>No:890<br>Hex coord:(36;23),Kuala Selangor. Selangor. Malaysia,0,0,0,0,0,0,1,2023-03-10T18:50:12.3219935Z,0
3.5050298,101.3147096,Daerah: Selangor<br>No:891<br>Hex coord:(37;23),Kuala Selangor. Selangor. Malaysia,0,0,0,0,0,0,1,2023-03-10T18:50:12.9804565Z,0
3.5128098,101.328244,Daerah: Selangor<br>No:892<br>Hex coord:(38;23),Kuala Selangor. Selangor. Malaysia,0,0,0,0,0,0,1,2023-03-10T18:50:13.6660227Z,0
3.5050298,101.3417785,Daerah: Selangor<br>No:893<br>Hex coord:(39;23),Kuala Selangor. Selangor. Malaysia,0,0,0,0,0,0,1,2023-03-10T18:50:14.3310710Z,0
3.5128098,101.355313,Daerah: Selangor<br>No:894<br>Hex coord:(40;23),Kuala Selangor. Selangor. Malaysia,0,0,0,0,0,0,1,2023-03-10T18:50:15.0163242Z,0
3.5050298,101.3688475,Daerah: Selangor<br>No:895<br>Hex coord:(41;23),Kuala Selangor. Selangor. Malaysia,0,0,0,0,0,0,1,2023-03-10T18:50:15.6708526Z,0
3.5128098,101.3823819,Daerah: Selangor<br>No:896<br>Hex coord:(42;23),Kuala Selangor. Selangor. Malaysia,0,0,0,0,0,0,1,2023-03-10T18:50:16.3576415Z,0
3.5050298,101.3959164,Daerah: Selangor<br>No:897<br>Hex coord:(43;23),Kuala Selangor. Selangor. Malaysia,0,0,0,0,0,0,1,2023-03-10T18:50:17.0180671Z,0
3.5128098,101.4094509,Daerah: Selangor<br>No:898<br>Hex coord:(44;23),Kuala Selangor. Selangor. Malaysia,0,0,0,0,0,0,1,2023-03-10T18:50:17.6975192Z,0
3.5050298,101.4229854,Daerah: Selangor<br>No:899<br>Hex coord:(45;23),Kuala Selangor. Selangor. Malaysia,0,0,0,0,0,0,1,2023-03-10T18:50:18.3602055Z,0
3.5128098,101.4365198,Daerah: Selangor<br>No:900<br>Hex coord:(46;23),Kuala Selangor. Selangor. Malaysia,0,0,0,0,0,0,1,2023-03-10T18:50:19.0450584Z,0
3.5050298,101.4500543,Daerah: Selangor<br>No:901<br>Hex coord:(47;23),Jalan Sungai Tengi. Selangor. Malaysia,0,0,0,0,0,0,1,2023-03-10T18:50:19.7040867Z,0
3.5128098,101.4635888,Daerah: Selangor<br>No:902<br>Hex coord:(48;23),Hulu Selangor. Selangor. Malaysia,0,0,0,0,0,0,1,2023-03-10T18:50:20.3840404Z,0
3.5050298,101.4771233,Daerah: Selangor<br>No:903<br>Hex coord:(49;23),Dump Site. Ulu Selangor. Malaysia,0,0,0,0,0,0,1,2023-03-10T18:50:21.0429778Z,0
3.5128098,101.4906577,Daerah: Selangor<br>No:904<br>Hex coord:(50;23),Hulu Selangor. Selangor. Malaysia,0,0,0,0,0,0,1,2023-03-10T18:50:21.7307554Z,0
3.5050298,101.5041922,Daerah: Selangor<br>No:905<br>Hex coord:(51;23),Sungai Merbau. Ulu Selangor. Malaysia,0,0,0,0,0,0,1,2023-03-10T18:50:22.3848275Z,0
3.5128098,101.5177267,Daerah: Selangor<br>No:906<br>Hex coord:(52;23),Lembah Beringin. Selangor. Malaysia,0,0,0,0,0,0,1,2023-03-10T18:50:23.0669857Z,0
3.5050298,101.5312612,Daerah: Selangor<br>No:907<br>Hex coord:(53;23),North–South Expressway. Lembah Beringin. Selangor. Malaysia,0,0,0,0,0,0,1,2023-03-10T18:50:23.7266086Z,0
3.5128098,101.5447956,Daerah: Selangor<br>No:908<br>Hex coord:(54;23),Hulu Selangor. Selangor. Malaysia,0,0,0,0,0,0,1,2023-03-10T18:50:24.4189707Z,0
3.5050298,101.5583301,Daerah: Selangor<br>No:909<br>Hex coord:(55;23),Hulu Selangor. Selangor. Malaysia,0,0,0,0,0,0,1,2023-03-10T18:50:25.0719480Z,0
3.5128098,101.5718646,Daerah: Selangor<br>No:910<br>Hex coord:(56;23),Hulu Selangor. Selangor. Malaysia,0,0,0,0,0,0,1,2023-03-10T18:50:25.7632245Z,0
3.5050298,101.5853991,Daerah: Selangor<br>No:911<br>Hex coord:(57;23),Hulu Selangor. Selangor. Malaysia,0,0,0,0,0,0,1,2023-03-10T18:50:26.4224356Z,0
3.5128098,101.5989335,Daerah: Selangor<br>No:912<br>Hex coord:(58;23),Hulu Selangor. 44200 Rasa. Selangor. Malaysia,0,0,0,0,0,0,1,2023-03-10T18:50:27.1080156Z,0
3.5050298,101.612468,Daerah: Selangor<br>No:913<br>Hex coord:(59;23),Taman Keruing. 44200. Selangor. Malaysia,0,0,0,0,0,0,1,2023-03-10T18:50:27.7828643Z,0
3.5128098,101.6260025,Daerah: Selangor<br>No:914<br>Hex coord:(60;23),Kampung Melayu Rasa Tambahan. 44200. Selangor. Malaysia,0,0,0,0,0,0,1,2023-03-10T18:50:28.4835229Z,0
3.5050298,101.639537,Daerah: Selangor<br>No:915<br>Hex coord:(61;23),Kampung Long. 44200. Selangor. Malaysia,0,0,0,0,0,0,1,2023-03-10T18:50:29.1704564Z,0
3.5128098,101.6530714,Daerah: Selangor<br>No:916<br>Hex coord:(62;23),Fish / Prawn Farm. Selangor. Malaysia,0,0,0,0,0,0,1,2023-03-10T18:50:29.8754911Z,0
3.5050298,101.6666059,Daerah: Selangor<br>No:917<br>Hex coord:(63;23),Sungai Kiul. Ulu Selangor. Malaysia,0,0,0,0,0,0,1,2023-03-10T18:50:30.5527712Z,0
3.5128098,101.6801404,Daerah: Selangor<br>No:918<br>Hex coord:(64;23),Sungai Sangkau. Ulu Selangor. Malaysia,0,0,0,0,0,0,1,2023-03-10T18:50:31.2433497Z,0
3.5050298,101.6936749,Daerah: Selangor<br>No:919<br>Hex coord:(65;23),Plantation. Selangor. Malaysia,0,0,0,0,0,0,1,2023-03-10T18:50:31.9036579Z,0
3.5128098,101.7072093,Daerah: Selangor<br>No:920<br>Hex coord:(66;23),Hulu Selangor. Kuala Kubu Bharu. Selangor. Malaysia,0,0,0,0,0,0,1,2023-03-10T18:50:32.5951279Z,0
3.5050298,101.7207438,Daerah: Selangor<br>No:921<br>Hex coord:(67;23),Hulu Selangor. Selangor. Malaysia,0,0,0,0,0,0,1,2023-03-10T18:50:33.2512535Z,0
3.5128098,101.7342783,Daerah: Selangor<br>No:922<br>Hex coord:(68;23),Hulu Selangor. Selangor. Malaysia,0,0,0,0,0,0,1,2023-03-10T18:50:33.9384195Z,0
3.5050298,101.7478128,Daerah: Selangor<br>No:923<br>Hex coord:(69;23),Hulu Selangor. Selangor. Malaysia,0,0,0,0,0,0,1,2023-03-10T18:50:34.6090049Z,0
3.5128098,101.7613472,Daerah: Selangor<br>No:924<br>Hex coord:(70;23),Hulu Selangor. Selangor. Malaysia,0,0,0,0,0,0,1,2023-03-10T18:50:35.2903375Z,0
3.4972498,101.1116924,Daerah: Selangor<br>No:925<br>Hex coord:(22;24),Jalan Tepi Sawah. Taman Aman Jaya. 45400. Selangor. Malaysia,0,0,0,0,0,0,1,2023-03-10T18:50:35.9603935Z,0
3.4894698,101.1252269,Daerah: Selangor<br>No:926<br>Hex coord:(23;24),Parit Empat. Kuala Selangor. Malaysia,0,0,0,0,0,0,1,2023-03-10T18:50:36.6378489Z,0
3.4972498,101.1387614,Daerah: Selangor<br>No:927<br>Hex coord:(24;24),LN Pt. 4 Sungai Burung. Selangor. Malaysia,0,0,0,0,0,0,1,2023-03-10T18:50:37.2962302Z,0
3.4894698,101.1522959,Daerah: Selangor<br>No:928<br>Hex coord:(25;24),Jalan Parit 3. Selangor. Malaysia,0,0,0,0,0,0,1,2023-03-10T18:50:38.0030782Z,0
3.4972498,101.1658303,Daerah: Selangor<br>No:929<br>Hex coord:(26;24),Kuala Selangor. 45400. Selangor. Malaysia,0,0,0,0,0,0,1,2023-03-10T18:50:38.6624265Z,0
3.4894698,101.1793648,Daerah: Selangor<br>No:930<br>Hex coord:(27;24),d'Bendang Homestay. Tanjung Karang. Kuala Selangor. Malaysia,0,0,0,0,0,0,1,2023-03-10T18:50:39.3567669Z,0
3.4972498,101.1928993,Daerah: Selangor<br>No:931<br>Hex coord:(28;24),Kuala Selangor. Selangor. Malaysia,0,0,0,0,0,0,1,2023-03-10T18:50:40.0108120Z,1
3.4894698,101.2064338,Daerah: Selangor<br>No:932<br>Hex coord:(29;24),Kuala Selangor. Selangor. Malaysia,0,0,0,0,0,0,1,2023-03-10T18:50:40.7072800Z,0
3.4972498,101.2199682,Daerah: Selangor<br>No:933<br>Hex coord:(30;24),Kuala Selangor. Selangor. Malaysia,0,0,0,0,0,0,1,2023-03-10T18:50:41.3758136Z,0
3.4894698,101.2335027,Daerah: Selangor<br>No:934<br>Hex coord:(31;24),Kuala Selangor. Selangor. Malaysia,0,0,0,0,0,0,1,2023-03-10T18:50:42.0966934Z,0
3.4972498,101.2470372,Daerah: Selangor<br>No:935<br>Hex coord:(32;24),Kuala Selangor. Selangor. Malaysia,0,0,0,0,0,0,1,2023-03-10T18:50:42.7694642Z,0
3.4894698,101.2605717,Daerah: Selangor<br>No:936<br>Hex coord:(33;24),Kuala Selangor. Selangor. Malaysia,0,0,0,0,0,0,1,2023-03-10T18:50:43.4592155Z,0
3.4972498,101.2741061,Daerah: Selangor<br>No:937<br>Hex coord:(34;24),Kuala Selangor. Selangor. Malaysia,0,0,0,0,0,0,1,2023-03-10T18:50:44.1177932Z,0
3.4894698,101.2876406,Daerah: Selangor<br>No:938<br>Hex coord:(35;24),Kuala Selangor. Selangor. Malaysia,0,0,0,0,0,0,1,2023-03-10T18:50:44.8035573Z,0
3.4972498,101.3011751,Daerah: Selangor<br>No:939<br>Hex coord:(36;24),Kuala Selangor. Selangor. Malaysia,0,0,0,0,0,0,1,2023-03-10T18:50:45.4718166Z,0
3.4894698,101.3147096,Daerah: Selangor<br>No:940<br>Hex coord:(37;24),Kuala Selangor. Selangor. Malaysia,0,0,0,0,0,0,1,2023-03-10T18:50:46.1620052Z,0
3.4972498,101.328244,Daerah: Selangor<br>No:941<br>Hex coord:(38;24),Kuala Selangor. Selangor. Malaysia,0,0,0,0,0,0,1,2023-03-10T18:50:46.8194183Z,0
3.4894698,101.3417785,Daerah: Selangor<br>No:942<br>Hex coord:(39;24),Kuala Selangor. Selangor. Malaysia,0,0,0,0,0,0,1,2023-03-10T18:50:47.4979305Z,0
3.4972498,101.355313,Daerah: Selangor<br>No:943<br>Hex coord:(40;24),Kuala Selangor. Selangor. Malaysia,0,0,0,0,0,0,1,2023-03-10T18:50:48.1602598Z,0
3.4894698,101.3688475,Daerah: Selangor<br>No:944<br>Hex coord:(41;24),Kuala Selangor. Selangor. Malaysia,0,0,0,0,0,0,1,2023-03-10T18:50:48.8519710Z,0
3.4972498,101.3823819,Daerah: Selangor<br>No:945<br>Hex coord:(42;24),Kuala Selangor. Selangor. Malaysia,0,0,0,0,0,0,1,2023-03-10T18:50:49.5346855Z,0
3.4894698,101.3959164,Daerah: Selangor<br>No:946<br>Hex coord:(43;24),Kuala Selangor. Selangor. Malaysia,0,0,0,0,0,0,1,2023-03-10T18:50:50.1941066Z,0
3.4972498,101.4094509,Daerah: Selangor<br>No:947<br>Hex coord:(44;24),Kuala Selangor. Selangor. Malaysia,0,0,0,0,0,0,1,2023-03-10T18:50:50.8767329Z,0
3.4894698,101.4229854,Daerah: Selangor<br>No:948<br>Hex coord:(45;24),Kuala Selangor. Selangor. Malaysia,0,0,0,0,0,0,1,2023-03-10T18:50:51.5288876Z,0
3.4972498,101.4365198,Daerah: Selangor<br>No:949<br>Hex coord:(46;24),Kuala Selangor. Selangor. Malaysia,0,0,0,0,0,0,1,2023-03-10T18:50:52.2080389Z,0
3.4894698,101.4500543,Daerah: Selangor<br>No:950<br>Hex coord:(47;24),B74. Kuala Selangor. Selangor. Malaysia,0,0,0,0,0,0,1,2023-03-10T18:50:52.8686707Z,0
3.4972498,101.4635888,Daerah: Selangor<br>No:951<br>Hex coord:(48;24),Hulu Selangor. Selangor. Malaysia,0,0,0,0,0,0,1,2023-03-10T18:50:53.5523254Z,0
3.4894698,101.4771233,Daerah: Selangor<br>No:952<br>Hex coord:(49;24),Hulu Selangor. Selangor. Malaysia,0,0,0,0,0,0,1,2023-03-10T18:50:54.2091801Z,0
3.4972498,101.4906577,Daerah: Selangor<br>No:953<br>Hex coord:(50;24),228. Selangor. Malaysia,0,0,0,0,0,0,1,2023-03-10T18:50:54.8897847Z,0
3.4894698,101.5041922,Daerah: Selangor<br>No:954<br>Hex coord:(51;24),Berjaya City 1. Ulu Selangor. Malaysia,0,0,0,0,0,0,1,2023-03-10T18:50:55.5434079Z,0
3.4972498,101.5177267,Daerah: Selangor<br>No:955<br>Hex coord:(52;24),Hulu Selangor. Selangor. Malaysia,0,0,0,0,0,0,1,2023-03-10T18:50:56.2233946Z,0
3.4894698,101.5312612,Daerah: Selangor<br>No:956<br>Hex coord:(53;24),Bukit Chegar. Ulu Selangor. Malaysia,0,0,0,0,0,0,1,2023-03-10T18:50:56.8837947Z,0
3.4972498,101.5447956,Daerah: Selangor<br>No:957<br>Hex coord:(54;24),Hulu Selangor. Selangor. Malaysia,0,0,0,0,0,0,1,2023-03-10T18:50:57.5639079Z,0
3.4894698,101.5583301,Daerah: Selangor<br>No:958<br>Hex coord:(55;24),Sungai Kayu Ara. Ulu Selangor. Malaysia,0,0,0,0,0,0,1,2023-03-10T18:50:58.2377697Z,0
3.4972498,101.5718646,Daerah: Selangor<br>No:959<br>Hex coord:(56;24),Sungai Beruang. Ulu Selangor. Malaysia,0,0,0,0,0,0,1,2023-03-10T18:50:58.9384368Z,0
3.4894698,101.5853991,Daerah: Selangor<br>No:960<br>Hex coord:(57;24),Ulu Selangor. Malaysia,0,0,0,0,0,0,1,2023-03-10T18:50:59.6019054Z,0
3.4972498,101.5989335,Daerah: Selangor<br>No:961<br>Hex coord:(58;24),Ladang Rasa. Ulu Selangor. Malaysia,0,0,0,0,0,0,1,2023-03-10T18:51:00.3003380Z,0
3.4894698,101.612468,Daerah: Selangor<br>No:962<br>Hex coord:(59;24),Sungai Gapih. Rasa. Ulu Selangor. Malaysia,0,0,0,0,0,0,1,2023-03-10T18:51:00.9804147Z,0
3.4972498,101.6260025,Daerah: Selangor<br>No:963<br>Hex coord:(60;24),Jalan Keruing 4A/1. 44200 Rasa. Selangor. Malaysia,0,0,0,0,0,0,1,2023-03-10T18:51:01.6949615Z,0
3.4894698,101.639537,Daerah: Selangor<br>No:964<br>Hex coord:(61;24),Jalan Kuala Lumpur - Tanjung Malim. Taman Seri Rasa. 44200. Selangor. Malaysia,0,0,0,0,0,0,1,2023-03-10T18:51:02.3766048Z,0
3.4972498,101.6530714,Daerah: Selangor<br>No:965<br>Hex coord:(62;24),Fish/Prawn Farm. Selangor. Malaysia,0,0,0,0,0,0,1,2023-03-10T18:51:03.0866816Z,0
3.4894698,101.6666059,Daerah: Selangor<br>No:966<br>Hex coord:(63;24),Ladang Nam Bee Chia. Ulu Selangor. Malaysia,0,0,0,0,0,0,1,2023-03-10T18:51:03.7686687Z,0
3.4972498,101.6801404,Daerah: Selangor<br>No:967<br>Hex coord:(64;24),Plantation. Selangor. Malaysia,0,0,0,0,0,0,1,2023-03-10T18:51:04.4798278Z,0
3.4894698,101.6936749,Daerah: Selangor<br>No:968<br>Hex coord:(65;24),Bandar Utama Batang Kali. Selangor. Malaysia,0,0,0,0,0,0,1,2023-03-10T18:51:05.1577568Z,1
3.4972498,101.7072093,Daerah: Selangor<br>No:969<br>Hex coord:(66;24),Hulu Selangor. 44300 Batang Kali. Selangor. Malaysia,0,0,0,0,0,0,1,2023-03-10T18:51:05.8417768Z,0
3.4894698,101.7207438,Daerah: Selangor<br>No:970<br>Hex coord:(67;24),Hulu Selangor. 44300 Batang Kali. Selangor. Malaysia,0,0,0,0,0,0,1,2023-03-10T18:51:06.4859688Z,0
3.4972498,101.7342783,Daerah: Selangor<br>No:971<br>Hex coord:(68;24),Hulu Selangor. Selangor. Malaysia,0,0,0,0,0,0,1,2023-03-10T18:51:07.1637074Z,0
3.4894698,101.7478128,Daerah: Selangor<br>No:972<br>Hex coord:(69;24),Hulu Selangor. Selangor. Malaysia,0,0,0,0,0,0,1,2023-03-10T18:51:07.8163386Z,0
3.4972498,101.7613472,Daerah: Selangor<br>No:973<br>Hex coord:(70;24),Hulu Selangor. Selangor. Malaysia,0,0,0,0,0,0,1,2023-03-10T18:51:08.4996958Z,0
3.4816898,101.1116924,Daerah: Selangor<br>No:974<br>Hex coord:(22;25),Jalan Parit 4 Pantai. Selangor. Malaysia,0,0,0,0,0,0,1,2023-03-10T18:51:09.1682519Z,0
3.4739098,101.1252269,Daerah: Selangor<br>No:975<br>Hex coord:(23;25),Kuala Selangor. 45400. Selangor. Malaysia,0,0,0,0,0,0,1,2023-03-10T18:51:09.8579201Z,0
3.4816898,101.1387614,Daerah: Selangor<br>No:976<br>Hex coord:(24;25),Jalan Taliair 3. Selangor. Malaysia,0,0,0,0,0,0,1,2023-03-10T18:51:10.5131561Z,0
3.4739098,101.1522959,Daerah: Selangor<br>No:977<br>Hex coord:(25;25),Kuala Selangor. 45400. Selangor. Malaysia,0,0,0,0,0,0,1,2023-03-10T18:51:11.1987902Z,0
3.4816898,101.1658303,Daerah: Selangor<br>No:978<br>Hex coord:(26;25),Kuala Selangor. 45400. Selangor. Malaysia,0,0,0,0,0,0,1,2023-03-10T18:51:11.8720057Z,0
3.4739098,101.1793648,Daerah: Selangor<br>No:979<br>Hex coord:(27;25),Kuala Selangor. Selangor. Malaysia,0,0,0,0,0,0,1,2023-03-10T18:51:12.5724046Z,0
3.4816898,101.1928993,Daerah: Selangor<br>No:980<br>Hex coord:(28;25),Kuala Selangor. Selangor. Malaysia,0,0,0,0,0,0,1,2023-03-10T18:51:13.2380362Z,0
3.4739098,101.2064338,Daerah: Selangor<br>No:981<br>Hex coord:(29;25),Kuala Selangor. Selangor. Malaysia,0,0,0,0,0,0,1,2023-03-10T18:51:13.9373433Z,0
3.4816898,101.2199682,Daerah: Selangor<br>No:982<br>Hex coord:(30;25),Kuala Selangor. Selangor. Malaysia,0,0,0,0,0,0,1,2023-03-10T18:51:14.5909622Z,0
3.4739098,101.2335027,Daerah: Selangor<br>No:983<br>Hex coord:(31;25),Terusan Besar. Kuala Selangor. Malaysia,0,0,0,0,0,0,1,2023-03-10T18:51:15.2830179Z,0
3.4816898,101.2470372,Daerah: Selangor<br>No:984<br>Hex coord:(32;25),Kuala Selangor. Selangor. Malaysia,0,0,0,0,0,0,1,2023-03-10T18:51:15.9377113Z,0
3.4739098,101.2605717,Daerah: Selangor<br>No:985<br>Hex coord:(33;25),Kuala Selangor. Selangor. Malaysia,0,0,0,0,0,0,1,2023-03-10T18:51:16.6217152Z,0
3.4816898,101.2741061,Daerah: Selangor<br>No:986<br>Hex coord:(34;25),Kuala Selangor. Selangor. Malaysia,0,0,0,0,0,0,1,2023-03-10T18:51:17.2861313Z,0
3.4739098,101.2876406,Daerah: Selangor<br>No:987<br>Hex coord:(35;25),Kuala Selangor. Selangor. Malaysia,0,0,0,0,0,0,1,2023-03-10T18:51:17.9719227Z,0
3.4816898,101.3011751,Daerah: Selangor<br>No:988<br>Hex coord:(36;25),Kuala Selangor. Selangor. Malaysia,0,0,0,0,0,0,1,2023-03-10T18:51:18.6275540Z,0
3.4739098,101.3147096,Daerah: Selangor<br>No:989<br>Hex coord:(37;25),Kuala Selangor. Selangor. Malaysia,0,0,0,0,0,0,1,2023-03-10T18:51:19.3070670Z,0
3.4816898,101.328244,Daerah: Selangor<br>No:990<br>Hex coord:(38;25),Kuala Selangor. Selangor. Malaysia,0,0,0,0,0,0,1,2023-03-10T18:51:19.9689682Z,0
3.4739098,101.3417785,Daerah: Selangor<br>No:991<br>Hex coord:(39;25),Kuala Selangor. Selangor. Malaysia,0,0,0,0,0,0,1,2023-03-10T18:51:20.6747357Z,0
3.4816898,101.355313,Daerah: Selangor<br>No:992<br>Hex coord:(40;25),Kuala Selangor. Selangor. Malaysia,0,0,0,0,0,0,1,2023-03-10T18:51:21.3413111Z,0
3.4739098,101.3688475,Daerah: Selangor<br>No:993<br>Hex coord:(41;25),Kuala Selangor. Selangor. Malaysia,0,0,0,0,0,0,1,2023-03-10T18:51:22.0279358Z,0
3.4816898,101.3823819,Daerah: Selangor<br>No:994<br>Hex coord:(42;25),Kuala Selangor. Selangor. Malaysia,0,0,0,0,0,0,1,2023-03-10T18:51:22.6939259Z,0
3.4739098,101.3959164,Daerah: Selangor<br>No:995<br>Hex coord:(43;25),Kuala Selangor. Selangor. Malaysia,0,0,0,0,0,0,1,2023-03-10T18:51:23.3837575Z,0
3.4816898,101.4094509,Daerah: Selangor<br>No:996<br>Hex coord:(44;25),Kuala Selangor. Selangor. Malaysia,0,0,0,0,0,0,1,2023-03-10T18:51:24.0458850Z,0
3.4739098,101.4229854,Daerah: Selangor<br>No:997<br>Hex coord:(45;25),Kuala Selangor. Selangor. Malaysia,0,0,0,0,0,0,1,2023-03-10T18:51:24.7247356Z,0
3.4816898,101.4365198,Daerah: Selangor<br>No:998<br>Hex coord:(46;25),Kuala Selangor. Selangor. Malaysia,0,0,0,0,0,0,1,2023-03-10T18:51:25.3773457Z,0
3.4739098,101.4500543,Daerah: Selangor<br>No:999<br>Hex coord:(47;25),B74. Kuala Selangor. Selangor. Malaysia,0,0,0,0,0,0,1,2023-03-10T18:51:26.0654356Z,0
3.4816898,101.4635888,Daerah: Selangor<br>No:1000<br>Hex coord:(48;25),Kuala Selangor. Selangor. Malaysia,0,0,0,0,0,0,1,2023-03-10T18:51:26.7643634Z,0
3.4739098,101.4771233,Daerah: Selangor<br>No:1001<br>Hex coord:(49;25),Hulu Selangor. Selangor. Malaysia,0,0,0,0,0,0,1,2023-03-10T18:51:27.5349211Z,0
3.4816898,101.4906577,Daerah: Selangor<br>No:1002<br>Hex coord:(50;25),Hulu Selangor. Selangor. Malaysia,0,0,0,0,0,0,1,2023-03-10T18:51:28.1950963Z,0
3.4739098,101.5041922,Daerah: Selangor<br>No:1003<br>Hex coord:(51;25),Hulu Selangor. Selangor. Malaysia,0,0,0,0,0,0,1,2023-03-10T18:51:28.8856913Z,0
3.4816898,101.5177267,Daerah: Selangor<br>No:1004<br>Hex coord:(52;25),Hulu Selangor. Selangor. Malaysia,0,0,0,0,0,0,1,2023-03-10T18:51:29.5647969Z,0
3.4739098,101.5312612,Daerah: Selangor<br>No:1005<br>Hex coord:(53;25),Hulu Selangor. Selangor. Malaysia,0,0,0,0,0,0,1,2023-03-10T18:51:30.2329325Z,0
3.4816898,101.5447956,Daerah: Selangor<br>No:1006<br>Hex coord:(54;25),Sungai Kerling. Ulu Selangor. Malaysia,0,0,0,0,0,0,1,2023-03-10T18:51:30.9318529Z,0
3.4739098,101.5583301,Daerah: Selangor<br>No:1007<br>Hex coord:(55;25),Sungai Palawan. Ulu Selangor. Malaysia,0,0,0,0,0,0,1,2023-03-10T18:51:31.6122218Z,0
3.4816898,101.5718646,Daerah: Selangor<br>No:1008<br>Hex coord:(56;25),Hulu Selangor. 48300 Bukit Beruntung. Selangor. Malaysia,0,0,0,0,0,0,1,2023-03-10T18:51:32.2883128Z,0
3.4739098,101.5853991,Daerah: Selangor<br>No:1009<br>Hex coord:(57;25),Bukit Lanchang Sebarau. Ulu Selangor. Malaysia,0,0,0,0,0,0,1,2023-03-10T18:51:32.9810079Z,0
3.4816898,101.5989335,Daerah: Selangor<br>No:1010<br>Hex coord:(58;25),Sungai Tunggol Menyala. Ulu Selangor. Malaysia,0,0,0,0,0,0,1,2023-03-10T18:51:33.6614612Z,0
3.4739098,101.612468,Daerah: Selangor<br>No:1011<br>Hex coord:(59;25),Rizab Melayu Chemerpoh. Ulu Selangor. Malaysia,0,0,0,0,0,0,1,2023-03-10T18:51:34.3443771Z,0
3.4816898,101.6260025,Daerah: Selangor<br>No:1012<br>Hex coord:(60;25),Taman Rasa Utama. 44200. Selangor. Malaysia,0,0,0,0,0,0,1,2023-03-10T18:51:35.0327809Z,1
3.4739098,101.639537,Daerah: Selangor<br>No:1013<br>Hex coord:(61;25),Taman Sri Cahaya. Batang Kali. Selangor. Malaysia,0,0,0,0,0,0,1,2023-03-10T18:51:35.7156403Z,1
3.4816898,101.6530714,Daerah: Selangor<br>No:1014<br>Hex coord:(62;25),SpringFresh Sdn Bhd. Jalan Kuala Lumpur - Tanjung Malim. Taman Seri Rasa. 44200. Selangor. Malaysia,0,0,0,0,0,0,1,2023-03-10T18:51:36.4245761Z,0
3.4739098,101.6666059,Daerah: Selangor<br>No:1015<br>Hex coord:(63;25),Bandar Utama Batang Kali. 44300. Selangor. Malaysia,0,0,0,0,0,0,1,2023-03-10T18:51:37.1005057Z,0
3.4816898,101.6801404,Daerah: Selangor<br>No:1016<br>Hex coord:(64;25),Palm Oil Plantation. Batang Kali. Selangor. Malaysia,0,0,0,0,0,0,1,2023-03-10T18:51:37.7747052Z,0
3.4739098,101.6936749,Daerah: Selangor<br>No:1017<br>Hex coord:(65;25),Palm Oil Plantation. Batang Kali. Selangor. Malaysia,0,0,0,0,0,0,1,2023-03-10T18:51:38.4735279Z,0
3.4816898,101.7072093,Daerah: Selangor<br>No:1018<br>Hex coord:(66;25),Kemajuan Tanah Hulu Rening. Ulu Selangor. Malaysia,0,0,0,0,0,0,1,2023-03-10T18:51:39.1279669Z,0
3.4739098,101.7207438,Daerah: Selangor<br>No:1019<br>Hex coord:(67;25),Hulu Selangor. 44300 Batang Kali. Selangor. Malaysia,0,0,0,0,0,0,1,2023-03-10T18:51:39.7850092Z,0
3.4816898,101.7342783,Daerah: Selangor<br>No:1020<br>Hex coord:(68;25),Hulu Selangor. Selangor. Malaysia,0,0,0,0,0,0,1,2023-03-10T18:51:40.4674001Z,0
3.4739098,101.7478128,Daerah: Selangor<br>No:1021<br>Hex coord:(69;25),Hulu Selangor. Selangor. Malaysia,0,0,0,0,0,0,1,2023-03-10T18:51:41.1504711Z,0
3.4816898,101.7613472,Daerah: Selangor<br>No:1022<br>Hex coord:(70;25),Hulu Selangor. Selangor. Malaysia,0,0,0,0,0,0,1,2023-03-10T18:51:41.8103518Z,0
3.4583498,101.1252269,Daerah: Selangor<br>No:1023<br>Hex coord:(23;26),Kuala Selangor. 45400. Selangor. Malaysia,0,0,0,0,0,0,1,2023-03-10T18:51:42.5125986Z,0
3.4661298,101.1387614,Daerah: Selangor<br>No:1024<br>Hex coord:(24;26),Masjid Sungai Burung. Jalan Kuala Selangor - Teluk Intan. 45400. Selangor. Malaysia,1,0,0,0,0,0,1,2023-03-10T18:51:43.1815911Z,0
3.4583498,101.1522959,Daerah: Selangor<br>No:1025<br>Hex coord:(25;26),Parit Satu. Kuala Selangor. Malaysia,0,0,0,0,0,0,1,2023-03-10T18:51:43.8453991Z,1
3.4661298,101.1658303,Daerah: Selangor<br>No:1026<br>Hex coord:(26;26),Kuala Selangor. Selangor. Malaysia,0,0,0,0,0,0,1,2023-03-10T18:51:44.5379361Z,0
3.4583498,101.1793648,Daerah: Selangor<br>No:1027<br>Hex coord:(27;26),Masjid Jame An-Nur. Tanjung Karang. Selangor. Malaysia,0,0,0,0,0,0,1,2023-03-10T18:51:45.2263135Z,0
3.4661298,101.1928993,Daerah: Selangor<br>No:1028<br>Hex coord:(28;26),Parit Sempadan. Tanjung Karang. Kuala Selangor. Malaysia,0,0,0,0,0,0,1,2023-03-10T18:51:45.8991665Z,0
3.4583498,101.2064338,Daerah: Selangor<br>No:1029<br>Hex coord:(29;26),Kuala Selangor. Selangor. Malaysia,0,0,0,0,0,0,1,2023-03-10T18:51:46.5736030Z,0
3.4661298,101.2199682,Daerah: Selangor<br>No:1030<br>Hex coord:(30;26),Kuala Selangor. Selangor. Malaysia,0,0,0,0,0,0,1,2023-03-10T18:51:47.2703601Z,0
3.4583498,101.2335027,Daerah: Selangor<br>No:1031<br>Hex coord:(31;26),Kuala Selangor. Selangor. Malaysia,0,0,0,0,0,0,1,2023-03-10T18:51:47.9354805Z,0
3.4661298,101.2470372,Daerah: Selangor<br>No:1032<br>Hex coord:(32;26),Kuala Selangor. Selangor. Malaysia,0,0,0,0,0,0,1,2023-03-10T18:51:48.5986201Z,0
3.4583498,101.2605717,Daerah: Selangor<br>No:1033<br>Hex coord:(33;26),Kuala Selangor. 45500 Kampung Seri Tiram Jaya. Selangor. Malaysia,0,0,0,0,0,0,1,2023-03-10T18:51:49.2854383Z,0
3.4661298,101.2741061,Daerah: Selangor<br>No:1034<br>Hex coord:(34;26),Kuala Selangor. Selangor. Malaysia,0,0,0,0,0,0,1,2023-03-10T18:51:49.9324825Z,0
3.4583498,101.2876406,Daerah: Selangor<br>No:1035<br>Hex coord:(35;26),Kuala Selangor. Selangor. Malaysia,0,0,0,0,0,0,1,2023-03-10T18:51:50.6204128Z,0
3.4661298,101.3011751,Daerah: Selangor<br>No:1036<br>Hex coord:(36;26),Kuala Selangor. Selangor. Malaysia,0,0,0,0,0,0,1,2023-03-10T18:51:51.2808028Z,0
3.4583498,101.3147096,Daerah: Selangor<br>No:1037<br>Hex coord:(37;26),Kuala Selangor. Selangor. Malaysia,0,0,0,0,0,0,1,2023-03-10T18:51:51.9593775Z,0
3.4661298,101.328244,Daerah: Selangor<br>No:1038<br>Hex coord:(38;26),Kuala Selangor. Selangor. Malaysia,0,0,0,0,0,0,1,2023-03-10T18:51:52.6293858Z,0
3.4583498,101.3417785,Daerah: Selangor<br>No:1039<br>Hex coord:(39;26),Kuala Selangor. Selangor. Malaysia,0,0,0,0,0,0,1,2023-03-10T18:51:53.3192310Z,0
3.4661298,101.355313,Daerah: Selangor<br>No:1040<br>Hex coord:(40;26),Kuala Selangor. Selangor. Malaysia,0,0,0,0,0,0,1,2023-03-10T18:51:53.9897337Z,0
3.4583498,101.3688475,Daerah: Selangor<br>No:1041<br>Hex coord:(41;26),Kuala Selangor. Selangor. Malaysia,0,0,0,0,0,0,1,2023-03-10T18:51:54.6746630Z,0
3.4661298,101.3823819,Daerah: Selangor<br>No:1042<br>Hex coord:(42;26),Kuala Selangor. Selangor. Malaysia,0,0,0,0,0,0,1,2023-03-10T18:51:55.3266887Z,0
3.4583498,101.3959164,Daerah: Selangor<br>No:1043<br>Hex coord:(43;26),Kuala Selangor. Selangor. Malaysia,0,0,0,0,0,0,1,2023-03-10T18:51:56.0171691Z,0
3.4661298,101.4094509,Daerah: Selangor<br>No:1044<br>Hex coord:(44;26),Kuala Selangor. Selangor. Malaysia,0,0,0,0,0,0,1,2023-03-10T18:51:56.6785935Z,0
3.4583498,101.4229854,Daerah: Selangor<br>No:1045<br>Hex coord:(45;26),Kuala Selangor. Selangor. Malaysia,0,0,0,0,0,0,1,2023-03-10T18:51:57.3390005Z,0
3.4661298,101.4365198,Daerah: Selangor<br>No:1046<br>Hex coord:(46;26),Kuala Selangor. Selangor. Malaysia,0,0,0,0,0,0,1,2023-03-10T18:51:58.0202284Z,0
3.4583498,101.4500543,Daerah: Selangor<br>No:1047<br>Hex coord:(47;26),B74. Bestari Jaya. Selangor. Malaysia,0,0,0,0,0,0,1,2023-03-10T18:51:58.7089429Z,0
3.4661298,101.4635888,Daerah: Selangor<br>No:1048<br>Hex coord:(48;26),Kuala Selangor. Selangor. Malaysia,0,0,0,0,0,0,1,2023-03-10T18:51:59.3704373Z,0
3.4583498,101.4771233,Daerah: Selangor<br>No:1049<br>Hex coord:(49;26),Sungai Tinggi. Selangor. Malaysia,0,0,0,0,0,0,1,2023-03-10T18:52:00.0671495Z,0
3.4661298,101.4906577,Daerah: Selangor<br>No:1050<br>Hex coord:(50;26),Sungai Tinggi Estate. Ulu Selangor. Malaysia,0,0,0,0,0,0,1,2023-03-10T18:52:00.7511784Z,0
3.4583498,101.5041922,Daerah: Selangor<br>No:1051<br>Hex coord:(51;26),Hulu Selangor. 48300 Bukit Beruntung. Selangor. Malaysia,0,0,0,0,0,0,1,2023-03-10T18:52:01.4118550Z,0
3.4661298,101.5177267,Daerah: Selangor<br>No:1052<br>Hex coord:(52;26),Sya. Hulu Selangor. Selangor. Malaysia,0,0,0,0,0,0,1,2023-03-10T18:52:02.1219378Z,0
3.4583498,101.5312612,Daerah: Selangor<br>No:1053<br>Hex coord:(53;26),Sungai Dongak. Ulu Selangor. Malaysia,0,0,0,0,0,1,1,2023-03-10T18:52:02.8052582Z,0
3.4661298,101.5447956,Daerah: Selangor<br>No:1054<br>Hex coord:(54;26),Sungai Nilam. Ulu Selangor. Malaysia,0,0,0,0,0,1,1,2023-03-10T18:52:03.4837137Z,0
3.4583498,101.5583301,Daerah: Selangor<br>No:1055<br>Hex coord:(55;26),sya. Selangor. Malaysia,0,0,0,0,0,2,1,2023-03-10T18:52:04.2040611Z,0
3.4661298,101.5718646,Daerah: Selangor<br>No:1056<br>Hex coord:(56;26),sya. Selangor. Malaysia,0,0,0,0,0,0,1,2023-03-10T18:52:04.8922177Z,0
3.4583498,101.5853991,Daerah: Selangor<br>No:1057<br>Hex coord:(57;26),Taman Widuri. Selangor. Malaysia,0,0,0,0,0,1,1,2023-03-10T18:52:05.5952701Z,0
3.4661298,101.5989335,Daerah: Selangor<br>No:1058<br>Hex coord:(58;26),Jalan Rasa - Kuala Kali. Taman Keruing. 44200. Selangor. Malaysia,0,0,0,0,0,0,1,2023-03-10T18:52:06.2891351Z,0
3.4583498,101.612468,Daerah: Selangor<br>No:1059<br>Hex coord:(59;26),44300 Hulu Yam Lama. Selangor. Malaysia,0,0,0,0,0,0,1,2023-03-10T18:52:07.0043746Z,0
3.4661298,101.6260025,Daerah: Selangor<br>No:1060<br>Hex coord:(60;26),Kampung Bukit Chandang. 44300. Selangor. Malaysia,0,0,0,0,0,0,1,2023-03-10T18:52:07.7065684Z,0
3.4583498,101.639537,Daerah: Selangor<br>No:1061<br>Hex coord:(61;26),Swee Yen. 38 Jalan Besar. 44300 Batang Kali. Selangor. Malaysia,0,0,0,0,0,0,1,2023-03-10T18:52:08.4260171Z,0
3.4661298,101.6530714,Daerah: Selangor<br>No:1062<br>Hex coord:(62;26),Bandar Utama Batang Kali. 44300. Selangor. Malaysia,0,0,0,0,0,0,1,2023-03-10T18:52:09.1456499Z,1
3.4583498,101.6666059,Daerah: Selangor<br>No:1063<br>Hex coord:(63;26),Bandar Utama Batang Kali. 44300. Selangor. Malaysia,0,0,0,0,0,0,1,2023-03-10T18:52:09.8693020Z,2
3.4661298,101.6801404,Daerah: Selangor<br>No:1064<br>Hex coord:(64;26),Bandar Utama Batang Kali. 44300. Selangor. Malaysia,0,0,0,0,0,0,1,2023-03-10T18:52:10.5442477Z,0
3.4583498,101.6936749,Daerah: Selangor<br>No:1065<br>Hex coord:(65;26),Tanah Abah. PT 769 Jalan Haji Marzuki. 44300 Batang Kali. Selangor. Malaysia,0,0,0,0,0,0,1,2023-03-10T18:52:11.2207329Z,0
3.4661298,101.7072093,Daerah: Selangor<br>No:1066<br>Hex coord:(66;26),Bandar Utama Batang Kali. Selangor. Malaysia,0,0,0,0,0,0,1,2023-03-10T18:52:11.8776467Z,0
3.4583498,101.7207438,Daerah: Selangor<br>No:1067<br>Hex coord:(67;26),Dusun Sg Tamu Adventure Camp. Ulu Selangor. Malaysia,0,0,0,0,0,0,1,2023-03-10T18:52:12.5421938Z,0
3.4661298,101.7342783,Daerah: Selangor<br>No:1068<br>Hex coord:(68;26),Hulu Selangor. Selangor. Malaysia,0,0,0,0,0,0,1,2023-03-10T18:52:13.2278812Z,0
3.4583498,101.7478128,Daerah: Selangor<br>No:1069<br>Hex coord:(69;26),Hulu Selangor. Selangor. Malaysia,0,0,0,0,0,0,1,2023-03-10T18:52:13.8898830Z,0
3.4661298,101.7613472,Daerah: Selangor<br>No:1070<br>Hex coord:(70;26),Hulu Selangor. Selangor. Malaysia,0,0,0,0,0,0,1,2023-03-10T18:52:14.5727407Z,0
3.4583498,101.7748817,Daerah: Selangor<br>No:1071<br>Hex coord:(71;26),Hulu Selangor. Selangor. Malaysia,0,0,0,0,0,0,1,2023-03-10T18:52:15.2546835Z,0
3.4505698,101.1387614,Daerah: Selangor<br>No:1072<br>Hex coord:(24;27),Kuala Selangor. 45400. Selangor. Malaysia,0,0,0,0,0,0,1,2023-03-10T18:52:15.9552539Z,0
3.4427898,101.1522959,Daerah: Selangor<br>No:1073<br>Hex coord:(25;27),Kuala Selangor. Selangor. Malaysia,0,0,0,0,0,0,1,2023-03-10T18:52:16.6218380Z,1
3.4505698,101.1658303,Daerah: Selangor<br>No:1074<br>Hex coord:(26;27),Kuala Selangor. Selangor. Malaysia,0,0,0,0,0,0,1,2023-03-10T18:52:17.2840920Z,0
3.4427898,101.1793648,Daerah: Selangor<br>No:1075<br>Hex coord:(27;27),Sungai Tengi. Tanjung Karang. Selangor. Malaysia,0,0,0,0,0,0,1,2023-03-10T18:52:17.9848794Z,0
3.4505698,101.1928993,Daerah: Selangor<br>No:1076<br>Hex coord:(28;27),Parit Satu. Tanjung Karang. Kuala Selangor. Malaysia,0,0,0,0,0,0,1,2023-03-10T18:52:18.6505110Z,0
3.4427898,101.2064338,Daerah: Selangor<br>No:1077<br>Hex coord:(29;27),Tali Air Dua. Tanjung Karang. Kuala Selangor. Malaysia,0,0,0,0,0,0,1,2023-03-10T18:52:19.3305612Z,0
3.4505698,101.2199682,Daerah: Selangor<br>No:1078<br>Hex coord:(30;27),Kuala Selangor. Selangor. Malaysia,0,0,0,0,0,0,1,2023-03-10T18:52:20.0026369Z,2
3.4427898,101.2335027,Daerah: Selangor<br>No:1079<br>Hex coord:(31;27),Kuala Selangor. Selangor. Malaysia,0,0,0,0,0,0,1,2023-03-10T18:52:20.6842089Z,0
3.4505698,101.2470372,Daerah: Selangor<br>No:1080<br>Hex coord:(32;27),Kuala Selangor. Selangor. Malaysia,0,0,0,0,0,0,1,2023-03-10T18:52:21.3783559Z,0
3.4427898,101.2605717,Daerah: Selangor<br>No:1081<br>Hex coord:(33;27),Kuala Selangor. Selangor. Malaysia,0,0,0,0,0,0,1,2023-03-10T18:52:22.0745973Z,0
3.4505698,101.2741061,Daerah: Selangor<br>No:1082<br>Hex coord:(34;27),Kuala Selangor. Selangor. Malaysia,0,0,0,0,0,0,1,2023-03-10T18:52:22.7698555Z,0
3.4427898,101.2876406,Daerah: Selangor<br>No:1083<br>Hex coord:(35;27),Kuala Selangor. Selangor. Malaysia,0,0,0,0,0,0,1,2023-03-10T18:52:23.4288095Z,0
3.4505698,101.3011751,Daerah: Selangor<br>No:1084<br>Hex coord:(36;27),Kuala Selangor. Selangor. Malaysia,0,0,0,0,0,0,1,2023-03-10T18:52:24.0881994Z,0
3.4427898,101.3147096,Daerah: Selangor<br>No:1085<br>Hex coord:(37;27),Kuala Selangor. Kampung Raja Musa. Selangor. Malaysia,0,0,0,0,0,0,1,2023-03-10T18:52:24.7683564Z,0
3.4505698,101.328244,Daerah: Selangor<br>No:1086<br>Hex coord:(38;27),Kuala Selangor. Selangor. Malaysia,0,0,0,0,0,0,1,2023-03-10T18:52:25.4302924Z,0
3.4427898,101.3417785,Daerah: Selangor<br>No:1087<br>Hex coord:(39;27),Kuala Selangor. Selangor. Malaysia,0,0,0,0,0,0,1,2023-03-10T18:52:26.1095653Z,0
3.4505698,101.355313,Daerah: Selangor<br>No:1088<br>Hex coord:(40;27),Kuala Selangor. Selangor. Malaysia,0,0,0,0,0,0,1,2023-03-10T18:52:26.7932059Z,0
3.4427898,101.3688475,Daerah: Selangor<br>No:1089<br>Hex coord:(41;27),Kuala Selangor. Malaysia,0,0,0,0,0,0,1,2023-03-10T18:52:27.4500168Z,0
3.4505698,101.3823819,Daerah: Selangor<br>No:1090<br>Hex coord:(42;27),Kuala Selangor. Malaysia,0,0,0,0,0,0,1,2023-03-10T18:52:28.1297630Z,0
3.4427898,101.3959164,Daerah: Selangor<br>No:1091<br>Hex coord:(43;27),Kuala Selangor. 45600 Bestari Jaya. Selangor. Malaysia,0,0,0,0,0,0,1,2023-03-10T18:52:28.7833226Z,0
3.4505698,101.4094509,Daerah: Selangor<br>No:1092<br>Hex coord:(44;27),Kuala Selangor. 45600 Bestari Jaya. Selangor. Malaysia,0,0,0,0,0,0,1,2023-03-10T18:52:29.4387435Z,0
3.4427898,101.4229854,Daerah: Selangor<br>No:1093<br>Hex coord:(45;27),Kampung Rantau Panjang. 45600. Selangor. Malaysia,0,0,0,0,0,0,1,2023-03-10T18:52:30.1214498Z,0
3.4505698,101.4365198,Daerah: Selangor<br>No:1094<br>Hex coord:(46;27),Kuala Selangor. 45600 Bestari Jaya. Selangor. Malaysia,0,0,0,0,0,0,1,2023-03-10T18:52:30.7777625Z,0
3.4427898,101.4500543,Daerah: Selangor<br>No:1095<br>Hex coord:(47;27),B74. Kampung Rantau Panjang. Selangor. Malaysia,0,0,0,0,0,0,1,2023-03-10T18:52:31.4757076Z,0
3.4505698,101.4635888,Daerah: Selangor<br>No:1096<br>Hex coord:(48;27),Kuala Selangor. Selangor. Malaysia,0,0,0,0,0,0,1,2023-03-10T18:52:32.1321391Z,0
3.4427898,101.4771233,Daerah: Selangor<br>No:1097<br>Hex coord:(49;27),Sungai Tinggi. Selangor. Malaysia,0,0,0,0,0,0,1,2023-03-10T18:52:32.8323709Z,0
3.4505698,101.4906577,Daerah: Selangor<br>No:1098<br>Hex coord:(50;27),Sungai Tinggi. Selangor. Malaysia,0,0,0,0,0,0,1,2023-03-10T18:52:33.4921029Z,0
3.4427898,101.5041922,Daerah: Selangor<br>No:1099<br>Hex coord:(51;27),Hulu Selangor. 48300 Bukit Beruntung. Selangor. Malaysia,0,0,0,0,0,0,1,2023-03-10T18:52:34.1895125Z,0
3.4505698,101.5177267,Daerah: Selangor<br>No:1100<br>Hex coord:(52;27),Hulu Selangor. 48300 Bukit Beruntung. Selangor. Malaysia,0,0,0,0,0,0,1,2023-03-10T18:52:34.8883570Z,0
3.4427898,101.5312612,Daerah: Selangor<br>No:1101<br>Hex coord:(53;27),Taman Bunga Raya. 48300. Selangor. Malaysia,0,0,0,0,0,2,1,2023-03-10T18:52:35.5777305Z,0
3.4505698,101.5447956,Daerah: Selangor<br>No:1102<br>Hex coord:(54;27),Apartment Anggerik. Rawang. Selangor. Malaysia,0,0,0,0,0,2,1,2023-03-10T18:52:36.2894710Z,1
3.4427898,101.5583301,Daerah: Selangor<br>No:1103<br>Hex coord:(55;27),Hulu Selangor. 48300. Selangor. Malaysia,0,0,0,0,0,2,1,2023-03-10T18:52:37.0122842Z,0
3.4505698,101.5718646,Daerah: Selangor<br>No:1104<br>Hex coord:(56;27),Hulu Selangor. 48300. Selangor. Malaysia,0,0,0,0,0,2,1,2023-03-10T18:52:37.7170636Z,0
3.4427898,101.5853991,Daerah: Selangor<br>No:1105<br>Hex coord:(57;27),Apartment Widuri 1. 48300 Rawang. Selangor. Malaysia,0,0,0,0,0,4,1,2023-03-10T18:52:38.4237658Z,0
3.4505698,101.5989335,Daerah: Selangor<br>No:1106<br>Hex coord:(58;27),Jalan Rasa - Kuala Kali. Taman Keruing. 44200. Selangor. Malaysia,0,0,0,0,0,2,1,2023-03-10T18:52:39.1395228Z,0
3.4427898,101.612468,Daerah: Selangor<br>No:1107<br>Hex coord:(59;27),Ladang Hulu Caledonian. Ulu Selangor. Malaysia,0,0,0,0,0,2,1,2023-03-10T18:52:39.8532985Z,0
3.4505698,101.6260025,Daerah: Selangor<br>No:1108<br>Hex coord:(60;27),Kampung Bukit Chandang. 44300. Selangor. Malaysia,0,0,0,0,0,0,1,2023-03-10T18:52:40.5461921Z,0
3.4427898,101.639537,Daerah: Selangor<br>No:1109<br>Hex coord:(61;27),Bandar Utama Batang Kali. 44300. Selangor. Malaysia,0,0,0,0,0,0,1,2023-03-10T18:52:41.2458214Z,0
3.4505698,101.6530714,Daerah: Selangor<br>No:1110<br>Hex coord:(62;27),Jalan Meranti 8A/7. Batang Kali. Selangor. Malaysia,0,0,0,0,0,0,1,2023-03-10T18:52:41.9470956Z,1
3.4427898,101.6666059,Daerah: Selangor<br>No:1111<br>Hex coord:(63;27),Jalan Batang Kali–Hulu Yam Bharu. Ulu Yam Bharu. 44300. Selangor. Malaysia,0,0,0,0,0,0,1,2023-03-10T18:52:42.6571204Z,0
3.4505698,101.6801404,Daerah: Selangor<br>No:1112<br>Hex coord:(64;27),Jalan Batang Kali - Genting Highlands. Batang Kali. Selangor. Malaysia,0,0,0,0,0,0,1,2023-03-10T18:52:43.3391578Z,0
3.4427898,101.6936749,Daerah: Selangor<br>No:1113<br>Hex coord:(65;27),Ulu Yam Bharu. 44300. Selangor. Malaysia,0,0,0,0,0,0,1,2023-03-10T18:52:44.0096996Z,0
3.4505698,101.7072093,Daerah: Selangor<br>No:1114<br>Hex coord:(66;27),Bukit Tamu. Ulu Selangor. Malaysia,0,0,0,0,0,0,1,2023-03-10T18:52:44.6729054Z,0
3.4427898,101.7207438,Daerah: Selangor<br>No:1115<br>Hex coord:(67;27),Hulu Selangor. 44300 Batang Kali. Selangor. Malaysia,0,0,0,0,0,0,1,2023-03-10T18:52:45.3325655Z,0
3.4505698,101.7342783,Daerah: Selangor<br>No:1116<br>Hex coord:(68;27),Hulu Selangor. Selangor. Malaysia,0,0,0,0,0,0,1,2023-03-10T18:52:45.9975471Z,0
3.4427898,101.7478128,Daerah: Selangor<br>No:1117<br>Hex coord:(69;27),Hulu Selangor. Selangor. Malaysia,0,0,0,0,0,0,1,2023-03-10T18:52:46.6604073Z,0
3.4505698,101.7613472,Daerah: Selangor<br>No:1118<br>Hex coord:(70;27),Hulu Selangor. Selangor. Malaysia,0,0,0,0,0,0,1,2023-03-10T18:52:47.3141084Z,0
3.4427898,101.7748817,Daerah: Selangor<br>No:1119<br>Hex coord:(71;27),Hulu Selangor. Selangor. Malaysia,0,0,0,0,0,0,1,2023-03-10T18:52:47.9797728Z,0
3.4272298,101.1522959,Daerah: Selangor<br>No:1120<br>Hex coord:(25;28),Kuala Selangor. Selangor. Malaysia,0,0,0,0,0,0,1,2023-03-10T18:52:48.6702271Z,0
3.4350098,101.1658303,Daerah: Selangor<br>No:1121<br>Hex coord:(26;28),Taman Mahsuri. Selangor. Malaysia,0,0,0,0,0,0,1,2023-03-10T18:52:49.3738934Z,0
3.4272298,101.1793648,Daerah: Selangor<br>No:1122<br>Hex coord:(27;28),Taman Mahsuri. Selangor. Malaysia,2,0,0,0,0,0,1,2023-03-10T18:52:50.0747623Z,0
3.4350098,101.1928993,Daerah: Selangor<br>No:1123<br>Hex coord:(28;28),Kampung Sungai Tengi Kanan. Selangor. Malaysia,0,0,0,0,0,0,1,2023-03-10T18:52:50.7786908Z,0
3.4272298,101.2064338,Daerah: Selangor<br>No:1124<br>Hex coord:(29;28),Tali Air Tiga. Tanjung Karang. Kuala Selangor. Malaysia,0,0,0,0,0,0,1,2023-03-10T18:52:51.4986907Z,0
3.4350098,101.2199682,Daerah: Selangor<br>No:1125<br>Hex coord:(30;28),Kuala Selangor. Selangor. Malaysia,1,0,0,0,0,0,1,2023-03-10T18:52:52.1851812Z,0
3.4272298,101.2335027,Daerah: Selangor<br>No:1126<br>Hex coord:(31;28),Tali Air Empat. Tanjung Karang. Kuala Selangor. Malaysia,0,0,0,0,0,0,1,2023-03-10T18:52:52.8580275Z,0
3.4350098,101.2470372,Daerah: Selangor<br>No:1127<br>Hex coord:(32;28),Taman Seri Tiram. Selangor. Malaysia,0,0,0,0,0,0,1,2023-03-10T18:52:53.5470573Z,0
3.4272298,101.2605717,Daerah: Selangor<br>No:1128<br>Hex coord:(33;28),Jalan Raja Musa. Kampung Tiram Setia. Selangor. Malaysia,0,0,0,0,0,0,1,2023-03-10T18:52:54.2335551Z,0
3.4350098,101.2741061,Daerah: Selangor<br>No:1129<br>Hex coord:(34;28),Kuala Selangor. Selangor. Malaysia,0,0,0,0,0,0,1,2023-03-10T18:52:54.8990198Z,0
3.4272298,101.2876406,Daerah: Selangor<br>No:1130<br>Hex coord:(35;28),Kuala Selangor. Kampung Raja Musa. Selangor. Malaysia,0,0,0,0,0,0,1,2023-03-10T18:52:55.5933899Z,0
3.4350098,101.3011751,Daerah: Selangor<br>No:1131<br>Hex coord:(36;28),Kuala Selangor. Kampung Raja Musa. Selangor. Malaysia,0,0,0,0,0,0,1,2023-03-10T18:52:56.2953885Z,0
3.4272298,101.3147096,Daerah: Selangor<br>No:1132<br>Hex coord:(37;28),Kuala Selangor. Selangor. Malaysia,0,0,0,0,0,0,1,2023-03-10T18:52:56.9655849Z,0
3.4350098,101.328244,Daerah: Selangor<br>No:1133<br>Hex coord:(38;28),Kuala Selangor. Kampung Raja Musa. Selangor. Malaysia,0,0,0,0,0,0,1,2023-03-10T18:52:57.6493297Z,0
3.4272298,101.3417785,Daerah: Selangor<br>No:1134<br>Hex coord:(39;28),Kuala Selangor. Kampung Raja Musa. Selangor. Malaysia,0,0,0,0,0,0,1,2023-03-10T18:52:58.3143991Z,0
3.4350098,101.355313,Daerah: Selangor<br>No:1135<br>Hex coord:(40;28),Kuala Selangor. Malaysia,0,0,0,0,0,0,1,2023-03-10T18:52:59.0052818Z,0
3.4272298,101.3688475,Daerah: Selangor<br>No:1136<br>Hex coord:(41;28),Kuala Selangor. Malaysia,0,0,0,0,0,0,1,2023-03-10T18:52:59.6698017Z,0
3.4350098,101.3823819,Daerah: Selangor<br>No:1137<br>Hex coord:(42;28),Kuala Selangor. 45600 Bestari Jaya. Selangor. Malaysia,0,0,0,0,0,0,1,2023-03-10T18:53:00.3609577Z,0
3.4272298,101.3959164,Daerah: Selangor<br>No:1138<br>Hex coord:(43;28),Kuala Selangor. 45600 Bestari Jaya. Selangor. Malaysia,0,0,0,0,0,0,1,2023-03-10T18:53:01.0457423Z,0
3.4350098,101.4094509,Daerah: Selangor<br>No:1139<br>Hex coord:(44;28),Kampung Rantau Panjang. Selangor. Malaysia,0,0,0,0,0,0,1,2023-03-10T18:53:01.7078658Z,0
3.4272298,101.4229854,Daerah: Selangor<br>No:1140<br>Hex coord:(45;28),Kampung Rantau Panjang. 45600. Selangor. Malaysia,0,0,0,0,0,0,1,2023-03-10T18:53:02.3996213Z,0
3.4350098,101.4365198,Daerah: Selangor<br>No:1141<br>Hex coord:(46;28),Kuala Selangor. 45600 Bestari Jaya. Selangor. Malaysia,0,0,0,0,0,0,1,2023-03-10T18:53:03.0613009Z,0
3.4272298,101.4500543,Daerah: Selangor<br>No:1142<br>Hex coord:(47;28),Kampung Rantau Panjang. Selangor. Malaysia,0,0,0,0,0,0,1,2023-03-10T18:53:03.7477059Z,1
3.4350098,101.4635888,Daerah: Selangor<br>No:1143<br>Hex coord:(48;28),Bukit Minyak. Ulu Selangor. Malaysia,0,0,0,0,0,0,1,2023-03-10T18:53:04.4121824Z,0
3.4272298,101.4771233,Daerah: Selangor<br>No:1144<br>Hex coord:(49;28),Sungai Tinggi. Selangor. Malaysia,0,0,0,0,0,0,1,2023-03-10T18:53:05.0838619Z,0
3.4350098,101.4906577,Daerah: Selangor<br>No:1145<br>Hex coord:(50;28),Hulu Selangor. 48300 Bukit Beruntung. Selangor. Malaysia,0,0,0,0,0,0,1,2023-03-10T18:53:05.7798383Z,0
3.4272298,101.5041922,Daerah: Selangor<br>No:1146<br>Hex coord:(51;28),Sungai Kelubi. Ulu Selangor. Malaysia,0,0,0,0,0,0,1,2023-03-10T18:53:06.4455917Z,0
3.4350098,101.5177267,Daerah: Selangor<br>No:1147<br>Hex coord:(52;28),Hulu Selangor. 48300 Bukit Beruntung. Selangor. Malaysia,0,0,0,0,0,1,1,2023-03-10T18:53:07.1632633Z,0
3.4272298,101.5312612,Daerah: Selangor<br>No:1148<br>Hex coord:(53;28),Hulu Selangor. 48300 Bukit Beruntung. Selangor. Malaysia,0,0,0,0,0,2,1,2023-03-10T18:53:07.8662516Z,0
3.4350098,101.5447956,Daerah: Selangor<br>No:1149<br>Hex coord:(54;28),B Persiaran Bunga Raya. 48300 Rawang. Selangor. Malaysia,0,0,0,0,0,4,1,2023-03-10T18:53:08.6001815Z,1
3.4272298,101.5583301,Daerah: Selangor<br>No:1150<br>Hex coord:(55;28),15 Jalan Adenium 2G/6. 48300 Rawang. Selangor. Malaysia,0,0,0,0,0,5,1,2023-03-10T18:53:09.3337588Z,1
3.4350098,101.5718646,Daerah: Selangor<br>No:1151<br>Hex coord:(56;28),Hulu Selangor. 48300. Selangor. Malaysia,0,1,0,0,0,6,1,2023-03-10T18:53:10.0615949Z,0
3.4272298,101.5853991,Daerah: Selangor<br>No:1152<br>Hex coord:(57;28),Tasik Widuri. Rawang. Selangor. Malaysia,0,0,0,0,0,6,1,2023-03-10T18:53:10.7827432Z,0
3.4350098,101.5989335,Daerah: Selangor<br>No:1153<br>Hex coord:(58;28),Persiaran Kuala Kali. Antara Gapi. 48300. Selangor. Malaysia,0,0,0,0,0,3,1,2023-03-10T18:53:11.5161933Z,0
3.4272298,101.612468,Daerah: Selangor<br>No:1154<br>Hex coord:(59;28),Ladang Guru Nanak. Rawang. Selangor. Malaysia,0,0,0,0,0,2,1,2023-03-10T18:53:14.0402850Z,0
3.4350098,101.6260025,Daerah: Selangor<br>No:1155<br>Hex coord:(60;28),Antara Gapi. 44300. Selangor. Malaysia,0,0,0,0,0,2,1,2023-03-10T18:53:14.7563413Z,0
3.4272298,101.639537,Daerah: Selangor<br>No:1156<br>Hex coord:(61;28),Jalan Gapi 1C/6. Serendah. Selangor. Malaysia,0,0,0,0,0,2,1,2023-03-10T18:53:15.4613174Z,1
3.4350098,101.6530714,Daerah: Selangor<br>No:1157<br>Hex coord:(62;28),Ulu Yam Bharu. 44300. Selangor. Malaysia,0,0,0,0,0,0,1,2023-03-10T18:53:16.1577705Z,0
3.4272298,101.6666059,Daerah: Selangor<br>No:1158<br>Hex coord:(63;28),Jalan Kaloi 4B/4. 44300 Batang Kali. Selangor. Malaysia,0,0,0,0,0,0,1,2023-03-10T18:53:16.8541091Z,0
3.4350098,101.6801404,Daerah: Selangor<br>No:1159<br>Hex coord:(64;28),Kuala Kubu Estate. Ulu Selangor. Malaysia,0,0,0,0,0,0,1,2023-03-10T18:53:17.5332719Z,0
3.4272298,101.6936749,Daerah: Selangor<br>No:1160<br>Hex coord:(65;28),Plantation Workshops. Jalan Batang Kali - Genting Highlands. Bandar Utama Batang Kali. 44300. Selangor. Malaysia,0,0,0,0,0,0,1,2023-03-10T18:53:18.2074854Z,0
3.4350098,101.7072093,Daerah: Selangor<br>No:1161<br>Hex coord:(66;28),Palm Oil Plantation. Selangor. Malaysia,0,0,0,0,0,0,1,2023-03-10T18:53:18.8756707Z,0
3.4272298,101.7207438,Daerah: Selangor<br>No:1162<br>Hex coord:(67;28),Orang Asli Village. Selangor. Malaysia,0,0,0,0,0,0,1,2023-03-10T18:53:19.5376011Z,0
3.4350098,101.7342783,Daerah: Selangor<br>No:1163<br>Hex coord:(68;28),Kedongdong Waterfall. Selangor. Malaysia,0,0,0,0,0,0,1,2023-03-10T18:53:20.1926149Z,0
3.4272298,101.7478128,Daerah: Selangor<br>No:1164<br>Hex coord:(69;28),Jalan Batang Kali - Genting Highlands. Hulu Selangor. 69000. Selangor. Malaysia,0,0,0,0,0,0,1,2023-03-10T18:53:20.8602697Z,0
3.4350098,101.7613472,Daerah: Selangor<br>No:1165<br>Hex coord:(70;28),Hulu Selangor. Selangor. Malaysia,0,0,0,0,0,0,1,2023-03-10T18:53:21.5575792Z,0
3.4272298,101.7748817,Daerah: Selangor<br>No:1166<br>Hex coord:(71;28),Hulu Selangor. Selangor. Malaysia,0,0,0,0,0,0,1,2023-03-10T18:53:22.2133187Z,0
3.4194498,101.1658303,Daerah: Selangor<br>No:1167<br>Hex coord:(26;29),Taman Mahsuri. Selangor. Malaysia,0,0,0,0,0,0,1,2023-03-10T18:53:22.9084768Z,2
3.4116698,101.1793648,Daerah: Selangor<br>No:1168<br>Hex coord:(27;29),Sungai China Mau. Tanjung Karang. Kuala Selangor. Malaysia,0,0,0,0,0,0,1,2023-03-10T18:53:23.5708948Z,0
3.4194498,101.1928993,Daerah: Selangor<br>No:1169<br>Hex coord:(28;29),Taman Mahsuri. Selangor. Malaysia,0,0,0,0,0,0,1,2023-03-10T18:53:24.2477212Z,0
3.4116698,101.2064338,Daerah: Selangor<br>No:1170<br>Hex coord:(29;29),Rizab Melayu Batu Enam. Tanjung Karang. Kuala Selangor. Malaysia,0,0,0,0,0,0,1,2023-03-10T18:53:24.9123858Z,0
3.4194498,101.2199682,Daerah: Selangor<br>No:1171<br>Hex coord:(30;29),Taman Intan. Selangor. Malaysia,1,0,0,0,0,0,1,2023-03-10T18:53:25.6184114Z,0
3.4116698,101.2335027,Daerah: Selangor<br>No:1172<br>Hex coord:(31;29),Kuala Selangor. Selangor. Malaysia,0,0,0,0,0,0,1,2023-03-10T18:53:26.2776713Z,0
3.4194498,101.2470372,Daerah: Selangor<br>No:1173<br>Hex coord:(32;29),Kuala Selangor. Selangor. Malaysia,0,0,0,0,0,0,1,2023-03-10T18:53:26.9485605Z,0
3.4116698,101.2605717,Daerah: Selangor<br>No:1174<br>Hex coord:(33;29),Jalan Raja Musa. Kuala Selangor. Selangor. Malaysia,0,0,0,0,0,0,1,2023-03-10T18:53:27.6454495Z,0
3.4194498,101.2741061,Daerah: Selangor<br>No:1175<br>Hex coord:(34;29),Kuala Selangor. Selangor. Malaysia,0,0,0,0,0,0,1,2023-03-10T18:53:28.3319990Z,0
3.4116698,101.2876406,Daerah: Selangor<br>No:1176<br>Hex coord:(35;29),Raja Musa Estate. Kuala Selangor. Malaysia,0,0,0,0,0,0,1,2023-03-10T18:53:28.9878656Z,0
3.4194498,101.3011751,Daerah: Selangor<br>No:1177<br>Hex coord:(36;29),Kuala Selangor. Selangor. Malaysia,0,0,0,0,0,0,1,2023-03-10T18:53:29.6866420Z,0
3.4116698,101.3147096,Daerah: Selangor<br>No:1178<br>Hex coord:(37;29),Kuala Selangor. Selangor. Malaysia,0,0,0,0,0,0,1,2023-03-10T18:53:30.3745679Z,0
3.4194498,101.328244,Daerah: Selangor<br>No:1179<br>Hex coord:(38;29),Kuala Selangor. Selangor. Malaysia,0,0,0,0,0,0,1,2023-03-10T18:53:31.0671715Z,0
3.4116698,101.3417785,Daerah: Selangor<br>No:1180<br>Hex coord:(39;29),Jalan Raja Musa. Selangor. Malaysia,1,0,0,0,0,0,1,2023-03-10T18:53:31.7590393Z,0
3.4194498,101.355313,Daerah: Selangor<br>No:1181<br>Hex coord:(40;29),Kuala Selangor. Selangor. Malaysia,0,0,0,0,0,0,1,2023-03-10T18:53:32.4515251Z,0
3.4116698,101.3688475,Daerah: Selangor<br>No:1182<br>Hex coord:(41;29),Kuala Selangor. Malaysia,0,0,0,0,0,0,1,2023-03-10T18:53:33.1402983Z,0
3.4194498,101.3823819,Daerah: Selangor<br>No:1183<br>Hex coord:(42;29),Kuala Selangor. 45600. Selangor. Malaysia,0,0,0,0,0,0,1,2023-03-10T18:53:33.8254836Z,0
3.4116698,101.3959164,Daerah: Selangor<br>No:1184<br>Hex coord:(43;29),Kuala Selangor. 45600 Bestari Jaya. Selangor. Malaysia,0,0,0,0,0,0,1,2023-03-10T18:53:34.5220163Z,0
3.4194498,101.4094509,Daerah: Selangor<br>No:1185<br>Hex coord:(44;29),Kampung Rantau Panjang. Selangor. Malaysia,0,0,0,0,0,0,1,2023-03-10T18:53:35.2072386Z,0
3.4116698,101.4229854,Daerah: Selangor<br>No:1186<br>Hex coord:(45;29),Kampung Rantau Panjang. 45600. Selangor. Malaysia,0,0,0,0,0,0,1,2023-03-10T18:53:35.8934690Z,0
3.4194498,101.4365198,Daerah: Selangor<br>No:1187<br>Hex coord:(46;29),UNISEL Bestari Jaya. Jalan Timur Tambahan. Kampung Rantau Panjang. Selangor. Malaysia,2,0,0,0,0,0,1,2023-03-10T18:53:36.5771139Z,0
3.4116698,101.4500543,Daerah: Selangor<br>No:1188<br>Hex coord:(47;29),Kampung Rantau Panjang. Selangor. Malaysia,0,0,0,0,0,0,1,2023-03-10T18:53:37.2587726Z,0
3.4194498,101.4635888,Daerah: Selangor<br>No:1189<br>Hex coord:(48;29),Rantau Panjang Estate. Ulu Selangor. Malaysia,0,0,0,0,0,0,1,2023-03-10T18:53:37.9254291Z,0
3.4116698,101.4771233,Daerah: Selangor<br>No:1190<br>Hex coord:(49;29),Sungai Darah. Ulu Selangor. Malaysia,0,0,0,0,0,0,1,2023-03-10T18:53:38.6182283Z,0
3.4194498,101.4906577,Daerah: Selangor<br>No:1191<br>Hex coord:(50;29),Sungai Darah. Ulu Selangor. Malaysia,0,0,0,0,0,0,1,2023-03-10T18:53:39.2770087Z,0
3.4116698,101.5041922,Daerah: Selangor<br>No:1192<br>Hex coord:(51;29),Hutan Rizab Rantau Panjang. Ulu Selangor. Malaysia,0,0,0,0,0,0,1,2023-03-10T18:53:39.9920923Z,0
3.4194498,101.5177267,Daerah: Selangor<br>No:1193<br>Hex coord:(52;29),Hulu Selangor. 48300 Bukit Beruntung. Selangor. Malaysia,0,0,0,0,0,1,1,2023-03-10T18:53:40.7071646Z,0
3.4116698,101.5312612,Daerah: Selangor<br>No:1194<br>Hex coord:(53;29),Hulu Selangor. 48300 Bukit Beruntung. Selangor. Malaysia,1,0,0,0,0,4,1,2023-03-10T18:53:41.4296812Z,0
3.4194498,101.5447956,Daerah: Selangor<br>No:1195<br>Hex coord:(54;29),Hulu Selangor. 48300. Selangor. Malaysia,0,0,0,0,0,4,1,2023-03-10T18:53:42.1698733Z,0
3.4116698,101.5583301,Daerah: Selangor<br>No:1196<br>Hex coord:(55;29),Japanese Euro Auto Garage. 18 Jalan Jenjarum 3. Bandar Baru Bukit Beruntung. 48300 Rawang. Selangor. Malaysia,1,0,0,0,0,6,1,2023-03-10T18:53:42.8991028Z,0
3.4194498,101.5718646,Daerah: Selangor<br>No:1197<br>Hex coord:(56;29),99 Speedmart. Rawang. Gombak. Malaysia,0,0,0,0,0,6,1,2023-03-10T18:53:43.6354610Z,1
3.4116698,101.5853991,Daerah: Selangor<br>No:1198<br>Hex coord:(57;29),Antara Gapi. 48300. Selangor. Malaysia,1,0,0,0,0,6,1,2023-03-10T18:53:44.3782263Z,0
3.4194498,101.5989335,Daerah: Selangor<br>No:1199<br>Hex coord:(58;29),Antara Gapi. 48300. Selangor. Malaysia,0,1,0,0,0,5,1,2023-03-10T18:53:45.1175946Z,1
3.4116698,101.612468,Daerah: Selangor<br>No:1200<br>Hex coord:(59;29),Ladang Ker Soh. Rawang. Gombak. Malaysia,0,0,0,0,0,2,1,2023-03-10T18:53:45.8207426Z,0
3.4194498,101.6260025,Daerah: Selangor<br>No:1201<br>Hex coord:(60;29),Antara Gapi. 44300 Serendah. Selangor. Malaysia,0,0,0,0,0,2,1,2023-03-10T18:53:46.5311801Z,0
3.4116698,101.639537,Daerah: Selangor<br>No:1202<br>Hex coord:(61;29),Ladang Sungai Gapi Bahagian Bukit Barrot. Serendah. Ulu Selangor. Malaysia,0,0,0,0,0,2,1,2023-03-10T18:53:47.2278926Z,0
3.4194498,101.6530714,Daerah: Selangor<br>No:1203<br>Hex coord:(62;29),Persiaran Antara Gapi. Antara Gapi. 44300. Selangor. Malaysia,0,0,0,0,0,0,1,2023-03-10T18:53:47.9277067Z,0
3.4116698,101.6666059,Daerah: Selangor<br>No:1204<br>Hex coord:(63;29),Monastery. Jalan Sungai Sendat. Ulu Yam Bharu. 44300 Batang Kali. Selangor. Malaysia,0,0,0,0,0,0,1,2023-03-10T18:53:48.6024967Z,0
3.4194498,101.6801404,Daerah: Selangor<br>No:1205<br>Hex coord:(64;29),Ladang Tan Chia. Ulu Selangor. Malaysia,0,0,0,0,0,0,1,2023-03-10T18:53:49.2787407Z,0
3.4116698,101.6936749,Daerah: Selangor<br>No:1206<br>Hex coord:(65;29),Hulu Selangor. 44300 Batang Kali. Selangor. Malaysia,0,0,0,0,0,0,1,2023-03-10T18:53:49.9497598Z,0
3.4194498,101.7072093,Daerah: Selangor<br>No:1207<br>Hex coord:(66;29),Ladang Buah-Buahan Setia Timur. Ulu Selangor. Malaysia,0,0,0,0,0,0,1,2023-03-10T18:53:50.6168228Z,0
3.4116698,101.7207438,Daerah: Selangor<br>No:1208<br>Hex coord:(67;29),Hulu Selangor. Selangor. Malaysia,0,0,0,0,0,0,1,2023-03-10T18:53:51.2809832Z,0
3.4194498,101.7342783,Daerah: Selangor<br>No:1209<br>Hex coord:(68;29),Hulu Selangor. Selangor. Malaysia,0,0,0,0,0,0,1,2023-03-10T18:53:51.9424427Z,0
3.4116698,101.7478128,Daerah: Selangor<br>No:1210<br>Hex coord:(69;29),Hulu Selangor. Selangor. Malaysia,1,0,0,0,0,0,1,2023-03-10T18:53:52.6050338Z,0
3.4194498,101.7613472,Daerah: Selangor<br>No:1211<br>Hex coord:(70;29),Jalan Batang Kali - Genting Highlands. Hulu Selangor. 69000. Selangor. Malaysia,0,0,0,0,0,0,1,2023-03-10T18:53:53.2651414Z,0
3.4116698,101.7748817,Daerah: Selangor<br>No:1212<br>Hex coord:(71;29),Hulu Selangor. Selangor. Malaysia,0,0,0,0,0,0,1,2023-03-10T18:53:53.9336294Z,0
3.4194498,101.7884162,Daerah: Selangor<br>No:1213<br>Hex coord:(72;29),Ria Apartments Selangor Tower. 69000 Kuala Pahang. Selangor. Malaysia,2,0,0,0,0,0,1,2023-03-10T18:53:54.5919810Z,1
3.4038898,101.1658303,Daerah: Selangor<br>No:1214<br>Hex coord:(26;30),Tambahan Hutan Rizab Banjar Utara. Tanjung Karang. Kuala Selangor. Malaysia,0,0,0,0,0,0,1,2023-03-10T18:53:55.2630677Z,0
3.3961098,101.1793648,Daerah: Selangor<br>No:1215<br>Hex coord:(27;30),SJK(C) Yit Khwan. Tanjung Karang. Selangor. Malaysia,0,0,0,0,0,0,1,2023-03-10T18:53:55.9289956Z,0
3.4038898,101.1928993,Daerah: Selangor<br>No:1216<br>Hex coord:(28;30),Ladang Banjar. Tanjung Karang. Kuala Selangor. Malaysia,0,0,0,0,0,0,1,2023-03-10T18:53:56.5893265Z,0
3.3961098,101.2064338,Daerah: Selangor<br>No:1217<br>Hex coord:(29;30),Ladang Nazirabad. Tanjung Karang. Kuala Selangor. Malaysia,0,0,0,0,0,0,1,2023-03-10T18:53:57.2576960Z,0
3.4038898,101.2199682,Daerah: Selangor<br>No:1218<br>Hex coord:(30;30),Sungai Tunggol. Tanjung Karang. Kuala Selangor. Malaysia,0,0,0,0,0,0,1,2023-03-10T18:53:57.9137702Z,0
3.3961098,101.2335027,Daerah: Selangor<br>No:1219<br>Hex coord:(31;30),Ladang Sungai Terap. Tanjung Karang. Kuala Selangor. Malaysia,0,0,0,0,0,0,1,2023-03-10T18:53:58.5827574Z,0
3.4038898,101.2470372,Daerah: Selangor<br>No:1220<br>Hex coord:(32;30),Kuala Selangor Group of Estates. Kuala Selangor. Malaysia,0,0,0,0,0,0,1,2023-03-10T18:53:59.2537351Z,0
3.3961098,101.2605717,Daerah: Selangor<br>No:1221<br>Hex coord:(33;30),West Coast Expressway. Taman Intan. Selangor. Malaysia,0,0,0,0,0,0,1,2023-03-10T18:53:59.9135791Z,0
3.4038898,101.2741061,Daerah: Selangor<br>No:1222<br>Hex coord:(34;30),Jalan Bukit Belimbing. Kampung Tanjong Keramat. Selangor. Malaysia,0,0,0,0,0,0,1,2023-03-10T18:54:00.6690951Z,0
3.3961098,101.2876406,Daerah: Selangor<br>No:1223<br>Hex coord:(35;30),Kuala Selangor. Selangor. Malaysia,0,0,0,0,0,0,1,2023-03-10T18:54:01.3277429Z,0
3.4038898,101.3011751,Daerah: Selangor<br>No:1224<br>Hex coord:(36;30),Jalan Kampung Lubuk Jaya. Kuala Selangor. Selangor. Malaysia,0,0,0,0,0,0,1,2023-03-10T18:54:02.0364125Z,0
3.3961098,101.3147096,Daerah: Selangor<br>No:1225<br>Hex coord:(37;30),Eng Hong Estate. Kuala Selangor. Malaysia,0,0,0,0,0,0,1,2023-03-10T18:54:02.6907880Z,0
3.4038898,101.328244,Daerah: Selangor<br>No:1226<br>Hex coord:(38;30),Bukit Merbau. Kuala Selangor. Malaysia,0,0,0,0,0,0,1,2023-03-10T18:54:03.3871874Z,0
3.3961098,101.3417785,Daerah: Selangor<br>No:1227<br>Hex coord:(39;30),Kuala Selangor. Selangor. Malaysia,0,0,0,0,0,0,1,2023-03-10T18:54:04.0615318Z,0
3.4038898,101.355313,Daerah: Selangor<br>No:1228<br>Hex coord:(40;30),Jalan Raja Musa. Kampung Sungai Darah. 45600. Selangor. Malaysia,0,0,0,0,0,0,1,2023-03-10T18:54:04.7200003Z,0
3.3961098,101.3688475,Daerah: Selangor<br>No:1229<br>Hex coord:(41;30),Kuala Selangor. Malaysia,0,0,0,0,0,0,1,2023-03-10T18:54:05.4059610Z,0
3.4038898,101.3823819,Daerah: Selangor<br>No:1230<br>Hex coord:(42;30),Jalan Raja Musa. Kampung Sungai Darah. 45600. Selangor. Malaysia,0,0,0,0,0,0,1,2023-03-10T18:54:06.0754933Z,0
3.3961098,101.3959164,Daerah: Selangor<br>No:1231<br>Hex coord:(43;30),Tennamaram Estate. Bestari Jaya. Kuala Selangor. Malaysia,0,0,0,0,0,0,1,2023-03-10T18:54:06.7735898Z,0
3.4038898,101.4094509,Daerah: Selangor<br>No:1232<br>Hex coord:(44;30),Jalan Timur Tambahan. Bestari Jaya. Selangor. Malaysia,0,0,0,0,0,0,1,2023-03-10T18:54:07.4449544Z,0
3.3961098,101.4229854,Daerah: Selangor<br>No:1233<br>Hex coord:(45;30),Kampung Hang Tuah Off River Storage. Bestari Jaya. Kuala Selangor. Malaysia,0,0,0,0,0,0,1,2023-03-10T18:54:08.1184339Z,0
3.4038898,101.4365198,Daerah: Selangor<br>No:1234<br>Hex coord:(46;30),Jalan Rantau Panjang Kiri. Kampung Rantau Panjang. Bestari Jaya. Selangor. Malaysia,0,0,0,0,0,0,1,2023-03-10T18:54:08.8131608Z,0
3.3961098,101.4500543,Daerah: Selangor<br>No:1235<br>Hex coord:(47;30),Jalan Rawang. Bestari Jaya. Selangor. Malaysia,0,0,0,0,0,0,1,2023-03-10T18:54:09.5062965Z,0
3.4038898,101.4635888,Daerah: Selangor<br>No:1236<br>Hex coord:(48;30),Bukit Telok Mak Lumak. Ulu Selangor. Malaysia,0,0,0,0,0,0,1,2023-03-10T18:54:10.1934689Z,0
3.3961098,101.4771233,Daerah: Selangor<br>No:1237<br>Hex coord:(49;30),Hulu Selangor. Selangor. Malaysia,0,0,0,0,0,0,1,2023-03-10T18:54:10.8739081Z,0
3.4038898,101.4906577,Daerah: Selangor<br>No:1238<br>Hex coord:(50;30),Telok Kajang Berangkat. Ulu Selangor. Malaysia,0,0,0,0,0,0,1,2023-03-10T18:54:11.5656470Z,0
3.3961098,101.5041922,Daerah: Selangor<br>No:1239<br>Hex coord:(51;30),Hulu Selangor. 48300 Bukit Beruntung. Selangor. Malaysia,0,0,0,0,0,0,1,2023-03-10T18:54:12.2741556Z,0
3.4038898,101.5177267,Daerah: Selangor<br>No:1240<br>Hex coord:(52;30),Hulu Selangor. 48300 Bukit Beruntung. Selangor. Malaysia,0,0,0,0,0,1,1,2023-03-10T18:54:12.9912248Z,0
3.3961098,101.5312612,Daerah: Selangor<br>No:1241<br>Hex coord:(53;30),Hulu Selangor. 48010. Selangor. Malaysia,0,0,0,0,0,4,1,2023-03-10T18:54:13.7288127Z,0
3.4038898,101.5447956,Daerah: Selangor<br>No:1242<br>Hex coord:(54;30),Ladang Cyddun. Rawang. Gombak. Malaysia,1,0,0,0,0,4,1,2023-03-10T18:54:14.4835065Z,0
3.3961098,101.5583301,Daerah: Selangor<br>No:1243<br>Hex coord:(55;30),Hulu Selangor. 48300. Selangor. Malaysia,2,0,0,0,0,6,1,2023-03-10T18:54:15.2056051Z,0
3.4038898,101.5718646,Daerah: Selangor<br>No:1244<br>Hex coord:(56;30),Hulu Selangor. 48300. Selangor. Malaysia,0,0,0,0,0,6,1,2023-03-10T18:54:15.9531513Z,1
3.3961098,101.5853991,Daerah: Selangor<br>No:1245<br>Hex coord:(57;30),Bukit Sentosa. 48300. Selangor. Malaysia,0,0,0,0,0,6,1,2023-03-10T18:54:16.6681344Z,0
3.4038898,101.5989335,Daerah: Selangor<br>No:1246<br>Hex coord:(58;30),Antara Gapi. 48300. Selangor. Malaysia,0,0,0,0,0,5,1,2023-03-10T18:54:17.3900133Z,1
3.3961098,101.612468,Daerah: Selangor<br>No:1247<br>Hex coord:(59;30),Ladang Sungai Tempayan. Serendah. Ulu Selangor. Malaysia,0,0,0,0,0,4,1,2023-03-10T18:54:18.0934734Z,0
3.4038898,101.6260025,Daerah: Selangor<br>No:1248<br>Hex coord:(60;30),Ladang Kim Huat. Serendah. Ulu Selangor. Malaysia,0,0,0,0,0,2,1,2023-03-10T18:54:18.7926989Z,0
3.3961098,101.639537,Daerah: Selangor<br>No:1249<br>Hex coord:(61;30),Quarry Pond. Jalan Kuala Lumpur - Tanjung Malim. Antara Gapi. 48200. Selangor. Malaysia,0,0,0,0,0,2,1,2023-03-10T18:54:19.4784022Z,0
3.4038898,101.6530714,Daerah: Selangor<br>No:1250<br>Hex coord:(62;30),Palm Oil Plantation. Batang Kali. Selangor. Malaysia,0,0,0,0,0,0,1,2023-03-10T18:54:20.1596743Z,0
3.3961098,101.6666059,Daerah: Selangor<br>No:1251<br>Hex coord:(63;30),Ulu Yam Bharu. 44300. Selangor. Malaysia,0,0,0,0,0,0,1,2023-03-10T18:54:20.8342980Z,0
3.4038898,101.6801404,Daerah: Selangor<br>No:1252<br>Hex coord:(64;30),Sungai Sendat. Ulu Selangor. Malaysia,0,0,0,0,0,0,1,2023-03-10T18:54:21.5036243Z,0
3.3961098,101.6936749,Daerah: Selangor<br>No:1253<br>Hex coord:(65;30),Hulu Selangor. 44300 Batang Kali. Selangor. Malaysia,0,0,0,0,0,0,1,2023-03-10T18:54:22.1642695Z,0
3.4038898,101.7072093,Daerah: Selangor<br>No:1254<br>Hex coord:(66;30),Hulu Selangor. 44300 Batang Kali. Selangor. Malaysia,0,0,0,0,0,0,1,2023-03-10T18:54:22.8170721Z,0
3.3961098,101.7207438,Daerah: Selangor<br>No:1255<br>Hex coord:(67;30),Hulu Selangor. Selangor. Malaysia,0,0,0,0,0,0,1,2023-03-10T18:54:23.4736692Z,0
3.4038898,101.7342783,Daerah: Selangor<br>No:1256<br>Hex coord:(68;30),Hulu Selangor. Selangor. Malaysia,0,0,0,0,0,0,1,2023-03-10T18:54:24.1345947Z,0
3.3961098,101.7478128,Daerah: Selangor<br>No:1257<br>Hex coord:(69;30),Hulu Selangor. Selangor. Malaysia,0,0,0,0,0,0,1,2023-03-10T18:54:24.7934903Z,0
3.4038898,101.7613472,Daerah: Selangor<br>No:1258<br>Hex coord:(70;30),Hulu Selangor. 69000. Selangor. Malaysia,0,0,0,0,0,0,1,2023-03-10T18:54:25.4465587Z,0
3.3805498,101.1793648,Daerah: Selangor<br>No:1259<br>Hex coord:(27;31),Kuala Selangor. Bagan Pasir. Selangor. Malaysia,0,0,0,0,0,0,1,2023-03-10T18:54:26.1330942Z,0
3.3883298,101.1928993,Daerah: Selangor<br>No:1260<br>Hex coord:(28;31),Kuala Selangor. Selangor. Malaysia,0,0,0,0,0,0,1,2023-03-10T18:54:26.7936521Z,0
3.3805498,101.2064338,Daerah: Selangor<br>No:1261<br>Hex coord:(29;31),Taman Intan. Selangor. Malaysia,0,0,0,0,0,0,1,2023-03-10T18:54:27.4843379Z,0
3.3883298,101.2199682,Daerah: Selangor<br>No:1262<br>Hex coord:(30;31),Taman Intan. Selangor. Malaysia,0,0,0,0,0,0,1,2023-03-10T18:54:28.1440542Z,0
3.3805498,101.2335027,Daerah: Selangor<br>No:1263<br>Hex coord:(31;31),Jalan Kuala Selangor-Teluk Intan. Taman Intan. Selangor. Malaysia,0,0,0,0,0,0,1,2023-03-10T18:54:28.8402509Z,0
3.3883298,101.2470372,Daerah: Selangor<br>No:1264<br>Hex coord:(32;31),Kampung Tanjong Keramat. 45000. Selangor. Malaysia,0,0,0,0,0,0,1,2023-03-10T18:54:29.4952756Z,0
3.3805498,101.2605717,Daerah: Selangor<br>No:1265<br>Hex coord:(33;31),Bukit Belimbing. Kuala Selangor. Malaysia,0,0,0,0,0,0,1,2023-03-10T18:54:30.1935136Z,0
3.3883298,101.2741061,Daerah: Selangor<br>No:1266<br>Hex coord:(34;31),Kuala Selangor. Selangor. Malaysia,0,0,0,0,0,0,1,2023-03-10T18:54:30.8642677Z,0
3.3805498,101.2876406,Daerah: Selangor<br>No:1267<br>Hex coord:(35;31),Sungai Bukit Belimbing. Kuala Selangor. Malaysia,0,0,0,0,0,0,1,2023-03-10T18:54:31.5233852Z,0
3.3883298,101.3011751,Daerah: Selangor<br>No:1268<br>Hex coord:(36;31),Kuala Selangor. Selangor. Malaysia,0,0,0,0,0,0,1,2023-03-10T18:54:32.2078583Z,0
3.3805498,101.3147096,Daerah: Selangor<br>No:1269<br>Hex coord:(37;31),Kuala Selangor. Selangor. Malaysia,0,0,0,0,0,0,1,2023-03-10T18:54:32.8676303Z,0
3.3883298,101.328244,Daerah: Selangor<br>No:1270<br>Hex coord:(38;31),Sungai Selangor Estate. Kuala Selangor. Malaysia,0,0,0,0,0,0,1,2023-03-10T18:54:33.5479324Z,0
3.3805498,101.3417785,Daerah: Selangor<br>No:1271<br>Hex coord:(39;31),Kuala Selangor. Selangor. Malaysia,0,0,0,0,0,0,1,2023-03-10T18:54:34.2342114Z,0
3.3883298,101.355313,Daerah: Selangor<br>No:1272<br>Hex coord:(40;31),Kuala Selangor. 45600. Selangor. Malaysia,0,0,0,0,0,0,1,2023-03-10T18:54:34.9071635Z,0
3.3805498,101.3688475,Daerah: Selangor<br>No:1273<br>Hex coord:(41;31),Tanjong Pasir Estate. Kuala Selangor. Malaysia,0,0,0,0,0,0,1,2023-03-10T18:54:35.5663953Z,0
3.3883298,101.3823819,Daerah: Selangor<br>No:1274<br>Hex coord:(42;31),Sungai Tebing Tinggi. Kuala Selangor. Malaysia,0,0,0,0,0,0,1,2023-03-10T18:54:36.2368958Z,0
3.3805498,101.3959164,Daerah: Selangor<br>No:1275<br>Hex coord:(43;31),Taman Seri Indah. 45600. Selangor. Malaysia,2,0,0,0,0,0,1,2023-03-10T18:54:36.9546633Z,0
3.3883298,101.4094509,Daerah: Selangor<br>No:1276<br>Hex coord:(44;31),Taman Seri Indah. 45600. Selangor. Malaysia,0,0,0,0,0,0,1,2023-03-10T18:54:37.6256916Z,0
3.3805498,101.4229854,Daerah: Selangor<br>No:1277<br>Hex coord:(45;31),sya. Bestari Jaya. Selangor. Malaysia,0,0,0,0,0,0,1,2023-03-10T18:54:38.2954934Z,0
3.3883298,101.4365198,Daerah: Selangor<br>No:1278<br>Hex coord:(46;31),sya. Bestari Jaya. Selangor. Malaysia,0,0,0,0,0,0,1,2023-03-10T18:54:38.9901898Z,0
3.3805498,101.4500543,Daerah: Selangor<br>No:1279<br>Hex coord:(47;31),Selangor Fruits Vallry. Jalan Rawang. Taman Seri Indah. 45600 Selayang Municipal Council. Selangor. Malaysia,0,0,0,0,0,0,1,2023-03-10T18:54:39.6507235Z,0
3.3883298,101.4635888,Daerah: Selangor<br>No:1280<br>Hex coord:(48;31),Gombak. Selayang Municipal Council. Selangor. Malaysia,0,0,0,0,0,0,1,2023-03-10T18:54:40.3204076Z,0
3.3805498,101.4771233,Daerah: Selangor<br>No:1281<br>Hex coord:(49;31),Sungai Sembah. Selangor. Malaysia,0,0,0,0,0,0,1,2023-03-10T18:54:41.0070397Z,0
3.3883298,101.4906577,Daerah: Selangor<br>No:1282<br>Hex coord:(50;31),Hulu Selangor. 48300 Bukit Beruntung. Selangor. Malaysia,0,0,0,0,0,0,1,2023-03-10T18:54:41.7184708Z,0
3.3805498,101.5041922,Daerah: Selangor<br>No:1283<br>Hex coord:(51;31),Hulu Selangor. 48010. Selangor. Malaysia,0,0,0,0,0,0,1,2023-03-10T18:54:42.4201944Z,0
3.3883298,101.5177267,Daerah: Selangor<br>No:1284<br>Hex coord:(52;31),Hulu Selangor. 48010. Selangor. Malaysia,0,0,0,0,0,0,1,2023-03-10T18:54:43.1339354Z,0
3.3805498,101.5312612,Daerah: Selangor<br>No:1285<br>Hex coord:(53;31),Hulu Selangor. 48010. Selangor. Malaysia,4,0,0,0,0,2,1,2023-03-10T18:54:43.8730351Z,0
3.3883298,101.5447956,Daerah: Selangor<br>No:1286<br>Hex coord:(54;31),Hulu Selangor. 48010. Selangor. Malaysia,0,0,0,0,0,4,1,2023-03-10T18:54:44.6164771Z,0
3.3805498,101.5583301,Daerah: Selangor<br>No:1287<br>Hex coord:(55;31),North–South Expressway. Taman Ehsan Ibu. RAWANG. Selangor. Malaysia,0,0,0,0,0,4,1,2023-03-10T18:54:45.3459814Z,0
3.3883298,101.5718646,Daerah: Selangor<br>No:1288<br>Hex coord:(56;31),Persiaran Ros. Taman Idaman. 48200. Selangor. Malaysia,0,0,0,0,0,6,1,2023-03-10T18:54:46.0636161Z,0
3.3805498,101.5853991,Daerah: Selangor<br>No:1289<br>Hex coord:(57;31),Taman Desa Kiambang. 48200. Selangor. Malaysia,0,0,0,0,0,5,1,2023-03-10T18:54:46.7819840Z,0
3.3883298,101.5989335,Daerah: Selangor<br>No:1290<br>Hex coord:(58;31),Hulu Selangor. 48200 Serendah. Selangor. Malaysia,0,0,0,0,0,5,1,2023-03-10T18:54:47.5094755Z,0
3.3805498,101.612468,Daerah: Selangor<br>No:1291<br>Hex coord:(59;31),Desa Anggerik. 48200. Selangor. Malaysia,0,0,0,0,0,2,1,2023-03-10T18:54:48.2198303Z,1
3.3883298,101.6260025,Daerah: Selangor<br>No:1292<br>Hex coord:(60;31),Taman Idaman. 48200. Selangor. Malaysia,0,0,0,0,0,2,1,2023-03-10T18:54:48.9226810Z,0
3.3805498,101.639537,Daerah: Selangor<br>No:1293<br>Hex coord:(61;31),Desa Melor. 48200. Selangor. Malaysia,0,0,0,0,0,1,1,2023-03-10T18:54:49.5961953Z,0
3.3883298,101.6530714,Daerah: Selangor<br>No:1294<br>Hex coord:(62;31),Hulu Selangor. 48200 Serendah. Selangor. Malaysia,0,0,0,0,0,0,1,2023-03-10T18:54:50.2905040Z,0
3.3805498,101.6666059,Daerah: Selangor<br>No:1295<br>Hex coord:(63;31),Hulu Selangor. 48200 Serendah. Selangor. Malaysia,0,0,0,0,0,0,1,2023-03-10T18:54:50.9565239Z,0
3.3883298,101.6801404,Daerah: Selangor<br>No:1296<br>Hex coord:(64;31),Ulu Yam Bharu. 44300. Selangor. Malaysia,0,0,0,0,0,0,1,2023-03-10T18:54:51.6217976Z,0
3.3805498,101.6936749,Daerah: Selangor<br>No:1297<br>Hex coord:(65;31),Hulu Selangor. Selangor. Malaysia,0,0,0,0,0,0,1,2023-03-10T18:54:52.2877940Z,0
3.3883298,101.7072093,Daerah: Selangor<br>No:1298<br>Hex coord:(66;31),Hulu Selangor. Selangor. Malaysia,0,0,0,0,0,0,1,2023-03-10T18:54:52.9616899Z,0
3.3805498,101.7207438,Daerah: Selangor<br>No:1299<br>Hex coord:(67;31),Gombak. Selangor. Malaysia,0,0,0,0,0,0,1,2023-03-10T18:54:53.6249880Z,0
3.3883298,101.7342783,Daerah: Selangor<br>No:1300<br>Hex coord:(68;31),Hulu Selangor. Selangor. Malaysia,0,0,0,0,0,0,1,2023-03-10T18:54:54.3096513Z,0
3.3805498,101.7478128,Daerah: Selangor<br>No:1301<br>Hex coord:(69;31),Hulu Selangor. Selangor. Malaysia,0,0,0,0,0,0,1,2023-03-10T18:54:55.0082288Z,0
3.3883298,101.7613472,Daerah: Selangor<br>No:1302<br>Hex coord:(70;31),Gunung Bunga Buah - Arara Trail. Gohtong Jaya. 69000. Pahang. Malaysia,0,0,0,0,0,0,1,2023-03-10T18:54:55.7132803Z,0
3.3727698,101.1928993,Daerah: Selangor<br>No:1303<br>Hex coord:(28;32),Kampung Tanjong Keramat. Selangor. Malaysia,0,0,0,0,0,0,1,2023-03-10T18:54:56.3950691Z,0
3.3649898,101.2064338,Daerah: Selangor<br>No:1304<br>Hex coord:(29;32),Kampung Tanjong Keramat. Selangor. Malaysia,0,0,0,0,0,0,1,2023-03-10T18:54:57.0824621Z,0
3.3727698,101.2199682,Daerah: Selangor<br>No:1305<br>Hex coord:(30;32),Taman Intan. Selangor. Malaysia,0,0,0,0,0,0,1,2023-03-10T18:54:57.7733625Z,0
3.3649898,101.2335027,Daerah: Selangor<br>No:1306<br>Hex coord:(31;32),Kampung Tanjong Keramat. Selangor. Malaysia,0,0,0,0,0,0,1,2023-03-10T18:54:58.4366637Z,0
3.3727698,101.2470372,Daerah: Selangor<br>No:1307<br>Hex coord:(32;32),Kampung Tanjong Keramat. Selangor. Malaysia,0,0,0,0,0,0,1,2023-03-10T18:54:59.1057008Z,0
3.3649898,101.2605717,Daerah: Selangor<br>No:1308<br>Hex coord:(33;32),Sungai Telok Penyamun. Kuala Selangor. Malaysia,0,0,0,0,0,0,1,2023-03-10T18:54:59.7820263Z,0
3.3727698,101.2741061,Daerah: Selangor<br>No:1309<br>Hex coord:(34;32),Kampung Tanjong Keramat. Selangor. Malaysia,1,0,0,0,0,0,1,2023-03-10T18:55:00.4798694Z,0
3.3649898,101.2876406,Daerah: Selangor<br>No:1310<br>Hex coord:(35;32),Aik Thye Boh Estate. Kuala Selangor. Malaysia,0,0,0,0,0,0,1,2023-03-10T18:55:01.1559908Z,0
3.3727698,101.3011751,Daerah: Selangor<br>No:1311<br>Hex coord:(36;32),Sungai Pasir. Kuala Selangor. Malaysia,0,0,0,0,0,0,1,2023-03-10T18:55:01.8215344Z,0
3.3649898,101.3147096,Daerah: Selangor<br>No:1312<br>Hex coord:(37;32),Maahad Tarbiahi Islamiah AlAnsar. Batu 6 1/2 Kag Asahan Jalan Maahad AlAnsar. 45600. Selangor. Malaysia,0,0,0,0,0,0,1,2023-03-10T18:55:02.5215406Z,0
3.3727698,101.328244,Daerah: Selangor<br>No:1313<br>Hex coord:(38;32),Tanjong Putus. Kuala Selangor. Malaysia,0,0,0,0,0,0,1,2023-03-10T18:55:03.2302914Z,0
3.3649898,101.3417785,Daerah: Selangor<br>No:1314<br>Hex coord:(39;32),Kuala Selangor. 45500. Selangor. Malaysia,0,0,0,0,0,0,1,2023-03-10T18:55:03.9086737Z,0
3.3727698,101.355313,Daerah: Selangor<br>No:1315<br>Hex coord:(40;32),Sungai Kubur Hangus. Kuala Selangor. Malaysia,0,0,0,0,0,0,1,2023-03-10T18:55:04.6123923Z,0
3.3649898,101.3688475,Daerah: Selangor<br>No:1316<br>Hex coord:(41;32),Tanjong Rambai. Kuala Selangor. Malaysia,0,0,0,0,0,0,1,2023-03-10T18:55:05.3037753Z,0
3.3727698,101.3823819,Daerah: Selangor<br>No:1317<br>Hex coord:(42;32),Taman Seri Indah. 45600. Selangor. Malaysia,0,0,0,0,0,0,1,2023-03-10T18:55:05.9753412Z,0
3.3649898,101.3959164,Daerah: Selangor<br>No:1318<br>Hex coord:(43;32),Taman Seri Indah. 45600. Selangor. Malaysia,0,0,0,0,0,0,1,2023-03-10T18:55:06.6373769Z,0
3.3727698,101.4094509,Daerah: Selangor<br>No:1319<br>Hex coord:(44;32),Surau Al - Falak SMK Raja Muda Musa. Jalan Bukit Badong. 45600 Bestari Jaya. Selangor. Malaysia,0,0,0,0,0,0,1,2023-03-10T18:55:07.3331271Z,0
3.3649898,101.4229854,Daerah: Selangor<br>No:1320<br>Hex coord:(45;32),Kampung Jaya Setia. 45600 Bestari Jaya. Selangor. Malaysia,0,0,0,0,0,0,1,2023-03-10T18:55:08.0537446Z,0
3.3727698,101.4365198,Daerah: Selangor<br>No:1321<br>Hex coord:(46;32),Kampung Sungai Darah. 45600. Selangor. Malaysia,0,0,0,0,0,0,1,2023-03-10T18:55:08.7288258Z,0
3.3649898,101.4500543,Daerah: Selangor<br>No:1322<br>Hex coord:(47;32),Gombak. Selangor. Malaysia,0,0,0,0,0,0,1,2023-03-10T18:55:09.4108272Z,0
3.3727698,101.4635888,Daerah: Selangor<br>No:1323<br>Hex coord:(48;32),Selangor Fruits Vallry. Jalan Rawang. Taman Seri Indah. 45600 Selayang Municipal Council. Selangor. Malaysia,0,0,0,0,0,0,1,2023-03-10T18:55:10.1131774Z,0
3.3649898,101.4771233,Daerah: Selangor<br>No:1324<br>Hex coord:(49;32),Sungai Guntong. Kampung Masjid. Kuala Selangor. Malaysia,0,0,0,0,0,0,1,2023-03-10T18:55:10.7854480Z,0
3.3727698,101.4906577,Daerah: Selangor<br>No:1325<br>Hex coord:(50;32),Gombak. 48010 Selayang Municipal Council. Selangor. Malaysia,0,0,0,0,0,0,1,2023-03-10T18:55:11.4630865Z,0
3.3649898,101.5041922,Daerah: Selangor<br>No:1326<br>Hex coord:(51;32),Hulu Selangor. 48300 Bukit Beruntung. Selangor. Malaysia,0,0,0,0,0,0,1,2023-03-10T18:55:12.2105770Z,0
3.3727698,101.5177267,Daerah: Selangor<br>No:1327<br>Hex coord:(52;32),Hulu Selangor. 48010. Selangor. Malaysia,0,0,0,0,0,0,1,2023-03-10T18:55:12.9403203Z,0
3.3649898,101.5312612,Daerah: Selangor<br>No:1328<br>Hex coord:(53;32),Hulu Selangor. 48010. Selangor. Malaysia,0,0,0,0,0,0,1,2023-03-10T18:55:13.6874930Z,0
3.3727698,101.5447956,Daerah: Selangor<br>No:1329<br>Hex coord:(54;32),Jalan Sungai Buaya. Taman Ehsan Ibu. RAWANG. Selangor. Malaysia,0,0,0,0,0,2,1,2023-03-10T18:55:14.4382577Z,0
3.3649898,101.5583301,Daerah: Selangor<br>No:1330<br>Hex coord:(55;32),Taman Ehsan Ibu. RAWANG. Selangor. Malaysia,0,0,0,0,0,2,1,2023-03-10T18:55:15.2136064Z,0
3.3727698,101.5718646,Daerah: Selangor<br>No:1331<br>Hex coord:(56;32),Alamanda Parklands. 48200. Selangor. Malaysia,0,0,0,0,0,3,1,2023-03-10T18:55:15.9953734Z,3
3.3649898,101.5853991,Daerah: Selangor<br>No:1332<br>Hex coord:(57;32),Taman Desa Kiambang. 48200. Selangor. Malaysia,0,0,0,0,0,3,1,2023-03-10T18:55:16.7622631Z,0
3.3727698,101.5989335,Daerah: Selangor<br>No:1333<br>Hex coord:(58;32),Serendah Garden Restaurant. 47 Lorang Kampung Datuk Harun. 48200 Serendah. Selangor. Malaysia,0,0,0,0,0,4,1,2023-03-10T18:55:17.4887320Z,0
3.3649898,101.612468,Daerah: Selangor<br>No:1334<br>Hex coord:(59;32),七仙井. Serendah. Ulu Selangor. Malaysia,0,0,0,0,0,1,1,2023-03-10T18:55:18.2156501Z,1
3.3727698,101.6260025,Daerah: Selangor<br>No:1335<br>Hex coord:(60;32),Desa Anggerik. 48200. Selangor. Malaysia,0,0,0,0,0,1,1,2023-03-10T18:55:18.9189608Z,1
3.3649898,101.639537,Daerah: Selangor<br>No:1336<br>Hex coord:(61;32),Serendah Waterfall. Ulu Selangor. Malaysia,0,0,0,0,0,0,1,2023-03-10T18:55:19.6132740Z,1
3.3727698,101.6530714,Daerah: Selangor<br>No:1337<br>Hex coord:(62;32),Sungai Rusa. Ulu Selangor. Malaysia,0,0,0,0,0,0,1,2023-03-10T18:55:20.2980551Z,0
3.3649898,101.6666059,Daerah: Selangor<br>No:1338<br>Hex coord:(63;32),Hulu Selangor. 48200 Serendah. Selangor. Malaysia,0,0,0,0,0,0,1,2023-03-10T18:55:20.9615208Z,0
3.3727698,101.6801404,Daerah: Selangor<br>No:1339<br>Hex coord:(64;32),Sungai Gapis. Ulu Selangor. Malaysia,0,0,0,0,0,0,1,2023-03-10T18:55:21.6412707Z,0
3.3649898,101.6936749,Daerah: Selangor<br>No:1340<br>Hex coord:(65;32),Bukit Hulu Kalong. Ulu Selangor. Malaysia,0,0,0,0,0,0,1,2023-03-10T18:55:22.3026664Z,0
3.3727698,101.7072093,Daerah: Selangor<br>No:1341<br>Hex coord:(66;32),Hulu Selangor. Selangor. Malaysia,0,0,0,0,0,0,1,2023-03-10T18:55:22.9701242Z,0
3.3649898,101.7207438,Daerah: Selangor<br>No:1342<br>Hex coord:(67;32),Gombak. Selangor. Malaysia,0,0,0,0,0,0,1,2023-03-10T18:55:23.6351387Z,0
3.3727698,101.7342783,Daerah: Selangor<br>No:1343<br>Hex coord:(68;32),Gunung Bunga Buah. Kuala Pahang. Gombak. Malaysia,0,0,0,0,0,0,1,2023-03-10T18:55:24.3162063Z,0
3.3649898,101.7478128,Daerah: Selangor<br>No:1344<br>Hex coord:(69;32),Gombak. Selangor. Malaysia,0,0,0,0,0,0,1,2023-03-10T18:55:24.9943611Z,0
3.3572098,101.1928993,Daerah: Selangor<br>No:1345<br>Hex coord:(28;33),Sungai Pak Kalong,0,0,0,0,0,0,1,2023-03-10T18:55:25.6590526Z,0
3.3494298,101.2064338,Daerah: Selangor<br>No:1346<br>Hex coord:(29;33),Hutan Rizab Banjar Utara,0,0,0,0,0,0,1,2023-03-10T18:55:26.3275311Z,0
3.3572098,101.2199682,Daerah: Selangor<br>No:1347<br>Hex coord:(30;33),Kampung Tanjong Keramat. Selangor. Malaysia,0,0,0,0,0,0,1,2023-03-10T18:55:27.0161254Z,0
3.3494298,101.2335027,Daerah: Selangor<br>No:1348<br>Hex coord:(31;33),Kuala Selangor Fort. Kuala Selangor. Malaysia,0,0,0,0,0,0,1,2023-03-10T18:55:27.7722430Z,0
3.3572098,101.2470372,Daerah: Selangor<br>No:1349<br>Hex coord:(32;33),Jalan Peninsula lili 2. Kuala Selangor. Selangor. Malaysia,2,0,0,0,0,0,1,2023-03-10T18:55:28.4515502Z,0
3.3494298,101.2605717,Daerah: Selangor<br>No:1350<br>Hex coord:(33;33),Eagle feeding tour. Kuala Selangor. Malaysia,1,0,0,0,0,0,1,2023-03-10T18:55:29.1206172Z,0
3.3572098,101.2741061,Daerah: Selangor<br>No:1351<br>Hex coord:(34;33),Kampung Sepakat. 45000. Selangor. Malaysia,0,0,0,0,0,0,1,2023-03-10T18:55:29.8019130Z,0
3.3494298,101.2876406,Daerah: Selangor<br>No:1352<br>Hex coord:(35;33),Jalan Rawang. Kampung Teluk Penyamun. 45000. Selangor. Malaysia,0,0,0,0,0,0,1,2023-03-10T18:55:30.4778907Z,0
3.3572098,101.3011751,Daerah: Selangor<br>No:1353<br>Hex coord:(36;33),Kuala Selangor. 45000. Selangor. Malaysia,0,0,0,0,0,0,1,2023-03-10T18:55:31.1492416Z,0
3.3494298,101.3147096,Daerah: Selangor<br>No:1354<br>Hex coord:(37;33),Kuala Selangor. Malaysia,0,0,0,0,0,0,1,2023-03-10T18:55:31.8125880Z,0
3.3572098,101.328244,Daerah: Selangor<br>No:1355<br>Hex coord:(38;33),jalan maahad alansar. Selangor. Malaysia,0,0,0,0,0,0,1,2023-03-10T18:55:32.4675279Z,0
3.3494298,101.3417785,Daerah: Selangor<br>No:1356<br>Hex coord:(39;33),Kempsey Estate. Kuala Selangor. Malaysia,0,0,0,0,0,0,1,2023-03-10T18:55:33.1213808Z,0
3.3572098,101.355313,Daerah: Selangor<br>No:1357<br>Hex coord:(40;33),Kuala Selangor. 45500. Selangor. Malaysia,0,0,0,0,0,0,1,2023-03-10T18:55:33.7846261Z,0
3.3494298,101.3688475,Daerah: Selangor<br>No:1358<br>Hex coord:(41;33),Jany Estate. Kuala Selangor. Malaysia,0,0,0,0,0,0,1,2023-03-10T18:55:34.4500524Z,0
3.3572098,101.3823819,Daerah: Selangor<br>No:1359<br>Hex coord:(42;33),Taman Seri Indah. 45600. Selangor. Malaysia,0,0,0,0,0,0,1,2023-03-10T18:55:35.1171610Z,0
3.3494298,101.3959164,Daerah: Selangor<br>No:1360<br>Hex coord:(43;33),Jawa Selangor Estate. Kuala Selangor. Malaysia,0,0,0,0,0,0,1,2023-03-10T18:55:35.8062622Z,0
3.3572098,101.4094509,Daerah: Selangor<br>No:1361<br>Hex coord:(44;33),Jalan Bukit Badong. Taman Ijok Jaya Seksyen 1. 45600. Selangor. Malaysia,0,0,0,0,0,0,1,2023-03-10T18:55:36.5086782Z,0
3.3494298,101.4229854,Daerah: Selangor<br>No:1362<br>Hex coord:(45;33),Kampung Bukit Badong. 45600. Selangor. Malaysia,0,0,0,0,0,0,1,2023-03-10T18:55:37.2177066Z,0
3.3572098,101.4365198,Daerah: Selangor<br>No:1363<br>Hex coord:(46;33),Kampung Bukit Badong. 45600. Selangor. Malaysia,0,0,0,0,0,0,1,2023-03-10T18:55:37.9132675Z,0
3.3494298,101.4500543,Daerah: Selangor<br>No:1364<br>Hex coord:(47;33),Gombak. Selangor. Malaysia,0,0,0,0,0,0,1,2023-03-10T18:55:38.6147033Z,0
3.3572098,101.4635888,Daerah: Selangor<br>No:1365<br>Hex coord:(48;33),Gombak. Selangor. Malaysia,0,0,0,0,0,0,1,2023-03-10T18:55:39.3001517Z,0
3.3494298,101.4771233,Daerah: Selangor<br>No:1366<br>Hex coord:(49;33),Batu Arang. Gombak. 48100 Selayang Municipal Council. Selangor. Malaysia,0,0,0,0,0,0,1,2023-03-10T18:55:39.9893025Z,0
3.3572098,101.4906577,Daerah: Selangor<br>No:1367<br>Hex coord:(50;33),Gombak. Selangor. Malaysia,0,0,0,0,0,0,1,2023-03-10T18:55:40.6991022Z,0
3.3494298,101.5041922,Daerah: Selangor<br>No:1368<br>Hex coord:(51;33),Bandar Country Homes. 48000 Selayang Municipal Council. Selangor. Malaysia,0,0,0,0,0,1,1,2023-03-10T18:55:41.4494595Z,0
3.3572098,101.5177267,Daerah: Selangor<br>No:1369<br>Hex coord:(52;33),Sungai Garing. Rawang. Selangor. Malaysia,0,0,0,0,0,0,1,2023-03-10T18:55:42.1811289Z,0
3.3494298,101.5312612,Daerah: Selangor<br>No:1370<br>Hex coord:(53;33),Jalan Desa Mas 1/9. Rawang. Selangor. Malaysia,0,0,0,0,0,0,1,2023-03-10T18:55:42.9499991Z,0
3.3572098,101.5447956,Daerah: Selangor<br>No:1371<br>Hex coord:(54;33),Rawang Memorial Park. Rawang. Selangor. Malaysia,0,0,0,0,0,0,1,2023-03-10T18:55:43.7185072Z,0
3.3494298,101.5583301,Daerah: Selangor<br>No:1372<br>Hex coord:(55;33),Taman Ehsan Ibu Fasa 2. 48000. Selangor. Malaysia,1,0,0,0,0,0,1,2023-03-10T18:55:44.5330542Z,0
3.3572098,101.5718646,Daerah: Selangor<br>No:1373<br>Hex coord:(56;33),Marybrown. Rawang. Gombak. Malaysia,0,0,0,0,0,2,1,2023-03-10T18:55:45.3087370Z,0
3.3494298,101.5853991,Daerah: Selangor<br>No:1374<br>Hex coord:(57;33),Taman Idaman. 48200. Selangor. Malaysia,0,0,0,0,0,0,1,2023-03-10T18:55:46.0936093Z,1
3.3572098,101.5989335,Daerah: Selangor<br>No:1375<br>Hex coord:(58;33),Serendah Pipe. Serendah. Ulu Selangor. Malaysia,0,0,0,0,0,0,1,2023-03-10T18:55:46.8273077Z,0
3.3494298,101.612468,Daerah: Selangor<br>No:1376<br>Hex coord:(59;33),Desa Anggerik. 48200. Selangor. Malaysia,0,0,0,0,0,0,1,2023-03-10T18:55:47.5469467Z,0
3.3572098,101.6260025,Daerah: Selangor<br>No:1377<br>Hex coord:(60;33),Desa Melor. 48200. Selangor. Malaysia,0,0,0,0,0,0,1,2023-03-10T18:55:48.2399069Z,0
3.3494298,101.639537,Daerah: Selangor<br>No:1378<br>Hex coord:(61;33),Desa Melor. 48200. Selangor. Malaysia,0,0,0,0,0,0,1,2023-03-10T18:55:48.9246768Z,0
3.3572098,101.6530714,Daerah: Selangor<br>No:1379<br>Hex coord:(62;33),GG Retreat Bukit Tasik Serendah. Jalan Anggerik 1B. Desa Anggerik. 48200. Selangor. Malaysia,0,0,0,0,0,0,1,2023-03-10T18:55:49.6013369Z,0
3.3494298,101.6666059,Daerah: Selangor<br>No:1380<br>Hex coord:(63;33),Hulu Selangor. 48200 Serendah. Selangor. Malaysia,0,0,0,0,0,0,1,2023-03-10T18:55:50.2746624Z,0
3.3572098,101.6801404,Daerah: Selangor<br>No:1381<br>Hex coord:(64;33),Sungai Lorah. Ulu Selangor. Malaysia,0,0,0,0,0,0,1,2023-03-10T18:55:50.9391275Z,0
3.3494298,101.6936749,Daerah: Selangor<br>No:1382<br>Hex coord:(65;33),Sungai Pamah. Ulu Selangor. Malaysia,0,0,0,0,0,0,1,2023-03-10T18:55:51.6089479Z,0
3.3572098,101.7072093,Daerah: Selangor<br>No:1383<br>Hex coord:(66;33),Gombak. Selangor. Malaysia,0,0,0,0,0,0,1,2023-03-10T18:55:52.2692668Z,0
3.3494298,101.7207438,Daerah: Selangor<br>No:1384<br>Hex coord:(67;33),Gombak. Selangor. Malaysia,0,0,0,0,0,0,1,2023-03-10T18:55:52.9392235Z,0
3.3572098,101.7342783,Daerah: Selangor<br>No:1385<br>Hex coord:(68;33),Gombak. Selangor. Malaysia,0,0,0,0,0,0,1,2023-03-10T18:55:53.6140097Z,0
3.3494298,101.7478128,Daerah: Selangor<br>No:1386<br>Hex coord:(69;33),Gombak. Selangor. Malaysia,0,0,0,0,0,0,1,2023-03-10T18:55:54.2702499Z,0
3.3572098,101.7613472,Daerah: Selangor<br>No:1387<br>Hex coord:(70;33),Gombak. Selangor. Malaysia,0,0,0,0,0,0,1,2023-03-10T18:55:54.9395060Z,0
3.3494298,101.7748817,Daerah: Selangor<br>No:1388<br>Hex coord:(71;33),803A. Kuala Pahang. Selangor. Malaysia,0,0,0,0,0,0,1,2023-03-10T18:55:55.6448403Z,0
3.3416498,101.2199682,Daerah: Selangor<br>No:1389<br>Hex coord:(30;34),Kuala Selangor. 45000 Kuala Selangor. Selangor. Malaysia,0,0,0,0,0,0,1,2023-03-10T18:55:56.3211789Z,0
3.3338698,101.2335027,Daerah: Selangor<br>No:1390<br>Hex coord:(31;34),Sungai Selangor. Kuala Selangor. Malaysia,0,0,0,0,0,0,1,2023-03-10T18:55:57.0250258Z,0
3.3416498,101.2470372,Daerah: Selangor<br>No:1391<br>Hex coord:(32;34),Bukit Melawati Road. Taman Melawati. Selangor. Malaysia,0,0,0,0,0,0,1,2023-03-10T18:55:57.7141574Z,0
3.3338698,101.2605717,Daerah: Selangor<br>No:1392<br>Hex coord:(33;34),Sea Lion Firefly Concept Hotel. 21 Jalan Seri Temenggung 3. Kuala Selangor. Selangor. Malaysia,0,0,0,0,0,0,1,2023-03-10T18:55:58.3951742Z,1
3.3416498,101.2741061,Daerah: Selangor<br>No:1393<br>Hex coord:(34;34),Kampung Sepakat. Selangor. Malaysia,0,0,0,0,0,0,1,2023-03-10T18:55:59.0767216Z,0
3.3338698,101.2876406,Daerah: Selangor<br>No:1394<br>Hex coord:(35;34),Lapanutan Estate. Kuala Selangor. Malaysia,0,0,0,0,0,0,1,2023-03-10T18:55:59.7629622Z,0
3.3416498,101.3011751,Daerah: Selangor<br>No:1395<br>Hex coord:(36;34),Kampong Kuatan Estate. Kuala Selangor. Malaysia,0,0,0,0,0,0,1,2023-03-10T18:56:00.4671067Z,0
3.3338698,101.3147096,Daerah: Selangor<br>No:1396<br>Hex coord:(37;34),Kuala Selangor Estate. Kuala Selangor. Malaysia,0,0,0,0,0,0,1,2023-03-10T18:56:01.1630229Z,0
3.3416498,101.328244,Daerah: Selangor<br>No:1397<br>Hex coord:(38;34),Kuala Selangor. Malaysia,0,0,0,0,0,0,1,2023-03-10T18:56:01.8527549Z,0
3.3338698,101.3417785,Daerah: Selangor<br>No:1398<br>Hex coord:(39;34),Rosevale Estate. Kuala Selangor. Malaysia,0,0,0,0,0,0,1,2023-03-10T18:56:02.5205199Z,0
3.3416498,101.355313,Daerah: Selangor<br>No:1399<br>Hex coord:(40;34),Kuala Selangor. Malaysia,0,0,0,0,0,0,1,2023-03-10T18:56:03.2082544Z,0
3.3338698,101.3688475,Daerah: Selangor<br>No:1400<br>Hex coord:(41;34),West Coast Expressway. Kampung Ijok. 45500. Selangor. Malaysia,0,0,0,0,0,0,1,2023-03-10T18:56:03.8792094Z,0
3.3416498,101.3823819,Daerah: Selangor<br>No:1401<br>Hex coord:(42;34),Sungai Rawang. Kuala Selangor. Malaysia,0,0,0,0,0,0,1,2023-03-10T18:56:04.5411884Z,0
3.3338698,101.3959164,Daerah: Selangor<br>No:1402<br>Hex coord:(43;34),Kampung Bukit Badong. 45600. Selangor. Malaysia,0,0,0,0,0,0,1,2023-03-10T18:56:05.2398889Z,0
3.3416498,101.4094509,Daerah: Selangor<br>No:1403<br>Hex coord:(44;34),Masjid Ar - Rahman. Jalan Bukit Badong. 46000 Bestari Jaya. Selangor. Malaysia,0,0,0,0,0,0,1,2023-03-10T18:56:05.9258645Z,0
3.3338698,101.4229854,Daerah: Selangor<br>No:1404<br>Hex coord:(45;34),Dewan Rafulin SK Bukit Badong. Batu 3 Jalan Bukit Badong. 45000 Kampung Masjid. Selangor. Malaysia,0,0,0,0,0,0,1,2023-03-10T18:56:06.5883003Z,0
3.3416498,101.4365198,Daerah: Selangor<br>No:1405<br>Hex coord:(46;34),Bukit Badong Water Treatment Plant. Jalan Warisan. Taman Ijok Jaya Seksyen 1. 48100. Selangor. Malaysia,0,0,0,0,0,0,1,2023-03-10T18:56:07.2589136Z,0
3.3338698,101.4500543,Daerah: Selangor<br>No:1406<br>Hex coord:(47;34),Kuala Selangor. 48100 Selayang Municipal Council. Selangor. Malaysia,0,0,0,0,0,0,1,2023-03-10T18:56:07.9724205Z,0
3.3416498,101.4635888,Daerah: Selangor<br>No:1407<br>Hex coord:(48;34),Kota Puteri. 48100 Selayang Municipal Council. Selangor. Malaysia,0,0,0,0,0,0,1,2023-03-10T18:56:08.6845114Z,0
3.3338698,101.4771233,Daerah: Selangor<br>No:1408<br>Hex coord:(49;34),House 7. Batu Arang. Gombak. Malaysia,0,0,0,0,0,1,1,2023-03-10T18:56:09.3983645Z,0
3.3416498,101.4906577,Daerah: Selangor<br>No:1409<br>Hex coord:(50;34),Jalan Batu Arang. Bandar Country Homes. 48000 Selayang Municipal Council. Selangor. Malaysia,0,0,0,0,0,1,1,2023-03-10T18:56:10.1619612Z,0
3.3338698,101.5041922,Daerah: Selangor<br>No:1410<br>Hex coord:(51;34),Bukit Merbau. Rawang. Gombak. Malaysia,0,0,0,0,0,1,1,2023-03-10T18:56:10.9496258Z,0
3.3416498,101.5177267,Daerah: Selangor<br>No:1411<br>Hex coord:(52;34),Bandar Country Homes. 48000 Selayang Municipal Council. Selangor. Malaysia,0,0,0,0,0,1,1,2023-03-10T18:56:11.7574093Z,0
3.3338698,101.5312612,Daerah: Selangor<br>No:1412<br>Hex coord:(53;34),Bandar Country Homes. 48000 Selayang Municipal Council. Selangor. Malaysia,0,0,0,0,0,1,1,2023-03-10T18:56:12.6287985Z,5
3.3416498,101.5447956,Daerah: Selangor<br>No:1413<br>Hex coord:(54;34),Bandar Country Homes. 48000 Selayang Municipal Council. Selangor. Malaysia,0,0,0,0,0,0,1,2023-03-10T18:56:13.4461235Z,0
3.3338698,101.5583301,Daerah: Selangor<br>No:1414<br>Hex coord:(55;34),Kota Emerald. 48000 Selayang Municipal Council. Selangor. Malaysia,0,0,0,0,0,0,1,2023-03-10T18:56:14.2672352Z,1
3.3416498,101.5718646,Daerah: Selangor<br>No:1415<br>Hex coord:(56;34),Taman Ehsan Ibu Fasa 2. 48000. Selangor. Malaysia,0,0,0,0,0,0,1,2023-03-10T18:56:15.0546971Z,0
3.3338698,101.5853991,Daerah: Selangor<br>No:1416<br>Hex coord:(57;34),Kota Emerald. RAWANG Selayang Municipal Council. Selangor. Malaysia,1,0,0,0,0,1,1,2023-03-10T18:56:16.0119169Z,1
3.3416498,101.5989335,Daerah: Selangor<br>No:1417<br>Hex coord:(58;34),Pintasan Rawang. Rawang. Selangor. Malaysia,0,0,0,0,0,1,1,2023-03-10T18:56:16.7861308Z,1
3.3338698,101.612468,Daerah: Selangor<br>No:1418<br>Hex coord:(59;34),Hulu Selangor. RAWANG Sungai Choh. Selangor. Malaysia,0,0,0,0,0,1,1,2023-03-10T18:56:17.5491800Z,0
3.3416498,101.6260025,Daerah: Selangor<br>No:1419<br>Hex coord:(60;34),Desa Melor. 48200 Serendah. Selangor. Malaysia,0,0,0,0,0,0,1,2023-03-10T18:56:18.2764164Z,0
3.3338698,101.639537,Daerah: Selangor<br>No:1420<br>Hex coord:(61;34),Hulu Selangor. 48200 Serendah. Selangor. Malaysia,0,0,0,0,0,0,1,2023-03-10T18:56:18.9764921Z,0
3.3416498,101.6530714,Daerah: Selangor<br>No:1421<br>Hex coord:(62;34),Hutan Rizab Serendah. Gombak. Malaysia,0,0,0,0,0,0,1,2023-03-10T18:56:19.6487983Z,0
3.3338698,101.6666059,Daerah: Selangor<br>No:1422<br>Hex coord:(63;34),Bukit Hulu Gombak. Gombak. Malaysia,0,0,0,0,0,0,1,2023-03-10T18:56:20.3314521Z,0
3.3416498,101.6801404,Daerah: Selangor<br>No:1423<br>Hex coord:(64;34),Sungai Batu Belang. Ulu Selangor. Malaysia,0,0,0,0,0,0,1,2023-03-10T18:56:20.9987464Z,0
3.3338698,101.6936749,Daerah: Selangor<br>No:1424<br>Hex coord:(65;34),Gombak. Selangor. Malaysia,0,0,0,0,0,0,1,2023-03-10T18:56:21.6720937Z,0
3.3416498,101.7072093,Daerah: Selangor<br>No:1425<br>Hex coord:(66;34),Jalan Ulu Yam. Gombak. Selayang Municipal Council. Selangor. Malaysia,0,0,0,0,0,0,1,2023-03-10T18:56:22.3431057Z,0
3.3338698,101.7207438,Daerah: Selangor<br>No:1426<br>Hex coord:(67;34),Gombak. Selangor. Malaysia,0,0,0,0,0,0,1,2023-03-10T18:56:23.0170696Z,0
3.3416498,101.7342783,Daerah: Selangor<br>No:1427<br>Hex coord:(68;34),Gombak. Selangor. Malaysia,0,0,0,0,0,0,1,2023-03-10T18:56:23.6766407Z,0
3.3338698,101.7478128,Daerah: Selangor<br>No:1428<br>Hex coord:(69;34),Gombak. Selangor. Malaysia,0,0,0,0,0,0,1,2023-03-10T18:56:24.3512734Z,0
3.3416498,101.7613472,Daerah: Selangor<br>No:1429<br>Hex coord:(70;34),Pusat Penyelidikan Hutan Kepong. Kuala Pahang. Gombak. Malaysia,0,0,0,0,0,0,1,2023-03-10T18:56:25.0230234Z,0
3.3338698,101.7748817,Daerah: Selangor<br>No:1430<br>Hex coord:(71;34),Jalan Gombak. Gombak. Selayang Municipal Council. Selangor. Malaysia,0,0,0,0,0,0,1,2023-03-10T18:56:25.6903643Z,0
3.3260898,101.2470372,Daerah: Selangor<br>No:1431<br>Hex coord:(32;35),Taman Desiran Malawati. 45000 Kuala Selangor. Selangor. Malaysia,0,0,0,0,0,0,1,2023-03-10T18:56:26.3797048Z,3
3.3183098,101.2605717,Daerah: Selangor<br>No:1432<br>Hex coord:(33;35),Jalan M.U 2. Kuala Selangor. Selangor. Malaysia,0,0,0,0,0,0,1,2023-03-10T18:56:27.0689338Z,0
3.3260898,101.2741061,Daerah: Selangor<br>No:1433<br>Hex coord:(34;35),森林餐厅 - Xing's Restaurant. 17 Jalan Medan Niaga 7. 45000 Kuala Selangor. Selangor. Malaysia,0,0,0,0,0,0,1,2023-03-10T18:56:27.7560455Z,2
3.3183098,101.2876406,Daerah: Selangor<br>No:1434<br>Hex coord:(35;35),Assam Jawa. 45000. Selangor. Malaysia,0,0,0,0,0,0,1,2023-03-10T18:56:28.4429174Z,0
3.3260898,101.3011751,Daerah: Selangor<br>No:1435<br>Hex coord:(36;35),Kuala Selangor. 45000 Kuala Selangor. Selangor. Malaysia,0,0,0,0,0,0,1,2023-03-10T18:56:29.1155148Z,0
3.3183098,101.3147096,Daerah: Selangor<br>No:1436<br>Hex coord:(37;35),Taman Kasawari. Kuala Selangor. Selangor. Malaysia,0,0,0,0,0,0,1,2023-03-10T18:56:29.7912195Z,0
3.3260898,101.328244,Daerah: Selangor<br>No:1437<br>Hex coord:(38;35),Kuala Selangor. Selangor. Malaysia,0,0,0,0,0,0,1,2023-03-10T18:56:30.4492934Z,0
3.3183098,101.3417785,Daerah: Selangor<br>No:1438<br>Hex coord:(39;35),Shalimar Estate. Kuala Selangor. Malaysia,0,0,0,0,0,0,1,2023-03-10T18:56:31.1078022Z,0
3.3260898,101.355313,Daerah: Selangor<br>No:1439<br>Hex coord:(40;35),Rosevale Estate. Kuala Selangor. Malaysia,0,0,0,0,0,0,1,2023-03-10T18:56:31.7616262Z,0
3.3183098,101.3688475,Daerah: Selangor<br>No:1440<br>Hex coord:(41;35),Raja Ghiri Estate. Kampung Masjid. Kuala Selangor. Malaysia,0,0,0,0,0,0,1,2023-03-10T18:56:32.4314234Z,0
3.3260898,101.3823819,Daerah: Selangor<br>No:1441<br>Hex coord:(42;35),Jalan Saga. 45600 Kampung Masjid. Selangor. Malaysia,0,0,0,0,0,0,1,2023-03-10T18:56:33.0990804Z,0
3.3183098,101.3959164,Daerah: Selangor<br>No:1442<br>Hex coord:(43;35),Taman Ijok Jaya Seksyen 1. 45600. Selangor. Malaysia,0,0,0,0,0,0,1,2023-03-10T18:56:33.7734356Z,0
3.3260898,101.4094509,Daerah: Selangor<br>No:1443<br>Hex coord:(44;35),Sekolah Kebangsaan Bukit Badong. Batu 3 Jalan Bukit Badong. 45000 Kampung Masjid. Selangor. Malaysia,1,0,0,0,0,0,1,2023-03-10T18:56:34.4467575Z,1
3.3183098,101.4229854,Daerah: Selangor<br>No:1444<br>Hex coord:(45;35),JIT AUTO SERVICES SDN BHD. 27/29 JALAN IP1. PUSAT NIAGA PERMAI IJOK. 45600 Kampung Masjid. Selangor. Malaysia,0,0,0,0,0,0,1,2023-03-10T18:56:35.1275925Z,1
3.3260898,101.4365198,Daerah: Selangor<br>No:1445<br>Hex coord:(46;35),Hutan Simpan Bukit Badong. Kampung Masjid. Kuala Selangor. Malaysia,0,0,0,0,0,0,1,2023-03-10T18:56:35.8197290Z,0
3.3183098,101.4500543,Daerah: Selangor<br>No:1446<br>Hex coord:(47;35),Kota Puteri. 48100 Selayang Municipal Council. Selangor. Malaysia,0,0,0,0,0,0,1,2023-03-10T18:56:36.5146987Z,0
3.3260898,101.4635888,Daerah: Selangor<br>No:1447<br>Hex coord:(48;35),Kota Puteri. 48100 Selayang Municipal Council. Selangor. Malaysia,0,0,0,0,0,1,1,2023-03-10T18:56:37.2453743Z,0
3.3183098,101.4771233,Daerah: Selangor<br>No:1448<br>Hex coord:(49;35),Positive Living Community Volunteer's cottage. Batu Arang. Gombak. Malaysia,1,0,0,0,0,1,1,2023-03-10T18:56:37.9930404Z,2
3.3260898,101.4906577,Daerah: Selangor<br>No:1449<br>Hex coord:(50;35),Batu Arang. Gombak. Malaysia,0,0,0,0,0,1,1,2023-03-10T18:56:38.7740278Z,0
3.3183098,101.5041922,Daerah: Selangor<br>No:1450<br>Hex coord:(51;35),Bandar Country Homes. 48000 Selayang Municipal Council. Selangor. Malaysia,0,0,0,0,0,1,1,2023-03-10T18:56:39.5675715Z,0
3.3260898,101.5177267,Daerah: Selangor<br>No:1451<br>Hex coord:(52;35),Bandar Country Homes. 48000 Selayang Municipal Council. Selangor. Malaysia,0,0,0,0,0,1,1,2023-03-10T18:56:40.3454713Z,1
3.3183098,101.5312612,Daerah: Selangor<br>No:1452<br>Hex coord:(53;35),AEON Anggun Rawang. 1 Persiaran Anggun. 48000 Rawang. Selangor. Malaysia,0,0,0,0,0,1,1,2023-03-10T18:56:41.1604024Z,4
3.3260898,101.5447956,Daerah: Selangor<br>No:1453<br>Hex coord:(54;35),Jogging Track. Rawang. Selangor. Malaysia,0,0,0,0,0,0,1,2023-03-10T18:56:42.0126189Z,2
3.3183098,101.5583301,Daerah: Selangor<br>No:1454<br>Hex coord:(55;35),Kota Emerald. 48000 Selayang Municipal Council. Selangor. Malaysia,1,0,0,0,0,1,1,2023-03-10T18:56:42.8755101Z,0
3.3260898,101.5718646,Daerah: Selangor<br>No:1455<br>Hex coord:(56;35),Kota Emerald. 48000 Selayang Municipal Council. Selangor. Malaysia,1,0,0,0,0,1,1,2023-03-10T18:56:43.7187319Z,1
3.3183098,101.5853991,Daerah: Selangor<br>No:1456<br>Hex coord:(57;35),Kampung Sungai Samak. 48000 Selayang Municipal Council. Selangor. Malaysia,0,1,0,0,0,1,1,2023-03-10T18:56:44.5676171Z,5
3.3260898,101.5989335,Daerah: Selangor<br>No:1457<br>Hex coord:(58;35),Prima Ville. Rawang. Selangor. Malaysia,0,0,0,0,0,1,1,2023-03-10T18:56:45.3333860Z,1
3.3183098,101.612468,Daerah: Selangor<br>No:1458<br>Hex coord:(59;35),Rawang. Gombak. 48000 Selayang Municipal Council. Selangor. Malaysia,0,0,0,0,0,1,1,2023-03-10T18:56:46.0933838Z,0
3.3260898,101.6260025,Daerah: Selangor<br>No:1459<br>Hex coord:(60;35),Bukit Unyang. Ulu Selangor. Malaysia,0,0,0,0,0,1,1,2023-03-10T18:56:46.8546618Z,0
3.3183098,101.639537,Daerah: Selangor<br>No:1460<br>Hex coord:(61;35),Gombak. Malaysia,0,0,0,0,0,0,1,2023-03-10T18:56:47.5502286Z,0
3.3260898,101.6530714,Daerah: Selangor<br>No:1461<br>Hex coord:(62;35),Hutan Rizab Serendah. Gombak. Malaysia,0,0,0,0,0,0,1,2023-03-10T18:56:48.2544256Z,0
3.3183098,101.6666059,Daerah: Selangor<br>No:1462<br>Hex coord:(63;35),Gombak. Selangor. Malaysia,0,0,0,0,0,0,1,2023-03-10T18:56:48.9310489Z,0
3.3260898,101.6801404,Daerah: Selangor<br>No:1463<br>Hex coord:(64;35),Gombak. Selangor. Malaysia,0,0,0,0,0,0,1,2023-03-10T18:56:49.6007894Z,0
3.3183098,101.6936749,Daerah: Selangor<br>No:1464<br>Hex coord:(65;35),Jalan Ulu Yam. Gombak. Selayang Municipal Council. Selangor. Malaysia,1,0,0,0,0,0,1,2023-03-10T18:56:50.2930784Z,0
3.3260898,101.7072093,Daerah: Selangor<br>No:1465<br>Hex coord:(66;35),Sungai Beri. Gombak. Malaysia,0,0,0,0,0,0,1,2023-03-10T18:56:50.9622128Z,0
3.3183098,101.7207438,Daerah: Selangor<br>No:1466<br>Hex coord:(67;35),Gombak. Selangor. Malaysia,0,0,0,0,0,0,1,2023-03-10T18:56:51.6304708Z,0
3.3260898,101.7342783,Daerah: Selangor<br>No:1467<br>Hex coord:(68;35),Gombak. Selangor. Malaysia,0,0,0,0,0,0,1,2023-03-10T18:56:52.2999807Z,0
3.3183098,101.7478128,Daerah: Selangor<br>No:1468<br>Hex coord:(69;35),Jalan Gombak. Selangor. Malaysia,0,0,0,0,0,0,1,2023-03-10T18:56:52.9694472Z,0
3.3260898,101.7613472,Daerah: Selangor<br>No:1469<br>Hex coord:(70;35),Sungai Gombak. Kuala Pahang. Selangor. Malaysia,0,0,0,0,0,0,1,2023-03-10T18:56:53.6389652Z,0
3.3183098,101.7748817,Daerah: Selangor<br>No:1470<br>Hex coord:(71;35),Gombak. Selangor. Malaysia,0,0,0,0,0,0,1,2023-03-10T18:56:54.3060905Z,0
3.3260898,101.7884162,Daerah: Selangor<br>No:1471<br>Hex coord:(72;35),Gombak. Selangor. Malaysia,0,0,0,0,0,0,1,2023-03-10T18:56:54.9677062Z,0
3.3183098,101.8019507,Daerah: Selangor<br>No:1472<br>Hex coord:(73;35),Gombak. Selangor. Malaysia,0,0,0,0,0,0,1,2023-03-10T18:56:55.6306574Z,0
3.3027498,101.2605717,Daerah: Selangor<br>No:1473<br>Hex coord:(33;36),Sungai Banjar,0,0,0,0,0,0,1,2023-03-10T18:56:56.3049272Z,0
3.3105298,101.2741061,Daerah: Selangor<br>No:1474<br>Hex coord:(34;36),Taman Malawati Jaya. Kuala Selangor. Selangor. Malaysia,0,0,0,0,0,0,1,2023-03-10T18:56:56.9885637Z,2
3.3027498,101.2876406,Daerah: Selangor<br>No:1475<br>Hex coord:(35;36),Assam Jawa. 45000 Kuala Selangor. Selangor. Malaysia,0,0,0,0,0,0,1,2023-03-10T18:56:57.6626590Z,0
3.3105298,101.3011751,Daerah: Selangor<br>No:1476<br>Hex coord:(36;36),Bukit Rotan. 45700. Selangor. Malaysia,0,0,0,0,0,0,1,2023-03-10T18:56:58.3461410Z,0
3.3027498,101.3147096,Daerah: Selangor<br>No:1477<br>Hex coord:(37;36),Sungai Buloh Estate. Kuala Selangor. Malaysia,0,0,0,0,0,0,1,2023-03-10T18:56:59.0474429Z,0
3.3105298,101.328244,Daerah: Selangor<br>No:1478<br>Hex coord:(38;36),Shalimar Estate. Kuala Selangor. Malaysia,0,0,0,0,0,0,1,2023-03-10T18:56:59.7073835Z,0
3.3027498,101.3417785,Daerah: Selangor<br>No:1479<br>Hex coord:(39;36),Bukit Rotan Estate. Kuala Selangor. Malaysia,0,0,0,0,0,0,1,2023-03-10T18:57:00.4068296Z,0
3.3105298,101.355313,Daerah: Selangor<br>No:1480<br>Hex coord:(40;36),Bukit Rotan. 45700. Selangor. Malaysia,0,0,0,0,0,0,1,2023-03-10T18:57:01.1045943Z,0
3.3027498,101.3688475,Daerah: Selangor<br>No:1481<br>Hex coord:(41;36),Kampung Ijok. 45500. Selangor. Malaysia,0,0,0,0,0,0,1,2023-03-10T18:57:01.7766263Z,0
3.3105298,101.3823819,Daerah: Selangor<br>No:1482<br>Hex coord:(42;36),Jalan Kepong - Kuala Selangor. Kampung Masjid. Selangor. Malaysia,0,0,0,0,0,0,1,2023-03-10T18:57:02.4874998Z,0
3.3027498,101.3959164,Daerah: Selangor<br>No:1483<br>Hex coord:(43;36),Taman Ijok Jaya Seksyen 1. Selangor. Malaysia,0,0,0,0,0,0,1,2023-03-10T18:57:03.1791326Z,0
3.3105298,101.4094509,Daerah: Selangor<br>No:1484<br>Hex coord:(44;36),Taman Ijok Jaya Seksyen 1. 48100. Selangor. Malaysia,1,0,0,0,0,0,1,2023-03-10T18:57:03.8548198Z,0
3.3027498,101.4229854,Daerah: Selangor<br>No:1485<br>Hex coord:(45;36),Taman Ijok Jaya Seksyen 1. 48100. Selangor. Malaysia,0,0,0,0,0,0,1,2023-03-10T18:57:04.5483231Z,0
3.3105298,101.4365198,Daerah: Selangor<br>No:1486<br>Hex coord:(46;36),Kota Puteri. 48100 Selayang Municipal Council. Selangor. Malaysia,0,0,0,0,0,0,1,2023-03-10T18:57:05.2661424Z,0
3.3027498,101.4500543,Daerah: Selangor<br>No:1487<br>Hex coord:(47;36),Jalan 12/1. Kota Puteri. 48100 Selayang Municipal Council. Selangor. Malaysia,0,0,0,0,0,0,1,2023-03-10T18:57:05.9927845Z,0
3.3105298,101.4635888,Daerah: Selangor<br>No:1488<br>Hex coord:(48;36),14 Jalan 12/2D. Kota Puteri. 48100 Kampung Masjid. Selangor. Malaysia,0,0,0,0,0,1,1,2023-03-10T18:57:06.7836896Z,1
3.3027498,101.4771233,Daerah: Selangor<br>No:1489<br>Hex coord:(49;36),Bandar Tasik Puteri. 48100 Selayang Municipal Council. Selangor. Malaysia,0,0,0,0,0,1,1,2023-03-10T18:57:07.5535591Z,1
3.3105298,101.4906577,Daerah: Selangor<br>No:1490<br>Hex coord:(50;36),Bandar Tasik Puteri. 48100 Selayang Municipal Council. Selangor. Malaysia,0,0,0,0,0,1,1,2023-03-10T18:57:08.3654405Z,0
3.3027498,101.5041922,Daerah: Selangor<br>No:1491<br>Hex coord:(51;36),Jalan MR 2/10. Rawang. Selangor. Malaysia,1,0,0,0,0,1,1,2023-03-10T18:57:09.2107219Z,0
3.3105298,101.5177267,Daerah: Selangor<br>No:1492<br>Hex coord:(52;36),Bandar Country Homes. 48000 Selayang Municipal Council. Selangor. Malaysia,0,0,0,0,0,1,1,2023-03-10T18:57:10.0411076Z,0
3.3027498,101.5312612,Daerah: Selangor<br>No:1493<br>Hex coord:(53;36),Ladang Hong Bee. Rawang. Gombak. Malaysia,0,0,0,0,0,1,1,2023-03-10T18:57:10.9169414Z,0
3.3105298,101.5447956,Daerah: Selangor<br>No:1494<br>Hex coord:(54;36),Ladang Bintang. Rawang. Gombak. Malaysia,0,0,0,0,0,1,1,2023-03-10T18:57:11.7561581Z,0
3.3027498,101.5583301,Daerah: Selangor<br>No:1495<br>Hex coord:(55;36),Kampung Sungai Serai. 48000 Selayang Municipal Council. Selangor. Malaysia,0,0,0,0,0,1,1,2023-03-10T18:57:12.6046295Z,0
3.3105298,101.5718646,Daerah: Selangor<br>No:1496<br>Hex coord:(56;36),LaFarge Cement. Rawang. Selangor. Malaysia,0,0,0,0,0,1,1,2023-03-10T18:57:13.4179244Z,5
3.3027498,101.5853991,Daerah: Selangor<br>No:1497<br>Hex coord:(57;36),Jalan 3F. Kampung Sungai Samak. 48000 Selayang Municipal Council. Selangor. Malaysia,0,0,0,0,0,1,1,2023-03-10T18:57:14.2594632Z,6
3.3105298,101.5989335,Daerah: Selangor<br>No:1498<br>Hex coord:(58;36),Kampung Sungai Samak. Selayang Municipal Council. Selangor. Malaysia,0,0,0,0,0,1,1,2023-03-10T18:57:15.0605010Z,2
3.3027498,101.612468,Daerah: Selangor<br>No:1499<br>Hex coord:(59;36),Hutan Rizab Kanching. Rawang. Gombak. Malaysia,0,0,0,0,0,1,1,2023-03-10T18:57:15.8514805Z,0
3.3105298,101.6260025,Daerah: Selangor<br>No:1500<br>Hex coord:(60;36),Templer Park. Selayang Municipal Council. Selangor. Malaysia,0,0,0,0,0,1,1,2023-03-10T18:57:16.6279047Z,0
3.3027498,101.639537,Daerah: Selangor<br>No:1501<br>Hex coord:(61;36),Mari House. 20 Jalan 3/2 Persiaran Bukit Takun. 48000 Rawang. Selangor. Malaysia,0,0,0,0,0,0,1,2023-03-10T18:57:17.3874300Z,0
3.3105298,101.6530714,Daerah: Selangor<br>No:1502<br>Hex coord:(62;36),Gombak. Malaysia,0,0,0,0,0,0,1,2023-03-10T18:57:18.0983186Z,0
3.3027498,101.6666059,Daerah: Selangor<br>No:1503<br>Hex coord:(63;36),Sungai Gugup. Gombak. Malaysia,0,0,0,0,0,0,1,2023-03-10T18:57:18.8871554Z,0
3.3105298,101.6801404,Daerah: Selangor<br>No:1504<br>Hex coord:(64;36),Sungai Tua. Gombak. Malaysia,0,0,0,0,0,0,1,2023-03-10T18:57:19.6457099Z,0
3.3027498,101.6936749,Daerah: Selangor<br>No:1505<br>Hex coord:(65;36),Sungai Larut. Batu Caves. Gombak. Malaysia,1,0,0,0,0,0,1,2023-03-10T18:57:20.3956615Z,0
3.3105298,101.7072093,Daerah: Selangor<br>No:1506<br>Hex coord:(66;36),Gombak. Malaysia,0,0,0,0,0,0,1,2023-03-10T18:57:21.0908710Z,0
3.3027498,101.7207438,Daerah: Selangor<br>No:1507<br>Hex coord:(67;36),Gombak. 53100 Selayang Municipal Council. Selangor. Malaysia,0,0,0,0,0,0,1,2023-03-10T18:57:21.7944849Z,0
3.3105298,101.7342783,Daerah: Selangor<br>No:1508<br>Hex coord:(68;36),Kuala Lumpur–Karak Expressway. Kuala Lumpur. Malaysia,0,0,0,0,0,0,1,2023-03-10T18:57:22.4738737Z,0
3.3027498,101.7478128,Daerah: Selangor<br>No:1509<br>Hex coord:(69;36),Jalan Gombak. Taman Permai Jaya. 53100 Selayang Municipal Council. Selangor. Malaysia,0,0,0,0,0,0,1,2023-03-10T18:57:23.1423676Z,0
3.3105298,101.7613472,Daerah: Selangor<br>No:1510<br>Hex coord:(70;36),Gombak. Selangor. Malaysia,0,0,0,0,0,0,1,2023-03-10T18:57:23.8071393Z,0
3.3027498,101.7748817,Daerah: Selangor<br>No:1511<br>Hex coord:(71;36),Gombak. Selangor. Malaysia,0,0,0,0,0,0,1,2023-03-10T18:57:24.4781216Z,0
3.3105298,101.7884162,Daerah: Selangor<br>No:1512<br>Hex coord:(72;36),Gombak. Selangor. Malaysia,0,0,0,0,0,0,1,2023-03-10T18:57:25.1603755Z,0
3.3027498,101.8019507,Daerah: Selangor<br>No:1513<br>Hex coord:(73;36),Gombak. Selangor. Malaysia,0,0,0,0,0,0,1,2023-03-10T18:57:25.8252202Z,0
3.2949698,101.2741061,Daerah: Selangor<br>No:1514<br>Hex coord:(34;37),Assam Jawa. 45000. Selangor. Malaysia,0,0,0,0,0,0,1,2023-03-10T18:57:26.5033009Z,0
3.2871898,101.2876406,Daerah: Selangor<br>No:1515<br>Hex coord:(35;37),Kampung Api-Api. 45700. Selangor. Malaysia,1,0,0,0,0,0,1,2023-03-10T18:57:27.1792519Z,0
3.2949698,101.3011751,Daerah: Selangor<br>No:1516<br>Hex coord:(36;37),Kampung Api-Api. 45700. Selangor. Malaysia,1,0,0,0,0,0,1,2023-03-10T18:57:27.8531998Z,0
3.2871898,101.3147096,Daerah: Selangor<br>No:1517<br>Hex coord:(37;37),Carnarvon Estate. Kuala Selangor. Malaysia,0,0,0,0,0,0,1,2023-03-10T18:57:28.5299995Z,0
3.2949698,101.328244,Daerah: Selangor<br>No:1518<br>Hex coord:(38;37),Bukit Rotan. 45700. Selangor. Malaysia,0,0,0,0,0,0,1,2023-03-10T18:57:29.1942216Z,0
3.2871898,101.3417785,Daerah: Selangor<br>No:1519<br>Hex coord:(39;37),Kuala Selangor. Malaysia,0,0,0,0,0,0,1,2023-03-10T18:57:29.8596453Z,0
3.2949698,101.355313,Daerah: Selangor<br>No:1520<br>Hex coord:(40;37),Kampung Masjid. Kuala Selangor. Malaysia,0,0,0,0,0,0,1,2023-03-10T18:57:30.5162889Z,0
3.2871898,101.3688475,Daerah: Selangor<br>No:1521<br>Hex coord:(41;37),Kampung Ijok. 45500. Selangor. Malaysia,0,0,0,0,0,1,1,2023-03-10T18:57:31.1906039Z,0
3.2949698,101.3823819,Daerah: Selangor<br>No:1522<br>Hex coord:(42;37),Lebuhraya LATAR. Kampung Masjid. Selangor. Malaysia,0,0,0,0,0,1,1,2023-03-10T18:57:31.8601381Z,0
3.2871898,101.3959164,Daerah: Selangor<br>No:1523<br>Hex coord:(43;37),Plaza Tol Ijok. Kampung Masjid. Selangor. Malaysia,0,0,0,0,0,1,1,2023-03-10T18:57:32.5346046Z,0
3.2949698,101.4094509,Daerah: Selangor<br>No:1524<br>Hex coord:(44;37),Taman Ijok Jaya Seksyen 1. 45620. Selangor. Malaysia,0,0,0,0,0,1,1,2023-03-10T18:57:33.2332663Z,0
3.2871898,101.4229854,Daerah: Selangor<br>No:1525<br>Hex coord:(45;37),Lebuhraya LATAR. Kampung Masjid. Selangor. Malaysia,0,0,0,0,0,1,1,2023-03-10T18:57:33.9407014Z,0
3.2949698,101.4365198,Daerah: Selangor<br>No:1526<br>Hex coord:(46;37),Kuala Selangor Chinese Cemetery. Kampung Masjid. Selangor. Malaysia,0,0,0,0,0,0,1,2023-03-10T18:57:34.6734217Z,0
3.2871898,101.4500543,Daerah: Selangor<br>No:1527<br>Hex coord:(47;37),Kuala Selangor. 45620. Selangor. Malaysia,0,0,0,0,0,0,1,2023-03-10T18:57:35.4176615Z,0
3.2949698,101.4635888,Daerah: Selangor<br>No:1528<br>Hex coord:(48;37),Sungai Sembah. Rawang. Gombak. Malaysia,0,0,0,0,0,1,1,2023-03-10T18:57:36.1637050Z,0
3.2871898,101.4771233,Daerah: Selangor<br>No:1529<br>Hex coord:(49;37),Golf Club. Rawang. Selangor. Malaysia,0,0,0,0,0,1,1,2023-03-10T18:57:36.9441944Z,4
3.2949698,101.4906577,Daerah: Selangor<br>No:1530<br>Hex coord:(50;37),Tasik Puteri Golf Club & Resorts. Jalan Tasik Puteri. Bandar Tasik Puteri. 45620 Selayang Municipal Council. Selangor. Malaysia,0,0,0,0,0,1,1,2023-03-10T18:57:37.7483325Z,0
3.2871898,101.5041922,Daerah: Selangor<br>No:1531<br>Hex coord:(51;37),Kundang. 48020 Selayang Municipal Council. Selangor. Malaysia,0,0,0,0,0,1,1,2023-03-10T18:57:38.5554125Z,1
3.2949698,101.5177267,Daerah: Selangor<br>No:1532<br>Hex coord:(52;37),Kundang. 48020 Selayang Municipal Council. Selangor. Malaysia,0,0,0,0,0,1,1,2023-03-10T18:57:39.3610103Z,0
3.2871898,101.5312612,Daerah: Selangor<br>No:1533<br>Hex coord:(53;37),Jun He Engineering Design Sdn Bhd. Lot 74 Jalan KPK 3/1 Kundang Jaya. 48020 Rawang. Selangor. Malaysia,0,0,0,0,0,1,1,2023-03-10T18:57:40.1771265Z,0
3.2949698,101.5447956,Daerah: Selangor<br>No:1534<br>Hex coord:(54;37),Ladang Sungai Gong dan Sungai Bakau. Rawang. Gombak. Malaysia,0,0,0,0,0,0,1,2023-03-10T18:57:41.0698226Z,1
3.2871898,101.5583301,Daerah: Selangor<br>No:1535<br>Hex coord:(55;37),Ladang Bukit Lagong. Rawang. Gombak. Malaysia,0,0,0,0,0,1,1,2023-03-10T18:57:41.9047553Z,1
3.2949698,101.5718646,Daerah: Selangor<br>No:1536<br>Hex coord:(56;37),B25. Kampung Sungai Serai. 48000 Selayang Municipal Council. Selangor. Malaysia,0,0,0,0,0,1,1,2023-03-10T18:57:42.7302428Z,0
3.2871898,101.5853991,Daerah: Selangor<br>No:1537<br>Hex coord:(57;37),Plaza Tol Taman Rimba Templer. Rawang. Selangor. Malaysia,0,0,0,0,0,1,1,2023-03-10T18:57:43.5291349Z,0
3.2949698,101.5989335,Daerah: Selangor<br>No:1538<br>Hex coord:(58;37),Kampung Sungai Samak. Selayang Municipal Council. Selangor. Malaysia,0,0,0,0,0,1,1,2023-03-10T18:57:44.3003725Z,3
3.2871898,101.612468,Daerah: Selangor<br>No:1539<br>Hex coord:(59;37),Bukit Panah Kubu. Rawang. Gombak. Malaysia,0,0,0,0,0,1,1,2023-03-10T18:57:45.0981372Z,0
3.2949698,101.6260025,Daerah: Selangor<br>No:1540<br>Hex coord:(60;37),Jalan Ipoh. Rawang. Selangor. Malaysia,0,0,0,0,0,1,1,2023-03-10T18:57:45.8770640Z,1
3.2871898,101.639537,Daerah: Selangor<br>No:1541<br>Hex coord:(61;37),Jalan Ipoh. Templer Park. 68100 Selayang Municipal Council. Selangor. Malaysia,0,0,0,0,0,1,1,2023-03-10T18:57:46.6688533Z,0
3.2949698,101.6530714,Daerah: Selangor<br>No:1542<br>Hex coord:(62;37),Templer Waterfall. Rawang. Gombak. Malaysia,0,0,0,0,0,0,1,2023-03-10T18:57:47.4587204Z,0
3.2871898,101.6666059,Daerah: Selangor<br>No:1543<br>Hex coord:(63;37),Gombak. Malaysia,0,0,0,0,0,2,1,2023-03-10T18:57:48.3740361Z,0
3.2949698,101.6801404,Daerah: Selangor<br>No:1544<br>Hex coord:(64;37),Sungai Papan. Gombak. Malaysia,0,0,0,0,0,1,1,2023-03-10T18:57:49.2029128Z,0
3.2871898,101.6936749,Daerah: Selangor<br>No:1545<br>Hex coord:(65;37),Jalan Ulu Yam. Taman Jasa Utama. 68100 Selayang Municipal Council. Selangor. Malaysia,0,0,0,0,0,1,1,2023-03-10T18:57:50.1192257Z,0
3.2949698,101.7072093,Daerah: Selangor<br>No:1546<br>Hex coord:(66;37),Sungai Larut. Batu Caves. Gombak. Malaysia,0,0,0,0,0,0,1,2023-03-10T18:57:50.8933563Z,0
3.2871898,101.7207438,Daerah: KL<br>No:1547<br>Hex coord:(67;37),Taman Malaysia. Kuala Lumpur. Malaysia,0,0,0,0,0,0,1,2023-03-10T18:57:51.6814904Z,1
3.2949698,101.7342783,Daerah: KL<br>No:1548<br>Hex coord:(68;37),Padang Bola Sepak. 53100 Kuala Lumpur. Kuala Lumpur. Malaysia,0,0,0,0,0,0,1,2023-03-10T18:57:52.4008625Z,0
3.2871898,101.7478128,Daerah: Selangor<br>No:1549<br>Hex coord:(69;37),Gombak. 53100 Selayang Municipal Council. Selangor. Malaysia,0,0,0,0,0,0,1,2023-03-10T18:57:53.1827575Z,0
3.2949698,101.7613472,Daerah: Selangor<br>No:1550<br>Hex coord:(70;37),Gombak. 53100 Selayang Municipal Council. Selangor. Malaysia,0,0,0,0,0,0,1,2023-03-10T18:57:53.8633522Z,0
3.2871898,101.7748817,Daerah: Selangor<br>No:1551<br>Hex coord:(71;37),Hulu Kelang. 53100 Ampang Jaya Municipal Council. Selangor. Malaysia,0,0,0,0,0,0,1,2023-03-10T18:57:54.5443383Z,0
3.2949698,101.7884162,Daerah: Selangor<br>No:1552<br>Hex coord:(72;37),Gombak. Selangor. Malaysia,0,0,0,0,0,0,1,2023-03-10T18:57:55.2073540Z,0
3.2871898,101.8019507,Daerah: Selangor<br>No:1553<br>Hex coord:(73;37),Gombak. Selangor. Malaysia,0,0,0,0,0,0,1,2023-03-10T18:57:55.8718190Z,0
3.2949698,101.8154851,Daerah: Selangor<br>No:1554<br>Hex coord:(74;37),Gombak. Selangor. Malaysia,0,0,0,0,0,0,1,2023-03-10T18:57:56.5368766Z,0
3.2871898,101.8290196,Daerah: Selangor<br>No:1555<br>Hex coord:(75;37),Gombak. Selangor. Malaysia,0,0,0,0,0,0,1,2023-03-10T18:57:57.1943606Z,0
3.2716298,101.2876406,Daerah: Selangor<br>No:1556<br>Hex coord:(35;38),Jalan pt 4. Kuala Selangor. Selangor. Malaysia,0,0,0,0,0,0,1,2023-03-10T18:57:57.8641955Z,0
3.2794098,101.3011751,Daerah: Selangor<br>No:1557<br>Hex coord:(36;38),Kampung Api-Api. 45700. Selangor. Malaysia,0,0,0,0,0,0,1,2023-03-10T18:57:58.5249615Z,0
3.2716298,101.3147096,Daerah: Selangor<br>No:1558<br>Hex coord:(37;38),Braunston Estate. Kuala Selangor. Malaysia,0,0,0,0,0,0,1,2023-03-10T18:57:59.1947181Z,0
3.2794098,101.328244,Daerah: Selangor<br>No:1559<br>Hex coord:(38;38),Kampung Bukit Kuching. 45700. Selangor. Malaysia,0,0,0,0,0,0,1,2023-03-10T18:57:59.8598541Z,0
3.2716298,101.3417785,Daerah: Selangor<br>No:1560<br>Hex coord:(39;38),Masjid Darussalam Kampung Bukit Kucing. Jeram. Selangor. Malaysia,0,0,0,0,0,0,1,2023-03-10T18:58:00.5497803Z,0
3.2794098,101.355313,Daerah: Selangor<br>No:1561<br>Hex coord:(40;38),Kampung Bukit Hijau. 45500. Selangor. Malaysia,1,0,0,0,0,0,1,2023-03-10T18:58:01.2409256Z,0
3.2716298,101.3688475,Daerah: Selangor<br>No:1562<br>Hex coord:(41;38),Jalan 1 Sek Agama/Masjid. Jeram. Selangor. Malaysia,0,0,0,0,0,1,1,2023-03-10T18:58:01.9182329Z,0
3.2794098,101.3823819,Daerah: Selangor<br>No:1563<br>Hex coord:(42;38),Kampung Bukit Hijau. Selangor. Malaysia,0,0,0,0,0,1,1,2023-03-10T18:58:02.5905959Z,0
3.2716298,101.3959164,Daerah: Selangor<br>No:1564<br>Hex coord:(43;38),Kampung Bukit Hijau. 42300. Selangor. Malaysia,0,0,0,0,0,1,1,2023-03-10T18:58:03.3163988Z,0
3.2794098,101.4094509,Daerah: Selangor<br>No:1565<br>Hex coord:(44;38),Kuala Selangor. 48100 Ijok. Selangor. Malaysia,0,0,0,0,0,1,1,2023-03-10T18:58:04.0019219Z,0
3.2716298,101.4229854,Daerah: Selangor<br>No:1566<br>Hex coord:(45;38),Bukit Ijok Estate. Kuala Selangor. Malaysia,0,0,0,0,0,1,1,2023-03-10T18:58:04.7463774Z,0
3.2794098,101.4365198,Daerah: Selangor<br>No:1567<br>Hex coord:(46;38),Bukit Mayong. Kampung Masjid. Kuala Selangor. Malaysia,0,0,0,0,0,1,1,2023-03-10T18:58:05.4805531Z,0
3.2716298,101.4500543,Daerah: Selangor<br>No:1568<br>Hex coord:(47;38),UPP PULP & PAPER (M) SDN BHD. Lot 225. Batang Berjuntai. 45620. Selangor. Jalan Kuala Selangor. Ijok. 45600 Bestari Jaya. Selangor Jalan Platinum. Apartment Alam Perdana. 45620 Rawang. Selangor. Malaysia,0,0,0,0,0,0,1,2023-03-10T18:58:06.2066365Z,0
3.2794098,101.4635888,Daerah: Selangor<br>No:1569<br>Hex coord:(48;38),Bandar Tasik Puteri. 45620 Selayang Municipal Council. Selangor. Malaysia,0,0,0,0,0,0,1,2023-03-10T18:58:06.9866934Z,4
3.2716298,101.4771233,Daerah: Selangor<br>No:1570<br>Hex coord:(49;38),Kuang West Toll Plaza. Rawang. Selangor. Malaysia,0,0,0,0,0,1,1,2023-03-10T18:58:07.7414999Z,0
3.2794098,101.4906577,Daerah: Selangor<br>No:1571<br>Hex coord:(50;38),Jalan 5/4. Rawang. Selangor. Malaysia,0,1,0,0,0,1,1,2023-03-10T18:58:08.5165823Z,0
3.2716298,101.5041922,Daerah: Selangor<br>No:1572<br>Hex coord:(51;38),Petronas. Rawang. Gombak. Malaysia,0,0,0,0,0,1,1,2023-03-10T18:58:09.3174245Z,0
3.2794098,101.5177267,Daerah: Selangor<br>No:1573<br>Hex coord:(52;38),Kundang Cemetery. Rawang. Selangor. Malaysia,0,0,0,0,0,1,1,2023-03-10T18:58:10.1384886Z,0
3.2716298,101.5312612,Daerah: Selangor<br>No:1574<br>Hex coord:(53;38),Kundang. 48050 Selayang Municipal Council. Selangor. Malaysia,0,0,0,0,0,0,1,2023-03-10T18:58:10.9696878Z,0
3.2794098,101.5447956,Daerah: Selangor<br>No:1575<br>Hex coord:(54;38),Taman Kundang Jaya. 48050 Selayang Municipal Council. Selangor. Malaysia,0,0,0,0,0,0,1,2023-03-10T18:58:11.8053160Z,0
3.2716298,101.5583301,Daerah: Selangor<br>No:1576<br>Hex coord:(55;38),Ladang Bukit Lagong. Rawang. Gombak. Malaysia,0,0,0,0,0,1,1,2023-03-10T18:58:12.6163144Z,0
3.2794098,101.5718646,Daerah: Selangor<br>No:1577<br>Hex coord:(56;38),Ladang Hutan Simpan. Gombak. Malaysia,0,0,0,0,0,1,1,2023-03-10T18:58:13.4333548Z,0
3.2716298,101.5853991,Daerah: Selangor<br>No:1578<br>Hex coord:(57;38),Bukit Hulu Munchong. Gombak. Malaysia,0,0,0,0,0,1,1,2023-03-10T18:58:14.2209770Z,0
3.2794098,101.5989335,Daerah: Selangor<br>No:1579<br>Hex coord:(58;38),Bukit Peninjau. Gombak. Malaysia,0,0,0,0,0,1,1,2023-03-10T18:58:15.0039650Z,0
3.2716298,101.612468,Daerah: Selangor<br>No:1580<br>Hex coord:(59;38),Rawang. Gombak. 48000 Selayang Municipal Council. Selangor. Malaysia,0,0,0,0,0,2,1,2023-03-10T18:58:15.8093593Z,0
3.2794098,101.6260025,Daerah: KL<br>No:1581<br>Hex coord:(60;38),Bukit Lotong Barau. Kuala Lumpur. Malaysia,0,0,0,0,0,2,1,2023-03-10T18:58:16.6356306Z,0
3.2716298,101.639537,Daerah: Selangor<br>No:1582<br>Hex coord:(61;38),Rizab Melayu Kanching. Rawang. Gombak. Malaysia,0,0,0,0,0,3,1,2023-03-10T18:58:17.5103038Z,0
3.2794098,101.6530714,Daerah: Selangor<br>No:1583<br>Hex coord:(62;38),V-Residensi. Selayang Heights. Rawang. Selangor. Malaysia,0,0,0,0,0,3,1,2023-03-10T18:58:18.3806540Z,2
3.2716298,101.6666059,Daerah: Selangor<br>No:1584<br>Hex coord:(63;38),Taman Jasa Utama. 68100 Selayang Municipal Council. Selangor. Malaysia,0,0,0,0,0,3,1,2023-03-10T18:58:19.3669562Z,0
3.2794098,101.6801404,Daerah: Selangor<br>No:1585<br>Hex coord:(64;38),Taman Jasa Utama. 68100 Selayang Municipal Council. Selangor. Malaysia,0,0,0,0,0,2,1,2023-03-10T18:58:20.3444250Z,0
3.2716298,101.6936749,Daerah: Selangor<br>No:1586<br>Hex coord:(65;38),Sungai Baru. Selayang. Batu Caves. Selangor. Malaysia,0,0,0,0,0,2,1,2023-03-10T18:58:21.3359432Z,0
3.2794098,101.7072093,Daerah: Selangor<br>No:1587<br>Hex coord:(66;38),Bukit Madei. Gombak. Malaysia,0,0,0,0,0,1,1,2023-03-10T18:58:22.1703053Z,0
3.2716298,101.7207438,Daerah: Selangor<br>No:1588<br>Hex coord:(67;38),Taman Permai Jaya. Selayang Municipal Council. Selangor. Malaysia,0,0,0,0,0,0,1,2023-03-10T18:58:23.0853894Z,0
3.2794098,101.7342783,Daerah: Selangor<br>No:1589<br>Hex coord:(68;38),Persiaran Villa Bestari. Taman Permai Jaya. Selayang Municipal Council. Selangor. Malaysia,0,0,0,0,0,0,1,2023-03-10T18:58:23.8108246Z,0
3.2716298,101.7478128,Daerah: Selangor<br>No:1590<br>Hex coord:(69;38),Persiaran Villa Bestari. Taman Permai Jaya. 53100 Gombak. Selangor. Malaysia,0,0,0,0,0,0,1,2023-03-10T18:58:24.5447727Z,0
3.2794098,101.7613472,Daerah: Selangor<br>No:1591<br>Hex coord:(70;38),Gombak. 53100 Selayang Municipal Council. Selangor. Malaysia,0,0,0,0,0,0,1,2023-03-10T18:58:25.2554485Z,0
3.2716298,101.7748817,Daerah: Selangor<br>No:1592<br>Hex coord:(71;38),Hulu Kelang. 53100 Ampang Jaya Municipal Council. Selangor. Malaysia,0,0,0,0,0,0,1,2023-03-10T18:58:25.9762150Z,0
3.2794098,101.7884162,Daerah: Selangor<br>No:1593<br>Hex coord:(72;38),Hulu Kelang. 53100 Ampang Jaya Municipal Council. Selangor. Malaysia,0,0,0,0,0,0,1,2023-03-10T18:58:26.6734373Z,0
3.2716298,101.8019507,Daerah: Selangor<br>No:1594<br>Hex coord:(73;38),Sungai Pemulas. Gombak. Malaysia,0,0,0,0,0,0,1,2023-03-10T18:58:27.3591262Z,0
3.2794098,101.8154851,Daerah: Selangor<br>No:1595<br>Hex coord:(74;38),Ampang Jaya Municipal Council. Selangor. Malaysia,0,0,0,0,0,0,1,2023-03-10T18:58:28.0570182Z,0
3.2716298,101.8290196,Daerah: Selangor<br>No:1596<br>Hex coord:(75;38),Gombak. Selangor. Malaysia,0,0,0,0,0,0,1,2023-03-10T18:58:28.7436051Z,0
3.2794098,101.8425541,Daerah: Selangor<br>No:1597<br>Hex coord:(76;38),Gombak. Selangor. Malaysia,0,0,0,0,0,0,1,2023-03-10T18:58:29.4360142Z,0
3.2716298,101.8560886,Daerah: Selangor<br>No:1598<br>Hex coord:(77;38),Hulu Langat. Selangor. Malaysia,0,0,0,0,0,0,1,2023-03-10T18:58:30.1236682Z,0
3.2638498,101.3011751,Daerah: Selangor<br>No:1599<br>Hex coord:(36;39),Taman Pari. Kuala Selangor. Selangor. Malaysia,0,0,0,0,0,0,1,2023-03-10T18:58:30.8263913Z,0
3.2560698,101.3147096,Daerah: Selangor<br>No:1600<br>Hex coord:(37;39),SJK (C) Chung Wah. Sasaran. Kuala Selangor. Selangor. Malaysia,0,0,0,0,0,0,1,2023-03-10T18:58:31.5241930Z,0
3.2638498,101.328244,Daerah: Selangor<br>No:1601<br>Hex coord:(38;39),Parit Gajah. Jeram. Kuala Selangor. Malaysia,0,0,0,0,0,0,1,2023-03-10T18:58:32.2187672Z,0
3.2560698,101.3417785,Daerah: Selangor<br>No:1602<br>Hex coord:(39;39),Jeram. Kuala Selangor. Malaysia,0,0,0,0,0,0,1,2023-03-10T18:58:32.9187012Z,0
3.2638498,101.355313,Daerah: Selangor<br>No:1603<br>Hex coord:(40;39),Kampung Bukit Hijau. Selangor. Malaysia,0,0,0,0,0,0,1,2023-03-10T18:58:33.6208250Z,0
3.2560698,101.3688475,Daerah: Selangor<br>No:1604<br>Hex coord:(41;39),Kampung Bukit Hijau. Selangor. Malaysia,0,0,0,0,0,1,1,2023-03-10T18:58:34.3516245Z,0
3.2638498,101.3823819,Daerah: Selangor<br>No:1605<br>Hex coord:(42;39),Kampung Bukit Hijau. Selangor. Malaysia,0,0,0,0,0,1,1,2023-03-10T18:58:35.0647585Z,0
3.2560698,101.3959164,Daerah: Selangor<br>No:1606<br>Hex coord:(43;39),West Coast Expressway. Kampung Bukit Hijau. 42300. Selangor. Malaysia,0,0,0,0,0,1,1,2023-03-10T18:58:35.7915856Z,0
3.2638498,101.4094509,Daerah: Selangor<br>No:1607<br>Hex coord:(44;39),Bukit Ijok Estate. Kuala Selangor. Malaysia,0,0,0,0,0,1,1,2023-03-10T18:58:36.4997129Z,0
3.2560698,101.4229854,Daerah: Selangor<br>No:1608<br>Hex coord:(45;39),Lorong Cindai - Jentayu. Kuala Selangor. Selangor. Malaysia,2,0,0,0,0,1,1,2023-03-10T18:58:37.2367656Z,0
3.2638498,101.4365198,Daerah: Selangor<br>No:1609<br>Hex coord:(46;39),Kampung Bukit Hijau. 42300 Bandar Puncak Alam. Selangor. Malaysia,0,0,0,0,0,1,1,2023-03-10T18:58:37.9748325Z,0
3.2560698,101.4500543,Daerah: Selangor<br>No:1610<br>Hex coord:(47;39),Jalan A.P. 2E/2. Kuala Selangor. 42300 Bandar Puncak Alam. Selangor. Malaysia,0,0,0,0,0,0,1,2023-03-10T18:58:38.7447976Z,1
3.2638498,101.4635888,Daerah: Selangor<br>No:1611<br>Hex coord:(48;39),Taman Alam Perdana. 45620. Selangor. Malaysia,0,0,0,0,0,0,1,2023-03-10T18:58:39.5034325Z,0
3.2560698,101.4771233,Daerah: Selangor<br>No:1612<br>Hex coord:(49;39),Jalan B.S.C. 1A/7. Bandar Seri Coalfields. 47000 Kuala Selangor. Selangor. Malaysia,0,0,0,0,0,0,1,2023-03-10T18:58:40.2762102Z,0
3.2638498,101.4906577,Daerah: Selangor<br>No:1613<br>Hex coord:(50;39),Kuala Selangor. Selangor. Malaysia,0,0,0,0,0,1,1,2023-03-10T18:58:41.0664672Z,0
3.2560698,101.5041922,Daerah: Selangor<br>No:1614<br>Hex coord:(51;39),Ladang Vimy. Rawang. Gombak. Malaysia,0,0,0,0,0,0,1,2023-03-10T18:58:41.8684269Z,0
3.2638498,101.5177267,Daerah: Selangor<br>No:1615<br>Hex coord:(52;39),Kundang Lakes Country Club. Jalan Sekolah. Kampung Melayu Sri Kundang. 48050 Selayang Municipal Council. Selangor. Malaysia,0,0,0,0,0,0,1,2023-03-10T18:58:42.6497965Z,0
3.2560698,101.5312612,Daerah: Selangor<br>No:1616<br>Hex coord:(53;39),Lorong E7. 48050 Rawang. Selangor. Malaysia,0,0,0,0,0,0,1,2023-03-10T18:58:43.4278387Z,0
3.2638498,101.5447956,Daerah: Selangor<br>No:1617<br>Hex coord:(54;39),Guthrie Corridor Expressway. Kampung Sungai Serai. 48050 Rawang. Selangor. Malaysia,0,0,0,0,0,0,1,2023-03-10T18:58:44.2267519Z,0
3.2560698,101.5583301,Daerah: Selangor<br>No:1618<br>Hex coord:(55;39),Jalan SP 17. Rawang. Selangor. Malaysia,1,0,0,0,0,0,1,2023-03-10T18:58:45.0112331Z,0
3.2638498,101.5718646,Daerah: Selangor<br>No:1619<br>Hex coord:(56;39),Kampung Gombak Batu 19. 48050 Selayang Municipal Council. Selangor. Malaysia,0,0,0,0,0,1,1,2023-03-10T18:58:45.8072161Z,1
3.2560698,101.5853991,Daerah: KL<br>No:1620<br>Hex coord:(57;39),Sungai Chinchuk. Kuala Lumpur. Malaysia,0,0,0,0,0,0,1,2023-03-10T18:58:46.5914889Z,0
3.2638498,101.5989335,Daerah: Selangor<br>No:1621<br>Hex coord:(58;39),Kuang. Gombak. 48050 Selayang Municipal Council. Selangor. Malaysia,0,0,0,0,0,1,1,2023-03-10T18:58:47.4180265Z,0
3.2560698,101.612468,Daerah: Selangor<br>No:1622<br>Hex coord:(59;39),Bukit Lagong Forest Reserve. Jalan Casa Mila. Taman Bidara. 68100 Selayang Municipal Council. Selangor. Malaysia,0,0,0,0,0,1,1,2023-03-10T18:58:48.2587207Z,0
3.2638498,101.6260025,Daerah: Selangor<br>No:1623<br>Hex coord:(60;39),Ladang Paya Kungung. Gombak. Malaysia,0,0,0,0,0,1,1,2023-03-10T18:58:49.1671659Z,0
3.2560698,101.639537,Daerah: Selangor<br>No:1624<br>Hex coord:(61;39),Taman Bidara. 68100 Selayang Municipal Council. Selangor. Malaysia,1,0,0,0,0,3,1,2023-03-10T18:58:50.1255857Z,0
3.2638498,101.6530714,Daerah: Selangor<br>No:1625<br>Hex coord:(62;39),Mahkamah Selayang. Selayang. Batu Caves. Gombak. Malaysia,1,0,0,0,0,3,1,2023-03-10T18:58:51.1672817Z,1
3.2560698,101.6666059,Daerah: Selangor<br>No:1626<br>Hex coord:(63;39),6 Jalan 48. Kampung Selayang Baru. 68100 Selayang Municipal Council. Selangor. Malaysia,3,1,0,0,0,3,1,2023-03-10T18:58:52.2881578Z,8
3.2638498,101.6801404,Daerah: Selangor<br>No:1627<br>Hex coord:(64;39),Jalan Sungai Tua. Taman Jasa Utama. 68100 Selayang Municipal Council. Selangor. Malaysia,1,0,0,0,0,3,1,2023-03-10T18:58:53.2998171Z,1
3.2560698,101.6936749,Daerah: Selangor<br>No:1628<br>Hex coord:(65;39),Lebuh Pinggiran. Pinggiran Batu Caves. 68100 Selayang Municipal Council. Selangor. Malaysia,0,0,0,0,0,3,1,2023-03-10T18:58:54.4113009Z,6
3.2638498,101.7072093,Daerah: Selangor<br>No:1629<br>Hex coord:(66;39),Jalan Bukit Permata 11/2. Pinggiran Batu Caves. 68100 Selayang Municipal Council. Selangor. Malaysia,0,0,0,0,0,3,1,2023-03-10T18:58:55.3549186Z,0
3.2560698,101.7207438,Daerah: Selangor<br>No:1630<br>Hex coord:(67;39),Taman Permai Jaya. 53100 Selayang Municipal Council. Selangor. Malaysia,0,0,0,0,0,1,1,2023-03-10T18:58:56.3600262Z,1
3.2638498,101.7342783,Daerah: KL<br>No:1631<br>Hex coord:(68;39),Blok I. Taman Melati. 53100 Kuala Lumpur. Kuala Lumpur. Malaysia,0,0,0,0,0,0,1,2023-03-10T18:58:57.2419545Z,0
3.2560698,101.7478128,Daerah: Selangor<br>No:1632<br>Hex coord:(69;39),Jalan Sungai Pusu. 53100 Gombak. Selangor. Malaysia,0,0,0,0,0,0,1,2023-03-10T18:58:58.0736266Z,0
3.2638498,101.7613472,Daerah: Selangor<br>No:1633<br>Hex coord:(70;39),Gombak. Malaysia,0,0,0,0,0,0,1,2023-03-10T18:58:58.8173769Z,0
3.2560698,101.7748817,Daerah: Selangor<br>No:1634<br>Hex coord:(71;39),Hulu Kelang. 53100 Ampang Jaya Municipal Council. Selangor. Malaysia,0,0,0,0,0,0,1,2023-03-10T18:58:59.5348535Z,0
3.2638498,101.7884162,Daerah: Selangor<br>No:1635<br>Hex coord:(72;39),Sungai Seleh. Gombak. Malaysia,0,0,0,0,0,0,1,2023-03-10T18:59:00.2327996Z,0
3.2560698,101.8019507,Daerah: Selangor<br>No:1636<br>Hex coord:(73;39),Sungai Songloi. Gombak. Malaysia,0,0,0,0,0,0,1,2023-03-10T18:59:00.9002707Z,0
3.2638498,101.8154851,Daerah: Selangor<br>No:1637<br>Hex coord:(74;39),Sungai Jajar. Gombak. Malaysia,0,0,0,0,0,0,1,2023-03-10T18:59:01.5585641Z,0
3.2560698,101.8290196,Daerah: Selangor<br>No:1638<br>Hex coord:(75;39),Gombak. Selangor. Malaysia,0,0,0,0,0,0,1,2023-03-10T18:59:02.2253487Z,0
3.2638498,101.8425541,Daerah: Selangor<br>No:1639<br>Hex coord:(76;39),Hulu Langat. Selangor. Malaysia,0,0,0,0,0,0,1,2023-03-10T18:59:02.8940919Z,0
3.2560698,101.8560886,Daerah: Selangor<br>No:1640<br>Hex coord:(77;39),Hulu Langat. Selangor. Malaysia,0,0,0,0,0,0,1,2023-03-10T18:59:03.5499821Z,0
3.2638498,101.869623,Daerah: Selangor<br>No:1641<br>Hex coord:(78;39),Hulu Langat. Selangor. Malaysia,0,0,0,0,0,0,1,2023-03-10T18:59:04.2039888Z,0
3.2560698,101.8831575,Daerah: Selangor<br>No:1642<br>Hex coord:(79;39),Hulu Langat. Selangor. Malaysia,0,0,0,0,0,0,1,2023-03-10T18:59:04.8970260Z,0
3.2638498,101.896692,Daerah: Selangor<br>No:1643<br>Hex coord:(80;39),Path to Gunung Lentang Legong. Bentong. Kajang Municipal Council. Selangor. Malaysia,0,0,0,0,0,0,1,2023-03-10T18:59:05.5594929Z,0
3.2560698,101.9102265,Daerah: Selangor<br>No:1644<br>Hex coord:(81;39),Hulu Langat. Selangor. Malaysia,0,0,0,0,0,0,1,2023-03-10T18:59:06.2149954Z,0
3.2482898,101.3011751,Daerah: Selangor<br>No:1645<br>Hex coord:(36;40),Sungai Buloh. Kuala Selangor. Malaysia,0,0,0,0,0,0,1,2023-03-10T18:59:06.9120516Z,0
3.2405098,101.3147096,Daerah: Selangor<br>No:1646<br>Hex coord:(37;40),Kedai Kopi Bt20 Jeram. Kuala Selangor. Malaysia,0,0,0,0,0,0,1,2023-03-10T18:59:07.5879962Z,0
3.2482898,101.328244,Daerah: Selangor<br>No:1647<br>Hex coord:(38;40),Bukit Jeram. Selangor. Malaysia,0,0,0,0,0,0,1,2023-03-10T18:59:08.2639614Z,0
3.2405098,101.3417785,Daerah: Selangor<br>No:1648<br>Hex coord:(39;40),Bukit Jeram. Selangor. Malaysia,0,0,0,0,0,0,1,2023-03-10T18:59:08.9263360Z,0
3.2482898,101.355313,Daerah: Selangor<br>No:1649<br>Hex coord:(40;40),Kuala Selangor. Selangor. Malaysia,0,0,0,0,0,0,1,2023-03-10T18:59:09.6015394Z,0
3.2405098,101.3688475,Daerah: Selangor<br>No:1650<br>Hex coord:(41;40),Jalan 1 Rizab Balai Raya. Kampung Bukit Hijau. Jeram. Selangor. Malaysia,0,0,0,0,0,1,1,2023-03-10T18:59:10.2810199Z,0
3.2482898,101.3823819,Daerah: Selangor<br>No:1651<br>Hex coord:(42;40),Kampung Bukit Hijau. 42300. Selangor. Malaysia,0,0,0,0,0,1,1,2023-03-10T18:59:10.9793685Z,0
3.2405098,101.3959164,Daerah: Selangor<br>No:1652<br>Hex coord:(43;40),Kampung Bukit Hijau. 42300. Selangor. Malaysia,0,0,0,0,0,1,1,2023-03-10T18:59:11.6706710Z,0
3.2482898,101.4094509,Daerah: Selangor<br>No:1653<br>Hex coord:(44;40),Jalan Ambang Suria 16/13. Kuala Selangor. Selangor. Malaysia,0,0,0,0,0,1,1,2023-03-10T18:59:12.3703859Z,0
3.2405098,101.4229854,Daerah: Selangor<br>No:1654<br>Hex coord:(45;40),Puncak Alam Fasa 3. 42300. Selangor. Malaysia,0,0,0,0,0,1,1,2023-03-10T18:59:13.1113018Z,3
3.2482898,101.4365198,Daerah: Selangor<br>No:1655<br>Hex coord:(46;40),Domino's Pizza Puncak Alam Jaya. 3 Jalan Puncak Alam Jaya 10. 42300 Kuala Selangor. Selangor. Malaysia,2,0,0,0,0,1,1,2023-03-10T18:59:13.8555788Z,1
3.2405098,101.4500543,Daerah: Selangor<br>No:1656<br>Hex coord:(47;40),Jalan Tiaj 2/1. Kuala Selangor. 42300 Bandar Puncak Alam. Selangor. Malaysia,0,0,0,0,0,0,1,2023-03-10T18:59:14.5980605Z,0
3.2482898,101.4635888,Daerah: Selangor<br>No:1657<br>Hex coord:(48;40),Kuala Selangor. 45620. Selangor. Malaysia,1,0,0,0,0,0,1,2023-03-10T18:59:15.3855808Z,0
3.2405098,101.4771233,Daerah: Selangor<br>No:1658<br>Hex coord:(49;40),Jalan Kepong - Kuala Selangor. Kuala Selangor. 47000. Selangor. Malaysia,0,0,0,0,0,0,1,2023-03-10T18:59:16.1585794Z,0
3.2482898,101.4906577,Daerah: Selangor<br>No:1659<br>Hex coord:(50;40),Kuala Selangor. 47000. Selangor. Malaysia,0,0,0,0,0,0,1,2023-03-10T18:59:16.9762031Z,0
3.2405098,101.5041922,Daerah: Selangor<br>No:1660<br>Hex coord:(51;40),Kuang. Gombak. 48050 Selayang Municipal Council. Selangor. Malaysia,0,0,0,0,0,0,1,2023-03-10T18:59:17.8182390Z,0
3.2482898,101.5177267,Daerah: Selangor<br>No:1661<br>Hex coord:(52;40),Loji Pengolahan Kumbahan Taman Tasik Biru. Jalan Tasik Biru 15. Taman Tasik Biru. 48050 Selayang Municipal Council. Selangor. Malaysia,0,0,0,0,0,0,1,2023-03-10T18:59:18.6391898Z,0
3.2405098,101.5312612,Daerah: Selangor<br>No:1662<br>Hex coord:(53;40),Kampung Setia. 48050 Selayang Municipal Council. Selangor. Malaysia,0,0,0,0,0,1,1,2023-03-10T18:59:19.4617364Z,1
3.2482898,101.5447956,Daerah: Selangor<br>No:1663<br>Hex coord:(54;40),Kampung Gombak Batu 19. 48050 Selayang Municipal Council. Selangor. Malaysia,0,0,0,0,0,1,1,2023-03-10T18:59:20.2296236Z,1
3.2405098,101.5583301,Daerah: Selangor<br>No:1664<br>Hex coord:(55;40),Jalan MP 26. Kuala Selangor. Selangor. Malaysia,0,0,0,0,0,1,1,2023-03-10T18:59:21.0262433Z,0
3.2482898,101.5718646,Daerah: Selangor<br>No:1665<br>Hex coord:(56;40),Jalan Matang Jaya 7. Taman Matang Jaya. 48050 Selayang Municipal Council. Selangor. Malaysia,0,0,0,0,0,1,1,2023-03-10T18:59:21.8148789Z,1
3.2405098,101.5853991,Daerah: Selangor<br>No:1666<br>Hex coord:(57;40),Sungai Tolong. Sungai Buloh. Petaling. Malaysia,0,0,0,0,0,1,1,2023-03-10T18:59:22.6047656Z,0
3.2482898,101.5989335,Daerah: KL<br>No:1667<br>Hex coord:(58;40),Bukit Lagong. Kuala Lumpur. Malaysia,0,0,0,0,0,1,1,2023-03-10T18:59:23.4412745Z,0
3.2405098,101.612468,Daerah: Selangor<br>No:1668<br>Hex coord:(59;40),Bukit Beruang. Kg. Melayu Frim Kepong. Kepong. Gombak. Malaysia,0,0,0,0,0,1,1,2023-03-10T18:59:24.3565417Z,0
3.2482898,101.6260025,Daerah: Selangor<br>No:1669<br>Hex coord:(60;40),Canopy Walkway. Kg. Melayu Frim Kepong. 52100 Kepong. Selangor. Malaysia,0,0,0,0,0,1,1,2023-03-10T18:59:25.3744411Z,0
3.2405098,101.639537,Daerah: Selangor<br>No:1670<br>Hex coord:(61;40),FRIM New Trail. Taman Selayang Jaya. 52000 Kepong. Selangor. Malaysia,0,0,0,0,0,3,1,2023-03-10T18:59:26.4810329Z,1
3.2482898,101.6530714,Daerah: Selangor<br>No:1671<br>Hex coord:(62;40),One Selayang. 1 Jalan OS 1/1. Taman Selayang Jaya. 68100 Batu Caves. Selangor. Malaysia,2,0,0,0,0,3,1,2023-03-10T18:59:27.6136296Z,2
3.2405098,101.6666059,Daerah: KL<br>No:1672<br>Hex coord:(63;40),Jalan Ipoh. 68100 Kuala Lumpur. Malaysia,3,0,0,0,0,4,1,2023-03-10T18:59:28.8938264Z,6
3.2482898,101.6801404,Daerah: Selangor<br>No:1673<br>Hex coord:(64;40),Jalan Laksamana 8. Kampong Sungai Tua Baharu. 68100 Batu Caves. Selangor. Malaysia,1,1,0,0,0,4,1,2023-03-10T18:59:30.1471055Z,2
3.2405098,101.6936749,Daerah: Selangor<br>No:1674<br>Hex coord:(65;40),Pos Malaysia Batu Caves Surrender Branch. 13 Jalan TIB 1/2. Kampong Changkat. Batu Caves. Selangor. Malaysia,4,0,0,0,0,6,1,2023-03-10T18:59:31.6212297Z,4
3.2482898,101.7072093,Daerah: Selangor<br>No:1675<br>Hex coord:(66;40),Jalan Sri Gombak 8/15. Kampong Changkat. Batu Caves. Selangor. Malaysia,1,0,0,0,0,3,1,2023-03-10T18:59:32.8479500Z,2
3.2405098,101.7207438,Daerah: KL<br>No:1676<br>Hex coord:(67;40),SBPI Gombak. Batu 8 Jalan Sungai Pusu. Taman Melati. 53100 Kuala Lumpur. Kuala Lumpur. Malaysia,0,0,0,0,0,3,1,2023-03-10T18:59:34.1100969Z,3
3.2482898,101.7342783,Daerah: Selangor<br>No:1677<br>Hex coord:(68;40),International Islamic University Malaysia. Jalan Gombak. Taman Permai Jaya. 53100 Selayang Municipal Council. Selangor. Malaysia,0,0,0,0,0,2,1,2023-03-10T18:59:35.1551622Z,0
3.2405098,101.7478128,Daerah: KL<br>No:1678<br>Hex coord:(69;40),Klang River. Desa Melawati. Kuala Lumpur. Malaysia,0,0,0,0,0,2,1,2023-03-10T18:59:36.2953033Z,0
3.2482898,101.7613472,Daerah: Selangor<br>No:1679<br>Hex coord:(70;40),Sungai Puteh. Gombak. Malaysia,0,0,0,0,0,0,1,2023-03-10T18:59:37.2084280Z,0
3.2405098,101.7748817,Daerah: Selangor<br>No:1680<br>Hex coord:(71;40),Hulu Kelang. 53100 Ampang Jaya Municipal Council. Selangor. Malaysia,0,0,0,0,0,0,1,2023-03-10T18:59:38.0186614Z,0
3.2482898,101.7884162,Daerah: Selangor<br>No:1681<br>Hex coord:(72;40),Sungai Tetak. Gombak. Malaysia,0,0,0,0,0,0,1,2023-03-10T18:59:38.7640069Z,0
3.2405098,101.8019507,Daerah: Selangor<br>No:1682<br>Hex coord:(73;40),Sungai Tajoh. Gombak. Malaysia,0,0,0,0,0,0,1,2023-03-10T18:59:39.4923664Z,0
3.2482898,101.8154851,Daerah: Selangor<br>No:1683<br>Hex coord:(74;40),Hulu Kelang. 53100 Ampang Jaya Municipal Council. Selangor. Malaysia,0,0,0,0,0,0,1,2023-03-10T18:59:40.1943907Z,0
3.2405098,101.8290196,Daerah: Selangor<br>No:1684<br>Hex coord:(75;40),Bukit Chenuang. Gombak. Malaysia,0,0,0,0,0,0,1,2023-03-10T18:59:40.9303808Z,0
3.2482898,101.8425541,Daerah: Selangor<br>No:1685<br>Hex coord:(76;40),Hulu Langat. Selangor. Malaysia,0,0,0,0,0,0,1,2023-03-10T18:59:41.6248785Z,0
3.2405098,101.8560886,Daerah: Selangor<br>No:1686<br>Hex coord:(77;40),Hulu Langat. Selangor. Malaysia,0,0,0,0,0,0,1,2023-03-10T18:59:42.3081055Z,0
3.2482898,101.869623,Daerah: Selangor<br>No:1687<br>Hex coord:(78;40),Lepoh Waterfall. Ulu Langat. Malaysia,0,0,0,0,0,0,1,2023-03-10T18:59:42.9975305Z,0
3.2405098,101.8831575,Daerah: Selangor<br>No:1688<br>Hex coord:(79;40),Hulu Langat. Selangor. Malaysia,0,0,0,0,0,0,1,2023-03-10T18:59:43.6981021Z,0
3.2482898,101.896692,Daerah: Selangor<br>No:1689<br>Hex coord:(80;40),Hulu Langat. Selangor. Malaysia,0,0,0,0,0,0,1,2023-03-10T18:59:44.3758930Z,0
3.2405098,101.9102265,Daerah: Selangor<br>No:1690<br>Hex coord:(81;40),Hulu Langat. Selangor. Malaysia,0,0,0,0,0,0,1,2023-03-10T18:59:45.0725414Z,0
3.2482898,101.9237609,Daerah: Selangor<br>No:1691<br>Hex coord:(82;40),Hulu Langat. Selangor. Malaysia,0,0,0,0,0,0,1,2023-03-10T18:59:45.7701631Z,0
3.2249498,101.3147096,Daerah: Selangor<br>No:1692<br>Hex coord:(37;41),Taman Budi. Kuala Selangor. Selangor. Malaysia,0,0,0,0,0,0,1,2023-03-10T18:59:46.4573191Z,1
3.2327298,101.328244,Daerah: Selangor<br>No:1693<br>Hex coord:(38;41),Ratnakamala Estate. Kuala Selangor. Malaysia,0,0,0,0,0,0,1,2023-03-10T18:59:47.1486375Z,0
3.2249498,101.3417785,Daerah: Selangor<br>No:1694<br>Hex coord:(39;41),Jalan Simpang Tiga - Jeram. Simpang Tiga. 45800. Selangor. Malaysia,0,0,0,0,0,0,1,2023-03-10T18:59:47.8409460Z,0
3.2327298,101.355313,Daerah: Selangor<br>No:1695<br>Hex coord:(40;41),Simpang Tiga. Selangor. Malaysia,0,0,0,0,0,0,1,2023-03-10T18:59:48.5342812Z,0
3.2249498,101.3688475,Daerah: Selangor<br>No:1696<br>Hex coord:(41;41),Simpang Tiga. Selangor. Malaysia,0,0,0,0,0,0,1,2023-03-10T18:59:49.2486966Z,1
3.2327298,101.3823819,Daerah: Selangor<br>No:1697<br>Hex coord:(42;41),Bukit Cerakah. 42300. Selangor. Malaysia,0,0,0,0,0,1,1,2023-03-10T18:59:49.9674311Z,0
3.2249498,101.3959164,Daerah: Selangor<br>No:1698<br>Hex coord:(43;41),Bukit Cerakah Trail. Kampung Bukit Hijau. 42300. Selangor. Malaysia,0,0,0,0,0,1,1,2023-03-10T18:59:50.6834044Z,0
3.2327298,101.4094509,Daerah: Selangor<br>No:1699<br>Hex coord:(44;41),Persiaran Puncak Alam 12. Kampung Bukit Hijau. 42300 Kuala Selangor. Selangor. Malaysia,6,0,0,0,0,1,1,2023-03-10T18:59:51.4323650Z,1
3.2249498,101.4229854,Daerah: Selangor<br>No:1700<br>Hex coord:(45;41),Lorong Gugusan Alam 7/22. 42300 Kuala Selangor. Selangor. Malaysia,2,0,0,0,0,1,1,2023-03-10T18:59:52.1915785Z,0
3.2327298,101.4365198,Daerah: Selangor<br>No:1701<br>Hex coord:(46;41),Puncak Bestari. 42300. Selangor. Malaysia,1,0,0,0,0,1,1,2023-03-10T18:59:52.9593509Z,0
3.2249498,101.4500543,Daerah: Selangor<br>No:1702<br>Hex coord:(47;41),Laluan 1210. Kuala Selangor. 42300 Bandar Puncak Alam. Selangor. Malaysia,0,0,0,0,0,0,1,2023-03-10T18:59:53.7262206Z,0
3.2327298,101.4635888,Daerah: Selangor<br>No:1703<br>Hex coord:(48;41),G-01 DGB Bike City. Kuala Selangor. Selangor. Malaysia,0,0,0,0,0,0,1,2023-03-10T18:59:54.5066378Z,0
3.2249498,101.4771233,Daerah: Selangor<br>No:1704<br>Hex coord:(49;41),Eco Grandeur. Sungai Buloh. Petaling. Malaysia,0,0,0,0,0,0,1,2023-03-10T18:59:55.2805798Z,0
3.2327298,101.4906577,Daerah: Selangor<br>No:1705<br>Hex coord:(50;41),Jalan DC 1/3. Desa Coalfields. 47000 Sungai Buloh. Selangor. Malaysia,0,1,0,0,0,0,1,2023-03-10T18:59:56.0826745Z,7
3.2249498,101.5041922,Daerah: Selangor<br>No:1706<br>Hex coord:(51;41),Kampung Cempedak. 47000 Selayang Municipal Council. Selangor. Malaysia,0,0,0,0,0,0,1,2023-03-10T18:59:56.8676455Z,0
3.2327298,101.5177267,Daerah: Selangor<br>No:1707<br>Hex coord:(52;41),Kampung Setia. 47000 Selayang Municipal Council. Selangor. Malaysia,0,0,0,0,0,0,1,2023-03-10T18:59:57.7173435Z,0
3.2249498,101.5312612,Daerah: Selangor<br>No:1708<br>Hex coord:(53;41),Kampung Cempedak. 47000 Selayang Municipal Council. Selangor. Malaysia,0,0,0,0,0,1,1,2023-03-10T18:59:58.5304840Z,1
3.2327298,101.5447956,Daerah: Selangor<br>No:1709<br>Hex coord:(54;41),Kampung Damai. 48050 Selayang Municipal Council. Selangor. Malaysia,0,0,0,0,0,1,1,2023-03-10T18:59:59.3596423Z,0
3.2249498,101.5583301,Daerah: Selangor<br>No:1710<br>Hex coord:(55;41),Jalan BRP 6/5. 47830 Sungai Buloh. Selangor. Malaysia,0,0,0,0,0,1,1,2023-03-10T19:00:00.2314840Z,3
3.2327298,101.5718646,Daerah: Selangor<br>No:1711<br>Hex coord:(56;41),Bukit Indah Industrial Park. 47000 Selayang Municipal Council. Selangor. Malaysia,0,0,0,0,0,1,1,2023-03-10T19:00:01.0374870Z,1
3.2249498,101.5853991,Daerah: Selangor<br>No:1712<br>Hex coord:(57;41),Wad 52 Hospital Sungai Buloh. Sungai Buloh. Petaling. Malaysia,2,0,0,0,0,1,1,2023-03-10T19:00:01.8974199Z,0
3.2327298,101.5989335,Daerah: Selangor<br>No:1713<br>Hex coord:(58;41),Sungai Saneh. Sungai Buloh. Petaling. Malaysia,0,0,0,0,0,2,1,2023-03-10T19:00:02.8446372Z,0
3.2249498,101.612468,Daerah: Selangor<br>No:1714<br>Hex coord:(59;41),Koleksi Pokok Buah-Buahan Nadir. Jalan E4/15. Taman Ehsan. 52100 Selayang Municipal Council. Selangor. Malaysia,0,0,0,0,0,2,1,2023-03-10T19:00:03.8615553Z,1
3.2327298,101.6260025,Daerah: Selangor<br>No:1715<br>Hex coord:(60;41),FRIM-MNS-Shell Nature Education Centre. Jalan Symington. Taman Daya. 52100 Selayang Municipal Council. Selangor. Malaysia,0,0,0,0,0,1,1,2023-03-10T19:00:04.9465507Z,0
3.2249498,101.639537,Daerah: KL<br>No:1716<br>Hex coord:(61;41),Petronas. Jalan 2/1A. Batu. 52100 Kuala Lumpur. Kuala Lumpur. Malaysia,5,0,0,0,0,4,1,2023-03-10T19:00:06.1758626Z,4
3.2327298,101.6530714,Daerah: KL<br>No:1717<br>Hex coord:(62;41),52000 Kuala Lumpur. Malaysia,5,0,0,0,0,3,1,2023-03-10T19:00:07.4792622Z,3
3.2249498,101.6666059,Daerah: KL<br>No:1718<br>Hex coord:(63;41),Jalan 4/16e. Taman Batu View. Kuala Lumpur. Malaysia,4,0,0,0,0,6,1,2023-03-10T19:00:08.9290151Z,7
3.2327298,101.6801404,Daerah: Selangor<br>No:1719<br>Hex coord:(64;41),Jalan Perusahaan 2. Taman Batu Muda. 68100 Batu Caves. Selangor. Malaysia,0,0,0,0,0,7,1,2023-03-10T19:00:10.4717810Z,1
3.2249498,101.6936749,Daerah: Selangor<br>No:1720<br>Hex coord:(65;41),Jalan 34/10. Taman Selaseh. Batu Caves. Selangor. Malaysia,2,0,0,0,0,11,1,2023-03-10T19:00:12.0950363Z,0
3.2327298,101.7072093,Daerah: Selangor<br>No:1721<br>Hex coord:(66;41),Taman Perwira. 53000 Selayang Municipal Council. Selangor. Malaysia,2,0,0,0,0,11,1,2023-03-10T19:00:13.5723041Z,5
3.2249498,101.7207438,Daerah: SEL/KL<br>No:1722<br>Hex coord:(67;41),Jalan Taman Cemerlang 1/1. Taman Gombak Setia. Kuala Lumpur. Malaysia,5,0,0,0,0,10,1,2023-03-10T19:00:15.1145252Z,4
3.2327298,101.7342783,Daerah: SEL/KL<br>No:1723<br>Hex coord:(68;41),Bukit Tabur West. Desa Melawati. Kuala Lumpur. Malaysia,1,0,0,0,0,8,1,2023-03-10T19:00:16.4320742Z,0
3.2249498,101.7478128,Daerah: Selangor<br>No:1724<br>Hex coord:(69;41),Ukay Perdana. 53100 Ampang Jaya Municipal Council. Selangor. Malaysia,0,1,0,0,0,5,1,2023-03-10T19:00:17.6716121Z,2
3.2327298,101.7613472,Daerah: KL<br>No:1725<br>Hex coord:(70;41),Bukit Tabur East. Kuala Lumpur. Malaysia,0,0,0,0,0,0,1,2023-03-10T19:00:18.6883070Z,0
3.2249498,101.7748817,Daerah: Selangor<br>No:1726<br>Hex coord:(71;41),Rimba Jinbara. Ampang. Ulu Langat. Malaysia,0,0,0,0,0,1,1,2023-03-10T19:00:19.5805354Z,0
3.2327298,101.7884162,Daerah: Selangor<br>No:1727<br>Hex coord:(72;41),Sungai Batu Asah. Gombak. Malaysia,0,0,0,0,0,0,1,2023-03-10T19:00:20.4019598Z,0
3.2249498,101.8019507,Daerah: Selangor<br>No:1728<br>Hex coord:(73;41),Hulu Kelang. 53100 Ampang Jaya Municipal Council. Selangor. Malaysia,0,0,0,0,0,0,1,2023-03-10T19:00:21.1612998Z,0
3.2327298,101.8154851,Daerah: Selangor<br>No:1729<br>Hex coord:(74;41),Hulu Kelang. 53100 Ampang Jaya Municipal Council. Selangor. Malaysia,0,0,0,0,0,0,1,2023-03-10T19:00:21.9086750Z,0
3.2249498,101.8290196,Daerah: Selangor<br>No:1730<br>Hex coord:(75;41),Hulu Langat. Selangor. Malaysia,0,0,0,0,0,0,1,2023-03-10T19:00:22.6187350Z,0
3.2327298,101.8425541,Daerah: Selangor<br>No:1731<br>Hex coord:(76;41),Hulu Langat. Selangor. Malaysia,0,0,0,0,0,0,1,2023-03-10T19:00:23.3243000Z,0
3.2249498,101.8560886,Daerah: Selangor<br>No:1732<br>Hex coord:(77;41),Kampung Orang Asli Kuala Pangsun. Kajang Municipal Council. Selangor. Malaysia,0,0,0,0,0,0,1,2023-03-10T19:00:24.0089691Z,0
3.2327298,101.869623,Daerah: Selangor<br>No:1733<br>Hex coord:(78;41),Hulu Langat. Selangor. Malaysia,0,0,0,0,0,0,1,2023-03-10T19:00:24.7014465Z,0
3.2249498,101.8831575,Daerah: Selangor<br>No:1734<br>Hex coord:(79;41),Hulu Langat. Selangor. Malaysia,0,0,0,0,0,0,1,2023-03-10T19:00:25.3911585Z,0
3.2327298,101.896692,Daerah: Selangor<br>No:1735<br>Hex coord:(80;41),Hulu Langat. Selangor. Malaysia,0,0,0,0,0,0,1,2023-03-10T19:00:26.0767955Z,0
3.2249498,101.9102265,Daerah: Selangor<br>No:1736<br>Hex coord:(81;41),Hulu Langat. Selangor. Malaysia,0,0,0,0,0,0,1,2023-03-10T19:00:26.7609931Z,0
3.2327298,101.9237609,Daerah: Selangor<br>No:1737<br>Hex coord:(82;41),Hulu Langat. Selangor. Malaysia,0,0,0,0,0,0,1,2023-03-10T19:00:27.4425586Z,0
3.2249498,101.9372954,Daerah: Selangor<br>No:1738<br>Hex coord:(83;41),Hulu Langat. Selangor. Malaysia,0,0,0,0,0,0,1,2023-03-10T19:00:28.1389670Z,0
3.2093898,101.3147096,Daerah: Selangor<br>No:1739<br>Hex coord:(37;42),Jalan Haji Zainal. Jeram. Selangor. Malaysia,0,0,0,0,0,0,1,2023-03-10T19:00:28.8345866Z,0
3.2171698,101.328244,Daerah: Selangor<br>No:1740<br>Hex coord:(38;42),Simpang Tiga. 45800. Selangor. Malaysia,0,0,0,0,0,0,1,2023-03-10T19:00:29.5332490Z,0
3.2093898,101.3417785,Daerah: Selangor<br>No:1741<br>Hex coord:(39;42),Simpang Tiga. Selangor. Malaysia,0,0,0,0,0,0,1,2023-03-10T19:00:30.2268603Z,0
3.2171698,101.355313,Daerah: Selangor<br>No:1742<br>Hex coord:(40;42),Simpang Tiga. Selangor. Malaysia,0,0,0,0,0,0,1,2023-03-10T19:00:30.9221921Z,0
3.2093898,101.3688475,Daerah: Selangor<br>No:1743<br>Hex coord:(41;42),Jalan Bukit Kerayong. Kampung Bukit Hijau. Selangor. Malaysia,0,0,0,0,0,0,1,2023-03-10T19:00:31.6157388Z,0
3.2171698,101.3823819,Daerah: Selangor<br>No:1744<br>Hex coord:(42;42),Kuala Selangor. Selangor. Malaysia,0,0,0,0,0,1,1,2023-03-10T19:00:32.3378070Z,0
3.2093898,101.3959164,Daerah: Selangor<br>No:1745<br>Hex coord:(43;42),West Coast Expressway. Kampung Bukit Hijau. 42300. Selangor. Malaysia,0,0,0,0,0,0,1,2023-03-10T19:00:33.0645408Z,0
3.2171698,101.4094509,Daerah: Selangor<br>No:1746<br>Hex coord:(44;42),Kampung Bukit Hijau. 42300. Selangor. Malaysia,0,0,0,0,0,1,1,2023-03-10T19:00:33.7990749Z,0
3.2093898,101.4229854,Daerah: Selangor<br>No:1747<br>Hex coord:(45;42),Kuala Selangor. Selangor. Malaysia,0,0,0,0,0,0,1,2023-03-10T19:00:34.5404506Z,0
3.2171698,101.4365198,Daerah: Selangor<br>No:1748<br>Hex coord:(46;42),Lorong Mahkota Impian 2/29. Kuala Selangor. Selangor. Malaysia,0,0,0,0,0,0,1,2023-03-10T19:00:35.3230349Z,0
3.2093898,101.4500543,Daerah: Selangor<br>No:1749<br>Hex coord:(47;42),Bulatan Akademik. Kuala Selangor. Selangor. Malaysia,0,0,0,0,0,0,1,2023-03-10T19:00:36.1049152Z,0
3.2171698,101.4635888,Daerah: Selangor<br>No:1750<br>Hex coord:(48;42),Eco Grandeur. 42300 Bandar Puncak Alam. Selangor. Malaysia,1,0,0,0,0,0,1,2023-03-10T19:00:36.9002288Z,1
3.2093898,101.4771233,Daerah: Selangor<br>No:1751<br>Hex coord:(49;42),SK Saujana Utama. Sungai Buloh. Selangor. Malaysia,1,0,0,0,0,0,1,2023-03-10T19:00:37.6993319Z,1
3.2171698,101.4906577,Daerah: Selangor<br>No:1752<br>Hex coord:(50;42),Eco Grandeur. 42300 Bandar Puncak Alam. Selangor. Malaysia,0,0,0,0,0,0,1,2023-03-10T19:00:38.4795190Z,0
3.2093898,101.5041922,Daerah: Selangor<br>No:1753<br>Hex coord:(51;42),Persiaran Elmina. Elmina. 47000 Shah Alam. Selangor. Malaysia,0,0,0,0,0,0,1,2023-03-10T19:00:39.2907796Z,0
3.2171698,101.5177267,Daerah: Selangor<br>No:1754<br>Hex coord:(52;42),Kampung Merbau Sempak. 47000 Shah Alam. Selangor. Malaysia,1,0,0,0,0,1,1,2023-03-10T19:00:40.1205929Z,1
3.2093898,101.5312612,Daerah: Selangor<br>No:1755<br>Hex coord:(53;42),Paya Jaras. 40160 Shah Alam. Selangor. Malaysia,0,0,0,0,0,1,1,2023-03-10T19:00:40.9803770Z,0
3.2171698,101.5447956,Daerah: Selangor<br>No:1756<br>Hex coord:(54;42),Kampung Baru Sungai Pelong. 47000 Shah Alam. Selangor. Malaysia,1,0,0,0,0,1,1,2023-03-10T19:00:41.8361849Z,0
3.2093898,101.5583301,Daerah: Selangor<br>No:1757<br>Hex coord:(55;42),Jalan BRP 1/1. Sungai Buloh. Selangor. Malaysia,2,1,0,0,0,1,1,2023-03-10T19:00:42.6923147Z,1
3.2171698,101.5718646,Daerah: Selangor<br>No:1758<br>Hex coord:(56;42),Cheong Meng Paper Boxes Manufacturing (M) Sdn Bhd. Kampung Jaya. Sungai Buloh. Malaysia. 1562. Jalan Kusta. Kawasan Industri Kampung Jaya. 47000 Sungai Buloh. Selangor Jalan Kusta Sungai Buloh. 47000 Sungai Buloh. Selangor. Malaysia,0,0,0,0,0,1,1,2023-03-10T19:00:43.5321678Z,3
3.2093898,101.5853991,Daerah: Selangor<br>No:1759<br>Hex coord:(57;42),Jalan Sierramas Utama. 47830 Sungai Buloh. Selangor. Malaysia,2,0,0,0,0,2,1,2023-03-10T19:00:44.4555621Z,0
3.2171698,101.5989335,Daerah: Selangor<br>No:1760<br>Hex coord:(58;42),Masjid Ibnu Sina. 47830 Sungai Buloh. Selangor. Malaysia,0,0,0,0,0,2,1,2023-03-10T19:00:45.4022399Z,0
3.2093898,101.612468,Daerah: Selangor<br>No:1761<br>Hex coord:(59;42),Aman Tiga Apartments. Taman Bukit Maluri. Kuala Lumpur. Malaysia,2,1,0,0,0,1,1,2023-03-10T19:00:46.4651990Z,8
3.2171698,101.6260025,Daerah: Selangor<br>No:1762<br>Hex coord:(60;42),Jalan 31. Taman Desa Jaya. 52100 Selayang Municipal Council. Selangor. Malaysia,3,0,0,0,0,2,1,2023-03-10T19:00:47.5677008Z,5
3.2093898,101.639537,Daerah: KL<br>No:1763<br>Hex coord:(61;42),Laman Damai. Taman Kepong Jalan Kuang Bertam 9. Kepong. 52100 Kepong. KL. Malaysia,7,0,0,0,0,2,1,2023-03-10T19:00:48.8463931Z,11
3.2171698,101.6530714,Daerah: KL<br>No:1764<br>Hex coord:(62;42),Klinik Kesihatan Jinjang. 2 Jalan Jinjang Setia 3. Kepong. 52000 Kuala Lumpur. Kuala Lumpur. Malaysia,5,1,0,0,0,4,1,2023-03-10T19:00:50.2418847Z,6
3.2093898,101.6666059,Daerah: KL<br>No:1765<br>Hex coord:(63;42),Lakeville Residence. 68 Jalan Sibu. Kampong Batu Muda Tambahan. 68100 Kuala Lumpur. Kuala Lumpur. Malaysia,8,0,0,0,0,12,1,2023-03-10T19:00:51.8228573Z,1
3.2171698,101.6801404,Daerah: KL<br>No:1766<br>Hex coord:(64;42),Batu. 52000 Kuala Lumpur. Malaysia,3,0,0,0,0,12,1,2023-03-10T19:00:53.5301447Z,0
3.2093898,101.6936749,Daerah: KL<br>No:1767<br>Hex coord:(65;42),Jalan Pelangi. Taman Kosmo Jaya. 53000 Kuala Lumpur. Malaysia,13,0,0,0,0,16,1,2023-03-10T19:00:55.2676997Z,8
3.2171698,101.7072093,Daerah: Selangor<br>No:1768<br>Hex coord:(66;42),Lorong Sungai Mulia 7. Taman Gombak Jaya. 53000 Selayang Municipal Council. Selangor. Malaysia,2,1,0,0,0,13,1,2023-03-10T19:00:56.8814403Z,6
3.2093898,101.7207438,Daerah: KL<br>No:1769<br>Hex coord:(67;42),Sekolah Kebangsaan Danau Kota. Jalan 2/23E. Setapak. 53000 Kuala Lumpur. Malaysia,7,0,0,0,0,14,1,2023-03-10T19:00:58.5680050Z,4
3.2171698,101.7342783,Daerah: KL<br>No:1770<br>Hex coord:(68;42),Tunku Abdul Rahman Univeristy College. Kuala Lumpur Campus. Jalan Genting Klang. Wangsa Maju. 53300 Kuala Lumpur. Malaysia,7,0,0,0,0,12,1,2023-03-10T19:01:00.1399274Z,2
3.2093898,101.7478128,Daerah: SEL/KL<br>No:1771<br>Hex coord:(69;42),LH Car Care Sdn Bhd. Jalan Bandar. Taman Melawati. 53100 Ampang Jaya Municipal Council. Selangor. Malaysia,18,0,0,0,0,11,1,2023-03-10T19:01:01.4734525Z,1
3.2171698,101.7613472,Daerah: Selangor<br>No:1772<br>Hex coord:(70;42),Jalan 5/1A. Selangor. Malaysia,0,1,0,0,0,4,1,2023-03-10T19:01:02.5927906Z,1
3.2093898,101.7748817,Daerah: Selangor<br>No:1773<br>Hex coord:(71;42),Jalan UP 3/2. 53100 Ampang. Selangor. Malaysia,3,0,0,0,0,2,1,2023-03-10T19:01:03.6047137Z,3
3.2171698,101.7884162,Daerah: Selangor<br>No:1774<br>Hex coord:(72;42),Jalan SH1. Ampang. Selangor. Malaysia,0,0,0,0,0,1,1,2023-03-10T19:01:04.4954951Z,0
3.2093898,101.8019507,Daerah: Selangor<br>No:1775<br>Hex coord:(73;42),Hulu Kelang. 53100 Ampang Jaya Municipal Council. Selangor. Malaysia,0,0,0,0,0,1,1,2023-03-10T19:01:05.2942714Z,0
3.2171698,101.8154851,Daerah: Selangor<br>No:1776<br>Hex coord:(74;42),Hulu Langat. Selangor. Malaysia,0,0,0,0,0,0,1,2023-03-10T19:01:06.0629162Z,0
3.2093898,101.8290196,Daerah: Selangor<br>No:1777<br>Hex coord:(75;42),Hulu Langat. Selangor. Malaysia,0,0,0,0,0,0,1,2023-03-10T19:01:06.7775407Z,0
3.2171698,101.8425541,Daerah: Selangor<br>No:1778<br>Hex coord:(76;42),Hulu Langat. Selangor. Malaysia,0,0,0,0,0,0,1,2023-03-10T19:01:07.4706162Z,0
3.2093898,101.8560886,Daerah: Selangor<br>No:1779<br>Hex coord:(77;42),Jalan Hulu Langat. Kampung Orang Asli Kuala Pangsun. Kajang Municipal Council. Selangor. Malaysia,0,0,0,0,0,0,1,2023-03-10T19:01:08.1648675Z,0
3.2171698,101.869623,Daerah: Selangor<br>No:1780<br>Hex coord:(78;42),Sungai Lepok. Hulu Langat. Ulu Langat. Malaysia,0,0,0,0,0,0,1,2023-03-10T19:01:08.8519563Z,1
3.2093898,101.8831575,Daerah: Selangor<br>No:1781<br>Hex coord:(79;42),Langat River Dam. Hulu Langat. Selangor. Malaysia,3,0,0,0,0,0,1,2023-03-10T19:01:09.5523929Z,0
3.2171698,101.896692,Daerah: Selangor<br>No:1782<br>Hex coord:(80;42),Hulu Langat. Selangor. Malaysia,3,0,0,0,0,0,1,2023-03-10T19:01:10.2381474Z,0
3.2093898,101.9102265,Daerah: Selangor<br>No:1783<br>Hex coord:(81;42),Hulu Langat. Selangor. Malaysia,0,0,0,0,0,0,1,2023-03-10T19:01:10.9353529Z,0
3.2171698,101.9237609,Daerah: Selangor<br>No:1784<br>Hex coord:(82;42),Hulu Langat. Selangor. Malaysia,0,0,0,0,0,0,1,2023-03-10T19:01:11.6308238Z,0
3.2093898,101.9372954,Daerah: Selangor<br>No:1785<br>Hex coord:(83;42),Hulu Langat. Selangor. Malaysia,3,0,0,0,0,0,1,2023-03-10T19:01:12.3249167Z,0
3.1938298,101.3147096,Daerah: Selangor<br>No:1786<br>Hex coord:(37;43),Petronas. Jalan Kapar - Kuala Selangor. Sungai Sembilang. 45800. Selangor. Malaysia,0,0,0,0,0,0,1,2023-03-10T19:01:13.0186402Z,0
3.2016098,101.328244,Daerah: Selangor<br>No:1787<br>Hex coord:(38;43),Sungai Sembilang. 45800. Selangor. Malaysia,0,0,0,0,0,0,1,2023-03-10T19:01:13.7158425Z,0
3.1938298,101.3417785,Daerah: Selangor<br>No:1788<br>Hex coord:(39;43),Kuala Selangor. Selangor. Malaysia,0,0,0,0,0,0,1,2023-03-10T19:01:14.4071320Z,0
3.2016098,101.355313,Daerah: Selangor<br>No:1789<br>Hex coord:(40;43),Kuala Selangor. Selangor. Malaysia,0,0,0,0,0,0,1,2023-03-10T19:01:15.1048725Z,0
3.1938298,101.3688475,Daerah: Selangor<br>No:1790<br>Hex coord:(41;43),JSL Leachate Treatment Plant. Selangor. Malaysia,0,0,0,0,0,0,1,2023-03-10T19:01:15.8162190Z,0
3.2016098,101.3823819,Daerah: Selangor<br>No:1791<br>Hex coord:(42;43),Bukit Cherakah Estate. Klang. Malaysia,0,0,0,0,0,0,1,2023-03-10T19:01:16.5287361Z,0
3.1938298,101.3959164,Daerah: Selangor<br>No:1792<br>Hex coord:(43;43),Jalan Bukit Kerayong. Klang. Selangor. Malaysia,0,0,0,0,0,0,1,2023-03-10T19:01:17.2446951Z,0
3.2016098,101.4094509,Daerah: Selangor<br>No:1793<br>Hex coord:(44;43),Kampung Bukit Hijau. 42300. Selangor. Malaysia,0,0,0,0,0,0,1,2023-03-10T19:01:17.9772411Z,0
3.1938298,101.4229854,Daerah: Selangor<br>No:1794<br>Hex coord:(45;43),Bukit Asmara. Klang. Malaysia,0,0,0,0,0,0,1,2023-03-10T19:01:18.7517368Z,0
3.2016098,101.4365198,Daerah: Selangor<br>No:1795<br>Hex coord:(46;43),FELDA Bukit Cerakah. 42300 Bandar Puncak Alam. Selangor. Malaysia,0,0,0,0,0,0,1,2023-03-10T19:01:19.5193714Z,0
3.1938298,101.4500543,Daerah: Selangor<br>No:1796<br>Hex coord:(47;43),MARA University of Technology Puncak Alam Campus. Jalan Fakulti. Kuala Selangor. 42300 Bandar Puncak Alam. Selangor. Malaysia,0,0,0,0,0,0,1,2023-03-10T19:01:20.3090136Z,0
3.2016098,101.4635888,Daerah: Selangor<br>No:1797<br>Hex coord:(48;43),Kuala Selangor. 42300 Bandar Puncak Alam. Selangor. Malaysia,0,0,0,0,0,0,1,2023-03-10T19:01:21.0733729Z,1
3.1938298,101.4771233,Daerah: Selangor<br>No:1798<br>Hex coord:(49;43),Bandar Saujana Utama. 47000. Selangor. Malaysia,1,0,0,0,0,0,1,2023-03-10T19:01:21.8329735Z,0
3.2016098,101.4906577,Daerah: Selangor<br>No:1799<br>Hex coord:(50;43),Bandar Saujana Utama. 47000. Selangor. Malaysia,0,1,0,0,0,0,1,2023-03-10T19:01:22.6327630Z,0
3.1938298,101.5041922,Daerah: Selangor<br>No:1800<br>Hex coord:(51;43),Elmina. 40160 Shah Alam. Selangor. Malaysia,0,0,0,0,0,0,1,2023-03-10T19:01:23.4755562Z,0
3.2016098,101.5177267,Daerah: Selangor<br>No:1801<br>Hex coord:(52;43),Kampung Kubu Gajah. 40160 Shah Alam. Selangor. Malaysia,0,0,0,0,0,1,1,2023-03-10T19:01:24.3242665Z,4
3.1938298,101.5312612,Daerah: Selangor<br>No:1802<br>Hex coord:(53;43),Jalan Delima 5. Paya Jaras Hilir. 40160 Shah Alam. Selangor. Malaysia,0,0,0,0,0,1,1,2023-03-10T19:01:25.1910164Z,0
3.2016098,101.5447956,Daerah: Selangor<br>No:1803<br>Hex coord:(54;43),Paya Jaras. 40160 Shah Alam. Selangor. Malaysia,0,2,0,0,0,1,1,2023-03-10T19:01:26.0771780Z,3
3.1938298,101.5583301,Daerah: Selangor<br>No:1804<br>Hex coord:(55;43),Paya Jaras. 47830 Shah Alam. Selangor. Malaysia,0,0,0,0,0,2,1,2023-03-10T19:01:26.9718915Z,4
3.2016098,101.5718646,Daerah: Selangor<br>No:1805<br>Hex coord:(56;43),Jalan Bekas Talian Letrik. Shah Alam. Selangor. Malaysia,1,0,0,0,0,2,1,2023-03-10T19:01:27.8590141Z,1
3.1938298,101.5853991,Daerah: Selangor<br>No:1806<br>Hex coord:(57;43),Jalan PJU 10/4B. 47830 Petaling Jaya. Selangor. Malaysia,4,0,0,0,0,4,1,2023-03-10T19:01:28.8355534Z,4
3.2016098,101.5989335,Daerah: Selangor<br>No:1807<br>Hex coord:(58;43),Gombak. 47830 Selayang Municipal Council. Selangor. Malaysia,1,0,0,0,0,3,1,2023-03-10T19:01:29.8262784Z,3
3.1938298,101.612468,Daerah: Selangor<br>No:1808<br>Hex coord:(59;43),Jalan Margosa SD 10/4E. Selangor. Malaysia,1,0,0,0,0,2,1,2023-03-10T19:01:30.9546212Z,1
3.2016098,101.6260025,Daerah: SEL/KL<br>No:1809<br>Hex coord:(60;43),kolam imbangan. Middle Ring Road 2. Taman Bukit Maluri. 52100 Kuala Lumpur. Selangor. Malaysia,6,0,0,0,0,1,1,2023-03-10T19:01:32.1246484Z,5
3.1938298,101.639537,Daerah: KL<br>No:1810<br>Hex coord:(61;43),Jalan 6/62B. Taman Bukit Maluri. Kuala Lumpur. Malaysia,4,0,0,0,0,4,1,2023-03-10T19:01:33.4149587Z,0
3.2016098,101.6530714,Daerah: KL<br>No:1811<br>Hex coord:(62;43),Jalan 1/40. Batu. 52000 Kuala Lumpur. Malaysia,6,0,0,0,0,7,1,2023-03-10T19:01:34.8637686Z,3
3.1938298,101.6666059,Daerah: KL<br>No:1812<br>Hex coord:(63;43),WWW MOTORSPORT. Lot 10 Jalan 1/42. Segambut. 51200 Kuala Lumpur. Kuala Lumpur. Malaysia,7,0,0,0,0,11,1,2023-03-10T19:01:36.3689330Z,0
3.2016098,101.6801404,Daerah: KL<br>No:1813<br>Hex coord:(64;43),Lim Tayar J Ipoh. Lot 6193 J Ipoh. Kampong Batu Muda Tambahan. 51200 Kuala Lumpur. Kuala Lumpur. Malaysia,9,0,0,0,0,16,1,2023-03-10T19:01:37.9633606Z,5
3.1938298,101.6936749,Daerah: KL<br>No:1814<br>Hex coord:(65;43),Taman Kosmo Jaya. 51100 Kuala Lumpur. Malaysia,6,0,0,0,0,17,1,2023-03-10T19:01:39.7275576Z,5
3.2016098,101.7072093,Daerah: KL<br>No:1815<br>Hex coord:(66;43),41 Jalan 1/23F. Taman Teratai Mewah. 53000 Kuala Lumpur. Kuala Lumpur. Malaysia,13,0,0,0,0,16,1,2023-03-10T19:01:41.5023483Z,5
3.1938298,101.7207438,Daerah: KL<br>No:1816<br>Hex coord:(67;43),Lorong Ayer Keroh. Setapak. 53300 Kuala Lumpur. Malaysia,13,1,0,0,0,16,1,2023-03-10T19:01:43.2827508Z,6
3.2016098,101.7342783,Daerah: KL<br>No:1817<br>Hex coord:(68;43),Alpha Angle. Jalan 2/27A. Wangsa Maju. 53300 Kuala Lumpur. Malaysia,26,0,0,0,0,15,1,2023-03-10T19:01:44.9978511Z,6
3.1938298,101.7478128,Daerah: KL<br>No:1818<br>Hex coord:(69;43),Jalan 13/27A. Wangsa Maju. 54200 Kuala Lumpur. Malaysia,5,0,0,0,0,12,1,2023-03-10T19:01:46.5033242Z,3
3.2016098,101.7613472,Daerah: Selangor<br>No:1819<br>Hex coord:(70;43),Dunkin' Donuts. Middle Ring Road 2. Bukit Antarabangsa. 54200 Ampang Jaya Municipal Council. Selangor. Malaysia,2,0,0,0,0,5,1,2023-03-10T19:01:47.7770272Z,1
3.1938298,101.7748817,Daerah: Selangor<br>No:1820<br>Hex coord:(71;43),Jalan Mulia 2/2. Bukit Antarabangsa. 54200 Ampang. Selangor. Malaysia,1,0,0,0,0,2,1,2023-03-10T19:01:48.8324395Z,5
3.2016098,101.7884162,Daerah: Selangor<br>No:1821<br>Hex coord:(72;43),Persiaran Sierra Ukay 6. Ampang. Selangor. Malaysia,1,0,0,0,0,2,1,2023-03-10T19:01:49.7476297Z,0
3.1938298,101.8019507,Daerah: Selangor<br>No:1822<br>Hex coord:(73;43),Hulu Kelang. 53100 Ampang Jaya Municipal Council. Selangor. Malaysia,0,0,0,0,0,1,1,2023-03-10T19:01:50.5681096Z,0
3.2016098,101.8154851,Daerah: Selangor<br>No:1823<br>Hex coord:(74;43),Hulu Langat. Selangor. Malaysia,0,0,0,0,0,0,1,2023-03-10T19:01:51.3330512Z,0
3.1938298,101.8290196,Daerah: Selangor<br>No:1824<br>Hex coord:(75;43),Hulu Langat. Selangor. Malaysia,0,0,0,0,0,0,1,2023-03-10T19:01:52.0483386Z,0
3.2016098,101.8425541,Daerah: Selangor<br>No:1825<br>Hex coord:(76;43),Kampung Jawa. Kajang Municipal Council. Selangor. Malaysia,0,0,0,0,0,0,1,2023-03-10T19:01:52.7435350Z,0
3.1938298,101.8560886,Daerah: Selangor<br>No:1826<br>Hex coord:(77;43),Sungai Chongkak. Hulu Langat. Ulu Langat. Malaysia,0,0,0,0,0,0,1,2023-03-10T19:01:53.4477400Z,0
3.2016098,101.869623,Daerah: Selangor<br>No:1827<br>Hex coord:(78;43),Kampung Orang Asli Kuala Pangsun. Kajang Municipal Council. Selangor. Malaysia,0,0,0,0,0,0,1,2023-03-10T19:01:54.1369848Z,0
3.1938298,101.8831575,Daerah: Selangor<br>No:1828<br>Hex coord:(79;43),Hulu Langat. Selangor. Malaysia,0,0,0,0,0,0,1,2023-03-10T19:01:54.8307573Z,0
3.2016098,101.896692,Daerah: Selangor<br>No:1829<br>Hex coord:(80;43),Hulu Langat. Selangor. Malaysia,0,0,0,0,0,0,1,2023-03-10T19:01:55.5286644Z,0
3.1938298,101.9102265,Daerah: Selangor<br>No:1830<br>Hex coord:(81;43),Hulu Langat. Selangor. Malaysia,0,0,0,0,0,0,1,2023-03-10T19:01:56.2287165Z,0
3.2016098,101.9237609,Daerah: Selangor<br>No:1831<br>Hex coord:(82;43),Hulu Langat. Selangor. Malaysia,0,0,0,0,0,0,1,2023-03-10T19:01:56.9327003Z,0
3.1938298,101.9372954,Daerah: Selangor<br>No:1832<br>Hex coord:(83;43),Hulu Langat. Selangor. Malaysia,0,0,0,0,0,0,1,2023-03-10T19:01:57.6164874Z,0
3.1782698,101.3147096,Daerah: Selangor<br>No:1833<br>Hex coord:(37;44),KM 26 SK Tambak Jawa. 45800. Selangor. Malaysia,0,0,0,0,0,0,1,2023-03-10T19:01:58.3146775Z,0
3.1860498,101.328244,Daerah: Selangor<br>No:1834<br>Hex coord:(38;44),Athlone Estate. Kuala Selangor. Malaysia,0,0,0,0,0,0,1,2023-03-10T19:01:59.0143258Z,0
3.1782698,101.3417785,Daerah: Selangor<br>No:1835<br>Hex coord:(39;44),Kuala Selangor. Selangor. Malaysia,0,0,0,0,0,0,1,2023-03-10T19:01:59.7187159Z,0
3.1860498,101.355313,Daerah: Selangor<br>No:1836<br>Hex coord:(40;44),Kuala Selangor. Selangor. Malaysia,0,0,0,0,0,0,1,2023-03-10T19:02:00.4212965Z,0
3.1782698,101.3688475,Daerah: Selangor<br>No:1837<br>Hex coord:(41;44),B1. Klang. Klang Municipal Council. Selangor. Malaysia,0,0,0,0,0,0,1,2023-03-10T19:02:01.1422829Z,0
3.1860498,101.3823819,Daerah: Selangor<br>No:1838<br>Hex coord:(42;44),Jalan Mohamed Ikram. Klang. Klang Municipal Council. Selangor. Malaysia,0,0,0,0,0,0,1,2023-03-10T19:02:01.8598684Z,0
3.1782698,101.3959164,Daerah: Selangor<br>No:1839<br>Hex coord:(43;44),West Coast Expressway. Klang. 41050 KLANG Klang Municipal Council. Selangor. Malaysia,0,0,0,0,0,0,1,2023-03-10T19:02:02.5972366Z,0
3.1860498,101.4094509,Daerah: Selangor<br>No:1840<br>Hex coord:(44;44),Klang. Klang Municipal Council. Selangor. Malaysia,0,0,0,0,0,0,1,2023-03-10T19:02:03.3374254Z,0
3.1782698,101.4229854,Daerah: Selangor<br>No:1841<br>Hex coord:(45;44),Lorong Haji Supardi. Klang. Selangor. Malaysia,0,0,0,0,0,0,1,2023-03-10T19:02:04.0728174Z,0
3.1860498,101.4365198,Daerah: Selangor<br>No:1842<br>Hex coord:(46;44),Jalan Awin. Klang. Selangor. Malaysia,0,0,0,0,0,0,1,2023-03-10T19:02:04.8409521Z,0
3.1782698,101.4500543,Daerah: Selangor<br>No:1843<br>Hex coord:(47;44),Kampung Bukit Cherakah. 41050 KLANG Shah Alam. Selangor. Malaysia,0,0,0,0,0,0,1,2023-03-10T19:02:05.6483731Z,0
3.1860498,101.4635888,Daerah: Selangor<br>No:1844<br>Hex coord:(48;44),Persiaran Mokhtar Dahari. Klang. Selangor. Malaysia,0,0,0,0,0,0,1,2023-03-10T19:02:06.4177888Z,0
3.1782698,101.4771233,Daerah: Selangor<br>No:1845<br>Hex coord:(49;44),Subang Reservoir. Persiaran Elmina. Elmina. 40800 Shah Alam. Selangor. Malaysia,0,0,0,0,0,0,1,2023-03-10T19:02:07.1930602Z,0
3.1860498,101.4906577,Daerah: Selangor<br>No:1846<br>Hex coord:(50;44),Water Balancing Tank. Persiaran Shorea. Elmina. 40160 Shah Alam. Selangor. Malaysia,0,0,0,0,0,0,1,2023-03-10T19:02:08.0054810Z,0
3.1782698,101.5041922,Daerah: Selangor<br>No:1847<br>Hex coord:(51;44),Elmina. 40160 Shah Alam. Selangor. Malaysia,0,0,0,0,0,0,1,2023-03-10T19:02:08.8025647Z,0
3.1860498,101.5177267,Daerah: Selangor<br>No:1848<br>Hex coord:(52;44),Persiaran Atmosfera. Sungai Buloh. Selangor. Malaysia,0,0,0,0,0,0,1,2023-03-10T19:02:09.6060645Z,0
3.1782698,101.5312612,Daerah: Selangor<br>No:1849<br>Hex coord:(53;44),ELM LIGHTING SDN BHD. 16 & 18 & 22 & 24 Jalan Utarid U5/29. 40150 Shah Alam. Selangor. Malaysia,0,0,0,0,0,1,1,2023-03-10T19:02:10.4612874Z,2
3.1860498,101.5447956,Daerah: Selangor<br>No:1850<br>Hex coord:(54;44),Paya Jaras Dalam. Sungai Buloh. Selangor. Malaysia,0,0,0,0,0,1,1,2023-03-10T19:02:11.3440873Z,2
3.1782698,101.5583301,Daerah: Selangor<br>No:1851<br>Hex coord:(55;44),Kampung Baru Sungai Buloh. Shah Alam. Petaling. Malaysia,0,0,0,0,0,3,1,2023-03-10T19:02:12.2482878Z,0
3.1860498,101.5718646,Daerah: Selangor<br>No:1852<br>Hex coord:(56;44),Bintang Packaging Industries (M) Sdn Bhd. LOT 2737-A Jalan Industri 12. 47000 Shah Alam. Selangor. Malaysia,0,0,0,0,0,3,1,2023-03-10T19:02:13.1405238Z,0
3.1782698,101.5853991,Daerah: Selangor<br>No:1853<br>Hex coord:(57;44),Kota Damansara. 47830 Petaling Jaya. Selangor. Malaysia,3,0,0,0,0,5,1,2023-03-10T19:02:14.0710333Z,1
3.1860498,101.5989335,Daerah: Selangor<br>No:1854<br>Hex coord:(58;44),BuildGain Office. Petaling Jaya. Petaling. Malaysia,5,0,0,0,0,5,1,2023-03-10T19:02:15.0468831Z,2
3.1782698,101.612468,Daerah: Selangor<br>No:1855<br>Hex coord:(59;44),Bukit Lanjan. Petaling Jaya. Petaling. Malaysia,1,0,0,0,0,4,1,2023-03-10T19:02:16.1357302Z,2
3.1860498,101.6260025,Daerah: KL<br>No:1856<br>Hex coord:(60;44),One Central Park. Persiaran Residen. Taman Bukit Maluri. 52200 Kuala Lumpur. Kuala Lumpur. Malaysia,3,0,0,0,0,3,1,2023-03-10T19:02:17.3037362Z,2
3.1782698,101.639537,Daerah: KL<br>No:1857<br>Hex coord:(61;44),Arara Trail. Segambut Jaya. Kuala Lumpur. Malaysia,7,0,0,0,0,5,1,2023-03-10T19:02:18.4971003Z,0
3.1860498,101.6530714,Daerah: KL<br>No:1858<br>Hex coord:(62;44),Sekolah Kebangsaan Segambut Jaya. Jalan 3/61. Segambut. 51200 Kuala Lumpur. Malaysia,7,0,0,0,0,6,1,2023-03-10T19:02:19.8524195Z,6
3.1782698,101.6666059,Daerah: KL<br>No:1859<br>Hex coord:(63;44),Menara MITI. 7 Jalan Sultan Haji Ahmad Shah. Kompleks Kerajaan. 50480 Kuala Lumpur. Kuala Lumpur. Malaysia,14,0,0,0,0,9,1,2023-03-10T19:02:21.2591751Z,1
3.1860498,101.6801404,Daerah: KL<br>No:1860<br>Hex coord:(64;44),The Pano. Taman Million. Kuala Lumpur. Malaysia,12,0,0,0,0,13,1,2023-03-10T19:02:22.7544913Z,2
3.1782698,101.6936749,Daerah: KL<br>No:1861<br>Hex coord:(65;44),SK (L) Methodist Sentul. Jalan Peach Avenue. Sentul. 51000 Kuala Lumpur. Malaysia,9,1,0,0,0,17,1,2023-03-10T19:02:24.4159172Z,8
3.1860498,101.7072093,Daerah: KL<br>No:1862<br>Hex coord:(66;44),Jalan Ayer Molek 1. Titiwangsa. Kuala Lumpur. Malaysia,7,0,0,0,0,18,1,2023-03-10T19:02:26.0675258Z,8
3.1782698,101.7207438,Daerah: KL<br>No:1863<br>Hex coord:(67;44),Jalan Sultan Yahya Petra. Semarak. 54100 Kuala Lumpur. Malaysia,4,0,0,0,0,20,1,2023-03-10T19:02:27.6885388Z,0
3.1860498,101.7342783,Daerah: KL<br>No:1864<br>Hex coord:(68;44),Lebuhraya Duta-Ulu Kelang. Setiawangsa. 54100 Kuala Lumpur. Malaysia,9,0,0,0,0,14,1,2023-03-10T19:02:29.3458386Z,2
3.1782698,101.7478128,Daerah: SEL/KL<br>No:1865<br>Hex coord:(69;44),Jalan Taman Setiawangsa. Taman Setiawangsa. Kuala Lumpur. Malaysia,6,0,0,0,0,15,1,2023-03-10T19:02:30.8642294Z,6
3.1860498,101.7613472,Daerah: SEL/KL<br>No:1866<br>Hex coord:(70;44),Petron. Jalan Lingkaran Tengah 2. Taman Setiawangsa. Kuala Lumpur. Malaysia,1,0,0,0,0,5,1,2023-03-10T19:02:32.1427730Z,3
3.1782698,101.7748817,Daerah: Selangor<br>No:1867<br>Hex coord:(71;44),Jalan Laman Oakleaf 2/1. Bukit Antarabangsa. 54200 Ampang. Selangor. Malaysia,0,0,0,0,0,3,1,2023-03-10T19:02:33.2561499Z,1
3.1860498,101.7884162,Daerah: Selangor<br>No:1868<br>Hex coord:(72;44),Hutan Rizab Ampang. Gombak. Malaysia,0,0,0,0,0,2,1,2023-03-10T19:02:34.2901788Z,0
3.1782698,101.8019507,Daerah: Selangor<br>No:1869<br>Hex coord:(73;44),Hulu Kelang. 53100 Ampang Jaya Municipal Council. Selangor. Malaysia,0,0,0,0,0,1,1,2023-03-10T19:02:35.1189360Z,0
3.1860498,101.8154851,Daerah: Selangor<br>No:1870<br>Hex coord:(74;44),Batu 14 Hulu Langat. Hulu Langat. 43100 Kajang Municipal Council. Selangor. Malaysia,0,0,0,0,0,1,1,2023-03-10T19:02:35.8779885Z,0
3.1782698,101.8290196,Daerah: Selangor<br>No:1871<br>Hex coord:(75;44),Dusun Tua. Hulu Langat. 43100 Kajang Municipal Council. Selangor. Malaysia,0,0,0,0,0,0,1,2023-03-10T19:02:36.5775838Z,0
3.1860498,101.8425541,Daerah: Selangor<br>No:1872<br>Hex coord:(76;44),Hulu Langat. Ulu Langat. Malaysia,0,0,0,0,0,0,1,2023-03-10T19:02:37.2585907Z,0
3.1782698,101.8560886,Daerah: Selangor<br>No:1873<br>Hex coord:(77;44),Batu 18 Hulu Langat. Kajang Municipal Council. Selangor. Malaysia,0,0,0,0,0,0,1,2023-03-10T19:02:37.9527028Z,0
3.1860498,101.869623,Daerah: Selangor<br>No:1874<br>Hex coord:(78;44),Kampung Jawa. Kajang Municipal Council. Selangor. Malaysia,0,0,0,0,0,0,1,2023-03-10T19:02:38.6541270Z,0
3.1782698,101.8831575,Daerah: Selangor<br>No:1875<br>Hex coord:(79;44),Hulu Langat. Selangor. Malaysia,0,0,0,0,0,0,1,2023-03-10T19:02:39.3503626Z,0
3.1860498,101.896692,Daerah: Selangor<br>No:1876<br>Hex coord:(80;44),Hulu Langat. Selangor. Malaysia,0,0,0,0,0,0,1,2023-03-10T19:02:40.0969736Z,0
3.1782698,101.9102265,Daerah: Selangor<br>No:1877<br>Hex coord:(81;44),Hulu Langat. Selangor. Malaysia,0,0,0,0,0,0,1,2023-03-10T19:02:40.7918235Z,0
3.1860498,101.9237609,Daerah: Selangor<br>No:1878<br>Hex coord:(82;44),Hulu Langat. Selangor. Malaysia,0,0,0,0,0,0,1,2023-03-10T19:02:41.4860111Z,0
3.1782698,101.9372954,Daerah: Selangor<br>No:1879<br>Hex coord:(83;44),Hulu Langat. Selangor. Malaysia,0,0,0,0,0,0,1,2023-03-10T19:02:42.1741989Z,0
3.1627098,101.3147096,Daerah: Selangor<br>No:1880<br>Hex coord:(37;45),Deswell Packaging (M) Sdn. Bhd. lot 1261 batu 14. Jalan Kapar. Kampung Sungai Serdang. 45600 Kapar. Selangor Jalan Kapar - Kuala Selangor. Kapar. Selangor. Malaysia,0,0,0,0,0,0,1,2023-03-10T19:02:42.8664199Z,0
3.1704898,101.328244,Daerah: Selangor<br>No:1881<br>Hex coord:(38;45),Kampung Bagan Sungai Janggut. 45800. Selangor. Malaysia,0,0,0,0,0,0,1,2023-03-10T19:02:43.5592558Z,0
3.1627098,101.3417785,Daerah: Selangor<br>No:1882<br>Hex coord:(39;45),Jalan Sempadan BT. 14. Klang. 45800 Klang Municipal Council. Selangor. Malaysia,0,0,0,0,0,0,1,2023-03-10T19:02:44.2844545Z,0
3.1704898,101.355313,Daerah: Selangor<br>No:1883<br>Hex coord:(40;45),Brafferton Estate. Klang. Malaysia,0,0,0,0,0,0,1,2023-03-10T19:02:45.0087727Z,0
3.1627098,101.3688475,Daerah: Selangor<br>No:1884<br>Hex coord:(41;45),Jalan Bukit Kerayong. Selangor. Malaysia,0,0,0,0,0,0,1,2023-03-10T19:02:45.7375601Z,0
3.1704898,101.3823819,Daerah: Selangor<br>No:1885<br>Hex coord:(42;45),Kapar. Klang. 42200 Klang Municipal Council. Selangor. Malaysia,0,0,0,0,0,0,1,2023-03-10T19:02:46.4628370Z,0
3.1627098,101.3959164,Daerah: Selangor<br>No:1886<br>Hex coord:(43;45),Jalan Dalam BHP. Selangor. Malaysia,0,0,0,0,0,0,1,2023-03-10T19:02:47.2041973Z,0
3.1704898,101.4094509,Daerah: Selangor<br>No:1887<br>Hex coord:(44;45),Klang. 41050 KLANG Klang Municipal Council. Selangor. Malaysia,0,0,0,0,0,0,1,2023-03-10T19:02:47.9626156Z,0
3.1627098,101.4229854,Daerah: Selangor<br>No:1888<br>Hex coord:(45;45),Klang. 41050 KLANG Klang Municipal Council. Selangor. Malaysia,1,0,0,0,0,0,1,2023-03-10T19:02:48.7136118Z,1
3.1704898,101.4365198,Daerah: Selangor<br>No:1889<br>Hex coord:(46;45),Lorong. 41050 KLANG Klang. Selangor. Malaysia,0,0,0,0,0,0,1,2023-03-10T19:02:49.4765001Z,1
3.1627098,101.4500543,Daerah: Selangor<br>No:1890<br>Hex coord:(47;45),Lorong Nurhisyam. Kampung Haji Mohamad Shariff. 41050 KLANG Klang Municipal Council. Selangor. Malaysia,0,0,0,0,0,0,1,2023-03-10T19:02:50.2470640Z,0
3.1704898,101.4635888,Daerah: Selangor<br>No:1891<br>Hex coord:(48;45),Kampung Bukit Cherakah. 41050 KLANG Shah Alam. Selangor. Malaysia,0,0,0,0,0,0,1,2023-03-10T19:02:51.0272263Z,0
3.1627098,101.4771233,Daerah: Selangor<br>No:1892<br>Hex coord:(49;45),Kampung Budiman. 40800 Shah Alam. Selangor. Malaysia,0,0,0,0,0,0,1,2023-03-10T19:02:51.8107139Z,0
3.1704898,101.4906577,Daerah: Selangor<br>No:1893<br>Hex coord:(50;45),Subang Dam. Selangor. Malaysia,0,0,0,0,0,0,1,2023-03-10T19:02:52.6557972Z,0
3.1627098,101.5041922,Daerah: Selangor<br>No:1894<br>Hex coord:(51;45),Urban Explorer. 5A Jalan Elektron U16/P. 40160 Shah Alam. Selangor. Malaysia,5,0,0,0,0,0,1,2023-03-10T19:02:53.4634594Z,0
3.1704898,101.5177267,Daerah: Selangor<br>No:1895<br>Hex coord:(52;45),Pangsapuri Melati Blok 12. Blok 12 Jalan Metafasa U16/3. Seksyen U16. 40160 Shah Alam. Selangor. Malaysia,0,1,0,0,0,0,1,2023-03-10T19:02:54.2792112Z,1
3.1627098,101.5312612,Daerah: Selangor<br>No:1896<br>Hex coord:(53;45),Jalan Meranti. Pangsapuri Jasmin. 40800 Shah Alam. Selangor. Malaysia,0,0,0,0,0,0,1,2023-03-10T19:02:55.1407443Z,3
3.1704898,101.5447956,Daerah: Selangor<br>No:1897<br>Hex coord:(54;45),Subang Bestari. 40160 Shah Alam. Selangor. Malaysia,2,0,0,0,0,2,1,2023-03-10T19:02:56.0404881Z,0
3.1627098,101.5583301,Daerah: Selangor<br>No:1898<br>Hex coord:(55;45),Rubber Research Institute of Malaysia. Jalan Sungai Buloh - Subang. Subang Bestari. 47810 Petaling Jaya. Selangor. Malaysia,0,0,0,0,0,3,1,2023-03-10T19:02:56.9239886Z,0
3.1704898,101.5718646,Daerah: Selangor<br>No:1899<br>Hex coord:(56;45),Subang Bestari. Petaling Jaya. Selangor. Malaysia,2,0,0,0,0,4,1,2023-03-10T19:02:57.8530223Z,0
3.1627098,101.5853991,Daerah: Selangor<br>No:1900<br>Hex coord:(57;45),Craftbeecrazy. 116 Sepah Puteri 5/19. 47810 Petaling Jaya. Selangor. Malaysia,9,0,0,0,0,3,1,2023-03-10T19:02:58.8326967Z,2
3.1704898,101.5989335,Daerah: Selangor<br>No:1901<br>Hex coord:(58;45),New Klang Valley Expressway. Mutiara Damansara. 46800 Petaling Jaya. Selangor. Malaysia,2,0,0,0,0,4,1,2023-03-10T19:02:59.8344683Z,2
3.1627098,101.612468,Daerah: Selangor<br>No:1902<br>Hex coord:(59;45),C-1-05. Level 1 Jalan PJU 7/1. 47820 Petaling Jaya. Selangor. Malaysia,4,0,0,0,0,4,1,2023-03-10T19:03:00.9611486Z,1
3.1704898,101.6260025,Daerah: KL<br>No:1903<br>Hex coord:(60;45),Kampung Palimbayan Indah. 47820 Kuala Lumpur. Malaysia,0,0,0,0,0,4,1,2023-03-10T19:03:02.0802863Z,0
3.1627098,101.639537,Daerah: KL<br>No:1904<br>Hex coord:(61;45),Villa Serene Kiara. Kampong Segambut Dalam. 6000 Kuala Lumpur. Kuala Lumpur. Malaysia,6,0,0,0,0,4,1,2023-03-10T19:03:03.2070589Z,0
3.1704898,101.6530714,Daerah: KL<br>No:1905<br>Hex coord:(62;45),Mont Kiara International School. 22 Jalan Kiara. Mont Kiara. 50480 Kuala Lumpur. Malaysia,10,0,0,0,0,5,1,2023-03-10T19:03:04.5203845Z,4
3.1627098,101.6666059,Daerah: KL<br>No:1906<br>Hex coord:(63;45),National Palace. Kampong Bukit Mati. Kuala Lumpur. Malaysia,1,0,0,0,0,7,1,2023-03-10T19:03:05.7821265Z,1
3.1704898,101.6801404,Daerah: KL<br>No:1907<br>Hex coord:(64;45),Dalaman Tunku. Bukit Tunku. Kuala Lumpur. Malaysia,1,0,0,0,0,14,1,2023-03-10T19:03:07.2327072Z,3
3.1627098,101.6936749,Daerah: KL<br>No:1908<br>Hex coord:(65;45),Lorong Tiong Nam 1. Kampung Baru. 50350 Kuala Lumpur. Malaysia,9,0,0,0,0,16,1,2023-03-10T19:03:08.7013302Z,3
3.1704898,101.7072093,Daerah: KL<br>No:1909<br>Hex coord:(66;45),Parking Awam. Titiwangsa. Kuala Lumpur. Malaysia,7,0,0,0,0,20,1,2023-03-10T19:03:10.2491684Z,11
3.1627098,101.7207438,Daerah: KL<br>No:1910<br>Hex coord:(67;45),DoubleTree by Hilton Hotel Kuala Lumpur. 348 Jalan Tun Razak. Pulapol. 50400 Kuala Lumpur. Kuala Lumpur. Malaysia,8,0,0,0,0,22,1,2023-03-10T19:03:11.8450692Z,2
3.1704898,101.7342783,Daerah: KL<br>No:1911<br>Hex coord:(68;45),Persiaran Keramat Hujung. Kampung Datuk Keramat. 5400 Kuala Lumpur. Kuala Lumpur. Malaysia,6,0,0,0,0,17,1,2023-03-10T19:03:13.4792357Z,7
3.1627098,101.7478128,Daerah: SEL/KL<br>No:1912<br>Hex coord:(69;45),Taman Putra Sulaiman. 50538 Ampang Jaya Municipal Council. Selangor. Malaysia,12,0,0,0,0,13,1,2023-03-10T19:03:14.9511638Z,5
3.1704898,101.7613472,Daerah: Selangor<br>No:1913<br>Hex coord:(70;45),Jalan 11. Bukit Antarabangsa. 68000 Ampang. Selangor. Malaysia,1,0,0,0,0,8,1,2023-03-10T19:03:16.2724420Z,0
3.1627098,101.7748817,Daerah: Selangor<br>No:1914<br>Hex coord:(71;45),Jalan Sultan. 68000 Ampang. Selangor. Malaysia,0,0,0,0,0,6,1,2023-03-10T19:03:17.3718245Z,0
3.1704898,101.7884162,Daerah: Selangor<br>No:1915<br>Hex coord:(72;45),East Klang Valley Expressway. Ukay Perdana. 68000 Ampang Jaya Municipal Council. Selangor. Malaysia,0,0,0,0,0,2,1,2023-03-10T19:03:18.3329740Z,0
3.1627098,101.8019507,Daerah: Selangor<br>No:1916<br>Hex coord:(73;45),Jalan Bukit Belacan. Selangor. Malaysia,0,0,0,0,0,1,1,2023-03-10T19:03:19.1873138Z,0
3.1704898,101.8154851,Daerah: Selangor<br>No:1917<br>Hex coord:(74;45),Dusun Tua. Hulu Langat. 43100 Kajang Municipal Council. Selangor. Malaysia,0,0,0,0,0,1,1,2023-03-10T19:03:19.9338827Z,0
3.1627098,101.8290196,Daerah: Selangor<br>No:1918<br>Hex coord:(75;45),Kampung Jawa. 43100 Kajang Municipal Council. Selangor. Malaysia,0,0,0,0,0,0,1,2023-03-10T19:03:20.6580787Z,0
3.1704898,101.8425541,Daerah: Selangor<br>No:1919<br>Hex coord:(76;45),B19. Hulu Langat. Selangor. Malaysia,1,0,0,0,0,0,1,2023-03-10T19:03:21.3554548Z,0
3.1627098,101.8560886,Daerah: Selangor<br>No:1920<br>Hex coord:(77;45),Bahulu Classiq. Batu 18 Kg. Jawa. 43100 Hulu Langat. Selangor. Malaysia,1,0,0,0,0,0,1,2023-03-10T19:03:22.0509855Z,1
3.1704898,101.869623,Daerah: Selangor<br>No:1921<br>Hex coord:(78;45),Kampung Jawa. Kajang Municipal Council. Selangor. Malaysia,0,0,0,0,0,0,1,2023-03-10T19:03:22.7526764Z,0
3.1627098,101.8831575,Daerah: Selangor<br>No:1922<br>Hex coord:(79;45),Masjid Ar-Rahman. Batu 21 Jalan Sungai Lui. 43100. Selangor. Malaysia,1,0,0,0,0,0,1,2023-03-10T19:03:23.4526734Z,1
3.1704898,101.896692,Daerah: Selangor<br>No:1923<br>Hex coord:(80;45),Kampung Jawa. Kajang Municipal Council. Selangor. Malaysia,0,0,0,0,0,0,1,2023-03-10T19:03:24.1836737Z,0
3.1627098,101.9102265,Daerah: Selangor<br>No:1924<br>Hex coord:(81;45),Gabai Waterfall. Ulu Langat. Malaysia,0,0,0,0,0,0,1,2023-03-10T19:03:24.8754908Z,0
3.1704898,101.9237609,Daerah: Selangor<br>No:1925<br>Hex coord:(82;45),Hulu Langat. Selangor. Malaysia,0,0,0,0,0,0,1,2023-03-10T19:03:25.5721397Z,0
3.1627098,101.9372954,Daerah: Selangor<br>No:1926<br>Hex coord:(83;45),Hulu Langat. Selangor. Malaysia,0,0,0,0,0,0,1,2023-03-10T19:03:26.2724375Z,0
3.1471498,101.3147096,Daerah: Selangor<br>No:1927<br>Hex coord:(37;46),Klang. 45800 Klang Municipal Council. Selangor. Malaysia,0,0,0,0,0,0,1,2023-03-10T19:03:26.9661001Z,0
3.1549298,101.328244,Daerah: Selangor<br>No:1928<br>Hex coord:(38;46),Deswell Packaging (M) Sdn. Bhd. lot 1261 batu 14. Jalan Kapar. Kampung Sungai Serdang. 45600 Kapar. Selangor Jalan Kapar - Kuala Selangor. Kapar. Selangor. Malaysia,0,0,0,0,0,0,1,2023-03-10T19:03:27.6792392Z,1
3.1471498,101.3417785,Daerah: Selangor<br>No:1929<br>Hex coord:(39;46),Klang. 45800 Klang Municipal Council. Selangor. Malaysia,0,0,0,0,0,0,1,2023-03-10T19:03:28.4034372Z,0
3.1549298,101.355313,Daerah: Selangor<br>No:1930<br>Hex coord:(40;46),Sungai Serdang Estate. Kapar. Klang. Malaysia,0,0,0,0,0,0,1,2023-03-10T19:03:29.1142391Z,0
3.1471498,101.3688475,Daerah: Selangor<br>No:1931<br>Hex coord:(41;46),Asian Lines Travel & Tours Sdn Bhd. 1014-A Jalan Besar Batu 10. 42200 Klang. Selangor. Malaysia,0,0,0,0,0,0,1,2023-03-10T19:03:29.8621214Z,3
3.1549298,101.3823819,Daerah: Selangor<br>No:1932<br>Hex coord:(42;46),Parit Jalan Ladang. Selangor. Malaysia,0,0,0,0,0,0,1,2023-03-10T19:03:30.6194677Z,0
3.1471498,101.3959164,Daerah: Selangor<br>No:1933<br>Hex coord:(43;46),Kelang Estate. Klang. Malaysia,0,0,0,0,0,0,1,2023-03-10T19:03:31.3878148Z,0
3.1549298,101.4094509,Daerah: Selangor<br>No:1934<br>Hex coord:(44;46),Klang. 41050 KLANG Klang Municipal Council. Selangor. Malaysia,0,0,0,0,0,0,1,2023-03-10T19:03:32.1514818Z,0
3.1471498,101.4229854,Daerah: Selangor<br>No:1935<br>Hex coord:(45;46),Taman Meru Putra. 41050 KLANG Klang Municipal Council. Selangor. Malaysia,0,0,0,0,0,0,1,2023-03-10T19:03:32.9290328Z,0
3.1549298,101.4365198,Daerah: Selangor<br>No:1936<br>Hex coord:(46;46),Eating Buluh. Jalan Meru Tambahan. Klang. Selangor. Malaysia,0,0,0,0,0,0,1,2023-03-10T19:03:33.7012270Z,0
3.1471498,101.4500543,Daerah: Selangor<br>No:1937<br>Hex coord:(47;46),Kampung Haji Mohamad Shariff. 41050 KLANG Klang Municipal Council. Selangor. Malaysia,1,0,0,0,0,0,1,2023-03-10T19:03:34.4630399Z,0
3.1549298,101.4635888,Daerah: Selangor<br>No:1938<br>Hex coord:(48;46),Sekolah Kebangsaan Meru (2). Jalan Paip. 41050 Klang. Selangor. Malaysia,0,0,0,0,0,0,1,2023-03-10T19:03:35.2771467Z,0
3.1471498,101.4771233,Daerah: Selangor<br>No:1939<br>Hex coord:(49;46),Jalan Kilang Gudang. Shah Alam. Selangor. Malaysia,0,0,0,0,0,0,1,2023-03-10T19:03:36.0473318Z,0
3.1549298,101.4906577,Daerah: Selangor<br>No:1940<br>Hex coord:(50;46),Kandang Lembu. Shah Alam. Petaling. Malaysia,0,0,0,0,0,0,1,2023-03-10T19:03:36.8463234Z,0
3.1471498,101.5041922,Daerah: Selangor<br>No:1941<br>Hex coord:(51;46),Persiaran Seri Hijau Siantan. Subang. 40170 Shah Alam. Selangor. Malaysia,1,0,0,0,0,0,1,2023-03-10T19:03:37.6240371Z,0
3.1549298,101.5177267,Daerah: Selangor<br>No:1942<br>Hex coord:(52;46),Jalan Elektron U16/94. Subang. 40800 Shah Alam. Selangor. Malaysia,1,0,0,0,0,0,1,2023-03-10T19:03:38.4196054Z,0
3.1471498,101.5312612,Daerah: Selangor<br>No:1943<br>Hex coord:(53;46),Subang. 40800 Shah Alam. Selangor. Malaysia,1,1,0,0,0,0,1,2023-03-10T19:03:39.2363555Z,2
3.1549298,101.5447956,Daerah: Selangor<br>No:1944<br>Hex coord:(54;46),Jalan Sungai Buloh. Shah Alam. Selangor. Malaysia,1,0,0,0,0,1,1,2023-03-10T19:03:40.1371374Z,0
3.1471498,101.5583301,Daerah: Selangor<br>No:1945<br>Hex coord:(55;46),Kota Damansara. 47810 Petaling Jaya. Selangor. Malaysia,0,0,0,0,0,4,1,2023-03-10T19:03:41.0576823Z,0
3.1549298,101.5718646,Daerah: Selangor<br>No:1946<br>Hex coord:(56;46),Akademi Alif. 30-2 Jalan Teknologi 3/6c. 47810 Petaling Jaya. Selangor. Malaysia,2,0,0,0,0,5,1,2023-03-10T19:03:41.9703791Z,1
3.1471498,101.5853991,Daerah: Selangor<br>No:1947<br>Hex coord:(57;46),Sushi Kitchen. I Residence Persiaran Surian. 47810 Petaling Jaya. Selangor. Malaysia,4,0,0,0,0,6,1,2023-03-10T19:03:42.9147513Z,1
3.1549298,101.5989335,Daerah: Selangor<br>No:1948<br>Hex coord:(58;46),Jalan PJU 3/32. Mutiara Damansara. 46800 Petaling Jaya. Selangor. Malaysia,11,0,0,0,0,5,1,2023-03-10T19:03:43.9227043Z,3
3.1471498,101.612468,Daerah: Selangor<br>No:1949<br>Hex coord:(59;46),Lebuh Bandar Utama. Bandar Utama. 47800 Petaling Jaya. Selangor. Malaysia,3,0,0,0,0,6,1,2023-03-10T19:03:44.9812838Z,4
3.1549298,101.6260025,Daerah: KL<br>No:1950<br>Hex coord:(60;46),Club House. Jalan Burhanuddin Helmi. Taman Tun Dr Ismail. TTDI. 60000 Kuala Lumpur. Kuala Lumpur. Malaysia,1,0,0,0,0,5,1,2023-03-10T19:03:46.0719034Z,1
3.1471498,101.639537,Daerah: KL<br>No:1951<br>Hex coord:(61;46),Mission. Taman Tun Dr Ismail. 60000 Kuala Lumpur. Kuala Lumpur. Malaysia,0,0,0,0,0,8,1,2023-03-10T19:03:47.1800062Z,0
3.1549298,101.6530714,Daerah: KL<br>No:1952<br>Hex coord:(62;46),35 Jalan Setia Bakti 8. Bukit Damansara. 50490 Kuala Lumpur. Kuala Lumpur. Malaysia,0,0,0,0,0,5,1,2023-03-10T19:03:48.3765669Z,2
3.1471498,101.6666059,Daerah: KL<br>No:1953<br>Hex coord:(63;46),1 Jalan Menerung. Kampong Bukit Mati. 59100 Kuala Lumpur. Kuala Lumpur. Malaysia,2,0,0,0,0,9,1,2023-03-10T19:03:49.6418087Z,1
3.1549298,101.6801404,Daerah: KL<br>No:1954<br>Hex coord:(64;46),Jalan Sultan Salahuddin. Perdana Botanical Gardens. Kuala Lumpur. Malaysia,0,0,0,0,0,7,1,2023-03-10T19:03:50.9324321Z,1
3.1471498,101.6936749,Daerah: KL<br>No:1955<br>Hex coord:(65;46),Music Museum. Jalan Sultan Hishamuddin. Bukit Bintang. 50050 Kuala Lumpur. Kuala Lumpur. Malaysia,2,0,0,0,0,11,1,2023-03-10T19:03:52.2326403Z,0
3.1549298,101.7072093,Daerah: KL<br>No:1956<br>Hex coord:(66;46),Menara Imc. 8 Jalan Sultan Ismail. Kampong Baharu. 50250 Kuala Lumpur. Kuala Lumpur. Malaysia,21,0,0,0,0,18,1,2023-03-10T19:03:53.7419370Z,8
3.1471498,101.7207438,Daerah: KL<br>No:1957<br>Hex coord:(67;46),Levain. 7 Jalan Delima. Kampong Dollah. 55100 Kuala Lumpur. Kuala Lumpur. Malaysia,5,0,0,0,0,11,1,2023-03-10T19:03:55.1560333Z,3
3.1549298,101.7342783,Daerah: KL<br>No:1958<br>Hex coord:(68;46),Lorong U-Thant 2. Desa Pahlawan. Kuala Lumpur. Malaysia,12,0,0,0,0,14,1,2023-03-10T19:03:56.6155997Z,3
3.1471498,101.7478128,Daerah: SEL/KL<br>No:1959<br>Hex coord:(69;46),Lorong Luas 2. Desa Pahlawan. 50600 Kuala Lumpur. Kuala Lumpur. Malaysia,1,0,0,0,0,10,1,2023-03-10T19:03:57.9585418Z,5
3.1549298,101.7613472,Daerah: Selangor<br>No:1960<br>Hex coord:(70;46),Jalan Merbau 1. Taman Dagang. 68000 Ampang Jaya Municipal Council. Selangor. Malaysia,0,0,0,0,0,7,1,2023-03-10T19:03:59.1688284Z,4
3.1471498,101.7748817,Daerah: Selangor<br>No:1961<br>Hex coord:(71;46),Sekolah Kebangsaan Taman Kosas. Jalan Kosas 3/12. Taman Kosas. 68000 Ampang Jaya Municipal Council. Selangor. Malaysia,0,1,0,0,0,7,1,2023-03-10T19:04:00.2282099Z,2
3.1549298,101.7884162,Daerah: Selangor<br>No:1962<br>Hex coord:(72;46),Syarikat Golden Plus Granite. Ampang. Ulu Langat. Malaysia,1,0,0,0,0,2,1,2023-03-10T19:04:01.1459281Z,1
3.1471498,101.8019507,Daerah: Selangor<br>No:1963<br>Hex coord:(73;46),East Klang Valley Expressway. 43100 Ampang Jaya Municipal Council. Selangor. Malaysia,0,0,0,0,0,1,1,2023-03-10T19:04:01.9791767Z,0
3.1549298,101.8154851,Daerah: Selangor<br>No:1964<br>Hex coord:(74;46),Dusun Tua. Hulu Langat. 43100 Kajang Municipal Council. Selangor. Malaysia,0,0,0,0,0,1,1,2023-03-10T19:04:02.7804441Z,0
3.1471498,101.8290196,Daerah: Selangor<br>No:1965<br>Hex coord:(75;46),Kampung Sungai Semungkis. 43100 Kajang Municipal Council. Selangor. Malaysia,0,0,0,0,0,1,1,2023-03-10T19:04:03.5130662Z,0
3.1549298,101.8425541,Daerah: Selangor<br>No:1966<br>Hex coord:(76;46),Jambatan Gantung Batu 17 Dusun Tua. Hulu Langat. Selangor. Malaysia,0,0,0,0,0,0,1,2023-03-10T19:04:04.2090230Z,0
3.1471498,101.8560886,Daerah: Selangor<br>No:1967<br>Hex coord:(77;46),Batu 18 Hulu Langat. 43100 Kajang Municipal Council. Selangor. Malaysia,0,0,0,0,0,0,1,2023-03-10T19:04:04.9192388Z,0
3.1549298,101.869623,Daerah: Selangor<br>No:1968<br>Hex coord:(78;46),Bukit Chondong. Ulu Langat. Malaysia,0,0,0,0,0,0,1,2023-03-10T19:04:05.6089686Z,0
3.1471498,101.8831575,Daerah: Selangor<br>No:1969<br>Hex coord:(79;46),Batu 14 Hulu Langat. Hulu Langat. 43100 Kajang Municipal Council. Selangor. Malaysia,0,0,0,0,0,0,1,2023-03-10T19:04:06.3134662Z,0
3.1549298,101.896692,Daerah: Selangor<br>No:1970<br>Hex coord:(80;46),Kampung Jawa. Kajang Municipal Council. Selangor. Malaysia,1,0,0,0,0,0,1,2023-03-10T19:04:07.0235172Z,0
3.1471498,101.9102265,Daerah: Selangor<br>No:1971<br>Hex coord:(81;46),Sungai Gemi. Ulu Langat. Malaysia,0,0,0,0,0,0,1,2023-03-10T19:04:07.7228112Z,0
3.1549298,101.9237609,Daerah: Selangor<br>No:1972<br>Hex coord:(82;46),Hulu Langat. Selangor. Malaysia,0,0,0,0,0,0,1,2023-03-10T19:04:08.4088092Z,0
3.1471498,101.9372954,Daerah: Selangor<br>No:1973<br>Hex coord:(83;46),Hulu Langat. Selangor. Malaysia,0,0,0,0,0,0,1,2023-03-10T19:04:09.1345569Z,0
3.1549298,101.9508299,Daerah: Selangor<br>No:1974<br>Hex coord:(84;46),Hulu Langat. Selangor. Malaysia,0,0,0,0,0,0,1,2023-03-10T19:04:09.8361380Z,0
3.1315898,101.3147096,Daerah: Selangor<br>No:1975<br>Hex coord:(37;47),TNB Coal Waste Landfill. Kapar. Selangor. Malaysia,0,0,0,0,0,0,1,2023-03-10T19:04:10.5442819Z,0
3.1393698,101.328244,Daerah: Selangor<br>No:1976<br>Hex coord:(38;47),Klang. 45800 Klang Municipal Council. Selangor. Malaysia,2,0,0,0,0,0,1,2023-03-10T19:04:11.2564636Z,2
3.1315898,101.3417785,Daerah: Selangor<br>No:1977<br>Hex coord:(39;47),Klang. Klang Municipal Council. Selangor. Malaysia,0,0,0,0,0,0,1,2023-03-10T19:04:11.9815543Z,1
3.1393698,101.355313,Daerah: Selangor<br>No:1978<br>Hex coord:(40;47),Klang. 42200 Klang Municipal Council. Selangor. Malaysia,0,0,0,0,0,0,1,2023-03-10T19:04:12.7167168Z,0
3.1315898,101.3688475,Daerah: Selangor<br>No:1979<br>Hex coord:(41;47),Kapar Motors Ent Sdn Bhd. 35-37 Jalan Kapar. 42200 Klang. Selangor. Malaysia,0,0,0,0,0,0,1,2023-03-10T19:04:13.4746013Z,2
3.1393698,101.3823819,Daerah: Selangor<br>No:1980<br>Hex coord:(42;47),Jalan Pintasan Kapar. Taman Khoo Kek Keng. 42200 Klang Municipal Council. Selangor. Malaysia,0,0,0,0,0,0,1,2023-03-10T19:04:14.2393414Z,1
3.1315898,101.3959164,Daerah: Selangor<br>No:1981<br>Hex coord:(43;47),Jalan Dato Tahir Manan. Taman Khoo Kek Keng. 42200 Klang Municipal Council. Selangor. Malaysia,0,0,0,0,0,0,1,2023-03-10T19:04:15.0754321Z,0
3.1393698,101.4094509,Daerah: Selangor<br>No:1982<br>Hex coord:(44;47),Klang. 41050 KLANG Klang Municipal Council. Selangor. Malaysia,0,0,0,0,0,0,1,2023-03-10T19:04:15.8460654Z,0
3.1315898,101.4229854,Daerah: Selangor<br>No:1983<br>Hex coord:(45;47),Haji Abdul Manan 1. Taman Klang Utama. 41050 KLANG Klang. Selangor. Malaysia,1,0,0,0,0,0,1,2023-03-10T19:04:16.6611998Z,1
3.1393698,101.4365198,Daerah: Selangor<br>No:1984<br>Hex coord:(46;47),Lorong Perumahan. 41050 KLANG Klang. Selangor. Malaysia,1,0,0,0,0,0,1,2023-03-10T19:04:17.4604150Z,1
3.1315898,101.4500543,Daerah: Selangor<br>No:1985<br>Hex coord:(47;47),Kampung Haji Mohamad Shariff. 41050 KLANG Klang Municipal Council. Selangor. Malaysia,2,0,0,0,0,0,1,2023-03-10T19:04:18.2562207Z,2
3.1393698,101.4635888,Daerah: Selangor<br>No:1986<br>Hex coord:(48;47),Section U13 (Setia Alam). 40710 Shah Alam. Selangor. Malaysia,0,0,0,0,0,0,1,2023-03-10T19:04:19.0365243Z,0
3.1315898,101.4771233,Daerah: Selangor<br>No:1987<br>Hex coord:(49;47),Indonesian Village. Shah Alam. Selangor. Malaysia,0,0,0,0,0,0,1,2023-03-10T19:04:19.8240572Z,2
3.1393698,101.4906577,Daerah: Selangor<br>No:1988<br>Hex coord:(50;47),Jalan Pulau Angsa U10/2. Shah Alam. Selangor. Malaysia,0,0,0,0,0,0,1,2023-03-10T19:04:20.5979608Z,0
3.1315898,101.5041922,Daerah: Selangor<br>No:1989<br>Hex coord:(51;47),Persiaran Mokhtar Dahari. Subang. 40170 Shah Alam. Selangor. Malaysia,0,0,0,0,0,0,1,2023-03-10T19:04:21.4114539Z,0
3.1393698,101.5177267,Daerah: Selangor<br>No:1990<br>Hex coord:(52;47),Monterez Golf Club. Buggy Track. Subang. 40800 Shah Alam. Selangor. Malaysia,0,0,0,0,0,0,1,2023-03-10T19:04:22.2080246Z,0
3.1315898,101.5312612,Daerah: Selangor<br>No:1991<br>Hex coord:(53;47),Lorong 9D. Subang. 40150 Shah Alam. Selangor. Malaysia,0,0,0,0,0,0,1,2023-03-10T19:04:23.0636805Z,0
3.1393698,101.5447956,Daerah: Selangor<br>No:1992<br>Hex coord:(54;47),Lorong 1B. Subang. 40150 Shah Alam. Selangor. Malaysia,0,0,0,0,0,2,1,2023-03-10T19:04:23.8992743Z,0
3.1315898,101.5583301,Daerah: Selangor<br>No:1993<br>Hex coord:(55;47),Ara Damansara. 40150. Selangor. Malaysia,0,0,0,0,0,5,1,2023-03-10T19:04:24.8463053Z,0
3.1393698,101.5718646,Daerah: Selangor<br>No:1994<br>Hex coord:(56;47),Sungai Tambul Retention Pond. Petaling Jaya. Selangor. Malaysia,0,0,0,0,0,6,1,2023-03-10T19:04:25.7998950Z,0
3.1315898,101.5853991,Daerah: Selangor<br>No:1995<br>Hex coord:(57;47),Tropicana Golf & Country Resort. Jalan Tropicana Utama. Ara Damansara. 47410 Petaling Jaya. Selangor. Malaysia,3,0,0,0,0,8,1,2023-03-10T19:04:26.7538770Z,0
3.1393698,101.5989335,Daerah: Selangor<br>No:1996<br>Hex coord:(58;47),Mutiara Damansara. 47410 Petaling Jaya. Selangor. Malaysia,1,0,0,0,0,7,1,2023-03-10T19:04:29.3292774Z,0
3.1315898,101.612468,Daerah: Selangor<br>No:1997<br>Hex coord:(59;47),Boulevard Residence. Petaling Jaya. Selangor. Malaysia,2,1,0,0,0,8,1,2023-03-10T19:04:30.3456820Z,3
3.1393698,101.6260025,Daerah: SEL/KL<br>No:1998<br>Hex coord:(60;47),28 Jalan SS 20/21. Petaling Jaya. Selangor. Malaysia,4,0,0,0,0,8,1,2023-03-10T19:04:31.4562715Z,2
3.1315898,101.639537,Daerah: SEL/KL<br>No:1999<br>Hex coord:(61;47),Kelab Golf Perkhidmatan Awam. Sprint Expressway (Damansara Link). Bangsar. 46350 Kuala Lumpur. Malaysia,0,0,0,0,0,7,1,2023-03-10T19:04:32.6384541Z,0
3.1393698,101.6530714,Daerah: KL<br>No:2000<br>Hex coord:(62;47),Pencawang Masuk Utama TNB Bukit Kiara. Bukit Kiara. Kuala Lumpur. Malaysia,1,0,0,0,0,7,1,2023-03-10T19:04:33.7829893Z,0
3.1315898,101.6666059,Daerah: KL<br>No:2001<br>Hex coord:(63;47),Jalan Terasek 1. Bangsar Baru. Kuala Lumpur. Malaysia,5,0,0,0,0,9,1,2023-03-10T19:04:35.1114379Z,1
3.1393698,101.6801404,Daerah: KL<br>No:2002<br>Hex coord:(64;47),Malaysian Nature Society. 641 Jalan Kelantan. Federal Hill. 50480 Kuala Lumpur. Kuala Lumpur. Malaysia,2,0,0,0,0,10,1,2023-03-10T19:04:36.4251149Z,0
3.1315898,101.6936749,Daerah: KL<br>No:2003<br>Hex coord:(65;47),Sri Kandaswamy Kovil. 3 Lorong Scott. Kg. Attap. 50470 Kuala Lumpur. Kuala Lumpur. Malaysia,5,0,0,0,0,13,1,2023-03-10T19:04:37.8364333Z,1
3.1393698,101.7072093,Daerah: KL<br>No:2004<br>Hex coord:(66;47),Lorong Meranti 3. Bukit Bintang. Kuala Lumpur. Malaysia,8,0,0,0,0,10,1,2023-03-10T19:04:39.3053693Z,13
3.1315898,101.7207438,Daerah: KL<br>No:2005<br>Hex coord:(67;47),SK Convent Jalan Peel. Jalan Peel. Cheras. 55100 Kuala Lumpur. Malaysia,5,0,0,0,0,8,1,2023-03-10T19:04:40.7411726Z,4
3.1393698,101.7342783,Daerah: SEL/KL<br>No:2006<br>Hex coord:(68;47),Lorong Enam. Kampung Pandan. 50988 Kuala Lumpur. Malaysia,6,1,0,0,0,9,1,2023-03-10T19:04:42.2055161Z,6
3.1315898,101.7478128,Daerah: Selangor<br>No:2007<br>Hex coord:(69;47),Jalan Pandan Indah 1/11. Selangor. Malaysia,3,0,0,0,0,6,1,2023-03-10T19:04:43.5486146Z,4
3.1393698,101.7613472,Daerah: Selangor<br>No:2008<br>Hex coord:(70;47),249A Jalan 8. Ampang. Selangor. Malaysia,2,0,0,0,0,7,1,2023-03-10T19:04:44.7552167Z,5
3.1315898,101.7748817,Daerah: Selangor<br>No:2009<br>Hex coord:(71;47),Jalan 2/2. Taman Tasik Tambahan. 68000 Ampang Jaya Municipal Council. Selangor. Malaysia,1,2,0,0,0,6,1,2023-03-10T19:04:45.7977528Z,7
3.1393698,101.7884162,Daerah: Selangor<br>No:2010<br>Hex coord:(72;47),Jalan 10. Kampung Lembah Jaya Selatan. 68000 Ampang Jaya Municipal Council. Selangor. Malaysia,1,0,0,0,0,2,1,2023-03-10T19:04:46.6944982Z,0
3.1315898,101.8019507,Daerah: Selangor<br>No:2011<br>Hex coord:(73;47),Restoran Thai Fish Farm. Ampang. Selangor. Malaysia,0,0,0,0,0,2,1,2023-03-10T19:04:47.5320720Z,0
3.1393698,101.8154851,Daerah: Selangor<br>No:2012<br>Hex coord:(74;47),House. 6 J Laman Sutera. 43100 Hulu Langat. Selangor. Malaysia,0,0,0,0,0,1,1,2023-03-10T19:04:48.3439409Z,0
3.1315898,101.8290196,Daerah: Selangor<br>No:2013<br>Hex coord:(75;47),Taman Indah Jaya. 43100 Kajang Municipal Council. Selangor. Malaysia,0,0,0,0,0,1,1,2023-03-10T19:04:49.0783672Z,0
3.1393698,101.8425541,Daerah: Selangor<br>No:2014<br>Hex coord:(76;47),Sungai Segambir. Hulu Langat. Ulu Langat. Malaysia,0,0,0,0,0,1,1,2023-03-10T19:04:49.7790215Z,0
3.1315898,101.8560886,Daerah: Selangor<br>No:2015<br>Hex coord:(77;47),Kemajuan Tanah Dusun Tua. Ulu Langat. Malaysia,0,0,0,0,0,1,1,2023-03-10T19:04:50.4826635Z,0
3.1393698,101.869623,Daerah: Selangor<br>No:2016<br>Hex coord:(78;47),Kampung Jawa. 43100 Kajang Municipal Council. Selangor. Malaysia,0,0,0,0,0,0,1,2023-03-10T19:04:51.1715725Z,0
3.1315898,101.8831575,Daerah: Selangor<br>No:2017<br>Hex coord:(79;47),Batu 14 Hulu Langat. Hulu Langat. 43100 Kajang Municipal Council. Selangor. Malaysia,0,0,0,0,0,0,1,2023-03-10T19:04:51.8700816Z,0
3.1393698,101.896692,Daerah: Selangor<br>No:2018<br>Hex coord:(80;47),Kampung Jawa. Kajang Municipal Council. Selangor. Malaysia,0,0,0,0,0,0,1,2023-03-10T19:04:52.5638300Z,0
3.1315898,101.9102265,Daerah: Selangor<br>No:2019<br>Hex coord:(81;47),B32. Hulu Langat. Kajang Municipal Council. Selangor. Malaysia,1,0,0,0,0,0,1,2023-03-10T19:04:53.2616503Z,0
3.1393698,101.9237609,Daerah: Selangor<br>No:2020<br>Hex coord:(82;47),Sungai Rood. Ulu Langat. Malaysia,0,0,0,0,0,0,1,2023-03-10T19:04:53.9567001Z,0
3.1315898,101.9372954,Daerah: Selangor<br>No:2021<br>Hex coord:(83;47),B32. Hulu Langat. Kajang Municipal Council. Selangor. Malaysia,0,0,0,0,0,0,1,2023-03-10T19:04:54.6469457Z,0
3.1393698,101.9508299,Daerah: Selangor<br>No:2022<br>Hex coord:(84;47),Hulu Langat. Selangor. Malaysia,0,0,0,0,0,0,1,2023-03-10T19:04:55.3455587Z,0
3.1238098,101.328244,Daerah: Selangor<br>No:2023<br>Hex coord:(38;48),Klang. Klang Municipal Council. Selangor. Malaysia,0,0,0,0,0,0,1,2023-03-10T19:04:56.0571592Z,1
3.1160298,101.3417785,Daerah: Selangor<br>No:2024<br>Hex coord:(39;48),Klang. 42200 Klang Municipal Council. Selangor. Malaysia,0,0,0,0,0,0,1,2023-03-10T19:04:56.7932574Z,0
3.1238098,101.355313,Daerah: Selangor<br>No:2025<br>Hex coord:(40;48),Klang. 42200 Klang Municipal Council. Selangor. Malaysia,0,0,0,0,0,0,1,2023-03-10T19:04:57.5528349Z,0
3.1160298,101.3688475,Daerah: Selangor<br>No:2026<br>Hex coord:(41;48),Jalan Kapar. Taman Khoo Kek Keng. 42200 Klang Municipal Council. Selangor. Malaysia,0,0,0,0,0,0,1,2023-03-10T19:04:58.3021430Z,0
3.1238098,101.3823819,Daerah: Selangor<br>No:2027<br>Hex coord:(42;48),Taman Khoo Kek Keng. 42200 Klang Municipal Council. Selangor. Malaysia,0,0,0,0,0,0,1,2023-03-10T19:04:59.0999904Z,0
3.1160298,101.3959164,Daerah: Selangor<br>No:2028<br>Hex coord:(43;48),Jalan Haji Abdul Manan. Taman Klang Utama. 42200 Klang Municipal Council. Selangor. Malaysia,0,0,0,0,0,0,1,2023-03-10T19:04:59.9284429Z,0
3.1238098,101.4094509,Daerah: Selangor<br>No:2029<br>Hex coord:(44;48),West Coast Expressway. Taman Klang Utama. 42200 Klang Municipal Council. Selangor. Malaysia,0,0,0,0,0,0,1,2023-03-10T19:05:00.7473036Z,0
3.1160298,101.4229854,Daerah: Selangor<br>No:2030<br>Hex coord:(45;48),Taman Klang Utama. 41050 Klang Municipal Council. Selangor. Malaysia,0,0,0,0,0,0,1,2023-03-10T19:05:01.5606983Z,0
3.1238098,101.4365198,Daerah: Selangor<br>No:2031<br>Hex coord:(46;48),Balau 13C/KU 8. Taman Klang Utama. 41050 KLANG Klang Municipal Council. Selangor. Malaysia,0,0,0,0,0,0,1,2023-03-10T19:05:02.4001147Z,0
3.1160298,101.4500543,Daerah: Selangor<br>No:2032<br>Hex coord:(47;48),SJK(C) Pin Hwa (1). Persiaran Setia Murni. Section U13 (Setia Alam). 40170 Shah Alam. Selangor. Malaysia,0,0,0,0,0,0,1,2023-03-10T19:05:03.2325373Z,0
3.1238098,101.4635888,Daerah: Selangor<br>No:2033<br>Hex coord:(48;48),Section U13 (Setia Alam). 40710 Shah Alam. Selangor. Malaysia,0,0,0,0,0,0,1,2023-03-10T19:05:04.0432420Z,0
3.1160298,101.4771233,Daerah: Selangor<br>No:2034<br>Hex coord:(49;48),Section U13 (Setia Alam). 40170 Shah Alam. Selangor. Malaysia,1,0,0,0,0,0,1,2023-03-10T19:05:04.8662167Z,0
3.1238098,101.4906577,Daerah: Selangor<br>No:2035<br>Hex coord:(50;48),Subang. 40710 Shah Alam. Selangor. Malaysia,0,0,0,0,0,0,1,2023-03-10T19:05:05.6777533Z,0
3.1160298,101.5041922,Daerah: Selangor<br>No:2036<br>Hex coord:(51;48),Sungai Mesian. Shah Alam. Petaling. Malaysia,0,0,0,0,0,0,1,2023-03-10T19:05:06.4999445Z,0
3.1238098,101.5177267,Daerah: Selangor<br>No:2037<br>Hex coord:(52;48),Persiaran Mokhtar Dahari. Subang. 40170 Shah Alam. Selangor. Malaysia,0,0,0,0,0,0,1,2023-03-10T19:05:07.3135505Z,0
3.1160298,101.5312612,Daerah: Selangor<br>No:2038<br>Hex coord:(53;48),Bukit Jelutong Utara. Shah Alam. Selangor. Malaysia,0,0,0,0,0,0,1,2023-03-10T19:05:08.1497631Z,0
3.1238098,101.5447956,Daerah: Selangor<br>No:2039<br>Hex coord:(54;48),Subang. 40150 Shah Alam. Selangor. Malaysia,0,0,0,0,0,1,1,2023-03-10T19:05:09.0202989Z,0
3.1160298,101.5583301,Daerah: Selangor<br>No:2040<br>Hex coord:(55;48),MBO. 6 Persiaran Pasak Bumi. 40150 Shah Alam. Selangor. Malaysia,0,0,0,0,0,5,1,2023-03-10T19:05:09.9720820Z,0
3.1238098,101.5718646,Daerah: Selangor<br>No:2041<br>Hex coord:(56;48),Ara Damansara. 47301 Petaling Jaya. Selangor. Malaysia,2,0,0,0,0,6,1,2023-03-10T19:05:10.8891610Z,1
3.1160298,101.5853991,Daerah: Selangor<br>No:2042<br>Hex coord:(57;48),Rapid Rail Sdn Bhd. No 1. Jalan PJU 1A/46 Off Jalan Lapangan Terbang Subang. 47301 Petaling Jaya. Selangor. Malaysia,9,0,0,0,0,8,1,2023-03-10T19:05:11.9174037Z,7
3.1238098,101.5989335,Daerah: Selangor<br>No:2043<br>Hex coord:(58;48),Lorong PJU 1/46F. Kelana Jaya. 47410 Petaling Jaya. Selangor. Malaysia,2,0,0,0,0,8,1,2023-03-10T19:05:12.9594064Z,2
3.1160298,101.612468,Daerah: Selangor<br>No:2044<br>Hex coord:(59;48),BP Specialist Centre Taman Megah. 79 Jalan SS 23/15. 47400 Petaling Jaya. Selangor. Malaysia,1,0,0,0,0,11,1,2023-03-10T19:05:13.9656142Z,2
3.1238098,101.6260025,Daerah: Selangor<br>No:2045<br>Hex coord:(60;48),S.R.K. Taman SEA. Jalan SS 2/88. Damansara Utama. 47308 Petaling Jaya. Selangor. Malaysia,4,14,0,0,0,10,1,2023-03-10T19:05:15.1244389Z,4
3.1160298,101.639537,Daerah: Selangor<br>No:2046<br>Hex coord:(61;48),EbWorx. University of Malaya. 46200 Petaling Jaya. Selangor. Malaysia,3,0,0,0,0,9,1,2023-03-10T19:05:16.3288329Z,4
3.1238098,101.6530714,Daerah: SEL/KL<br>No:2047<br>Hex coord:(62;48),University of Malaya. Jalan 16/5. PJ State. 47350 Petaling Jaya. Selangor. Malaysia,0,0,0,0,0,7,1,2023-03-10T19:05:17.5083457Z,1
3.1160298,101.6666059,Daerah: KL<br>No:2048<br>Hex coord:(63;48),TM Convention Centre. Federal Highway Motorcycle Lane. Pantai Dalam. 50614 Kuala Lumpur. Malaysia,7,0,0,0,0,7,1,2023-03-10T19:05:18.8685083Z,6
3.1238098,101.6801404,Daerah: KL<br>No:2049<br>Hex coord:(64;48),Jalan Thamby Abdullah 1. Brickfields. 59000 Kuala Lumpur. Kuala Lumpur. Malaysia,3,0,0,0,0,9,1,2023-03-10T19:05:20.2020425Z,3
3.1160298,101.6936749,Daerah: KL<br>No:2050<br>Hex coord:(65;48),Kelab Rekreasi Angkatan Tentera. Jalan Malaka. Seputeh. 50460 Kuala Lumpur. Malaysia,0,0,0,0,0,10,1,2023-03-10T19:05:21.7680328Z,1
3.1238098,101.7072093,Daerah: KL<br>No:2051<br>Hex coord:(66;48),Car Rentals. Lot 10 Taman City. Taman Ikan Emas. 51200 Kuala Lumpur. Kuala Lumpur. Malaysia,3,0,0,0,0,9,1,2023-03-10T19:05:23.2832055Z,7
3.1160298,101.7207438,Daerah: KL<br>No:2052<br>Hex coord:(67;48),Lorong   Ikan  Emas 3. Lorong Ikan Emas 3. Taman Ikan Emas. 55200  Kuala Lumpur. Kuala Lumpur. Malaysia,7,0,0,0,0,10,1,2023-03-10T19:05:24.8157005Z,4
3.1238098,101.7342783,Daerah: KL<br>No:2053<br>Hex coord:(68;48),41 Lorong 6 E/91. Taman Shamelin Perkasa. 56100 Kuala Lumpur. Kuala Lumpur. Malaysia,9,0,0,0,0,9,1,2023-03-10T19:05:26.3688977Z,5
3.1160298,101.7478128,Daerah: Selangor<br>No:2054<br>Hex coord:(69;48),Pandan Perdana. 55300 Ampang Jaya Municipal Council. Selangor. Malaysia,13,0,0,0,0,8,1,2023-03-10T19:05:27.7942150Z,1
3.1238098,101.7613472,Daerah: Selangor<br>No:2055<br>Hex coord:(70;48),Jalan 31/3. Lembah Maju. 56100 Ampang Jaya Municipal Council. Selangor. Malaysia,5,1,0,0,0,6,1,2023-03-10T19:05:29.0159174Z,6
3.1160298,101.7748817,Daerah: Selangor<br>No:2056<br>Hex coord:(71;48),Jalan Saga 24. Ampang. Selangor. Malaysia,0,0,0,0,0,3,1,2023-03-10T19:05:30.0303306Z,1
3.1238098,101.7884162,Daerah: Selangor<br>No:2057<br>Hex coord:(72;48),Jalan Ampang - Hulu Langat. Bukit Ampang Permai. 43100 Ampang Jaya Municipal Council. Selangor. Malaysia,0,0,0,0,0,2,1,2023-03-10T19:05:30.9751046Z,1
3.1160298,101.8019507,Daerah: Selangor<br>No:2058<br>Hex coord:(73;48),Taman Pinggiran Delima. 43100 Kajang Municipal Council. Selangor. Malaysia,0,0,0,0,0,2,1,2023-03-10T19:05:31.7764368Z,0
3.1238098,101.8154851,Daerah: Selangor<br>No:2059<br>Hex coord:(74;48),99 Speedmart. 78 Jalan Pinggiran Delima 2/5. 43100 Hulu Langat. Selangor. Malaysia,0,0,0,0,0,1,1,2023-03-10T19:05:32.5875896Z,0
3.1160298,101.8290196,Daerah: Selangor<br>No:2060<br>Hex coord:(75;48),Sungai Makau. Hulu Langat. Ulu Langat. Malaysia,0,0,0,0,0,1,1,2023-03-10T19:05:33.3189785Z,0
3.1238098,101.8425541,Daerah: Selangor<br>No:2061<br>Hex coord:(76;48),Kampung Sungai Semungkis. 43100 Kajang Municipal Council. Selangor. Malaysia,0,0,0,0,0,1,1,2023-03-10T19:05:34.0124698Z,0
3.1160298,101.8560886,Daerah: Selangor<br>No:2062<br>Hex coord:(77;48),Kampung Sungai Semungkis. 43100 Kajang Municipal Council. Selangor. Malaysia,0,0,0,0,0,1,1,2023-03-10T19:05:34.7197174Z,0
3.1238098,101.869623,Daerah: Selangor<br>No:2063<br>Hex coord:(78;48),Kampung Sungai Semungkis. Kajang Municipal Council. Selangor. Malaysia,0,0,0,0,0,0,1,2023-03-10T19:05:35.4088197Z,0
3.1160298,101.8831575,Daerah: Selangor<br>No:2064<br>Hex coord:(79;48),Ulu Langat. Malaysia,0,0,0,0,0,0,1,2023-03-10T19:05:36.1249719Z,0
3.1238098,101.896692,Daerah: Selangor<br>No:2065<br>Hex coord:(80;48),Hulu Langat. Selangor. Malaysia,0,0,0,0,0,0,1,2023-03-10T19:05:36.8185960Z,0
3.1160298,101.9102265,Daerah: Selangor<br>No:2066<br>Hex coord:(81;48),Jalan Sungai Lalang. Hulu Langat. Kajang Municipal Council. Selangor. Malaysia,0,0,0,0,0,0,1,2023-03-10T19:05:37.5212658Z,0
3.1238098,101.9237609,Daerah: Selangor<br>No:2067<br>Hex coord:(82;48),Hulu Langat. Selangor. Malaysia,0,0,0,0,0,0,1,2023-03-10T19:05:38.2101601Z,0
3.1160298,101.9372954,Daerah: Selangor<br>No:2068<br>Hex coord:(83;48),Hulu Langat. Selangor. Malaysia,0,0,0,0,0,0,1,2023-03-10T19:05:38.8976957Z,0
3.1238098,101.9508299,Daerah: Selangor<br>No:2069<br>Hex coord:(84;48),Hulu Langat. Kajang Municipal Council. Selangor. Malaysia,0,0,0,0,0,0,1,2023-03-10T19:05:39.5911255Z,0
3.1004698,101.3417785,Daerah: Selangor<br>No:2070<br>Hex coord:(39;49),Klang. 42200 Klang Municipal Council. Selangor. Malaysia,0,0,0,0,0,0,1,2023-03-10T19:05:40.3223425Z,0
3.1082498,101.355313,Daerah: Selangor<br>No:2071<br>Hex coord:(40;49),Jalan Kebun Baru. Selangor. Malaysia,0,0,0,0,0,0,1,2023-03-10T19:05:41.0659097Z,0
3.1004698,101.3688475,Daerah: Selangor<br>No:2072<br>Hex coord:(41;49),Jalan Masjid. Klang. Selangor. Malaysia,0,0,0,0,0,0,1,2023-03-10T19:05:41.8430159Z,0
3.1082498,101.3823819,Daerah: Selangor<br>No:2073<br>Hex coord:(42;49),Taman Klang Utama. 42200 Klang Municipal Council. Selangor. Malaysia,0,0,0,0,0,0,1,2023-03-10T19:05:42.6141688Z,0
3.1004698,101.3959164,Daerah: Selangor<br>No:2074<br>Hex coord:(43;49),AYL Industries Sdn Bhd. Klang. Selangor. Malaysia,0,0,0,0,0,0,1,2023-03-10T19:05:43.4291205Z,0
3.1082498,101.4094509,Daerah: Selangor<br>No:2075<br>Hex coord:(44;49),Aman Perdana 5B/Ku5. Klang. Selangor. Malaysia,0,0,0,0,0,0,1,2023-03-10T19:05:44.2533478Z,0
3.1004698,101.4229854,Daerah: Selangor<br>No:2076<br>Hex coord:(45;49),West Coast Expressway. Bandar Bukit Raja. 41050 Klang Municipal Council. Selangor. Malaysia,0,0,0,0,0,0,1,2023-03-10T19:05:45.0897772Z,0
3.1082498,101.4365198,Daerah: Selangor<br>No:2077<br>Hex coord:(46;49),Persiaran Klang Sentral 1/KU 5. Taman Klang Utama. 41050 Klang Municipal Council. Selangor. Malaysia,2,0,0,0,0,0,1,2023-03-10T19:05:45.9197316Z,0
3.1004698,101.4500543,Daerah: Selangor<br>No:2078<br>Hex coord:(47;49),Jalan Setia Impian U13/4L. Section U13 (Setia Alam). 40170 Shah Alam. Selangor. Malaysia,1,0,0,0,0,0,1,2023-03-10T19:05:46.8815215Z,1
3.1082498,101.4635888,Daerah: Selangor<br>No:2079<br>Hex coord:(48;49),Payola at Setia City Park. Jalan Setia Dagang AG U13/AG. Section U13 (Setia Alam). 40170 Shah Alam. Selangor. Malaysia,1,0,0,0,0,0,1,2023-03-10T19:05:47.7227428Z,2
3.1004698,101.4771233,Daerah: Selangor<br>No:2080<br>Hex coord:(49;49),Jalan Setia Nusantara U13/17. Section U13 (Setia Alam). 40170 Shah Alam. Selangor. Malaysia,0,0,0,0,0,0,1,2023-03-10T19:05:48.5583629Z,0
3.1082498,101.4906577,Daerah: Selangor<br>No:2081<br>Hex coord:(50;49),Backyard Trail via Green Rock. Puncak Perdana. 40170 Shah Alam. Selangor. Malaysia,3,0,0,0,0,0,1,2023-03-10T19:05:49.3901640Z,0
3.1004698,101.5041922,Daerah: Selangor<br>No:2082<br>Hex coord:(51;49),Paya Serdang. Shah Alam. Petaling. Malaysia,0,0,0,0,0,0,1,2023-03-10T19:05:50.2111751Z,0
3.1082498,101.5177267,Daerah: Selangor<br>No:2083<br>Hex coord:(52;49),Mushroom Garden. Jalan Bersih. Subang. 40604 Shah Alam. Selangor. Malaysia,0,0,0,0,0,0,1,2023-03-10T19:05:51.0168571Z,0
3.1004698,101.5312612,Daerah: Selangor<br>No:2084<br>Hex coord:(53;49),Jalan Kubah U8/58. Bukit Jelutong. 40150 Shah Alam. Selangor. Malaysia,0,0,0,0,0,1,1,2023-03-10T19:05:51.8584430Z,1
3.1082498,101.5447956,Daerah: Selangor<br>No:2085<br>Hex coord:(54;49),BASF (M) Sdn Bhd. No.2 Jalan Astaka U8/87. 40150 Shah Alam. Selangor. Malaysia,4,0,0,0,0,3,1,2023-03-10T19:05:52.7138102Z,0
3.1004698,101.5583301,Daerah: Selangor<br>No:2086<br>Hex coord:(55;49),Cyfora Work. 14 Jalan Opera L U2/L. 40150 Shah Alam. Selangor. Malaysia,1,0,0,0,0,4,1,2023-03-10T19:05:53.6124159Z,2
3.1082498,101.5718646,Daerah: Selangor<br>No:2087<br>Hex coord:(56;49),Palm Course. Persiaran Golf. Ara Damansara. 40250. Selangor. Malaysia,1,0,0,0,0,5,1,2023-03-10T19:05:54.5333682Z,0
3.1004698,101.5853991,Daerah: Selangor<br>No:2088<br>Hex coord:(57;49),miningpuppets. C-03A-2. Block C. Plaza Glomac Jalan SS 7/19. 47301 Petaling Jaya. Selangor. Malaysia,1,0,0,0,0,6,1,2023-03-10T19:05:55.5182265Z,0
3.1082498,101.5989335,Daerah: Selangor<br>No:2089<br>Hex coord:(58;49),Jabatan Kastam Di Raja Malaysia Wilayah Persekutuan. Kelana Jaya. 47301 Petaling Jaya. Selangor. Malaysia,5,0,0,0,0,7,1,2023-03-10T19:05:56.5710762Z,6
3.1004698,101.612468,Daerah: Selangor<br>No:2090<br>Hex coord:(59;49),Jalan SS 3/76. Kelana Jaya. 47300 Petaling Jaya. Selangor. Malaysia,4,0,0,0,0,11,1,2023-03-10T19:05:57.6332152Z,3
3.1082498,101.6260025,Daerah: Selangor<br>No:2091<br>Hex coord:(60;49),Jalan 20/12. Petaling Jaya. Selangor. Malaysia,3,0,0,0,0,10,1,2023-03-10T19:05:58.8087820Z,1
3.1004698,101.639537,Daerah: Selangor<br>No:2092<br>Hex coord:(61;49),Amnesty International Malaysia. A – 3 – 3A Jalan Sungai Jernih. 46050 Petaling Jaya. Selangor. Malaysia,0,0,0,0,0,9,1,2023-03-10T19:06:00.0844059Z,0
3.1082498,101.6530714,Daerah: SEl/KL<br>No:2093<br>Hex coord:(62;49),Petron. 131 Jalan Gasing. University of Malaya. 46000 Petaling Jaya. Selangor. Malaysia,2,0,0,0,0,9,1,2023-03-10T19:06:01.3828730Z,2
3.1004698,101.6666059,Daerah: KL<br>No:2094<br>Hex coord:(63;49),Sungai Kerayong. Kuala Lumpur. Malaysia,7,0,0,0,0,8,1,2023-03-10T19:06:02.8494903Z,8
3.1082498,101.6801404,Daerah: KL<br>No:2095<br>Hex coord:(64;49),Jalan Meru. Taman Desa. 58200 Kuala Lumpur. Malaysia,5,0,0,0,0,10,1,2023-03-10T19:06:04.3511644Z,3
3.1004698,101.6936749,Daerah: KL<br>No:2096<br>Hex coord:(65;49),Taman Desa. 58100 Kuala Lumpur. Malaysia,6,0,0,0,0,10,1,2023-03-10T19:06:05.9861353Z,3
3.1082498,101.7072093,Daerah: KL<br>No:2097<br>Hex coord:(66;49),Jalan Sungai Besi. Bandar Sri Permaisuri. 51020 Kuala Lumpur. Malaysia,9,0,0,0,0,10,1,2023-03-10T19:06:07.5861056Z,6
3.1004698,101.7207438,Daerah: KL<br>No:2098<br>Hex coord:(67;49),Stadium Bola Sepak Kuala Lumpur. Bandar Sri Permaisuri. 56000 Cheras. Selangor. Malaysia,12,0,0,0,0,10,1,2023-03-10T19:06:09.1934318Z,2
3.1082498,101.7342783,Daerah: KL<br>No:2099<br>Hex coord:(68;49),Cheras Hindu Cemetery. Taman Cheras. Kuala Lumpur. Malaysia,18,0,0,0,0,8,1,2023-03-10T19:06:10.6363373Z,3
3.1004698,101.7478128,Daerah: KL<br>No:2100<br>Hex coord:(69;49),Jalan Pelaga. Cheras. 56100 Kuala Lumpur. Malaysia,6,0,0,0,0,8,1,2023-03-10T19:06:11.9555497Z,3
3.1082498,101.7613472,Daerah: Selangor<br>No:2101<br>Hex coord:(70;49),Jalan Bukit Permai 1. 56100 Selangor. Malaysia,0,1,0,0,0,7,1,2023-03-10T19:06:13.1653185Z,2
3.1004698,101.7748817,Daerah: Selangor<br>No:2102<br>Hex coord:(71;49),station 5. Ampang. Ulu Langat. Malaysia,0,0,0,0,0,2,1,2023-03-10T19:06:14.2091342Z,0
3.1082498,101.7884162,Daerah: Selangor<br>No:2103<br>Hex coord:(72;49),Apek Waterfalls. Ampang. Ulu Langat. Malaysia,0,0,0,0,0,2,1,2023-03-10T19:06:15.1081837Z,0
3.1004698,101.8019507,Daerah: Selangor<br>No:2104<br>Hex coord:(73;49),7-Eleven. 31-G Jalan Lagenda Suria 1. 43100 Hulu Langat. Selangor. Malaysia,0,0,0,0,0,2,1,2023-03-10T19:06:15.9599078Z,3
3.1082498,101.8154851,Daerah: Selangor<br>No:2105<br>Hex coord:(74;49),Pejabat Pos Hulu Langat. JKR 387 Jalan Hulu Langat. 43100 Hulu Langat. Selangor. Malaysia,0,0,0,0,0,1,1,2023-03-10T19:06:16.7524540Z,1
3.1004698,101.8290196,Daerah: Selangor<br>No:2106<br>Hex coord:(75;49),Dusun Akin Resort. 43100 Kajang Municipal Council. Selangor. Malaysia,0,0,0,0,0,1,1,2023-03-10T19:06:17.4730839Z,0
3.1082498,101.8425541,Daerah: Selangor<br>No:2107<br>Hex coord:(76;49),Sungai Limbat. Hulu Langat. Ulu Langat. Malaysia,0,0,0,0,0,1,1,2023-03-10T19:06:18.1839921Z,0
3.1004698,101.8560886,Daerah: Selangor<br>No:2108<br>Hex coord:(77;49),Jalan Sungai Tekali. Hulu Langat. Selangor. Malaysia,0,0,0,0,0,1,1,2023-03-10T19:06:18.8866208Z,0
3.1082498,101.869623,Daerah: Selangor<br>No:2109<br>Hex coord:(78;49),Anak Sungai Tekali. Hulu Langat. Ulu Langat. Malaysia,0,0,0,0,0,0,1,2023-03-10T19:06:19.5740690Z,0
3.1004698,101.8831575,Daerah: Selangor<br>No:2110<br>Hex coord:(79;49),Jalan Sungai Tekali. Kampung Rantau Panjang. 43100 Kajang Municipal Council. Selangor. Malaysia,0,0,0,0,0,0,1,2023-03-10T19:06:20.2733569Z,0
3.1082498,101.896692,Daerah: Selangor<br>No:2111<br>Hex coord:(80;49),Sungai Kesuma. Ulu Langat. Malaysia,0,0,0,0,0,0,1,2023-03-10T19:06:20.9747049Z,0
3.1004698,101.9102265,Daerah: Selangor<br>No:2112<br>Hex coord:(81;49),Sungai Rephen. Ulu Langat. Malaysia,0,0,0,0,0,0,1,2023-03-10T19:06:21.6590847Z,0
3.1082498,101.9237609,Daerah: Selangor<br>No:2113<br>Hex coord:(82;49),Hulu Langat. Selangor. Malaysia,0,0,0,0,0,0,1,2023-03-10T19:06:22.3527500Z,0
3.1004698,101.9372954,Daerah: Selangor<br>No:2114<br>Hex coord:(83;49),Hulu Langat. Selangor. Malaysia,0,0,0,0,0,0,1,2023-03-10T19:06:23.0432038Z,0
3.1082498,101.9508299,Daerah: Selangor<br>No:2115<br>Hex coord:(84;49),Jelebu. Negeri Sembilan. Malaysia,0,0,0,0,0,0,1,2023-03-10T19:06:23.7263588Z,0
3.0926898,101.355313,Daerah: Selangor<br>No:2116<br>Hex coord:(40;50),Homestay Rumah Wangian. Lot 12681B Jalan Perepat 9. 42200 Klang Municipal Council. Selangor. Malaysia,1,0,0,0,0,0,1,2023-03-10T19:06:24.4835982Z,0
3.0849098,101.3688475,Daerah: Selangor<br>No:2117<br>Hex coord:(41;50),Taman Klang Utama. 42200 Klang Municipal Council. Selangor. Malaysia,1,0,0,0,0,0,1,2023-03-10T19:06:25.2330174Z,0
3.0926898,101.3823819,Daerah: Selangor<br>No:2118<br>Hex coord:(42;50),cycle eighty eight. 12 jalan harapan. 42200 Klang. Selangor. Malaysia,2,0,0,0,0,0,1,2023-03-10T19:06:26.0405550Z,2
3.0849098,101.3959164,Daerah: Selangor<br>No:2119<br>Hex coord:(43;50),Taman Klang Utama. 42100 Klang Municipal Council. Selangor. Malaysia,1,0,0,0,0,0,1,2023-03-10T19:06:26.8461392Z,0
3.0926898,101.4094509,Daerah: Selangor<br>No:2120<br>Hex coord:(44;50),Aman Perdana 11H/Ku5. Klang. Selangor. Malaysia,0,1,0,0,0,0,1,2023-03-10T19:06:27.6912388Z,1
3.0849098,101.4229854,Daerah: Selangor<br>No:2121<br>Hex coord:(45;50),19 Jalan Sungai Keramat 20. Taman Klang Utama. 42100 Klang. Selangor. Malaysia,2,0,0,0,0,0,1,2023-03-10T19:06:28.6072989Z,2
3.0926898,101.4365198,Daerah: Selangor<br>No:2122<br>Hex coord:(46;50),NNKSB2 Toll Plaza. Shah Alam. Selangor. Malaysia,0,0,0,0,0,0,1,2023-03-10T19:06:29.4770466Z,0
3.0849098,101.4500543,Daerah: Selangor<br>No:2123<br>Hex coord:(47;50),Bandar Bukit Raja. 41050 Klang Municipal Council. Selangor. Malaysia,0,0,0,0,0,0,1,2023-03-10T19:06:30.3740245Z,4
3.0926898,101.4635888,Daerah: Selangor<br>No:2124<br>Hex coord:(48;50),PRO CURTAIN STUDIO. NO43 1ST FLOOR JALAN SETIA INDAH X (U13/X). 40170 Shah Alam. Selangor. Malaysia,4,0,0,0,0,0,1,2023-03-10T19:06:31.2477264Z,2
3.0849098,101.4771233,Daerah: Selangor<br>No:2125<br>Hex coord:(49;50),Bodhi Park Shah Alam. 1A Persiaran Serai Wangi. 40170 Shah Alam. Selangor. Malaysia,0,0,0,0,0,0,1,2023-03-10T19:06:32.1194068Z,0
3.0926898,101.4906577,Daerah: Selangor<br>No:2126<br>Hex coord:(50;50),Section U11 (Bukit Bandaraya). 40450 Shah Alam. Selangor. Malaysia,0,0,0,0,0,0,1,2023-03-10T19:06:32.9815782Z,1
3.0849098,101.5041922,Daerah: Selangor<br>No:2127<br>Hex coord:(51;50),Tasik @ 7/1F. Jalan Perak 7/1F. Section 7. 40604 Shah Alam. Selangor. Malaysia,2,0,0,0,0,0,1,2023-03-10T19:06:33.9026175Z,2
3.0926898,101.5177267,Daerah: Selangor<br>No:2128<br>Hex coord:(52;50),Menara Bukit Jelutong. 40604 Shah Alam. Selangor. Malaysia,0,0,0,0,0,0,1,2023-03-10T19:06:34.7560361Z,1
3.0849098,101.5312612,Daerah: Selangor<br>No:2129<br>Hex coord:(53;50),Jalan Sultan Salahuddin Abdul Aziz Shah. Shah Alam. Selangor. Malaysia,1,0,0,0,0,1,1,2023-03-10T19:06:35.6607692Z,2
3.0926898,101.5447956,Daerah: Selangor<br>No:2130<br>Hex coord:(54;50),Glenmarie. 40100 Shah Alam. Selangor. Malaysia,1,0,0,0,0,2,1,2023-03-10T19:06:36.5258209Z,1
3.0849098,101.5583301,Daerah: Selangor<br>No:2131<br>Hex coord:(55;50),Politeknik Sultan Salahuddin Abdul Aziz Shah. Jalan Subang. Batu Tiga. 40675. Selangor. Malaysia,1,3,0,0,0,3,1,2023-03-10T19:06:37.4458225Z,2
3.0926898,101.5718646,Daerah: Selangor<br>No:2132<br>Hex coord:(56;50),Glenmarie. 40250 Shah Alam. Selangor. Malaysia,2,0,0,0,0,5,1,2023-03-10T19:06:38.3744603Z,0
3.0849098,101.5853991,Daerah: Selangor<br>No:2133<br>Hex coord:(57;50),Tuxuri MSC Office. Unit 3-12-09 Jalan Pengaturcara U1/51A. 40150 Shah Alam. Selangor. Malaysia,2,0,0,0,0,6,1,2023-03-10T19:06:39.3771506Z,2
3.0926898,101.5989335,Daerah: Selangor<br>No:2134<br>Hex coord:(58;50),Yayasan Basmi Kemiskinan. Jalan SS 7/24. SS7. Petaling Jaya. 47302 Petaling Jaya. Selangor. Malaysia,4,0,0,0,0,6,1,2023-03-10T19:06:40.3866582Z,0
3.0849098,101.612468,Daerah: Selangor<br>No:2135<br>Hex coord:(59;50),Freescale Semiconductor. Federal Highway Motorcycle Lane. Sungai Way. 46150 Petaling Jaya. Selangor. Malaysia,4,0,0,0,0,7,1,2023-03-10T19:06:41.4830273Z,15
3.0926898,101.6260025,Daerah: Selangor<br>No:2136<br>Hex coord:(60;50),Jalan 51A/235A. Sungai Way. 46100 Petaling Jaya. Selangor. Malaysia,3,0,0,0,0,10,1,2023-03-10T19:06:42.6501042Z,2
3.0849098,101.639537,Daerah: Selangor<br>No:2137<br>Hex coord:(61;50),Continental AG. Jalan Tandang 51/204. PJ Old Town. 46050 Petaling Jaya. Selangor. Malaysia,4,0,0,0,0,10,1,2023-03-10T19:06:43.9262911Z,6
3.0926898,101.6530714,Daerah: Selangor<br>No:2138<br>Hex coord:(62;50),Ibu Pejabat WI. Jalan Lembah. Petaling Jaya. Selangor. Malaysia,0,0,0,0,0,10,1,2023-03-10T19:06:45.2615311Z,3
3.0849098,101.6666059,Daerah: KL<br>No:2139<br>Hex coord:(63;50),Madrasah Al-Syukriah. Kuala Lumpur. Malaysia,11,0,0,0,0,11,1,2023-03-10T19:06:46.7371750Z,10
3.0926898,101.6801404,Daerah: KL<br>No:2140<br>Hex coord:(64;50),Kuchai Lama. 58200 Kuala Lumpur. Malaysia,8,0,0,0,0,13,1,2023-03-10T19:06:48.3209457Z,6
3.0849098,101.6936749,Daerah: KL<br>No:2141<br>Hex coord:(65;50),900 Jalan 35. Salak South. Kuala Lumpur. Malaysia,15,1,0,0,0,8,1,2023-03-10T19:06:49.9036374Z,4
3.0926898,101.7072093,Daerah: KL<br>No:2142<br>Hex coord:(66;50),606 Jalan 26. Salak South. 51020 Kuala Lumpur. Kuala Lumpur. Malaysia,14,0,0,0,0,6,1,2023-03-10T19:06:51.5375574Z,11
3.0849098,101.7207438,Daerah: KL<br>No:2143<br>Hex coord:(67;50),Jalan Jujur 5. Taman Midah. 56000 Kuala Lumpur. Kuala Lumpur. Malaysia,9,0,0,0,0,6,1,2023-03-10T19:06:53.0282601Z,6
3.0926898,101.7342783,Daerah: KL<br>No:2144<br>Hex coord:(68;50),Faith Methodist Church Cheras. 32-34 Jalan Nadchatiram 1. Taman Taynton. 56000 Kuala Lumpur. Kuala Lumpur. Malaysia,6,0,0,0,0,6,1,2023-03-10T19:06:54.4553320Z,0
3.0849098,101.7478128,Daerah: SEL/KL<br>No:2145<br>Hex coord:(69;50),Lapang Sasar PGA. Cheras. Ulu Langat. Malaysia,3,0,0,0,0,7,1,2023-03-10T19:06:55.6528510Z,1
3.0926898,101.7613472,Daerah: Selangor<br>No:2146<br>Hex coord:(70;50),SP4 Taman Segar Perdana. 56100 Cheras. Selangor. Malaysia,0,0,0,0,0,3,1,2023-03-10T19:06:56.8957247Z,0
3.0849098,101.7748817,Daerah: Selangor<br>No:2147<br>Hex coord:(71;50),Jalan Hijauan Residen 2B. Cheras. Selangor. Malaysia,0,0,0,0,0,2,1,2023-03-10T19:06:57.9386449Z,1
3.0926898,101.7884162,Daerah: Selangor<br>No:2148<br>Hex coord:(72;50),Taman Sri Nanding. 43100 Kajang Municipal Council. Selangor. Malaysia,0,0,0,0,0,2,1,2023-03-10T19:06:58.8316205Z,0
3.0849098,101.8019507,Daerah: Selangor<br>No:2149<br>Hex coord:(73;50),Bukit Enggang. Hulu Langat. Ulu Langat. Malaysia,0,0,0,0,0,1,1,2023-03-10T19:06:59.6723511Z,0
3.0926898,101.8154851,Daerah: Selangor<br>No:2150<br>Hex coord:(74;50),Taman Sri Nanding. 43100 Kajang Municipal Council. Selangor. Malaysia,0,0,0,0,0,1,1,2023-03-10T19:07:00.4521456Z,0
3.0849098,101.8290196,Daerah: Selangor<br>No:2151<br>Hex coord:(75;50),Ulu Langat. Malaysia,0,0,0,0,0,1,1,2023-03-10T19:07:01.6032684Z,0
3.0926898,101.8425541,Daerah: Selangor<br>No:2152<br>Hex coord:(76;50),Ulu Langat. Malaysia,0,0,0,0,0,1,1,2023-03-10T19:07:02.3093949Z,0
3.0849098,101.8560886,Daerah: Selangor<br>No:2153<br>Hex coord:(77;50),Ulu Langat. Malaysia,0,0,0,0,0,0,1,2023-03-10T19:07:03.0040333Z,0
3.0926898,101.869623,Daerah: Selangor<br>No:2154<br>Hex coord:(78;50),Ulu Langat. Malaysia,0,0,0,0,0,0,1,2023-03-10T19:07:03.7144424Z,0
3.0849098,101.8831575,Daerah: Selangor<br>No:2155<br>Hex coord:(79;50),Semenyih Dam. Selangor. Malaysia,0,0,0,0,0,0,1,2023-03-10T19:07:04.4086330Z,0
3.0926898,101.896692,Daerah: Selangor<br>No:2156<br>Hex coord:(80;50),Semenyih Reservoir. Ulu Langat. Malaysia,0,0,0,0,0,0,1,2023-03-10T19:07:05.0948674Z,0
3.0849098,101.9102265,Daerah: Selangor<br>No:2157<br>Hex coord:(81;50),Hulu Langat. Selangor. Malaysia,0,0,0,0,0,0,1,2023-03-10T19:07:05.7895716Z,0
3.0926898,101.9237609,Daerah: Selangor<br>No:2158<br>Hex coord:(82;50),Hulu Langat. Selangor. Malaysia,0,0,0,0,0,0,1,2023-03-10T19:07:06.4783922Z,0
3.0849098,101.9372954,Daerah: Selangor<br>No:2159<br>Hex coord:(83;50),Hulu Langat. Selangor. Malaysia,0,0,0,0,0,0,1,2023-03-10T19:07:07.1661550Z,0
3.0926898,101.9508299,Daerah: Selangor<br>No:2160<br>Hex coord:(84;50),Hulu Langat. Selangor. Malaysia,0,0,0,0,0,0,1,2023-03-10T19:07:07.8515348Z,0
3.0693498,101.3688475,Daerah: Selangor<br>No:2161<br>Hex coord:(41;51),Sungai Sementa Kecil. Jalan Sementa Permai 1. Taman Klang Utama. 42200 Klang Municipal Council. Selangor. Malaysia,0,0,0,0,0,0,1,2023-03-10T19:07:08.6218183Z,0
3.0771298,101.3823819,Daerah: Selangor<br>No:2162<br>Hex coord:(42;51),Taman Klang Utama. 42100 Klang Municipal Council. Selangor. Malaysia,0,0,0,0,0,0,1,2023-03-10T19:07:09.4054004Z,0
3.0693498,101.3959164,Daerah: Selangor<br>No:2163<br>Hex coord:(43;51),Taman Klang Utama. 42100 Klang Municipal Council. Selangor. Malaysia,0,0,0,0,0,0,1,2023-03-10T19:07:10.2460032Z,4
3.0771298,101.4094509,Daerah: Selangor<br>No:2164<br>Hex coord:(44;51),Cempakasari 1. Klang. Selangor. Malaysia,0,0,0,0,0,0,1,2023-03-10T19:07:11.1241455Z,2
3.0693498,101.4229854,Daerah: Selangor<br>No:2165<br>Hex coord:(45;51),Auto Parts Store. Batu 3 Jalan Kapar. 42100 Klang. Selangor. Malaysia,0,0,0,0,0,0,1,2023-03-10T19:07:12.0412945Z,2
3.0771298,101.4365198,Daerah: Selangor<br>No:2166<br>Hex coord:(46;51),Jalan Haji Sirat. Klang. Selangor. Malaysia,2,0,0,0,0,0,1,2023-03-10T19:07:12.9642464Z,2
3.0693498,101.4500543,Daerah: Selangor<br>No:2167<br>Hex coord:(47;51),99 Speedmart. 41150 Klang. Selangor. Malaysia,1,0,0,0,0,0,1,2023-03-10T19:07:13.9031049Z,3
3.0771298,101.4635888,Daerah: Selangor<br>No:2168<br>Hex coord:(48;51),MHE-Demag. 15 Persiaran Astana / KU 2. 41050 Klang. Selangor. Malaysia,0,0,0,0,0,0,1,2023-03-10T19:07:14.8467815Z,0
3.0693498,101.4771233,Daerah: Selangor<br>No:2169<br>Hex coord:(49;51),Lorong Keluli 1. Shah Alam. Selangor. Malaysia,0,0,0,0,0,0,1,2023-03-10T19:07:15.7525648Z,0
3.0771298,101.4906577,Daerah: Selangor<br>No:2170<br>Hex coord:(50;51),Jalan Platinum 7/60. Section 7. 40450 Shah Alam. Selangor. Malaysia,3,0,0,0,0,0,1,2023-03-10T19:07:16.6358364Z,1
3.0693498,101.5041922,Daerah: Selangor<br>No:2171<br>Hex coord:(51;51),MARA University of Technology Shah Alam Campus. Jalan Kenanga. Section 1. 40450 Shah Alam. Selangor. Malaysia,0,0,0,0,0,0,1,2023-03-10T19:07:17.5223142Z,2
3.0771298,101.5177267,Daerah: Selangor<br>No:2172<br>Hex coord:(52;51),Persiaran Sultan. Section 14. 40604 Shah Alam. Selangor. Malaysia,1,0,0,0,0,0,1,2023-03-10T19:07:18.4368379Z,1
3.0693498,101.5312612,Daerah: Selangor<br>No:2173<br>Hex coord:(53;51),JLN NAJAT. Shah Alam. Selangor. Malaysia,1,0,0,0,0,1,1,2023-03-10T19:07:19.3353851Z,0
3.0771298,101.5447956,Daerah: Selangor<br>No:2174<br>Hex coord:(54;51),Jalan Akuatik 13/77G. Batu Tiga. 40675. Selangor. Malaysia,1,1,0,0,0,1,1,2023-03-10T19:07:20.2550118Z,1
3.0693498,101.5583301,Daerah: Selangor<br>No:2175<br>Hex coord:(55;51),Central Sugars Refinery Sdn Bhd. Jalan Nilam 1/8. Batu Tiga. 47500 Subang Jaya. Selangor. Malaysia,5,0,0,0,0,1,1,2023-03-10T19:07:21.1929578Z,2
3.0771298,101.5718646,Daerah: Selangor<br>No:2176<br>Hex coord:(56;51),Subang Park Homes. Shah Alam. Selangor. Malaysia,1,0,0,0,0,5,1,2023-03-10T19:07:22.2128265Z,0
3.0693498,101.5853991,Daerah: Selangor<br>No:2177<br>Hex coord:(57;51),Jalan SS 18/3D. Pusat Bandar Subang Jaya. 47500 Subang Jaya. Selangor. Malaysia,4,0,0,0,0,3,1,2023-03-10T19:07:23.2384887Z,1
3.0771298,101.5989335,Daerah: Selangor<br>No:2178<br>Hex coord:(58;51),Persiaran Wangsa Baiduri 3. 47500 Petaling Jaya. Selangor. Malaysia,1,0,0,0,0,6,1,2023-03-10T19:07:24.2833685Z,3
3.0693498,101.612468,Daerah: Selangor<br>No:2179<br>Hex coord:(59;51),Sport Court. Jalan PJS 9/14. Sunway City. 46150 Subang Jaya. Selangor. Malaysia,5,0,0,0,0,6,1,2023-03-10T19:07:25.3791094Z,4
3.0771298,101.6260025,Daerah: Selangor<br>No:2180<br>Hex coord:(60;51),DigitalLab. Jln PJS 5/28. Petaling Jaya. Selangor. Malaysia,8,2,0,0,0,8,1,2023-03-10T19:07:26.5794960Z,10
3.0693498,101.639537,Daerah: Selangor<br>No:2181<br>Hex coord:(61;51),Shah Alam Expressway. Petaling Jaya South. 46150 Subang Jaya. Selangor. Malaysia,5,0,0,0,0,13,1,2023-03-10T19:07:27.8039186Z,8
3.0771298,101.6530714,Daerah: SEL/KL<br>No:2182<br>Hex coord:(62;51),Flat Petaling Utama. Kuala Lumpur. Malaysia,6,1,0,0,0,10,1,2023-03-10T19:07:29.2521933Z,5
3.0693498,101.6666059,Daerah: KL<br>No:2183<br>Hex coord:(63;51),Jalan Awan Cina. Overseas Union Garden. 41100 Kuala Lumpur. Malaysia,17,0,0,0,0,11,1,2023-03-10T19:07:30.7774729Z,1
3.0771298,101.6801404,Daerah: KL<br>No:2184<br>Hex coord:(64;51),February 18 Cafe. No.42 Ground Floor Jalan Lazat 2. Taman Gembira. Taman Gembira. 58200 Kuala Lumpur. Kuala Lumpur. Malaysia,2,0,0,0,0,13,1,2023-03-10T19:07:32.3048878Z,4
3.0693498,101.6936749,Daerah: KL<br>No:2185<br>Hex coord:(65;51),loudspeaker karaoke BSP Outlet. 19 Jalan Radin Tengah. Taman Sri Petaling. 57000 Kuala Lumpur. Kuala Lumpur. Malaysia,10,0,0,0,0,8,1,2023-03-10T19:07:33.7872877Z,2
3.0771298,101.7072093,Daerah: KL<br>No:2186<br>Hex coord:(66;51),Sungai Besi. 57100 Kuala Lumpur. Malaysia,5,0,0,0,0,7,1,2023-03-10T19:07:35.3234702Z,3
3.0693498,101.7207438,Daerah: KL<br>No:2187<br>Hex coord:(67;51),Kem Perdana Sungai Besi. Jalan Tasik Selatan 11. Sungai Besi. 57100 Kuala Lumpur. Malaysia,1,0,0,0,0,8,1,2023-03-10T19:07:36.6524016Z,2
3.0771298,101.7342783,Daerah: KL<br>No:2188<br>Hex coord:(68;51),Jalan Alam Damai. Taman Connaught. 56000 Kuala Lumpur. Malaysia,7,0,0,0,0,9,1,2023-03-10T19:07:38.0116784Z,1
3.0693498,101.7478128,Daerah: SEL/KL<br>No:2189<br>Hex coord:(69;51),Cheras Height. 2 Jalan Bukit Cheras 18. Tmn-Desa Cheras. 56000 Cheras. Selangor. Malaysia,5,0,0,0,0,6,1,2023-03-10T19:07:39.2628499Z,3
3.0771298,101.7613472,Daerah: Selangor<br>No:2190<br>Hex coord:(70;51),Rmerald 9 Cheras Sales Gallery. Jalan Permata Jingga. Cheras. 43100 Kajang Municipal Council. Selangor. Malaysia,1,0,0,0,0,6,1,2023-03-10T19:07:40.3994869Z,4
3.0693498,101.7748817,Daerah: Selangor<br>No:2191<br>Hex coord:(71;51),Klinik Kesihatan Batu 9. Cheras. Jalan Hulu Langat. Cheras. 43200 Kajang Municipal Council. Selangor. Malaysia,2,0,0,0,0,5,1,2023-03-10T19:07:41.4049315Z,1
3.0771298,101.7884162,Daerah: Selangor<br>No:2192<br>Hex coord:(72;51),Taman Cheras Intan. 43200 Kajang Municipal Council. Selangor. Malaysia,0,0,0,0,0,2,1,2023-03-10T19:07:42.2799473Z,0
3.0693498,101.8019507,Daerah: Selangor<br>No:2193<br>Hex coord:(73;51),Jalan Bentara 15/5. Hulu Langat. Selangor. Malaysia,0,0,0,0,0,0,1,2023-03-10T19:07:43.0843569Z,0
3.0771298,101.8154851,Daerah: Selangor<br>No:2194<br>Hex coord:(74;51),Taman Sri Nanding. 43100 Kajang Municipal Council. Selangor. Malaysia,0,0,0,0,0,1,1,2023-03-10T19:07:43.8607510Z,0
3.0693498,101.8290196,Daerah: Selangor<br>No:2195<br>Hex coord:(75;51),Kampung Sungai Serai. 43100 Kajang Municipal Council. Selangor. Malaysia,0,0,0,0,0,0,1,2023-03-10T19:07:44.6250860Z,0
3.0771298,101.8425541,Daerah: Selangor<br>No:2196<br>Hex coord:(76;51),Ulu Langat. Malaysia,0,0,0,0,0,1,1,2023-03-10T19:07:45.3518195Z,0
3.0693498,101.8560886,Daerah: Selangor<br>No:2197<br>Hex coord:(77;51),Ulu Langat. Malaysia,0,0,0,0,0,0,1,2023-03-10T19:07:46.0560752Z,0
3.0771298,101.869623,Daerah: Selangor<br>No:2198<br>Hex coord:(78;51),Ulu Langat. Malaysia,0,0,0,0,0,0,1,2023-03-10T19:07:46.7494729Z,0
3.0693498,101.8831575,Daerah: Selangor<br>No:2199<br>Hex coord:(79;51),Hutan Rizab Sungai Lalang. Ulu Langat. Malaysia,0,0,0,0,0,0,1,2023-03-10T19:07:47.4464666Z,0
3.0771298,101.896692,Daerah: Selangor<br>No:2200<br>Hex coord:(80;51),Hulu Langat. Selangor. Malaysia,0,0,0,0,0,0,1,2023-03-10T19:07:48.1410371Z,0
3.0693498,101.9102265,Daerah: Selangor<br>No:2201<br>Hex coord:(81;51),Hulu Langat. Selangor. Malaysia,0,0,0,0,0,0,1,2023-03-10T19:07:48.8302535Z,0
3.0771298,101.9237609,Daerah: Selangor<br>No:2202<br>Hex coord:(82;51),Hulu Langat. Selangor. Malaysia,0,0,0,0,0,0,1,2023-03-10T19:07:49.5136637Z,0
3.0693498,101.9372954,Daerah: Selangor<br>No:2203<br>Hex coord:(83;51),Hulu Langat. Selangor. Malaysia,0,0,0,0,0,0,1,2023-03-10T19:07:50.2104252Z,0
3.0771298,101.9508299,Daerah: Selangor<br>No:2204<br>Hex coord:(84;51),Hulu Langat. Selangor. Malaysia,0,0,0,0,0,0,1,2023-03-10T19:07:50.9041925Z,0
3.0537898,101.2605717,Daerah: Selangor<br>No:2205<br>Hex coord:(33;52),Pulau Ketam. Klang. Klang Municipal Council. Selangor. Malaysia,0,0,0,0,0,0,1,2023-03-10T19:07:51.6025548Z,0
3.0537898,101.3147096,Daerah: Selangor<br>No:2206<br>Hex coord:(37;52),Klang. Selangor. Malaysia,0,0,0,0,0,0,1,2023-03-10T19:07:52.2975914Z,0
3.0615698,101.328244,Daerah: Selangor<br>No:2207<br>Hex coord:(38;52),Klang. Selangor. Malaysia,0,0,0,0,0,0,1,2023-03-10T19:07:52.9857521Z,0
3.0537898,101.3688475,Daerah: Selangor<br>No:2208<br>Hex coord:(41;52),Sungai Puloh. Port Klang. Klang. Malaysia,0,0,0,0,0,0,1,2023-03-10T19:07:53.7724826Z,0
3.0615698,101.3823819,Daerah: Selangor<br>No:2209<br>Hex coord:(42;52),Kapar Forest Reserve. New North Klang Straits Bypass. Taman Klang Utama. 42100 Klang Municipal Council. Selangor. Malaysia,0,0,0,0,0,0,1,2023-03-10T19:07:54.5775568Z,0
3.0537898,101.3959164,Daerah: Selangor<br>No:2210<br>Hex coord:(43;52),Teluk Pulai. 42100 Klang Municipal Council. Selangor. Malaysia,0,0,0,0,0,0,1,2023-03-10T19:07:55.4392105Z,2
3.0615698,101.4094509,Daerah: Selangor<br>No:2211<br>Hex coord:(44;52),Masjid Ahmadi. Lot 3955 Jalan Rantau Panjang. 42100 Klang. Selangor. Malaysia,0,0,0,0,0,1,1,2023-03-10T19:07:56.3389287Z,7
3.0537898,101.4229854,Daerah: Selangor<br>No:2212<br>Hex coord:(45;52),Teluk Pulai. 41400 Klang Municipal Council. Selangor. Malaysia,1,0,0,0,0,1,1,2023-03-10T19:07:57.2530140Z,2
3.0615698,101.4365198,Daerah: Selangor<br>No:2213<br>Hex coord:(46;52),Lorong Haji Yusof. 41400 Klang. Selangor. Malaysia,1,0,0,0,0,1,1,2023-03-10T19:07:58.1695952Z,1
3.0537898,101.4500543,Daerah: Selangor<br>No:2214<br>Hex coord:(47;52),Klang High School. Jalan Baling. Taman Eng Ann. 41400 Klang Municipal Council. Selangor. Malaysia,1,0,0,0,0,1,1,2023-03-10T19:07:59.1478622Z,6
3.0615698,101.4635888,Daerah: Selangor<br>No:2215<br>Hex coord:(48;52),Sekolah Sri Acmar (Menengah). Persiaran Rajawali. Bandar Baru Klang. 41150 Klang Municipal Council. Selangor. Malaysia,0,0,0,0,0,0,1,2023-03-10T19:08:00.1034156Z,1
3.0537898,101.4771233,Daerah: Selangor<br>No:2216<br>Hex coord:(49;52),Talok Pulai Buk Gut Teh. 32 Jalan Batai Laut 5. 41300 Klang. Selangor. Malaysia,1,0,0,0,0,0,1,2023-03-10T19:08:01.0689140Z,2
3.0615698,101.4906577,Daerah: Selangor<br>No:2217<br>Hex coord:(50;52),Section 16. 40450 Shah Alam. Selangor. Malaysia,0,0,0,0,0,0,1,2023-03-10T19:08:01.9819946Z,2
3.0537898,101.5041922,Daerah: Selangor<br>No:2218<br>Hex coord:(51;52),Alam Impian. 40470 Shah Alam. Selangor. Malaysia,0,0,0,0,0,0,1,2023-03-10T19:08:02.9151519Z,3
3.0615698,101.5177267,Daerah: Selangor<br>No:2219<br>Hex coord:(52;52),Volvo Malaysia. 6 Jalan Bicu 15/6. Shah Alam. Selangor. Malaysia,0,0,0,0,0,0,1,2023-03-10T19:08:03.8349113Z,1
3.0537898,101.5312612,Daerah: Selangor<br>No:2220<br>Hex coord:(53;52),Taman Sri Muda. 40300 Shah Alam. Selangor. Malaysia,1,1,0,0,0,0,1,2023-03-10T19:08:04.8036983Z,5
3.0615698,101.5447956,Daerah: Selangor<br>No:2221<br>Hex coord:(54;52),Shah Alam Memorial Park. Shah Alam. Petaling. Malaysia,6,0,0,0,0,1,1,2023-03-10T19:08:05.7281536Z,2
3.0537898,101.5583301,Daerah: Selangor<br>No:2222<br>Hex coord:(55;52),Subang Mas. 47620 Shah Alam. Selangor. Malaysia,2,0,0,0,0,2,1,2023-03-10T19:08:06.6973357Z,0
3.0615698,101.5718646,Daerah: Selangor<br>No:2223<br>Hex coord:(56;52),Jalan USJ 3D/4. Shah Alam. Selangor. Malaysia,3,0,0,0,0,1,1,2023-03-10T19:08:07.6772593Z,1
3.0537898,101.5853991,Daerah: Selangor<br>No:2224<br>Hex coord:(57;52),Jalan USJ 5/4A. Shah Alam. Selangor. Malaysia,1,0,0,0,0,3,1,2023-03-10T19:08:08.6986917Z,5
3.0615698,101.5989335,Daerah: Selangor<br>No:2225<br>Hex coord:(58;52),Shah Alam Expressway. Bukit Tandang. 47200 Subang Jaya. Selangor. Malaysia,3,1,0,0,0,5,1,2023-03-10T19:08:09.7624050Z,2
3.0537898,101.612468,Daerah: Selangor<br>No:2226<br>Hex coord:(59;52),Sing Yin Tay & Seng Kiat Toh. A-13-2. Tower A Jalan USJ 1/1P. USJ One Park. 47500 Petaling Jaya. Selangor. Malaysia,3,0,0,0,0,6,1,2023-03-10T19:08:10.8783894Z,1
3.0615698,101.6260025,Daerah: Selangor<br>No:2227<br>Hex coord:(60;52),Sri Tanjung Apartments. 47170 Puchong. Selangor. Malaysia,2,0,0,0,0,7,1,2023-03-10T19:08:12.0049999Z,6
3.0537898,101.639537,Daerah: Selangor<br>No:2228<br>Hex coord:(61;52),Bandar Kinrara 3 Park. Puchong. Selangor. Malaysia,1,1,0,0,0,7,1,2023-03-10T19:08:13.1336961Z,7
3.0615698,101.6530714,Daerah: SEL/KL<br>No:2229<br>Hex coord:(62;52),MBJ Badminton Court. Taman Overseas Union. Puchong. Selangor. Malaysia,4,0,0,0,0,6,1,2023-03-10T19:08:14.4344059Z,9
3.0537898,101.6666059,Daerah: KL<br>No:2230<br>Hex coord:(63;52),Overpass to Bukit Jalil. Bukit Jalil. 47180 Kuala Lumpur. Malaysia,7,0,0,0,0,5,1,2023-03-10T19:08:15.6847055Z,2
3.0615698,101.6801404,Daerah: KL<br>No:2231<br>Hex coord:(64;52),Jalan Jalil Perkasa 19. Bukit Jalil. 57000 Kuala Lumpur. Malaysia,5,0,0,0,0,6,1,2023-03-10T19:08:17.1619671Z,2
3.0537898,101.6936749,Daerah: KL<br>No:2232<br>Hex coord:(65;52),Axiata Arena. Jalan Technologi 1. Bukit Jalil. 57000 Kuala Lumpur. Malaysia,7,0,0,0,0,5,1,2023-03-10T19:08:18.5130307Z,0
3.0615698,101.7072093,Daerah: KL<br>No:2233<br>Hex coord:(66;52),Jalan Sungai Besi. Pekan Sungai Besi. Sungai Besi. Kuala Lumpur. Malaysia,3,0,0,0,0,9,1,2023-03-10T19:08:19.9114112Z,4
3.0537898,101.7207438,Daerah: KL<br>No:2234<br>Hex coord:(67;52),Sungai Besi. 57000 Kuala Lumpur. Malaysia,2,0,0,0,0,7,1,2023-03-10T19:08:21.1345715Z,2
3.0615698,101.7342783,Daerah: KL<br>No:2235<br>Hex coord:(68;52),Jalan 6/154D. Cheras. 43200 Kuala Lumpur. Malaysia,7,1,0,0,0,7,1,2023-03-10T19:08:22.3817438Z,3
3.0537898,101.7478128,Daerah: SEL/KL<br>No:2236<br>Hex coord:(69;52),Cheras. 43200 Kajang Municipal Council. Selangor. Malaysia,0,0,0,0,0,4,1,2023-03-10T19:08:23.4774959Z,4
3.0615698,101.7613472,Daerah: Selangor<br>No:2237<br>Hex coord:(70;52),Jalan Putri Jaya 22A. Cheras. 43200 Kajang Municipal Council. Selangor. Malaysia,2,0,0,0,0,4,1,2023-03-10T19:08:24.5058205Z,3
3.0537898,101.7748817,Daerah: Selangor<br>No:2238<br>Hex coord:(71;52),Cheras. 43100 Kajang Municipal Council. Selangor. Malaysia,0,0,0,0,0,4,1,2023-03-10T19:08:25.4607136Z,1
3.0615698,101.7884162,Daerah: Selangor<br>No:2239<br>Hex coord:(72;52),Jalan Pahlawan 13/3. Bandar Mahkota Cheras. 43200 Kajang Municipal Council. Selangor. Malaysia,5,3,0,0,0,3,1,2023-03-10T19:08:26.3687980Z,0
3.0537898,101.8019507,Daerah: Selangor<br>No:2240<br>Hex coord:(73;52),SMK Bandar Baru Sungai Long. Jalan SL 11/5. Bandar Sungai Long. 43000 Kajang Municipal Council. Selangor. Malaysia,5,0,0,0,0,0,1,2023-03-10T19:08:27.2301316Z,0
3.0615698,101.8154851,Daerah: Selangor<br>No:2241<br>Hex coord:(74;52),Bandar Sungai Long. 43000 Kajang Municipal Council. Selangor. Malaysia,0,0,0,0,0,0,1,2023-03-10T19:08:28.0422493Z,0
3.0537898,101.8290196,Daerah: Selangor<br>No:2242<br>Hex coord:(75;52),Ulu Langat. Malaysia,0,0,0,0,0,0,1,2023-03-10T19:08:28.8293496Z,0
3.0615698,101.8425541,Daerah: Selangor<br>No:2243<br>Hex coord:(76;52),Ulu Langat. Malaysia,0,0,0,0,0,0,1,2023-03-10T19:08:29.5589738Z,0
3.0537898,101.8560886,Daerah: Selangor<br>No:2244<br>Hex coord:(77;52),Kemajuan Tanah Sungai Lalang Orang Asli. Ulu Langat. Malaysia,0,0,0,0,0,0,1,2023-03-10T19:08:30.2586673Z,0
3.0615698,101.869623,Daerah: Selangor<br>No:2245<br>Hex coord:(78;52),Sungai Tekala. Semenyih. Ulu Langat. Malaysia,0,0,0,0,0,0,1,2023-03-10T19:08:30.9604081Z,0
3.0537898,101.8831575,Daerah: Selangor<br>No:2246<br>Hex coord:(79;52),Hulu Langat. Selangor. Malaysia,0,0,0,0,0,0,1,2023-03-10T19:08:31.6585912Z,0
3.0615698,101.896692,Daerah: Selangor<br>No:2247<br>Hex coord:(80;52),Hulu Langat. Selangor. Malaysia,4,0,0,0,0,0,1,2023-03-10T19:08:32.3518136Z,0
3.0537898,101.9102265,Daerah: Selangor<br>No:2248<br>Hex coord:(81;52),Hulu Langat. Selangor. Malaysia,0,0,0,0,0,0,1,2023-03-10T19:08:33.0396428Z,0
3.0615698,101.9237609,Daerah: Selangor<br>No:2249<br>Hex coord:(82;52),Hulu Langat. Selangor. Malaysia,0,0,0,0,0,0,1,2023-03-10T19:08:33.7240311Z,0
3.0537898,101.9372954,Daerah: Selangor<br>No:2250<br>Hex coord:(83;52),Hulu Langat. Selangor. Malaysia,0,0,0,0,0,0,1,2023-03-10T19:08:34.4281439Z,0
3.0615698,101.9508299,Daerah: Selangor<br>No:2251<br>Hex coord:(84;52),Hulu Langat. Selangor. Malaysia,0,0,0,0,0,0,1,2023-03-10T19:08:35.1117971Z,0
3.0537898,101.9643644,Daerah: Selangor<br>No:2252<br>Hex coord:(85;52),Hulu Langat. Selangor. Malaysia,0,0,0,0,0,0,1,2023-03-10T19:08:35.7964868Z,0
3.0382298,101.2335027,Daerah: Selangor<br>No:2253<br>Hex coord:(31;53),Pulau Ketam. Klang. Klang Municipal Council. Selangor. Malaysia,0,0,0,0,0,0,1,2023-03-10T19:08:36.4727538Z,0
3.0460098,101.2470372,Daerah: Selangor<br>No:2254<br>Hex coord:(32;53),Pulau Ketam. Klang. Klang Municipal Council. Selangor. Malaysia,0,0,0,0,0,0,1,2023-03-10T19:08:37.1631509Z,0
3.0382298,101.2605717,Daerah: Selangor<br>No:2255<br>Hex coord:(33;53),四條港. Klang. Malaysia,0,0,0,0,0,0,1,2023-03-10T19:08:37.8610623Z,0
3.0460098,101.2741061,Daerah: Selangor<br>No:2256<br>Hex coord:(34;53),五條港. 四馬路. Sungai Lima. Klang Municipal Council. Selangor. Malaysia,0,0,0,0,0,0,1,2023-03-10T19:08:38.5488490Z,0
3.0460098,101.3011751,Daerah: Selangor<br>No:2257<br>Hex coord:(36;53),Klang. Selangor. Malaysia,0,0,0,0,0,0,1,2023-03-10T19:08:39.2287115Z,0
3.0382298,101.3147096,Daerah: Selangor<br>No:2258<br>Hex coord:(37;53),Klang. Selangor. Malaysia,0,0,0,0,0,0,1,2023-03-10T19:08:39.9244692Z,0
3.0460098,101.328244,Daerah: Selangor<br>No:2259<br>Hex coord:(38;53),Klang. Selangor. Malaysia,0,0,0,0,0,0,1,2023-03-10T19:08:40.6170080Z,0
3.0382298,101.3688475,Daerah: Selangor<br>No:2260<br>Hex coord:(41;53),Sungai Dua Besar. Port Klang. Klang. Malaysia,0,0,0,0,0,0,1,2023-03-10T19:08:41.4119855Z,0
3.0460098,101.3823819,Daerah: Selangor<br>No:2261<br>Hex coord:(42;53),Taman Klang Utama. 42100 Klang Municipal Council. Selangor. Malaysia,0,0,0,0,0,0,1,2023-03-10T19:08:42.2118897Z,0
3.0382298,101.3959164,Daerah: Selangor<br>No:2262<br>Hex coord:(43;53),Jalan Kampung Delek. Pandamaran. 42000 Klang Municipal Council. Selangor. Malaysia,0,0,0,0,0,1,1,2023-03-10T19:08:43.0674829Z,0
3.0460098,101.4094509,Daerah: Selangor<br>No:2263<br>Hex coord:(44;53),Teluk Pulai. 42100 Klang Municipal Council. Selangor. Malaysia,1,0,0,0,0,1,1,2023-03-10T19:08:43.9696742Z,0
3.0382298,101.4229854,Daerah: Selangor<br>No:2264<br>Hex coord:(45;53),Teluk Pulai. 41400 Klang Municipal Council. Selangor. Malaysia,2,0,0,0,0,1,1,2023-03-10T19:08:44.9567192Z,4
3.0460098,101.4365198,Daerah: Selangor<br>No:2265<br>Hex coord:(46;53),Restoran Ban Li Hiong. 41400 Klang. Selangor. Malaysia,2,0,0,0,0,1,1,2023-03-10T19:08:45.9425047Z,2
3.0382298,101.4500543,Daerah: Selangor<br>No:2266<br>Hex coord:(47;53),Stadium Padang Sultan Sulaiman. Jalan Padang. Kampung Atap. 41400 Klang Municipal Council. Selangor. Malaysia,2,0,0,0,0,2,1,2023-03-10T19:08:46.9792689Z,5
3.0460098,101.4635888,Daerah: Selangor<br>No:2267<br>Hex coord:(48;53),Taman Ros. 41300 Klang Municipal Council. Selangor. Malaysia,4,0,0,0,0,0,1,2023-03-10T19:08:47.9606449Z,6
3.0382298,101.4771233,Daerah: Selangor<br>No:2268<br>Hex coord:(49;53),Section 36. 41300 Shah Alam. Selangor. Malaysia,1,0,0,0,0,1,1,2023-03-10T19:08:48.9406091Z,0
3.0460098,101.4906577,Daerah: Selangor<br>No:2269<br>Hex coord:(50;53),Section 16. 40200 Padang Jawa. Selangor. Malaysia,0,0,0,0,0,1,1,2023-03-10T19:08:49.8752673Z,5
3.0382298,101.5041922,Daerah: Selangor<br>No:2270<br>Hex coord:(51;53),Jalan Panglima Awang 35/103A. Alam Impian. 40470 Shah Alam. Selangor. Malaysia,1,0,0,0,0,1,1,2023-03-10T19:08:50.8214115Z,0
3.0460098,101.5177267,Daerah: Selangor<br>No:2271<br>Hex coord:(52;53),Kolej Cemara. Jalan Pinang 18/1. Taman Sri Muda. 40200 Shah Alam. Selangor. Malaysia,3,0,0,0,0,1,1,2023-03-10T19:08:51.7670672Z,2
3.0382298,101.5312612,Daerah: Selangor<br>No:2272<br>Hex coord:(53;53),Taman Sri Muda. 40420 Shah Alam. Selangor. Malaysia,2,1,0,0,0,1,1,2023-03-10T19:08:52.7123392Z,2
3.0460098,101.5447956,Daerah: Selangor<br>No:2273<br>Hex coord:(54;53),Depoh RapidKL. 40300 Shah Alam. Selangor. Malaysia,2,0,0,0,0,2,1,2023-03-10T19:08:53.6538030Z,2
3.0382298,101.5583301,Daerah: Selangor<br>No:2274<br>Hex coord:(55;53),MHE-Demag Malaysia Sdn Bhd. PT 79 Jalan 26/6. Section 26. Kawasan Perindustrian Hicom. 40000 Shah Alam. Selangor. Malaysia,2,0,0,0,0,1,1,2023-03-10T19:08:54.6711508Z,0
3.0460098,101.5718646,Daerah: Selangor<br>No:2275<br>Hex coord:(56;53),Jalan TP 1/1. UEP Subang Jaya. 47600 Subang Jaya. Selangor. Malaysia,2,0,0,0,0,2,1,2023-03-10T19:08:55.6285757Z,3
3.0382298,101.5853991,Daerah: Selangor<br>No:2276<br>Hex coord:(57;53),Jalan USJ 13/3E. UEP Subang Jaya. 47630 Subang Jaya. Selangor. Malaysia,5,1,0,0,0,4,1,2023-03-10T19:08:56.6742078Z,0
3.0460098,101.5989335,Daerah: Selangor<br>No:2277<br>Hex coord:(58;53),Jalan Subang 4. UEP Subang Jaya. 47200 Subang Jaya. Selangor. Malaysia,0,3,0,0,0,4,1,2023-03-10T19:08:57.6982419Z,1
3.0382298,101.612468,Daerah: Selangor<br>No:2278<br>Hex coord:(59;53),Jalan Le 2/3A. Lake Edge. 47170 Subang Jaya. Selangor. Malaysia,0,0,0,0,0,5,1,2023-03-10T19:08:58.7026825Z,1
3.0460098,101.6260025,Daerah: Selangor<br>No:2279<br>Hex coord:(60;53),Jalan Tempua 11. Puchong. Selangor. Malaysia,1,1,0,0,0,7,1,2023-03-10T19:08:59.8014663Z,1
3.0382298,101.639537,Daerah: Selangor<br>No:2280<br>Hex coord:(61;53),Jalan BK 4/9. 47180 Puchong. Selangor. Malaysia,1,0,0,0,0,8,1,2023-03-10T19:09:00.8838594Z,2
3.0460098,101.6530714,Daerah: Selangor<br>No:2281<br>Hex coord:(62;53),PPR Pinggiran Bukit Jalil. 47180 Puchong. Selangor. Malaysia,3,0,0,0,0,7,1,2023-03-10T19:09:02.0302387Z,3
3.0382298,101.6666059,Daerah: Selangor<br>No:2282<br>Hex coord:(63;53),Bandar Kinrara. 47180 Subang Jaya. Selangor. Malaysia,3,0,0,0,0,5,1,2023-03-10T19:09:03.1309973Z,3
3.0460098,101.6801404,Daerah: KL<br>No:2283<br>Hex coord:(64;53),Bukit Jalil. 57000 Kuala Lumpur. Malaysia,1,0,0,0,0,5,1,2023-03-10T19:09:04.3109734Z,1
3.0382298,101.6936749,Daerah: SEL/KL<br>No:2284<br>Hex coord:(65;53),Bukit Serdang. 43300 Subang Jaya. Selangor. Malaysia,1,1,0,0,0,4,1,2023-03-10T19:09:05.4513423Z,2
3.0460098,101.7072093,Daerah: SEL/KL<br>No:2285<br>Hex coord:(66;53),Residensi Flora @ One South. Persiaran Serdang Perdana. Sungai Besi. 43300 Seri Kembangan. Selangor. Malaysia,2,0,0,0,0,7,1,2023-03-10T19:09:06.5875130Z,1
3.0382298,101.7207438,Daerah: SEL/KL<br>No:2286<br>Hex coord:(67;53),The Mines Resort & Golf Club. Jalan SP 2/1. Seri Serdang. 43300 Subang Jaya. Selangor. Malaysia,0,0,0,0,0,5,1,2023-03-10T19:09:07.6402908Z,0
3.0460098,101.7342783,Daerah: SEL/KL<br>No:2287<br>Hex coord:(68;53),Jalan Damai Perdana 13/1C. Kuala Lumpur. Malaysia,0,0,0,0,0,5,1,2023-03-10T19:09:08.7219102Z,3
3.0382298,101.7478128,Daerah: Selangor<br>No:2288<br>Hex coord:(69;53),Depoh RapidKL Cheras Selatan. Lot 1499 Jalan KB 2/15. 43000 Seri Kembangan. Selangor. Malaysia,0,0,0,0,0,4,1,2023-03-10T19:09:09.6913914Z,2
3.0460098,101.7613472,Daerah: Selangor<br>No:2289<br>Hex coord:(70;53),Jalan Persiaran Suarasa. Bandar Tun Hussein Onn. 43200 Cheras. Selangor. Malaysia,1,0,0,0,0,4,1,2023-03-10T19:09:10.6816582Z,1
3.0382298,101.7748817,Daerah: Selangor<br>No:2290<br>Hex coord:(71;53),Cheras. 43200 Kajang Municipal Council. Selangor. Malaysia,0,0,0,0,0,4,1,2023-03-10T19:09:11.6310538Z,2
3.0460098,101.7884162,Daerah: Selangor<br>No:2291<br>Hex coord:(72;53),Jalan Bendahara 4/7. Kajang. Selangor. Malaysia,0,0,0,0,0,4,1,2023-03-10T19:09:12.5565501Z,1
3.0382298,101.8019507,Daerah: Selangor<br>No:2292<br>Hex coord:(73;53),Persiaran SL 2. Kajang. Selangor. Malaysia,1,0,0,0,0,1,1,2023-03-10T19:09:13.4019756Z,0
3.0460098,101.8154851,Daerah: Selangor<br>No:2293<br>Hex coord:(74;53),East Klang Valley Expressway. Bandar Sungai Long. 43000 Kajang Municipal Council. Selangor. Malaysia,2,0,0,0,0,1,1,2023-03-10T19:09:14.2032139Z,0
3.0382298,101.8290196,Daerah: Selangor<br>No:2294<br>Hex coord:(75;53),Ulu Langat. Malaysia,0,0,0,0,0,1,1,2023-03-10T19:09:14.9840088Z,0
3.0460098,101.8425541,Daerah: Selangor<br>No:2295<br>Hex coord:(76;53),Ladang Sam Foh. Ulu Langat. Malaysia,0,0,0,0,0,0,1,2023-03-10T19:09:15.7133586Z,0
3.0382298,101.8560886,Daerah: Selangor<br>No:2296<br>Hex coord:(77;53),Hulu Langat. Selangor. Malaysia,0,0,0,0,0,0,1,2023-03-10T19:09:16.4260296Z,0
3.0460098,101.869623,Daerah: Selangor<br>No:2297<br>Hex coord:(78;53),Sungai Kemong. Semenyih. Ulu Langat. Malaysia,0,0,0,0,0,0,1,2023-03-10T19:09:17.1170030Z,0
3.0382298,101.8831575,Daerah: Selangor<br>No:2298<br>Hex coord:(79;53),Hulu Langat. Selangor. Malaysia,0,0,0,0,0,0,1,2023-03-10T19:09:17.8180068Z,0
3.0460098,101.896692,Daerah: Selangor<br>No:2299<br>Hex coord:(80;53),Hulu Langat. Selangor. Malaysia,0,0,0,0,0,0,1,2023-03-10T19:09:18.5015373Z,0
3.0382298,101.9102265,Daerah: Selangor<br>No:2300<br>Hex coord:(81;53),Hulu Langat. Selangor. Malaysia,0,0,0,0,0,0,1,2023-03-10T19:09:19.1887393Z,0
3.0460098,101.9237609,Daerah: Selangor<br>No:2301<br>Hex coord:(82;53),Hulu Langat. Selangor. Malaysia,0,0,0,0,0,0,1,2023-03-10T19:09:19.8693524Z,0
3.0382298,101.9372954,Daerah: Selangor<br>No:2302<br>Hex coord:(83;53),Hulu Langat. Selangor. Malaysia,0,0,0,0,0,0,1,2023-03-10T19:09:20.5526850Z,0
3.0460098,101.9508299,Daerah: Selangor<br>No:2303<br>Hex coord:(84;53),Hulu Langat. Selangor. Malaysia,0,0,0,0,0,0,1,2023-03-10T19:09:21.2408203Z,0
3.0382298,101.9643644,Daerah: Selangor<br>No:2304<br>Hex coord:(85;53),Hulu Langat. Selangor. Malaysia,0,0,0,0,0,0,1,2023-03-10T19:09:21.9370871Z,0
3.0226698,101.2335027,Daerah: Selangor<br>No:2305<br>Hex coord:(31;54),Tanjung Tenteram,0,0,0,0,0,0,1,2023-03-10T19:09:22.6302226Z,0
3.0304498,101.2470372,Daerah: Selangor<br>No:2306<br>Hex coord:(32;54),Pulau Ketam. Klang. Malaysia,0,0,0,0,0,0,1,2023-03-10T19:09:23.3105158Z,0
3.0226698,101.2605717,Daerah: Selangor<br>No:2307<br>Hex coord:(33;54),Sungai Lima. Klang Municipal Council. Selangor. Malaysia,0,0,0,0,0,0,1,2023-03-10T19:09:23.9938514Z,0
3.0226698,101.2876406,Daerah: Selangor<br>No:2308<br>Hex coord:(35;54),Sungai Lima. Klang Municipal Council. Selangor. Malaysia,0,0,0,0,0,0,1,2023-03-10T19:09:24.6794227Z,0
3.0304498,101.3011751,Daerah: Selangor<br>No:2309<br>Hex coord:(36;54),Klang. Selangor. Malaysia,0,0,0,0,0,0,1,2023-03-10T19:09:25.3610281Z,0
3.0226698,101.3147096,Daerah: Selangor<br>No:2310<br>Hex coord:(37;54),Klang. Selangor. Malaysia,0,0,0,0,0,0,1,2023-03-10T19:09:26.0456711Z,0
3.0304498,101.328244,Daerah: Selangor<br>No:2311<br>Hex coord:(38;54),Klang. Malaysia,0,0,0,0,0,0,1,2023-03-10T19:09:26.7353910Z,0
3.0226698,101.3688475,Daerah: Selangor<br>No:2312<br>Hex coord:(41;54),Pandamaran. 42009 Klang Municipal Council. Selangor. Malaysia,0,0,0,0,0,0,1,2023-03-10T19:09:27.4707946Z,0
3.0304498,101.3823819,Daerah: Selangor<br>No:2313<br>Hex coord:(42;54),Solok Sultan Abdul Samad 46D. Port Klang. Selangor. Malaysia,0,0,0,0,0,0,1,2023-03-10T19:09:28.2697745Z,4
3.0226698,101.3959164,Daerah: Selangor<br>No:2314<br>Hex coord:(43;54),Rein Packaging Industrial Sdn Bhd. Kawasan Perindustrian Fasa 4. Bandar Sultan Suleiman. 42000 Port Klang. Selangor Jalan Sultan Abdul Samad 40. 42000 Port Klang. Selangor. Malaysia,0,0,0,0,0,1,1,2023-03-10T19:09:29.1421495Z,0
3.0304498,101.4094509,Daerah: Selangor<br>No:2315<br>Hex coord:(44;54),Pandamaran. 42000 Klang Municipal Council. Selangor. Malaysia,1,0,0,0,0,1,1,2023-03-10T19:09:30.0496461Z,2
3.0226698,101.4229854,Daerah: Selangor<br>No:2316<br>Hex coord:(45;54),Pandamaran. 42000 Klang Municipal Council. Selangor. Malaysia,0,0,0,0,0,3,1,2023-03-10T19:09:31.0795205Z,5
3.0304498,101.4365198,Daerah: Selangor<br>No:2317<br>Hex coord:(46;54),Lintang Ibus. Klang. Selangor. Malaysia,1,0,0,0,0,2,1,2023-03-10T19:09:32.1307260Z,2
3.0226698,101.4500543,Daerah: Selangor<br>No:2318<br>Hex coord:(47;54),homey. 4 lengkungan sri damak 11 taman sri andalas. 41200 Klang. Selangor. Malaysia,2,0,0,0,0,4,1,2023-03-10T19:09:33.1851892Z,1
3.0304498,101.4635888,Daerah: Selangor<br>No:2319<br>Hex coord:(48;54),Kampung Bukit Badak. 41300 Klang Municipal Council. Selangor. Malaysia,0,0,0,0,0,3,1,2023-03-10T19:09:34.1977231Z,2
3.0226698,101.4771233,Daerah: Selangor<br>No:2320<br>Hex coord:(49;54),Lorong Samarinda 20A. Klang. Selangor. Malaysia,2,0,0,0,0,2,1,2023-03-10T19:09:35.2147779Z,1
3.0304498,101.4906577,Daerah: Selangor<br>No:2321<br>Hex coord:(50;54),Section 36. 40470 Shah Alam. Selangor. Malaysia,0,0,0,0,0,1,1,2023-03-10T19:09:36.1987392Z,0
3.0226698,101.5041922,Daerah: Selangor<br>No:2322<br>Hex coord:(51;54),I&P Alam Impian Sales Gallery. 1 Jalan Panglima Hitam 35/26. Shah Alam. Selangor. Malaysia,0,0,0,0,0,2,1,2023-03-10T19:09:37.1473814Z,0
3.0304498,101.5177267,Daerah: Selangor<br>No:2323<br>Hex coord:(52;54),Klang River. Shah Alam. Selangor. Malaysia,1,0,0,0,0,2,1,2023-03-10T19:09:38.1338166Z,1
3.0226698,101.5312612,Daerah: Selangor<br>No:2324<br>Hex coord:(53;54),to Seri Muda Rest Area. 40470 Shah Alam. Selangor. Malaysia,0,0,0,0,0,3,1,2023-03-10T19:09:39.0454589Z,1
3.0304498,101.5447956,Daerah: Selangor<br>No:2325<br>Hex coord:(54;54),Jalan Sepadu 25/123. Taman Sri Muda. 40400 Shah Alam. Selangor. Malaysia,0,0,0,0,0,2,1,2023-03-10T19:09:40.0082696Z,3
3.0226698,101.5583301,Daerah: Selangor<br>No:2326<br>Hex coord:(55;54),Jalan Mandolin 33/5. Section 33. 40400 Shah Alam. Selangor. Malaysia,2,0,0,0,0,2,1,2023-03-10T19:09:40.9444085Z,2
3.0304498,101.5718646,Daerah: Selangor<br>No:2327<br>Hex coord:(56;54),Shell. KM 8.4 Lebuhraya Utara–Selatan Hubungan Tengah. 47630 Shah Alam. Selangor. Malaysia,2,0,0,0,0,1,1,2023-03-10T19:09:41.8896499Z,1
3.0226698,101.5853991,Daerah: Selangor<br>No:2328<br>Hex coord:(57;54),Subang Jaya Muslim Graveyard. Puchong. Selangor. Malaysia,1,0,0,0,0,6,1,2023-03-10T19:09:42.8439397Z,2
3.0304498,101.5989335,Daerah: Selangor<br>No:2329<br>Hex coord:(58;54),Jalan TPP 5/1. 47640 Puchong. Selangor. Malaysia,0,0,0,0,0,5,1,2023-03-10T19:09:43.8193649Z,0
3.0226698,101.612468,Daerah: Selangor<br>No:2330<br>Hex coord:(59;54),Jalan TPP 1/3. Puchong. Selangor. Malaysia,1,1,0,0,0,5,1,2023-03-10T19:09:44.8052529Z,3
3.0304498,101.6260025,Daerah: Selangor<br>No:2331<br>Hex coord:(60;54),Jalan Wawasan 4/12. Desiran. 47170 Puchong. Selangor. Malaysia,0,0,0,0,0,6,1,2023-03-10T19:09:45.8185411Z,1
3.0226698,101.639537,Daerah: Selangor<br>No:2332<br>Hex coord:(61;54),Stream with Bridge. Puchong. Petaling. Malaysia,0,0,0,0,0,7,1,2023-03-10T19:09:46.7803929Z,0
3.0304498,101.6530714,Daerah: Selangor<br>No:2333<br>Hex coord:(62;54),Bandar Kinrara. 47180 Subang Jaya. Selangor. Malaysia,0,0,0,0,0,7,1,2023-03-10T19:09:47.8067768Z,0
3.0226698,101.6666059,Daerah: Selangor<br>No:2334<br>Hex coord:(63;54),Putra Permai. 43300 Subang Jaya. Selangor. Malaysia,1,0,0,0,0,5,1,2023-03-10T19:09:48.8449241Z,2
3.0304498,101.6801404,Daerah: Selangor<br>No:2335<br>Hex coord:(64;54),Petron. 43300 Seri Kembangan. Selangor. Malaysia,4,0,0,0,0,3,1,2023-03-10T19:09:49.9182469Z,2
3.0226698,101.6936749,Daerah: Selangor<br>No:2336<br>Hex coord:(65;54),Bukit Serdang Police Station. 11 Jalan BS 5/26. 43300 Seri Kembangan. Selangor. Malaysia,0,0,0,0,0,3,1,2023-03-10T19:09:50.8836957Z,6
3.0304498,101.7072093,Daerah: Selangor<br>No:2337<br>Hex coord:(66;54),Restoran Kari Kepala Ikan Cheong Hin. 2 Jalan SP 2/2. 43300 Seri Kembangan. Selangor. Malaysia,1,0,0,0,0,5,1,2023-03-10T19:09:51.8876768Z,5
3.0226698,101.7207438,Daerah: Selangor<br>No:2338<br>Hex coord:(67;54),Australian International School Malaysia. 22 Jalan Anggerik. 43300 Seri Kembangan. Selangor. Malaysia,0,0,0,0,0,4,1,2023-03-10T19:09:52.8362298Z,2
3.0304498,101.7342783,Daerah: Selangor<br>No:2339<br>Hex coord:(68;54),Jalan KPB 1. Cheras. 43200 Kajang Municipal Council. Selangor. Malaysia,0,0,0,0,0,4,1,2023-03-10T19:09:53.8227750Z,5
3.0226698,101.7478128,Daerah: Selangor<br>No:2340<br>Hex coord:(69;54),Cheras. 43200 Kajang Municipal Council. Selangor. Malaysia,0,0,0,0,0,4,1,2023-03-10T19:09:54.7581805Z,2
3.0304498,101.7613472,Daerah: Selangor<br>No:2341<br>Hex coord:(70;54),Volkswagen. Lot 483 Jalan Dutamas. 43200 Cheras. Selangor. Malaysia,0,0,0,0,0,4,1,2023-03-10T19:09:55.7033974Z,5
3.0226698,101.7748817,Daerah: Selangor<br>No:2342<br>Hex coord:(71;54),Jalan Cheras. Kampung Bukit Dukung. 43200 Kajang Municipal Council. Selangor. Malaysia,0,0,0,0,0,6,1,2023-03-10T19:09:56.6588772Z,3
3.0304498,101.7884162,Daerah: Selangor<br>No:2343<br>Hex coord:(72;54),Taman Suria. 43000 Kajang. Selangor. Malaysia,0,0,0,0,0,5,1,2023-03-10T19:09:57.5925027Z,1
3.0226698,101.8019507,Daerah: Selangor<br>No:2344<br>Hex coord:(73;54),No. 6 Jalan Palma 2/2A The Orinoco Clubhouse. Kajang. Selangor. Malaysia,2,0,0,0,0,2,1,2023-03-10T19:09:58.4819175Z,0
3.0304498,101.8154851,Daerah: Selangor<br>No:2345<br>Hex coord:(74;54),No. 6 Jalan Palma 2/2A The Orinoco Clubhouse. Kajang. Selangor. Malaysia,0,0,0,0,0,2,1,2023-03-10T19:09:59.3213616Z,0
3.0226698,101.8290196,Daerah: Selangor<br>No:2346<br>Hex coord:(75;54),Hutan Rizab Jeloh. Ulu Langat. Malaysia,0,0,0,0,0,2,1,2023-03-10T19:10:00.1196240Z,0
3.0304498,101.8425541,Daerah: Selangor<br>No:2347<br>Hex coord:(76;54),Hulu Langat. Selangor. Malaysia,0,0,0,0,0,1,1,2023-03-10T19:10:00.8579081Z,0
3.0226698,101.8560886,Daerah: Selangor<br>No:2348<br>Hex coord:(77;54),Semenyih. Ulu Langat. Malaysia,0,0,0,0,0,0,1,2023-03-10T19:10:01.5780912Z,0
3.0304498,101.869623,Daerah: Selangor<br>No:2349<br>Hex coord:(78;54),Sungai Nong. Semenyih. Ulu Langat. Malaysia,0,0,0,0,0,0,1,2023-03-10T19:10:02.2792750Z,0
3.0226698,101.8831575,Daerah: Selangor<br>No:2350<br>Hex coord:(79;54),Hulu Langat. Kajang Municipal Council. Selangor. Malaysia,0,0,0,0,0,0,1,2023-03-10T19:10:02.9741203Z,0
3.0304498,101.896692,Daerah: Selangor<br>No:2351<br>Hex coord:(80;54),Hulu Langat. Kajang Municipal Council. Selangor. Malaysia,0,0,0,0,0,0,1,2023-03-10T19:10:03.6654733Z,0
3.0226698,101.9102265,Daerah: Selangor<br>No:2352<br>Hex coord:(81;54),Hulu Langat. Kajang Municipal Council. Selangor. Malaysia,0,0,0,0,0,0,1,2023-03-10T19:10:04.3553572Z,0
3.0304498,101.9237609,Daerah: Selangor<br>No:2353<br>Hex coord:(82;54),Hulu Langat. Selangor. Malaysia,0,0,0,0,0,0,1,2023-03-10T19:10:05.0449682Z,0
3.0226698,101.9372954,Daerah: Selangor<br>No:2354<br>Hex coord:(83;54),Hulu Langat. Selangor. Malaysia,0,0,0,0,0,0,1,2023-03-10T19:10:05.7378323Z,0
3.0304498,101.9508299,Daerah: Selangor<br>No:2355<br>Hex coord:(84;54),Hulu Langat. Selangor. Malaysia,0,0,0,0,0,0,1,2023-03-10T19:10:06.4337074Z,0
3.0148898,101.2199682,Daerah: Selangor<br>No:2356<br>Hex coord:(30;55),Pulau Ketam Forest,0,0,0,0,0,0,1,2023-03-10T19:10:07.1350066Z,0
3.0071098,101.2335027,Daerah: Selangor<br>No:2357<br>Hex coord:(31;55),Pulau Ketam. Klang. Klang Municipal Council. Selangor. Malaysia,1,0,0,0,0,0,1,2023-03-10T19:10:07.8291233Z,0
3.0148898,101.2470372,Daerah: Selangor<br>No:2358<br>Hex coord:(32;55),Sungai Bagan Lama. Klang. Malaysia,1,0,0,0,0,0,1,2023-03-10T19:10:08.5297870Z,0
3.0071098,101.2605717,Daerah: Selangor<br>No:2359<br>Hex coord:(33;55),Pulau Rusa,0,0,0,0,0,0,1,2023-03-10T19:10:09.2156145Z,0
3.0071098,101.2876406,Daerah: Selangor<br>No:2360<br>Hex coord:(35;55),Sungai Mat Darus Kechil. Klang. Malaysia,3,0,0,0,0,0,1,2023-03-10T19:10:09.9128811Z,0
3.0148898,101.3011751,Daerah: Selangor<br>No:2361<br>Hex coord:(36;55),Klang. Selangor. Malaysia,0,0,0,0,0,0,1,2023-03-10T19:10:10.6064765Z,0
3.0071098,101.3147096,Daerah: Selangor<br>No:2362<br>Hex coord:(37;55),Klang. Selangor. Malaysia,0,0,0,0,0,0,1,2023-03-10T19:10:11.3011044Z,0
3.0148898,101.328244,Daerah: Selangor<br>No:2363<br>Hex coord:(38;55),Sungai Tiram Besar. Klang. Malaysia,0,0,0,0,0,0,1,2023-03-10T19:10:11.9854272Z,0
3.0071098,101.3688475,Daerah: Selangor<br>No:2364<br>Hex coord:(41;55),LGE Plastic. Klang. Lebuh Sultan Hishamuddin 2. Pandamaran. 42009 Klang Municipal Council. Selangor. Malaysia,0,0,0,0,0,0,1,2023-03-10T19:10:12.7684818Z,0
3.0148898,101.3823819,Daerah: Selangor<br>No:2365<br>Hex coord:(42;55),Northport Highway. Pandamaran. 42009 Klang Municipal Council. Selangor. Malaysia,0,0,0,0,0,1,1,2023-03-10T19:10:13.5900855Z,0
3.0071098,101.3959164,Daerah: Selangor<br>No:2366<br>Hex coord:(43;55),SJK(C) Tshing Nian. Jalan Bungur. Pandamaran. 42009 Klang Municipal Council. Selangor. Malaysia,0,0,0,0,0,1,1,2023-03-10T19:10:14.4706368Z,3
3.0148898,101.4094509,Daerah: Selangor<br>No:2367<br>Hex coord:(44;55),Jalan Bunga Raya. Port Klang. Selangor. Malaysia,0,0,0,0,0,2,1,2023-03-10T19:10:15.3933149Z,6
3.0071098,101.4229854,Daerah: Selangor<br>No:2368<br>Hex coord:(45;55),Jalan Pandamaran Jaya 10. Pandamaran. 42000 Klang Municipal Council. Selangor. Malaysia,5,4,0,0,0,3,1,2023-03-10T19:10:16.3792260Z,4
3.0148898,101.4365198,Daerah: Selangor<br>No:2369<br>Hex coord:(46;55),Kok Cheng Motor. No. 1 & 3 Jalan Bayu Tinggi 1B. 41200 Klang. Selangor. Malaysia,1,0,0,0,0,3,1,2023-03-10T19:10:17.4268800Z,4
3.0071098,101.4500543,Daerah: Selangor<br>No:2370<br>Hex coord:(47;55),Taman Klang Jaya. 41200 Klang Municipal Council. Selangor. Malaysia,2,3,0,0,0,5,1,2023-03-10T19:10:18.4505634Z,2
3.0148898,101.4635888,Daerah: Selangor<br>No:2371<br>Hex coord:(48;55),Taman Sentosa. 41200 Klang Municipal Council. Selangor. Malaysia,1,0,0,0,0,5,1,2023-03-10T19:10:19.4800712Z,3
3.0071098,101.4771233,Daerah: Selangor<br>No:2372<br>Hex coord:(49;55),Taman Sentosa Police Station. 25 Jalan Temenggung 1. 41200 Klang. Selangor. Malaysia,2,0,0,0,0,4,1,2023-03-10T19:10:20.4994326Z,3
3.0148898,101.4906577,Daerah: Selangor<br>No:2373<br>Hex coord:(50;55),Jalan Karas 36/12. Alam Impian. 40470 Shah Alam. Selangor. Malaysia,0,0,0,0,0,3,1,2023-03-10T19:10:21.4555279Z,1
3.0071098,101.5041922,Daerah: Selangor<br>No:2374<br>Hex coord:(51;55),Alam Impian. 40470 Shah Alam. Selangor. Malaysia,0,0,0,0,0,3,1,2023-03-10T19:10:22.3775841Z,1
3.0148898,101.5177267,Daerah: Selangor<br>No:2375<br>Hex coord:(52;55),4 Jalan Tun Teja 35/7A. Shah Alam. Selangor. Malaysia,0,0,0,0,0,3,1,2023-03-10T19:10:23.3209800Z,1
3.0071098,101.5312612,Daerah: Selangor<br>No:2376<br>Hex coord:(53;55),Jalan Kemuning Indah 32/141F. Shah Alam. Selangor. Malaysia,0,0,0,0,0,4,1,2023-03-10T19:10:24.2422807Z,0
3.0148898,101.5447956,Daerah: Selangor<br>No:2377<br>Hex coord:(54;55),Jalan Kemuning Permai 33/155A. 40400 Shah Alam. Selangor. Malaysia,0,0,0,0,0,3,1,2023-03-10T19:10:25.1581341Z,1
3.0071098,101.5583301,Daerah: Selangor<br>No:2378<br>Hex coord:(55;55),Jalan Hulu Teris 28/31. Section 28. 40400 Shah Alam. Selangor. Malaysia,2,0,0,0,0,3,1,2023-03-10T19:10:26.0848763Z,1
3.0148898,101.5718646,Daerah: Selangor<br>No:2379<br>Hex coord:(56;55),Section 27. 47650. Selangor. Malaysia,2,0,0,0,0,2,1,2023-03-10T19:10:26.9888253Z,2
3.0071098,101.5853991,Daerah: Selangor<br>No:2380<br>Hex coord:(57;55),Jalan Putra Harmoni 1/1. Puchong. Selangor. Malaysia,4,0,0,0,0,6,1,2023-03-10T19:10:27.9323571Z,0
3.0148898,101.5989335,Daerah: Selangor<br>No:2381<br>Hex coord:(58;55),Kampung Sri Langkas. 47150 Subang Jaya. Selangor. Malaysia,3,0,0,0,0,5,1,2023-03-10T19:10:28.9204544Z,11
3.0071098,101.612468,Daerah: Selangor<br>No:2382<br>Hex coord:(59;55),Mcc Technique Sdn Bhd. 12 Jalan PPU 2A. 47100 Puchong. Selangor. Malaysia,1,0,0,0,0,5,1,2023-03-10T19:10:29.8689312Z,2
3.0148898,101.6260025,Daerah: Selangor<br>No:2383<br>Hex coord:(60;55),Bandar Puteri. 47160 Subang Jaya. Selangor. Malaysia,1,0,0,0,0,5,1,2023-03-10T19:10:30.7830300Z,1
3.0071098,101.639537,Daerah: Selangor<br>No:2384<br>Hex coord:(61;55),Jalan SP 6/6. Taman Saujana Puchong. 47100 Subang Jaya. Selangor. Malaysia,0,0,0,0,0,5,1,2023-03-10T19:10:31.6691503Z,0
3.0148898,101.6530714,Daerah: Selangor<br>No:2385<br>Hex coord:(62;55),Blue Lagoon Waterfall. Ayer Hitam Forest Reserve - Arara Trail. Putra Permai. 47100 Subang Jaya. Selangor. Malaysia,0,0,0,0,0,7,1,2023-03-10T19:10:32.6093762Z,0
3.0071098,101.6666059,Daerah: Selangor<br>No:2386<br>Hex coord:(63;55),Putra Permai. 47110 Subang Jaya. Selangor. Malaysia,1,0,0,0,0,3,1,2023-03-10T19:10:33.5129485Z,0
3.0148898,101.6801404,Daerah: Selangor<br>No:2387<br>Hex coord:(64;55),Jalan Puj 2/19. 43300 Seri Kembangan. Selangor. Malaysia,3,1,0,0,0,3,1,2023-03-10T19:10:34.4237981Z,0
3.0071098,101.6936749,Daerah: Selangor<br>No:2388<br>Hex coord:(65;55),Jalan Indah 2/1. 43300 Seri Kembangan. Selangor. Malaysia,3,0,0,0,0,0,1,2023-03-10T19:10:35.3027701Z,1
3.0148898,101.7072093,Daerah: Selangor<br>No:2389<br>Hex coord:(66;55),Seri Serdang. 43300 Subang Jaya. Selangor. Malaysia,0,1,0,0,0,2,1,2023-03-10T19:10:36.2147137Z,4
3.0071098,101.7207438,Daerah: Selangor<br>No:2390<br>Hex coord:(67;55),University Putra Malaysia (Faculty of Engineering). Persiaran Universiti 2. 43400 Sepang. Selangor. Malaysia,0,0,0,0,0,1,1,2023-03-10T19:10:37.0386172Z,1
3.0148898,101.7342783,Daerah: Selangor<br>No:2391<br>Hex coord:(68;55),Cheras. 43400 Kajang Municipal Council. Selangor. Malaysia,0,0,0,0,0,4,1,2023-03-10T19:10:37.9148422Z,3
3.0071098,101.7478128,Daerah: Selangor<br>No:2392<br>Hex coord:(69;55),Cheras. 43400 Kajang Municipal Council. Selangor. Malaysia,0,0,0,0,0,3,1,2023-03-10T19:10:38.7994357Z,0
3.0148898,101.7613472,Daerah: Selangor<br>No:2393<br>Hex coord:(70;55),Cheras. 43200 Kajang Municipal Council. Selangor. Malaysia,1,0,0,0,0,5,1,2023-03-10T19:10:39.7704279Z,3
3.0071098,101.7748817,Daerah: Selangor<br>No:2394<br>Hex coord:(71;55),Lot 572 Jalan Cheras. Kajang. Selangor. Malaysia,2,0,0,0,0,2,1,2023-03-10T19:10:40.7219619Z,0
3.0148898,101.7884162,Daerah: Selangor<br>No:2395<br>Hex coord:(72;55),Saujana Impian. 43000 Kajang Municipal Council. Selangor. Malaysia,1,0,0,0,0,2,1,2023-03-10T19:10:41.7413186Z,1
3.0071098,101.8019507,Daerah: Selangor<br>No:2396<br>Hex coord:(73;55),Jalan Prima Saujana 4/1. Jenaris. 43000 SELANGOR Kajang. Selangor. Malaysia,0,0,0,0,0,2,1,2023-03-10T19:10:42.6613363Z,0
3.0148898,101.8154851,Daerah: Selangor<br>No:2397<br>Hex coord:(74;55),Taman Puncak Saujana. Kajang Municipal Council. Selangor. Malaysia,2,0,0,0,0,2,1,2023-03-10T19:10:43.5239015Z,0
3.0071098,101.8290196,Daerah: Selangor<br>No:2398<br>Hex coord:(75;55),Kajang Dispersal Link Expressway. Bandar Sungai Long. 43000 Kajang Municipal Council. Selangor. Malaysia,1,0,0,0,0,2,1,2023-03-10T19:10:44.3494696Z,0
3.0148898,101.8425541,Daerah: Selangor<br>No:2399<br>Hex coord:(76;55),Ladang Sungai Pening. Ulu Langat. Malaysia,0,0,0,0,0,1,1,2023-03-10T19:10:45.1184466Z,0
3.0071098,101.8560886,Daerah: Selangor<br>No:2400<br>Hex coord:(77;55),Hulu Langat. 43000 SELANGOR Kajang Municipal Council. Selangor. Malaysia,0,0,0,0,0,0,1,2023-03-10T19:10:45.8722094Z,0
3.0148898,101.869623,Daerah: Selangor<br>No:2401<br>Hex coord:(78;55),Sungai Batangsi. Semenyih. Ulu Langat. Malaysia,0,0,0,0,0,0,1,2023-03-10T19:10:46.5727719Z,0
3.0071098,101.8831575,Daerah: Selangor<br>No:2402<br>Hex coord:(79;55),Ladang Sungai Lalang. Ulu Langat. Malaysia,0,0,0,0,0,0,1,2023-03-10T19:10:47.2723704Z,0
3.0148898,101.896692,Daerah: Selangor<br>No:2403<br>Hex coord:(80;55),Hulu Langat. Kajang Municipal Council. Selangor. Malaysia,0,0,0,0,0,0,1,2023-03-10T19:10:47.9592075Z,0
3.0071098,101.9102265,Daerah: Selangor<br>No:2404<br>Hex coord:(81;55),Hulu Langat. Selangor. Malaysia,0,0,0,0,0,0,1,2023-03-10T19:10:48.6673317Z,0
3.0148898,101.9237609,Daerah: Selangor<br>No:2405<br>Hex coord:(82;55),Hulu Langat. Selangor. Malaysia,0,0,0,0,0,0,1,2023-03-10T19:10:49.3587710Z,0
3.0071098,101.9372954,Daerah: Selangor<br>No:2406<br>Hex coord:(83;55),Hulu Langat. Selangor. Malaysia,0,0,0,0,0,0,1,2023-03-10T19:10:50.0534752Z,0
2.9915498,101.2335027,Daerah: Selangor<br>No:2407<br>Hex coord:(31;56),Pulau Tengah Forest Reserve,0,0,0,0,0,0,1,2023-03-10T19:10:50.7479713Z,0
2.9993298,101.2470372,Daerah: Selangor<br>No:2408<br>Hex coord:(32;56),Pulau Tengah. 港尾路. Sungai Lima. Klang Municipal Council. Selangor. Malaysia,0,0,0,0,0,0,1,2023-03-10T19:10:51.4959027Z,0
2.9915498,101.2876406,Daerah: Selangor<br>No:2409<br>Hex coord:(35;56),Klang. Selangor. Malaysia,0,0,0,0,0,0,1,2023-03-10T19:10:52.1792163Z,0
2.9993298,101.3011751,Daerah: Selangor<br>No:2410<br>Hex coord:(36;56),Klang. Selangor. Malaysia,0,0,0,0,0,0,1,2023-03-10T19:10:52.8783500Z,0
2.9915498,101.3147096,Daerah: Selangor<br>No:2411<br>Hex coord:(37;56),Klang. Selangor. Malaysia,0,0,0,0,0,0,1,2023-03-10T19:10:53.5835838Z,0
2.9993298,101.328244,Daerah: Selangor<br>No:2412<br>Hex coord:(38;56),Sungai Melaka. Klang. Malaysia,0,0,0,0,0,0,1,2023-03-10T19:10:54.2723931Z,0
2.9915498,101.3688475,Daerah: Selangor<br>No:2413<br>Hex coord:(41;56),Tanjung Harapan. 42009 Klang Municipal Council. Selangor. Malaysia,0,0,0,0,0,0,1,2023-03-10T19:10:55.0235239Z,0
2.9915498,101.3959164,Daerah: Selangor<br>No:2414<br>Hex coord:(43;56),Pandamaran. 42009 Klang Municipal Council. Selangor. Malaysia,0,0,0,0,0,2,1,2023-03-10T19:10:55.8465778Z,0
2.9993298,101.4094509,Daerah: Selangor<br>No:2415<br>Hex coord:(44;56),Kontena Nasional Northport Branch. 1644 Lebuh Raja Lumu. 42000 Port Klang. Selangor. Malaysia,2,0,0,0,0,3,1,2023-03-10T19:10:56.7513122Z,2
2.9915498,101.4229854,Daerah: Selangor<br>No:2416<br>Hex coord:(45;56),Jalan Idaman 7. Pandamaran. 42000 Klang Municipal Council. Selangor. Malaysia,1,1,0,0,0,3,1,2023-03-10T19:10:57.6726602Z,2
2.9993298,101.4365198,Daerah: Selangor<br>No:2417<br>Hex coord:(46;56),Jalan Batu Nilam 22. Klang. Selangor. Malaysia,2,0,0,0,0,4,1,2023-03-10T19:10:58.6911618Z,8
2.9915498,101.4500543,Daerah: Selangor<br>No:2418<br>Hex coord:(47;56),GM Klang. Persiaran Remia 2. Bandar Botanic. 41200 Klang Municipal Council. Selangor. Malaysia,0,0,0,0,0,5,1,2023-03-10T19:10:59.7030621Z,0
2.9993298,101.4635888,Daerah: Selangor<br>No:2419<br>Hex coord:(48;56),Lorong Dato Abdul Hamid 1. Klang. Selangor. Malaysia,1,2,0,0,0,5,1,2023-03-10T19:11:00.7070016Z,4
2.9915498,101.4771233,Daerah: Selangor<br>No:2420<br>Hex coord:(49;56),Jalan Dato Abdul Hamid 30. Klang. Selangor. Malaysia,4,0,0,0,0,4,1,2023-03-10T19:11:01.6692300Z,4
2.9993298,101.4906577,Daerah: Selangor<br>No:2421<br>Hex coord:(50;56),Alam Impian. 40470 Klang Municipal Council. Selangor. Malaysia,1,0,0,0,0,4,1,2023-03-10T19:11:02.5974192Z,1
2.9915498,101.5041922,Daerah: Selangor<br>No:2422<br>Hex coord:(51;56),Jalan Kampung Batu 6. Shah Alam. Selangor. Malaysia,0,0,0,0,0,3,1,2023-03-10T19:11:03.5116632Z,0
2.9993298,101.5177267,Daerah: Selangor<br>No:2423<br>Hex coord:(52;56),Bukit Rimau Estate. Shah Alam. Petaling. Malaysia,1,0,0,0,0,4,1,2023-03-10T19:11:04.4256687Z,1
2.9915498,101.5312612,Daerah: Selangor<br>No:2424<br>Hex coord:(53;56),Randa Apartment. Shah Alam. Selangor. Malaysia,1,0,0,0,0,3,1,2023-03-10T19:11:05.3196769Z,1
2.9993298,101.5447956,Daerah: Selangor<br>No:2425<br>Hex coord:(54;56),Jalan Anggerik Oncidium 31/74. Kota Kemuning. 40460 Shah Alam. Selangor. Malaysia,1,0,0,0,0,3,1,2023-03-10T19:11:06.2097343Z,0
2.9915498,101.5583301,Daerah: Selangor<br>No:2426<br>Hex coord:(55;56),Jalan Besar. Putra Heights. 3168 Shah Alam. Selangor. Malaysia,1,0,0,0,0,3,1,2023-03-10T19:11:07.0919744Z,0
2.9993298,101.5718646,Daerah: Selangor<br>No:2427<br>Hex coord:(56;56),Putra Heights Police Station. 20 Jalan Putra Bahagia 8/4B. Shah Alam. Selangor. Malaysia,1,0,0,0,0,2,1,2023-03-10T19:11:08.0148956Z,0
2.9915498,101.5853991,Daerah: Selangor<br>No:2428<br>Hex coord:(57;56),Kampung Sri Andalas. 47150 Subang Jaya. Selangor. Malaysia,2,0,0,0,0,4,1,2023-03-10T19:11:08.9298407Z,1
2.9993298,101.5989335,Daerah: Selangor<br>No:2429<br>Hex coord:(58;56),Kampung Kuala Sungai Baru. 47150 Subang Jaya. Selangor. Malaysia,2,0,0,0,0,6,1,2023-03-10T19:11:09.8615456Z,4
2.9915498,101.612468,Daerah: Selangor<br>No:2430<br>Hex coord:(59;56),The Living Depot. 15.17.19 Jalan PU 7/4. 47160 Puchong. Selangor. Malaysia,1,0,0,0,0,5,1,2023-03-10T19:11:10.7482548Z,2
2.9993298,101.6260025,Daerah: Selangor<br>No:2431<br>Hex coord:(60;56),94 Lorong Bunga Cina 1. Kampung Batu 14. Puchong. 47100 Subang Jaya. Selangor. Malaysia,0,0,0,0,0,5,1,2023-03-10T19:11:11.6046898Z,1
2.9915498,101.639537,Daerah: Selangor<br>No:2432<br>Hex coord:(61;56),Restoran Aziz Maju. No.1-G Jalan SP3/1. 47110 Puchong. Selangor. Malaysia,0,0,0,0,0,5,1,2023-03-10T19:11:12.5160756Z,1
2.9993298,101.6530714,Daerah: Selangor<br>No:2433<br>Hex coord:(62;56),Jalan Lep 5/2. Seri Kembangan. Selangor. Malaysia,0,0,0,0,0,5,1,2023-03-10T19:11:13.4024475Z,0
2.9915498,101.6666059,Daerah: Selangor<br>No:2434<br>Hex coord:(63;56),Putra Permai. 62300 Subang Jaya. Selangor. Malaysia,0,0,0,0,0,0,1,2023-03-10T19:11:14.2940544Z,7
2.9993298,101.6801404,Daerah: Selangor<br>No:2435<br>Hex coord:(64;56),MB Performance. 59-1 Jalan Equine 10F. 43300 Seri Kembangan. Selangor. Malaysia,0,0,0,0,0,0,1,2023-03-10T19:11:15.1685886Z,0
2.9915498,101.6936749,Daerah: Selangor<br>No:2436<br>Hex coord:(65;56),Putra Permai. 43400 Subang Jaya. Selangor. Malaysia,0,0,0,0,0,0,1,2023-03-10T19:11:16.0351351Z,0
2.9993298,101.7072093,Daerah: Selangor<br>No:2437<br>Hex coord:(66;56),CIMB Bank. Jalan Bougainvilla. Seri Serdang. 43400 Subang Jaya. Selangor. Malaysia,0,0,0,0,0,0,1,2023-03-10T19:11:16.8623740Z,2
2.9915498,101.7207438,Daerah: Selangor<br>No:2438<br>Hex coord:(67;56),CWorks Systems Berhad. D-G-1. UPM-MTDC TIC III Lebuh Silikon. 43400 Serdang. Selangor. Malaysia,0,0,0,0,0,0,1,2023-03-10T19:11:17.6969906Z,0
2.9993298,101.7342783,Daerah: Selangor<br>No:2439<br>Hex coord:(68;56),Balakong. 43400 Kajang Municipal Council. Selangor. Malaysia,0,0,0,0,0,0,1,2023-03-10T19:11:18.5203552Z,0
2.9915498,101.7478128,Daerah: Selangor<br>No:2440<br>Hex coord:(69;56),Sungai Chua. 43000 KAJANG Kajang Municipal Council. Selangor. Malaysia,0,0,0,0,0,0,1,2023-03-10T19:11:19.4071989Z,1
2.9993298,101.7613472,Daerah: Selangor<br>No:2441<br>Hex coord:(70;56),Le Moon. 1/1 Persiaran Jade Hills Utama. 43000 Kajang. Selangor. Malaysia,0,0,0,0,0,1,1,2023-03-10T19:11:20.3162291Z,0
2.9915498,101.7748817,Daerah: Selangor<br>No:2442<br>Hex coord:(71;56),Jalan 16. 43000 Kajang. Selangor. Malaysia,0,0,0,0,0,2,1,2023-03-10T19:11:21.2598767Z,2
2.9993298,101.7884162,Daerah: Selangor<br>No:2443<br>Hex coord:(72;56),Taman Sri Minang. 43000 Kajang Municipal Council. Selangor. Malaysia,3,1,0,0,0,2,1,2023-03-10T19:11:22.2221077Z,17
2.9915498,101.8019507,Daerah: Selangor<br>No:2444<br>Hex coord:(73;56),Taman Bukit Cantik. Taman Sri Minang. 43000 SELANGOR Kajang. Selangor. Malaysia,1,1,0,0,0,2,1,2023-03-10T19:11:23.1756894Z,1
2.9993298,101.8154851,Daerah: Selangor<br>No:2445<br>Hex coord:(74;56),Domino's. Kajang. Ulu Langat. Malaysia,1,0,0,0,0,2,1,2023-03-10T19:11:24.0218280Z,1
2.9915498,101.8290196,Daerah: Selangor<br>No:2446<br>Hex coord:(75;56),Kajang Dispersal Link Expressway. Kajang Perdana. 43000 SELANGOR Kajang Municipal Council. Selangor. Malaysia,0,0,0,0,0,2,1,2023-03-10T19:11:24.8599266Z,0
2.9993298,101.8425541,Daerah: Selangor<br>No:2447<br>Hex coord:(76;56),Hulu Langat. 43000 SELANGOR Kajang Municipal Council. Selangor. Malaysia,0,0,0,0,0,2,1,2023-03-10T19:11:25.6341818Z,1
2.9915498,101.8560886,Daerah: Selangor<br>No:2448<br>Hex coord:(77;56),Semenyih. Hulu Langat. 43500 Kajang Municipal Council. Selangor. Malaysia,0,0,0,0,0,0,1,2023-03-10T19:11:26.4168475Z,0
2.9993298,101.869623,Daerah: Selangor<br>No:2449<br>Hex coord:(78;56),Bukit Berak. Semenyih. Ulu Langat. Malaysia,0,0,0,0,0,0,1,2023-03-10T19:11:27.1315562Z,0
2.9915498,101.8831575,Daerah: Selangor<br>No:2450<br>Hex coord:(79;56),Hulu Langat. Kajang Municipal Council. Selangor. Malaysia,0,0,0,0,0,0,1,2023-03-10T19:11:27.8401514Z,0
2.9993298,101.896692,Daerah: Selangor<br>No:2451<br>Hex coord:(80;56),Sungai Kachau. Ulu Langat. Malaysia,0,0,0,0,0,0,1,2023-03-10T19:11:28.5315436Z,0
2.9915498,101.9102265,Daerah: Selangor<br>No:2452<br>Hex coord:(81;56),Sungai Kepayang. Ulu Langat. Malaysia,0,0,0,0,0,0,1,2023-03-10T19:11:29.2242288Z,0
2.9993298,101.9237609,Daerah: Selangor<br>No:2453<br>Hex coord:(82;56),Hulu Langat. Selangor. Malaysia,0,0,0,0,0,0,1,2023-03-10T19:11:29.9062842Z,0
2.9837698,101.2199682,Daerah: Selangor<br>No:2454<br>Hex coord:(30;57),Selangor. Malaysia,0,0,0,0,0,0,1,2023-03-10T19:11:30.6047118Z,0
2.9837698,101.2741061,Daerah: Selangor<br>No:2455<br>Hex coord:(34;57),Klang. Selangor. Malaysia,0,0,0,0,0,0,1,2023-03-10T19:11:31.2916625Z,0
2.9759898,101.2876406,Daerah: Selangor<br>No:2456<br>Hex coord:(35;57),Klang. Selangor. Malaysia,0,0,0,0,0,0,1,2023-03-10T19:11:31.9892508Z,0
2.9837698,101.3011751,Daerah: Selangor<br>No:2457<br>Hex coord:(36;57),Klang. Selangor. Malaysia,0,0,0,0,0,0,1,2023-03-10T19:11:32.7129989Z,0
2.9759898,101.3417785,Daerah: Selangor<br>No:2458<br>Hex coord:(39;57),Bandar Armada Putra. Klang Municipal Council. Selangor. Malaysia,0,0,0,0,0,0,1,2023-03-10T19:11:33.4357534Z,1
2.9837698,101.355313,Daerah: Selangor<br>No:2459<br>Hex coord:(40;57),Bandar Armada Putra. 42009 Klang Municipal Council. Selangor. Malaysia,0,0,0,0,0,0,1,2023-03-10T19:11:34.1647857Z,2
2.9759898,101.3688475,Daerah: Selangor<br>No:2460<br>Hex coord:(41;57),Pulau Indah Expressway. Pandamaran. 42009 Klang Municipal Council. Selangor. Malaysia,0,0,0,0,0,0,1,2023-03-10T19:11:34.9185269Z,0
2.9759898,101.3959164,Daerah: Selangor<br>No:2461<br>Hex coord:(43;57),Ng Hua Workshop. Port Klang. Selangor. Malaysia,2,0,0,0,0,1,1,2023-03-10T19:11:35.7221038Z,0
2.9837698,101.4094509,Daerah: Selangor<br>No:2462<br>Hex coord:(44;57),Persiaran Permai 3. Pandamaran. 42009 Klang Municipal Council. Selangor. Malaysia,1,3,0,0,0,2,1,2023-03-10T19:11:36.5843118Z,0
2.9759898,101.4229854,Daerah: Selangor<br>No:2463<br>Hex coord:(45;57),Lorong Damar Merah 2A. Klang. Selangor. Malaysia,1,0,0,0,0,3,1,2023-03-10T19:11:37.4464345Z,0
2.9837698,101.4365198,Daerah: Selangor<br>No:2464<br>Hex coord:(46;57),Gravit8. Klang. Selangor. Malaysia,1,0,0,0,0,4,1,2023-03-10T19:11:38.4047805Z,3
2.9759898,101.4500543,Daerah: Selangor<br>No:2465<br>Hex coord:(47;57),Bayu Impian 28C/KS 9. Presint Cassia. 41200 Klang Municipal Council. Selangor. Malaysia,1,0,0,0,0,3,1,2023-03-10T19:11:39.3401566Z,1
2.9837698,101.4635888,Daerah: Selangor<br>No:2466<br>Hex coord:(48;57),Lorong Gelang 4. Bandar Puteri Klang. 41200 Klang Municipal Council. Selangor. Malaysia,1,0,0,0,0,4,1,2023-03-10T19:11:40.3052672Z,1
2.9759898,101.4771233,Daerah: Selangor<br>No:2467<br>Hex coord:(49;57),Taman Setia. 41200 Klang Municipal Council. Selangor. Malaysia,2,0,0,0,0,4,1,2023-03-10T19:11:41.2282300Z,1
2.9837698,101.4906577,Daerah: Selangor<br>No:2468<br>Hex coord:(50;57),West Coast Expressway. Taman Setia. 40460 Klang Municipal Council. Selangor. Malaysia,1,0,0,0,0,4,1,2023-03-10T19:11:42.1324648Z,0
2.9759898,101.5041922,Daerah: Selangor<br>No:2469<br>Hex coord:(51;57),Kota Kemuning. 40460 Klang Municipal Council. Selangor. Malaysia,0,0,0,0,0,3,1,2023-03-10T19:11:43.0121142Z,0
2.9837698,101.5177267,Daerah: Selangor<br>No:2470<br>Hex coord:(52;57),Jalan Sungai Renggam 32/12. Kota Kemuning. 40460 Shah Alam. Selangor. Malaysia,1,1,0,0,0,4,1,2023-03-10T19:11:43.8982178Z,1
2.9759898,101.5312612,Daerah: Selangor<br>No:2471<br>Hex coord:(53;57),Mesra Cafe. 43 Jalan Sungai Keranji Q 32/Q. 40460 Shah Alam. Selangor. Malaysia,0,1,0,0,0,3,1,2023-03-10T19:11:44.7668440Z,0
2.9837698,101.5447956,Daerah: Selangor<br>No:2472<br>Hex coord:(54;57),Persiaran Anggerik Aranda. Shah Alam. Selangor. Malaysia,2,0,0,0,0,3,1,2023-03-10T19:11:45.6471223Z,1
2.9759898,101.5583301,Daerah: Selangor<br>No:2473<br>Hex coord:(55;57),Section 29. 3168 Shah Alam. Selangor. Malaysia,0,0,0,0,0,3,1,2023-03-10T19:11:46.5282476Z,0
2.9837698,101.5718646,Daerah: Selangor<br>No:2474<br>Hex coord:(56;57),Jalan Putra Permai 10/4C. Shah Alam. Selangor. Malaysia,1,0,0,0,0,3,1,2023-03-10T19:11:47.4168879Z,0
2.9759898,101.5853991,Daerah: Selangor<br>No:2475<br>Hex coord:(57;57),42610 Sepang. Selangor. Malaysia,9,1,0,0,0,1,1,2023-03-10T19:11:48.3090446Z,1
2.9837698,101.5989335,Daerah: Selangor<br>No:2476<br>Hex coord:(58;57),Jalan Tasik Prima 4/2. Bandar Puchong Utama. 47140 Subang Jaya. Selangor. Malaysia,1,0,0,0,0,3,1,2023-03-10T19:11:49.2386828Z,3
2.9759898,101.612468,Daerah: Selangor<br>No:2477<br>Hex coord:(59;57),Jalan Meranti Jaya 1/13. Puchong. Selangor. Malaysia,1,0,0,0,0,3,1,2023-03-10T19:11:50.1215838Z,0
2.9837698,101.6260025,Daerah: Selangor<br>No:2478<br>Hex coord:(60;57),Dai Suwon Packaging Sdn Bhd. 36. Jalan BP 5/6. Bandar Bukit Puchong. 47100 Puchong. Selangor Jalan BP 5/6. 47100 Puchong. Selangor. Malaysia,1,0,0,0,0,3,1,2023-03-10T19:11:51.0049964Z,0
2.9759898,101.639537,Daerah: Selangor<br>No:2479<br>Hex coord:(61;57),16 Sierra. 47110 Sepang. Selangor. Malaysia,0,0,0,0,0,3,1,2023-03-10T19:11:51.8891840Z,3
2.9837698,101.6530714,Daerah: Selangor<br>No:2480<br>Hex coord:(62;57),Putra Permai. 47110 Subang Jaya. Selangor. Malaysia,3,0,0,0,0,1,1,2023-03-10T19:11:52.7999988Z,0
2.9759898,101.6666059,Daerah: Selangor<br>No:2481<br>Hex coord:(63;57),bitstore.com.my. 18-1. Block B. Pusat perniagaan The Atmosphere Jalan Atmosphere 4. Bandar Putra Permai. 43300 Seri Kembangan. Selangor. Malaysia,0,0,0,0,0,0,1,2023-03-10T19:11:53.7104564Z,1
2.9837698,101.6801404,Daerah: Selangor<br>No:2482<br>Hex coord:(64;57),Jalan Bpp 2/6. Seri Kembangan. Selangor. Malaysia,0,0,0,0,0,0,1,2023-03-10T19:11:54.6061997Z,0
2.9759898,101.6936749,Daerah: Selangor/Putrajaya<br>No:2483<br>Hex coord:(65;57),Persiaran Persekutuan. Precinct 13. 62502 Sepang. Putrajaya. Malaysia,0,0,0,0,0,0,1,2023-03-10T19:11:55.5571650Z,0
2.9837698,101.7072093,Daerah: Selangor<br>No:2484<br>Hex coord:(66;57),Persiaran MARDI - UPM. Serdang. Selangor. Malaysia,0,0,0,0,0,0,1,2023-03-10T19:11:56.4999184Z,0
2.9759898,101.7207438,Daerah: Selangor<br>No:2485<br>Hex coord:(67;57),Klinik Pakar. Jalan Cempaka. IOI Resort City. 62502 Sepang. Selangor. Malaysia,0,0,0,0,0,0,1,2023-03-10T19:11:57.3659366Z,0
2.9837698,101.7342783,Daerah: Selangor<br>No:2486<br>Hex coord:(68;57),Seksyen 11. 43000 KAJANG Sepang. Selangor. Malaysia,0,0,0,0,0,0,1,2023-03-10T19:11:58.2188915Z,0
2.9759898,101.7478128,Daerah: Selangor<br>No:2487<br>Hex coord:(69;57),Puspakom Bangi. Jalan P10/18. Kajang. Selangor. Malaysia,0,0,0,0,0,1,1,2023-03-10T19:11:59.1015929Z,0
2.9837698,101.7613472,Daerah: Selangor<br>No:2488<br>Hex coord:(70;57),Sungai Chua. 43000 Kajang Municipal Council. Selangor. Malaysia,0,0,0,0,0,2,1,2023-03-10T19:12:00.0128824Z,2
2.9759898,101.7748817,Daerah: Selangor<br>No:2489<br>Hex coord:(71;57),Jalan Taman Putra Kajang. Kajang. Selangor. Malaysia,1,1,0,0,0,2,1,2023-03-10T19:12:00.9522619Z,6
2.9837698,101.7884162,Daerah: Selangor<br>No:2490<br>Hex coord:(72;57),215 Jalan Desa Seroja 1. Kajang. Selangor. Malaysia,2,0,0,0,0,2,1,2023-03-10T19:12:01.8776213Z,2
2.9759898,101.8019507,Daerah: Selangor<br>No:2491<br>Hex coord:(73;57),Jalan Bukit Mewah 81. 43000 Kajang. Selangor. Malaysia,4,0,0,0,0,2,1,2023-03-10T19:12:02.8203801Z,2
2.9837698,101.8154851,Daerah: Selangor<br>No:2492<br>Hex coord:(74;57),HSBC. 1 Jalan KP 1/2. 43000 Selangor Kajang. Selangor. Malaysia,3,0,0,0,0,2,1,2023-03-10T19:12:03.7129540Z,1
2.9759898,101.8290196,Daerah: Selangor<br>No:2493<br>Hex coord:(75;57),Jalan Semenyih. Kajang 2. 43500 Kajang Municipal Council. Selangor. Malaysia,1,0,0,0,0,2,1,2023-03-10T19:12:04.5786910Z,0
2.9837698,101.8425541,Daerah: Selangor<br>No:2494<br>Hex coord:(76;57),Kuari Syarikat Industries. Kajang. Ulu Langat. Malaysia,0,0,0,0,0,2,1,2023-03-10T19:12:05.3883576Z,1
2.9759898,101.8560886,Daerah: Selangor<br>No:2495<br>Hex coord:(77;57),Bandar Sunway Semenyih. 43500 Kajang Municipal Council. Selangor. Malaysia,0,0,0,0,0,0,1,2023-03-10T19:12:06.1876889Z,0
2.9837698,101.869623,Daerah: Selangor<br>No:2496<br>Hex coord:(78;57),Jalan Impian 2. 43500 Semenyih. Selangor. Malaysia,0,0,0,0,0,0,1,2023-03-10T19:12:06.9183925Z,0
2.9759898,101.8831575,Daerah: Selangor<br>No:2497<br>Hex coord:(79;57),Semenyih. Ulu Langat. Malaysia,0,0,0,0,0,0,1,2023-03-10T19:12:07.6270154Z,0
2.9837698,101.896692,Daerah: Selangor<br>No:2498<br>Hex coord:(80;57),Ladang Saringgit. Ulu Langat. Malaysia,0,0,0,0,0,0,1,2023-03-10T19:12:08.3334734Z,0
2.9759898,101.9102265,Daerah: Selangor<br>No:2499<br>Hex coord:(81;57),Semenyih. Hulu Langat. 43500 Kajang Municipal Council. Selangor. Malaysia,0,0,0,0,0,0,1,2023-03-10T19:12:09.0251088Z,0
2.9837698,101.9237609,Daerah: Selangor<br>No:2500<br>Hex coord:(82;57),Hulu Langat. Selangor. Malaysia,0,0,0,0,0,0,1,2023-03-10T19:12:09.7218480Z,0
2.9604298,101.2064338,Daerah: Selangor<br>No:2501<br>Hex coord:(29;58),Selangor. Malaysia,0,0,0,0,0,0,1,2023-03-10T19:12:10.4087105Z,0
2.9682098,101.2199682,Daerah: Selangor<br>No:2502<br>Hex coord:(30;58),Klang. Selangor. Malaysia,0,0,0,0,0,0,1,2023-03-10T19:12:11.1019808Z,0
2.9682098,101.2741061,Daerah: Selangor<br>No:2503<br>Hex coord:(34;58),Klang. Selangor. Malaysia,0,0,0,0,0,0,1,2023-03-10T19:12:11.7905502Z,0
2.9604298,101.2876406,Daerah: Selangor<br>No:2504<br>Hex coord:(35;58),Pulau Selat Mahang. Lebuhraya Pulau Indah. Klang. Klang Municipal Council. Selangor. Malaysia,0,0,0,0,0,0,1,2023-03-10T19:12:12.4859650Z,0
2.9682098,101.3011751,Daerah: Selangor<br>No:2505<br>Hex coord:(36;58),Sungai Perigi Nanas. Klang. Malaysia,0,0,0,0,0,0,1,2023-03-10T19:12:13.1898520Z,0
2.9604298,101.3147096,Daerah: Selangor<br>No:2506<br>Hex coord:(37;58),Central Spectrum Flood Retention Pond. Selangor. Malaysia,0,0,0,0,0,0,1,2023-03-10T19:12:13.8996878Z,0
2.9682098,101.328244,Daerah: Selangor<br>No:2507<br>Hex coord:(38;58),Jalan Sungai Pinang 5/3. Selangor. Malaysia,0,0,0,0,0,0,1,2023-03-10T19:12:14.6020111Z,0
2.9604298,101.3417785,Daerah: Selangor<br>No:2508<br>Hex coord:(39;58),Jalan Sungai Pinang 4/8. Selangor. Malaysia,0,0,0,0,0,0,1,2023-03-10T19:12:15.3778543Z,0
2.9682098,101.355313,Daerah: Selangor<br>No:2509<br>Hex coord:(40;58),Pulau Indah Industrial Park. Klang. Selangor. Malaysia,0,0,0,0,0,0,1,2023-03-10T19:12:16.0918718Z,0
2.9682098,101.3823819,Daerah: Selangor<br>No:2510<br>Hex coord:(42;58),Klang. 42009 Klang Municipal Council. Selangor. Malaysia,0,0,0,0,0,0,1,2023-03-10T19:12:16.8463802Z,1
2.9604298,101.3959164,Daerah: Selangor<br>No:2511<br>Hex coord:(43;58),Jalan Udang Galah. Pandamaran. 42009 Port Klang. Selangor. Malaysia,0,0,0,0,0,0,1,2023-03-10T19:12:17.5975388Z,0
2.9682098,101.4094509,Daerah: Selangor<br>No:2512<br>Hex coord:(44;58),Sungai Dua. Klang. Malaysia,0,0,0,0,0,1,1,2023-03-10T19:12:18.4020319Z,0
2.9604298,101.4229854,Daerah: Selangor<br>No:2513<br>Hex coord:(45;58),Sungai Dua. Klang. Malaysia,0,0,0,0,0,1,1,2023-03-10T19:12:19.2316619Z,0
2.9682098,101.4365198,Daerah: Selangor<br>No:2514<br>Hex coord:(46;58),Pandamaran. 41200 Klang Municipal Council. Selangor. Malaysia,0,0,0,0,0,3,1,2023-03-10T19:12:20.1214975Z,0
2.9604298,101.4500543,Daerah: Selangor<br>No:2515<br>Hex coord:(47;58),Kampung Pendamar. 41200 Klang Municipal Council. Selangor. Malaysia,0,0,0,0,0,3,1,2023-03-10T19:12:20.9835867Z,0
2.9682098,101.4635888,Daerah: Selangor<br>No:2516<br>Hex coord:(48;58),Ambang Botanic 2. 41200 Klang Municipal Council. Selangor. Malaysia,0,0,0,0,0,4,1,2023-03-10T19:12:21.8544203Z,0
2.9604298,101.4771233,Daerah: Selangor<br>No:2517<br>Hex coord:(49;58),Taman Setia. 42500 Klang Municipal Council. Selangor. Malaysia,0,0,0,0,0,2,1,2023-03-10T19:12:22.7570433Z,0
2.9682098,101.4906577,Daerah: Selangor<br>No:2518<br>Hex coord:(50;58),Dermawan 9A Lorong. Klang. Selangor. Malaysia,0,0,0,0,0,3,1,2023-03-10T19:12:23.6265426Z,0
2.9604298,101.5041922,Daerah: Selangor<br>No:2519<br>Hex coord:(51;58),West Coast Expressway. Taman Setia. 42500 Klang Municipal Council. Selangor. Malaysia,1,0,0,0,0,2,1,2023-03-10T19:12:24.4746289Z,0
2.9682098,101.5177267,Daerah: Selangor<br>No:2520<br>Hex coord:(52;58),Kota Kemuning. 40460 Shah Alam. Selangor. Malaysia,3,1,0,0,0,2,1,2023-03-10T19:12:25.3318095Z,1
2.9604298,101.5312612,Daerah: Selangor<br>No:2521<br>Hex coord:(53;58),Home of Hope Orphanage. Lot 3161 Lorong Rabingan. Kampung Jalan Kebun. 40460 Shah Alam. Selangor. Malaysia,1,0,0,0,0,2,1,2023-03-10T19:12:26.1559482Z,0
2.9682098,101.5447956,Daerah: Selangor<br>No:2522<br>Hex coord:(54;58),Persiaran Anggerik Mokara. 40460 Shah Alam. Selangor. Malaysia,0,0,0,0,0,3,1,2023-03-10T19:12:27.0092398Z,1
2.9604298,101.5583301,Daerah: Selangor<br>No:2523<br>Hex coord:(55;58),Bandar Saujana Putra. 42610. Selangor. Malaysia,0,0,0,0,0,2,1,2023-03-10T19:12:27.8452030Z,0
2.9682098,101.5718646,Daerah: Selangor<br>No:2524<br>Hex coord:(56;58),Jalan Kampung Lombong. Bandar Saujana Putra. 42610 Puchong. Selangor. Malaysia,0,0,0,0,0,2,1,2023-03-10T19:12:28.7040993Z,0
2.9604298,101.5853991,Daerah: Selangor<br>No:2525<br>Hex coord:(57;58),Bandar Saujana Putra. 42610. Selangor. Malaysia,3,0,0,0,0,2,1,2023-03-10T19:12:29.5473020Z,3
2.9682098,101.5989335,Daerah: Selangor<br>No:2526<br>Hex coord:(58;58),Bandar Putra Perdana. 47120 Sepang. Selangor. Malaysia,1,0,0,0,0,1,1,2023-03-10T19:12:30.4134507Z,0
2.9604298,101.612468,Daerah: Selangor<br>No:2527<br>Hex coord:(59;58),Bandar Putra Perdana. 47130 Sepang. Selangor. Malaysia,3,0,0,0,0,1,1,2023-03-10T19:12:31.2670556Z,0
2.9682098,101.6260025,Daerah: Selangor<br>No:2528<br>Hex coord:(60;58),Jalan Pulau Meranti. 16 Sierra. 47120 Puchong. Selangor. Malaysia,0,0,0,0,0,3,1,2023-03-10T19:12:32.1732076Z,0
2.9604298,101.639537,Daerah: Selangor<br>No:2529<br>Hex coord:(61;58),Lorong Masjid. Cyber 2. 47120 Sepang. Selangor. Malaysia,1,0,0,0,0,1,1,2023-03-10T19:12:33.0878810Z,0
2.9682098,101.6530714,Daerah: Selangor<br>No:2530<br>Hex coord:(62;58),Sierra 6. 62300 Sepang. Selangor. Malaysia,2,0,0,0,0,1,1,2023-03-10T19:12:34.0129848Z,0
2.9604298,101.6666059,Daerah: Selangor/Putrajaya<br>No:2531<br>Hex coord:(63;58),SK Putrajaya Presint 11 (3). Jalan P11. Precinct 11. 62300 Putrajaya. Putrajaya. Malaysia,1,0,0,0,0,0,1,2023-03-10T19:12:34.9659920Z,1
2.9682098,101.6801404,Daerah: Selangor/Putrajaya<br>No:2532<br>Hex coord:(64;58),Precinct 11. 62300 Putrajaya. Putrajaya. Malaysia,0,0,0,0,0,0,1,2023-03-10T19:12:35.8993692Z,0
2.9604298,101.6936749,Daerah: Putrajaya<br>No:2533<br>Hex coord:(65;58),Nature Interpretive Centre. Putrajaya. Sepang. Malaysia,3,0,0,0,0,0,1,2023-03-10T19:12:36.8443284Z,0
2.9682098,101.7072093,Daerah: Selangor/Putrajaya<br>No:2534<br>Hex coord:(66;58),IOI Resort City. 62502 Sepang. Selangor. Malaysia,0,0,0,0,0,0,1,2023-03-10T19:12:37.7783816Z,0
2.9604298,101.7207438,Daerah: Selangor/Putrajaya<br>No:2535<br>Hex coord:(67;58),Persiaran Utara. IOI Resort City. 62500 Sepang. Selangor. Malaysia,0,0,0,0,0,0,1,2023-03-10T19:12:38.6941810Z,0
2.9682098,101.7342783,Daerah: Selangor<br>No:2536<br>Hex coord:(68;58),Universiti Tenaga Nasional. Jalan Kajang-Puchong. Seksyen 11. 43000 KAJANG Sepang. Selangor. Malaysia,0,0,0,0,0,1,1,2023-03-10T19:12:39.5873324Z,0
2.9604298,101.7478128,Daerah: Selangor<br>No:2537<br>Hex coord:(69;58),Merpati Apartment. 43650 Kajang. Selangor. Malaysia,1,0,0,0,0,1,1,2023-03-10T19:12:40.4769111Z,0
2.9682098,101.7613472,Daerah: Selangor<br>No:2538<br>Hex coord:(70;58),Kampung Sungai Ramal Dalam. 43650 Kajang Municipal Council. Selangor. Malaysia,3,0,0,0,0,1,1,2023-03-10T19:12:41.4059185Z,4
2.9604298,101.7748817,Daerah: Selangor<br>No:2539<br>Hex coord:(71;58),Jalan 4/3F. Kajang. Selangor. Malaysia,1,0,0,0,0,2,1,2023-03-10T19:12:42.2944688Z,0
2.9682098,101.7884162,Daerah: Selangor<br>No:2540<br>Hex coord:(72;58),Reko Central. 43000 Kajang. Selangor. Malaysia,0,0,0,0,0,3,1,2023-03-10T19:12:43.2568209Z,3
2.9604298,101.8019507,Daerah: Selangor<br>No:2541<br>Hex coord:(73;58),Kajang 2. 43000 Kajang Municipal Council. Selangor. Malaysia,3,0,0,0,0,2,1,2023-03-10T19:12:44.1647371Z,2
2.9682098,101.8154851,Daerah: Selangor<br>No:2542<br>Hex coord:(74;58),Kajang 2. 43000 SELANGOR Kajang Municipal Council. Selangor. Malaysia,0,0,0,0,0,2,1,2023-03-10T19:12:45.0585861Z,0
2.9604298,101.8290196,Daerah: Selangor<br>No:2543<br>Hex coord:(75;58),Kajang 2. 43500 Kajang Municipal Council. Selangor. Malaysia,0,0,0,0,0,1,1,2023-03-10T19:12:45.9026556Z,0
2.9682098,101.8425541,Daerah: Selangor<br>No:2544<br>Hex coord:(76;58),Swarm. Stone Path Foot Massage. Kajang 2. 43500 Kajang Municipal Council. Selangor. Malaysia,3,1,0,0,0,0,1,2023-03-10T19:12:46.7026327Z,0
2.9604298,101.8560886,Daerah: Selangor<br>No:2545<br>Hex coord:(77;58),Country Garden Diamond City. 43500 Kajang Municipal Council. Selangor. Malaysia,0,0,0,0,0,0,1,2023-03-10T19:12:47.4559380Z,0
2.9682098,101.869623,Daerah: Selangor<br>No:2546<br>Hex coord:(78;58),Restaurant Fish Valley Semenyih. Semenyih. Ulu Langat. Malaysia,0,0,0,0,0,0,1,2023-03-10T19:12:48.2050053Z,0
2.9604298,101.8831575,Daerah: Selangor<br>No:2547<br>Hex coord:(79;58),Sungai Tekali. Broga. Ulu Langat. Malaysia,4,0,0,0,0,0,1,2023-03-10T19:12:48.9341214Z,0
2.9682098,101.896692,Daerah: Selangor<br>No:2548<br>Hex coord:(80;58),Semenyih. Hulu Langat. 43500 Kajang Municipal Council. Selangor. Malaysia,0,0,0,0,0,0,1,2023-03-10T19:12:49.6451492Z,0
2.9604298,101.9102265,Daerah: Selangor<br>No:2549<br>Hex coord:(81;58),Gunung Tok Wan Trail. 71750 Kajang Municipal Council. Selangor. Malaysia,0,0,0,0,0,0,1,2023-03-10T19:12:50.3343122Z,0
2.9682098,101.9237609,Daerah: Selangor<br>No:2550<br>Hex coord:(82;58),Bukit Lapan Belas. Jelebu. Malaysia,0,0,0,0,0,0,1,2023-03-10T19:12:51.0248284Z,0
2.9448698,101.2335027,Daerah: Selangor<br>No:2551<br>Hex coord:(31;59),OVR Pure Land Airport. OVR Pure Land City Airport. Selangor. Malaysia,0,0,0,0,0,0,1,2023-03-10T19:12:51.7361245Z,0
2.9526498,101.2470372,Daerah: Selangor<br>No:2552<br>Hex coord:(32;59),Klang. Selangor. Malaysia,0,0,0,0,0,0,1,2023-03-10T19:12:52.4252756Z,0
2.9526498,101.2741061,Daerah: Selangor<br>No:2553<br>Hex coord:(34;59),Klang. Selangor. Malaysia,0,0,0,0,0,0,1,2023-03-10T19:12:53.1169473Z,0
2.9448698,101.2876406,Daerah: Selangor<br>No:2554<br>Hex coord:(35;59),Klang. Selangor. Malaysia,0,0,0,0,0,0,1,2023-03-10T19:12:53.8223929Z,0
2.9448698,101.3147096,Daerah: Selangor<br>No:2555<br>Hex coord:(37;59),Jalan Perigi Nanas 7/1. Selangor. Malaysia,0,0,0,0,0,0,1,2023-03-10T19:12:54.5334231Z,0
2.9526498,101.328244,Daerah: Selangor<br>No:2556<br>Hex coord:(38;59),Jalan Perigi Nanas 8/10. Selangor. Malaysia,0,0,0,0,0,0,1,2023-03-10T19:12:55.2334453Z,0
2.9448698,101.3417785,Daerah: Selangor<br>No:2557<br>Hex coord:(39;59),Klang. Klang Municipal Council. Selangor. Malaysia,1,0,0,0,0,0,1,2023-03-10T19:12:55.9449059Z,0
2.9526498,101.355313,Daerah: Selangor<br>No:2558<br>Hex coord:(40;59),Persiaran Pulau Lumut. Selangor. Malaysia,0,0,0,0,0,0,1,2023-03-10T19:12:56.6666244Z,0
2.9448698,101.3688475,Daerah: Selangor<br>No:2559<br>Hex coord:(41;59),Klang. Klang Municipal Council. Selangor. Malaysia,0,0,0,0,0,0,1,2023-03-10T19:12:57.3711006Z,0
2.9526498,101.3823819,Daerah: Selangor<br>No:2560<br>Hex coord:(42;59),Jalan Tengah. Selangor. Malaysia,0,0,0,0,0,0,1,2023-03-10T19:12:58.0936474Z,0
2.9448698,101.3959164,Daerah: Selangor<br>No:2561<br>Hex coord:(43;59),Kuala Langat. Teluk Panglima Garang. Selangor. Malaysia,0,0,0,0,0,0,1,2023-03-10T19:12:58.8193661Z,0
2.9526498,101.4094509,Daerah: Selangor<br>No:2562<br>Hex coord:(44;59),Kuala Langat. Teluk Panglima Garang. Selangor. Malaysia,0,0,0,0,0,1,1,2023-03-10T19:12:59.5847340Z,0
2.9448698,101.4229854,Daerah: Selangor<br>No:2563<br>Hex coord:(45;59),Sijangkang. Klang. Selangor. Malaysia,0,0,0,0,0,1,1,2023-03-10T19:13:00.3673154Z,0
2.9526498,101.4365198,Daerah: Selangor<br>No:2564<br>Hex coord:(46;59),Klang. 41200 Klang Municipal Council. Selangor. Malaysia,0,0,0,0,0,3,1,2023-03-10T19:13:01.1640385Z,0
2.9448698,101.4500543,Daerah: Selangor<br>No:2565<br>Hex coord:(47;59),Sijangkang. Selangor. Malaysia,0,0,0,0,0,3,1,2023-03-10T19:13:01.9702746Z,2
2.9526498,101.4635888,Daerah: Selangor<br>No:2566<br>Hex coord:(48;59),Jalan Sempadan Batu 7. Klang. Selangor. Malaysia,0,0,0,0,0,4,1,2023-03-10T19:13:02.8129885Z,1
2.9448698,101.4771233,Daerah: Selangor<br>No:2567<br>Hex coord:(49;59),Taman Medan Indah. 42500. Selangor. Malaysia,0,0,0,0,0,2,1,2023-03-10T19:13:03.6408769Z,0
2.9526498,101.4906577,Daerah: Selangor<br>No:2568<br>Hex coord:(50;59),Tropicana Aman. 42500. Selangor. Malaysia,0,0,0,0,0,1,1,2023-03-10T19:13:04.5318522Z,0
2.9448698,101.5041922,Daerah: Selangor<br>No:2569<br>Hex coord:(51;59),West Coast Expressway. Kampung Kebun Baru. 42500. Selangor. Malaysia,0,0,0,0,0,1,1,2023-03-10T19:13:05.3430127Z,0
2.9526498,101.5177267,Daerah: Selangor<br>No:2570<br>Hex coord:(52;59),Tropicana Aman. 42500 Klang Municipal Council. Selangor. Malaysia,0,0,0,0,0,1,1,2023-03-10T19:13:06.1438046Z,0
2.9448698,101.5312612,Daerah: Selangor<br>No:2571<br>Hex coord:(53;59),99 Speedmart. 22A Jalan Aman Sinaria 9. 42500 Shah Alam. Selangor. Malaysia,0,0,0,0,0,1,1,2023-03-10T19:13:06.9859889Z,1
2.9526498,101.5447956,Daerah: Selangor<br>No:2572<br>Hex coord:(54;59),Rimbayu Chinese Methodist Church. 48-1 Jalan Eco Sanctuari 8/2 B. 41200. Selangor. Malaysia,0,0,0,0,0,2,1,2023-03-10T19:13:07.8035491Z,1
2.9448698,101.5583301,Daerah: Selangor<br>No:2573<br>Hex coord:(55;59),Persiaran Bayu. Bandar Saujana Putra. 42610. Selangor. Malaysia,0,0,0,0,0,1,1,2023-03-10T19:13:08.6515541Z,0
2.9526498,101.5718646,Daerah: Selangor<br>No:2574<br>Hex coord:(56;59),Persiaran Bayu. Bandar Saujana Putra. 42610. Selangor. Malaysia,1,0,0,0,0,1,1,2023-03-10T19:13:09.5012987Z,1
2.9448698,101.5853991,Daerah: Selangor<br>No:2575<br>Hex coord:(57;59),Petronas. Lot 26103 Jalan SP 4/31. 42610 Jenjarom. Selangor. Malaysia,1,0,0,0,0,1,1,2023-03-10T19:13:10.3542236Z,3
2.9526498,101.5989335,Daerah: Selangor<br>No:2576<br>Hex coord:(58;59),E Island Residence. Jenjarom. Selangor. Malaysia,0,0,0,0,0,1,1,2023-03-10T19:13:11.1967703Z,0
2.9448698,101.612468,Daerah: Selangor<br>No:2577<br>Hex coord:(59;59),Tuck Heng Hardware Trading. 12 Jalan Putra Perdana 2/2. 47100 Puchong. Selangor. Malaysia,3,0,0,0,0,1,1,2023-03-10T19:13:12.0280068Z,1
2.9526498,101.6260025,Daerah: Selangor<br>No:2578<br>Hex coord:(60;59),Jalan Meranti 2. Puchong. Selangor. Malaysia,0,0,0,0,0,1,1,2023-03-10T19:13:12.9126858Z,0
2.9448698,101.639537,Daerah: Selangor<br>No:2579<br>Hex coord:(61;59),Putrajaya Link. Cyber 2. 63200 Cyberjaya. Selangor. Malaysia,0,0,0,0,0,1,1,2023-03-10T19:13:13.8620094Z,0
2.9526498,101.6530714,Daerah: Selangor<br>No:2580<br>Hex coord:(62;59),Ibu Pejabat Maju Expressway Sdn Bhd. Cyberjaya. Selangor. Malaysia,0,0,0,0,0,1,1,2023-03-10T19:13:14.8163038Z,0
2.9448698,101.6666059,Daerah: Selangor/Putrajaya<br>No:2581<br>Hex coord:(63;59),Persimpang Persiaran Utara. Putrajaya. Selangor. Malaysia,5,1,0,0,0,1,1,2023-03-10T19:13:15.7920882Z,0
2.9526498,101.6801404,Daerah: Putrajaya<br>No:2582<br>Hex coord:(64;59),Precinct 11. 62250 Putrajaya. Putrajaya. Malaysia,9,0,0,0,0,0,1,2023-03-10T19:13:16.7744567Z,1
2.9448698,101.6936749,Daerah: Putrajaya<br>No:2583<br>Hex coord:(65;59),散策. Persiaran Sultan Salahuddin Abdul Aziz Shah. Precinct 1. 62675 Putrajaya. Putrajaya. Malaysia,0,0,0,0,0,0,1,2023-03-10T19:13:17.6832424Z,0
2.9526498,101.7072093,Daerah: Putrajaya<br>No:2584<br>Hex coord:(66;59),PLANMalaysia (Jabatan Perancangan Bandar dan Desa). Blok F5 Parcel F. Presint 1. Pusat Pentadbiran Kerajaan Persekutuan. 62675 Putrajaya. Selangor. Malaysia,0,0,0,0,0,0,1,2023-03-10T19:13:18.5855094Z,0
2.9448698,101.7207438,Daerah: Putrajaya<br>No:2585<br>Hex coord:(67;59),Jalan Diplomatik. Diplomatic Precinct. 62050 Putrajaya. Putrajaya. Malaysia,5,0,0,0,0,1,1,2023-03-10T19:13:19.5485938Z,1
2.9526498,101.7342783,Daerah: Selangor/Putrajaya<br>No:2586<br>Hex coord:(68;59),Taman Air Hitam Permai. 43000 KAJANG. Selangor. Malaysia,2,0,0,0,0,1,1,2023-03-10T19:13:20.4342761Z,1
2.9448698,101.7478128,Daerah: Selangor<br>No:2587<br>Hex coord:(69;59),Pra Tahfiz Fuqaha. Kajang. Ulu Langat. Malaysia,1,0,0,0,0,1,1,2023-03-10T19:13:21.2829458Z,1
2.9526498,101.7613472,Daerah: Selangor<br>No:2588<br>Hex coord:(70;59),Persiaran Bandar. Seksyen 1. 43000 Kajang Municipal Council. Selangor. Malaysia,0,0,0,0,0,1,1,2023-03-10T19:13:22.1916584Z,0
2.9448698,101.7748817,Daerah: Selangor<br>No:2589<br>Hex coord:(71;59),Jalan 2/2B. Bangi. Selangor. Malaysia,1,0,0,0,0,1,1,2023-03-10T19:13:23.1294258Z,1
2.9526498,101.7884162,Daerah: Selangor<br>No:2590<br>Hex coord:(72;59),Kajang 2. 43600 Kajang Municipal Council. Selangor. Malaysia,0,0,0,0,0,2,1,2023-03-10T19:13:24.0850529Z,0
2.9448698,101.8019507,Daerah: Selangor<br>No:2591<br>Hex coord:(73;59),Muslim Cemetery Bandar Baru Bangi. Kajang. Ulu Langat. Malaysia,0,0,0,0,0,1,1,2023-03-10T19:13:24.9502416Z,0
2.9526498,101.8154851,Daerah: Selangor<br>No:2592<br>Hex coord:(74;59),Kajang 2. 43500 Kajang Municipal Council. Selangor. Malaysia,1,0,0,0,0,1,1,2023-03-10T19:13:25.8518353Z,2
2.9448698,101.8290196,Daerah: Selangor<br>No:2593<br>Hex coord:(75;59),Kajang East. 43500 Kajang Municipal Council. Selangor. Malaysia,0,0,0,0,0,0,1,2023-03-10T19:13:26.6787807Z,0
2.9526498,101.8425541,Daerah: Selangor<br>No:2594<br>Hex coord:(76;59),Kampung Baru Semenyih. 43500 Kajang Municipal Council. Selangor. Malaysia,2,0,0,0,0,0,1,2023-03-10T19:13:27.4855857Z,2
2.9448698,101.8560886,Daerah: Selangor<br>No:2595<br>Hex coord:(77;59),Orphanage. Semenyih. Ulu Langat. Malaysia,0,0,0,0,0,0,1,2023-03-10T19:13:28.2540616Z,0
2.9526498,101.869623,Daerah: Selangor<br>No:2596<br>Hex coord:(78;59),Taman Tasik Semenyih. 43700 Kajang Municipal Council. Selangor. Malaysia,1,0,0,0,0,0,1,2023-03-10T19:13:29.0326822Z,0
2.9448698,101.8831575,Daerah: Selangor<br>No:2597<br>Hex coord:(79;59),Taman Tasik Semenyih. 43700 Kajang Municipal Council. Selangor. Malaysia,0,0,0,0,0,0,1,2023-03-10T19:13:29.7962494Z,0
2.9526498,101.896692,Daerah: Selangor<br>No:2598<br>Hex coord:(80;59),Bukit Saringgit. Broga. Ulu Langat. Malaysia,0,0,0,0,0,0,1,2023-03-10T19:13:30.5417642Z,0
2.9448698,101.9102265,Daerah: Selangor<br>No:2599<br>Hex coord:(81;59),Hulu Langat. 71750 Kajang Municipal Council. Negeri Sembilan. Malaysia,0,0,0,0,0,0,1,2023-03-10T19:13:31.2506175Z,0
2.9293098,101.2335027,Daerah: Selangor<br>No:2600<br>Hex coord:(31;60),Klang. Selangor. Malaysia,0,0,0,0,0,0,1,2023-03-10T19:13:31.9471688Z,0
2.9370898,101.2470372,Daerah: Selangor<br>No:2601<br>Hex coord:(32;60),OVR VI-Mall. Jalan FZ 5-P5. Port Klang Free Zone. Klang Municipal Council. Selangor. Malaysia,0,0,0,0,0,0,1,2023-03-10T19:13:32.6309784Z,0
2.9370898,101.2741061,Daerah: Selangor<br>No:2602<br>Hex coord:(34;60),Klang. Selangor. Malaysia,0,0,0,0,0,0,1,2023-03-10T19:13:33.3230398Z,0
2.9370898,101.3011751,Daerah: Selangor<br>No:2603<br>Hex coord:(36;60),West Port. Klang Municipal Council. Selangor. Malaysia,0,0,0,0,0,0,1,2023-03-10T19:13:34.0334797Z,1
2.9293098,101.3147096,Daerah: Selangor<br>No:2604<br>Hex coord:(37;60),Klang. Klang Municipal Council. Selangor. Malaysia,1,0,0,0,0,0,1,2023-03-10T19:13:34.7459372Z,4
2.9370898,101.328244,Daerah: Selangor<br>No:2605<br>Hex coord:(38;60),Klang. Klang Municipal Council. Selangor. Malaysia,1,0,0,0,0,0,1,2023-03-10T19:13:35.4591573Z,3
2.9293098,101.3688475,Daerah: Selangor<br>No:2606<br>Hex coord:(41;60),Klang. Klang Municipal Council. Selangor. Malaysia,0,0,0,0,0,0,1,2023-03-10T19:13:36.1630052Z,0
2.9370898,101.3823819,Daerah: Selangor<br>No:2607<br>Hex coord:(42;60),Klang. Klang Municipal Council. Selangor. Malaysia,0,0,0,0,0,0,1,2023-03-10T19:13:36.8918028Z,0
2.9293098,101.3959164,Daerah: Selangor<br>No:2608<br>Hex coord:(43;60),Kuala Langat. Teluk Panglima Garang. Selangor. Malaysia,0,0,0,0,0,0,1,2023-03-10T19:13:37.6010627Z,0
2.9370898,101.4094509,Daerah: Selangor<br>No:2609<br>Hex coord:(44;60),Langat River. Kuala Langat. Malaysia,0,0,0,0,0,0,1,2023-03-10T19:13:38.3470474Z,0
2.9293098,101.4229854,Daerah: Selangor<br>No:2610<br>Hex coord:(45;60),Sijangkang. Selangor. Malaysia,0,0,0,0,0,0,1,2023-03-10T19:13:39.0850241Z,0
2.9370898,101.4365198,Daerah: Selangor<br>No:2611<br>Hex coord:(46;60),Sijangkang. Selangor. Malaysia,0,0,0,0,0,1,1,2023-03-10T19:13:39.8628108Z,0
2.9293098,101.4500543,Daerah: Selangor<br>No:2612<br>Hex coord:(47;60),Villa ANZA. No. 2. Jalan Kenari 2/1 Taman Medan Jaya. 42500 Teluk Panglima Garang. Selangor. Malaysia,1,0,0,0,0,1,1,2023-03-10T19:13:40.6296348Z,0
2.9370898,101.4635888,Daerah: Selangor<br>No:2613<br>Hex coord:(48;60),Jalan Orkid. Sijangkang. 42500 Teluk Panglima Garang. Selangor. Malaysia,0,0,0,0,0,2,1,2023-03-10T19:13:41.4391641Z,0
2.9293098,101.4771233,Daerah: Selangor<br>No:2614<br>Hex coord:(49;60),Tanah Perkuburan Islam Kg Medan. Teluk Panglima Garang. Selangor. Malaysia,0,0,0,0,0,1,1,2023-03-10T19:13:42.2260688Z,0
2.9370898,101.4906577,Daerah: Selangor<br>No:2615<br>Hex coord:(50;60),Kampung Kebun Baru. 42500. Selangor. Malaysia,0,0,0,0,0,2,1,2023-03-10T19:13:43.0326939Z,0
2.9293098,101.5041922,Daerah: Selangor<br>No:2616<br>Hex coord:(51;60),Desa Anggerik. Teluk Panglima Garang. Selangor. Malaysia,2,0,0,0,0,1,1,2023-03-10T19:13:43.8533140Z,0
2.9370898,101.5177267,Daerah: Selangor<br>No:2617<br>Hex coord:(52;60),Tropicana Aman. 42500. Selangor. Malaysia,0,0,0,0,0,0,1,2023-03-10T19:13:44.6704959Z,0
2.9293098,101.5312612,Daerah: Selangor<br>No:2618<br>Hex coord:(53;60),Bandar Rimbayu. 42500. Selangor. Malaysia,0,0,0,0,0,0,1,2023-03-10T19:13:45.4677472Z,0
2.9370898,101.5447956,Daerah: Selangor<br>No:2619<br>Hex coord:(54;60),Bandar Rimbayu. 42500. Selangor. Malaysia,0,0,0,0,0,0,1,2023-03-10T19:13:46.2948577Z,0
2.9293098,101.5583301,Daerah: Selangor<br>No:2620<br>Hex coord:(55;60),Bandar Rimbayu. 42500. Selangor. Malaysia,0,0,0,0,0,0,1,2023-03-10T19:13:47.0873501Z,0
2.9370898,101.5718646,Daerah: Selangor<br>No:2621<br>Hex coord:(56;60),Bandar Saujana Putra. 42610. Selangor. Malaysia,1,0,0,0,0,0,1,2023-03-10T19:13:47.8815158Z,1
2.9293098,101.5853991,Daerah: Selangor<br>No:2622<br>Hex coord:(57;60),Bandar Saujana Putra. 42610. Selangor. Malaysia,1,0,0,0,0,1,1,2023-03-10T19:13:48.7010094Z,0
2.9370898,101.5989335,Daerah: Selangor<br>No:2623<br>Hex coord:(58;60),Millennium Water Treatment & Eng Sdn Bhd. Puchong. Sepang. Malaysia,1,0,0,0,0,1,1,2023-03-10T19:13:49.5055950Z,1
2.9293098,101.612468,Daerah: Selangor<br>No:2624<br>Hex coord:(59;60),Bandar Nusaputra. 47130 Sepang. Selangor. Malaysia,1,0,0,0,0,1,1,2023-03-10T19:13:50.3013140Z,0
2.9370898,101.6260025,Daerah: Selangor<br>No:2625<br>Hex coord:(60;60),Lebuhraya Utara–Selatan Hubungan Tengah (Hubungan Putrajaya). Puchong. Selangor. Malaysia,4,0,0,0,0,1,1,2023-03-10T19:13:51.1450504Z,1
2.9293098,101.639537,Daerah: Selangor<br>No:2626<br>Hex coord:(61;60),Multimedia University. Persiaran Bestari. Cyber 11. 63200 Cyberjaya. Selangor. Malaysia,10,0,0,0,0,1,1,2023-03-10T19:13:52.0050151Z,1
2.9370898,101.6530714,Daerah: Selangor<br>No:2627<br>Hex coord:(62;60),Jabatan Perkhidmatan Awam. 3200 Jalan Teknokrat 2. 63000 Cyberjaya. Selangor. Malaysia,0,0,0,0,0,1,1,2023-03-10T19:13:52.9556882Z,0
2.9293098,101.6666059,Daerah: Selangor<br>No:2628<br>Hex coord:(63;60),Persimpangan Putrajaya-Cyberjaya. Cyberjaya. Selangor. Malaysia,0,0,0,0,0,0,1,2023-03-10T19:13:53.8849879Z,0
2.9370898,101.6801404,Daerah: Putrajaya<br>No:2629<br>Hex coord:(64;60),Lebuh Sentosa. 62250 Putrajaya. Selangor. Malaysia,10,0,0,0,0,0,1,2023-03-10T19:13:54.9149518Z,2
2.9293098,101.6936749,Daerah: Putrajaya<br>No:2630<br>Hex coord:(65;60),Taman Wawasan. Putrajaya. Sepang. Malaysia,0,0,0,0,0,0,1,2023-03-10T19:13:55.8978000Z,0
2.9370898,101.7072093,Daerah: Putrajaya<br>No:2631<br>Hex coord:(66;60),University Malaysia Of Computer Science & Engineering. Menara Z10 Jalan Alamanda 2. 62000 Putrajaya. Selangor. Malaysia,6,0,0,0,0,0,1,2023-03-10T19:13:56.8413745Z,0
2.9293098,101.7207438,Daerah: Selangor/Putrajaya<br>No:2632<br>Hex coord:(67;60),Kampung Desa Putra. 62000 Sepang. Selangor. Malaysia,1,0,0,0,0,0,1,2023-03-10T19:13:57.7264517Z,0
2.9370898,101.7342783,Daerah: Selangor/Putrajaya<br>No:2633<br>Hex coord:(68;60),Desa Sri Melor 2. 62050 Sepang. Selangor. Malaysia,1,0,0,0,0,1,1,2023-03-10T19:13:58.5830237Z,0
2.9293098,101.7478128,Daerah: Selangor<br>No:2634<br>Hex coord:(69;60),Kampung Sungai Merab Jaya. 63450 Sepang. Selangor. Malaysia,1,0,0,0,0,1,1,2023-03-10T19:13:59.4555996Z,0
2.9370898,101.7613472,Daerah: Selangor<br>No:2635<br>Hex coord:(70;60),Seksyen 13. 43000 Kajang Municipal Council. Selangor. Malaysia,0,0,0,0,0,1,1,2023-03-10T19:14:00.3370268Z,0
2.9293098,101.7748817,Daerah: Selangor<br>No:2636<br>Hex coord:(71;60),Seksyen 3. 43000 Kajang Municipal Council. Selangor. Malaysia,0,0,0,0,0,1,1,2023-03-10T19:14:01.1772780Z,0
2.9370898,101.7884162,Daerah: Selangor<br>No:2637<br>Hex coord:(72;60),Danau Golf Club. Persiaran Universiti. Kajang 2. 43600 Kajang Municipal Council. Selangor. Malaysia,0,0,0,0,0,1,1,2023-03-10T19:14:02.0425841Z,0
2.9293098,101.8019507,Daerah: Selangor<br>No:2638<br>Hex coord:(73;60),Jalan Desa 4. 43600 Kajang. Selangor. Malaysia,1,0,0,0,0,1,1,2023-03-10T19:14:02.8709014Z,1
2.9370898,101.8154851,Daerah: Selangor<br>No:2639<br>Hex coord:(74;60),Sungai Tangkas Estate. Semenyih. Ulu Langat. Malaysia,0,0,0,0,0,0,1,2023-03-10T19:14:03.7306171Z,0
2.9293098,101.8290196,Daerah: Selangor<br>No:2640<br>Hex coord:(75;60),Serene Heights. 43500 Kajang Municipal Council. Selangor. Malaysia,0,0,0,0,0,0,1,2023-03-10T19:14:04.5213729Z,0
2.9370898,101.8425541,Daerah: Selangor<br>No:2641<br>Hex coord:(76;60),Ladang Ternakan Babi. Semenyih. Ulu Langat. Malaysia,1,0,0,0,0,0,1,2023-03-10T19:14:05.3050009Z,1
2.9293098,101.8560886,Daerah: Selangor<br>No:2642<br>Hex coord:(77;60),KFC. 1 Jalan TPS 1/1. 43500 Semenyih. Selangor. Malaysia,0,0,0,0,0,0,1,2023-03-10T19:14:06.1018966Z,4
2.9370898,101.869623,Daerah: Selangor<br>No:2643<br>Hex coord:(78;60),Das Abdul Global. 3a Jalan 6/11. Kawasan Perindustrian Bandar Rinching. Semenyih. Selangor. Malaysia,0,0,0,0,0,0,1,2023-03-10T19:14:06.8733464Z,1
2.9293098,101.8831575,Daerah: Selangor<br>No:2644<br>Hex coord:(79;60),Ladang Balau. Semenyih. Ulu Langat. Malaysia,0,0,0,0,0,0,1,2023-03-10T19:14:07.6120094Z,0
2.9370898,101.896692,Daerah: Selangor<br>No:2645<br>Hex coord:(80;60),Institut Memandu Megah Wangsa. 868. Bt 25 Jalan Broga. Semenyih. Selangor. Malaysia,0,0,0,0,0,0,1,2023-03-10T19:14:08.3548495Z,0
2.9215298,101.2470372,Daerah: Selangor<br>No:2646<br>Hex coord:(32;61),Klang. Selangor. Malaysia,0,0,0,0,0,0,1,2023-03-10T19:14:09.0390954Z,0
2.9215298,101.2741061,Daerah: Selangor<br>No:2647<br>Hex coord:(34;61),Klang. Selangor. Malaysia,0,0,0,0,0,0,1,2023-03-10T19:14:09.7372331Z,0
2.9137498,101.2876406,Daerah: Selangor<br>No:2648<br>Hex coord:(35;61),Sungai Teruntum Besar. Klang. Malaysia,0,0,0,0,0,0,1,2023-03-10T19:14:10.4379947Z,0
2.9215298,101.3011751,Daerah: Selangor<br>No:2649<br>Hex coord:(36;61),Klang. Klang Municipal Council. Selangor. Malaysia,0,0,0,0,0,0,1,2023-03-10T19:14:11.1388107Z,0
2.9137498,101.3147096,Daerah: Selangor<br>No:2650<br>Hex coord:(37;61),Klang. Klang Municipal Council. Selangor. Malaysia,0,0,0,0,0,0,1,2023-03-10T19:14:11.8446857Z,0
2.9215298,101.328244,Daerah: Selangor<br>No:2651<br>Hex coord:(38;61),Klang. Klang Municipal Council. Selangor. Malaysia,0,0,0,0,0,0,1,2023-03-10T19:14:12.5512485Z,0
2.9215298,101.355313,Daerah: Selangor<br>No:2652<br>Hex coord:(40;61),Carey Island Estate. Kuala Langat. Malaysia,0,0,0,0,0,0,1,2023-03-10T19:14:13.2648094Z,0
2.9137498,101.3688475,Daerah: Selangor<br>No:2653<br>Hex coord:(41;61),Klang. Klang Municipal Council. Selangor. Malaysia,0,0,0,0,0,0,1,2023-03-10T19:14:13.9669228Z,0
2.9215298,101.3823819,Daerah: Selangor<br>No:2654<br>Hex coord:(42;61),Sungai Rawan. Kuala Langat. Malaysia,0,0,0,0,0,0,1,2023-03-10T19:14:14.6605283Z,1
2.9137498,101.3959164,Daerah: Selangor<br>No:2655<br>Hex coord:(43;61),Kuala Langat. Selangor. Malaysia,0,0,0,0,0,0,1,2023-03-10T19:14:15.4327312Z,0
2.9215298,101.4094509,Daerah: Selangor<br>No:2656<br>Hex coord:(44;61),Sijangkang. Selangor. Malaysia,0,0,0,0,0,0,1,2023-03-10T19:14:16.1429066Z,0
2.9137498,101.4229854,Daerah: Selangor<br>No:2657<br>Hex coord:(45;61),Sijangkang. Selangor. Malaysia,0,0,0,0,0,1,1,2023-03-10T19:14:16.8744486Z,0
2.9215298,101.4365198,Daerah: Selangor<br>No:2658<br>Hex coord:(46;61),Sijangkang. Selangor. Malaysia,0,0,0,0,0,1,1,2023-03-10T19:14:17.6377798Z,0
2.9137498,101.4500543,Daerah: Selangor<br>No:2659<br>Hex coord:(47;61),Jalan Teluk Mengkuang. Teluk Panglima Garang. Selangor. Malaysia,0,0,0,0,0,1,1,2023-03-10T19:14:18.4066759Z,0
2.9215298,101.4635888,Daerah: Selangor<br>No:2660<br>Hex coord:(48;61),Kohoku Electronics (M) Sdn. Bhd. LOT2 Jalan Waja 15. 42500 Teluk Panglima Garang. Selangor. Malaysia,0,0,0,0,0,1,1,2023-03-10T19:14:19.1867185Z,0
2.9137498,101.4771233,Daerah: Selangor<br>No:2661<br>Hex coord:(49;61),Taman Jaya Utama. 42500. Selangor. Malaysia,0,0,0,0,0,1,1,2023-03-10T19:14:19.9947727Z,1
2.9215298,101.4906577,Daerah: Selangor<br>No:2662<br>Hex coord:(50;61),Taman Desa Wira. 42500. Selangor. Malaysia,0,0,0,0,0,1,1,2023-03-10T19:14:20.8013279Z,1
2.9137498,101.5041922,Daerah: Selangor<br>No:2663<br>Hex coord:(51;61),Kampung Kebun Baru. 42500. Selangor. Malaysia,0,0,0,0,0,1,1,2023-03-10T19:14:21.5972427Z,1
2.9215298,101.5177267,Daerah: Selangor<br>No:2664<br>Hex coord:(52;61),Kampung Kebun Baru. 42500. Selangor. Malaysia,0,0,0,0,0,0,1,2023-03-10T19:14:22.3660477Z,0
2.9137498,101.5312612,Daerah: Selangor<br>No:2665<br>Hex coord:(53;61),Heavy vehicle parking. Teluk Panglima Garang. Selangor. Malaysia,0,0,0,0,0,0,1,2023-03-10T19:14:23.1212495Z,0
2.9215298,101.5447956,Daerah: Selangor<br>No:2666<br>Hex coord:(54;61),Lebuhraya Lembah Klang Selatan. Selangor. Malaysia,0,0,0,0,0,0,1,2023-03-10T19:14:23.9269222Z,0
2.9137498,101.5583301,Daerah: Selangor<br>No:2667<br>Hex coord:(55;61),Bandar Rimbayu. 42500. Selangor. Malaysia,0,0,0,0,0,0,1,2023-03-10T19:14:24.7110184Z,0
2.9215298,101.5718646,Daerah: Selangor<br>No:2668<br>Hex coord:(56;61),Bandar Rimbayu. 42500. Selangor. Malaysia,0,0,0,0,0,0,1,2023-03-10T19:14:25.5100604Z,0
2.9137498,101.5853991,Daerah: Selangor<br>No:2669<br>Hex coord:(57;61),Bandar Saujana Putra. 42610. Selangor. Malaysia,0,0,0,0,0,0,1,2023-03-10T19:14:26.3266945Z,0
2.9215298,101.5989335,Daerah: Selangor<br>No:2670<br>Hex coord:(58;61),Exit 607 Putrajaya. Kuala Langat. 47130 Puchong. Selangor. Malaysia,0,0,0,0,0,1,1,2023-03-10T19:14:27.1162540Z,0
2.9137498,101.612468,Daerah: Selangor<br>No:2671<br>Hex coord:(59;61),Bandar Nusaputra. 47130 Sepang. Selangor. Malaysia,0,0,0,0,0,1,1,2023-03-10T19:14:27.9233940Z,0
2.9215298,101.6260025,Daerah: Selangor<br>No:2672<br>Hex coord:(60;61),Bandar Nusaputra. 63000 Sepang. Selangor. Malaysia,5,0,0,0,0,1,1,2023-03-10T19:14:28.7970803Z,0
2.9137498,101.639537,Daerah: Selangor<br>No:2673<br>Hex coord:(61;61),Symphony HIlls. 18 Jalan Schubert 1C. Cyberjaya. Selangor. Malaysia,6,0,0,0,0,1,1,2023-03-10T19:14:29.6596425Z,1
2.9215298,101.6530714,Daerah: Selangor<br>No:2674<br>Hex coord:(62;61),Maju Expressway. Cyber 5. 63000 SEPANG Cyberjaya. Selangor. Malaysia,5,0,0,0,0,1,1,2023-03-10T19:14:30.5729097Z,0
2.9137498,101.6666059,Daerah: Selangor<br>No:2675<br>Hex coord:(63;61),63000 SEPANG Cyberjaya. Selangor. Malaysia,1,0,0,0,0,0,1,2023-03-10T19:14:31.4885773Z,1
2.9215298,101.6801404,Daerah: Putrajaya<br>No:2676<br>Hex coord:(64;61),Tuanku Mizan Zainal Abidin Mosque. Kiblat Walk. Precinct 3. 62100 Putrajaya. Putrajaya. Malaysia,4,0,0,0,0,0,1,2023-03-10T19:14:32.4308355Z,1
2.9137498,101.6936749,Daerah: Putrajaya<br>No:2677<br>Hex coord:(65;61),Jalan P18 K1/2. Precinct 18. Putrajaya. Malaysia,8,0,0,0,0,0,1,2023-03-10T19:14:33.4479820Z,1
2.9215298,101.7072093,Daerah: Selangor/Putrajaya<br>No:2678<br>Hex coord:(66;61),IPB Putrajaya. Persiaran Timur. Desa Pinggiran Putra. 62000 Sepang. Putrajaya. Malaysia,6,0,0,0,0,0,1,2023-03-10T19:14:34.3901622Z,0
2.9137498,101.7207438,Daerah: Selangor<br>No:2679<br>Hex coord:(67;61),Lengkok Mekar 2. Pinggiran Putra. 43800 DENGKIL Kajang. Selangor. Malaysia,0,0,0,0,0,0,1,2023-03-10T19:14:35.2342918Z,0
2.9215298,101.7342783,Daerah: Selangor<br>No:2680<br>Hex coord:(68;61),B13 Jalan Sungai Merab. Sepang. Malaysia,1,0,0,0,0,1,1,2023-03-10T19:14:36.0609364Z,0
2.9137498,101.7478128,Daerah: Selangor<br>No:2681<br>Hex coord:(69;61),Desa Sentosa. 63450 Sepang. Selangor. Malaysia,3,0,0,0,0,1,1,2023-03-10T19:14:36.8972417Z,1
2.9215298,101.7613472,Daerah: Selangor<br>No:2682<br>Hex coord:(70;61),Taman Jernang Jaya. 43000 Kajang Municipal Council. Selangor. Malaysia,2,0,0,0,0,1,1,2023-03-10T19:14:37.7277910Z,0
2.9137498,101.7748817,Daerah: Selangor<br>No:2683<br>Hex coord:(71;61),Pusat Penyelidikan Tenaga Tun Doktor Ismail. Bangi. Ulu Langat. Malaysia,0,0,0,0,0,1,1,2023-03-10T19:14:38.5404248Z,0
2.9215298,101.7884162,Daerah: Selangor<br>No:2684<br>Hex coord:(72;61),Seksyen 3. 43600 Kajang Municipal Council. Selangor. Malaysia,0,0,0,0,0,1,1,2023-03-10T19:14:39.3649644Z,0
2.9137498,101.8019507,Daerah: Selangor<br>No:2685<br>Hex coord:(73;61),Serene Heights. 43600 Kajang Municipal Council. Selangor. Malaysia,1,0,0,0,0,0,1,2023-03-10T19:14:40.1615791Z,0
2.9215298,101.8154851,Daerah: Selangor<br>No:2686<br>Hex coord:(74;61),Dbukit Farm. Jalan Bangi Semenyih Kampung Batu 3. 43500 Semenyih. Selangor. Malaysia,0,0,0,0,0,0,1,2023-03-10T19:14:40.9517510Z,1
2.9137498,101.8290196,Daerah: Selangor<br>No:2687<br>Hex coord:(75;61),Jalan Lestari Mewah 3. Semenyih. Selangor. Malaysia,0,0,0,0,0,0,1,2023-03-10T19:14:41.7299264Z,0
2.9215298,101.8425541,Daerah: Selangor<br>No:2688<br>Hex coord:(76;61),Jalan Ecohill 1. 43700 Semenyih. Selangor. Malaysia,1,0,0,0,0,0,1,2023-03-10T19:14:42.5067307Z,0
2.9137498,101.8560886,Daerah: Selangor<br>No:2689<br>Hex coord:(77;61),Jalan Kesuma 1/2. Kampung Rinching Hulu. 43700 Beranang. Selangor. Malaysia,0,0,0,0,0,0,1,2023-03-10T19:14:43.2767467Z,1
2.9215298,101.869623,Daerah: Selangor<br>No:2690<br>Hex coord:(78;61),Bandar Tasik Kesuma Fasa 4. 43700 Kajang Municipal Council. Selangor. Malaysia,2,1,0,0,0,0,1,2023-03-10T19:14:44.0087146Z,1
2.9137498,101.8831575,Daerah: Selangor<br>No:2691<br>Hex coord:(79;61),Batu Rembau. 43700 Kajang Municipal Council. Selangor. Malaysia,0,0,0,0,0,0,1,2023-03-10T19:14:44.7651539Z,0
2.9215298,101.896692,Daerah: Selangor<br>No:2692<br>Hex coord:(80;61),Fasa 9C. Bandar Tasik Kesuma. 71750 Kajang Municipal Council. Selangor. Malaysia,0,0,0,0,0,0,1,2023-03-10T19:14:45.4680192Z,0
2.8981898,101.2876406,Daerah: Selangor<br>No:2693<br>Hex coord:(35;62),Port Klang Free Zone. Klang Municipal Council. Selangor. Malaysia,0,0,0,0,0,0,1,2023-03-10T19:14:46.1742540Z,0
2.9059698,101.3011751,Daerah: Selangor<br>No:2694<br>Hex coord:(36;62),Port Klang Free Zone. Klang Municipal Council. Selangor. Malaysia,0,0,0,0,0,0,1,2023-03-10T19:14:46.8435549Z,0
2.8981898,101.3147096,Daerah: Selangor<br>No:2695<br>Hex coord:(37;62),Kuala Langat. Selangor. Malaysia,0,0,0,0,0,0,1,2023-03-10T19:14:47.5439207Z,0
2.8981898,101.3417785,Daerah: Selangor<br>No:2696<br>Hex coord:(39;62),Sungai Tanjong. Kuala Langat. Malaysia,0,0,0,0,0,0,1,2023-03-10T19:14:48.2113521Z,0
2.9059698,101.355313,Daerah: Selangor<br>No:2697<br>Hex coord:(40;62),Kuala Langat. Selangor. Malaysia,0,0,0,0,0,0,1,2023-03-10T19:14:48.9122156Z,0
2.8981898,101.3688475,Daerah: Selangor<br>No:2698<br>Hex coord:(41;62),Kuala Langat. Selangor. Malaysia,0,0,0,0,0,0,1,2023-03-10T19:14:49.5788451Z,0
2.9059698,101.3823819,Daerah: Selangor<br>No:2699<br>Hex coord:(42;62),Kuala Langat. Selangor. Malaysia,0,0,0,0,0,0,1,2023-03-10T19:14:50.2809309Z,0
2.8981898,101.3959164,Daerah: Selangor<br>No:2700<br>Hex coord:(43;62),Kuala Langat. 42960. Selangor. Malaysia,0,0,0,0,0,0,1,2023-03-10T19:14:50.9382949Z,0
2.9059698,101.4094509,Daerah: Selangor<br>No:2701<br>Hex coord:(44;62),Kuala Langat. Teluk Panglima Garang. Selangor. Malaysia,0,0,0,0,0,0,1,2023-03-10T19:14:51.6425745Z,0
2.8981898,101.4229854,Daerah: Selangor<br>No:2702<br>Hex coord:(45;62),Sijangkang. 42960. Selangor. Malaysia,0,0,0,0,0,0,1,2023-03-10T19:14:52.3275057Z,0
2.9059698,101.4365198,Daerah: Selangor<br>No:2703<br>Hex coord:(46;62),Sijangkang. Selangor. Malaysia,0,0,0,0,0,1,1,2023-03-10T19:14:53.0733681Z,0
2.8981898,101.4500543,Daerah: Selangor<br>No:2704<br>Hex coord:(47;62),Sijangkang. Selangor. Malaysia,0,0,0,0,0,1,1,2023-03-10T19:14:53.7976162Z,0
2.9059698,101.4635888,Daerah: Selangor<br>No:2705<br>Hex coord:(48;62),Sijangkang. 42600. Selangor. Malaysia,3,0,0,0,0,1,1,2023-03-10T19:14:54.5846292Z,1
2.8981898,101.4771233,Daerah: Selangor<br>No:2706<br>Hex coord:(49;62),Mansion 1969. Lot 389 Jalan Klang Banting. 42600 Teluk Panglima Garang. Selangor. Malaysia,0,0,0,0,0,1,1,2023-03-10T19:14:55.3499304Z,0
2.9059698,101.4906577,Daerah: Selangor<br>No:2707<br>Hex coord:(50;62),Sungai Jarum. Teluk Panglima Garang. Selangor. Malaysia,1,0,0,0,0,1,1,2023-03-10T19:14:56.1369027Z,3
2.8981898,101.5041922,Daerah: Selangor<br>No:2708<br>Hex coord:(51;62),Taman Seri Jaromas. 42600. Selangor. Malaysia,0,0,0,0,0,1,1,2023-03-10T19:14:56.8926112Z,0
2.9059698,101.5177267,Daerah: Selangor<br>No:2709<br>Hex coord:(52;62),Bandar Rimbayu. 42500. Selangor. Malaysia,0,0,0,0,0,0,1,2023-03-10T19:14:57.6652728Z,0
2.8981898,101.5312612,Daerah: Selangor<br>No:2710<br>Hex coord:(53;62),muadz'house. 5811 jalan rancangan.kampung jenjarom. 42600 Teluk Panglima Garang. Selangor. Malaysia,0,0,0,0,0,0,1,2023-03-10T19:14:58.4009070Z,0
2.9059698,101.5447956,Daerah: Selangor<br>No:2711<br>Hex coord:(54;62),West Coast Expressway. Bandar Rimbayu. 42500. Selangor. Malaysia,0,0,0,0,0,0,1,2023-03-10T19:14:59.1464461Z,0
2.8981898,101.5583301,Daerah: Selangor<br>No:2712<br>Hex coord:(55;62),Bandar Rimbayu. 42500. Selangor. Malaysia,0,0,0,0,0,0,1,2023-03-10T19:14:59.8629421Z,0
2.9059698,101.5718646,Daerah: Selangor<br>No:2713<br>Hex coord:(56;62),Jalan Kg. Sri Cheding. Selangor. Malaysia,0,0,0,0,0,0,1,2023-03-10T19:15:00.6368859Z,0
2.8981898,101.5853991,Daerah: Selangor<br>No:2714<br>Hex coord:(57;62),Bandar Saujana Putra. 42610. Selangor. Malaysia,0,0,0,0,0,0,1,2023-03-10T19:15:01.3577620Z,0
2.9059698,101.5989335,Daerah: Selangor<br>No:2715<br>Hex coord:(58;62),Kuala Langat. Selangor. Malaysia,0,0,0,0,0,1,1,2023-03-10T19:15:02.1550478Z,0
2.8981898,101.612468,Daerah: Selangor<br>No:2716<br>Hex coord:(59;62),Bukit Baja. Cyberjaya. Sepang. Malaysia,0,0,0,0,0,1,1,2023-03-10T19:15:02.8826375Z,0
2.9059698,101.6260025,Daerah: Selangor<br>No:2717<br>Hex coord:(60;62),Bandar Nusaputra. 63000 Sepang. Selangor. Malaysia,2,0,0,0,0,1,1,2023-03-10T19:15:03.6523045Z,0
2.8981898,101.639537,Daerah: Selangor<br>No:2718<br>Hex coord:(61;62),Persiaran APEC. Cyberjaya. Selangor. Malaysia,1,0,0,0,0,0,1,2023-03-10T19:15:04.4046487Z,0
2.9059698,101.6530714,Daerah: Selangor<br>No:2719<br>Hex coord:(62;62),Basis Bay. Jalan Cyber Point 5. Cyber 8. 63000 SEPANG Cyberjaya. Selangor. Malaysia,1,0,0,0,0,0,1,2023-03-10T19:15:05.2863210Z,0
2.8981898,101.6666059,Daerah: Putrajaya<br>No:2720<br>Hex coord:(63;62),Ministry of Education. 2 Jalan P5/6. 62200 Putrajaya. Selangor. Malaysia,1,0,0,0,0,0,1,2023-03-10T19:15:06.1585091Z,0
2.9059698,101.6801404,Daerah: Putrajaya<br>No:2721<br>Hex coord:(64;62),Ministry of Communication & Multimedia. Lot4G9 Persiaran Perdana. 62100 Putrajaya. Selangor. Malaysia,0,0,0,0,0,0,1,2023-03-10T19:15:07.0426076Z,0
2.8981898,101.6936749,Daerah: Selangor/Putrajaya<br>No:2722<br>Hex coord:(65;62),jalan shortcut. Putrajaya. Selangor. Malaysia,1,0,0,0,0,0,1,2023-03-10T19:15:07.9159656Z,0
2.9059698,101.7072093,Daerah: Selangor<br>No:2723<br>Hex coord:(66;62),Jalan Pinggiran Putra 3/3. Kajang. Selangor. Malaysia,2,0,0,0,0,0,1,2023-03-10T19:15:08.7952613Z,0
2.8981898,101.7207438,Daerah: Selangor<br>No:2724<br>Hex coord:(67;62),Taman Nusa Idaman. 43800 DENGKIL Sepang. Selangor. Malaysia,2,0,0,0,0,0,1,2023-03-10T19:15:09.5741288Z,0
2.9059698,101.7342783,Daerah: Selangor<br>No:2725<br>Hex coord:(68;62),Taman Saujana Sekata. 43800 DENGKIL Sepang. Selangor. Malaysia,4,0,0,0,0,0,1,2023-03-10T19:15:10.4088338Z,0
2.8981898,101.7478128,Daerah: Selangor<br>No:2726<br>Hex coord:(69;62),BMSM Dhammavijaya Meditation Center. Lot 850 Jalan Besar. 43800 Dengkil. Selangor. Malaysia,0,0,0,0,0,0,1,2023-03-10T19:15:11.1693873Z,0
2.9059698,101.7613472,Daerah: Selangor<br>No:2727<br>Hex coord:(70;62),Southville City. 43600 Sepang. Selangor. Malaysia,0,0,0,0,0,1,1,2023-03-10T19:15:11.9504196Z,1
2.8981898,101.7748817,Daerah: Selangor<br>No:2728<br>Hex coord:(71;62),Sekolah Rendah Agama Pekan Bangi. Bangi. Selangor. Malaysia,1,0,0,0,0,1,1,2023-03-10T19:15:12.7040039Z,0
2.9059698,101.7884162,Daerah: Selangor<br>No:2729<br>Hex coord:(72;62),Crescent Park. 43600 Kajang Municipal Council. Selangor. Malaysia,0,0,0,0,0,1,1,2023-03-10T19:15:13.4811549Z,0
2.8981898,101.8019507,Daerah: Selangor<br>No:2730<br>Hex coord:(73;62),Linarahman home made. 31 Jalan Bangi Avenue 7/16 taman bangi avenue. 43000 Bangi. Selangor. Malaysia,2,0,0,0,0,0,1,2023-03-10T19:15:14.2229988Z,0
2.9059698,101.8154851,Daerah: Selangor<br>No:2731<br>Hex coord:(74;62),Dbukit Farm. Jalan Bangi Semenyih Kampung Batu 3. 43500 Semenyih. Selangor. Malaysia,0,0,0,0,0,0,1,2023-03-10T19:15:15.0056985Z,0
2.8981898,101.8290196,Daerah: Selangor<br>No:2732<br>Hex coord:(75;62),Eco Majestic. 43700 Kajang Municipal Council. Selangor. Malaysia,0,0,0,0,0,0,1,2023-03-10T19:15:15.7691219Z,0
2.9059698,101.8425541,Daerah: Selangor<br>No:2733<br>Hex coord:(76;62),Eco Majestic. 43700 Kajang Municipal Council. Selangor. Malaysia,0,0,0,0,0,0,1,2023-03-10T19:15:16.5235430Z,0
2.8981898,101.8560886,Daerah: Selangor<br>No:2734<br>Hex coord:(77;62),Jalan Perusahaan 5. Beranang. Selangor. Malaysia,1,0,0,0,0,0,1,2023-03-10T19:15:17.2666035Z,0
2.9059698,101.869623,Daerah: Selangor<br>No:2735<br>Hex coord:(78;62),Jalan Kesuma 5. Bandar Tasik Kesuma. 43700 Kajang Municipal Council. Selangor. Malaysia,1,0,0,0,0,0,1,2023-03-10T19:15:18.0217539Z,0
2.8981898,101.8831575,Daerah: Selangor<br>No:2736<br>Hex coord:(79;62),Fasa 9C. Bandar Tasik Kesuma. 71750 Kajang Municipal Council. Selangor. Malaysia,0,0,0,0,0,0,1,2023-03-10T19:15:18.7320009Z,1
2.9059698,101.896692,Daerah: Selangor<br>No:2737<br>Hex coord:(80;62),Seremban. 71750. Negeri Sembilan. Malaysia,0,0,0,0,0,0,1,2023-03-10T19:15:19.4708215Z,0
2.8826298,101.3147096,Daerah: Selangor<br>No:2738<br>Hex coord:(37;63),Kuala Langat. Selangor. Malaysia,0,0,0,0,0,0,1,2023-03-10T19:15:20.1243377Z,0
2.8904098,101.328244,Daerah: Selangor<br>No:2739<br>Hex coord:(38;63),Kuala Langat. Selangor. Malaysia,0,0,0,0,0,0,1,2023-03-10T19:15:20.8154175Z,0
2.8826298,101.3417785,Daerah: Selangor<br>No:2740<br>Hex coord:(39;63),Kuala Langat. Selangor. Malaysia,0,0,0,0,0,0,1,2023-03-10T19:15:21.4689022Z,0
2.8904098,101.355313,Daerah: Selangor<br>No:2741<br>Hex coord:(40;63),Kuala Langat. Selangor. Malaysia,0,0,0,0,0,0,1,2023-03-10T19:15:22.1673820Z,0
2.8826298,101.3688475,Daerah: Selangor<br>No:2742<br>Hex coord:(41;63),Chodoi / Sungai Buaya. 42960. Selangor. Malaysia,0,0,0,0,0,0,1,2023-03-10T19:15:22.8291630Z,0
2.8904098,101.3823819,Daerah: Selangor<br>No:2743<br>Hex coord:(42;63),Carey Island. Kuala Langat. Malaysia,0,0,0,0,0,0,1,2023-03-10T19:15:23.5125097Z,0
2.8826298,101.3959164,Daerah: Selangor<br>No:2744<br>Hex coord:(43;63),Kuala Langat. 42960. Selangor. Malaysia,0,0,0,0,0,0,1,2023-03-10T19:15:24.1931585Z,0
2.8904098,101.4094509,Daerah: Selangor<br>No:2745<br>Hex coord:(44;63),Sijangkang. 42960. Selangor. Malaysia,0,0,0,0,0,0,1,2023-03-10T19:15:24.9011282Z,0
2.8826298,101.4229854,Daerah: Selangor<br>No:2746<br>Hex coord:(45;63),Lebuhraya Lembah Klang Selatan (SKVE). Banting. Selangor. Malaysia,0,0,0,0,0,0,1,2023-03-10T19:15:25.5859452Z,0
2.8904098,101.4365198,Daerah: Selangor<br>No:2747<br>Hex coord:(46;63),JPJ Enforcement Station (east bound). Selangor. Malaysia,0,0,0,0,0,1,1,2023-03-10T19:15:26.3174354Z,0
2.8826298,101.4500543,Daerah: Selangor<br>No:2748<br>Hex coord:(47;63),Kolam Memancing Ikan LS. 2148 Jalan Bandar Lama. 42500 Teluk Panglima Garang. Selangor. Malaysia,0,0,0,0,0,1,1,2023-03-10T19:15:27.0264456Z,1
2.8904098,101.4635888,Daerah: Selangor<br>No:2749<br>Hex coord:(48;63),Taman Jaya Utama. 42600. Selangor. Malaysia,0,0,0,0,0,1,1,2023-03-10T19:15:27.8044344Z,0
2.8826298,101.4771233,Daerah: Selangor<br>No:2750<br>Hex coord:(49;63),Taman Jaya Utama. 42600. Selangor. Malaysia,0,0,0,0,0,1,1,2023-03-10T19:15:28.5238414Z,0
2.8904098,101.4906577,Daerah: Selangor<br>No:2751<br>Hex coord:(50;63),Mansion 1969. Lot 389 Jalan Klang Banting. 42600 Teluk Panglima Garang. Selangor. Malaysia,0,0,0,0,0,1,1,2023-03-10T19:15:29.3170220Z,0
2.8826298,101.5041922,Daerah: Selangor<br>No:2752<br>Hex coord:(51;63),Zeally Sdn Bhd. 5.7 Jalan 3/1. 42600 Jenjarom. Selangor. Malaysia,0,0,0,0,0,0,1,2023-03-10T19:15:30.0628026Z,1
2.8904098,101.5177267,Daerah: Selangor<br>No:2753<br>Hex coord:(52;63),Kampung Kebun Baru. 42600. Selangor. Malaysia,0,0,0,0,0,0,1,2023-03-10T19:15:30.8366733Z,0
2.8826298,101.5312612,Daerah: Selangor<br>No:2754<br>Hex coord:(53;63),Jalan Tong Haji Mokhtar. Selangor. Malaysia,0,0,0,0,0,0,1,2023-03-10T19:15:31.5817074Z,0
2.8904098,101.5447956,Daerah: Selangor<br>No:2755<br>Hex coord:(54;63),Bandar Rimbayu. 42500. Selangor. Malaysia,0,0,0,0,0,0,1,2023-03-10T19:15:32.3105043Z,0
2.8826298,101.5583301,Daerah: Selangor<br>No:2756<br>Hex coord:(55;63),Kuala Langat. 42600. Selangor. Malaysia,0,0,0,0,0,0,1,2023-03-10T19:15:32.9971049Z,0
2.8904098,101.5718646,Daerah: Selangor<br>No:2757<br>Hex coord:(56;63),Tanjong Duablas Malay Reservation Extension. Kuala Langat. Malaysia,0,0,0,0,0,0,1,2023-03-10T19:15:33.7084001Z,0
2.8826298,101.5853991,Daerah: Selangor<br>No:2758<br>Hex coord:(57;63),Payah Indah MTB Trail. Selangor. Malaysia,0,0,0,0,0,0,1,2023-03-10T19:15:34.3935177Z,0
2.8904098,101.5989335,Daerah: Selangor<br>No:2759<br>Hex coord:(58;63),Payah Indah MTB Trail. Kuala Langat. 63000 SEPANG. Selangor. Malaysia,0,0,0,0,0,0,1,2023-03-10T19:15:35.1226368Z,0
2.8826298,101.612468,Daerah: Selangor<br>No:2760<br>Hex coord:(59;63),Gamuda Cove. Selangor. Malaysia,0,0,0,0,0,0,1,2023-03-10T19:15:35.8353372Z,0
2.8904098,101.6260025,Daerah: Selangor<br>No:2761<br>Hex coord:(60;63),Bandar Gamuda Cove Toll Plaza. Cyberjaya. Selangor. Malaysia,0,0,0,0,0,0,1,2023-03-10T19:15:36.5830279Z,0
2.8826298,101.639537,Daerah: Selangor<br>No:2762<br>Hex coord:(61;63),Taman Arked. 63000 SEPANG Sepang. Selangor. Malaysia,0,0,0,0,0,0,1,2023-03-10T19:15:37.3133409Z,0
2.8904098,101.6530714,Daerah: Selangor<br>No:2763<br>Hex coord:(62;63),Cyber 8. 63000 SEPANG Sepang. Selangor. Malaysia,0,0,0,0,0,0,1,2023-03-10T19:15:38.1421162Z,0
2.8826298,101.6666059,Daerah: Selangor<br>No:2764<br>Hex coord:(63;63),SO CAB SERVICE. 31 Lebuhraya Damansara Puchong ‒ Putrajaya dan Cyberjaya. 43800 Dengkil. Selangor. Malaysia,0,0,0,0,0,0,1,2023-03-10T19:15:38.9010009Z,0
2.8904098,101.6801404,Daerah: Putrajaya<br>No:2765<br>Hex coord:(64;63),Precinct 5. 62100 Putrajaya. Putrajaya. Malaysia,2,0,0,0,0,0,1,2023-03-10T19:15:39.7691512Z,0
2.8826298,101.6936749,Daerah: Selangor<br>No:2766<br>Hex coord:(65;63),Taman Jenderam Harmoni. 62100 Sepang. Selangor. Malaysia,1,0,0,0,0,0,1,2023-03-10T19:15:40.5555796Z,0
2.8904098,101.7072093,Daerah: Selangor<br>No:2767<br>Hex coord:(66;63),Desa Pinggiran Putra. 43800 DENGKIL Sepang. Selangor. Malaysia,1,0,0,0,0,0,1,2023-03-10T19:15:43.1724114Z,0
2.8826298,101.7207438,Daerah: Selangor<br>No:2768<br>Hex coord:(67;63),Masjid As Syakirin. Dengkil. Selangor. Malaysia,0,0,0,0,0,0,1,2023-03-10T19:15:43.9636776Z,0
2.8904098,101.7342783,Daerah: Selangor<br>No:2769<br>Hex coord:(68;63),28 Jalan Jenderam - Bangi. Dengkil. Selangor. Malaysia,1,0,0,0,0,0,1,2023-03-10T19:15:44.7471799Z,1
2.8826298,101.7478128,Daerah: Selangor<br>No:2770<br>Hex coord:(69;63),Bukit Unggul Golf & Country Club. Jalan Banting-Semenyih. Southville City. 43800 DENGKIL Sepang. Selangor. Malaysia,0,0,0,0,0,0,1,2023-03-10T19:15:45.4609636Z,0
2.8904098,101.7613472,Daerah: Selangor<br>No:2771<br>Hex coord:(70;63),Lot 20 Jalan Durian 1. Dengkil. Selangor. Malaysia,1,0,0,0,0,0,1,2023-03-10T19:15:46.2095997Z,0
2.8826298,101.7748817,Daerah: Selangor<br>No:2772<br>Hex coord:(71;63),Jalan Seri Putra 9/2. Bangi. Selangor. Malaysia,0,0,0,0,0,0,1,2023-03-10T19:15:46.9483624Z,0
2.8904098,101.7884162,Daerah: Selangor<br>No:2773<br>Hex coord:(72;63),Kolej Universiti Islam Selangor. Persiaran KUIS. Bandar Seri Putra. 43600 Kajang Municipal Council. Selangor. Malaysia,1,0,0,0,0,0,1,2023-03-10T19:15:47.7215205Z,0
2.8826298,101.8019507,Daerah: Selangor<br>No:2774<br>Hex coord:(73;63),Persiaran Mahkota 2. Bandar Seri Putra. 43600 Kajang Municipal Council. Selangor. Malaysia,0,0,0,0,0,0,1,2023-03-10T19:15:48.4468816Z,0
2.8904098,101.8154851,Daerah: Selangor<br>No:2775<br>Hex coord:(74;63),Bukit Mahkota. Kajang Municipal Council. Selangor. Malaysia,0,0,0,0,0,0,1,2023-03-10T19:15:49.2226408Z,0
2.8826298,101.8290196,Daerah: Selangor<br>No:2776<br>Hex coord:(75;63),Kawasan Rehat Beranang. Kampung Kembung Hulu. Kajang Municipal Council. Selangor. Malaysia,0,0,0,0,0,0,1,2023-03-10T19:15:49.9600754Z,0
2.8904098,101.8425541,Daerah: Selangor<br>No:2777<br>Hex coord:(76;63),Setia Ecohill 2. 43700 Kajang Municipal Council. Selangor. Malaysia,0,0,0,0,0,0,1,2023-03-10T19:15:50.7131231Z,0
2.8826298,101.8560886,Daerah: Selangor<br>No:2778<br>Hex coord:(77;63),Ladang Abaco. Beranang. Ulu Langat. Malaysia,0,0,0,0,0,0,1,2023-03-10T19:15:51.4304055Z,0
2.8904098,101.869623,Daerah: Selangor<br>No:2779<br>Hex coord:(78;63),Jalan Kajang-Seremban. Sesapan Batu Rembau. 43700 Kajang Municipal Council. Selangor. Malaysia,0,0,0,0,0,0,1,2023-03-10T19:15:52.1693480Z,1
2.8826298,101.8831575,Daerah: Selangor<br>No:2780<br>Hex coord:(79;63),Sesapan Batu Rembau. 71750 Kajang Municipal Council. Selangor. Malaysia,0,0,0,0,0,0,1,2023-03-10T19:15:52.8673828Z,0
2.8670698,101.2876406,Daerah: Selangor<br>No:2781<br>Hex coord:(35;64),Kuala Langat. Selangor. Malaysia,0,0,0,0,0,0,1,2023-03-10T19:15:53.5539464Z,0
2.8748498,101.3011751,Daerah: Selangor<br>No:2782<br>Hex coord:(36;64),Kuala Langat. Selangor. Malaysia,0,0,0,0,0,0,1,2023-03-10T19:15:54.2116921Z,0
2.8670698,101.3147096,Daerah: Selangor<br>No:2783<br>Hex coord:(37;64),Kuala Langat. Selangor. Malaysia,0,0,0,0,0,0,1,2023-03-10T19:15:54.9186907Z,0
2.8748498,101.328244,Daerah: Selangor<br>No:2784<br>Hex coord:(38;64),Jugra Land and Carey Estate Limited Forest Reserve. Kuala Langat. Malaysia,0,0,0,0,0,0,1,2023-03-10T19:15:55.5838263Z,0
2.8670698,101.3417785,Daerah: Selangor<br>No:2785<br>Hex coord:(39;64),Kuala Langat. 42960 Pulau Carey. Selangor. Malaysia,0,0,0,0,0,0,1,2023-03-10T19:15:56.2800517Z,0
2.8748498,101.355313,Daerah: Selangor<br>No:2786<br>Hex coord:(40;64),Lebuhraya Lembah Klang Selatan. Kuala Langat. Selangor. Malaysia,0,0,0,0,0,0,1,2023-03-10T19:15:56.9377442Z,0
2.8670698,101.3688475,Daerah: Selangor<br>No:2787<br>Hex coord:(41;64),Lebuhraya Lembah Klang Selatan. Kuala Langat. 42960. Selangor. Malaysia,0,0,0,0,0,0,1,2023-03-10T19:15:57.6272822Z,0
2.8748498,101.3823819,Daerah: Selangor<br>No:2788<br>Hex coord:(42;64),Lebuhraya Lembah Klang Selatan. Kuala Langat. 42960. Selangor. Malaysia,0,0,0,0,0,0,1,2023-03-10T19:15:58.2957048Z,0
2.8670698,101.3959164,Daerah: Selangor<br>No:2789<br>Hex coord:(43;64),Lebuhraya Lembah Klang Selatan. Kuala Langat. 42960. Selangor. Malaysia,0,0,0,0,0,0,1,2023-03-10T19:15:58.9990025Z,0
2.8748498,101.4094509,Daerah: Selangor<br>No:2790<br>Hex coord:(44;64),Chodoi / Sungai Buaya. 42960. Selangor. Malaysia,0,0,0,0,0,0,1,2023-03-10T19:15:59.6622750Z,0
2.8670698,101.4229854,Daerah: Selangor<br>No:2791<br>Hex coord:(45;64),Sungai Keluang. Banting. Kuala Langat. Malaysia,0,0,0,0,0,0,1,2023-03-10T19:16:00.3621983Z,0
2.8748498,101.4365198,Daerah: Selangor<br>No:2792<br>Hex coord:(46;64),Chodoi / Sungai Buaya. 42960. Selangor. Malaysia,0,0,0,0,0,0,1,2023-03-10T19:16:01.0617896Z,0
2.8670698,101.4500543,Daerah: Selangor<br>No:2793<br>Hex coord:(47;64),Chodoi / Sungai Buaya. 42700 BANTING. Selangor. Malaysia,0,0,0,0,0,0,1,2023-03-10T19:16:01.8028663Z,0
2.8748498,101.4635888,Daerah: Selangor<br>No:2794<br>Hex coord:(48;64),New Lunderston Estate. Banting. Kuala Langat. Malaysia,0,0,0,0,0,1,1,2023-03-10T19:16:02.5407132Z,0
2.8670698,101.4771233,Daerah: Selangor<br>No:2795<br>Hex coord:(49;64),Telok Gong Estate. Jenjarom. Kuala Langat. Malaysia,0,0,0,0,0,1,1,2023-03-10T19:16:03.2861392Z,0
2.8748498,101.4906577,Daerah: Selangor<br>No:2796<br>Hex coord:(50;64),Taman Ria. 42600. Selangor. Malaysia,0,0,0,0,0,1,1,2023-03-10T19:16:04.0523548Z,4
2.8670698,101.5041922,Daerah: Selangor<br>No:2797<br>Hex coord:(51;64),Taman Seri Jaromas. 42600. Selangor. Malaysia,0,0,0,0,0,1,1,2023-03-10T19:16:04.8029883Z,2
2.8748498,101.5177267,Daerah: Selangor<br>No:2798<br>Hex coord:(52;64),Taman Seri Jaromas. 42600. Selangor. Malaysia,0,0,0,0,0,0,1,2023-03-10T19:16:05.5093368Z,0
2.8670698,101.5312612,Daerah: Selangor<br>No:2799<br>Hex coord:(53;64),Jalan Utama Seri Cheeding. Teluk Datok. 42600. Selangor. Malaysia,0,0,0,0,0,0,1,2023-03-10T19:16:06.2413125Z,0
2.8748498,101.5447956,Daerah: Selangor<br>No:2800<br>Hex coord:(54;64),Jalan Bukit Perah. 42600. Selangor. Malaysia,0,0,0,0,0,0,1,2023-03-10T19:16:06.9431245Z,0
2.8670698,101.5583301,Daerah: Selangor<br>No:2801<br>Hex coord:(55;64),West Coast Expressway. Kuala Langat. Selangor. Malaysia,0,0,0,0,0,0,1,2023-03-10T19:16:07.6755659Z,0
2.8748498,101.5718646,Daerah: Selangor<br>No:2802<br>Hex coord:(56;64),Kuala Langat. 42600 Kampung Seri Cheeding. Selangor. Malaysia,0,0,0,0,0,0,1,2023-03-10T19:16:08.3529729Z,0
2.8670698,101.5853991,Daerah: Selangor<br>No:2803<br>Hex coord:(57;64),Kampung Olak Lempit. Selangor. Malaysia,0,0,0,0,0,0,1,2023-03-10T19:16:09.0671067Z,0
2.8748498,101.5989335,Daerah: Selangor<br>No:2804<br>Hex coord:(58;64),Jalan Ladang. Dengkil. Selangor. Malaysia,0,0,0,0,0,0,1,2023-03-10T19:16:09.7452559Z,0
2.8670698,101.612468,Daerah: Selangor<br>No:2805<br>Hex coord:(59;64),Paya Indah. Selangor. Malaysia,0,0,0,0,0,0,1,2023-03-10T19:16:10.4673646Z,0
2.8748498,101.6260025,Daerah: Selangor<br>No:2806<br>Hex coord:(60;64),Payah Indah MTB Trail. Kampung Selangor Dredging. 43800 Sepang. Selangor. Malaysia,0,0,0,0,0,0,1,2023-03-10T19:16:11.1928232Z,0
2.8670698,101.639537,Daerah: Selangor<br>No:2807<br>Hex coord:(61;64),Madrasah Nurulhuda. Dengkil. Sepang. Malaysia,1,0,0,0,0,0,1,2023-03-10T19:16:12.0700727Z,0
2.8748498,101.6530714,Daerah: Selangor<br>No:2808<br>Hex coord:(62;64),Cybersouth City. 43800 Sepang. Selangor. Malaysia,2,0,0,0,0,0,1,2023-03-10T19:16:12.8302202Z,0
2.8670698,101.6666059,Daerah: Selangor<br>No:2809<br>Hex coord:(63;64),Kampus UiTM Dengkil. Maju Expressway. Taman Jed. 43800 Sepang. Selangor. Malaysia,2,0,0,0,0,0,1,2023-03-10T19:16:13.6085932Z,1
2.8748498,101.6801404,Daerah: Selangor<br>No:2810<br>Hex coord:(64;64),Taman Permata. 62200 Sepang. Selangor. Malaysia,3,0,0,0,0,0,1,2023-03-10T19:16:14.3756796Z,1
2.8670698,101.6936749,Daerah: Selangor<br>No:2811<br>Hex coord:(65;64),Jalan Kampung Semarang 3. Dengkil. Selangor. Malaysia,1,0,0,0,0,0,1,2023-03-10T19:16:15.1903213Z,2
2.8748498,101.7072093,Daerah: Selangor<br>No:2812<br>Hex coord:(66;64),Taman Jenderam Harmoni. 43800 DENGKIL Sepang. Selangor. Malaysia,1,0,0,0,0,0,1,2023-03-10T19:16:15.9791214Z,0
2.8670698,101.7207438,Daerah: Selangor<br>No:2813<br>Hex coord:(67;64),Kampung Jenderam Hulu. 43800 DENGKIL Sepang. Selangor. Malaysia,0,0,0,0,0,0,1,2023-03-10T19:16:16.7477252Z,0
2.8748498,101.7342783,Daerah: Selangor<br>No:2814<br>Hex coord:(68;64),Lorong Sentosa. 43800 DENGKIL Dengkil. Selangor. Malaysia,1,0,0,0,0,0,1,2023-03-10T19:16:17.4911168Z,0
2.8670698,101.7478128,Daerah: Selangor<br>No:2815<br>Hex coord:(69;64),Bukit Tunggul / Bedot. Southville City. 43900 Sepang. Selangor. Malaysia,0,0,0,0,0,0,1,2023-03-10T19:16:18.2515499Z,0
2.8748498,101.7613472,Daerah: Selangor<br>No:2816<br>Hex coord:(70;64),Hutan Rizab Bukit Tunggul. Sepang. Malaysia,0,0,0,0,0,0,1,2023-03-10T19:16:18.9901483Z,0
2.8748498,101.7884162,Daerah: Selangor<br>No:2817<br>Hex coord:(72;64),Bandar Seri Putra. 77188 Kajang Municipal Council. Selangor. Malaysia,0,0,0,0,0,0,1,2023-03-10T19:16:19.7589190Z,0
2.8748498,101.8154851,Daerah: Selangor<br>No:2818<br>Hex coord:(74;64),Bukit Mahkota. 77188 Kajang Municipal Council. Selangor. Malaysia,0,0,0,0,0,0,1,2023-03-10T19:16:20.5023379Z,1
2.8748498,101.8425541,Daerah: Selangor<br>No:2819<br>Hex coord:(76;64),Sungai Pajam. Ulu Langat. Malaysia,0,0,0,0,0,0,1,2023-03-10T19:16:21.2543508Z,2
2.8748498,101.869623,Daerah: Selangor<br>No:2820<br>Hex coord:(78;64),Kampung Tanjung. 43700 Kajang Municipal Council. Selangor. Malaysia,0,0,0,0,0,0,1,2023-03-10T19:16:21.9801406Z,0
2.8592898,101.3011751,Daerah: Selangor<br>No:2821<br>Hex coord:(36;65),Kuala Langat. Selangor. Malaysia,0,0,0,0,0,0,1,2023-03-10T19:16:22.6744122Z,0
2.8515098,101.3147096,Daerah: Selangor<br>No:2822<br>Hex coord:(37;65),Kuala Langat. Selangor. Malaysia,0,0,0,0,0,0,1,2023-03-10T19:16:23.3362645Z,0
2.8592898,101.328244,Daerah: Selangor<br>No:2823<br>Hex coord:(38;65),Kuala Langat. Selangor. Malaysia,0,0,0,0,0,0,1,2023-03-10T19:16:24.0327404Z,0
2.8515098,101.3417785,Daerah: Selangor<br>No:2824<br>Hex coord:(39;65),Kuala Langat. Selangor. Malaysia,0,0,0,0,0,0,1,2023-03-10T19:16:24.6820998Z,0
2.8592898,101.355313,Daerah: Selangor<br>No:2825<br>Hex coord:(40;65),Kuala Langat. 42960. Selangor. Malaysia,0,0,0,0,0,0,1,2023-03-10T19:16:25.3779471Z,0
2.8515098,101.3688475,Daerah: Selangor<br>No:2826<br>Hex coord:(41;65),Kuala Langat. 42960 Pulau Carey. Selangor. Malaysia,0,0,0,0,0,0,1,2023-03-10T19:16:26.0369209Z,0
2.8592898,101.3823819,Daerah: Selangor<br>No:2827<br>Hex coord:(42;65),Kuala Langat. 42960 Pulau Carey. Selangor. Malaysia,0,0,0,0,0,0,1,2023-03-10T19:16:26.7387503Z,0
2.8515098,101.3959164,Daerah: Selangor<br>No:2828<br>Hex coord:(43;65),Jalan Pulau Carey. Chodoi / Sungai Buaya. 42960. Selangor. Malaysia,0,0,0,0,0,0,1,2023-03-10T19:16:27.4165597Z,0
2.8592898,101.4094509,Daerah: Selangor<br>No:2829<br>Hex coord:(44;65),Jalan Pulau Carey. Chodoi / Sungai Buaya. 42960. Selangor. Malaysia,0,0,0,0,0,0,1,2023-03-10T19:16:28.1125783Z,0
2.8515098,101.4229854,Daerah: Selangor<br>No:2830<br>Hex coord:(45;65),Permatang Pasir. 42960. Selangor. Malaysia,0,0,0,0,0,0,1,2023-03-10T19:16:28.8024854Z,0
2.8592898,101.4365198,Daerah: Selangor<br>No:2831<br>Hex coord:(46;65),MITIB. Banting. Kuala Langat. Malaysia,1,0,0,0,0,0,1,2023-03-10T19:16:29.5272186Z,0
2.8515098,101.4500543,Daerah: Selangor<br>No:2832<br>Hex coord:(47;65),Chodoi / Sungai Buaya. 42700 BANTING. Selangor. Malaysia,0,0,0,0,0,0,1,2023-03-10T19:16:30.2132045Z,0
2.8592898,101.4635888,Daerah: Selangor<br>No:2833<br>Hex coord:(48;65),Chodoi / Sungai Buaya. 42700 BANTING. Selangor. Malaysia,0,0,0,0,0,0,1,2023-03-10T19:16:30.9686800Z,0
2.8515098,101.4771233,Daerah: Selangor<br>No:2834<br>Hex coord:(49;65),Jalan Sungai Buaya. Selangor. Malaysia,0,0,0,0,0,1,1,2023-03-10T19:16:31.6907165Z,0
2.8592898,101.4906577,Daerah: Selangor<br>No:2835<br>Hex coord:(50;65),Chodoi / Sungai Buaya. 42600. Selangor. Malaysia,0,0,0,0,0,1,1,2023-03-10T19:16:32.4374845Z,0
2.8515098,101.5041922,Daerah: Selangor<br>No:2836<br>Hex coord:(51;65),Langat River. Jenjarom. Selangor. Malaysia,0,0,0,0,0,1,1,2023-03-10T19:16:33.1568799Z,0
2.8592898,101.5177267,Daerah: Selangor<br>No:2837<br>Hex coord:(52;65),Ladang Tanjong Dua Belas. Jenjarom. Kuala Langat. Malaysia,0,0,0,0,0,1,1,2023-03-10T19:16:33.9033442Z,0
2.8515098,101.5312612,Daerah: Selangor<br>No:2838<br>Hex coord:(53;65),Teluk Datok. 42700. Selangor. Malaysia,0,0,0,0,0,1,1,2023-03-10T19:16:34.6259284Z,0
2.8592898,101.5447956,Daerah: Selangor<br>No:2839<br>Hex coord:(54;65),Kuala Langat. 42600. Selangor. Malaysia,0,0,0,0,0,0,1,2023-03-10T19:16:35.3485688Z,0
2.8515098,101.5583301,Daerah: Selangor<br>No:2840<br>Hex coord:(55;65),West Coast Expressway. Teluk Datok. Selangor. Malaysia,0,0,0,0,0,0,1,2023-03-10T19:16:36.0370073Z,0
2.8592898,101.5718646,Daerah: Selangor<br>No:2841<br>Hex coord:(56;65),Kuala Langat. Selangor. Malaysia,0,0,0,0,0,0,1,2023-03-10T19:16:36.7564989Z,0
2.8515098,101.5853991,Daerah: Selangor<br>No:2842<br>Hex coord:(57;65),Kampung Olak Lempit. Selangor. Malaysia,0,0,0,0,0,0,1,2023-03-10T19:16:37.4530827Z,0
2.8592898,101.5989335,Daerah: Selangor<br>No:2843<br>Hex coord:(58;65),Jalan Kelapa Sawit. Kuala Langat. Dengkil. Selangor. Malaysia,0,0,0,0,0,0,1,2023-03-10T19:16:38.1824190Z,0
2.8515098,101.612468,Daerah: Selangor<br>No:2844<br>Hex coord:(59;65),Paya Indah MTB Trail. Bukit Changgang. 43800 Dengkil. Selangor. Malaysia,0,0,0,0,0,0,1,2023-03-10T19:16:38.8685004Z,0
2.8592898,101.6260025,Daerah: Selangor<br>No:2845<br>Hex coord:(60;65),Paya Indah Wetlands Observation Tower. Dengkil. Sepang. Malaysia,0,0,0,0,0,0,1,2023-03-10T19:16:39.6322091Z,0
2.8515098,101.639537,Daerah: Selangor<br>No:2846<br>Hex coord:(61;65),Jalan Paya Indah. Bukit Changgang. 43800. Selangor. Malaysia,0,0,0,0,0,0,1,2023-03-10T19:16:40.3639537Z,0
2.8592898,101.6530714,Daerah: Selangor<br>No:2847<br>Hex coord:(62;65),Ladang Lee Cheng Chin. Dengkil. Sepang. Malaysia,0,0,0,0,0,0,1,2023-03-10T19:16:41.1362890Z,0
2.8515098,101.6666059,Daerah: Selangor<br>No:2848<br>Hex coord:(63;65),Maju Expressway. Taman Jed. 43800 Sepang. Selangor. Malaysia,0,0,0,0,0,0,1,2023-03-10T19:16:41.8637325Z,0
2.8592898,101.6801404,Daerah: Selangor<br>No:2849<br>Hex coord:(64;65),Dengkil Police Station. 43800 Dengkil. Selangor. Malaysia,7,0,0,0,0,0,1,2023-03-10T19:16:42.6693965Z,1
2.8515098,101.6936749,Daerah: Selangor<br>No:2850<br>Hex coord:(65;65),Sime Darby Property at Serenia City. Lot 27999 Lebuhraya Damansara Puchong ‒ Putrajaya dan Cyberjaya. 43900 Sepang. Selangor. Malaysia,0,0,0,0,0,0,1,2023-03-10T19:16:43.4097892Z,0
2.8592898,101.7072093,Daerah: Selangor<br>No:2851<br>Hex coord:(66;65),Jalan Aman Serenia 5/7. Taman Gemilang. 43900 Sepang. Selangor. Malaysia,0,0,0,0,0,0,1,2023-03-10T19:16:44.1846520Z,0
2.8515098,101.7207438,Daerah: Selangor<br>No:2852<br>Hex coord:(67;65),North–South Expressway Central Link. Kampung Jenderam Hulu. 43900 Sepang. Selangor. Malaysia,0,0,0,0,0,0,1,2023-03-10T19:16:44.9203400Z,0
2.8592898,101.7342783,Daerah: Selangor<br>No:2853<br>Hex coord:(68;65),Kampung Jenderam Hulu. 43900 Sepang. Selangor. Malaysia,0,0,0,0,0,0,1,2023-03-10T19:16:45.6743828Z,0
2.8515098,101.7478128,Daerah: Selangor<br>No:2854<br>Hex coord:(69;65),43900 Sepang. Selangor. Malaysia,0,0,0,0,0,0,1,2023-03-10T19:16:46.4110064Z,0
2.8437298,101.3011751,Daerah: Selangor<br>No:2855<br>Hex coord:(36;66),Kuala Langat. Selangor. Malaysia,0,0,0,0,0,0,1,2023-03-10T19:16:47.1021365Z,0
2.8359498,101.3147096,Daerah: Selangor<br>No:2856<br>Hex coord:(37;66),Kuala Langat. Selangor. Malaysia,0,0,0,0,0,0,1,2023-03-10T19:16:47.7668005Z,0
2.8437298,101.328244,Daerah: Selangor<br>No:2857<br>Hex coord:(38;66),Kuala Langat. Selangor. Malaysia,0,0,0,0,0,0,1,2023-03-10T19:16:48.4564541Z,0
2.8359498,101.3417785,Daerah: Selangor<br>No:2858<br>Hex coord:(39;66),Jalan Pulau Carey. Kuala Langat. 42960. Selangor. Malaysia,0,0,0,0,0,0,1,2023-03-10T19:16:49.1227187Z,0
2.8437298,101.355313,Daerah: Selangor<br>No:2859<br>Hex coord:(40;66),Kuala Langat. Selangor. Malaysia,0,0,0,0,0,0,1,2023-03-10T19:16:49.8132920Z,0
2.8359498,101.3688475,Daerah: Selangor<br>No:2860<br>Hex coord:(41;66),Sungai Junus. Kuala Langat. Malaysia,0,0,0,0,0,0,1,2023-03-10T19:16:50.4692818Z,0
2.8437298,101.3823819,Daerah: Selangor<br>No:2861<br>Hex coord:(42;66),Jalan Pulau Carey. Chodoi / Sungai Buaya. 42960. Selangor. Malaysia,0,0,0,0,0,0,1,2023-03-10T19:16:51.2063519Z,0
2.8359498,101.3959164,Daerah: Selangor<br>No:2862<br>Hex coord:(43;66),Jugra Forest Reserve Block One. Kuala Langat. Malaysia,0,0,0,0,0,0,1,2023-03-10T19:16:51.8727434Z,0
2.8437298,101.4094509,Daerah: Selangor<br>No:2863<br>Hex coord:(44;66),Amverton Cove Golf & Island Resort. Stone Steps. Permatang Pasir. 42960. Selangor. Malaysia,0,0,0,0,0,0,1,2023-03-10T19:16:52.5850701Z,0
2.8359498,101.4229854,Daerah: Selangor<br>No:2864<br>Hex coord:(45;66),Bukit Jugra Uphill Road. Permatang Pasir. 42960 Banting. Selangor. Malaysia,0,0,0,0,0,0,1,2023-03-10T19:16:53.2641037Z,0
2.8437298,101.4365198,Daerah: Selangor<br>No:2865<br>Hex coord:(46;66),Chodoi / Sungai Buaya. 42700 BANTING. Selangor. Malaysia,0,0,0,0,0,0,1,2023-03-10T19:16:53.9711088Z,0
2.8359498,101.4500543,Daerah: Selangor<br>No:2866<br>Hex coord:(47;66),Jalan Sultan Suleiman Shah. Chodoi / Sungai Buaya. 42700 BANTING Banting. Selangor. Malaysia,0,0,0,0,0,0,1,2023-03-10T19:16:54.6701833Z,0
2.8437298,101.4635888,Daerah: Selangor<br>No:2867<br>Hex coord:(48;66),Haizol's house. lot 294c Jalan Sungai Buaya. 42700 Banting. Selangor. Malaysia,0,0,0,0,0,1,1,2023-03-10T19:16:55.4176086Z,0
2.8359498,101.4771233,Daerah: Selangor<br>No:2868<br>Hex coord:(49;66),Serdang Belah Estate. Banting. Kuala Langat. Malaysia,0,0,0,0,0,1,1,2023-03-10T19:16:56.1412143Z,0
2.8437298,101.4906577,Daerah: Selangor<br>No:2869<br>Hex coord:(50;66),Kuala Langat. 42600 Jenjarom. Selangor. Malaysia,0,0,0,0,0,1,1,2023-03-10T19:16:56.9104030Z,0
2.8359498,101.5041922,Daerah: Selangor<br>No:2870<br>Hex coord:(51;66),Teluk Datok. 42700. Selangor. Malaysia,0,0,0,0,0,1,1,2023-03-10T19:16:57.6504193Z,0
2.8437298,101.5177267,Daerah: Selangor<br>No:2871<br>Hex coord:(52;66),Teluk Datok. 42700. Selangor. Malaysia,0,0,0,0,0,1,1,2023-03-10T19:16:58.4140031Z,0
2.8359498,101.5312612,Daerah: Selangor<br>No:2872<br>Hex coord:(53;66),Jalan Durian 6. Banting. Selangor. Malaysia,0,0,0,0,0,1,1,2023-03-10T19:16:59.1471274Z,0
2.8437298,101.5447956,Daerah: Selangor<br>No:2873<br>Hex coord:(54;66),Persiaran Kota Seri Langat. Teluk Datok. 42700. Selangor. Malaysia,0,0,0,0,0,0,1,2023-03-10T19:16:59.8963168Z,0
2.8359498,101.5583301,Daerah: Selangor<br>No:2874<br>Hex coord:(55;66),Teluk Datok. Selangor. Malaysia,0,0,0,0,0,0,1,2023-03-10T19:17:00.5888772Z,0
2.8437298,101.5718646,Daerah: Selangor<br>No:2875<br>Hex coord:(56;66),Jalan Bukit Perah. Banting. Selangor. Malaysia,0,0,0,0,0,0,1,2023-03-10T19:17:01.3132436Z,0
2.8359498,101.5853991,Daerah: Selangor<br>No:2876<br>Hex coord:(57;66),Jalan Seribu Tahun. Kuala Langat. Selangor. Malaysia,0,0,0,0,0,0,1,2023-03-10T19:17:02.0161912Z,0
2.8437298,101.5989335,Daerah: Selangor<br>No:2877<br>Hex coord:(58;66),Kampung Labohan Dagang. Selangor. Malaysia,0,0,0,0,0,0,1,2023-03-10T19:17:02.7384781Z,0
2.8359498,101.612468,Daerah: Selangor<br>No:2878<br>Hex coord:(59;66),Kampung Labohan Dagang. Selangor. Malaysia,1,0,0,0,0,0,1,2023-03-10T19:17:03.4338841Z,0
2.8437298,101.6260025,Daerah: Selangor<br>No:2879<br>Hex coord:(60;66),Far East Agriculture Orchid Farm. Banting. Kuala Langat. Malaysia,0,0,0,0,0,0,1,2023-03-10T19:17:04.1604652Z,0
2.8359498,101.639537,Daerah: Selangor<br>No:2880<br>Hex coord:(61;66),Bukit Changgang. 43800. Selangor. Malaysia,0,0,0,0,0,0,1,2023-03-10T19:17:04.8917169Z,0
2.8437298,101.6530714,Daerah: Selangor<br>No:2881<br>Hex coord:(62;66),Kampung Selangor Dredging. 43800 Sepang. Selangor. Malaysia,0,0,0,0,0,0,1,2023-03-10T19:17:05.6506211Z,0
2.8359498,101.6666059,Daerah: Selangor<br>No:2882<br>Hex coord:(63;66),Commonwealth Games 1998 Statue. Sepang. Malaysia,0,0,0,0,0,0,1,2023-03-10T19:17:06.4090364Z,0
2.8437298,101.6801404,Daerah: Selangor<br>No:2883<br>Hex coord:(64;66),Jalan Kampung Sungai Melut. Kampung Sri Tanjung. 43800 Sepang. Selangor. Malaysia,0,0,0,0,0,0,1,2023-03-10T19:17:07.1770012Z,0
2.8359498,101.6936749,Daerah: Selangor<br>No:2884<br>Hex coord:(65;66),Sime Darby Property at Serenia City. Lot 27999 Lebuhraya Damansara Puchong ‒ Putrajaya dan Cyberjaya. 43900 Sepang. Selangor. Malaysia,0,0,0,0,0,0,1,2023-03-10T19:17:07.9226402Z,0
2.8437298,101.7072093,Daerah: Selangor<br>No:2885<br>Hex coord:(66;66),Kampung Kelinsing. 43900 Sepang. Selangor. Malaysia,0,0,0,0,0,0,1,2023-03-10T19:17:08.6874069Z,0
2.8359498,101.7207438,Daerah: Selangor<br>No:2886<br>Hex coord:(67;66),4 Jalan SP 3/7. 43900 Sepang. Selangor. Malaysia,8,0,0,0,0,0,1,2023-03-10T19:17:09.4391505Z,0
2.8437298,101.7342783,Daerah: Selangor<br>No:2887<br>Hex coord:(68;66),B48. Kampung Jenderam Hulu. 43900 Sepang. Selangor. Malaysia,0,0,0,0,0,0,1,2023-03-10T19:17:10.2079647Z,0
2.8359498,101.7478128,Daerah: Selangor<br>No:2888<br>Hex coord:(69;66),Kampung Labu Lanjut. 43900 Sepang. Selangor. Malaysia,0,0,0,0,0,0,1,2023-03-10T19:17:10.9527199Z,0
2.8281698,101.355313,Daerah: Selangor<br>No:2889<br>Hex coord:(40;67),Kuala Langat. 42960 Pulau Carey. Selangor. Malaysia,0,0,0,0,0,0,1,2023-03-10T19:17:11.6506820Z,0
2.8203898,101.3688475,Daerah: Selangor<br>No:2890<br>Hex coord:(41;67),Kuala Langat. 42960. Selangor. Malaysia,0,0,0,0,0,0,1,2023-03-10T19:17:12.3085677Z,0
2.8281698,101.3823819,Daerah: Selangor<br>No:2891<br>Hex coord:(42;67),Kuala Langat. 42960. Selangor. Malaysia,0,0,0,0,0,0,1,2023-03-10T19:17:12.9993096Z,0
2.8203898,101.3959164,Daerah: Selangor<br>No:2892<br>Hex coord:(43;67),Kuala Langat. Selangor. Malaysia,0,0,0,0,0,0,1,2023-03-10T19:17:13.6695290Z,0
2.8281698,101.4094509,Daerah: Selangor<br>No:2893<br>Hex coord:(44;67),Kuala Langat. Selangor. Malaysia,0,0,0,0,0,0,1,2023-03-10T19:17:14.3756342Z,0
2.8203898,101.4229854,Daerah: Selangor<br>No:2894<br>Hex coord:(45;67),Permatang Pasir. 42700 BANTING. Selangor. Malaysia,0,0,0,0,0,0,1,2023-03-10T19:17:15.0487877Z,0
2.8281698,101.4365198,Daerah: Selangor<br>No:2895<br>Hex coord:(46;67),Rumah Pengetua. Kuarters Guru SM Sains Banting. Banting. Selangor. Malaysia,0,0,0,0,0,0,1,2023-03-10T19:17:15.7687824Z,0
2.8203898,101.4500543,Daerah: Selangor<br>No:2896<br>Hex coord:(47;67),Banting Baru. 42700 BANTING. Selangor. Malaysia,0,0,0,0,0,0,1,2023-03-10T19:17:16.4867589Z,0
2.8281698,101.4635888,Daerah: Selangor<br>No:2897<br>Hex coord:(48;67),Politeknik Banting Selangor. 42700 Banting. Selangor. Malaysia,0,0,0,0,0,1,1,2023-03-10T19:17:17.5119178Z,0
2.8203898,101.4771233,Daerah: Selangor<br>No:2898<br>Hex coord:(49;67),Banting Baru. 42700. Selangor. Malaysia,0,0,0,0,0,1,1,2023-03-10T19:17:18.2365300Z,0
2.8281698,101.4906577,Daerah: Selangor<br>No:2899<br>Hex coord:(50;67),Teluk Datok. 42700 Banting. Selangor. Malaysia,0,0,0,0,0,1,1,2023-03-10T19:17:18.9996156Z,0
2.8203898,101.5041922,Daerah: Selangor<br>No:2900<br>Hex coord:(51;67),Teluk Datok. 42700 Banting. Selangor. Malaysia,1,0,0,0,0,1,1,2023-03-10T19:17:19.7329612Z,0
2.8281698,101.5177267,Daerah: Selangor<br>No:2901<br>Hex coord:(52;67),Teluk Datok. 42700. Selangor. Malaysia,0,0,0,0,0,1,1,2023-03-10T19:17:20.4784196Z,0
2.8203898,101.5312612,Daerah: Selangor<br>No:2902<br>Hex coord:(53;67),Jalan Emas 19. Banting. Selangor. Malaysia,0,0,0,0,0,1,1,2023-03-10T19:17:21.2187082Z,0
2.8281698,101.5447956,Daerah: Selangor<br>No:2903<br>Hex coord:(54;67),Kompleks Abatoir Banting. Banting. Kuala Langat. Malaysia,1,0,0,0,0,1,1,2023-03-10T19:17:21.9358668Z,0
2.8203898,101.5583301,Daerah: Selangor<br>No:2904<br>Hex coord:(55;67),Teluk Datok. Selangor. Malaysia,0,0,0,0,0,0,1,2023-03-10T19:17:22.6434604Z,1
2.8281698,101.5718646,Daerah: Selangor<br>No:2905<br>Hex coord:(56;67),Jalan Angkasa 1C/15. Banting. Selangor. Malaysia,1,1,0,0,0,0,1,2023-03-10T19:17:23.3708059Z,0
2.8203898,101.5853991,Daerah: Selangor<br>No:2906<br>Hex coord:(57;67),Langat River. Selangor. Malaysia,0,0,0,0,0,0,1,2023-03-10T19:17:24.0658553Z,0
2.8281698,101.5989335,Daerah: Selangor<br>No:2907<br>Hex coord:(58;67),Bumi Infiniti Auto Sdn Bhd. Banting. Kuala Langat. Malaysia,1,0,0,0,0,0,1,2023-03-10T19:17:24.7991541Z,0
2.8203898,101.612468,Daerah: Selangor<br>No:2908<br>Hex coord:(59;67),Jalan Labohan Dagang ‒ Nilai. Kampung Bukit Changgang. Selangor. Malaysia,0,0,0,0,0,0,1,2023-03-10T19:17:25.4935446Z,0
2.8281698,101.6260025,Daerah: Selangor<br>No:2909<br>Hex coord:(60;67),Kuarters JKR Bukit Changgang. Banting. Kuala Langat. Malaysia,0,0,0,0,0,0,1,2023-03-10T19:17:26.2338673Z,1
2.8203898,101.639537,Daerah: Selangor<br>No:2910<br>Hex coord:(61;67),Jalan Emas Kiri. Banting. Selangor. Malaysia,1,0,0,0,0,0,1,2023-03-10T19:17:26.9402524Z,0
2.8281698,101.6530714,Daerah: Selangor<br>No:2911<br>Hex coord:(62;67),Rizab Melayu Bukit Changgang. Dengkil. Sepang. Malaysia,0,0,0,0,0,0,1,2023-03-10T19:17:27.6880023Z,0
2.8203898,101.6666059,Daerah: Selangor<br>No:2912<br>Hex coord:(63;67),Maju Expressway. Taman Langat Murni. 42700. Selangor. Malaysia,0,0,0,0,0,0,1,2023-03-10T19:17:28.4173611Z,0
2.8281698,101.6801404,Daerah: Selangor<br>No:2913<br>Hex coord:(64;67),Kampung Kelinsing. 43800 Sepang. Selangor. Malaysia,0,0,0,0,0,0,1,2023-03-10T19:17:29.1805265Z,0
2.8203898,101.6936749,Daerah: Selangor<br>No:2914<br>Hex coord:(65;67),Hannan Medispa. Sepang. Malaysia,4,0,0,0,0,0,1,2023-03-10T19:17:29.9417344Z,1
2.8281698,101.7072093,Daerah: Selangor<br>No:2915<br>Hex coord:(66;67),Moon Eleven Hostel (Near KLIA & KLIA2). 44-1 Jalan Warisan Megah 1/4. 43900 Sepang. Selangor. Malaysia,6,1,0,0,0,0,1,2023-03-10T19:17:30.7254335Z,1
2.8203898,101.7207438,Daerah: Selangor<br>No:2916<br>Hex coord:(67;67),1 Jalan Ixora 1/6. 43900 Sepang. Selangor. Malaysia,3,0,0,0,0,0,1,2023-03-10T19:17:31.4790143Z,0
2.8281698,101.7342783,Daerah: Selangor<br>No:2917<br>Hex coord:(68;67),Ladang Lee Tiap. Sepang. Malaysia,6,0,0,0,0,0,1,2023-03-10T19:17:32.2818483Z,0
2.8203898,101.7478128,Daerah: Selangor<br>No:2918<br>Hex coord:(69;67),Nilai Kasih. Jalan Salak Hill. Salak. 43900 Sepang. Selangor. Malaysia,0,0,0,0,0,0,1,2023-03-10T19:17:33.0429186Z,0
2.8126098,101.3823819,Daerah: Selangor<br>No:2919<br>Hex coord:(42;68),Sungai Pasir. Kuala Langat. Malaysia,0,0,0,0,0,0,1,2023-03-10T19:17:33.7688220Z,0
2.8126098,101.4094509,Daerah: Selangor<br>No:2920<br>Hex coord:(44;68),Permatang Pasir. 42700 BANTING. Selangor. Malaysia,0,0,0,0,0,0,1,2023-03-10T19:17:34.4430398Z,0
2.8048298,101.4229854,Daerah: Selangor<br>No:2921<br>Hex coord:(45;68),Kampung Kathong. 42700 BANTING. Selangor. Malaysia,0,0,0,0,0,0,1,2023-03-10T19:17:35.1560980Z,0
2.8126098,101.4365198,Daerah: Selangor<br>No:2922<br>Hex coord:(46;68),Kampung Kathong. 42700 BANTING. Selangor. Malaysia,0,0,0,0,0,0,1,2023-03-10T19:17:35.8725677Z,0
2.8048298,101.4500543,Daerah: Selangor<br>No:2923<br>Hex coord:(47;68),Jalan Simpang Jugra. Banting Baru. 42700 BANTING. Selangor. Malaysia,0,0,0,0,0,0,1,2023-03-10T19:17:36.6058826Z,0
2.8126098,101.4635888,Daerah: Selangor<br>No:2924<br>Hex coord:(48;68),Banting Baru. 42700 BANTING. Selangor. Malaysia,0,0,0,0,0,1,1,2023-03-10T19:17:37.3410084Z,0
2.8048298,101.4771233,Daerah: Selangor<br>No:2925<br>Hex coord:(49;68),Banting casket. Jalan Sempadan. Banting. Selangor. Malaysia,0,0,0,0,0,1,1,2023-03-10T19:17:38.0997516Z,0
2.8126098,101.4906577,Daerah: Selangor<br>No:2926<br>Hex coord:(50;68),Jalan Mulia 13. Teluk Datok. 42700 Banting. Selangor. Malaysia,1,0,0,0,0,1,1,2023-03-10T19:17:38.8582049Z,2
2.8048298,101.5041922,Daerah: Selangor<br>No:2927<br>Hex coord:(51;68),Rumah Bungalow Dr. Ravi. 12 Jalan Cempaka Kuning. Taman Cempaka. 42700 Banting. Selangor. Malaysia,0,0,0,0,0,1,1,2023-03-10T19:17:39.6216364Z,0
2.8126098,101.5177267,Daerah: Selangor<br>No:2928<br>Hex coord:(52;68),Teluk Datok. 42700. Selangor. Malaysia,0,0,0,0,0,1,1,2023-03-10T19:17:40.3378840Z,0
2.8048298,101.5312612,Daerah: Selangor<br>No:2929<br>Hex coord:(53;68),Ladang Ann Kiat. Banting. Kuala Langat. Malaysia,0,0,0,0,0,1,1,2023-03-10T19:17:41.0880753Z,0
2.8126098,101.5447956,Daerah: Selangor<br>No:2930<br>Hex coord:(54;68),Langat River (bypass). Banting. Selangor. Malaysia,0,0,0,0,0,0,1,2023-03-10T19:17:41.7975469Z,0
2.8048298,101.5583301,Daerah: Selangor<br>No:2931<br>Hex coord:(55;68),Teluk Datok. Selangor. Malaysia,0,0,0,0,0,0,1,2023-03-10T19:17:42.5243208Z,0
2.8126098,101.5718646,Daerah: Selangor<br>No:2932<br>Hex coord:(56;68),Langat River. Banting. Selangor. Malaysia,0,0,0,0,0,0,1,2023-03-10T19:17:43.2126550Z,0
2.8048298,101.5853991,Daerah: Selangor<br>No:2933<br>Hex coord:(57;68),Langat River. Banting. Selangor. Malaysia,0,0,0,0,0,0,1,2023-03-10T19:17:43.9291454Z,0
2.8126098,101.5989335,Daerah: Selangor<br>No:2934<br>Hex coord:(58;68),Lion Group Megasteel Production Complex. Selangor. Malaysia,0,0,0,0,0,0,1,2023-03-10T19:17:44.6298357Z,0
2.8048298,101.612468,Daerah: Selangor<br>No:2935<br>Hex coord:(59;68),Kampung Labohan Dagang. Selangor. Malaysia,0,0,0,0,0,0,1,2023-03-10T19:17:45.3669750Z,0
2.8126098,101.6260025,Daerah: Selangor<br>No:2936<br>Hex coord:(60;68),Taman D' Menara. Selangor. Malaysia,0,0,0,0,0,0,1,2023-03-10T19:17:46.0662174Z,0
2.8048298,101.639537,Daerah: Selangor<br>No:2937<br>Hex coord:(61;68),Bukit Changgang. 64000. Selangor. Malaysia,0,0,0,0,0,0,1,2023-03-10T19:17:46.7812409Z,0
2.8126098,101.6530714,Daerah: Selangor<br>No:2938<br>Hex coord:(62;68),Jalan Sempadan RTB. Taman D' Menara. 64000 Banting. Selangor. Malaysia,0,0,0,0,0,0,1,2023-03-10T19:17:47.4820185Z,0
2.8048298,101.6666059,Daerah: Selangor<br>No:2939<br>Hex coord:(63;68),Taman Langat Murni. 42700. Selangor. Malaysia,2,0,0,0,0,0,1,2023-03-10T19:17:48.2409734Z,0
2.8126098,101.6801404,Daerah: Selangor<br>No:2940<br>Hex coord:(64;68),Kolam Tadahan Saujana KLIA. Persiaran Saujana KLIA 1/1. Saujana KLIA. 64000 Sepang. Selangor. Malaysia,2,0,0,0,0,0,1,2023-03-10T19:17:48.9770488Z,0
2.8048298,101.6936749,Daerah: Selangor<br>No:2941<br>Hex coord:(65;68),Jalan Labohan Dagang ‒ Nilai. Warisan Puteri. 64000 Sepang. Selangor. Malaysia,1,0,0,0,0,0,1,2023-03-10T19:17:49.7245266Z,0
2.8126098,101.7072093,Daerah: Selangor<br>No:2942<br>Hex coord:(66;68),Warisan Puteri. 43900 Sepang. Selangor. Malaysia,2,0,0,0,0,0,1,2023-03-10T19:17:50.4656557Z,0
2.8048298,101.7207438,Daerah: Selangor<br>No:2943<br>Hex coord:(67;68),Taman Desa Sri Qaseh. 43900 Sepang. Selangor. Malaysia,2,0,0,0,0,0,1,2023-03-10T19:17:51.2459361Z,1
2.8126098,101.7342783,Daerah: Selangor<br>No:2944<br>Hex coord:(68;68),Ehsan Residence. 43900 Sepang. Selangor. Malaysia,3,0,0,0,0,0,1,2023-03-10T19:17:51.9930609Z,0
2.8048298,101.7478128,Daerah: Selangor<br>No:2945<br>Hex coord:(69;68),BUMI AUTO PERFORMANCE. NO 3. LOT 340 JALAN BESAR SALAK. KAMPUNG SALAK TINGGI. 43900 Sepang. Selangor. Malaysia,0,0,0,0,0,0,1,2023-03-10T19:17:52.7832134Z,0
2.7970498,101.4094509,Daerah: Selangor<br>No:2946<br>Hex coord:(44;69),Jalan Simpang Jugra. Banting. Selangor. Malaysia,0,0,0,0,0,0,1,2023-03-10T19:17:53.4462040Z,0
2.7892698,101.4229854,Daerah: Selangor<br>No:2947<br>Hex coord:(45;69),Jalan Pantai Baru. 42700 BANTING Banting. Selangor. Malaysia,0,0,0,0,0,0,1,2023-03-10T19:17:54.1674288Z,0
2.7970498,101.4365198,Daerah: Selangor<br>No:2948<br>Hex coord:(46;69),Banting Baru. 42700 BANTING. Selangor. Malaysia,0,0,0,0,0,0,1,2023-03-10T19:17:54.8682897Z,1
2.7892698,101.4500543,Daerah: Selangor<br>No:2949<br>Hex coord:(47;69),Simpang Morib. 42700 BANTING. Selangor. Malaysia,0,0,0,0,0,0,1,2023-03-10T19:17:55.5965466Z,0
2.7970498,101.4635888,Daerah: Selangor<br>No:2950<br>Hex coord:(48;69),Dusun Durian Estate Kelanang Bara Division. Banting. Kuala Langat. Malaysia,0,0,0,0,0,0,1,2023-03-10T19:17:56.3145469Z,0
2.7892698,101.4771233,Daerah: Selangor<br>No:2951<br>Hex coord:(49;69),Taman Baiduri. 42700. Selangor. Malaysia,1,0,0,0,0,1,1,2023-03-10T19:17:57.1645325Z,0
2.7970498,101.4906577,Daerah: Selangor<br>No:2952<br>Hex coord:(50;69),TUGU PERINGATAN DATO'HAJI SIDIK. Banting. Kuala Langat. Malaysia,0,0,0,0,0,1,1,2023-03-10T19:17:57.9026621Z,3
2.7892698,101.5041922,Daerah: Selangor<br>No:2953<br>Hex coord:(51;69),Mistjuicey Vapestore. 34 Jalan Bersatu Kampung Sungai Lang. 42700 Banting. Selangor. Malaysia,0,0,0,0,0,1,1,2023-03-10T19:17:58.6569486Z,0
2.7970498,101.5177267,Daerah: Selangor<br>No:2954<br>Hex coord:(52;69),Teluk Datok. 42700. Selangor. Malaysia,0,0,0,0,0,1,1,2023-03-10T19:17:59.3746723Z,0
2.7892698,101.5312612,Daerah: Selangor<br>No:2955<br>Hex coord:(53;69),Teluk Datok. 42700. Selangor. Malaysia,0,0,0,0,0,0,1,2023-03-10T19:18:00.1331742Z,0
2.7970498,101.5447956,Daerah: Selangor<br>No:2956<br>Hex coord:(54;69),Teluk Datok. 42700. Selangor. Malaysia,0,0,0,0,0,0,1,2023-03-10T19:18:00.8505072Z,0
2.7892698,101.5583301,Daerah: Selangor<br>No:2957<br>Hex coord:(55;69),Loji Rawatan Air Labohan Dagang. 42700. Selangor. Malaysia,0,0,0,0,0,0,1,2023-03-10T19:18:01.5582769Z,0
2.7970498,101.5718646,Daerah: Selangor<br>No:2958<br>Hex coord:(56;69),Kemajuan Tanah Sungai Kelambu. Kuala Langat. Malaysia,0,0,0,0,0,0,1,2023-03-10T19:18:02.2387229Z,0
2.7892698,101.5853991,Daerah: Selangor<br>No:2959<br>Hex coord:(57;69),Loji Rawatan Air Labohan Dagang. 42700. Selangor. Malaysia,0,0,0,0,0,0,1,2023-03-10T19:18:02.9587439Z,0
2.7970498,101.5989335,Daerah: Selangor<br>No:2960<br>Hex coord:(58;69),Labohan Dagang Off River Storage. Jalan Labohan Dagang. Kampung Labohan Dagang. Selangor. Malaysia,0,0,0,0,0,0,1,2023-03-10T19:18:03.6554028Z,0
2.7892698,101.612468,Daerah: Selangor<br>No:2961<br>Hex coord:(59;69),Labohan Dagang Off River Storage. Jalan Labohan Dagang. Kampung Labohan Dagang. Selangor. Malaysia,0,0,0,0,0,0,1,2023-03-10T19:18:04.3684986Z,0
2.7970498,101.6260025,Daerah: Selangor<br>No:2962<br>Hex coord:(60;69),Kampung Labohan Dagang. Selangor. Malaysia,1,0,0,0,0,0,1,2023-03-10T19:18:05.0569627Z,0
2.7892698,101.639537,Daerah: Selangor<br>No:2963<br>Hex coord:(61;69),Persiaran Hulu Selangor. Bukit Changgang. 64000. Selangor. Malaysia,0,0,0,0,0,0,1,2023-03-10T19:18:05.7786859Z,0
2.7970498,101.6530714,Daerah: Selangor<br>No:2964<br>Hex coord:(62;69),GS Paper & Packaging. Lebuhraya Nilai-KLIA. Banting. Selangor. Malaysia,0,0,0,0,0,0,1,2023-03-10T19:18:06.4697705Z,1
2.7892698,101.6666059,Daerah: Selangor<br>No:2965<br>Hex coord:(63;69),64000 Sepang. Selangor. Malaysia,0,0,0,0,0,0,1,2023-03-10T19:18:07.2033471Z,0
2.7970498,101.6801404,Daerah: Selangor<br>No:2966<br>Hex coord:(64;69),Jalan Labohan Dagang ‒ Nilai. Kampung Kelinsing. 64000 Sepang. Selangor. Malaysia,0,0,0,0,0,0,1,2023-03-10T19:18:07.9223550Z,0
2.7892698,101.6936749,Daerah: Selangor<br>No:2967<br>Hex coord:(65;69),Jalan Pekeliling KLIA. Kampung Labu Lanjut. 64000 Sepang. Selangor. Malaysia,0,0,0,0,0,0,1,2023-03-10T19:18:08.6476867Z,0
2.7970498,101.7072093,Daerah: Selangor<br>No:2968<br>Hex coord:(66;69),Kampung Labu Lanjut. 64000 Sepang. Selangor. Malaysia,6,0,0,0,0,0,1,2023-03-10T19:18:09.4142848Z,0
2.7892698,101.7207438,Daerah: Selangor<br>No:2969<br>Hex coord:(67;69),Bukit Lanjut. Sepang. Malaysia,1,0,0,0,0,0,1,2023-03-10T19:18:10.1470594Z,0
2.7970498,101.7342783,Daerah: Selangor<br>No:2970<br>Hex coord:(68;69),Rizab Melayu Labu. Sepang. Malaysia,0,0,0,0,0,0,1,2023-03-10T19:18:10.9248645Z,1
2.7892698,101.7478128,Daerah: Selangor<br>No:2971<br>Hex coord:(69;69),Salak. Sepang. Selangor. Malaysia,0,0,0,0,0,0,1,2023-03-10T19:18:11.6868386Z,0
2.7814898,101.4365198,Daerah: Selangor<br>No:2972<br>Hex coord:(46;70),Morib. Selangor. Malaysia,0,0,0,0,0,0,1,2023-03-10T19:18:12.3940790Z,0
2.7737098,101.4500543,Daerah: Selangor<br>No:2973<br>Hex coord:(47;70),Simpang Morib. 42700 BANTING. Selangor. Malaysia,0,0,0,0,0,0,1,2023-03-10T19:18:13.0863958Z,0
2.7814898,101.4635888,Daerah: Selangor<br>No:2974<br>Hex coord:(48;70),Simpang Morib. 42700 BANTING. Selangor. Malaysia,0,0,0,0,0,0,1,2023-03-10T19:18:13.8238128Z,0
2.7737098,101.4771233,Daerah: Selangor<br>No:2975<br>Hex coord:(49;70),Kanchong Darat. Selangor. Malaysia,0,0,0,0,0,0,1,2023-03-10T19:18:14.5317951Z,1
2.7814898,101.4906577,Daerah: Selangor<br>No:2976<br>Hex coord:(50;70),Taman Baiduri. 42700. Selangor. Malaysia,0,0,0,0,0,1,1,2023-03-10T19:18:15.2861037Z,0
2.7737098,101.5041922,Daerah: Selangor<br>No:2977<br>Hex coord:(51;70),Kanchong Darat. 42700. Selangor. Malaysia,0,0,0,0,0,0,1,2023-03-10T19:18:16.0460501Z,0
2.7814898,101.5177267,Daerah: Selangor<br>No:2978<br>Hex coord:(52;70),Teluk Datok. 42700. Selangor. Malaysia,0,0,0,0,0,0,1,2023-03-10T19:18:16.7935786Z,0
2.7737098,101.5312612,Daerah: Selangor<br>No:2979<br>Hex coord:(53;70),Teluk Datok. Selangor. Malaysia,0,0,0,0,0,0,1,2023-03-10T19:18:17.4797766Z,0
2.7814898,101.5447956,Daerah: Selangor<br>No:2980<br>Hex coord:(54;70),Teluk Datok. 42700. Selangor. Malaysia,0,0,0,0,0,0,1,2023-03-10T19:18:18.2055351Z,0
2.7737098,101.5583301,Daerah: Selangor<br>No:2981<br>Hex coord:(55;70),Kuala Langat. Selangor. Malaysia,0,0,0,0,0,0,1,2023-03-10T19:18:18.9099691Z,0
2.7814898,101.5718646,Daerah: Selangor<br>No:2982<br>Hex coord:(56;70),Kuala Langat. Selangor. Malaysia,0,0,0,0,0,0,1,2023-03-10T19:18:19.6170122Z,0
2.7737098,101.5853991,Daerah: Selangor<br>No:2983<br>Hex coord:(57;70),Kuala Langat. Selangor. Malaysia,0,0,0,0,0,0,1,2023-03-10T19:18:20.2917129Z,0
2.7814898,101.5989335,Daerah: Selangor<br>No:2984<br>Hex coord:(58;70),Kuala Langat. Selangor. Malaysia,0,0,0,0,0,0,1,2023-03-10T19:18:21.0018710Z,0
2.7737098,101.612468,Daerah: Selangor<br>No:2985<br>Hex coord:(59;70),Kuala Langat. Selangor. Malaysia,0,0,0,0,0,0,1,2023-03-10T19:18:21.6787290Z,0
2.7814898,101.6260025,Daerah: Selangor<br>No:2986<br>Hex coord:(60;70),Persiaran Hulu Selangor. Kampung Labohan Dagang. 64000. Selangor. Malaysia,0,0,0,0,0,0,1,2023-03-10T19:18:22.4256824Z,0
2.7737098,101.639537,Daerah: Selangor<br>No:2987<br>Hex coord:(61;70),Kuala Langat. Selangor. Malaysia,0,0,0,0,0,0,1,2023-03-10T19:18:23.1067740Z,0
2.7814898,101.6530714,Daerah: Selangor<br>No:2988<br>Hex coord:(62;70),64000 Sepang. Selangor. Malaysia,0,0,0,0,0,0,1,2023-03-10T19:18:23.8117388Z,0
2.7737098,101.6666059,Daerah: Selangor<br>No:2989<br>Hex coord:(63;70),Sepang. Selangor. Malaysia,0,0,0,0,0,0,1,2023-03-10T19:18:24.4843496Z,0
2.7814898,101.6801404,Daerah: Selangor<br>No:2990<br>Hex coord:(64;70),Kampung Kelinsing. 64000 Sepang. Selangor. Malaysia,0,0,0,0,0,0,1,2023-03-10T19:18:25.2164832Z,0
2.7737098,101.6936749,Daerah: Selangor<br>No:2991<br>Hex coord:(65;70),Bukit Mayau. Sepang. Malaysia,0,0,0,0,0,0,1,2023-03-10T19:18:25.9236791Z,0
2.7814898,101.7072093,Daerah: Selangor<br>No:2992<br>Hex coord:(66;70),Jalan Pekeliling KLIA. Kampung Labu Lanjut. 64000 Sepang. Selangor. Malaysia,0,0,0,0,0,0,1,2023-03-10T19:18:26.6745010Z,0
2.7737098,101.7207438,Daerah: Selangor<br>No:2993<br>Hex coord:(67;70),Jalan Pekeliling KLIA. Sepang. Selangor. Malaysia,0,0,0,0,0,0,1,2023-03-10T19:18:27.3879240Z,0
2.7814898,101.7342783,Daerah: Selangor<br>No:2994<br>Hex coord:(68;70),Bukit Chinchang. Sepang. Malaysia,0,0,0,0,0,0,1,2023-03-10T19:18:28.1482702Z,0
2.7737098,101.7478128,Daerah: Selangor<br>No:2995<br>Hex coord:(69;70),Salak. Sepang. Selangor. Malaysia,2,0,0,0,0,0,1,2023-03-10T19:18:28.8867722Z,0
2.7659298,101.4365198,Daerah: Selangor<br>No:2996<br>Hex coord:(46;71),Tanjung Tongkah,1,0,0,0,0,0,1,2023-03-10T19:18:29.5616402Z,0
2.7581498,101.4500543,Daerah: Selangor<br>No:2997<br>Hex coord:(47;71),Simpang Morib. Selangor. Malaysia,0,0,0,0,0,0,1,2023-03-10T19:18:30.2808371Z,0
2.7659298,101.4635888,Daerah: Selangor<br>No:2998<br>Hex coord:(48;71),Jalan Ketingting 7. Banting. Selangor. Malaysia,0,0,0,0,0,0,1,2023-03-10T19:18:30.9913760Z,0
2.7581498,101.4771233,Daerah: Selangor<br>No:2999<br>Hex coord:(49;71),Kanchong Darat. Selangor. Malaysia,0,0,0,0,0,0,1,2023-03-10T19:18:31.7085121Z,0
2.7659298,101.4906577,Daerah: Selangor<br>No:3000<br>Hex coord:(50;71),B121. Selangor. Malaysia,0,0,0,0,0,0,1,2023-03-10T19:18:32.4190421Z,0
2.7581498,101.5041922,Daerah: Selangor<br>No:3001<br>Hex coord:(51;71),B121. Kanchong Darat. Selangor. Malaysia,0,0,0,0,0,0,1,2023-03-10T19:18:33.1989007Z,0
2.7659298,101.5177267,Daerah: Selangor<br>No:3002<br>Hex coord:(52;71),Jalan Durian. Kanchong Darat. 42700. Selangor. Malaysia,0,0,0,0,0,0,1,2023-03-10T19:18:33.9440030Z,0
2.7581498,101.5312612,Daerah: Selangor<br>No:3003<br>Hex coord:(53;71),Jalan Durian. Kanchong Darat. 42700. Selangor. Malaysia,0,0,0,0,0,0,1,2023-03-10T19:18:34.6435334Z,0
2.7659298,101.5447956,Daerah: Selangor<br>No:3004<br>Hex coord:(54;71),Kuala Langat. Selangor. Malaysia,0,0,0,0,0,0,1,2023-03-10T19:18:35.3475344Z,0
2.7581498,101.5583301,Daerah: Selangor<br>No:3005<br>Hex coord:(55;71),Kuala Langat. Selangor. Malaysia,0,0,0,0,0,0,1,2023-03-10T19:18:36.0460012Z,0
2.7659298,101.5718646,Daerah: Selangor<br>No:3006<br>Hex coord:(56;71),Kuala Langat. Selangor. Malaysia,0,0,0,0,0,0,1,2023-03-10T19:18:36.7294784Z,0
2.7581498,101.5853991,Daerah: Selangor<br>No:3007<br>Hex coord:(57;71),Kuala Langat. Selangor. Malaysia,0,0,0,0,0,0,1,2023-03-10T19:18:37.4284993Z,0
2.7659298,101.5989335,Daerah: Selangor<br>No:3008<br>Hex coord:(58;71),Kuala Langat. Selangor. Malaysia,0,0,0,0,0,0,1,2023-03-10T19:18:38.1308734Z,0
2.7581498,101.612468,Daerah: Selangor<br>No:3009<br>Hex coord:(59;71),Kuala Langat. Selangor. Malaysia,0,0,0,0,0,0,1,2023-03-10T19:18:38.8230418Z,0
2.7659298,101.6260025,Daerah: Selangor<br>No:3010<br>Hex coord:(60;71),Jalan BSE 4/33. Bandar Seri Ehsan. 42700 Banting. Selangor. Malaysia,0,0,0,0,0,0,1,2023-03-10T19:18:39.5276548Z,1
2.7581498,101.639537,Daerah: Selangor<br>No:3011<br>Hex coord:(61;71),64000 Sepang. Selangor. Malaysia,0,0,0,0,0,0,1,2023-03-10T19:18:40.2186624Z,0
2.7659298,101.6530714,Daerah: Selangor<br>No:3012<br>Hex coord:(62;71),Sepang. Selangor. Malaysia,0,0,0,0,0,0,1,2023-03-10T19:18:40.9237002Z,0
2.7581498,101.6666059,Daerah: Selangor<br>No:3013<br>Hex coord:(63;71),Sepang. Selangor. Malaysia,0,0,0,0,0,0,1,2023-03-10T19:18:41.6282376Z,0
2.7659298,101.6801404,Daerah: Selangor<br>No:3014<br>Hex coord:(64;71),Shell. KLIA Expressway. Kampung Kelinsing. 64000 Sepang. Selangor. Malaysia,0,0,0,0,0,0,1,2023-03-10T19:18:42.3525595Z,0
2.7581498,101.6936749,Daerah: Selangor<br>No:3015<br>Hex coord:(65;71),KLIA Pick-up Waiting Area. Jalan KLIA 1. Kampung Labu Lanjut. 64000 Sepang. Selangor. Malaysia,4,0,0,0,0,0,1,2023-03-10T19:18:43.0560416Z,0
2.7659298,101.7072093,Daerah: Selangor<br>No:3016<br>Hex coord:(66;71),Kampung Labu Lanjut. 64000 Sepang. Selangor. Malaysia,0,0,0,0,0,0,1,2023-03-10T19:18:43.7654504Z,1
2.7581498,101.7207438,Daerah: Selangor<br>No:3017<br>Hex coord:(67;71),Petronas KLIA 3. 64000 Sepang. Selangor. Malaysia,0,0,0,0,0,0,1,2023-03-10T19:18:44.4935390Z,0
2.7659298,101.7342783,Daerah: Selangor<br>No:3018<br>Hex coord:(68;71),O. Jalan Kuarters KLIA. Rumah Murah Salak. 71760 Sepang. Selangor. Malaysia,0,0,0,0,0,0,1,2023-03-10T19:18:45.2416367Z,0
2.7581498,101.7478128,Daerah: Selangor<br>No:3019<br>Hex coord:(69;71),Pan Pacific Airport. Sepang. Malaysia,0,0,0,0,0,0,1,2023-03-10T19:18:45.9759068Z,0
2.7425898,101.4500543,Daerah: Selangor<br>No:3020<br>Hex coord:(47;72),Kanchong Laut. Selangor. Malaysia,1,0,0,0,0,0,1,2023-03-10T19:18:46.6752281Z,0
2.7503698,101.4635888,Daerah: Selangor<br>No:3021<br>Hex coord:(48;72),Dusun Durian Estate. Banting. Kuala Langat. Malaysia,0,0,0,0,0,0,1,2023-03-10T19:18:47.3806845Z,0
2.7425898,101.4771233,Daerah: Selangor<br>No:3022<br>Hex coord:(49;72),Kanchong Laut. Selangor. Malaysia,0,0,0,0,0,0,1,2023-03-10T19:18:48.1238757Z,0
2.7503698,101.4906577,Daerah: Selangor<br>No:3023<br>Hex coord:(50;72),Kanchong Tengah Malay Reservation. Banting. Kuala Langat. Malaysia,0,0,0,0,0,0,1,2023-03-10T19:18:48.8400591Z,0
2.7425898,101.5041922,Daerah: Selangor<br>No:3024<br>Hex coord:(51;72),Kanchong Darat. Selangor. Malaysia,0,0,0,0,0,0,1,2023-03-10T19:18:49.7601315Z,0
2.7503698,101.5177267,Daerah: Selangor<br>No:3025<br>Hex coord:(52;72),B121. Kanchong Darat. Selangor. Malaysia,0,0,0,0,0,0,1,2023-03-10T19:18:50.4677382Z,0
2.7425898,101.5312612,Daerah: Selangor<br>No:3026<br>Hex coord:(53;72),Hutan Rizab Kuala Langat Selatan. Kuala Langat. Malaysia,0,0,0,0,0,0,1,2023-03-10T19:18:51.1588852Z,0
2.7503698,101.5447956,Daerah: Selangor<br>No:3027<br>Hex coord:(54;72),Jalan Durian. Kanchong Darat. 42700. Selangor. Malaysia,0,0,0,0,0,0,1,2023-03-10T19:18:51.8737414Z,0
2.7425898,101.5583301,Daerah: Selangor<br>No:3028<br>Hex coord:(55;72),Kuala Langat. Selangor. Malaysia,0,0,0,0,0,0,1,2023-03-10T19:18:52.5555364Z,0
2.7503698,101.5718646,Daerah: Selangor<br>No:3029<br>Hex coord:(56;72),Kuala Langat. Selangor. Malaysia,0,0,0,0,0,0,1,2023-03-10T19:18:53.2571564Z,0
2.7425898,101.5853991,Daerah: Selangor<br>No:3030<br>Hex coord:(57;72),Kuala Langat. Selangor. Malaysia,0,0,0,0,0,0,1,2023-03-10T19:18:53.9589116Z,0
2.7503698,101.5989335,Daerah: Selangor<br>No:3031<br>Hex coord:(58;72),Kuala Langat. Selangor. Malaysia,0,0,0,0,0,0,1,2023-03-10T19:18:54.6566846Z,0
2.7425898,101.612468,Daerah: Selangor<br>No:3032<br>Hex coord:(59;72),Kuala Langat. Selangor. Malaysia,0,0,0,0,0,0,1,2023-03-10T19:18:55.3496724Z,0
2.7503698,101.6260025,Daerah: Selangor<br>No:3033<br>Hex coord:(60;72),Kuala Langat. Selangor. Malaysia,0,0,0,0,0,0,1,2023-03-10T19:18:56.0393493Z,0
2.7425898,101.639537,Daerah: Selangor<br>No:3034<br>Hex coord:(61;72),Sepang. Selangor. Malaysia,0,0,0,0,0,0,1,2023-03-10T19:18:56.7305225Z,0
2.7503698,101.6530714,Daerah: Selangor<br>No:3035<br>Hex coord:(62;72),64000 Sepang. Selangor. Malaysia,0,0,0,0,0,0,1,2023-03-10T19:18:57.4300001Z,0
2.7425898,101.6666059,Daerah: Selangor<br>No:3036<br>Hex coord:(63;72),64000 Sepang. Selangor. Malaysia,0,0,0,0,0,0,1,2023-03-10T19:18:58.1342009Z,0
2.7503698,101.6801404,Daerah: Selangor<br>No:3037<br>Hex coord:(64;72),64000 Sepang. Selangor. Malaysia,0,0,0,0,0,0,1,2023-03-10T19:18:58.8311063Z,0
2.7425898,101.6936749,Daerah: Selangor<br>No:3038<br>Hex coord:(65;72),Tune Hotel Klia2. Sepang. Malaysia,0,0,0,0,0,0,1,2023-03-10T19:18:59.5230646Z,0
2.7503698,101.7072093,Daerah: Selangor<br>No:3039<br>Hex coord:(66;72),Kuala Lumpur International Airport. KLIA Departure. Kampung Labu Lanjut. 64000 Sepang. Selangor. Malaysia,0,0,0,0,0,0,1,2023-03-10T19:19:00.2298085Z,2
2.7425898,101.7207438,Daerah: Selangor<br>No:3040<br>Hex coord:(67;72),Former LCCT (Low Cost Carrier Terminal). Sepang. Selangor. Malaysia,0,0,0,0,0,0,1,2023-03-10T19:19:00.9352292Z,0
2.7503698,101.7342783,Daerah: Selangor<br>No:3041<br>Hex coord:(68;72),Ladang Lothian. Sepang. Malaysia,0,0,0,0,0,0,1,2023-03-10T19:19:01.6445551Z,0
2.7425898,101.7478128,Daerah: Selangor<br>No:3042<br>Hex coord:(69;72),Concorde Inn - Kuala Lumpur International Airport. Sepang. Malaysia,0,0,0,0,0,0,1,2023-03-10T19:19:02.3594556Z,0
2.7348098,101.4635888,Daerah: Selangor<br>No:3043<br>Hex coord:(48;73),1002 Jalan Besar. 42700 Banting. Selangor. Malaysia,0,0,0,0,0,0,1,2023-03-10T19:19:03.0594429Z,0
2.7270298,101.4771233,Daerah: Selangor<br>No:3044<br>Hex coord:(49;73),Kanchong Laut. Selangor. Malaysia,0,0,0,0,0,0,1,2023-03-10T19:19:03.7597432Z,0
2.7348098,101.4906577,Daerah: Selangor<br>No:3045<br>Hex coord:(50;73),Kanchong Laut. Selangor. Malaysia,0,0,0,0,0,0,1,2023-03-10T19:19:04.4491345Z,0
2.7270298,101.5041922,Daerah: Selangor<br>No:3046<br>Hex coord:(51;73),Kuala Langat. Selangor. Malaysia,0,0,0,0,0,0,1,2023-03-10T19:19:05.1530300Z,0
2.7348098,101.5177267,Daerah: Selangor<br>No:3047<br>Hex coord:(52;73),Kuala Langat. Selangor. Malaysia,0,0,0,0,0,0,1,2023-03-10T19:19:05.8553029Z,0
2.7270298,101.5312612,Daerah: Selangor<br>No:3048<br>Hex coord:(53;73),Kemajuan Tanah Darat Batu. Kuala Langat. Malaysia,0,0,0,0,0,0,1,2023-03-10T19:19:06.5353866Z,0
2.7348098,101.5447956,Daerah: Selangor<br>No:3049<br>Hex coord:(54;73),Kuala Langat. Selangor. Malaysia,0,0,0,0,0,0,1,2023-03-10T19:19:07.2304246Z,0
2.7270298,101.5583301,Daerah: Selangor<br>No:3050<br>Hex coord:(55;73),Kuala Langat. Selangor. Malaysia,0,0,0,0,0,0,1,2023-03-10T19:19:07.9250959Z,0
2.7348098,101.5718646,Daerah: Selangor<br>No:3051<br>Hex coord:(56;73),Kuala Langat. Selangor. Malaysia,0,0,0,0,0,0,1,2023-03-10T19:19:08.6220923Z,0
2.7270298,101.5853991,Daerah: Selangor<br>No:3052<br>Hex coord:(57;73),Kuala Langat. Selangor. Malaysia,0,0,0,0,0,0,1,2023-03-10T19:19:09.3130116Z,0
2.7348098,101.5989335,Daerah: Selangor<br>No:3053<br>Hex coord:(58;73),Kuala Langat. Selangor. Malaysia,0,0,0,0,0,0,1,2023-03-10T19:19:10.0062622Z,0
2.7270298,101.612468,Daerah: Selangor<br>No:3054<br>Hex coord:(59;73),64000 Sepang. Selangor. Malaysia,0,0,0,0,0,0,1,2023-03-10T19:19:10.6937631Z,0
2.7348098,101.6260025,Daerah: Selangor<br>No:3055<br>Hex coord:(60;73),64000 Sepang. Selangor. Malaysia,0,0,0,0,0,0,1,2023-03-10T19:19:11.3989202Z,0
2.7270298,101.639537,Daerah: Selangor<br>No:3056<br>Hex coord:(61;73),Sepang. Selangor. Malaysia,0,0,0,0,0,0,1,2023-03-10T19:19:12.0854282Z,0
2.7348098,101.6530714,Daerah: Selangor<br>No:3057<br>Hex coord:(62;73),Sepang. Selangor. Malaysia,0,0,0,0,0,0,1,2023-03-10T19:19:12.7902157Z,0
2.7270298,101.6666059,Daerah: Selangor<br>No:3058<br>Hex coord:(63;73),Sepang. Selangor. Malaysia,0,0,0,0,0,0,1,2023-03-10T19:19:13.4869057Z,0
2.7348098,101.6801404,Daerah: Selangor<br>No:3059<br>Hex coord:(64;73),AirAsia RedQ. Sepang. Selangor. Malaysia,0,0,0,0,0,0,1,2023-03-10T19:19:14.1814728Z,0
2.7270298,101.6936749,Daerah: Selangor<br>No:3060<br>Hex coord:(65;73),Pekan Sepang. Sepang. Selangor. Malaysia,0,0,0,0,0,0,1,2023-03-10T19:19:14.8731329Z,0
2.7348098,101.7072093,Daerah: Selangor<br>No:3061<br>Hex coord:(66;73),Cargo South (CS) Apron. Jalan KLIA S3. Kampung Chincang. Sepang. Selangor. Malaysia,0,0,0,0,0,0,1,2023-03-10T19:19:15.5644593Z,0
2.7270298,101.7207438,Daerah: Selangor<br>No:3062<br>Hex coord:(67;73),Kampung Chincang. Sepang. Selangor. Malaysia,0,0,0,0,0,0,1,2023-03-10T19:19:16.2632831Z,0
2.7348098,101.7342783,Daerah: Selangor<br>No:3063<br>Hex coord:(68;73),Depot Imigresen KLIA FAMA Kompleks Kuarantin. Sepang. Malaysia,0,0,0,0,0,0,1,2023-03-10T19:19:16.9637772Z,0
2.7270298,101.7478128,Daerah: Selangor<br>No:3064<br>Hex coord:(69;73),Pekan Sepang. Sepang. Selangor. Malaysia,0,0,0,0,0,0,1,2023-03-10T19:19:17.6666447Z,0
2.7192498,101.4635888,Daerah: Selangor<br>No:3065<br>Hex coord:(48;74),Kanchong Laut. Selangor. Malaysia,0,0,0,0,0,0,1,2023-03-10T19:19:18.3564521Z,0
2.7114698,101.4771233,Daerah: Selangor<br>No:3066<br>Hex coord:(49;74),Kuala Langat. Selangor. Malaysia,0,0,0,0,0,0,1,2023-03-10T19:19:19.0491018Z,1
2.7192498,101.4906577,Daerah: Selangor<br>No:3067<br>Hex coord:(50;74),Bedford Estate. Kuala Langat. Malaysia,0,0,0,0,0,0,1,2023-03-10T19:19:19.7391163Z,0
2.7114698,101.5041922,Daerah: Selangor<br>No:3068<br>Hex coord:(51;74),Kuala Langat. Selangor. Malaysia,0,0,0,0,0,0,1,2023-03-10T19:19:20.4321525Z,0
2.7192498,101.5177267,Daerah: Selangor<br>No:3069<br>Hex coord:(52;74),Kuala Langat. Selangor. Malaysia,0,0,0,0,0,0,1,2023-03-10T19:19:21.1317776Z,0
2.7114698,101.5312612,Daerah: Selangor<br>No:3070<br>Hex coord:(53;74),Kuala Langat. Selangor. Malaysia,0,0,0,0,0,0,1,2023-03-10T19:19:21.8199696Z,0
2.7192498,101.5447956,Daerah: Selangor<br>No:3071<br>Hex coord:(54;74),Kuala Langat. Selangor. Malaysia,0,0,0,0,0,0,1,2023-03-10T19:19:22.5137971Z,0
2.7114698,101.5583301,Daerah: Selangor<br>No:3072<br>Hex coord:(55;74),Kuala Langat. Selangor. Malaysia,0,0,0,0,0,0,1,2023-03-10T19:19:23.1998757Z,0
2.7192498,101.5718646,Daerah: Selangor<br>No:3073<br>Hex coord:(56;74),Kuala Langat. Selangor. Malaysia,0,0,0,0,0,0,1,2023-03-10T19:19:23.8859853Z,0
2.7114698,101.5853991,Daerah: Selangor<br>No:3074<br>Hex coord:(57;74),Kuala Langat. Selangor. Malaysia,0,0,0,0,0,0,1,2023-03-10T19:19:24.5713089Z,0
2.7192498,101.5989335,Daerah: Selangor<br>No:3075<br>Hex coord:(58;74),Sepang. Selangor. Malaysia,0,0,0,0,0,0,1,2023-03-10T19:19:25.2602173Z,0
2.7114698,101.612468,Daerah: Selangor<br>No:3076<br>Hex coord:(59;74),Sepang. Selangor. Malaysia,0,0,0,0,0,0,1,2023-03-10T19:19:25.9509974Z,0
2.7192498,101.6260025,Daerah: Selangor<br>No:3077<br>Hex coord:(60;74),Sepang. Selangor. Malaysia,0,0,0,0,0,0,1,2023-03-10T19:19:26.6477432Z,0
2.7114698,101.639537,Daerah: Selangor<br>No:3078<br>Hex coord:(61;74),Sepang. Selangor. Malaysia,1,0,0,0,0,0,1,2023-03-10T19:19:27.3532066Z,0
2.7192498,101.6530714,Daerah: Selangor<br>No:3079<br>Hex coord:(62;74),Sepang. Selangor. Malaysia,0,0,0,0,0,0,1,2023-03-10T19:19:28.0708257Z,0
2.7114698,101.6666059,Daerah: Selangor<br>No:3080<br>Hex coord:(63;74),Sepang. Selangor. Malaysia,0,0,0,0,0,0,1,2023-03-10T19:19:28.7583925Z,0
2.7192498,101.6801404,Daerah: Selangor<br>No:3081<br>Hex coord:(64;74),Pekan Sepang. Sepang. Selangor. Malaysia,0,0,0,0,0,0,1,2023-03-10T19:19:29.4599288Z,0
2.7114698,101.6936749,Daerah: Selangor<br>No:3082<br>Hex coord:(65;74),64000 Sepang. Selangor. Malaysia,0,0,0,0,0,0,1,2023-03-10T19:19:30.1516907Z,0
2.7192498,101.7072093,Daerah: Selangor<br>No:3083<br>Hex coord:(66;74),Sepang. Selangor. Malaysia,0,0,0,0,0,0,1,2023-03-10T19:19:30.8511900Z,0
2.7114698,101.7207438,Daerah: Selangor<br>No:3084<br>Hex coord:(67;74),Sepang. Selangor. Malaysia,0,0,0,0,0,0,1,2023-03-10T19:19:31.5477552Z,0
2.7192498,101.7342783,Daerah: Selangor<br>No:3085<br>Hex coord:(68;74),Ladang Sepang Bahagian B dan C. Sepang. Malaysia,0,0,0,0,0,0,1,2023-03-10T19:19:32.2579113Z,0
2.7114698,101.7478128,Daerah: Selangor<br>No:3086<br>Hex coord:(69;74),Taman Desa Indah. 71760 Sepang. Selangor. Malaysia,0,0,0,0,0,0,1,2023-03-10T19:19:32.9752340Z,0
2.6959098,101.4771233,Daerah: Selangor<br>No:3087<br>Hex coord:(49;75),Ladang Gadong. Banting. Kuala Langat. Malaysia,0,0,0,0,0,0,1,2023-03-10T19:19:33.6588171Z,0
2.7036898,101.4906577,Daerah: Selangor<br>No:3088<br>Hex coord:(50;75),Kanchong Laut. Selangor. Malaysia,0,0,0,0,0,0,1,2023-03-10T19:19:34.3456976Z,0
2.6959098,101.5041922,Daerah: Selangor<br>No:3089<br>Hex coord:(51;75),Kuala Langat. Selangor. Malaysia,0,0,0,0,0,0,1,2023-03-10T19:19:35.0482703Z,0
2.7036898,101.5177267,Daerah: Selangor<br>No:3090<br>Hex coord:(52;75),Kampung Batu Laut. Kuala Langat. Malaysia,0,0,0,0,0,0,1,2023-03-10T19:19:35.7363064Z,0
2.6959098,101.5312612,Daerah: Selangor<br>No:3091<br>Hex coord:(53;75),Kuala Langat. Selangor. Malaysia,0,0,0,0,0,0,1,2023-03-10T19:19:36.4302208Z,0
2.7036898,101.5447956,Daerah: Selangor<br>No:3092<br>Hex coord:(54;75),Kuala Langat. Selangor. Malaysia,0,0,0,0,0,0,1,2023-03-10T19:19:37.1358843Z,1
2.6959098,101.5583301,Daerah: Selangor<br>No:3093<br>Hex coord:(55;75),Kemajuan Tanah Darat Gaping. Kuala Langat. Malaysia,0,0,0,0,0,0,1,2023-03-10T19:19:37.8377139Z,0
2.7036898,101.5718646,Daerah: Selangor<br>No:3094<br>Hex coord:(56;75),Kuala Langat. Selangor. Malaysia,0,0,0,0,0,0,1,2023-03-10T19:19:38.5299783Z,0
2.6959098,101.5853991,Daerah: Selangor<br>No:3095<br>Hex coord:(57;75),Kuala Langat. Selangor. Malaysia,0,0,0,0,0,0,1,2023-03-10T19:19:39.2198707Z,0
2.7036898,101.5989335,Daerah: Selangor<br>No:3096<br>Hex coord:(58;75),Sepang. Selangor. Malaysia,0,0,0,0,0,0,1,2023-03-10T19:19:39.9043715Z,0
2.6959098,101.612468,Daerah: Selangor<br>No:3097<br>Hex coord:(59;75),Sepang. Selangor. Malaysia,0,0,0,0,0,0,1,2023-03-10T19:19:40.5912533Z,0
2.7036898,101.6260025,Daerah: Selangor<br>No:3098<br>Hex coord:(60;75),Sepang. Selangor. Malaysia,0,0,0,0,0,0,1,2023-03-10T19:19:41.2834458Z,0
2.6959098,101.639537,Daerah: Selangor<br>No:3099<br>Hex coord:(61;75),Sepang. Selangor. Malaysia,0,0,0,0,0,0,1,2023-03-10T19:19:41.9821097Z,0
2.7036898,101.6530714,Daerah: Selangor<br>No:3100<br>Hex coord:(62;75),Sungai Pelek. Sepang. Selangor. Malaysia,0,0,0,0,0,0,1,2023-03-10T19:19:42.6872952Z,0
2.6959098,101.6666059,Daerah: Selangor<br>No:3101<br>Hex coord:(63;75),Sepang. Selangor. Malaysia,0,0,0,0,0,0,1,2023-03-10T19:19:43.3904929Z,0
2.7036898,101.6801404,Daerah: Selangor<br>No:3102<br>Hex coord:(64;75),Sepang. Selangor. Malaysia,0,0,0,0,0,0,1,2023-03-10T19:19:44.0943961Z,0
2.6959098,101.6936749,Daerah: Selangor<br>No:3103<br>Hex coord:(65;75),Sungai Pelek. 45950 Sepang. Selangor. Malaysia,0,0,0,0,0,0,1,2023-03-10T19:19:44.7936739Z,0
2.7036898,101.7072093,Daerah: Selangor<br>No:3104<br>Hex coord:(66;75),Sepang. Selangor. Malaysia,0,0,0,0,0,0,1,2023-03-10T19:19:45.4956922Z,0
2.6959098,101.7207438,Daerah: Selangor<br>No:3105<br>Hex coord:(67;75),Pekan Sepang. Sepang. Selangor. Malaysia,0,0,0,0,0,0,1,2023-03-10T19:19:46.2044469Z,0
2.7036898,101.7342783,Daerah: Selangor<br>No:3106<br>Hex coord:(68;75),Bukit Lada. Sepang. Malaysia,0,0,0,0,0,0,1,2023-03-10T19:19:46.9018341Z,0
2.6959098,101.7478128,Daerah: Selangor<br>No:3107<br>Hex coord:(69;75),KAFA Integrasi Darul Taqwa. Sepang. Malaysia,1,0,0,0,0,0,1,2023-03-10T19:19:47.6020550Z,1
2.7036898,101.7613472,Daerah: Selangor<br>No:3108<br>Hex coord:(70;75),Taman Desa Indah. 71760 Sepang. Selangor. Malaysia,0,0,0,0,0,0,1,2023-03-10T19:19:48.3040872Z,0
2.6881298,101.4906577,Daerah: Selangor<br>No:3109<br>Hex coord:(50;76),Kanchong Laut. Selangor. Malaysia,0,0,0,0,0,0,1,2023-03-10T19:19:49.0008901Z,0
2.6803498,101.5041922,Daerah: Selangor<br>No:3110<br>Hex coord:(51;76),Asam Batu Laut Restaurant. Tanjung Sepat,0,0,0,0,0,0,1,2023-03-10T19:19:49.6871830Z,0
2.6881298,101.5177267,Daerah: Selangor<br>No:3111<br>Hex coord:(52;76),Kuala Langat. Selangor. Malaysia,0,0,0,0,0,0,1,2023-03-10T19:19:50.3869338Z,0
2.6803498,101.5312612,Daerah: Selangor<br>No:3112<br>Hex coord:(53;76),Jalan Sungai Kundang. Tanjung Sepat,0,0,0,0,0,0,1,2023-03-10T19:19:51.1005551Z,0
2.6881298,101.5447956,Daerah: Selangor<br>No:3113<br>Hex coord:(54;76),Kuala Langat. Selangor. Malaysia,0,0,0,0,0,0,1,2023-03-10T19:19:51.8002808Z,0
2.6803498,101.5583301,Daerah: Selangor<br>No:3114<br>Hex coord:(55;76),Kuala Langat. Selangor. Malaysia,0,0,0,0,0,0,1,2023-03-10T19:19:52.5128520Z,0
2.6881298,101.5718646,Daerah: Selangor<br>No:3115<br>Hex coord:(56;76),Kuala Langat. Selangor. Malaysia,0,0,0,0,0,0,1,2023-03-10T19:19:53.2025740Z,0
2.6803498,101.5853991,Daerah: Selangor<br>No:3116<br>Hex coord:(57;76),Kuala Langat. Selangor. Malaysia,0,0,0,0,0,0,1,2023-03-10T19:19:53.9006086Z,0
2.6881298,101.5989335,Daerah: Selangor<br>No:3117<br>Hex coord:(58;76),Sepang. Selangor. Malaysia,0,0,0,0,0,0,1,2023-03-10T19:19:54.5965878Z,0
2.6803498,101.612468,Daerah: Selangor<br>No:3118<br>Hex coord:(59;76),Sepang. Selangor. Malaysia,0,0,0,0,0,0,1,2023-03-10T19:19:55.2809098Z,0
2.6881298,101.6260025,Daerah: Selangor<br>No:3119<br>Hex coord:(60;76),Sepang. Selangor. Malaysia,0,0,0,0,0,0,1,2023-03-10T19:19:55.9784492Z,0
2.6803498,101.639537,Daerah: Selangor<br>No:3120<br>Hex coord:(61;76),Sepang. Selangor. Malaysia,0,0,0,0,0,0,1,2023-03-10T19:19:56.6760442Z,0
2.6881298,101.6530714,Daerah: Selangor<br>No:3121<br>Hex coord:(62;76),Sepang. Selangor. Malaysia,0,0,0,0,0,0,1,2023-03-10T19:19:57.3670469Z,0
2.6803498,101.6666059,Daerah: Selangor<br>No:3122<br>Hex coord:(63;76),Klang Valley. Sepang. Malaysia,0,0,0,0,0,0,1,2023-03-10T19:19:58.0839298Z,0
2.6881298,101.6801404,Daerah: Selangor<br>No:3123<br>Hex coord:(64;76),Sepang. Selangor. Malaysia,0,0,0,0,0,0,1,2023-03-10T19:19:58.7863257Z,0
2.6803498,101.6936749,Daerah: Selangor<br>No:3124<br>Hex coord:(65;76),Sungai Pelek. 45950 Sepang. Selangor. Malaysia,0,0,0,0,0,0,1,2023-03-10T19:19:59.4891465Z,0
2.6881298,101.7072093,Daerah: Selangor<br>No:3125<br>Hex coord:(66;76),Sungai Pelek. 45950 Sepang. Selangor. Malaysia,0,0,0,0,0,0,1,2023-03-10T19:20:00.2005402Z,0
2.6803498,101.7207438,Daerah: Selangor<br>No:3126<br>Hex coord:(67;76),Ladang Sepang Bahagian Sungai Linau. Sepang. Malaysia,0,0,0,0,0,0,1,2023-03-10T19:20:00.8996933Z,0
2.6881298,101.7342783,Daerah: Selangor<br>No:3127<br>Hex coord:(68;76),Sungai Pelek. 45950 Sepang. Selangor. Malaysia,0,0,0,0,0,0,1,2023-03-10T19:20:01.6037442Z,0
2.6725698,101.5447956,Daerah: Selangor<br>No:3128<br>Hex coord:(54;77),Ladang Dusun Durian. Kuala Langat. Malaysia,0,0,0,0,0,0,1,2023-03-10T19:20:02.2984849Z,0
2.6647898,101.5583301,Daerah: Selangor<br>No:3129<br>Hex coord:(55;77),Tanjung Sepat. Selangor. Malaysia,0,0,0,0,0,0,1,2023-03-10T19:20:03.0022728Z,2
2.6725698,101.5718646,Daerah: Selangor<br>No:3130<br>Hex coord:(56;77),Kuala Langat. Selangor. Malaysia,0,0,0,0,0,0,1,2023-03-10T19:20:03.7031009Z,0
2.6647898,101.5853991,Daerah: Selangor<br>No:3131<br>Hex coord:(57;77),Ladang Tanjung Sepat Bahagian Jugra. Kuala Langat. Malaysia,0,0,0,0,0,0,1,2023-03-10T19:20:04.4036300Z,0
2.6725698,101.5989335,Daerah: Selangor<br>No:3132<br>Hex coord:(58;77),Kuala Langat. Selangor. Malaysia,0,0,0,0,0,0,1,2023-03-10T19:20:05.0924158Z,0
2.6647898,101.612468,Daerah: Selangor<br>No:3133<br>Hex coord:(59;77),Sepang. Selangor. Malaysia,0,0,0,0,0,0,1,2023-03-10T19:20:05.7995356Z,0
2.6725698,101.6260025,Daerah: Selangor<br>No:3134<br>Hex coord:(60;77),Sepang. Selangor. Malaysia,0,0,0,0,0,0,1,2023-03-10T19:20:06.4844176Z,0
2.6647898,101.639537,Daerah: Selangor<br>No:3135<br>Hex coord:(61;77),Sepang. Selangor. Malaysia,0,0,0,0,0,0,1,2023-03-10T19:20:07.1836381Z,0
2.6725698,101.6530714,Daerah: Selangor<br>No:3136<br>Hex coord:(62;77),Sepang. Selangor. Malaysia,0,0,0,0,0,0,1,2023-03-10T19:20:07.8757687Z,0
2.6647898,101.6666059,Daerah: Selangor<br>No:3137<br>Hex coord:(63;77),43950 Sepang. Selangor. Malaysia,0,0,0,0,0,0,1,2023-03-10T19:20:08.5780198Z,1
2.6725698,101.6801404,Daerah: Selangor<br>No:3138<br>Hex coord:(64;77),Pullman Hotel. Sepang. Malaysia,0,0,0,0,0,0,1,2023-03-10T19:20:09.2851876Z,1
2.6647898,101.6936749,Daerah: Selangor<br>No:3139<br>Hex coord:(65;77),Sungai Pelek. 45950 Sepang. Selangor. Malaysia,2,0,0,0,0,0,1,2023-03-10T19:20:10.0015274Z,0
2.6725698,101.7072093,Daerah: Selangor<br>No:3140<br>Hex coord:(66;77),Ladang Sepang Bahagian Sungai Linau. Sepang. Malaysia,0,0,0,0,0,0,1,2023-03-10T19:20:10.7457961Z,0
2.6647898,101.7207438,Daerah: Selangor<br>No:3141<br>Hex coord:(67;77),Sonia Estate. Sepang. Malaysia,0,0,0,0,0,0,1,2023-03-10T19:20:11.4456976Z,0
2.6725698,101.7342783,Daerah: Selangor<br>No:3142<br>Hex coord:(68;77),Institut Memandu Cemerlang. Selangor. Malaysia,0,0,0,0,0,0,1,2023-03-10T19:20:12.2378800Z,0
2.6570098,101.5718646,Daerah: Selangor<br>No:3143<br>Hex coord:(56;78),Tanjung Sepat. Selangor. Malaysia,0,0,0,0,0,0,1,2023-03-10T19:20:12.9398575Z,0
2.6492298,101.5853991,Daerah: Selangor<br>No:3144<br>Hex coord:(57;78),Tanjung Tumbuk,0,0,0,0,0,0,1,2023-03-10T19:20:13.6437906Z,0
2.6570098,101.5989335,Daerah: Selangor<br>No:3145<br>Hex coord:(58;78),Jalan Tumbuk Sempadan. Selangor. Malaysia,0,0,0,0,0,0,1,2023-03-10T19:20:14.3552399Z,0
2.6492298,101.612468,Daerah: Selangor<br>No:3146<br>Hex coord:(59;78),Sepang. Selangor. Malaysia,0,0,0,0,0,0,1,2023-03-10T19:20:15.0500418Z,0
2.6570098,101.6260025,Daerah: Selangor<br>No:3147<br>Hex coord:(60;78),Ladang Telok Merbau Bahagian Belangkan. Sepang. Malaysia,0,0,0,0,0,0,1,2023-03-10T19:20:15.7436837Z,0
2.6492298,101.639537,Daerah: Selangor<br>No:3148<br>Hex coord:(61;78),Sepang. Selangor. Malaysia,0,0,0,0,0,0,1,2023-03-10T19:20:16.4639938Z,0
2.6570098,101.6530714,Daerah: Selangor<br>No:3149<br>Hex coord:(62;78),Ladang Sungai Rawang. Sepang. Malaysia,0,0,0,0,0,0,1,2023-03-10T19:20:17.1611294Z,0
2.6492298,101.6666059,Daerah: Selangor<br>No:3150<br>Hex coord:(63;78),Rumahku Syurgaku. Selangor. Malaysia,1,0,0,0,0,0,1,2023-03-10T19:20:17.8775257Z,0
2.6570098,101.6801404,Daerah: Selangor<br>No:3151<br>Hex coord:(64;78),Sungai Pelek. 43950 Sepang. Selangor. Malaysia,1,0,0,0,0,0,1,2023-03-10T19:20:18.5851967Z,0
2.6492298,101.6936749,Daerah: Selangor<br>No:3152<br>Hex coord:(65;78),Sungai Pelek. 43950 Sepang. Selangor. Malaysia,0,0,0,0,0,0,1,2023-03-10T19:20:19.2940149Z,0
2.6570098,101.7072093,Daerah: Selangor<br>No:3153<br>Hex coord:(66;78),Sungai Pelek. 45950 Sepang. Selangor. Malaysia,0,0,0,0,0,0,1,2023-03-10T19:20:20.0045662Z,0
2.6492298,101.7207438,Daerah: Selangor<br>No:3154<br>Hex coord:(67;78),Sungai Pelek. 45950 Sepang. Selangor. Malaysia,0,0,0,0,0,0,1,2023-03-10T19:20:20.7258743Z,0
2.6570098,101.7342783,Daerah: Selangor<br>No:3155<br>Hex coord:(68;78),Rizab Melayu Ayer Hitam. Sepang. Malaysia,0,0,0,0,0,0,1,2023-03-10T19:20:21.4524693Z,0
2.6414498,101.5989335,Daerah: Selangor<br>No:3156<br>Hex coord:(58;79),Ladang Tumbuk. Sepang. Malaysia,0,0,0,0,0,0,1,2023-03-10T19:20:22.1409525Z,0
2.6336698,101.612468,Daerah: Selangor<br>No:3157<br>Hex coord:(59;79),Sepang. Selangor. Malaysia,0,0,0,0,0,0,1,2023-03-10T19:20:22.8215995Z,0
2.6414498,101.6260025,Daerah: Selangor<br>No:3158<br>Hex coord:(60;79),Sungai Berangan,0,0,0,0,0,0,1,2023-03-10T19:20:23.5198764Z,0
2.6336698,101.639537,Daerah: Selangor<br>No:3159<br>Hex coord:(61;79),Sepang. Selangor. Malaysia,0,0,0,0,0,0,1,2023-03-10T19:20:24.2116265Z,0
2.6414498,101.6530714,Daerah: Selangor<br>No:3160<br>Hex coord:(62;79),Ladang Telok Merbau Bahagian Pengkalan Manggis. Sepang. Malaysia,0,0,0,0,0,0,1,2023-03-10T19:20:24.9019554Z,0
2.6336698,101.6666059,Daerah: Selangor<br>No:3161<br>Hex coord:(63;79),Ladang Telok Merbau Bahagian Pengkalan Manggis. Sepang. Malaysia,0,0,0,0,0,0,1,2023-03-10T19:20:25.6106048Z,0
2.6414498,101.6801404,Daerah: Selangor<br>No:3162<br>Hex coord:(64;79),Sungai Pelek. 43950 Sepang. Selangor. Malaysia,0,0,0,0,0,0,1,2023-03-10T19:20:26.3135653Z,0
2.6336698,101.6936749,Daerah: Selangor<br>No:3163<br>Hex coord:(65;79),Sungai Jelutong. Sepang. Malaysia,0,0,0,0,0,0,1,2023-03-10T19:20:27.0176181Z,0
2.6414498,101.7072093,Daerah: Selangor<br>No:3164<br>Hex coord:(66;79),Feng Restaurant. lot 4485 jalan bukit bang kong. 43950 Sungai Pelek. Selangor. Malaysia,1,0,0,0,0,0,1,2023-03-10T19:20:27.7403287Z,1
2.6336698,101.7207438,Daerah: Selangor<br>No:3165<br>Hex coord:(67;79),Jalan Bistari 5. Sungai Pelek. Selangor. Malaysia,0,0,0,0,0,0,1,2023-03-10T19:20:28.4510768Z,0
2.6258898,101.6530714,Daerah: Selangor<br>No:3166<br>Hex coord:(62;80),Sungai Manggis,0,0,0,0,0,0,1,2023-03-10T19:20:29.1387556Z,0
2.6181098,101.6666059,Daerah: Selangor<br>No:3167<br>Hex coord:(63;80),Bagan Lalang. 43950 Sepang. Selangor. Malaysia,0,0,0,0,0,0,1,2023-03-10T19:20:29.8356104Z,0
2.6258898,101.6801404,Daerah: Selangor<br>No:3168<br>Hex coord:(64;80),Sungai Sepang Kecil. Jalan Banting - Port Dickson. Sungai Pelek. 43950 Sepang. Selangor. Malaysia,0,0,0,0,0,0,1,2023-03-10T19:20:30.5320347Z,0
2.6181098,101.6936749,Daerah: Selangor<br>No:3169<br>Hex coord:(65;80),LOT 1115 KAMPUNG BAGAN LALANG. Selangor. Malaysia,0,1,0,0,0,0,1,2023-03-10T19:20:31.2427328Z,0
2.6258898,101.7072093,Daerah: Selangor<br>No:3170<br>Hex coord:(66;80),Sungai Pelek. 43950 Sepang. Selangor. Malaysia,0,0,0,0,0,0,1,2023-03-10T19:20:31.9597045Z,0
2.6181098,101.7207438,Daerah: Selangor<br>No:3171<br>Hex coord:(67;80),Tepi Sungai Sepang. 43950 Sepang. Selangor. Malaysia,0,0,0,0,0,0,1,2023-03-10T19:20:32.6714230Z,0
2.6103298,101.6801404,Daerah: Selangor<br>No:3172<br>Hex coord:(64;81),HM Sri Bagan Sepang. 43950 Sepang. Selangor. Malaysia,0,0,0,0,0,0,1,2023-03-10T19:20:33.3604754Z,0
2.6025498,101.6936749,Daerah: Selangor<br>No:3173<br>Hex coord:(65;81),BAGAN LALANG. Selangor. Malaysia,0,0,0,0,0,0,1,2023-03-10T19:20:34.0717512Z,0