lat,lon,label,placename,weeklyactive,totalactive,weeklyrecovered,totalrecovered,weeklydeaths,totaldeaths,weight,timestamp,reserved
6.220289,102.0847763,Daerah: Kelantan<br>No:1<br>Hex coord:(145;1),n/a,1,0,0,0,0,0,1,2022-12-30T19:40:05.3235108Z,0
6.228069,102.098323,Daerah: Kelantan<br>No:2<br>Hex coord:(146;1),n/a,0,0,0,0,0,0,1,2022-12-30T19:40:06.0301970Z,0
6.220289,102.1118697,Daerah: Kelantan<br>No:3<br>Hex coord:(147;1),n/a,0,0,0,0,0,0,1,2022-12-30T19:40:06.7131778Z,0
6.220289,102.1931499,Daerah: Kelantan<br>No:4<br>Hex coord:(153;1),n/a,0,0,0,0,0,0,1,2022-12-30T19:40:07.3927930Z,0
6.220289,102.2202433,Daerah: Kelantan<br>No:5<br>Hex coord:(155;1),n/a,0,0,0,0,0,0,1,2022-12-30T19:40:08.0622535Z,0
6.204729,102.0847763,Daerah: Kelantan<br>No:6<br>Hex coord:(145;2),n/a,2,0,0,0,0,0,1,2022-12-30T19:40:08.7458678Z,0
6.212509,102.098323,Daerah: Kelantan<br>No:7<br>Hex coord:(146;2),n/a,2,0,0,0,0,0,1,2022-12-30T19:40:09.4194841Z,0
6.204729,102.1118697,Daerah: Kelantan<br>No:8<br>Hex coord:(147;2),n/a,0,0,0,0,0,0,1,2022-12-30T19:40:10.0973571Z,0
6.212509,102.1254164,Daerah: Kelantan<br>No:9<br>Hex coord:(148;2),n/a,0,0,0,0,0,0,1,2022-12-30T19:40:10.7779343Z,0
6.204729,102.1389631,Daerah: Kelantan<br>No:10<br>Hex coord:(149;2),n/a,1,0,0,0,0,0,1,2022-12-30T19:40:11.4616557Z,0
6.212509,102.1525098,Daerah: Kelantan<br>No:11<br>Hex coord:(150;2),n/a,0,0,0,0,0,0,1,2022-12-30T19:40:12.1415115Z,0
6.204729,102.1660565,Daerah: Kelantan<br>No:12<br>Hex coord:(151;2),n/a,0,0,0,0,0,0,1,2022-12-30T19:40:12.8227894Z,0
6.212509,102.1796032,Daerah: Kelantan<br>No:13<br>Hex coord:(152;2),n/a,0,0,0,0,0,0,1,2022-12-30T19:40:13.5067543Z,0
6.204729,102.1931499,Daerah: Kelantan<br>No:14<br>Hex coord:(153;2),n/a,0,0,0,0,0,0,1,2022-12-30T19:40:14.1946181Z,0
6.212509,102.2066966,Daerah: Kelantan<br>No:15<br>Hex coord:(154;2),n/a,0,0,0,0,0,0,1,2022-12-30T19:40:14.8714022Z,0
6.204729,102.2202433,Daerah: Kelantan<br>No:16<br>Hex coord:(155;2),n/a,0,0,0,0,0,0,1,2022-12-30T19:40:15.5621914Z,0
6.212509,102.23379,Daerah: Kelantan<br>No:17<br>Hex coord:(156;2),n/a,11,0,0,0,0,0,1,2022-12-30T19:40:16.2401440Z,0
6.204729,102.2473367,Daerah: Kelantan<br>No:18<br>Hex coord:(157;2),n/a,11,0,0,0,0,0,1,2022-12-30T19:40:16.9222094Z,0
6.189169,102.0847763,Daerah: Kelantan<br>No:19<br>Hex coord:(145;3),n/a,0,0,0,0,0,0,1,2022-12-30T19:40:17.6217324Z,0
6.196949,102.098323,Daerah: Kelantan<br>No:20<br>Hex coord:(146;3),n/a,0,0,0,0,0,0,1,2022-12-30T19:40:18.3066681Z,0
6.189169,102.1118697,Daerah: Kelantan<br>No:21<br>Hex coord:(147;3),n/a,0,0,0,0,0,0,1,2022-12-30T19:40:18.9994788Z,0
6.196949,102.1254164,Daerah: Kelantan<br>No:22<br>Hex coord:(148;3),n/a,0,0,0,0,0,0,1,2022-12-30T19:40:19.6758404Z,0
6.189169,102.1389631,Daerah: Kelantan<br>No:23<br>Hex coord:(149;3),n/a,0,0,0,0,0,0,1,2022-12-30T19:40:20.3777133Z,0
6.196949,102.1525098,Daerah: Kelantan<br>No:24<br>Hex coord:(150;3),n/a,0,0,0,0,0,0,1,2022-12-30T19:40:21.0561360Z,0
6.189169,102.1660565,Daerah: Kelantan<br>No:25<br>Hex coord:(151;3),n/a,0,0,0,0,0,0,1,2022-12-30T19:40:21.7399966Z,0
6.196949,102.1796032,Daerah: Kelantan<br>No:26<br>Hex coord:(152;3),n/a,1,0,0,0,0,0,1,2022-12-30T19:40:22.4237579Z,0
6.189169,102.1931499,Daerah: Kelantan<br>No:27<br>Hex coord:(153;3),n/a,0,0,0,0,0,0,1,2022-12-30T19:40:23.1150585Z,0
6.196949,102.2066966,Daerah: Kelantan<br>No:28<br>Hex coord:(154;3),n/a,0,0,0,0,0,0,1,2022-12-30T19:40:23.7919192Z,0
6.189169,102.2202433,Daerah: Kelantan<br>No:29<br>Hex coord:(155;3),n/a,0,0,0,0,0,0,1,2022-12-30T19:40:24.4949064Z,0
6.196949,102.23379,Daerah: Kelantan<br>No:30<br>Hex coord:(156;3),n/a,0,0,0,0,0,0,1,2022-12-30T19:40:25.1930145Z,0
6.189169,102.2473367,Daerah: Kelantan<br>No:31<br>Hex coord:(157;3),n/a,2,0,0,0,0,0,1,2022-12-30T19:40:25.8935095Z,0
6.196949,102.2608835,Daerah: Kelantan<br>No:32<br>Hex coord:(158;3),n/a,0,0,0,0,0,0,1,2022-12-30T19:40:26.5883416Z,0
6.189169,102.2744302,Daerah: Kelantan<br>No:33<br>Hex coord:(159;3),n/a,2,0,0,0,0,0,1,2022-12-30T19:40:27.2977063Z,0
6.173609,102.0847763,Daerah: Kelantan<br>No:34<br>Hex coord:(145;4),n/a,0,0,0,0,0,0,1,2022-12-30T19:40:27.9782584Z,0
6.181389,102.098323,Daerah: Kelantan<br>No:35<br>Hex coord:(146;4),n/a,0,0,0,0,0,0,1,2022-12-30T19:40:28.6508279Z,0
6.173609,102.1118697,Daerah: Kelantan<br>No:36<br>Hex coord:(147;4),n/a,0,0,0,0,0,0,1,2022-12-30T19:40:29.3426090Z,0
6.181389,102.1254164,Daerah: Kelantan<br>No:37<br>Hex coord:(148;4),n/a,0,0,0,0,0,0,1,2022-12-30T19:40:30.0284893Z,0
6.173609,102.1389631,Daerah: Kelantan<br>No:38<br>Hex coord:(149;4),n/a,0,0,0,0,0,0,1,2022-12-30T19:40:30.7180625Z,0
6.181389,102.1525098,Daerah: Kelantan<br>No:39<br>Hex coord:(150;4),n/a,0,0,0,0,0,0,1,2022-12-30T19:40:31.3981452Z,0
6.173609,102.1660565,Daerah: Kelantan<br>No:40<br>Hex coord:(151;4),n/a,0,0,0,0,0,0,1,2022-12-30T19:40:32.0817502Z,0
6.181389,102.1796032,Daerah: Kelantan<br>No:41<br>Hex coord:(152;4),n/a,0,0,0,0,0,0,1,2022-12-30T19:40:32.7706157Z,0
6.173609,102.1931499,Daerah: Kelantan<br>No:42<br>Hex coord:(153;4),n/a,0,0,0,0,0,0,1,2022-12-30T19:40:33.4731147Z,0
6.181389,102.2066966,Daerah: Kelantan<br>No:43<br>Hex coord:(154;4),n/a,0,0,0,0,0,0,1,2022-12-30T19:40:34.1686939Z,0
6.173609,102.2202433,Daerah: Kelantan<br>No:44<br>Hex coord:(155;4),n/a,0,0,0,0,0,0,1,2022-12-30T19:40:34.8642910Z,0
6.181389,102.23379,Daerah: Kelantan<br>No:45<br>Hex coord:(156;4),n/a,0,0,0,0,0,0,1,2022-12-30T19:40:35.5653007Z,0
6.173609,102.2473367,Daerah: Kelantan<br>No:46<br>Hex coord:(157;4),n/a,0,0,0,0,0,0,1,2022-12-30T19:40:36.2824881Z,0
6.181389,102.2608835,Daerah: Kelantan<br>No:47<br>Hex coord:(158;4),n/a,0,0,0,0,0,0,1,2022-12-30T19:40:37.0289347Z,0
6.173609,102.2744302,Daerah: Kelantan<br>No:48<br>Hex coord:(159;4),n/a,0,0,0,0,0,0,1,2022-12-30T19:40:37.7467117Z,0
6.181389,102.2879769,Daerah: Kelantan<br>No:49<br>Hex coord:(160;4),n/a,0,0,0,0,0,0,1,2022-12-30T19:40:38.4495513Z,0
6.173609,102.3015236,Daerah: Kelantan<br>No:50<br>Hex coord:(161;4),n/a,1,0,0,0,0,0,1,2022-12-30T19:40:39.1446868Z,0
6.173609,102.328617,Daerah: Kelantan<br>No:51<br>Hex coord:(163;4),n/a,1,0,0,0,0,0,1,2022-12-30T19:40:39.8384316Z,0
6.165829,102.098323,Daerah: Kelantan<br>No:52<br>Hex coord:(146;5),n/a,0,0,0,0,0,0,1,2022-12-30T19:40:40.5242661Z,0
6.158049,102.1118697,Daerah: Kelantan<br>No:53<br>Hex coord:(147;5),n/a,0,0,0,0,0,0,1,2022-12-30T19:40:41.1936628Z,0
6.165829,102.1254164,Daerah: Kelantan<br>No:54<br>Hex coord:(148;5),n/a,0,0,0,0,0,0,1,2022-12-30T19:40:41.8788140Z,0
6.158049,102.1389631,Daerah: Kelantan<br>No:55<br>Hex coord:(149;5),n/a,0,0,0,0,0,0,1,2022-12-30T19:40:42.5631399Z,0
6.165829,102.1525098,Daerah: Kelantan<br>No:56<br>Hex coord:(150;5),n/a,0,0,0,0,0,0,1,2022-12-30T19:40:43.2578944Z,0
6.158049,102.1660565,Daerah: Kelantan<br>No:57<br>Hex coord:(151;5),n/a,0,0,0,0,0,0,1,2022-12-30T19:40:43.9445300Z,0
6.165829,102.1796032,Daerah: Kelantan<br>No:58<br>Hex coord:(152;5),n/a,0,0,0,0,0,0,1,2022-12-30T19:40:49.4099361Z,0
6.158049,102.1931499,Daerah: Kelantan<br>No:59<br>Hex coord:(153;5),n/a,0,0,0,0,0,0,1,2022-12-30T19:40:50.1156784Z,0
6.165829,102.2066966,Daerah: Kelantan<br>No:60<br>Hex coord:(154;5),n/a,0,0,0,0,0,0,1,2022-12-30T19:40:50.8227201Z,0
6.158049,102.2202433,Daerah: Kelantan<br>No:61<br>Hex coord:(155;5),n/a,1,0,0,0,0,0,1,2022-12-30T19:40:51.5598462Z,0
6.165829,102.23379,Daerah: Kelantan<br>No:62<br>Hex coord:(156;5),n/a,1,0,0,0,0,0,1,2022-12-30T19:40:52.2706566Z,0
6.158049,102.2473367,Daerah: Kelantan<br>No:63<br>Hex coord:(157;5),n/a,0,0,0,0,0,0,1,2022-12-30T19:40:53.0009230Z,0
6.165829,102.2608835,Daerah: Kelantan<br>No:64<br>Hex coord:(158;5),n/a,0,0,0,0,0,0,1,2022-12-30T19:40:53.7243433Z,0
6.158049,102.2744302,Daerah: Kelantan<br>No:65<br>Hex coord:(159;5),n/a,3,0,0,0,0,0,1,2022-12-30T19:40:54.4725063Z,0
6.165829,102.2879769,Daerah: Kelantan<br>No:66<br>Hex coord:(160;5),n/a,2,0,0,0,0,0,1,2022-12-30T19:40:55.1932130Z,0
6.158049,102.3015236,Daerah: Kelantan<br>No:67<br>Hex coord:(161;5),n/a,3,0,0,0,0,0,1,2022-12-30T19:40:55.9100444Z,0
6.165829,102.3150703,Daerah: Kelantan<br>No:68<br>Hex coord:(162;5),n/a,3,0,0,0,0,0,1,2022-12-30T19:40:56.6423825Z,0
6.158049,102.328617,Daerah: Kelantan<br>No:69<br>Hex coord:(163;5),n/a,1,0,0,0,0,0,1,2022-12-30T19:40:57.3409997Z,0
6.165829,102.3421637,Daerah: Kelantan<br>No:70<br>Hex coord:(164;5),n/a,0,0,0,0,0,0,1,2022-12-30T19:40:58.0355446Z,0
6.150269,102.098323,Daerah: Kelantan<br>No:71<br>Hex coord:(146;6),n/a,0,0,0,0,0,0,1,2022-12-30T19:40:58.7159466Z,0
6.142489,102.1118697,Daerah: Kelantan<br>No:72<br>Hex coord:(147;6),n/a,0,0,0,0,0,0,1,2022-12-30T19:40:59.3993739Z,0
6.150269,102.1254164,Daerah: Kelantan<br>No:73<br>Hex coord:(148;6),n/a,0,0,0,0,0,0,1,2022-12-30T19:41:00.1045919Z,0
6.142489,102.1389631,Daerah: Kelantan<br>No:74<br>Hex coord:(149;6),n/a,0,0,0,0,0,0,1,2022-12-30T19:41:00.8079553Z,0
6.150269,102.1525098,Daerah: Kelantan<br>No:75<br>Hex coord:(150;6),n/a,0,0,0,0,0,0,1,2022-12-30T19:41:01.4960467Z,0
6.142489,102.1660565,Daerah: Kelantan<br>No:76<br>Hex coord:(151;6),n/a,0,0,0,0,0,0,1,2022-12-30T19:41:02.1894783Z,0
6.150269,102.1796032,Daerah: Kelantan<br>No:77<br>Hex coord:(152;6),n/a,1,0,0,0,0,0,1,2022-12-30T19:41:02.8882094Z,0
6.142489,102.1931499,Daerah: Kelantan<br>No:78<br>Hex coord:(153;6),n/a,0,0,0,0,0,0,1,2022-12-30T19:41:03.5886981Z,0
6.150269,102.2066966,Daerah: Kelantan<br>No:79<br>Hex coord:(154;6),n/a,0,0,0,0,0,0,1,2022-12-30T19:41:04.2839962Z,0
6.142489,102.2202433,Daerah: Kelantan<br>No:80<br>Hex coord:(155;6),n/a,0,0,0,0,0,0,1,2022-12-30T19:41:05.0053631Z,0
6.150269,102.23379,Daerah: Kelantan<br>No:81<br>Hex coord:(156;6),n/a,1,0,0,0,0,0,1,2022-12-30T19:41:05.7302137Z,0
6.142489,102.2473367,Daerah: Kelantan<br>No:82<br>Hex coord:(157;6),n/a,3,0,0,0,0,0,1,2022-12-30T19:41:06.4867224Z,0
6.150269,102.2608835,Daerah: Kelantan<br>No:83<br>Hex coord:(158;6),n/a,0,0,0,0,0,0,1,2022-12-30T19:41:07.2321780Z,0
6.142489,102.2744302,Daerah: Kelantan<br>No:84<br>Hex coord:(159;6),n/a,1,0,0,0,0,0,1,2022-12-30T19:41:07.9865534Z,0
6.150269,102.2879769,Daerah: Kelantan<br>No:85<br>Hex coord:(160;6),n/a,2,0,0,0,0,0,1,2022-12-30T19:41:08.7292607Z,0
6.142489,102.3015236,Daerah: Kelantan<br>No:86<br>Hex coord:(161;6),n/a,4,0,0,0,0,0,1,2022-12-30T19:41:09.4693931Z,0
6.150269,102.3150703,Daerah: Kelantan<br>No:87<br>Hex coord:(162;6),n/a,0,0,0,0,0,0,1,2022-12-30T19:41:10.1955158Z,0
6.142489,102.328617,Daerah: Kelantan<br>No:88<br>Hex coord:(163;6),n/a,0,0,0,0,0,0,1,2022-12-30T19:41:10.9011526Z,0
6.150269,102.3421637,Daerah: Kelantan<br>No:89<br>Hex coord:(164;6),n/a,0,0,0,0,0,0,1,2022-12-30T19:41:11.5985110Z,0
6.142489,102.3557104,Daerah: Kelantan<br>No:90<br>Hex coord:(165;6),n/a,0,0,0,0,0,0,1,2022-12-30T19:41:12.2889801Z,0
6.126929,102.0847763,Daerah: Kelantan<br>No:91<br>Hex coord:(145;7),n/a,0,0,0,0,0,0,1,2022-12-30T19:41:12.9682406Z,0
6.134709,102.098323,Daerah: Kelantan<br>No:92<br>Hex coord:(146;7),n/a,0,0,0,0,0,0,1,2022-12-30T19:41:13.6499971Z,0
6.126929,102.1118697,Daerah: Kelantan<br>No:93<br>Hex coord:(147;7),n/a,0,0,0,0,0,0,1,2022-12-30T19:41:14.3316954Z,0
6.134709,102.1254164,Daerah: Kelantan<br>No:94<br>Hex coord:(148;7),n/a,0,0,0,0,0,0,1,2022-12-30T19:41:15.0081556Z,0
6.126929,102.1389631,Daerah: Kelantan<br>No:95<br>Hex coord:(149;7),n/a,0,0,0,0,0,0,1,2022-12-30T19:41:15.6874951Z,0
6.134709,102.1525098,Daerah: Kelantan<br>No:96<br>Hex coord:(150;7),n/a,0,0,0,0,0,0,1,2022-12-30T19:41:16.3667729Z,0
6.126929,102.1660565,Daerah: Kelantan<br>No:97<br>Hex coord:(151;7),n/a,0,0,0,0,0,0,1,2022-12-30T19:41:17.0529927Z,0
6.134709,102.1796032,Daerah: Kelantan<br>No:98<br>Hex coord:(152;7),n/a,0,0,0,0,0,0,1,2022-12-30T19:41:17.7477340Z,0
6.126929,102.1931499,Daerah: Kelantan<br>No:99<br>Hex coord:(153;7),n/a,1,0,0,0,0,0,1,2022-12-30T19:41:18.4694012Z,0
6.134709,102.2066966,Daerah: Kelantan<br>No:100<br>Hex coord:(154;7),n/a,0,0,0,0,0,0,1,2022-12-30T19:41:19.1866218Z,0
6.126929,102.2202433,Daerah: Kelantan<br>No:101<br>Hex coord:(155;7),n/a,0,0,0,0,0,0,1,2022-12-30T19:41:19.9079996Z,0
6.134709,102.23379,Daerah: Kelantan<br>No:102<br>Hex coord:(156;7),n/a,5,0,0,0,0,0,1,2022-12-30T19:41:20.6610448Z,0
6.126929,102.2473367,Daerah: Kelantan<br>No:103<br>Hex coord:(157;7),n/a,2,0,0,0,0,0,1,2022-12-30T19:41:21.4283682Z,0
6.134709,102.2608835,Daerah: Kelantan<br>No:104<br>Hex coord:(158;7),n/a,1,0,0,0,0,0,1,2022-12-30T19:41:22.1885681Z,0
6.126929,102.2744302,Daerah: Kelantan<br>No:105<br>Hex coord:(159;7),n/a,8,0,0,0,0,0,1,2022-12-30T19:41:22.9648799Z,0
6.134709,102.2879769,Daerah: Kelantan<br>No:106<br>Hex coord:(160;7),n/a,3,0,0,0,0,0,1,2022-12-30T19:41:23.7284595Z,0
6.126929,102.3015236,Daerah: Kelantan<br>No:107<br>Hex coord:(161;7),n/a,0,0,0,0,0,0,1,2022-12-30T19:41:24.4532436Z,0
6.134709,102.3150703,Daerah: Kelantan<br>No:108<br>Hex coord:(162;7),n/a,1,0,0,0,0,0,1,2022-12-30T19:41:25.1788092Z,0
6.126929,102.328617,Daerah: Kelantan<br>No:109<br>Hex coord:(163;7),n/a,0,0,0,0,0,0,1,2022-12-30T19:41:25.8912686Z,0
6.134709,102.3421637,Daerah: Kelantan<br>No:110<br>Hex coord:(164;7),n/a,0,0,0,0,0,0,1,2022-12-30T19:41:26.6008889Z,0
6.126929,102.3557104,Daerah: Kelantan<br>No:111<br>Hex coord:(165;7),n/a,0,0,0,0,0,0,1,2022-12-30T19:41:27.2972327Z,0
6.111369,102.0847763,Daerah: Kelantan<br>No:112<br>Hex coord:(145;8),n/a,0,0,0,0,0,0,1,2022-12-30T19:41:27.9745803Z,0
6.119149,102.098323,Daerah: Kelantan<br>No:113<br>Hex coord:(146;8),n/a,0,0,0,0,0,0,1,2022-12-30T19:41:28.6491940Z,0
6.111369,102.1118697,Daerah: Kelantan<br>No:114<br>Hex coord:(147;8),n/a,0,0,0,0,0,0,1,2022-12-30T19:41:29.3449169Z,0
6.119149,102.1254164,Daerah: Kelantan<br>No:115<br>Hex coord:(148;8),n/a,0,0,0,0,0,0,1,2022-12-30T19:41:30.0257685Z,0
6.111369,102.1389631,Daerah: Kelantan<br>No:116<br>Hex coord:(149;8),n/a,0,0,0,0,0,0,1,2022-12-30T19:41:30.7126462Z,0
6.119149,102.1525098,Daerah: Kelantan<br>No:117<br>Hex coord:(150;8),n/a,0,0,0,0,0,0,1,2022-12-30T19:41:31.4048977Z,0
6.111369,102.1660565,Daerah: Kelantan<br>No:118<br>Hex coord:(151;8),n/a,0,0,0,0,0,0,1,2022-12-30T19:41:32.0944828Z,0
6.119149,102.1796032,Daerah: Kelantan<br>No:119<br>Hex coord:(152;8),n/a,1,0,0,0,0,0,1,2022-12-30T19:41:32.7882494Z,0
6.111369,102.1931499,Daerah: Kelantan<br>No:120<br>Hex coord:(153;8),n/a,2,0,0,0,0,0,1,2022-12-30T19:41:33.5126942Z,0
6.119149,102.2066966,Daerah: Kelantan<br>No:121<br>Hex coord:(154;8),n/a,4,0,0,0,0,0,1,2022-12-30T19:41:34.2358046Z,0
6.111369,102.2202433,Daerah: Kelantan<br>No:122<br>Hex coord:(155;8),n/a,4,0,0,0,0,0,1,2022-12-30T19:41:34.9767371Z,0
6.119149,102.23379,Daerah: Kelantan<br>No:123<br>Hex coord:(156;8),n/a,5,0,0,0,0,0,1,2022-12-30T19:41:35.7303878Z,0
6.111369,102.2473367,Daerah: Kelantan<br>No:124<br>Hex coord:(157;8),n/a,3,0,0,0,0,0,1,2022-12-30T19:41:36.4966564Z,0
6.119149,102.2608835,Daerah: Kelantan<br>No:125<br>Hex coord:(158;8),n/a,6,0,0,0,0,0,1,2022-12-30T19:41:37.2769137Z,0
6.111369,102.2744302,Daerah: Kelantan<br>No:126<br>Hex coord:(159;8),n/a,7,0,0,0,0,0,1,2022-12-30T19:41:38.0350116Z,0
6.119149,102.2879769,Daerah: Kelantan<br>No:127<br>Hex coord:(160;8),n/a,1,0,0,0,0,0,1,2022-12-30T19:41:38.7882239Z,0
6.111369,102.3015236,Daerah: Kelantan<br>No:128<br>Hex coord:(161;8),n/a,0,0,0,0,0,0,1,2022-12-30T19:41:39.5194484Z,0
6.119149,102.3150703,Daerah: Kelantan<br>No:129<br>Hex coord:(162;8),n/a,3,0,0,0,0,0,1,2022-12-30T19:41:40.2415955Z,0
6.111369,102.328617,Daerah: Kelantan<br>No:130<br>Hex coord:(163;8),n/a,1,0,0,0,0,0,1,2022-12-30T19:41:40.9500631Z,0
6.119149,102.3421637,Daerah: Kelantan<br>No:131<br>Hex coord:(164;8),n/a,0,0,0,0,0,0,1,2022-12-30T19:41:41.6523321Z,0
6.111369,102.3557104,Daerah: Kelantan<br>No:132<br>Hex coord:(165;8),n/a,0,0,0,0,0,0,1,2022-12-30T19:41:42.3482200Z,0
6.119149,102.3692571,Daerah: Kelantan<br>No:133<br>Hex coord:(166;8),n/a,0,0,0,0,0,0,1,2022-12-30T19:41:43.0322342Z,0
6.103589,102.0712296,Daerah: Kelantan<br>No:134<br>Hex coord:(144;9),n/a,0,0,0,0,0,0,1,2022-12-30T19:41:43.7173175Z,0
6.095809,102.0847763,Daerah: Kelantan<br>No:135<br>Hex coord:(145;9),n/a,0,0,0,0,0,0,1,2022-12-30T19:41:44.4083156Z,0
6.103589,102.098323,Daerah: Kelantan<br>No:136<br>Hex coord:(146;9),n/a,0,0,0,0,0,0,1,2022-12-30T19:41:45.0872926Z,0
6.095809,102.1118697,Daerah: Kelantan<br>No:137<br>Hex coord:(147;9),n/a,0,0,0,0,0,0,1,2022-12-30T19:41:45.7747156Z,0
6.103589,102.1254164,Daerah: Kelantan<br>No:138<br>Hex coord:(148;9),n/a,0,0,0,0,0,0,1,2022-12-30T19:41:46.4637932Z,0
6.095809,102.1389631,Daerah: Kelantan<br>No:139<br>Hex coord:(149;9),n/a,0,0,0,0,0,0,1,2022-12-30T19:41:47.1463784Z,0
6.103589,102.1525098,Daerah: Kelantan<br>No:140<br>Hex coord:(150;9),n/a,0,0,0,0,0,0,1,2022-12-30T19:41:47.8419966Z,0
6.095809,102.1660565,Daerah: Kelantan<br>No:141<br>Hex coord:(151;9),n/a,0,0,0,0,0,0,1,2022-12-30T19:41:48.5442109Z,0
6.103589,102.1796032,Daerah: Kelantan<br>No:142<br>Hex coord:(152;9),n/a,0,0,0,0,0,0,1,2022-12-30T19:41:49.2340378Z,0
6.095809,102.1931499,Daerah: Kelantan<br>No:143<br>Hex coord:(153;9),n/a,0,0,0,0,0,0,1,2022-12-30T19:41:49.9641060Z,0
6.103589,102.2066966,Daerah: Kelantan<br>No:144<br>Hex coord:(154;9),n/a,0,0,0,0,0,0,1,2022-12-30T19:41:50.6935951Z,0
6.095809,102.2202433,Daerah: Kelantan<br>No:145<br>Hex coord:(155;9),n/a,1,0,0,0,0,0,1,2022-12-30T19:41:51.4190801Z,0
6.103589,102.23379,Daerah: Kelantan<br>No:146<br>Hex coord:(156;9),n/a,3,0,0,0,0,0,1,2022-12-30T19:41:52.1650722Z,0
6.095809,102.2473367,Daerah: Kelantan<br>No:147<br>Hex coord:(157;9),n/a,2,0,0,0,0,0,1,2022-12-30T19:41:52.9193778Z,0
6.103589,102.2608835,Daerah: Kelantan<br>No:148<br>Hex coord:(158;9),n/a,2,0,0,0,0,0,1,2022-12-30T19:41:53.6723261Z,0
6.095809,102.2744302,Daerah: Kelantan<br>No:149<br>Hex coord:(159;9),n/a,6,0,0,0,0,0,1,2022-12-30T19:41:54.4301788Z,0
6.103589,102.2879769,Daerah: Kelantan<br>No:150<br>Hex coord:(160;9),n/a,2,0,0,0,0,0,1,2022-12-30T19:41:55.1796212Z,0
6.095809,102.3015236,Daerah: Kelantan<br>No:151<br>Hex coord:(161;9),n/a,1,0,0,0,0,0,1,2022-12-30T19:41:55.9087473Z,0
6.103589,102.3150703,Daerah: Kelantan<br>No:152<br>Hex coord:(162;9),n/a,2,0,0,0,0,0,1,2022-12-30T19:41:56.6343827Z,0
6.095809,102.328617,Daerah: Kelantan<br>No:153<br>Hex coord:(163;9),n/a,0,0,0,0,0,0,1,2022-12-30T19:41:57.3458106Z,0
6.103589,102.3421637,Daerah: Kelantan<br>No:154<br>Hex coord:(164;9),n/a,0,0,0,0,0,0,1,2022-12-30T19:41:58.0512793Z,0
6.095809,102.3557104,Daerah: Kelantan<br>No:155<br>Hex coord:(165;9),n/a,0,0,0,0,0,0,1,2022-12-30T19:41:58.7475551Z,0
6.103589,102.3692571,Daerah: Kelantan<br>No:156<br>Hex coord:(166;9),n/a,0,0,0,0,0,0,1,2022-12-30T19:41:59.4404543Z,0
6.095809,102.3828038,Daerah: Kelantan<br>No:157<br>Hex coord:(167;9),n/a,0,0,0,0,0,0,1,2022-12-30T19:42:00.1256351Z,0
6.080249,102.0576829,Daerah: Kelantan<br>No:158<br>Hex coord:(143;10),n/a,0,0,0,0,0,0,1,2022-12-30T19:42:00.8040162Z,0
6.088029,102.0712296,Daerah: Kelantan<br>No:159<br>Hex coord:(144;10),n/a,0,0,0,0,0,0,1,2022-12-30T19:42:01.4741389Z,0
6.080249,102.0847763,Daerah: Kelantan<br>No:160<br>Hex coord:(145;10),n/a,0,0,0,0,0,0,1,2022-12-30T19:42:02.1607481Z,0
6.088029,102.098323,Daerah: Kelantan<br>No:161<br>Hex coord:(146;10),n/a,0,0,0,0,0,0,1,2022-12-30T19:42:02.8552679Z,0
6.080249,102.1118697,Daerah: Kelantan<br>No:162<br>Hex coord:(147;10),n/a,0,0,0,0,0,0,1,2022-12-30T19:42:03.5298371Z,0
6.088029,102.1254164,Daerah: Kelantan<br>No:163<br>Hex coord:(148;10),n/a,1,0,0,0,0,0,1,2022-12-30T19:42:04.2041445Z,0
6.080249,102.1389631,Daerah: Kelantan<br>No:164<br>Hex coord:(149;10),n/a,0,0,0,0,0,0,1,2022-12-30T19:42:04.8977120Z,0
6.088029,102.1525098,Daerah: Kelantan<br>No:165<br>Hex coord:(150;10),n/a,0,0,0,0,0,0,1,2022-12-30T19:42:05.5990097Z,0
6.080249,102.1660565,Daerah: Kelantan<br>No:166<br>Hex coord:(151;10),n/a,0,0,0,0,0,0,1,2022-12-30T19:42:06.2973229Z,0
6.088029,102.1796032,Daerah: Kelantan<br>No:167<br>Hex coord:(152;10),n/a,0,0,0,0,0,0,1,2022-12-30T19:42:06.9889764Z,0
6.080249,102.1931499,Daerah: Kelantan<br>No:168<br>Hex coord:(153;10),n/a,0,0,0,0,0,0,1,2022-12-30T19:42:07.6891443Z,0
6.088029,102.2066966,Daerah: Kelantan<br>No:169<br>Hex coord:(154;10),n/a,0,0,0,0,0,0,1,2022-12-30T19:42:08.4149317Z,0
6.080249,102.2202433,Daerah: Kelantan<br>No:170<br>Hex coord:(155;10),n/a,3,0,0,0,0,0,1,2022-12-30T19:42:09.1406396Z,0
6.088029,102.23379,Daerah: Kelantan<br>No:171<br>Hex coord:(156;10),n/a,5,0,0,0,0,0,1,2022-12-30T19:42:09.8996977Z,0
6.080249,102.2473367,Daerah: Kelantan<br>No:172<br>Hex coord:(157;10),n/a,0,0,0,0,0,0,1,2022-12-30T19:42:10.6369779Z,0
6.088029,102.2608835,Daerah: Kelantan<br>No:173<br>Hex coord:(158;10),n/a,0,0,0,0,0,0,1,2022-12-30T19:42:11.3781921Z,0
6.080249,102.2744302,Daerah: Kelantan<br>No:174<br>Hex coord:(159;10),n/a,1,0,0,0,0,0,1,2022-12-30T19:42:12.1122618Z,0
6.088029,102.2879769,Daerah: Kelantan<br>No:175<br>Hex coord:(160;10),n/a,2,0,0,0,0,0,1,2022-12-30T19:42:12.8450612Z,0
6.080249,102.3015236,Daerah: Kelantan<br>No:176<br>Hex coord:(161;10),n/a,3,0,0,0,0,0,1,2022-12-30T19:42:13.5633418Z,0
6.088029,102.3150703,Daerah: Kelantan<br>No:177<br>Hex coord:(162;10),n/a,0,0,0,0,0,0,1,2022-12-30T19:42:14.2879741Z,0
6.080249,102.328617,Daerah: Kelantan<br>No:178<br>Hex coord:(163;10),n/a,0,0,0,0,0,0,1,2022-12-30T19:42:15.0003504Z,0
6.088029,102.3421637,Daerah: Kelantan<br>No:179<br>Hex coord:(164;10),n/a,0,0,0,0,0,0,1,2022-12-30T19:42:15.6951571Z,0
6.080249,102.3557104,Daerah: Kelantan<br>No:180<br>Hex coord:(165;10),n/a,0,0,0,0,0,0,1,2022-12-30T19:42:16.3871487Z,0
6.088029,102.3692571,Daerah: Kelantan<br>No:181<br>Hex coord:(166;10),n/a,0,0,0,0,0,0,1,2022-12-30T19:42:17.0784686Z,0
6.080249,102.3828038,Daerah: Kelantan<br>No:182<br>Hex coord:(167;10),n/a,1,0,0,0,0,0,1,2022-12-30T19:42:17.7687950Z,0
6.064689,102.0305895,Daerah: Kelantan<br>No:183<br>Hex coord:(141;11),n/a,0,0,0,0,0,0,1,2022-12-30T19:42:18.4474489Z,0
6.072469,102.0441362,Daerah: Kelantan<br>No:184<br>Hex coord:(142;11),n/a,0,0,0,0,0,0,1,2022-12-30T19:42:19.1850873Z,0
6.064689,102.0576829,Daerah: Kelantan<br>No:185<br>Hex coord:(143;11),n/a,0,0,0,0,0,0,1,2022-12-30T19:42:19.8555291Z,0
6.072469,102.0712296,Daerah: Kelantan<br>No:186<br>Hex coord:(144;11),n/a,0,0,0,0,0,0,1,2022-12-30T19:42:20.5422806Z,0
6.064689,102.0847763,Daerah: Kelantan<br>No:187<br>Hex coord:(145;11),n/a,1,0,0,0,0,0,1,2022-12-30T19:42:21.2189191Z,0
6.072469,102.098323,Daerah: Kelantan<br>No:188<br>Hex coord:(146;11),n/a,0,0,0,0,0,0,1,2022-12-30T19:42:21.8910092Z,0
6.064689,102.1118697,Daerah: Kelantan<br>No:189<br>Hex coord:(147;11),n/a,0,0,0,0,0,0,1,2022-12-30T19:42:22.5821610Z,0
6.072469,102.1254164,Daerah: Kelantan<br>No:190<br>Hex coord:(148;11),n/a,2,0,0,0,0,0,1,2022-12-30T19:42:23.2661126Z,0
6.064689,102.1389631,Daerah: Kelantan<br>No:191<br>Hex coord:(149;11),n/a,0,0,0,0,0,0,1,2022-12-30T19:42:23.9512453Z,0
6.072469,102.1525098,Daerah: Kelantan<br>No:192<br>Hex coord:(150;11),n/a,0,0,0,0,0,0,1,2022-12-30T19:42:24.6563101Z,0
6.064689,102.1660565,Daerah: Kelantan<br>No:193<br>Hex coord:(151;11),n/a,0,0,0,0,0,0,1,2022-12-30T19:42:25.3489230Z,0
6.072469,102.1796032,Daerah: Kelantan<br>No:194<br>Hex coord:(152;11),n/a,0,0,0,0,0,0,1,2022-12-30T19:42:26.0361805Z,0
6.064689,102.1931499,Daerah: Kelantan<br>No:195<br>Hex coord:(153;11),n/a,1,0,0,0,0,0,1,2022-12-30T19:42:26.7406633Z,0
6.072469,102.2066966,Daerah: Kelantan<br>No:196<br>Hex coord:(154;11),n/a,0,0,0,0,0,0,1,2022-12-30T19:42:27.4543454Z,0
6.064689,102.2202433,Daerah: Kelantan<br>No:197<br>Hex coord:(155;11),n/a,0,0,0,0,0,0,1,2022-12-30T19:42:28.1550679Z,0
6.072469,102.23379,Daerah: Kelantan<br>No:198<br>Hex coord:(156;11),n/a,0,0,0,0,0,0,1,2022-12-30T19:42:28.8759334Z,0
6.064689,102.2473367,Daerah: Kelantan<br>No:199<br>Hex coord:(157;11),n/a,0,0,0,0,0,0,1,2022-12-30T19:42:29.6175583Z,0
6.072469,102.2608835,Daerah: Kelantan<br>No:200<br>Hex coord:(158;11),n/a,0,0,0,0,0,0,1,2022-12-30T19:42:30.3447905Z,0
6.064689,102.2744302,Daerah: Kelantan<br>No:201<br>Hex coord:(159;11),n/a,1,0,0,0,0,0,1,2022-12-30T19:42:31.0596816Z,0
6.072469,102.2879769,Daerah: Kelantan<br>No:202<br>Hex coord:(160;11),n/a,3,0,0,0,0,0,1,2022-12-30T19:42:31.7903344Z,0
6.064689,102.3015236,Daerah: Kelantan<br>No:203<br>Hex coord:(161;11),n/a,1,0,0,0,0,0,1,2022-12-30T19:42:32.4946186Z,0
6.072469,102.3150703,Daerah: Kelantan<br>No:204<br>Hex coord:(162;11),n/a,1,0,0,0,0,0,1,2022-12-30T19:42:33.2155183Z,0
6.064689,102.328617,Daerah: Kelantan<br>No:205<br>Hex coord:(163;11),n/a,2,0,0,0,0,0,1,2022-12-30T19:42:33.9252768Z,0
6.072469,102.3421637,Daerah: Kelantan<br>No:206<br>Hex coord:(164;11),n/a,0,0,0,0,0,0,1,2022-12-30T19:42:34.6176867Z,0
6.064689,102.3557104,Daerah: Kelantan<br>No:207<br>Hex coord:(165;11),n/a,0,0,0,0,0,0,1,2022-12-30T19:42:35.3124323Z,0
6.072469,102.3692571,Daerah: Kelantan<br>No:208<br>Hex coord:(166;11),n/a,2,0,0,0,0,0,1,2022-12-30T19:42:36.0148230Z,0
6.064689,102.3828038,Daerah: Kelantan<br>No:209<br>Hex coord:(167;11),n/a,0,0,0,0,0,0,1,2022-12-30T19:42:36.6945764Z,0
6.072469,102.3963505,Daerah: Kelantan<br>No:210<br>Hex coord:(168;11),n/a,0,0,0,0,0,0,1,2022-12-30T19:42:37.3806593Z,0
6.049129,102.0305895,Daerah: Kelantan<br>No:211<br>Hex coord:(141;12),n/a,0,0,0,0,0,0,1,2022-12-30T19:42:38.0539738Z,0
6.056909,102.0441362,Daerah: Kelantan<br>No:212<br>Hex coord:(142;12),n/a,0,0,0,0,0,0,1,2022-12-30T19:42:38.7296747Z,0
6.049129,102.0576829,Daerah: Kelantan<br>No:213<br>Hex coord:(143;12),n/a,0,0,0,0,0,0,1,2022-12-30T19:42:39.4051414Z,0
6.056909,102.0712296,Daerah: Kelantan<br>No:214<br>Hex coord:(144;12),n/a,0,0,0,0,0,0,1,2022-12-30T19:42:40.0832485Z,0
6.049129,102.0847763,Daerah: Kelantan<br>No:215<br>Hex coord:(145;12),n/a,1,0,0,0,0,0,1,2022-12-30T19:42:40.7538425Z,0
6.056909,102.098323,Daerah: Kelantan<br>No:216<br>Hex coord:(146;12),n/a,1,0,0,0,0,0,1,2022-12-30T19:42:41.4462090Z,0
6.049129,102.1118697,Daerah: Kelantan<br>No:217<br>Hex coord:(147;12),n/a,1,0,0,0,0,0,1,2022-12-30T19:42:42.1341353Z,0
6.056909,102.1254164,Daerah: Kelantan<br>No:218<br>Hex coord:(148;12),n/a,1,0,0,0,0,0,1,2022-12-30T19:42:42.8175486Z,0
6.049129,102.1389631,Daerah: Kelantan<br>No:219<br>Hex coord:(149;12),n/a,3,0,0,0,0,0,1,2022-12-30T19:42:43.5064623Z,0
6.056909,102.1525098,Daerah: Kelantan<br>No:220<br>Hex coord:(150;12),n/a,1,0,0,0,0,0,1,2022-12-30T19:42:44.2055937Z,0
6.049129,102.1660565,Daerah: Kelantan<br>No:221<br>Hex coord:(151;12),n/a,0,0,0,0,0,0,1,2022-12-30T19:42:44.9027895Z,0
6.056909,102.1796032,Daerah: Kelantan<br>No:222<br>Hex coord:(152;12),n/a,0,0,0,0,0,0,1,2022-12-30T19:42:45.6034604Z,0
6.049129,102.1931499,Daerah: Kelantan<br>No:223<br>Hex coord:(153;12),n/a,0,0,0,0,0,0,1,2022-12-30T19:42:46.3039706Z,0
6.056909,102.2066966,Daerah: Kelantan<br>No:224<br>Hex coord:(154;12),n/a,0,0,0,0,0,0,1,2022-12-30T19:42:46.9927688Z,0
6.049129,102.2202433,Daerah: Kelantan<br>No:225<br>Hex coord:(155;12),n/a,0,0,0,0,0,0,1,2022-12-30T19:42:47.7062904Z,0
6.056909,102.23379,Daerah: Kelantan<br>No:226<br>Hex coord:(156;12),n/a,0,0,0,0,0,0,1,2022-12-30T19:42:48.4156419Z,0
6.049129,102.2473367,Daerah: Kelantan<br>No:227<br>Hex coord:(157;12),n/a,0,0,0,0,0,0,1,2022-12-30T19:42:49.1277134Z,0
6.056909,102.2608835,Daerah: Kelantan<br>No:228<br>Hex coord:(158;12),n/a,0,0,0,0,0,0,1,2022-12-30T19:42:49.8428265Z,0
6.049129,102.2744302,Daerah: Kelantan<br>No:229<br>Hex coord:(159;12),n/a,1,0,0,0,0,0,1,2022-12-30T19:42:50.5433613Z,0
6.056909,102.2879769,Daerah: Kelantan<br>No:230<br>Hex coord:(160;12),n/a,1,0,0,0,0,0,1,2022-12-30T19:42:51.2523345Z,0
6.049129,102.3015236,Daerah: Kelantan<br>No:231<br>Hex coord:(161;12),n/a,1,0,0,0,0,0,1,2022-12-30T19:42:51.9695937Z,0
6.056909,102.3150703,Daerah: Kelantan<br>No:232<br>Hex coord:(162;12),n/a,0,0,0,0,0,0,1,2022-12-30T19:42:52.6607487Z,0
6.049129,102.328617,Daerah: Kelantan<br>No:233<br>Hex coord:(163;12),n/a,1,0,0,0,0,0,1,2022-12-30T19:42:53.3516642Z,0
6.056909,102.3421637,Daerah: Kelantan<br>No:234<br>Hex coord:(164;12),n/a,0,0,0,0,0,0,1,2022-12-30T19:42:54.0438960Z,0
6.049129,102.3557104,Daerah: Kelantan<br>No:235<br>Hex coord:(165;12),n/a,0,0,0,0,0,0,1,2022-12-30T19:42:54.7326126Z,0
6.056909,102.3692571,Daerah: Kelantan<br>No:236<br>Hex coord:(166;12),n/a,0,0,0,0,0,0,1,2022-12-30T19:42:55.4214997Z,0
6.049129,102.3828038,Daerah: Kelantan<br>No:237<br>Hex coord:(167;12),n/a,0,0,0,0,0,0,1,2022-12-30T19:42:56.1069434Z,0
6.056909,102.3963505,Daerah: Kelantan<br>No:238<br>Hex coord:(168;12),n/a,0,0,0,0,0,0,1,2022-12-30T19:42:56.7989288Z,0
6.033569,102.003496,Daerah: Kelantan<br>No:239<br>Hex coord:(139;13),n/a,0,0,0,0,0,0,1,2022-12-30T19:42:57.4705119Z,0
6.041349,102.0170428,Daerah: Kelantan<br>No:240<br>Hex coord:(140;13),n/a,0,0,0,0,0,0,1,2022-12-30T19:42:58.1464033Z,0
6.033569,102.0305895,Daerah: Kelantan<br>No:241<br>Hex coord:(141;13),n/a,0,0,0,0,0,0,1,2022-12-30T19:42:58.8183293Z,0
6.041349,102.0441362,Daerah: Kelantan<br>No:242<br>Hex coord:(142;13),n/a,0,0,0,0,0,0,1,2022-12-30T19:42:59.5011726Z,0
6.033569,102.0576829,Daerah: Kelantan<br>No:243<br>Hex coord:(143;13),n/a,0,0,0,0,0,0,1,2022-12-30T19:43:00.1756391Z,0
6.041349,102.0712296,Daerah: Kelantan<br>No:244<br>Hex coord:(144;13),n/a,0,0,0,0,0,0,1,2022-12-30T19:43:00.8571155Z,0
6.033569,102.0847763,Daerah: Kelantan<br>No:245<br>Hex coord:(145;13),n/a,0,0,0,0,0,0,1,2022-12-30T19:43:01.5303005Z,0
6.041349,102.098323,Daerah: Kelantan<br>No:246<br>Hex coord:(146;13),n/a,0,0,0,0,0,0,1,2022-12-30T19:43:02.2310779Z,0
6.033569,102.1118697,Daerah: Kelantan<br>No:247<br>Hex coord:(147;13),n/a,1,0,0,0,0,0,1,2022-12-30T19:43:02.9339882Z,0
6.041349,102.1254164,Daerah: Kelantan<br>No:248<br>Hex coord:(148;13),n/a,0,0,0,0,0,0,1,2022-12-30T19:43:03.6263149Z,0
6.033569,102.1389631,Daerah: Kelantan<br>No:249<br>Hex coord:(149;13),n/a,1,0,0,0,0,0,1,2022-12-30T19:43:04.3102692Z,0
6.041349,102.1525098,Daerah: Kelantan<br>No:250<br>Hex coord:(150;13),n/a,0,0,0,0,0,0,1,2022-12-30T19:43:04.9963585Z,0
6.033569,102.1660565,Daerah: Kelantan<br>No:251<br>Hex coord:(151;13),n/a,0,0,0,0,0,0,1,2022-12-30T19:43:05.6815815Z,0
6.041349,102.1796032,Daerah: Kelantan<br>No:252<br>Hex coord:(152;13),n/a,0,0,0,0,0,0,1,2022-12-30T19:43:06.3726784Z,0
6.033569,102.1931499,Daerah: Kelantan<br>No:253<br>Hex coord:(153;13),n/a,0,0,0,0,0,0,1,2022-12-30T19:43:07.0650360Z,0
6.041349,102.2066966,Daerah: Kelantan<br>No:254<br>Hex coord:(154;13),n/a,1,0,0,0,0,0,1,2022-12-30T19:43:07.7667129Z,0
6.033569,102.2202433,Daerah: Kelantan<br>No:255<br>Hex coord:(155;13),n/a,1,0,0,0,0,0,1,2022-12-30T19:43:08.4610693Z,0
6.041349,102.23379,Daerah: Kelantan<br>No:256<br>Hex coord:(156;13),n/a,0,0,0,0,0,0,1,2022-12-30T19:43:09.1643138Z,0
6.033569,102.2473367,Daerah: Kelantan<br>No:257<br>Hex coord:(157;13),n/a,0,0,0,0,0,0,1,2022-12-30T19:43:09.8708120Z,0
6.041349,102.2608835,Daerah: Kelantan<br>No:258<br>Hex coord:(158;13),n/a,0,0,0,0,0,0,1,2022-12-30T19:43:10.5750170Z,0
6.033569,102.2744302,Daerah: Kelantan<br>No:259<br>Hex coord:(159;13),n/a,0,0,0,0,0,0,1,2022-12-30T19:43:11.2796526Z,0
6.041349,102.2879769,Daerah: Kelantan<br>No:260<br>Hex coord:(160;13),n/a,0,0,0,0,0,0,1,2022-12-30T19:43:11.9829842Z,0
6.033569,102.3015236,Daerah: Kelantan<br>No:261<br>Hex coord:(161;13),n/a,0,0,0,0,0,0,1,2022-12-30T19:43:12.6745424Z,0
6.041349,102.3150703,Daerah: Kelantan<br>No:262<br>Hex coord:(162;13),n/a,0,0,0,0,0,0,1,2022-12-30T19:43:13.3741370Z,0
6.033569,102.328617,Daerah: Kelantan<br>No:263<br>Hex coord:(163;13),n/a,0,0,0,0,0,0,1,2022-12-30T19:43:14.0675128Z,0
6.041349,102.3421637,Daerah: Kelantan<br>No:264<br>Hex coord:(164;13),n/a,1,0,0,0,0,0,1,2022-12-30T19:43:14.7681890Z,0
6.033569,102.3557104,Daerah: Kelantan<br>No:265<br>Hex coord:(165;13),n/a,0,0,0,0,0,0,1,2022-12-30T19:43:15.4647505Z,0
6.041349,102.3692571,Daerah: Kelantan<br>No:266<br>Hex coord:(166;13),n/a,0,0,0,0,0,0,1,2022-12-30T19:43:16.1480840Z,0
6.033569,102.3828038,Daerah: Kelantan<br>No:267<br>Hex coord:(167;13),n/a,0,0,0,0,0,0,1,2022-12-30T19:43:16.8463032Z,0
6.041349,102.3963505,Daerah: Kelantan<br>No:268<br>Hex coord:(168;13),n/a,0,0,0,0,0,0,1,2022-12-30T19:43:17.5359732Z,0
6.033569,102.4098972,Daerah: Kelantan<br>No:269<br>Hex coord:(169;13),n/a,1,0,0,0,0,0,1,2022-12-30T19:43:18.2175149Z,0
6.018009,101.9764026,Daerah: Kelantan<br>No:270<br>Hex coord:(137;14),n/a,1,0,0,0,0,0,1,2022-12-30T19:43:18.9046694Z,0
6.025789,101.9899493,Daerah: Kelantan<br>No:271<br>Hex coord:(138;14),n/a,0,0,0,0,0,0,1,2022-12-30T19:43:19.5853488Z,0
6.018009,102.003496,Daerah: Kelantan<br>No:272<br>Hex coord:(139;14),n/a,1,0,0,0,0,0,1,2022-12-30T19:43:20.2643172Z,0
6.025789,102.0170428,Daerah: Kelantan<br>No:273<br>Hex coord:(140;14),n/a,0,0,0,0,0,0,1,2022-12-30T19:43:20.9460416Z,0
6.018009,102.0305895,Daerah: Kelantan<br>No:274<br>Hex coord:(141;14),n/a,0,0,0,0,0,0,1,2022-12-30T19:43:21.6191400Z,0
6.025789,102.0441362,Daerah: Kelantan<br>No:275<br>Hex coord:(142;14),n/a,0,0,0,0,0,0,1,2022-12-30T19:43:22.2899964Z,0
6.018009,102.0576829,Daerah: Kelantan<br>No:276<br>Hex coord:(143;14),n/a,0,0,0,0,0,0,1,2022-12-30T19:43:22.9749608Z,0
6.025789,102.0712296,Daerah: Kelantan<br>No:277<br>Hex coord:(144;14),n/a,0,0,0,0,0,0,1,2022-12-30T19:43:23.6461099Z,0
6.018009,102.0847763,Daerah: Kelantan<br>No:278<br>Hex coord:(145;14),n/a,1,0,0,0,0,0,1,2022-12-30T19:43:24.3360395Z,0
6.025789,102.098323,Daerah: Kelantan<br>No:279<br>Hex coord:(146;14),n/a,2,0,0,0,0,0,1,2022-12-30T19:43:25.0239068Z,0
6.018009,102.1118697,Daerah: Kelantan<br>No:280<br>Hex coord:(147;14),n/a,1,0,0,0,0,0,1,2022-12-30T19:43:25.7144089Z,0
6.025789,102.1254164,Daerah: Kelantan<br>No:281<br>Hex coord:(148;14),n/a,0,0,0,0,0,0,1,2022-12-30T19:43:26.4103483Z,0
6.018009,102.1389631,Daerah: Kelantan<br>No:282<br>Hex coord:(149;14),n/a,0,0,0,0,0,0,1,2022-12-30T19:43:27.0993609Z,0
6.025789,102.1525098,Daerah: Kelantan<br>No:283<br>Hex coord:(150;14),n/a,0,0,0,0,0,0,1,2022-12-30T19:43:27.7840906Z,0
6.018009,102.1660565,Daerah: Kelantan<br>No:284<br>Hex coord:(151;14),n/a,0,0,0,0,0,0,1,2022-12-30T19:43:28.4751005Z,0
6.025789,102.1796032,Daerah: Kelantan<br>No:285<br>Hex coord:(152;14),n/a,1,0,0,0,0,0,1,2022-12-30T19:43:29.1685064Z,0
6.018009,102.1931499,Daerah: Kelantan<br>No:286<br>Hex coord:(153;14),n/a,0,0,0,0,0,0,1,2022-12-30T19:43:29.8519102Z,0
6.025789,102.2066966,Daerah: Kelantan<br>No:287<br>Hex coord:(154;14),n/a,0,0,0,0,0,0,1,2022-12-30T19:43:30.5436227Z,0
6.018009,102.2202433,Daerah: Kelantan<br>No:288<br>Hex coord:(155;14),n/a,0,0,0,0,0,0,1,2022-12-30T19:43:31.2360914Z,0
6.025789,102.23379,Daerah: Kelantan<br>No:289<br>Hex coord:(156;14),n/a,1,0,0,0,0,0,1,2022-12-30T19:43:31.9377389Z,0
6.018009,102.2473367,Daerah: Kelantan<br>No:290<br>Hex coord:(157;14),n/a,0,0,0,0,0,0,1,2022-12-30T19:43:32.6408188Z,0
6.025789,102.2608835,Daerah: Kelantan<br>No:291<br>Hex coord:(158;14),n/a,0,0,0,0,0,0,1,2022-12-30T19:43:33.3470344Z,0
6.018009,102.2744302,Daerah: Kelantan<br>No:292<br>Hex coord:(159;14),n/a,0,0,0,0,0,0,1,2022-12-30T19:43:34.0470179Z,0
6.025789,102.2879769,Daerah: Kelantan<br>No:293<br>Hex coord:(160;14),n/a,0,0,0,0,0,0,1,2022-12-30T19:43:34.7473336Z,0
6.018009,102.3015236,Daerah: Kelantan<br>No:294<br>Hex coord:(161;14),n/a,0,0,0,0,0,0,1,2022-12-30T19:43:35.4431535Z,0
6.025789,102.3150703,Daerah: Kelantan<br>No:295<br>Hex coord:(162;14),n/a,0,0,0,0,0,0,1,2022-12-30T19:43:36.1307362Z,0
6.018009,102.328617,Daerah: Kelantan<br>No:296<br>Hex coord:(163;14),n/a,0,0,0,0,0,0,1,2022-12-30T19:43:36.8207130Z,0
6.025789,102.3421637,Daerah: Kelantan<br>No:297<br>Hex coord:(164;14),n/a,0,0,0,0,0,0,1,2022-12-30T19:43:37.5007552Z,0
6.018009,102.3557104,Daerah: Kelantan<br>No:298<br>Hex coord:(165;14),n/a,0,0,0,0,0,0,1,2022-12-30T19:43:38.1968851Z,0
6.025789,102.3692571,Daerah: Kelantan<br>No:299<br>Hex coord:(166;14),n/a,0,0,0,0,0,0,1,2022-12-30T19:43:38.8890236Z,0
6.018009,102.3828038,Daerah: Kelantan<br>No:300<br>Hex coord:(167;14),n/a,0,0,0,0,0,0,1,2022-12-30T19:43:39.6006680Z,0
6.025789,102.3963505,Daerah: Kelantan<br>No:301<br>Hex coord:(168;14),n/a,0,0,0,0,0,0,1,2022-12-30T19:43:40.2925815Z,0
6.018009,102.4098972,Daerah: Kelantan<br>No:302<br>Hex coord:(169;14),n/a,1,0,0,0,0,0,1,2022-12-30T19:43:40.9731317Z,0
6.002449,101.9764026,Daerah: Kelantan<br>No:303<br>Hex coord:(137;15),n/a,0,0,0,0,0,0,1,2022-12-30T19:43:41.6531664Z,0
6.010229,101.9899493,Daerah: Kelantan<br>No:304<br>Hex coord:(138;15),n/a,1,0,0,0,0,0,1,2022-12-30T19:43:42.3288944Z,0
6.002449,102.003496,Daerah: Kelantan<br>No:305<br>Hex coord:(139;15),n/a,0,0,0,0,0,0,1,2022-12-30T19:43:43.0115332Z,0
6.010229,102.0170428,Daerah: Kelantan<br>No:306<br>Hex coord:(140;15),n/a,0,0,0,0,0,0,1,2022-12-30T19:43:43.7087413Z,0
6.002449,102.0305895,Daerah: Kelantan<br>No:307<br>Hex coord:(141;15),n/a,0,0,0,0,0,0,1,2022-12-30T19:43:44.3974250Z,0
6.010229,102.0441362,Daerah: Kelantan<br>No:308<br>Hex coord:(142;15),n/a,1,0,0,0,0,0,1,2022-12-30T19:43:45.0850252Z,0
6.002449,102.0576829,Daerah: Kelantan<br>No:309<br>Hex coord:(143;15),n/a,2,0,0,0,0,0,1,2022-12-30T19:43:45.7595280Z,0
6.010229,102.0712296,Daerah: Kelantan<br>No:310<br>Hex coord:(144;15),n/a,0,0,0,0,0,0,1,2022-12-30T19:43:46.4327259Z,0
6.002449,102.0847763,Daerah: Kelantan<br>No:311<br>Hex coord:(145;15),n/a,0,0,0,0,0,0,1,2022-12-30T19:43:47.1090600Z,0
6.010229,102.098323,Daerah: Kelantan<br>No:312<br>Hex coord:(146;15),n/a,0,0,0,0,0,0,1,2022-12-30T19:43:47.7961613Z,0
6.002449,102.1118697,Daerah: Kelantan<br>No:313<br>Hex coord:(147;15),n/a,0,0,0,0,0,0,1,2022-12-30T19:43:48.4864498Z,0
6.010229,102.1254164,Daerah: Kelantan<br>No:314<br>Hex coord:(148;15),n/a,1,0,0,0,0,0,1,2022-12-30T19:43:49.1751806Z,0
6.002449,102.1389631,Daerah: Kelantan<br>No:315<br>Hex coord:(149;15),n/a,0,0,0,0,0,0,1,2022-12-30T19:43:49.8561915Z,0
6.010229,102.1525098,Daerah: Kelantan<br>No:316<br>Hex coord:(150;15),n/a,0,0,0,0,0,0,1,2022-12-30T19:43:50.5495468Z,0
6.002449,102.1660565,Daerah: Kelantan<br>No:317<br>Hex coord:(151;15),n/a,0,0,0,0,0,0,1,2022-12-30T19:43:51.2307337Z,0
6.010229,102.1796032,Daerah: Kelantan<br>No:318<br>Hex coord:(152;15),n/a,0,0,0,0,0,0,1,2022-12-30T19:43:51.9185922Z,0
6.002449,102.1931499,Daerah: Kelantan<br>No:319<br>Hex coord:(153;15),n/a,0,0,0,0,0,0,1,2022-12-30T19:43:52.6138669Z,0
6.010229,102.2066966,Daerah: Kelantan<br>No:320<br>Hex coord:(154;15),n/a,1,0,0,0,0,0,1,2022-12-30T19:43:53.2970179Z,0
6.002449,102.2202433,Daerah: Kelantan<br>No:321<br>Hex coord:(155;15),n/a,0,0,0,0,0,0,1,2022-12-30T19:43:54.0002510Z,0
6.010229,102.23379,Daerah: Kelantan<br>No:322<br>Hex coord:(156;15),n/a,3,0,0,0,0,0,1,2022-12-30T19:43:54.7057711Z,0
6.002449,102.2473367,Daerah: Kelantan<br>No:323<br>Hex coord:(157;15),n/a,0,0,0,0,0,0,1,2022-12-30T19:43:55.4022869Z,0
6.010229,102.2608835,Daerah: Kelantan<br>No:324<br>Hex coord:(158;15),n/a,0,0,0,0,0,0,1,2022-12-30T19:43:56.0991836Z,0
6.002449,102.2744302,Daerah: Kelantan<br>No:325<br>Hex coord:(159;15),n/a,0,0,0,0,0,0,1,2022-12-30T19:43:56.8007017Z,0
6.010229,102.2879769,Daerah: Kelantan<br>No:326<br>Hex coord:(160;15),n/a,1,0,0,0,0,0,1,2022-12-30T19:43:57.4942539Z,0
6.002449,102.3015236,Daerah: Kelantan<br>No:327<br>Hex coord:(161;15),n/a,0,0,0,0,0,0,1,2022-12-30T19:43:58.1769947Z,0
6.010229,102.3150703,Daerah: Kelantan<br>No:328<br>Hex coord:(162;15),n/a,0,0,0,0,0,0,1,2022-12-30T19:43:58.8695758Z,0
6.002449,102.328617,Daerah: Kelantan<br>No:329<br>Hex coord:(163;15),n/a,0,0,0,0,0,0,1,2022-12-30T19:43:59.5705128Z,0
6.010229,102.3421637,Daerah: Kelantan<br>No:330<br>Hex coord:(164;15),n/a,0,0,0,0,0,0,1,2022-12-30T19:44:00.2563991Z,0
6.002449,102.3557104,Daerah: Kelantan<br>No:331<br>Hex coord:(165;15),n/a,1,0,0,0,0,0,1,2022-12-30T19:44:00.9520855Z,0
6.010229,102.3692571,Daerah: Kelantan<br>No:332<br>Hex coord:(166;15),n/a,1,0,0,0,0,0,1,2022-12-30T19:44:01.6483849Z,0
6.002449,102.3828038,Daerah: Kelantan<br>No:333<br>Hex coord:(167;15),n/a,0,0,0,0,0,0,1,2022-12-30T19:44:02.3188051Z,0
6.010229,102.3963505,Daerah: Kelantan<br>No:334<br>Hex coord:(168;15),n/a,0,0,0,0,0,0,1,2022-12-30T19:44:03.0098426Z,0
6.002449,102.4098972,Daerah: Kelantan<br>No:335<br>Hex coord:(169;15),n/a,0,0,0,0,0,0,1,2022-12-30T19:44:03.6950062Z,0
6.010229,102.4234439,Daerah: Kelantan<br>No:336<br>Hex coord:(170;15),n/a,0,0,0,0,0,0,1,2022-12-30T19:44:04.3641813Z,0
5.986889,101.9493092,Daerah: Kelantan<br>No:337<br>Hex coord:(135;16),n/a,0,0,0,0,0,0,1,2022-12-30T19:44:05.0432638Z,0
5.994669,101.9628559,Daerah: Kelantan<br>No:338<br>Hex coord:(136;16),n/a,0,0,0,0,0,0,1,2022-12-30T19:44:05.7147454Z,0
5.986889,101.9764026,Daerah: Kelantan<br>No:339<br>Hex coord:(137;16),n/a,0,0,0,0,0,0,1,2022-12-30T19:44:06.3935866Z,0
5.994669,101.9899493,Daerah: Kelantan<br>No:340<br>Hex coord:(138;16),n/a,0,0,0,0,0,0,1,2022-12-30T19:44:07.0743528Z,0
5.986889,102.003496,Daerah: Kelantan<br>No:341<br>Hex coord:(139;16),n/a,0,0,0,0,0,0,1,2022-12-30T19:44:07.7499903Z,0
5.994669,102.0170428,Daerah: Kelantan<br>No:342<br>Hex coord:(140;16),n/a,0,0,0,0,0,0,1,2022-12-30T19:44:08.4365410Z,0
5.986889,102.0305895,Daerah: Kelantan<br>No:343<br>Hex coord:(141;16),n/a,0,0,0,0,0,0,1,2022-12-30T19:44:09.1002841Z,0
5.994669,102.0441362,Daerah: Kelantan<br>No:344<br>Hex coord:(142;16),n/a,0,0,0,0,0,0,1,2022-12-30T19:44:09.7941785Z,0
5.986889,102.0576829,Daerah: Kelantan<br>No:345<br>Hex coord:(143;16),n/a,0,0,0,0,0,0,1,2022-12-30T19:44:10.4833986Z,0
5.994669,102.0712296,Daerah: Kelantan<br>No:346<br>Hex coord:(144;16),n/a,2,0,0,0,0,0,1,2022-12-30T19:44:11.1571062Z,0
5.986889,102.0847763,Daerah: Kelantan<br>No:347<br>Hex coord:(145;16),n/a,0,0,0,0,0,0,1,2022-12-30T19:44:11.8421903Z,0
5.994669,102.098323,Daerah: Kelantan<br>No:348<br>Hex coord:(146;16),n/a,0,0,0,0,0,0,1,2022-12-30T19:44:12.5120248Z,0
5.986889,102.1118697,Daerah: Kelantan<br>No:349<br>Hex coord:(147;16),n/a,0,0,0,0,0,0,1,2022-12-30T19:44:13.1829549Z,0
5.994669,102.1254164,Daerah: Kelantan<br>No:350<br>Hex coord:(148;16),n/a,0,0,0,0,0,0,1,2022-12-30T19:44:13.8733287Z,0
5.986889,102.1389631,Daerah: Kelantan<br>No:351<br>Hex coord:(149;16),n/a,0,0,0,0,0,0,1,2022-12-30T19:44:14.5571983Z,0
5.994669,102.1525098,Daerah: Kelantan<br>No:352<br>Hex coord:(150;16),n/a,0,0,0,0,0,0,1,2022-12-30T19:44:15.2398224Z,0
5.986889,102.1660565,Daerah: Kelantan<br>No:353<br>Hex coord:(151;16),n/a,0,0,0,0,0,0,1,2022-12-30T19:44:15.9331956Z,0
5.994669,102.1796032,Daerah: Kelantan<br>No:354<br>Hex coord:(152;16),n/a,0,0,0,0,0,0,1,2022-12-30T19:44:16.6280247Z,0
5.986889,102.1931499,Daerah: Kelantan<br>No:355<br>Hex coord:(153;16),n/a,0,0,0,0,0,0,1,2022-12-30T19:44:17.3133448Z,0
5.994669,102.2066966,Daerah: Kelantan<br>No:356<br>Hex coord:(154;16),n/a,0,0,0,0,0,0,1,2022-12-30T19:44:18.0082657Z,0
5.986889,102.2202433,Daerah: Kelantan<br>No:357<br>Hex coord:(155;16),n/a,0,0,0,0,0,0,1,2022-12-30T19:44:18.7055924Z,0
5.994669,102.23379,Daerah: Kelantan<br>No:358<br>Hex coord:(156;16),n/a,2,0,0,0,0,0,1,2022-12-30T19:44:19.3964366Z,0
5.986889,102.2473367,Daerah: Kelantan<br>No:359<br>Hex coord:(157;16),n/a,2,0,0,0,0,0,1,2022-12-30T19:44:20.0938327Z,0
5.994669,102.2608835,Daerah: Kelantan<br>No:360<br>Hex coord:(158;16),n/a,0,0,0,0,0,0,1,2022-12-30T19:44:20.7900029Z,0
5.986889,102.2744302,Daerah: Kelantan<br>No:361<br>Hex coord:(159;16),n/a,0,0,0,0,0,0,1,2022-12-30T19:44:21.4802102Z,0
5.994669,102.2879769,Daerah: Kelantan<br>No:362<br>Hex coord:(160;16),n/a,0,0,0,0,0,0,1,2022-12-30T19:44:22.2296847Z,0
5.986889,102.3015236,Daerah: Kelantan<br>No:363<br>Hex coord:(161;16),n/a,0,0,0,0,0,0,1,2022-12-30T19:44:22.9226619Z,0
5.994669,102.3150703,Daerah: Kelantan<br>No:364<br>Hex coord:(162;16),n/a,0,0,0,0,0,0,1,2022-12-30T19:44:23.6066118Z,0
5.986889,102.328617,Daerah: Kelantan<br>No:365<br>Hex coord:(163;16),n/a,0,0,0,0,0,0,1,2022-12-30T19:44:24.2880695Z,0
5.994669,102.3421637,Daerah: Kelantan<br>No:366<br>Hex coord:(164;16),n/a,0,0,0,0,0,0,1,2022-12-30T19:44:24.9838018Z,0
5.986889,102.3557104,Daerah: Kelantan<br>No:367<br>Hex coord:(165;16),n/a,0,0,0,0,0,0,1,2022-12-30T19:44:25.6699154Z,0
5.994669,102.3692571,Daerah: Kelantan<br>No:368<br>Hex coord:(166;16),n/a,0,0,0,0,0,0,1,2022-12-30T19:44:26.3544434Z,0
5.986889,102.3828038,Daerah: Kelantan<br>No:369<br>Hex coord:(167;16),n/a,0,0,0,0,0,0,1,2022-12-30T19:44:27.0348443Z,0
5.994669,102.3963505,Daerah: Kelantan<br>No:370<br>Hex coord:(168;16),n/a,0,0,0,0,0,0,1,2022-12-30T19:44:27.7143682Z,0
5.986889,102.4098972,Daerah: Kelantan<br>No:371<br>Hex coord:(169;16),n/a,0,0,0,0,0,0,1,2022-12-30T19:44:28.4000918Z,0
5.994669,102.4234439,Daerah: Kelantan<br>No:372<br>Hex coord:(170;16),n/a,0,0,0,0,0,0,1,2022-12-30T19:44:29.0846342Z,0
5.971329,101.9493092,Daerah: Kelantan<br>No:373<br>Hex coord:(135;17),n/a,0,0,0,0,0,0,1,2022-12-30T19:44:29.7563823Z,0
5.979109,101.9628559,Daerah: Kelantan<br>No:374<br>Hex coord:(136;17),n/a,0,0,0,0,0,0,1,2022-12-30T19:44:30.4280256Z,0
5.971329,101.9764026,Daerah: Kelantan<br>No:375<br>Hex coord:(137;17),n/a,0,0,0,0,0,0,1,2022-12-30T19:44:31.1161512Z,0
5.979109,101.9899493,Daerah: Kelantan<br>No:376<br>Hex coord:(138;17),n/a,0,0,0,0,0,0,1,2022-12-30T19:44:31.7955043Z,0
5.971329,102.003496,Daerah: Kelantan<br>No:377<br>Hex coord:(139;17),n/a,0,0,0,0,0,0,1,2022-12-30T19:44:32.4763571Z,0
5.979109,102.0170428,Daerah: Kelantan<br>No:378<br>Hex coord:(140;17),n/a,0,0,0,0,0,0,1,2022-12-30T19:44:33.1581114Z,0
5.971329,102.0305895,Daerah: Kelantan<br>No:379<br>Hex coord:(141;17),n/a,0,0,0,0,0,0,1,2022-12-30T19:44:33.8396614Z,0
5.979109,102.0441362,Daerah: Kelantan<br>No:380<br>Hex coord:(142;17),n/a,0,0,0,0,0,0,1,2022-12-30T19:44:34.5206597Z,0
5.971329,102.0576829,Daerah: Kelantan<br>No:381<br>Hex coord:(143;17),n/a,0,0,0,0,0,0,1,2022-12-30T19:44:35.2008529Z,0
5.979109,102.0712296,Daerah: Kelantan<br>No:382<br>Hex coord:(144;17),n/a,0,0,0,0,0,0,1,2022-12-30T19:44:35.8748203Z,0
5.971329,102.0847763,Daerah: Kelantan<br>No:383<br>Hex coord:(145;17),n/a,0,0,0,0,0,0,1,2022-12-30T19:44:36.5484566Z,0
5.979109,102.098323,Daerah: Kelantan<br>No:384<br>Hex coord:(146;17),n/a,0,0,0,0,0,0,1,2022-12-30T19:44:37.2183747Z,0
5.971329,102.1118697,Daerah: Kelantan<br>No:385<br>Hex coord:(147;17),n/a,0,0,0,0,0,0,1,2022-12-30T19:44:37.8986108Z,0
5.979109,102.1254164,Daerah: Kelantan<br>No:386<br>Hex coord:(148;17),n/a,0,0,0,0,0,0,1,2022-12-30T19:44:38.5715705Z,0
5.971329,102.1389631,Daerah: Kelantan<br>No:387<br>Hex coord:(149;17),n/a,0,0,0,0,0,0,1,2022-12-30T19:44:39.2585094Z,0
5.979109,102.1525098,Daerah: Kelantan<br>No:388<br>Hex coord:(150;17),n/a,0,0,0,0,0,0,1,2022-12-30T19:44:39.9422952Z,0
5.971329,102.1660565,Daerah: Kelantan<br>No:389<br>Hex coord:(151;17),n/a,0,0,0,0,0,0,1,2022-12-30T19:44:40.6187932Z,0
5.979109,102.1796032,Daerah: Kelantan<br>No:390<br>Hex coord:(152;17),n/a,0,0,0,0,0,0,1,2022-12-30T19:44:41.3056605Z,0
5.971329,102.1931499,Daerah: Kelantan<br>No:391<br>Hex coord:(153;17),n/a,0,0,0,0,0,0,1,2022-12-30T19:44:41.9958086Z,0
5.979109,102.2066966,Daerah: Kelantan<br>No:392<br>Hex coord:(154;17),n/a,1,0,0,0,0,0,1,2022-12-30T19:44:42.6797195Z,0
5.971329,102.2202433,Daerah: Kelantan<br>No:393<br>Hex coord:(155;17),n/a,0,0,0,0,0,0,1,2022-12-30T19:44:43.3693079Z,0
5.979109,102.23379,Daerah: Kelantan<br>No:394<br>Hex coord:(156;17),n/a,0,0,0,0,0,0,1,2022-12-30T19:44:44.0756042Z,0
5.971329,102.2473367,Daerah: Kelantan<br>No:395<br>Hex coord:(157;17),n/a,0,0,0,0,0,0,1,2022-12-30T19:44:45.9207272Z,0
5.979109,102.2608835,Daerah: Kelantan<br>No:396<br>Hex coord:(158;17),n/a,3,0,0,0,0,0,1,2022-12-30T19:44:46.6157819Z,0
5.971329,102.2744302,Daerah: Kelantan<br>No:397<br>Hex coord:(159;17),n/a,0,0,0,0,0,0,1,2022-12-30T19:44:47.3102581Z,0
5.979109,102.2879769,Daerah: Kelantan<br>No:398<br>Hex coord:(160;17),n/a,0,0,0,0,0,0,1,2022-12-30T19:44:47.9989522Z,0
5.971329,102.3015236,Daerah: Kelantan<br>No:399<br>Hex coord:(161;17),n/a,0,0,0,0,0,0,1,2022-12-30T19:44:48.6946418Z,0
5.979109,102.3150703,Daerah: Kelantan<br>No:400<br>Hex coord:(162;17),n/a,0,0,0,0,0,0,1,2022-12-30T19:44:49.3866823Z,0
5.971329,102.328617,Daerah: Kelantan<br>No:401<br>Hex coord:(163;17),n/a,0,0,0,0,0,0,1,2022-12-30T19:44:50.0754245Z,0
5.979109,102.3421637,Daerah: Kelantan<br>No:402<br>Hex coord:(164;17),n/a,0,0,0,0,0,0,1,2022-12-30T19:44:50.7722971Z,0
5.971329,102.3557104,Daerah: Kelantan<br>No:403<br>Hex coord:(165;17),n/a,0,0,0,0,0,0,1,2022-12-30T19:44:51.4439676Z,0
5.979109,102.3692571,Daerah: Kelantan<br>No:404<br>Hex coord:(166;17),n/a,0,0,0,0,0,0,1,2022-12-30T19:44:52.1172200Z,0
5.971329,102.3828038,Daerah: Kelantan<br>No:405<br>Hex coord:(167;17),n/a,0,0,0,0,0,0,1,2022-12-30T19:44:52.8079782Z,0
5.979109,102.3963505,Daerah: Kelantan<br>No:406<br>Hex coord:(168;17),n/a,0,0,0,0,0,0,1,2022-12-30T19:44:53.4898230Z,0
5.971329,102.4098972,Daerah: Kelantan<br>No:407<br>Hex coord:(169;17),n/a,0,0,0,0,0,0,1,2022-12-30T19:44:54.1753918Z,0
5.979109,102.4234439,Daerah: Kelantan<br>No:408<br>Hex coord:(170;17),n/a,0,0,0,0,0,0,1,2022-12-30T19:44:54.8560749Z,0
5.971329,102.4369906,Daerah: Kelantan<br>No:409<br>Hex coord:(171;17),n/a,0,0,0,0,0,0,1,2022-12-30T19:44:55.5289101Z,0
5.955769,101.9493092,Daerah: Kelantan<br>No:410<br>Hex coord:(135;18),n/a,0,0,0,0,0,0,1,2022-12-30T19:44:56.2090318Z,0
5.963549,101.9628559,Daerah: Kelantan<br>No:411<br>Hex coord:(136;18),n/a,0,0,0,0,0,0,1,2022-12-30T19:44:56.8787723Z,0
5.955769,101.9764026,Daerah: Kelantan<br>No:412<br>Hex coord:(137;18),n/a,0,0,0,0,0,0,1,2022-12-30T19:44:57.5656991Z,0
5.963549,101.9899493,Daerah: Kelantan<br>No:413<br>Hex coord:(138;18),n/a,0,0,0,0,0,0,1,2022-12-30T19:44:58.2397206Z,0
5.955769,102.003496,Daerah: Kelantan<br>No:414<br>Hex coord:(139;18),n/a,0,0,0,0,0,0,1,2022-12-30T19:44:58.9163037Z,0
5.963549,102.0170428,Daerah: Kelantan<br>No:415<br>Hex coord:(140;18),n/a,0,0,0,0,0,0,1,2022-12-30T19:45:01.6040372Z,0
5.955769,102.0305895,Daerah: Kelantan<br>No:416<br>Hex coord:(141;18),n/a,0,0,0,0,0,0,1,2022-12-30T19:45:02.2791126Z,0
5.963549,102.0441362,Daerah: Kelantan<br>No:417<br>Hex coord:(142;18),n/a,0,0,0,0,0,0,1,2022-12-30T19:45:02.9581484Z,0
5.955769,102.0576829,Daerah: Kelantan<br>No:418<br>Hex coord:(143;18),n/a,0,0,0,0,0,0,1,2022-12-30T19:45:03.6374852Z,0
5.963549,102.0712296,Daerah: Kelantan<br>No:419<br>Hex coord:(144;18),n/a,0,0,0,0,0,0,1,2022-12-30T19:45:04.3267788Z,0
5.955769,102.0847763,Daerah: Kelantan<br>No:420<br>Hex coord:(145;18),n/a,0,0,0,0,0,0,1,2022-12-30T19:45:05.0010516Z,0
5.963549,102.098323,Daerah: Kelantan<br>No:421<br>Hex coord:(146;18),n/a,0,0,0,0,0,0,1,2022-12-30T19:45:05.6927810Z,0
5.955769,102.1118697,Daerah: Kelantan<br>No:422<br>Hex coord:(147;18),n/a,0,0,0,0,0,0,1,2022-12-30T19:45:06.3662487Z,0
5.963549,102.1254164,Daerah: Kelantan<br>No:423<br>Hex coord:(148;18),n/a,0,0,0,0,0,0,1,2022-12-30T19:45:07.0506207Z,0
5.955769,102.1389631,Daerah: Kelantan<br>No:424<br>Hex coord:(149;18),n/a,0,0,0,0,0,0,1,2022-12-30T19:45:07.7158389Z,0
5.963549,102.1525098,Daerah: Kelantan<br>No:425<br>Hex coord:(150;18),n/a,0,0,0,0,0,0,1,2022-12-30T19:45:08.4026578Z,0
5.955769,102.1660565,Daerah: Kelantan<br>No:426<br>Hex coord:(151;18),n/a,0,0,0,0,0,0,1,2022-12-30T19:45:09.0814670Z,0
5.963549,102.1796032,Daerah: Kelantan<br>No:427<br>Hex coord:(152;18),n/a,0,0,0,0,0,0,1,2022-12-30T19:45:09.7532941Z,0
5.955769,102.1931499,Daerah: Kelantan<br>No:428<br>Hex coord:(153;18),n/a,0,0,0,0,0,0,1,2022-12-30T19:45:10.4383775Z,0
5.963549,102.2066966,Daerah: Kelantan<br>No:429<br>Hex coord:(154;18),n/a,0,0,0,0,0,0,1,2022-12-30T19:45:11.1151389Z,0
5.955769,102.2202433,Daerah: Kelantan<br>No:430<br>Hex coord:(155;18),n/a,0,0,0,0,0,0,1,2022-12-30T19:45:11.8171403Z,0
5.963549,102.23379,Daerah: Kelantan<br>No:431<br>Hex coord:(156;18),n/a,1,0,0,0,0,0,1,2022-12-30T19:45:12.5134263Z,0
5.955769,102.2473367,Daerah: Kelantan<br>No:432<br>Hex coord:(157;18),n/a,1,0,0,0,0,0,1,2022-12-30T19:45:13.2216337Z,0
5.963549,102.2608835,Daerah: Kelantan<br>No:433<br>Hex coord:(158;18),n/a,1,0,0,0,0,0,1,2022-12-30T19:45:13.9162643Z,0
5.955769,102.2744302,Daerah: Kelantan<br>No:434<br>Hex coord:(159;18),n/a,0,0,0,0,0,0,1,2022-12-30T19:45:14.6096328Z,0
5.963549,102.2879769,Daerah: Kelantan<br>No:435<br>Hex coord:(160;18),n/a,0,0,0,0,0,0,1,2022-12-30T19:45:15.2991012Z,0
5.955769,102.3015236,Daerah: Kelantan<br>No:436<br>Hex coord:(161;18),n/a,0,0,0,0,0,0,1,2022-12-30T19:45:15.9889726Z,0
5.963549,102.3150703,Daerah: Kelantan<br>No:437<br>Hex coord:(162;18),n/a,3,0,0,0,0,0,1,2022-12-30T19:45:16.6637556Z,0
5.955769,102.328617,Daerah: Kelantan<br>No:438<br>Hex coord:(163;18),n/a,0,0,0,0,0,0,1,2022-12-30T19:45:17.3519438Z,0
5.963549,102.3421637,Daerah: Kelantan<br>No:439<br>Hex coord:(164;18),n/a,0,0,0,0,0,0,1,2022-12-30T19:45:18.0322625Z,0
5.955769,102.3557104,Daerah: Kelantan<br>No:440<br>Hex coord:(165;18),n/a,2,0,0,0,0,0,1,2022-12-30T19:45:18.7135583Z,0
5.963549,102.3692571,Daerah: Kelantan<br>No:441<br>Hex coord:(166;18),n/a,0,0,0,0,0,0,1,2022-12-30T19:45:19.3985075Z,0
5.955769,102.3828038,Daerah: Kelantan<br>No:442<br>Hex coord:(167;18),n/a,1,0,0,0,0,0,1,2022-12-30T19:45:20.0755859Z,0
5.963549,102.3963505,Daerah: Kelantan<br>No:443<br>Hex coord:(168;18),n/a,1,0,0,0,0,0,1,2022-12-30T19:45:20.7531433Z,0
5.955769,102.4098972,Daerah: Kelantan<br>No:444<br>Hex coord:(169;18),n/a,0,0,0,0,0,0,1,2022-12-30T19:45:21.4373567Z,0
5.963549,102.4234439,Daerah: Kelantan<br>No:445<br>Hex coord:(170;18),n/a,0,0,0,0,0,0,1,2022-12-30T19:45:22.1220136Z,0
5.955769,102.4369906,Daerah: Kelantan<br>No:446<br>Hex coord:(171;18),n/a,0,0,0,0,0,0,1,2022-12-30T19:45:22.8116859Z,0
5.947989,101.9357625,Daerah: Kelantan<br>No:447<br>Hex coord:(134;19),n/a,0,0,0,0,0,0,1,2022-12-30T19:45:23.4957800Z,0
5.940209,101.9493092,Daerah: Kelantan<br>No:448<br>Hex coord:(135;19),n/a,0,0,0,0,0,0,1,2022-12-30T19:45:24.1645027Z,0
5.947989,101.9628559,Daerah: Kelantan<br>No:449<br>Hex coord:(136;19),n/a,0,0,0,0,0,0,1,2022-12-30T19:45:24.8483070Z,0
5.940209,101.9764026,Daerah: Kelantan<br>No:450<br>Hex coord:(137;19),n/a,0,0,0,0,0,0,1,2022-12-30T19:45:25.5298453Z,0
5.947989,101.9899493,Daerah: Kelantan<br>No:451<br>Hex coord:(138;19),n/a,0,0,0,0,0,0,1,2022-12-30T19:45:26.2023000Z,0
5.940209,102.003496,Daerah: Kelantan<br>No:452<br>Hex coord:(139;19),n/a,0,0,0,0,0,0,1,2022-12-30T19:45:26.8866051Z,0
5.947989,102.0170428,Daerah: Kelantan<br>No:453<br>Hex coord:(140;19),n/a,0,0,0,0,0,0,1,2022-12-30T19:45:27.5676897Z,0
5.940209,102.0305895,Daerah: Kelantan<br>No:454<br>Hex coord:(141;19),n/a,0,0,0,0,0,0,1,2022-12-30T19:45:28.3020322Z,0
5.947989,102.0441362,Daerah: Kelantan<br>No:455<br>Hex coord:(142;19),n/a,0,0,0,0,0,0,1,2022-12-30T19:45:28.9692675Z,0
5.940209,102.0576829,Daerah: Kelantan<br>No:456<br>Hex coord:(143;19),n/a,0,0,0,0,0,0,1,2022-12-30T19:45:29.6515348Z,0
5.947989,102.0712296,Daerah: Kelantan<br>No:457<br>Hex coord:(144;19),n/a,0,0,0,0,0,0,1,2022-12-30T19:45:30.3261128Z,0
5.940209,102.0847763,Daerah: Kelantan<br>No:458<br>Hex coord:(145;19),n/a,0,0,0,0,0,0,1,2022-12-30T19:45:31.0041618Z,0
5.947989,102.098323,Daerah: Kelantan<br>No:459<br>Hex coord:(146;19),n/a,0,0,0,0,0,0,1,2022-12-30T19:45:31.6781101Z,0
5.940209,102.1118697,Daerah: Kelantan<br>No:460<br>Hex coord:(147;19),n/a,0,0,0,0,0,0,1,2022-12-30T19:45:32.3543821Z,0
5.947989,102.1254164,Daerah: Kelantan<br>No:461<br>Hex coord:(148;19),n/a,0,0,0,0,0,0,1,2022-12-30T19:45:33.0386154Z,0
5.940209,102.1389631,Daerah: Kelantan<br>No:462<br>Hex coord:(149;19),n/a,0,0,0,0,0,0,1,2022-12-30T19:45:33.7114082Z,0
5.947989,102.1525098,Daerah: Kelantan<br>No:463<br>Hex coord:(150;19),n/a,0,0,0,0,0,0,1,2022-12-30T19:45:34.3831632Z,0
5.940209,102.1660565,Daerah: Kelantan<br>No:464<br>Hex coord:(151;19),n/a,1,0,0,0,0,0,1,2022-12-30T19:45:35.0595063Z,0
5.947989,102.1796032,Daerah: Kelantan<br>No:465<br>Hex coord:(152;19),n/a,0,0,0,0,0,0,1,2022-12-30T19:45:35.7446307Z,0
5.940209,102.1931499,Daerah: Kelantan<br>No:466<br>Hex coord:(153;19),n/a,0,0,0,0,0,0,1,2022-12-30T19:45:36.4348295Z,0
5.947989,102.2066966,Daerah: Kelantan<br>No:467<br>Hex coord:(154;19),n/a,0,0,0,0,0,0,1,2022-12-30T19:45:37.1214602Z,0
5.940209,102.2202433,Daerah: Kelantan<br>No:468<br>Hex coord:(155;19),n/a,0,0,0,0,0,0,1,2022-12-30T19:45:37.8105832Z,0
5.947989,102.23379,Daerah: Kelantan<br>No:469<br>Hex coord:(156;19),n/a,0,0,0,0,0,0,1,2022-12-30T19:45:38.4962863Z,0
5.940209,102.2473367,Daerah: Kelantan<br>No:470<br>Hex coord:(157;19),n/a,0,0,0,0,0,0,1,2022-12-30T19:45:39.1899984Z,0
5.947989,102.2608835,Daerah: Kelantan<br>No:471<br>Hex coord:(158;19),n/a,0,0,0,0,0,0,1,2022-12-30T19:45:39.8887954Z,0
5.940209,102.2744302,Daerah: Kelantan<br>No:472<br>Hex coord:(159;19),n/a,0,0,0,0,0,0,1,2022-12-30T19:45:40.5859429Z,0
5.947989,102.2879769,Daerah: Kelantan<br>No:473<br>Hex coord:(160;19),n/a,0,0,0,0,0,0,1,2022-12-30T19:45:41.2833364Z,0
5.940209,102.3015236,Daerah: Kelantan<br>No:474<br>Hex coord:(161;19),n/a,0,0,0,0,0,0,1,2022-12-30T19:45:41.9659476Z,0
5.947989,102.3150703,Daerah: Kelantan<br>No:475<br>Hex coord:(162;19),n/a,0,0,0,0,0,0,1,2022-12-30T19:45:42.6552623Z,0
5.940209,102.328617,Daerah: Kelantan<br>No:476<br>Hex coord:(163;19),n/a,0,0,0,0,0,0,1,2022-12-30T19:45:43.3444329Z,0
5.947989,102.3421637,Daerah: Kelantan<br>No:477<br>Hex coord:(164;19),n/a,2,0,0,0,0,0,1,2022-12-30T19:45:44.0323281Z,0
5.940209,102.3557104,Daerah: Kelantan<br>No:478<br>Hex coord:(165;19),n/a,0,0,0,0,0,0,1,2022-12-30T19:45:44.7128952Z,0
5.947989,102.3692571,Daerah: Kelantan<br>No:479<br>Hex coord:(166;19),n/a,0,0,0,0,0,0,1,2022-12-30T19:45:45.3931935Z,0
5.940209,102.3828038,Daerah: Kelantan<br>No:480<br>Hex coord:(167;19),n/a,0,0,0,0,0,0,1,2022-12-30T19:45:46.0766523Z,0
5.947989,102.3963505,Daerah: Kelantan<br>No:481<br>Hex coord:(168;19),n/a,0,0,0,0,0,0,1,2022-12-30T19:45:46.7613617Z,0
5.940209,102.4098972,Daerah: Kelantan<br>No:482<br>Hex coord:(169;19),n/a,0,0,0,0,0,0,1,2022-12-30T19:45:47.4421747Z,0
5.947989,102.4234439,Daerah: Kelantan<br>No:483<br>Hex coord:(170;19),n/a,0,0,0,0,0,0,1,2022-12-30T19:45:48.1269396Z,0
5.940209,102.4369906,Daerah: Kelantan<br>No:484<br>Hex coord:(171;19),n/a,0,0,0,0,0,0,1,2022-12-30T19:45:48.7955234Z,0
5.947989,102.4505373,Daerah: Kelantan<br>No:485<br>Hex coord:(172;19),n/a,0,0,0,0,0,0,1,2022-12-30T19:45:49.4696725Z,0
5.932429,101.9357625,Daerah: Kelantan<br>No:486<br>Hex coord:(134;20),n/a,0,0,0,0,0,0,1,2022-12-30T19:45:50.1419791Z,0
5.924649,101.9493092,Daerah: Kelantan<br>No:487<br>Hex coord:(135;20),n/a,0,0,0,0,0,0,1,2022-12-30T19:45:50.8305943Z,0
5.932429,101.9628559,Daerah: Kelantan<br>No:488<br>Hex coord:(136;20),n/a,0,0,0,0,0,0,1,2022-12-30T19:45:51.5057508Z,0
5.924649,101.9764026,Daerah: Kelantan<br>No:489<br>Hex coord:(137;20),n/a,0,0,0,0,0,0,1,2022-12-30T19:45:52.1814875Z,0
5.932429,101.9899493,Daerah: Kelantan<br>No:490<br>Hex coord:(138;20),n/a,0,0,0,0,0,0,1,2022-12-30T19:45:52.8640474Z,0
5.924649,102.003496,Daerah: Kelantan<br>No:491<br>Hex coord:(139;20),n/a,0,0,0,0,0,0,1,2022-12-30T19:45:53.5374389Z,0
5.932429,102.0170428,Daerah: Kelantan<br>No:492<br>Hex coord:(140;20),n/a,0,0,0,0,0,0,1,2022-12-30T19:45:54.2058609Z,0
5.924649,102.0305895,Daerah: Kelantan<br>No:493<br>Hex coord:(141;20),n/a,0,0,0,0,0,0,1,2022-12-30T19:45:54.8821342Z,0
5.932429,102.0441362,Daerah: Kelantan<br>No:494<br>Hex coord:(142;20),n/a,0,0,0,0,0,0,1,2022-12-30T19:45:55.5529388Z,0
5.924649,102.0576829,Daerah: Kelantan<br>No:495<br>Hex coord:(143;20),n/a,0,0,0,0,0,0,1,2022-12-30T19:45:56.2211882Z,0
5.932429,102.0712296,Daerah: Kelantan<br>No:496<br>Hex coord:(144;20),n/a,0,0,0,0,0,0,1,2022-12-30T19:45:56.9012594Z,0
5.924649,102.0847763,Daerah: Kelantan<br>No:497<br>Hex coord:(145;20),n/a,0,0,0,0,0,0,1,2022-12-30T19:45:57.5713990Z,0
5.932429,102.098323,Daerah: Kelantan<br>No:498<br>Hex coord:(146;20),n/a,0,0,0,0,0,0,1,2022-12-30T19:45:58.2607885Z,0
5.924649,102.1118697,Daerah: Kelantan<br>No:499<br>Hex coord:(147;20),n/a,0,0,0,0,0,0,1,2022-12-30T19:45:58.9307532Z,0
5.932429,102.1254164,Daerah: Kelantan<br>No:500<br>Hex coord:(148;20),n/a,0,0,0,0,0,0,1,2022-12-30T19:45:59.6110826Z,0
5.924649,102.1389631,Daerah: Kelantan<br>No:501<br>Hex coord:(149;20),n/a,0,0,0,0,0,0,1,2022-12-30T19:46:00.3028243Z,0
5.932429,102.1525098,Daerah: Kelantan<br>No:502<br>Hex coord:(150;20),n/a,0,0,0,0,0,0,1,2022-12-30T19:46:00.9822088Z,0
5.924649,102.1660565,Daerah: Kelantan<br>No:503<br>Hex coord:(151;20),n/a,1,0,0,0,0,0,1,2022-12-30T19:46:01.7007798Z,0
5.932429,102.1796032,Daerah: Kelantan<br>No:504<br>Hex coord:(152;20),n/a,0,0,0,0,0,0,1,2022-12-30T19:46:02.4102274Z,0
5.924649,102.1931499,Daerah: Kelantan<br>No:505<br>Hex coord:(153;20),n/a,0,0,0,0,0,0,1,2022-12-30T19:46:03.0910164Z,0
5.932429,102.2066966,Daerah: Kelantan<br>No:506<br>Hex coord:(154;20),n/a,0,0,0,0,0,0,1,2022-12-30T19:46:03.7728511Z,0
5.924649,102.2202433,Daerah: Kelantan<br>No:507<br>Hex coord:(155;20),n/a,0,0,0,0,0,0,1,2022-12-30T19:46:04.4657447Z,0
5.932429,102.23379,Daerah: Kelantan<br>No:508<br>Hex coord:(156;20),n/a,1,0,0,0,0,0,1,2022-12-30T19:46:05.1546945Z,0
5.924649,102.2473367,Daerah: Kelantan<br>No:509<br>Hex coord:(157;20),n/a,0,0,0,0,0,0,1,2022-12-30T19:46:05.8718209Z,0
5.932429,102.2608835,Daerah: Kelantan<br>No:510<br>Hex coord:(158;20),n/a,0,0,0,0,0,0,1,2022-12-30T19:46:06.5658503Z,0
5.924649,102.2744302,Daerah: Kelantan<br>No:511<br>Hex coord:(159;20),n/a,0,0,0,0,0,0,1,2022-12-30T19:46:07.2541085Z,0
5.932429,102.2879769,Daerah: Kelantan<br>No:512<br>Hex coord:(160;20),n/a,0,0,0,0,0,0,1,2022-12-30T19:46:07.9518057Z,0
5.924649,102.3015236,Daerah: Kelantan<br>No:513<br>Hex coord:(161;20),n/a,0,0,0,0,0,0,1,2022-12-30T19:46:08.6337750Z,0
5.932429,102.3150703,Daerah: Kelantan<br>No:514<br>Hex coord:(162;20),n/a,0,0,0,0,0,0,1,2022-12-30T19:46:09.3207542Z,0
5.924649,102.328617,Daerah: Kelantan<br>No:515<br>Hex coord:(163;20),n/a,0,0,0,0,0,0,1,2022-12-30T19:46:10.0016419Z,0
5.932429,102.3421637,Daerah: Kelantan<br>No:516<br>Hex coord:(164;20),n/a,0,0,0,0,0,0,1,2022-12-30T19:46:10.6902848Z,0
5.924649,102.3557104,Daerah: Kelantan<br>No:517<br>Hex coord:(165;20),n/a,0,0,0,0,0,0,1,2022-12-30T19:46:11.3758884Z,0
5.932429,102.3692571,Daerah: Kelantan<br>No:518<br>Hex coord:(166;20),n/a,0,0,0,0,0,0,1,2022-12-30T19:46:12.0496840Z,0
5.924649,102.3828038,Daerah: Kelantan<br>No:519<br>Hex coord:(167;20),n/a,0,0,0,0,0,0,1,2022-12-30T19:46:12.7178749Z,0
5.932429,102.3963505,Daerah: Kelantan<br>No:520<br>Hex coord:(168;20),n/a,0,0,0,0,0,0,1,2022-12-30T19:46:13.3932661Z,0
5.924649,102.4098972,Daerah: Kelantan<br>No:521<br>Hex coord:(169;20),n/a,0,0,0,0,0,0,1,2022-12-30T19:46:14.0851121Z,0
5.932429,102.4234439,Daerah: Kelantan<br>No:522<br>Hex coord:(170;20),n/a,0,0,0,0,0,0,1,2022-12-30T19:46:14.7706317Z,0
5.924649,102.4369906,Daerah: Kelantan<br>No:523<br>Hex coord:(171;20),n/a,0,0,0,0,0,0,1,2022-12-30T19:46:15.4617951Z,0
5.932429,102.4505373,Daerah: Kelantan<br>No:524<br>Hex coord:(172;20),n/a,0,0,0,0,0,0,1,2022-12-30T19:46:16.1442682Z,0
5.924649,102.464084,Daerah: Kelantan<br>No:525<br>Hex coord:(173;20),n/a,0,0,0,0,0,0,1,2022-12-30T19:46:16.8146394Z,0
5.916869,101.9357625,Daerah: Kelantan<br>No:526<br>Hex coord:(134;21),n/a,0,0,0,0,0,0,1,2022-12-30T19:46:17.4961595Z,0
5.909089,101.9493092,Daerah: Kelantan<br>No:527<br>Hex coord:(135;21),n/a,0,0,0,0,0,0,1,2022-12-30T19:46:18.1653235Z,0
5.916869,101.9628559,Daerah: Kelantan<br>No:528<br>Hex coord:(136;21),n/a,0,0,0,0,0,0,1,2022-12-30T19:46:18.8417029Z,0
5.909089,101.9764026,Daerah: Kelantan<br>No:529<br>Hex coord:(137;21),n/a,0,0,0,0,0,0,1,2022-12-30T19:46:19.5227077Z,0
5.916869,101.9899493,Daerah: Kelantan<br>No:530<br>Hex coord:(138;21),n/a,0,0,0,0,0,0,1,2022-12-30T19:46:20.1935433Z,0
5.909089,102.003496,Daerah: Kelantan<br>No:531<br>Hex coord:(139;21),n/a,0,0,0,0,0,0,1,2022-12-30T19:46:20.8615829Z,0
5.916869,102.0170428,Daerah: Kelantan<br>No:532<br>Hex coord:(140;21),n/a,0,0,0,0,0,0,1,2022-12-30T19:46:21.5291677Z,0
5.909089,102.0305895,Daerah: Kelantan<br>No:533<br>Hex coord:(141;21),n/a,0,0,0,0,0,0,1,2022-12-30T19:46:22.2051659Z,0
5.916869,102.0441362,Daerah: Kelantan<br>No:534<br>Hex coord:(142;21),n/a,1,0,0,0,0,0,1,2022-12-30T19:46:22.8843282Z,0
5.909089,102.0576829,Daerah: Kelantan<br>No:535<br>Hex coord:(143;21),n/a,0,0,0,0,0,0,1,2022-12-30T19:46:23.5556905Z,0
5.916869,102.0712296,Daerah: Kelantan<br>No:536<br>Hex coord:(144;21),n/a,0,0,0,0,0,0,1,2022-12-30T19:46:24.2345466Z,0
5.909089,102.0847763,Daerah: Kelantan<br>No:537<br>Hex coord:(145;21),n/a,0,0,0,0,0,0,1,2022-12-30T19:46:24.9066594Z,0
5.916869,102.098323,Daerah: Kelantan<br>No:538<br>Hex coord:(146;21),n/a,0,0,0,0,0,0,1,2022-12-30T19:46:25.5837324Z,0
5.909089,102.1118697,Daerah: Kelantan<br>No:539<br>Hex coord:(147;21),n/a,0,0,0,0,0,0,1,2022-12-30T19:46:26.2524218Z,0
5.916869,102.1254164,Daerah: Kelantan<br>No:540<br>Hex coord:(148;21),n/a,0,0,0,0,0,0,1,2022-12-30T19:46:26.9308204Z,0
5.909089,102.1389631,Daerah: Kelantan<br>No:541<br>Hex coord:(149;21),n/a,0,0,0,0,0,0,1,2022-12-30T19:46:27.5999968Z,0
5.916869,102.1525098,Daerah: Kelantan<br>No:542<br>Hex coord:(150;21),n/a,0,0,0,0,0,0,1,2022-12-30T19:46:28.2858042Z,0
5.909089,102.1660565,Daerah: Kelantan<br>No:543<br>Hex coord:(151;21),n/a,0,0,0,0,0,0,1,2022-12-30T19:46:28.9691833Z,0
5.916869,102.1796032,Daerah: Kelantan<br>No:544<br>Hex coord:(152;21),n/a,0,0,0,0,0,0,1,2022-12-30T19:46:29.6408805Z,0
5.909089,102.1931499,Daerah: Kelantan<br>No:545<br>Hex coord:(153;21),n/a,0,0,0,0,0,0,1,2022-12-30T19:46:30.3454715Z,0
5.916869,102.2066966,Daerah: Kelantan<br>No:546<br>Hex coord:(154;21),n/a,0,0,0,0,0,0,1,2022-12-30T19:46:31.0328687Z,0
5.909089,102.2202433,Daerah: Kelantan<br>No:547<br>Hex coord:(155;21),n/a,0,0,0,0,0,0,1,2022-12-30T19:46:31.7248349Z,0
5.916869,102.23379,Daerah: Kelantan<br>No:548<br>Hex coord:(156;21),n/a,2,0,0,0,0,0,1,2022-12-30T19:46:32.4263787Z,0
5.909089,102.2473367,Daerah: Kelantan<br>No:549<br>Hex coord:(157;21),n/a,3,0,0,0,0,0,1,2022-12-30T19:46:33.1116405Z,0
5.916869,102.2608835,Daerah: Kelantan<br>No:550<br>Hex coord:(158;21),n/a,0,0,0,0,0,0,1,2022-12-30T19:46:33.8073771Z,0
5.909089,102.2744302,Daerah: Kelantan<br>No:551<br>Hex coord:(159;21),n/a,0,0,0,0,0,0,1,2022-12-30T19:46:34.4937765Z,0
5.916869,102.2879769,Daerah: Kelantan<br>No:552<br>Hex coord:(160;21),n/a,1,0,0,0,0,0,1,2022-12-30T19:46:35.1816931Z,0
5.909089,102.3015236,Daerah: Kelantan<br>No:553<br>Hex coord:(161;21),n/a,0,0,0,0,0,0,1,2022-12-30T19:46:35.8714284Z,0
5.916869,102.3150703,Daerah: Kelantan<br>No:554<br>Hex coord:(162;21),n/a,0,0,0,0,0,0,1,2022-12-30T19:46:36.5657637Z,0
5.909089,102.328617,Daerah: Kelantan<br>No:555<br>Hex coord:(163;21),n/a,0,0,0,0,0,0,1,2022-12-30T19:46:37.2420427Z,0
5.916869,102.3421637,Daerah: Kelantan<br>No:556<br>Hex coord:(164;21),n/a,0,0,0,0,0,0,1,2022-12-30T19:46:37.9351497Z,0
5.909089,102.3557104,Daerah: Kelantan<br>No:557<br>Hex coord:(165;21),n/a,0,0,0,0,0,0,1,2022-12-30T19:46:38.6176783Z,0
5.916869,102.3692571,Daerah: Kelantan<br>No:558<br>Hex coord:(166;21),n/a,0,0,0,0,0,0,1,2022-12-30T19:46:39.2952565Z,0
5.909089,102.3828038,Daerah: Kelantan<br>No:559<br>Hex coord:(167;21),n/a,0,0,0,0,0,0,1,2022-12-30T19:46:39.9675555Z,0
5.916869,102.3963505,Daerah: Kelantan<br>No:560<br>Hex coord:(168;21),n/a,0,0,0,0,0,0,1,2022-12-30T19:46:40.6500200Z,0
5.909089,102.4098972,Daerah: Kelantan<br>No:561<br>Hex coord:(169;21),n/a,0,0,0,0,0,0,1,2022-12-30T19:46:41.3163634Z,0
5.916869,102.4234439,Daerah: Kelantan<br>No:562<br>Hex coord:(170;21),n/a,0,0,0,0,0,0,1,2022-12-30T19:46:41.9928496Z,0
5.909089,102.4369906,Daerah: Kelantan<br>No:563<br>Hex coord:(171;21),n/a,0,0,0,0,0,0,1,2022-12-30T19:46:42.6758799Z,0
5.916869,102.4505373,Daerah: Kelantan<br>No:564<br>Hex coord:(172;21),n/a,0,0,0,0,0,0,1,2022-12-30T19:46:43.3518426Z,0
5.909089,102.464084,Daerah: Kelantan<br>No:565<br>Hex coord:(173;21),n/a,0,0,0,0,0,0,1,2022-12-30T19:46:44.0379312Z,0
5.901309,101.9357625,Daerah: Kelantan<br>No:566<br>Hex coord:(134;22),n/a,0,0,0,0,0,0,1,2022-12-30T19:46:44.9490842Z,0
5.893529,101.9493092,Daerah: Kelantan<br>No:567<br>Hex coord:(135;22),n/a,0,0,0,0,0,0,1,2022-12-30T19:46:45.6244715Z,0
5.901309,101.9628559,Daerah: Kelantan<br>No:568<br>Hex coord:(136;22),n/a,0,0,0,0,0,0,1,2022-12-30T19:46:46.3044595Z,0
5.893529,101.9764026,Daerah: Kelantan<br>No:569<br>Hex coord:(137;22),n/a,0,0,0,0,0,0,1,2022-12-30T19:46:46.9760751Z,0
5.901309,101.9899493,Daerah: Kelantan<br>No:570<br>Hex coord:(138;22),n/a,0,0,0,0,0,0,1,2022-12-30T19:46:47.6592417Z,0
5.893529,102.003496,Daerah: Kelantan<br>No:571<br>Hex coord:(139;22),n/a,0,0,0,0,0,0,1,2022-12-30T19:46:48.3454665Z,0
5.901309,102.0170428,Daerah: Kelantan<br>No:572<br>Hex coord:(140;22),n/a,0,0,0,0,0,0,1,2022-12-30T19:46:49.0139361Z,0
5.893529,102.0305895,Daerah: Kelantan<br>No:573<br>Hex coord:(141;22),n/a,0,0,0,0,0,0,1,2022-12-30T19:46:49.6941964Z,0
5.901309,102.0441362,Daerah: Kelantan<br>No:574<br>Hex coord:(142;22),n/a,0,0,0,0,0,0,1,2022-12-30T19:46:50.3777475Z,0
5.893529,102.0576829,Daerah: Kelantan<br>No:575<br>Hex coord:(143;22),n/a,0,0,0,0,0,0,1,2022-12-30T19:46:51.0491227Z,0
5.901309,102.0712296,Daerah: Kelantan<br>No:576<br>Hex coord:(144;22),n/a,0,0,0,0,0,0,1,2022-12-30T19:46:51.7401643Z,0
5.893529,102.0847763,Daerah: Kelantan<br>No:577<br>Hex coord:(145;22),n/a,0,0,0,0,0,0,1,2022-12-30T19:46:52.4205307Z,0
5.901309,102.098323,Daerah: Kelantan<br>No:578<br>Hex coord:(146;22),n/a,0,0,0,0,0,0,1,2022-12-30T19:46:53.0962311Z,0
5.893529,102.1118697,Daerah: Kelantan<br>No:579<br>Hex coord:(147;22),n/a,0,0,0,0,0,0,1,2022-12-30T19:46:53.7798439Z,0
5.901309,102.1254164,Daerah: Kelantan<br>No:580<br>Hex coord:(148;22),n/a,0,0,0,0,0,0,1,2022-12-30T19:46:54.4496365Z,0
5.893529,102.1389631,Daerah: Kelantan<br>No:581<br>Hex coord:(149;22),n/a,0,0,0,0,0,0,1,2022-12-30T19:46:55.1351315Z,0
5.901309,102.1525098,Daerah: Kelantan<br>No:582<br>Hex coord:(150;22),n/a,0,0,0,0,0,0,1,2022-12-30T19:46:55.8056013Z,0
5.893529,102.1660565,Daerah: Kelantan<br>No:583<br>Hex coord:(151;22),n/a,0,0,0,0,0,0,1,2022-12-30T19:46:56.5430127Z,0
5.901309,102.1796032,Daerah: Kelantan<br>No:584<br>Hex coord:(152;22),n/a,0,0,0,0,0,0,1,2022-12-30T19:46:57.2425544Z,0
5.893529,102.1931499,Daerah: Kelantan<br>No:585<br>Hex coord:(153;22),n/a,0,0,0,0,0,0,1,2022-12-30T19:46:57.9323732Z,0
5.901309,102.2066966,Daerah: Kelantan<br>No:586<br>Hex coord:(154;22),n/a,0,0,0,0,0,0,1,2022-12-30T19:46:58.6259302Z,0
5.893529,102.2202433,Daerah: Kelantan<br>No:587<br>Hex coord:(155;22),n/a,0,0,0,0,0,0,1,2022-12-30T19:46:59.3172001Z,0
5.901309,102.23379,Daerah: Kelantan<br>No:588<br>Hex coord:(156;22),n/a,0,0,0,0,0,0,1,2022-12-30T19:47:00.0106128Z,0
5.893529,102.2473367,Daerah: Kelantan<br>No:589<br>Hex coord:(157;22),n/a,0,0,0,0,0,0,1,2022-12-30T19:47:00.7146570Z,0
5.901309,102.2608835,Daerah: Kelantan<br>No:590<br>Hex coord:(158;22),n/a,0,0,0,0,0,0,1,2022-12-30T19:47:01.4105089Z,0
5.893529,102.2744302,Daerah: Kelantan<br>No:591<br>Hex coord:(159;22),n/a,0,0,0,0,0,0,1,2022-12-30T19:47:02.0980269Z,0
5.901309,102.2879769,Daerah: Kelantan<br>No:592<br>Hex coord:(160;22),n/a,0,0,0,0,0,0,1,2022-12-30T19:47:02.7959832Z,0
5.893529,102.3015236,Daerah: Kelantan<br>No:593<br>Hex coord:(161;22),n/a,0,0,0,0,0,0,1,2022-12-30T19:47:03.4862194Z,0
5.901309,102.3150703,Daerah: Kelantan<br>No:594<br>Hex coord:(162;22),n/a,0,0,0,0,0,0,1,2022-12-30T19:47:04.1726317Z,0
5.893529,102.328617,Daerah: Kelantan<br>No:595<br>Hex coord:(163;22),n/a,1,0,0,0,0,0,1,2022-12-30T19:47:04.8574330Z,0
5.901309,102.3421637,Daerah: Kelantan<br>No:596<br>Hex coord:(164;22),n/a,0,0,0,0,0,0,1,2022-12-30T19:47:05.5360044Z,0
5.893529,102.3557104,Daerah: Kelantan<br>No:597<br>Hex coord:(165;22),n/a,0,0,0,0,0,0,1,2022-12-30T19:47:06.2228711Z,0
5.901309,102.3692571,Daerah: Kelantan<br>No:598<br>Hex coord:(166;22),n/a,0,0,0,0,0,0,1,2022-12-30T19:47:06.9044044Z,0
5.893529,102.3828038,Daerah: Kelantan<br>No:599<br>Hex coord:(167;22),n/a,0,0,0,0,0,0,1,2022-12-30T19:47:07.5844683Z,0
5.901309,102.3963505,Daerah: Kelantan<br>No:600<br>Hex coord:(168;22),n/a,0,0,0,0,0,0,1,2022-12-30T19:47:08.2637857Z,0
5.893529,102.4098972,Daerah: Kelantan<br>No:601<br>Hex coord:(169;22),n/a,0,0,0,0,0,0,1,2022-12-30T19:47:08.9383561Z,0
5.901309,102.4234439,Daerah: Kelantan<br>No:602<br>Hex coord:(170;22),n/a,0,0,0,0,0,0,1,2022-12-30T19:47:09.6097406Z,0
5.893529,102.4369906,Daerah: Kelantan<br>No:603<br>Hex coord:(171;22),n/a,0,0,0,0,0,0,1,2022-12-30T19:47:10.2791251Z,0
5.901309,102.4505373,Daerah: Kelantan<br>No:604<br>Hex coord:(172;22),n/a,0,0,0,0,0,0,1,2022-12-30T19:47:10.9593129Z,0
5.893529,102.464084,Daerah: Kelantan<br>No:605<br>Hex coord:(173;22),n/a,0,0,0,0,0,0,1,2022-12-30T19:47:11.6406356Z,0
5.901309,102.4776307,Daerah: Kelantan<br>No:606<br>Hex coord:(174;22),n/a,1,0,0,0,0,0,1,2022-12-30T19:47:12.3141010Z,0
5.877969,101.9493092,Daerah: Kelantan<br>No:607<br>Hex coord:(135;23),n/a,0,0,0,0,0,0,1,2022-12-30T19:47:13.0003460Z,0
5.885749,101.9628559,Daerah: Kelantan<br>No:608<br>Hex coord:(136;23),n/a,0,0,0,0,0,0,1,2022-12-30T19:47:13.6783143Z,0
5.877969,101.9764026,Daerah: Kelantan<br>No:609<br>Hex coord:(137;23),n/a,0,0,0,0,0,0,1,2022-12-30T19:47:14.5815542Z,0
5.885749,101.9899493,Daerah: Kelantan<br>No:610<br>Hex coord:(138;23),n/a,0,0,0,0,0,0,1,2022-12-30T19:47:15.2608090Z,0
5.877969,102.003496,Daerah: Kelantan<br>No:611<br>Hex coord:(139;23),n/a,0,0,0,0,0,0,1,2022-12-30T19:47:15.9539586Z,0
5.885749,102.0170428,Daerah: Kelantan<br>No:612<br>Hex coord:(140;23),n/a,0,0,0,0,0,0,1,2022-12-30T19:47:16.6333281Z,0
5.877969,102.0305895,Daerah: Kelantan<br>No:613<br>Hex coord:(141;23),n/a,0,0,0,0,0,0,1,2022-12-30T19:47:17.3184499Z,0
5.885749,102.0441362,Daerah: Kelantan<br>No:614<br>Hex coord:(142;23),n/a,0,0,0,0,0,0,1,2022-12-30T19:47:17.9924106Z,0
5.877969,102.0576829,Daerah: Kelantan<br>No:615<br>Hex coord:(143;23),n/a,0,0,0,0,0,0,1,2022-12-30T19:47:18.6753542Z,0
5.885749,102.0712296,Daerah: Kelantan<br>No:616<br>Hex coord:(144;23),n/a,0,0,0,0,0,0,1,2022-12-30T19:47:19.3509958Z,0
5.877969,102.0847763,Daerah: Kelantan<br>No:617<br>Hex coord:(145;23),n/a,0,0,0,0,0,0,1,2022-12-30T19:47:20.0242841Z,0
5.885749,102.098323,Daerah: Kelantan<br>No:618<br>Hex coord:(146;23),n/a,0,0,0,0,0,0,1,2022-12-30T19:47:20.6962700Z,0
5.877969,102.1118697,Daerah: Kelantan<br>No:619<br>Hex coord:(147;23),n/a,0,0,0,0,0,0,1,2022-12-30T19:47:21.3789564Z,0
5.885749,102.1254164,Daerah: Kelantan<br>No:620<br>Hex coord:(148;23),n/a,0,0,0,0,0,0,1,2022-12-30T19:47:22.0568944Z,0
5.877969,102.1389631,Daerah: Kelantan<br>No:621<br>Hex coord:(149;23),n/a,0,0,0,0,0,0,1,2022-12-30T19:47:22.7288747Z,0
5.885749,102.1525098,Daerah: Kelantan<br>No:622<br>Hex coord:(150;23),n/a,0,0,0,0,0,0,1,2022-12-30T19:47:23.4140761Z,0
5.877969,102.1660565,Daerah: Kelantan<br>No:623<br>Hex coord:(151;23),n/a,0,0,0,0,0,0,1,2022-12-30T19:47:24.1371245Z,0
5.885749,102.1796032,Daerah: Kelantan<br>No:624<br>Hex coord:(152;23),n/a,0,0,0,0,0,0,1,2022-12-30T19:47:24.8121893Z,0
5.877969,102.1931499,Daerah: Kelantan<br>No:625<br>Hex coord:(153;23),n/a,0,0,0,0,0,0,1,2022-12-30T19:47:25.4989764Z,0
5.885749,102.2066966,Daerah: Kelantan<br>No:626<br>Hex coord:(154;23),n/a,0,0,0,0,0,0,1,2022-12-30T19:47:26.1868431Z,0
5.877969,102.2202433,Daerah: Kelantan<br>No:627<br>Hex coord:(155;23),n/a,0,0,0,0,0,0,1,2022-12-30T19:47:26.8814492Z,0
5.885749,102.23379,Daerah: Kelantan<br>No:628<br>Hex coord:(156;23),n/a,0,0,0,0,0,0,1,2022-12-30T19:47:27.5678431Z,0
5.877969,102.2473367,Daerah: Kelantan<br>No:629<br>Hex coord:(157;23),n/a,0,0,0,0,0,0,1,2022-12-30T19:47:28.2543075Z,0
5.885749,102.2608835,Daerah: Kelantan<br>No:630<br>Hex coord:(158;23),n/a,0,0,0,0,0,0,1,2022-12-30T19:47:28.9404171Z,0
5.877969,102.2744302,Daerah: Kelantan<br>No:631<br>Hex coord:(159;23),n/a,0,0,0,0,0,0,1,2022-12-30T19:47:29.6220571Z,0
5.885749,102.2879769,Daerah: Kelantan<br>No:632<br>Hex coord:(160;23),n/a,0,0,0,0,0,0,1,2022-12-30T19:47:30.2998341Z,0
5.877969,102.3015236,Daerah: Kelantan<br>No:633<br>Hex coord:(161;23),n/a,0,0,0,0,0,0,1,2022-12-30T19:47:30.9814088Z,0
5.885749,102.3150703,Daerah: Kelantan<br>No:634<br>Hex coord:(162;23),n/a,0,0,0,0,0,0,1,2022-12-30T19:47:31.6673515Z,0
5.877969,102.328617,Daerah: Kelantan<br>No:635<br>Hex coord:(163;23),n/a,0,0,0,0,0,0,1,2022-12-30T19:47:32.3543082Z,0
5.885749,102.3421637,Daerah: Kelantan<br>No:636<br>Hex coord:(164;23),n/a,0,0,0,0,0,0,1,2022-12-30T19:47:33.0335390Z,0
5.877969,102.3557104,Daerah: Kelantan<br>No:637<br>Hex coord:(165;23),n/a,0,0,0,0,0,0,1,2022-12-30T19:47:33.7112089Z,0
5.885749,102.3692571,Daerah: Kelantan<br>No:638<br>Hex coord:(166;23),n/a,0,0,0,0,0,0,1,2022-12-30T19:47:34.3868183Z,0
5.877969,102.3828038,Daerah: Kelantan<br>No:639<br>Hex coord:(167;23),n/a,0,0,0,0,0,0,1,2022-12-30T19:47:35.0769105Z,0
5.885749,102.3963505,Daerah: Kelantan<br>No:640<br>Hex coord:(168;23),n/a,1,0,0,0,0,0,1,2022-12-30T19:47:35.7852737Z,0
5.877969,102.4098972,Daerah: Kelantan<br>No:641<br>Hex coord:(169;23),n/a,0,0,0,0,0,0,1,2022-12-30T19:47:36.4720763Z,0
5.885749,102.4234439,Daerah: Kelantan<br>No:642<br>Hex coord:(170;23),n/a,0,0,0,0,0,0,1,2022-12-30T19:47:37.1577092Z,0
5.877969,102.4369906,Daerah: Kelantan<br>No:643<br>Hex coord:(171;23),n/a,0,0,0,0,0,0,1,2022-12-30T19:47:37.8326123Z,0
5.885749,102.4505373,Daerah: Kelantan<br>No:644<br>Hex coord:(172;23),n/a,0,0,0,0,0,0,1,2022-12-30T19:47:38.5217193Z,0
5.877969,102.464084,Daerah: Kelantan<br>No:645<br>Hex coord:(173;23),n/a,0,0,0,0,0,0,1,2022-12-30T19:47:39.2013383Z,0
5.885749,102.4776307,Daerah: Kelantan<br>No:646<br>Hex coord:(174;23),n/a,0,0,0,0,0,0,1,2022-12-30T19:47:39.8786666Z,0
5.877969,102.4911774,Daerah: Kelantan<br>No:647<br>Hex coord:(175;23),n/a,0,0,0,0,0,0,1,2022-12-30T19:47:40.5627865Z,0
5.862409,101.9493092,Daerah: Kelantan<br>No:648<br>Hex coord:(135;24),n/a,0,0,0,0,0,0,1,2022-12-30T19:47:41.2367831Z,0
5.870189,101.9628559,Daerah: Kelantan<br>No:649<br>Hex coord:(136;24),n/a,0,0,0,0,0,0,1,2022-12-30T19:47:41.9125403Z,0
5.862409,101.9764026,Daerah: Kelantan<br>No:650<br>Hex coord:(137;24),n/a,0,0,0,0,0,0,1,2022-12-30T19:47:42.6374441Z,0
5.870189,101.9899493,Daerah: Kelantan<br>No:651<br>Hex coord:(138;24),n/a,0,0,0,0,0,0,1,2022-12-30T19:47:43.3126313Z,0
5.862409,102.003496,Daerah: Kelantan<br>No:652<br>Hex coord:(139;24),n/a,0,0,0,0,0,0,1,2022-12-30T19:47:44.0009129Z,0
5.870189,102.0170428,Daerah: Kelantan<br>No:653<br>Hex coord:(140;24),n/a,0,0,0,0,0,0,1,2022-12-30T19:47:44.6814530Z,0
5.862409,102.0305895,Daerah: Kelantan<br>No:654<br>Hex coord:(141;24),n/a,0,0,0,0,0,0,1,2022-12-30T19:47:45.3753992Z,0
5.870189,102.0441362,Daerah: Kelantan<br>No:655<br>Hex coord:(142;24),n/a,0,0,0,0,0,0,1,2022-12-30T19:47:46.0553336Z,0
5.862409,102.0576829,Daerah: Kelantan<br>No:656<br>Hex coord:(143;24),n/a,0,0,0,0,0,0,1,2022-12-30T19:47:46.7289292Z,0
5.870189,102.0712296,Daerah: Kelantan<br>No:657<br>Hex coord:(144;24),n/a,0,0,0,0,0,0,1,2022-12-30T19:47:47.4065858Z,0
5.862409,102.0847763,Daerah: Kelantan<br>No:658<br>Hex coord:(145;24),n/a,0,0,0,0,0,0,1,2022-12-30T19:47:48.0811436Z,0
5.870189,102.098323,Daerah: Kelantan<br>No:659<br>Hex coord:(146;24),n/a,0,0,0,0,0,0,1,2022-12-30T19:47:48.7697288Z,0
5.862409,102.1118697,Daerah: Kelantan<br>No:660<br>Hex coord:(147;24),n/a,0,0,0,0,0,0,1,2022-12-30T19:47:49.4488563Z,0
5.870189,102.1254164,Daerah: Kelantan<br>No:661<br>Hex coord:(148;24),n/a,0,0,0,0,0,0,1,2022-12-30T19:47:50.1244225Z,0
5.862409,102.1389631,Daerah: Kelantan<br>No:662<br>Hex coord:(149;24),n/a,0,0,0,0,0,0,1,2022-12-30T19:47:50.8080732Z,0
5.870189,102.1525098,Daerah: Kelantan<br>No:663<br>Hex coord:(150;24),n/a,0,0,0,0,0,0,1,2022-12-30T19:47:51.4944852Z,0
5.862409,102.1660565,Daerah: Kelantan<br>No:664<br>Hex coord:(151;24),n/a,1,0,0,0,0,0,1,2022-12-30T19:47:52.1822881Z,0
5.870189,102.1796032,Daerah: Kelantan<br>No:665<br>Hex coord:(152;24),n/a,0,0,0,0,0,0,1,2022-12-30T19:47:52.8711236Z,0
5.862409,102.1931499,Daerah: Kelantan<br>No:666<br>Hex coord:(153;24),n/a,0,0,0,0,0,0,1,2022-12-30T19:47:53.5644654Z,0
5.870189,102.2066966,Daerah: Kelantan<br>No:667<br>Hex coord:(154;24),n/a,0,0,0,0,0,0,1,2022-12-30T19:47:54.2458748Z,0
5.862409,102.2202433,Daerah: Kelantan<br>No:668<br>Hex coord:(155;24),n/a,1,0,0,0,0,0,1,2022-12-30T19:47:54.9335537Z,0
5.870189,102.23379,Daerah: Kelantan<br>No:669<br>Hex coord:(156;24),n/a,2,0,0,0,0,0,1,2022-12-30T19:47:55.6197743Z,0
5.862409,102.2473367,Daerah: Kelantan<br>No:670<br>Hex coord:(157;24),n/a,0,0,0,0,0,0,1,2022-12-30T19:47:56.3216666Z,0
5.870189,102.2608835,Daerah: Kelantan<br>No:671<br>Hex coord:(158;24),n/a,0,0,0,0,0,0,1,2022-12-30T19:47:57.0029341Z,0
5.862409,102.2744302,Daerah: Kelantan<br>No:672<br>Hex coord:(159;24),n/a,0,0,0,0,0,0,1,2022-12-30T19:47:57.6893373Z,0
5.870189,102.2879769,Daerah: Kelantan<br>No:673<br>Hex coord:(160;24),n/a,0,0,0,0,0,0,1,2022-12-30T19:47:58.3742837Z,0
5.862409,102.3015236,Daerah: Kelantan<br>No:674<br>Hex coord:(161;24),n/a,0,0,0,0,0,0,1,2022-12-30T19:47:59.0466009Z,0
5.870189,102.3150703,Daerah: Kelantan<br>No:675<br>Hex coord:(162;24),n/a,0,0,0,0,0,0,1,2022-12-30T19:47:59.7173345Z,0
5.862409,102.328617,Daerah: Kelantan<br>No:676<br>Hex coord:(163;24),n/a,0,0,0,0,0,0,1,2022-12-30T19:48:00.3856493Z,0
5.870189,102.3421637,Daerah: Kelantan<br>No:677<br>Hex coord:(164;24),n/a,0,0,0,0,0,0,1,2022-12-30T19:48:01.0743382Z,0
5.862409,102.3557104,Daerah: Kelantan<br>No:678<br>Hex coord:(165;24),n/a,0,0,0,0,0,0,1,2022-12-30T19:48:01.7738155Z,0
5.870189,102.3692571,Daerah: Kelantan<br>No:679<br>Hex coord:(166;24),n/a,0,0,0,0,0,0,1,2022-12-30T19:48:02.4482699Z,0
5.862409,102.3828038,Daerah: Kelantan<br>No:680<br>Hex coord:(167;24),n/a,1,0,0,0,0,0,1,2022-12-30T19:48:03.1392255Z,0
5.870189,102.3963505,Daerah: Kelantan<br>No:681<br>Hex coord:(168;24),n/a,0,0,0,0,0,0,1,2022-12-30T19:48:03.8223892Z,0
5.862409,102.4098972,Daerah: Kelantan<br>No:682<br>Hex coord:(169;24),n/a,0,0,0,0,0,0,1,2022-12-30T19:48:04.4948973Z,0
5.870189,102.4234439,Daerah: Kelantan<br>No:683<br>Hex coord:(170;24),n/a,1,0,0,0,0,0,1,2022-12-30T19:48:05.1960242Z,0
5.862409,102.4369906,Daerah: Kelantan<br>No:684<br>Hex coord:(171;24),n/a,0,0,0,0,0,0,1,2022-12-30T19:48:05.8750589Z,0
5.870189,102.4505373,Daerah: Kelantan<br>No:685<br>Hex coord:(172;24),n/a,0,0,0,0,0,0,1,2022-12-30T19:48:06.5542406Z,0
5.862409,102.464084,Daerah: Kelantan<br>No:686<br>Hex coord:(173;24),n/a,0,0,0,0,0,0,1,2022-12-30T19:48:07.2416760Z,0
5.870189,102.4776307,Daerah: Kelantan<br>No:687<br>Hex coord:(174;24),n/a,0,0,0,0,0,0,1,2022-12-30T19:48:07.9294877Z,0
5.862409,102.4911774,Daerah: Kelantan<br>No:688<br>Hex coord:(175;24),n/a,0,0,0,0,0,0,1,2022-12-30T19:48:08.6167380Z,0
5.870189,102.5047241,Daerah: Kelantan<br>No:689<br>Hex coord:(176;24),n/a,0,0,0,0,0,0,1,2022-12-30T19:48:09.2936052Z,0
5.846849,101.9222158,Daerah: Kelantan<br>No:690<br>Hex coord:(133;25),n/a,0,0,0,0,0,0,1,2022-12-30T19:48:09.9768675Z,0
5.854629,101.9357625,Daerah: Kelantan<br>No:691<br>Hex coord:(134;25),n/a,0,0,0,0,0,0,1,2022-12-30T19:48:10.6470436Z,0
5.846849,101.9493092,Daerah: Kelantan<br>No:692<br>Hex coord:(135;25),n/a,0,0,0,0,0,0,1,2022-12-30T19:48:11.3233582Z,0
5.854629,101.9628559,Daerah: Kelantan<br>No:693<br>Hex coord:(136;25),n/a,0,0,0,0,0,0,1,2022-12-30T19:48:11.9994402Z,0
5.846849,101.9764026,Daerah: Kelantan<br>No:694<br>Hex coord:(137;25),n/a,0,0,0,0,0,0,1,2022-12-30T19:48:12.6713577Z,0
5.854629,101.9899493,Daerah: Kelantan<br>No:695<br>Hex coord:(138;25),n/a,0,0,0,0,0,0,1,2022-12-30T19:48:13.3517392Z,0
5.846849,102.003496,Daerah: Kelantan<br>No:696<br>Hex coord:(139;25),n/a,0,0,0,0,0,0,1,2022-12-30T19:48:14.0298340Z,0
5.854629,102.0170428,Daerah: Kelantan<br>No:697<br>Hex coord:(140;25),n/a,0,0,0,0,0,0,1,2022-12-30T19:48:14.7136496Z,0
5.846849,102.0305895,Daerah: Kelantan<br>No:698<br>Hex coord:(141;25),n/a,0,0,0,0,0,0,1,2022-12-30T19:48:15.3930277Z,0
5.854629,102.0441362,Daerah: Kelantan<br>No:699<br>Hex coord:(142;25),n/a,0,0,0,0,0,0,1,2022-12-30T19:48:16.0638495Z,0
5.846849,102.0576829,Daerah: Kelantan<br>No:700<br>Hex coord:(143;25),n/a,0,0,0,0,0,0,1,2022-12-30T19:48:16.7311405Z,0
5.854629,102.0712296,Daerah: Kelantan<br>No:701<br>Hex coord:(144;25),n/a,0,0,0,0,0,0,1,2022-12-30T19:48:17.4160810Z,0
5.846849,102.0847763,Daerah: Kelantan<br>No:702<br>Hex coord:(145;25),n/a,0,0,0,0,0,0,1,2022-12-30T19:48:18.0941600Z,0
5.854629,102.098323,Daerah: Kelantan<br>No:703<br>Hex coord:(146;25),n/a,0,0,0,0,0,0,1,2022-12-30T19:48:18.7755627Z,0
5.846849,102.1118697,Daerah: Kelantan<br>No:704<br>Hex coord:(147;25),n/a,0,0,0,0,0,0,1,2022-12-30T19:48:19.4679993Z,0
5.854629,102.1254164,Daerah: Kelantan<br>No:705<br>Hex coord:(148;25),n/a,0,0,0,0,0,0,1,2022-12-30T19:48:20.1469545Z,0
5.846849,102.1389631,Daerah: Kelantan<br>No:706<br>Hex coord:(149;25),n/a,0,0,0,0,0,0,1,2022-12-30T19:48:20.8345806Z,0
5.854629,102.1525098,Daerah: Kelantan<br>No:707<br>Hex coord:(150;25),n/a,0,0,0,0,0,0,1,2022-12-30T19:48:21.5209025Z,0
5.846849,102.1660565,Daerah: Kelantan<br>No:708<br>Hex coord:(151;25),n/a,0,0,0,0,0,0,1,2022-12-30T19:48:22.2053339Z,0
5.854629,102.1796032,Daerah: Kelantan<br>No:709<br>Hex coord:(152;25),n/a,0,0,0,0,0,0,1,2022-12-30T19:48:22.8958707Z,0
5.846849,102.1931499,Daerah: Kelantan<br>No:710<br>Hex coord:(153;25),n/a,0,0,0,0,0,0,1,2022-12-30T19:48:23.5805831Z,0
5.854629,102.2066966,Daerah: Kelantan<br>No:711<br>Hex coord:(154;25),n/a,0,0,0,0,0,0,1,2022-12-30T19:48:24.2699424Z,0
5.846849,102.2202433,Daerah: Kelantan<br>No:712<br>Hex coord:(155;25),n/a,0,0,0,0,0,0,1,2022-12-30T19:48:24.9523771Z,0
5.854629,102.23379,Daerah: Kelantan<br>No:713<br>Hex coord:(156;25),n/a,0,0,0,0,0,0,1,2022-12-30T19:48:25.6435960Z,0
5.846849,102.2473367,Daerah: Kelantan<br>No:714<br>Hex coord:(157;25),n/a,0,0,0,0,0,0,1,2022-12-30T19:48:26.3192675Z,0
5.854629,102.2608835,Daerah: Kelantan<br>No:715<br>Hex coord:(158;25),n/a,0,0,0,0,0,0,1,2022-12-30T19:48:26.9994014Z,0
5.846849,102.2744302,Daerah: Kelantan<br>No:716<br>Hex coord:(159;25),n/a,0,0,0,0,0,0,1,2022-12-30T19:48:27.6686213Z,0
5.854629,102.2879769,Daerah: Kelantan<br>No:717<br>Hex coord:(160;25),n/a,0,0,0,0,0,0,1,2022-12-30T19:48:28.3388863Z,0
5.846849,102.3015236,Daerah: Kelantan<br>No:718<br>Hex coord:(161;25),n/a,0,0,0,0,0,0,1,2022-12-30T19:48:29.0238564Z,0
5.854629,102.3150703,Daerah: Kelantan<br>No:719<br>Hex coord:(162;25),n/a,0,0,0,0,0,0,1,2022-12-30T19:48:29.7021361Z,0
5.846849,102.328617,Daerah: Kelantan<br>No:720<br>Hex coord:(163;25),n/a,0,0,0,0,0,0,1,2022-12-30T19:48:30.3857351Z,0
5.854629,102.3421637,Daerah: Kelantan<br>No:721<br>Hex coord:(164;25),n/a,0,0,0,0,0,0,1,2022-12-30T19:48:31.0791243Z,0
5.846849,102.3557104,Daerah: Kelantan<br>No:722<br>Hex coord:(165;25),n/a,0,0,0,0,0,0,1,2022-12-30T19:48:31.8073794Z,0
5.854629,102.3692571,Daerah: Kelantan<br>No:723<br>Hex coord:(166;25),n/a,0,0,0,0,0,0,1,2022-12-30T19:48:32.5065363Z,0
5.846849,102.3828038,Daerah: Kelantan<br>No:724<br>Hex coord:(167;25),n/a,0,0,0,0,0,0,1,2022-12-30T19:48:33.1926698Z,0
5.854629,102.3963505,Daerah: Kelantan<br>No:725<br>Hex coord:(168;25),n/a,1,0,0,0,0,0,1,2022-12-30T19:48:33.8779611Z,0
5.846849,102.4098972,Daerah: Kelantan<br>No:726<br>Hex coord:(169;25),n/a,0,0,0,0,0,0,1,2022-12-30T19:48:34.5515704Z,0
5.854629,102.4234439,Daerah: Kelantan<br>No:727<br>Hex coord:(170;25),n/a,0,0,0,0,0,0,1,2022-12-30T19:48:35.2397690Z,0
5.846849,102.4369906,Daerah: Kelantan<br>No:728<br>Hex coord:(171;25),n/a,0,0,0,0,0,0,1,2022-12-30T19:48:35.9298532Z,0
5.854629,102.4505373,Daerah: Kelantan<br>No:729<br>Hex coord:(172;25),n/a,0,0,0,0,0,0,1,2022-12-30T19:48:36.7484843Z,0
5.846849,102.464084,Daerah: Kelantan<br>No:730<br>Hex coord:(173;25),n/a,0,0,0,0,0,0,1,2022-12-30T19:48:37.4300053Z,0
5.854629,102.4776307,Daerah: Kelantan<br>No:731<br>Hex coord:(174;25),n/a,0,0,0,0,0,0,1,2022-12-30T19:48:38.1203889Z,0
5.846849,102.4911774,Daerah: Kelantan<br>No:732<br>Hex coord:(175;25),n/a,0,0,0,0,0,0,1,2022-12-30T19:48:38.8120345Z,0
5.854629,102.5047241,Daerah: Kelantan<br>No:733<br>Hex coord:(176;25),n/a,0,0,0,0,0,0,1,2022-12-30T19:48:39.5078822Z,0
5.846849,102.5182709,Daerah: Kelantan<br>No:734<br>Hex coord:(177;25),n/a,1,0,0,0,0,0,1,2022-12-30T19:48:40.1886584Z,0
5.831289,101.8951224,Daerah: Kelantan<br>No:735<br>Hex coord:(131;26),n/a,0,0,0,0,0,0,1,2022-12-30T19:48:40.9425030Z,0
5.839069,101.9086691,Daerah: Kelantan<br>No:736<br>Hex coord:(132;26),n/a,1,0,0,0,0,0,1,2022-12-30T19:48:41.6205785Z,0
5.831289,101.9222158,Daerah: Kelantan<br>No:737<br>Hex coord:(133;26),n/a,0,0,0,0,0,0,1,2022-12-30T19:48:42.3164452Z,0
5.839069,101.9357625,Daerah: Kelantan<br>No:738<br>Hex coord:(134;26),n/a,0,0,0,0,0,0,1,2022-12-30T19:48:42.9894914Z,0
5.831289,101.9493092,Daerah: Kelantan<br>No:739<br>Hex coord:(135;26),n/a,0,0,0,0,0,0,1,2022-12-30T19:48:43.6646182Z,0
5.839069,101.9628559,Daerah: Kelantan<br>No:740<br>Hex coord:(136;26),n/a,0,0,0,0,0,0,1,2022-12-30T19:48:46.6926297Z,0
5.831289,101.9764026,Daerah: Kelantan<br>No:741<br>Hex coord:(137;26),n/a,0,0,0,0,0,0,1,2022-12-30T19:48:47.3824907Z,0
5.839069,101.9899493,Daerah: Kelantan<br>No:742<br>Hex coord:(138;26),n/a,0,0,0,0,0,0,1,2022-12-30T19:48:48.0628681Z,0
5.831289,102.003496,Daerah: Kelantan<br>No:743<br>Hex coord:(139;26),n/a,0,0,0,0,0,0,1,2022-12-30T19:48:48.7360658Z,0
5.839069,102.0170428,Daerah: Kelantan<br>No:744<br>Hex coord:(140;26),n/a,0,0,0,0,0,0,1,2022-12-30T19:48:49.4212912Z,0
5.831289,102.0305895,Daerah: Kelantan<br>No:745<br>Hex coord:(141;26),n/a,0,0,0,0,0,0,1,2022-12-30T19:48:50.0923844Z,0
5.839069,102.0441362,Daerah: Kelantan<br>No:746<br>Hex coord:(142;26),n/a,0,0,0,0,0,0,1,2022-12-30T19:48:50.7783620Z,0
5.831289,102.0576829,Daerah: Kelantan<br>No:747<br>Hex coord:(143;26),n/a,0,0,0,0,0,0,1,2022-12-30T19:48:51.4624145Z,0
5.839069,102.0712296,Daerah: Kelantan<br>No:748<br>Hex coord:(144;26),n/a,0,0,0,0,0,0,1,2022-12-30T19:48:52.1380238Z,0
5.831289,102.0847763,Daerah: Kelantan<br>No:749<br>Hex coord:(145;26),n/a,0,0,0,0,0,0,1,2022-12-30T19:48:52.8286361Z,0
5.839069,102.098323,Daerah: Kelantan<br>No:750<br>Hex coord:(146;26),n/a,0,0,0,0,0,0,1,2022-12-30T19:48:53.5109216Z,0
5.831289,102.1118697,Daerah: Kelantan<br>No:751<br>Hex coord:(147;26),n/a,0,0,0,0,0,0,1,2022-12-30T19:48:54.2019600Z,0
5.839069,102.1254164,Daerah: Kelantan<br>No:752<br>Hex coord:(148;26),n/a,0,0,0,0,0,0,1,2022-12-30T19:48:54.8964677Z,0
5.831289,102.1389631,Daerah: Kelantan<br>No:753<br>Hex coord:(149;26),n/a,0,0,0,0,0,0,1,2022-12-30T19:48:55.5864141Z,0
5.839069,102.1525098,Daerah: Kelantan<br>No:754<br>Hex coord:(150;26),n/a,0,0,0,0,0,0,1,2022-12-30T19:48:56.2715446Z,0
5.831289,102.1660565,Daerah: Kelantan<br>No:755<br>Hex coord:(151;26),n/a,0,0,0,0,0,0,1,2022-12-30T19:48:56.9611684Z,0
5.839069,102.1796032,Daerah: Kelantan<br>No:756<br>Hex coord:(152;26),n/a,0,0,0,0,0,0,1,2022-12-30T19:48:57.6523254Z,0
5.831289,102.1931499,Daerah: Kelantan<br>No:757<br>Hex coord:(153;26),n/a,0,0,0,0,0,0,1,2022-12-30T19:48:58.3311280Z,0
5.839069,102.2066966,Daerah: Kelantan<br>No:758<br>Hex coord:(154;26),n/a,0,0,0,0,0,0,1,2022-12-30T19:48:59.0189422Z,0
5.831289,102.2202433,Daerah: Kelantan<br>No:759<br>Hex coord:(155;26),n/a,0,0,0,0,0,0,1,2022-12-30T19:48:59.7076200Z,0
5.839069,102.23379,Daerah: Kelantan<br>No:760<br>Hex coord:(156;26),n/a,1,0,0,0,0,0,1,2022-12-30T19:49:00.3879972Z,0
5.831289,102.2473367,Daerah: Kelantan<br>No:761<br>Hex coord:(157;26),n/a,1,0,0,0,0,0,1,2022-12-30T19:49:01.0874214Z,0
5.839069,102.2608835,Daerah: Kelantan<br>No:762<br>Hex coord:(158;26),n/a,0,0,0,0,0,0,1,2022-12-30T19:49:01.7594209Z,0
5.831289,102.2744302,Daerah: Kelantan<br>No:763<br>Hex coord:(159;26),n/a,0,0,0,0,0,0,1,2022-12-30T19:49:02.4376071Z,0
5.839069,102.2879769,Daerah: Kelantan<br>No:764<br>Hex coord:(160;26),n/a,0,0,0,0,0,0,1,2022-12-30T19:49:03.1119826Z,0
5.831289,102.3015236,Daerah: Kelantan<br>No:765<br>Hex coord:(161;26),n/a,0,0,0,0,0,0,1,2022-12-30T19:49:03.7779589Z,0
5.839069,102.3150703,Daerah: Kelantan<br>No:766<br>Hex coord:(162;26),n/a,0,0,0,0,0,0,1,2022-12-30T19:49:04.4916856Z,0
5.831289,102.328617,Daerah: Kelantan<br>No:767<br>Hex coord:(163;26),n/a,0,0,0,0,0,0,1,2022-12-30T19:49:05.2354123Z,0
5.839069,102.3421637,Daerah: Kelantan<br>No:768<br>Hex coord:(164;26),n/a,0,0,0,0,0,0,1,2022-12-30T19:49:05.9217663Z,0
5.831289,102.3557104,Daerah: Kelantan<br>No:769<br>Hex coord:(165;26),n/a,0,0,0,0,0,0,1,2022-12-30T19:49:06.6065744Z,0
5.839069,102.3692571,Daerah: Kelantan<br>No:770<br>Hex coord:(166;26),n/a,0,0,0,0,0,0,1,2022-12-30T19:49:07.2852017Z,0
5.831289,102.3828038,Daerah: Kelantan<br>No:771<br>Hex coord:(167;26),n/a,0,0,0,0,0,0,1,2022-12-30T19:49:07.9804860Z,0
5.839069,102.3963505,Daerah: Kelantan<br>No:772<br>Hex coord:(168;26),n/a,1,0,0,0,0,0,1,2022-12-30T19:49:08.6740196Z,0
5.831289,102.4098972,Daerah: Kelantan<br>No:773<br>Hex coord:(169;26),n/a,0,0,0,0,0,0,1,2022-12-30T19:49:09.3602453Z,0
5.839069,102.4234439,Daerah: Kelantan<br>No:774<br>Hex coord:(170;26),n/a,0,0,0,0,0,0,1,2022-12-30T19:49:10.0415598Z,0
5.831289,102.4369906,Daerah: Kelantan<br>No:775<br>Hex coord:(171;26),n/a,0,0,0,0,0,0,1,2022-12-30T19:49:10.7173953Z,0
5.839069,102.4505373,Daerah: Kelantan<br>No:776<br>Hex coord:(172;26),n/a,0,0,0,0,0,0,1,2022-12-30T19:49:11.4035025Z,0
5.831289,102.464084,Daerah: Kelantan<br>No:777<br>Hex coord:(173;26),n/a,0,0,0,0,0,0,1,2022-12-30T19:49:12.0752841Z,0
5.839069,102.4776307,Daerah: Kelantan<br>No:778<br>Hex coord:(174;26),n/a,0,0,0,0,0,0,1,2022-12-30T19:49:12.7572701Z,0
5.831289,102.4911774,Daerah: Kelantan<br>No:779<br>Hex coord:(175;26),n/a,0,0,0,0,0,0,1,2022-12-30T19:49:13.4406711Z,0
5.839069,102.5047241,Daerah: Kelantan<br>No:780<br>Hex coord:(176;26),n/a,0,0,0,0,0,0,1,2022-12-30T19:49:14.1143007Z,0
5.831289,102.5182709,Daerah: Kelantan<br>No:781<br>Hex coord:(177;26),n/a,0,0,0,0,0,0,1,2022-12-30T19:49:14.7971197Z,0
5.823509,101.8815757,Daerah: Kelantan<br>No:782<br>Hex coord:(130;27),n/a,0,0,0,0,0,0,1,2022-12-30T19:49:15.4833548Z,0
5.815729,101.8951224,Daerah: Kelantan<br>No:783<br>Hex coord:(131;27),n/a,0,0,0,0,0,0,1,2022-12-30T19:49:16.1576415Z,0
5.823509,101.9086691,Daerah: Kelantan<br>No:784<br>Hex coord:(132;27),n/a,0,0,0,0,0,0,1,2022-12-30T19:49:16.8644173Z,0
5.815729,101.9222158,Daerah: Kelantan<br>No:785<br>Hex coord:(133;27),n/a,0,0,0,0,0,0,1,2022-12-30T19:49:17.5458771Z,0
5.823509,101.9357625,Daerah: Kelantan<br>No:786<br>Hex coord:(134;27),n/a,0,0,0,0,0,0,1,2022-12-30T19:49:18.2273718Z,0
5.815729,101.9493092,Daerah: Kelantan<br>No:787<br>Hex coord:(135;27),n/a,0,0,0,0,0,0,1,2022-12-30T19:49:18.9055023Z,0
5.823509,101.9628559,Daerah: Kelantan<br>No:788<br>Hex coord:(136;27),n/a,0,0,0,0,0,0,1,2022-12-30T19:49:19.5766644Z,0
5.815729,101.9764026,Daerah: Kelantan<br>No:789<br>Hex coord:(137;27),n/a,0,0,0,0,0,0,1,2022-12-30T19:49:20.2526366Z,0
5.823509,101.9899493,Daerah: Kelantan<br>No:790<br>Hex coord:(138;27),n/a,0,0,0,0,0,0,1,2022-12-30T19:49:20.9387471Z,0
5.815729,102.003496,Daerah: Kelantan<br>No:791<br>Hex coord:(139;27),n/a,0,0,0,0,0,0,1,2022-12-30T19:49:21.6458149Z,0
5.823509,102.0170428,Daerah: Kelantan<br>No:792<br>Hex coord:(140;27),n/a,0,0,0,0,0,0,1,2022-12-30T19:49:22.3860463Z,0
5.815729,102.0305895,Daerah: Kelantan<br>No:793<br>Hex coord:(141;27),n/a,0,0,0,0,0,0,1,2022-12-30T19:49:23.1294252Z,0
5.823509,102.0441362,Daerah: Kelantan<br>No:794<br>Hex coord:(142;27),n/a,0,0,0,0,0,0,1,2022-12-30T19:49:23.8059628Z,0
5.815729,102.0576829,Daerah: Kelantan<br>No:795<br>Hex coord:(143;27),n/a,0,0,0,0,0,0,1,2022-12-30T19:49:24.4853087Z,0
5.823509,102.0712296,Daerah: Kelantan<br>No:796<br>Hex coord:(144;27),n/a,0,0,0,0,0,0,1,2022-12-30T19:49:25.1628883Z,0
5.815729,102.0847763,Daerah: Kelantan<br>No:797<br>Hex coord:(145;27),n/a,0,0,0,0,0,0,1,2022-12-30T19:49:25.8317626Z,0
5.823509,102.098323,Daerah: Kelantan<br>No:798<br>Hex coord:(146;27),n/a,0,0,0,0,0,0,1,2022-12-30T19:49:26.5216264Z,0
5.815729,102.1118697,Daerah: Kelantan<br>No:799<br>Hex coord:(147;27),n/a,2,0,0,0,0,0,1,2022-12-30T19:49:27.2136059Z,0
5.823509,102.1254164,Daerah: Kelantan<br>No:800<br>Hex coord:(148;27),n/a,1,0,0,0,0,0,1,2022-12-30T19:49:27.8978157Z,0
5.815729,102.1389631,Daerah: Kelantan<br>No:801<br>Hex coord:(149;27),n/a,1,0,0,0,0,0,1,2022-12-30T19:49:28.5859312Z,0
5.823509,102.1525098,Daerah: Kelantan<br>No:802<br>Hex coord:(150;27),n/a,0,0,0,0,0,0,1,2022-12-30T19:49:29.2787054Z,0
5.815729,102.1660565,Daerah: Kelantan<br>No:803<br>Hex coord:(151;27),n/a,0,0,0,0,0,0,1,2022-12-30T19:49:29.9667800Z,0
5.823509,102.1796032,Daerah: Kelantan<br>No:804<br>Hex coord:(152;27),n/a,0,0,0,0,0,0,1,2022-12-30T19:49:30.6631584Z,0
5.815729,102.1931499,Daerah: Kelantan<br>No:805<br>Hex coord:(153;27),n/a,0,0,0,0,0,0,1,2022-12-30T19:49:31.3495696Z,0
5.823509,102.2066966,Daerah: Kelantan<br>No:806<br>Hex coord:(154;27),n/a,0,0,0,0,0,0,1,2022-12-30T19:49:32.0337003Z,0
5.815729,102.2202433,Daerah: Kelantan<br>No:807<br>Hex coord:(155;27),n/a,0,0,0,0,0,0,1,2022-12-30T19:49:32.7126192Z,0
5.823509,102.23379,Daerah: Kelantan<br>No:808<br>Hex coord:(156;27),n/a,0,0,0,0,0,0,1,2022-12-30T19:49:33.4037342Z,0
5.815729,102.2473367,Daerah: Kelantan<br>No:809<br>Hex coord:(157;27),n/a,0,0,0,0,0,0,1,2022-12-30T19:49:34.0825350Z,0
5.823509,102.2608835,Daerah: Kelantan<br>No:810<br>Hex coord:(158;27),n/a,0,0,0,0,0,0,1,2022-12-30T19:49:34.7643285Z,0
5.815729,102.2744302,Daerah: Kelantan<br>No:811<br>Hex coord:(159;27),n/a,0,0,0,0,0,0,1,2022-12-30T19:49:35.4343105Z,0
5.823509,102.2879769,Daerah: Kelantan<br>No:812<br>Hex coord:(160;27),n/a,0,0,0,0,0,0,1,2022-12-30T19:49:36.1121528Z,0
5.815729,102.3015236,Daerah: Kelantan<br>No:813<br>Hex coord:(161;27),n/a,0,0,0,0,0,0,1,2022-12-30T19:49:36.7828438Z,0
5.823509,102.3150703,Daerah: Kelantan<br>No:814<br>Hex coord:(162;27),n/a,0,0,0,0,0,0,1,2022-12-30T19:49:37.4655773Z,0
5.815729,102.328617,Daerah: Kelantan<br>No:815<br>Hex coord:(163;27),n/a,0,0,0,0,0,0,1,2022-12-30T19:49:38.1515887Z,0
5.823509,102.3421637,Daerah: Kelantan<br>No:816<br>Hex coord:(164;27),n/a,0,0,0,0,0,0,1,2022-12-30T19:49:38.8420494Z,0
5.815729,102.3557104,Daerah: Kelantan<br>No:817<br>Hex coord:(165;27),n/a,0,0,0,0,0,0,1,2022-12-30T19:49:39.5292721Z,0
5.823509,102.3692571,Daerah: Kelantan<br>No:818<br>Hex coord:(166;27),n/a,0,0,0,0,0,0,1,2022-12-30T19:49:40.2170135Z,0
5.815729,102.3828038,Daerah: Kelantan<br>No:819<br>Hex coord:(167;27),n/a,0,0,0,0,0,0,1,2022-12-30T19:49:40.9033138Z,0
5.823509,102.3963505,Daerah: Kelantan<br>No:820<br>Hex coord:(168;27),n/a,0,0,0,0,0,0,1,2022-12-30T19:49:41.5835882Z,0
5.815729,102.4098972,Daerah: Kelantan<br>No:821<br>Hex coord:(169;27),n/a,0,0,0,0,0,0,1,2022-12-30T19:49:42.2745667Z,0
5.823509,102.4234439,Daerah: Kelantan<br>No:822<br>Hex coord:(170;27),n/a,0,0,0,0,0,0,1,2022-12-30T19:49:42.9633284Z,0
5.815729,102.4369906,Daerah: Kelantan<br>No:823<br>Hex coord:(171;27),n/a,0,0,0,0,0,0,1,2022-12-30T19:49:43.6538982Z,0
5.823509,102.4505373,Daerah: Kelantan<br>No:824<br>Hex coord:(172;27),n/a,1,0,0,0,0,0,1,2022-12-30T19:49:46.7248809Z,0
5.815729,102.464084,Daerah: Kelantan<br>No:825<br>Hex coord:(173;27),n/a,0,0,0,0,0,0,1,2022-12-30T19:49:47.4063290Z,0
5.823509,102.4776307,Daerah: Kelantan<br>No:826<br>Hex coord:(174;27),n/a,0,0,0,0,0,0,1,2022-12-30T19:49:48.1000142Z,0
5.815729,102.4911774,Daerah: Kelantan<br>No:827<br>Hex coord:(175;27),n/a,0,0,0,0,0,0,1,2022-12-30T19:49:48.7750875Z,0
5.823509,102.5047241,Daerah: Kelantan<br>No:828<br>Hex coord:(176;27),n/a,0,0,0,0,0,0,1,2022-12-30T19:49:49.4487378Z,0
5.800169,101.868029,Daerah: Kelantan<br>No:829<br>Hex coord:(129;28),n/a,0,0,0,0,0,0,1,2022-12-30T19:49:50.1315541Z,0
5.807949,101.8815757,Daerah: Kelantan<br>No:830<br>Hex coord:(130;28),n/a,0,0,0,0,0,0,1,2022-12-30T19:49:50.8057166Z,0
5.800169,101.8951224,Daerah: Kelantan<br>No:831<br>Hex coord:(131;28),n/a,0,0,0,0,0,0,1,2022-12-30T19:49:51.4822967Z,0
5.807949,101.9086691,Daerah: Kelantan<br>No:832<br>Hex coord:(132;28),n/a,0,0,0,0,0,0,1,2022-12-30T19:49:52.1631402Z,0
5.800169,101.9222158,Daerah: Kelantan<br>No:833<br>Hex coord:(133;28),n/a,0,0,0,0,0,0,1,2022-12-30T19:49:52.8583395Z,0
5.807949,101.9357625,Daerah: Kelantan<br>No:834<br>Hex coord:(134;28),n/a,0,0,0,0,0,0,1,2022-12-30T19:49:53.5416365Z,0
5.800169,101.9493092,Daerah: Kelantan<br>No:835<br>Hex coord:(135;28),n/a,0,0,0,0,0,0,1,2022-12-30T19:49:54.2099490Z,0
5.807949,101.9628559,Daerah: Kelantan<br>No:836<br>Hex coord:(136;28),n/a,0,0,0,0,0,0,1,2022-12-30T19:49:54.8868960Z,0
5.800169,101.9764026,Daerah: Kelantan<br>No:837<br>Hex coord:(137;28),n/a,0,0,0,0,0,0,1,2022-12-30T19:49:55.5609970Z,0
5.807949,101.9899493,Daerah: Kelantan<br>No:838<br>Hex coord:(138;28),n/a,0,0,0,0,0,0,1,2022-12-30T19:49:56.2424025Z,0
5.800169,102.003496,Daerah: Kelantan<br>No:839<br>Hex coord:(139;28),n/a,0,0,0,0,0,0,1,2022-12-30T19:49:56.9171460Z,0
5.807949,102.0170428,Daerah: Kelantan<br>No:840<br>Hex coord:(140;28),n/a,2,0,0,0,0,0,1,2022-12-30T19:49:57.6046631Z,0
5.800169,102.0305895,Daerah: Kelantan<br>No:841<br>Hex coord:(141;28),n/a,0,0,0,0,0,0,1,2022-12-30T19:49:58.3148155Z,0
5.807949,102.0441362,Daerah: Kelantan<br>No:842<br>Hex coord:(142;28),n/a,0,0,0,0,0,0,1,2022-12-30T19:49:58.9902463Z,0
5.800169,102.0576829,Daerah: Kelantan<br>No:843<br>Hex coord:(143;28),n/a,0,0,0,0,0,0,1,2022-12-30T19:49:59.6695802Z,0
5.807949,102.0712296,Daerah: Kelantan<br>No:844<br>Hex coord:(144;28),n/a,0,0,0,0,0,0,1,2022-12-30T19:50:00.3544686Z,0
5.800169,102.0847763,Daerah: Kelantan<br>No:845<br>Hex coord:(145;28),n/a,0,0,0,0,0,0,1,2022-12-30T19:50:01.0421902Z,0
5.807949,102.098323,Daerah: Kelantan<br>No:846<br>Hex coord:(146;28),n/a,0,0,0,0,0,0,1,2022-12-30T19:50:01.7356957Z,0
5.800169,102.1118697,Daerah: Kelantan<br>No:847<br>Hex coord:(147;28),n/a,0,0,0,0,0,0,1,2022-12-30T19:50:02.4174566Z,0
5.807949,102.1254164,Daerah: Kelantan<br>No:848<br>Hex coord:(148;28),n/a,1,0,0,0,0,0,1,2022-12-30T19:50:03.1070203Z,0
5.800169,102.1389631,Daerah: Kelantan<br>No:849<br>Hex coord:(149;28),n/a,0,0,0,0,0,0,1,2022-12-30T19:50:03.8826789Z,0
5.807949,102.1525098,Daerah: Kelantan<br>No:850<br>Hex coord:(150;28),n/a,2,0,0,0,0,0,1,2022-12-30T19:50:04.5737904Z,0
5.800169,102.1660565,Daerah: Kelantan<br>No:851<br>Hex coord:(151;28),n/a,0,0,0,0,0,0,1,2022-12-30T19:50:05.2552274Z,0
5.807949,102.1796032,Daerah: Kelantan<br>No:852<br>Hex coord:(152;28),n/a,0,0,0,0,0,0,1,2022-12-30T19:50:05.9427871Z,0
5.800169,102.1931499,Daerah: Kelantan<br>No:853<br>Hex coord:(153;28),n/a,0,0,0,0,0,0,1,2022-12-30T19:50:06.6373506Z,0
5.807949,102.2066966,Daerah: Kelantan<br>No:854<br>Hex coord:(154;28),n/a,0,0,0,0,0,0,1,2022-12-30T19:50:07.3213961Z,0
5.800169,102.2202433,Daerah: Kelantan<br>No:855<br>Hex coord:(155;28),n/a,0,0,0,0,0,0,1,2022-12-30T19:50:08.0102728Z,0
5.807949,102.23379,Daerah: Kelantan<br>No:856<br>Hex coord:(156;28),n/a,0,0,0,0,0,0,1,2022-12-30T19:50:08.7023564Z,0
5.800169,102.2473367,Daerah: Kelantan<br>No:857<br>Hex coord:(157;28),n/a,1,0,0,0,0,0,1,2022-12-30T19:50:09.3828331Z,0
5.807949,102.2608835,Daerah: Kelantan<br>No:858<br>Hex coord:(158;28),n/a,0,0,0,0,0,0,1,2022-12-30T19:50:10.0739771Z,0
5.800169,102.2744302,Daerah: Kelantan<br>No:859<br>Hex coord:(159;28),n/a,0,0,0,0,0,0,1,2022-12-30T19:50:10.7472368Z,0
5.807949,102.2879769,Daerah: Kelantan<br>No:860<br>Hex coord:(160;28),n/a,0,0,0,0,0,0,1,2022-12-30T19:50:11.4286343Z,0
5.800169,102.3015236,Daerah: Kelantan<br>No:861<br>Hex coord:(161;28),n/a,0,0,0,0,0,0,1,2022-12-30T19:50:12.1002805Z,0
5.807949,102.3150703,Daerah: Kelantan<br>No:862<br>Hex coord:(162;28),n/a,0,0,0,0,0,0,1,2022-12-30T19:50:12.7833152Z,0
5.800169,102.328617,Daerah: Kelantan<br>No:863<br>Hex coord:(163;28),n/a,0,0,0,0,0,0,1,2022-12-30T19:50:13.4540095Z,0
5.807949,102.3421637,Daerah: Kelantan<br>No:864<br>Hex coord:(164;28),n/a,0,0,0,0,0,0,1,2022-12-30T19:50:14.1379824Z,0
5.800169,102.3557104,Daerah: Kelantan<br>No:865<br>Hex coord:(165;28),n/a,0,0,0,0,0,0,1,2022-12-30T19:50:14.8195838Z,0
5.807949,102.3692571,Daerah: Kelantan<br>No:866<br>Hex coord:(166;28),n/a,0,0,0,0,0,0,1,2022-12-30T19:50:15.5036119Z,0
5.800169,102.3828038,Daerah: Kelantan<br>No:867<br>Hex coord:(167;28),n/a,0,0,0,0,0,0,1,2022-12-30T19:50:16.1899839Z,0
5.807949,102.3963505,Daerah: Kelantan<br>No:868<br>Hex coord:(168;28),n/a,0,0,0,0,0,0,1,2022-12-30T19:50:16.8790284Z,0
5.800169,102.4098972,Daerah: Kelantan<br>No:869<br>Hex coord:(169;28),n/a,0,0,0,0,0,0,1,2022-12-30T19:50:17.5601085Z,0
5.807949,102.4234439,Daerah: Kelantan<br>No:870<br>Hex coord:(170;28),n/a,0,0,0,0,0,0,1,2022-12-30T19:50:18.2486825Z,0
5.800169,102.4369906,Daerah: Kelantan<br>No:871<br>Hex coord:(171;28),n/a,0,0,0,0,0,0,1,2022-12-30T19:50:18.9314662Z,0
5.807949,102.4505373,Daerah: Kelantan<br>No:872<br>Hex coord:(172;28),n/a,0,0,0,0,0,0,1,2022-12-30T19:50:19.6129180Z,0
5.800169,102.464084,Daerah: Kelantan<br>No:873<br>Hex coord:(173;28),n/a,0,0,0,0,0,0,1,2022-12-30T19:50:20.2923157Z,0
5.807949,102.4776307,Daerah: Kelantan<br>No:874<br>Hex coord:(174;28),n/a,0,0,0,0,0,0,1,2022-12-30T19:50:20.9761003Z,0
5.800169,102.4911774,Daerah: Kelantan<br>No:875<br>Hex coord:(175;28),n/a,0,0,0,0,0,0,1,2022-12-30T19:50:21.6482134Z,0
5.792389,101.7461086,Daerah: Kelantan<br>No:876<br>Hex coord:(120;29),n/a,0,0,0,0,0,0,1,2022-12-30T19:50:22.3284854Z,0
5.784609,101.7596554,Daerah: Kelantan<br>No:877<br>Hex coord:(121;29),n/a,0,0,0,0,0,0,1,2022-12-30T19:50:23.0018504Z,0
5.784609,101.8409356,Daerah: Kelantan<br>No:878<br>Hex coord:(127;29),n/a,0,0,0,0,0,0,1,2022-12-30T19:50:23.6760629Z,0
5.784609,101.868029,Daerah: Kelantan<br>No:879<br>Hex coord:(129;29),n/a,0,0,0,0,0,0,1,2022-12-30T19:50:24.3517214Z,0
5.792389,101.8815757,Daerah: Kelantan<br>No:880<br>Hex coord:(130;29),n/a,0,0,0,0,0,0,1,2022-12-30T19:50:25.0370193Z,0
5.784609,101.8951224,Daerah: Kelantan<br>No:881<br>Hex coord:(131;29),n/a,0,0,0,0,0,0,1,2022-12-30T19:50:25.7101536Z,0
5.792389,101.9086691,Daerah: Kelantan<br>No:882<br>Hex coord:(132;29),n/a,0,0,0,0,0,0,1,2022-12-30T19:50:26.4071338Z,0
5.784609,101.9222158,Daerah: Kelantan<br>No:883<br>Hex coord:(133;29),n/a,0,0,0,0,0,0,1,2022-12-30T19:50:27.0780142Z,0
5.792389,101.9357625,Daerah: Kelantan<br>No:884<br>Hex coord:(134;29),n/a,0,0,0,0,0,0,1,2022-12-30T19:50:27.7619693Z,0
5.784609,101.9493092,Daerah: Kelantan<br>No:885<br>Hex coord:(135;29),n/a,0,0,0,0,0,0,1,2022-12-30T19:50:28.4481361Z,0
5.792389,101.9628559,Daerah: Kelantan<br>No:886<br>Hex coord:(136;29),n/a,0,0,0,0,0,0,1,2022-12-30T19:50:29.1179141Z,0
5.784609,101.9764026,Daerah: Kelantan<br>No:887<br>Hex coord:(137;29),n/a,0,0,0,0,0,0,1,2022-12-30T19:50:29.7917560Z,0
5.792389,101.9899493,Daerah: Kelantan<br>No:888<br>Hex coord:(138;29),n/a,0,0,0,0,0,0,1,2022-12-30T19:50:30.4606869Z,0
5.784609,102.003496,Daerah: Kelantan<br>No:889<br>Hex coord:(139;29),n/a,0,0,0,0,0,0,1,2022-12-30T19:50:31.1434490Z,0
5.792389,102.0170428,Daerah: Kelantan<br>No:890<br>Hex coord:(140;29),n/a,0,0,0,0,0,0,1,2022-12-30T19:50:31.8213782Z,0
5.784609,102.0305895,Daerah: Kelantan<br>No:891<br>Hex coord:(141;29),n/a,0,0,0,0,0,0,1,2022-12-30T19:50:32.5063377Z,0
5.792389,102.0441362,Daerah: Kelantan<br>No:892<br>Hex coord:(142;29),n/a,0,0,0,0,0,0,1,2022-12-30T19:50:33.1917050Z,0
5.784609,102.0576829,Daerah: Kelantan<br>No:893<br>Hex coord:(143;29),n/a,0,0,0,0,0,0,1,2022-12-30T19:50:33.8754258Z,0
5.792389,102.0712296,Daerah: Kelantan<br>No:894<br>Hex coord:(144;29),n/a,0,0,0,0,0,0,1,2022-12-30T19:50:34.5403882Z,0
5.784609,102.0847763,Daerah: Kelantan<br>No:895<br>Hex coord:(145;29),n/a,0,0,0,0,0,0,1,2022-12-30T19:50:35.2184800Z,0
5.792389,102.098323,Daerah: Kelantan<br>No:896<br>Hex coord:(146;29),n/a,0,0,0,0,0,0,1,2022-12-30T19:50:35.8988053Z,0
5.784609,102.1118697,Daerah: Kelantan<br>No:897<br>Hex coord:(147;29),n/a,0,0,0,0,0,0,1,2022-12-30T19:50:36.5874803Z,0
5.792389,102.1254164,Daerah: Kelantan<br>No:898<br>Hex coord:(148;29),n/a,0,0,0,0,0,0,1,2022-12-30T19:50:37.2834148Z,0
5.784609,102.1389631,Daerah: Kelantan<br>No:899<br>Hex coord:(149;29),n/a,0,0,0,0,0,0,1,2022-12-30T19:50:37.9671987Z,0
5.792389,102.1525098,Daerah: Kelantan<br>No:900<br>Hex coord:(150;29),n/a,0,0,0,0,0,0,1,2022-12-30T19:50:38.6593875Z,0
5.784609,102.1660565,Daerah: Kelantan<br>No:901<br>Hex coord:(151;29),n/a,0,0,0,0,0,0,1,2022-12-30T19:50:39.3424924Z,0
5.792389,102.1796032,Daerah: Kelantan<br>No:902<br>Hex coord:(152;29),n/a,0,0,0,0,0,0,1,2022-12-30T19:50:40.0273470Z,0
5.784609,102.1931499,Daerah: Kelantan<br>No:903<br>Hex coord:(153;29),n/a,0,0,0,0,0,0,1,2022-12-30T19:50:40.7100307Z,0
5.792389,102.2066966,Daerah: Kelantan<br>No:904<br>Hex coord:(154;29),n/a,0,0,0,0,0,0,1,2022-12-30T19:50:41.3950100Z,0
5.784609,102.2202433,Daerah: Kelantan<br>No:905<br>Hex coord:(155;29),n/a,0,0,0,0,0,0,1,2022-12-30T19:50:42.0817050Z,0
5.792389,102.23379,Daerah: Kelantan<br>No:906<br>Hex coord:(156;29),n/a,0,0,0,0,0,0,1,2022-12-30T19:50:42.7582652Z,0
5.784609,102.2473367,Daerah: Kelantan<br>No:907<br>Hex coord:(157;29),n/a,0,0,0,0,0,0,1,2022-12-30T19:50:43.4818136Z,0
5.792389,102.2608835,Daerah: Kelantan<br>No:908<br>Hex coord:(158;29),n/a,1,0,0,0,0,0,1,2022-12-30T19:50:44.1700036Z,0
5.784609,102.2744302,Daerah: Kelantan<br>No:909<br>Hex coord:(159;29),n/a,0,0,0,0,0,0,1,2022-12-30T19:50:44.8482093Z,0
5.792389,102.2879769,Daerah: Kelantan<br>No:910<br>Hex coord:(160;29),n/a,0,0,0,0,0,0,1,2022-12-30T19:50:45.5213255Z,0
5.784609,102.3015236,Daerah: Kelantan<br>No:911<br>Hex coord:(161;29),n/a,0,0,0,0,0,0,1,2022-12-30T19:50:46.1884473Z,0
5.792389,102.3150703,Daerah: Kelantan<br>No:912<br>Hex coord:(162;29),n/a,0,0,0,0,0,0,1,2022-12-30T19:50:46.8643642Z,0
5.784609,102.328617,Daerah: Kelantan<br>No:913<br>Hex coord:(163;29),n/a,0,0,0,0,0,0,1,2022-12-30T19:50:47.5526643Z,0
5.792389,102.3421637,Daerah: Kelantan<br>No:914<br>Hex coord:(164;29),n/a,0,0,0,0,0,0,1,2022-12-30T19:50:48.2465797Z,0
5.784609,102.3557104,Daerah: Kelantan<br>No:915<br>Hex coord:(165;29),n/a,0,0,0,0,0,0,1,2022-12-30T19:50:48.9280622Z,0
5.792389,102.3692571,Daerah: Kelantan<br>No:916<br>Hex coord:(166;29),n/a,0,0,0,0,0,0,1,2022-12-30T19:50:49.6201919Z,0
5.784609,102.3828038,Daerah: Kelantan<br>No:917<br>Hex coord:(167;29),n/a,0,0,0,0,0,0,1,2022-12-30T19:50:50.2981240Z,0
5.792389,102.3963505,Daerah: Kelantan<br>No:918<br>Hex coord:(168;29),n/a,0,0,0,0,0,0,1,2022-12-30T19:50:50.9810863Z,0
5.784609,102.4098972,Daerah: Kelantan<br>No:919<br>Hex coord:(169;29),n/a,0,0,0,0,0,0,1,2022-12-30T19:50:51.6611626Z,0
5.792389,102.4234439,Daerah: Kelantan<br>No:920<br>Hex coord:(170;29),n/a,0,0,0,0,0,0,1,2022-12-30T19:50:52.3523620Z,0
5.784609,102.4369906,Daerah: Kelantan<br>No:921<br>Hex coord:(171;29),n/a,0,0,0,0,0,0,1,2022-12-30T19:50:53.0303540Z,0
5.792389,102.4505373,Daerah: Kelantan<br>No:922<br>Hex coord:(172;29),n/a,0,0,0,0,0,0,1,2022-12-30T19:50:53.7186718Z,0
5.784609,102.464084,Daerah: Kelantan<br>No:923<br>Hex coord:(173;29),n/a,0,0,0,0,0,0,1,2022-12-30T19:50:54.3923798Z,0
5.792389,102.4776307,Daerah: Kelantan<br>No:924<br>Hex coord:(174;29),n/a,0,0,0,0,0,0,1,2022-12-30T19:50:55.0631870Z,0
5.776829,101.7190152,Daerah: Kelantan<br>No:925<br>Hex coord:(118;30),n/a,0,0,0,0,0,0,1,2022-12-30T19:50:55.7518031Z,0
5.769049,101.7325619,Daerah: Kelantan<br>No:926<br>Hex coord:(119;30),n/a,0,0,0,0,0,0,1,2022-12-30T19:50:56.4583681Z,0
5.776829,101.7461086,Daerah: Kelantan<br>No:927<br>Hex coord:(120;30),n/a,0,0,0,0,0,0,1,2022-12-30T19:50:57.1377778Z,0
5.769049,101.7596554,Daerah: Kelantan<br>No:928<br>Hex coord:(121;30),n/a,0,0,0,0,0,0,1,2022-12-30T19:50:57.8216048Z,0
5.776829,101.7732021,Daerah: Kelantan<br>No:929<br>Hex coord:(122;30),n/a,0,0,0,0,0,0,1,2022-12-30T19:50:58.5125250Z,0
5.769049,101.8409356,Daerah: Kelantan<br>No:930<br>Hex coord:(127;30),n/a,0,0,0,0,0,0,1,2022-12-30T19:50:59.1928126Z,0
5.776829,101.8544823,Daerah: Kelantan<br>No:931<br>Hex coord:(128;30),n/a,0,0,0,0,0,0,1,2022-12-30T19:50:59.8635872Z,0
5.769049,101.868029,Daerah: Kelantan<br>No:932<br>Hex coord:(129;30),n/a,0,0,0,0,0,0,1,2022-12-30T19:51:00.5381372Z,0
5.776829,101.8815757,Daerah: Kelantan<br>No:933<br>Hex coord:(130;30),n/a,0,0,0,0,0,0,1,2022-12-30T19:51:01.2089226Z,0
5.769049,101.8951224,Daerah: Kelantan<br>No:934<br>Hex coord:(131;30),n/a,0,0,0,0,0,0,1,2022-12-30T19:51:01.8808694Z,0
5.776829,101.9086691,Daerah: Kelantan<br>No:935<br>Hex coord:(132;30),n/a,0,0,0,0,0,0,1,2022-12-30T19:51:02.5637194Z,0
5.769049,101.9222158,Daerah: Kelantan<br>No:936<br>Hex coord:(133;30),n/a,0,0,0,0,0,0,1,2022-12-30T19:51:03.2388686Z,0
5.776829,101.9357625,Daerah: Kelantan<br>No:937<br>Hex coord:(134;30),n/a,0,0,0,0,0,0,1,2022-12-30T19:51:03.9136653Z,0
5.769049,101.9493092,Daerah: Kelantan<br>No:938<br>Hex coord:(135;30),n/a,0,0,0,0,0,0,1,2022-12-30T19:51:04.5774242Z,0
5.776829,101.9628559,Daerah: Kelantan<br>No:939<br>Hex coord:(136;30),n/a,0,0,0,0,0,0,1,2022-12-30T19:51:05.2611177Z,0
5.769049,101.9764026,Daerah: Kelantan<br>No:940<br>Hex coord:(137;30),n/a,0,0,0,0,0,0,1,2022-12-30T19:51:05.9321656Z,0
5.776829,101.9899493,Daerah: Kelantan<br>No:941<br>Hex coord:(138;30),n/a,0,0,0,0,0,0,1,2022-12-30T19:51:06.6220119Z,0
5.769049,102.003496,Daerah: Kelantan<br>No:942<br>Hex coord:(139;30),n/a,0,0,0,0,0,0,1,2022-12-30T19:51:07.3045637Z,0
5.776829,102.0170428,Daerah: Kelantan<br>No:943<br>Hex coord:(140;30),n/a,0,0,0,0,0,0,1,2022-12-30T19:51:07.9817973Z,0
5.769049,102.0305895,Daerah: Kelantan<br>No:944<br>Hex coord:(141;30),n/a,0,0,0,0,0,0,1,2022-12-30T19:51:08.6547109Z,0
5.776829,102.0441362,Daerah: Kelantan<br>No:945<br>Hex coord:(142;30),n/a,1,0,0,0,0,0,1,2022-12-30T19:51:09.3479945Z,0
5.769049,102.0576829,Daerah: Kelantan<br>No:946<br>Hex coord:(143;30),n/a,0,0,0,0,0,0,1,2022-12-30T19:51:10.0322106Z,0
5.776829,102.0712296,Daerah: Kelantan<br>No:947<br>Hex coord:(144;30),n/a,0,0,0,0,0,0,1,2022-12-30T19:51:10.7136333Z,0
5.769049,102.0847763,Daerah: Kelantan<br>No:948<br>Hex coord:(145;30),n/a,0,0,0,0,0,0,1,2022-12-30T19:51:11.3888504Z,0
5.776829,102.098323,Daerah: Kelantan<br>No:949<br>Hex coord:(146;30),n/a,0,0,0,0,0,0,1,2022-12-30T19:51:12.0683711Z,0
5.769049,102.1118697,Daerah: Kelantan<br>No:950<br>Hex coord:(147;30),n/a,0,0,0,0,0,0,1,2022-12-30T19:51:12.7714967Z,0
5.776829,102.1254164,Daerah: Kelantan<br>No:951<br>Hex coord:(148;30),n/a,0,0,0,0,0,0,1,2022-12-30T19:51:13.4612666Z,0
5.769049,102.1389631,Daerah: Kelantan<br>No:952<br>Hex coord:(149;30),n/a,0,0,0,0,0,0,1,2022-12-30T19:51:14.1511157Z,0
5.776829,102.1525098,Daerah: Kelantan<br>No:953<br>Hex coord:(150;30),n/a,0,0,0,0,0,0,1,2022-12-30T19:51:14.8338864Z,0
5.769049,102.1660565,Daerah: Kelantan<br>No:954<br>Hex coord:(151;30),n/a,0,0,0,0,0,0,1,2022-12-30T19:51:15.5228033Z,0
5.776829,102.1796032,Daerah: Kelantan<br>No:955<br>Hex coord:(152;30),n/a,0,0,0,0,0,0,1,2022-12-30T19:51:16.2209136Z,0
5.769049,102.1931499,Daerah: Kelantan<br>No:956<br>Hex coord:(153;30),n/a,0,0,0,0,0,0,1,2022-12-30T19:51:16.9013108Z,0
5.776829,102.2066966,Daerah: Kelantan<br>No:957<br>Hex coord:(154;30),n/a,0,0,0,0,0,0,1,2022-12-30T19:51:17.5897930Z,0
5.769049,102.2202433,Daerah: Kelantan<br>No:958<br>Hex coord:(155;30),n/a,0,0,0,0,0,0,1,2022-12-30T19:51:18.2736656Z,0
5.776829,102.23379,Daerah: Kelantan<br>No:959<br>Hex coord:(156;30),n/a,0,0,0,0,0,0,1,2022-12-30T19:51:18.9565281Z,0
5.769049,102.2473367,Daerah: Kelantan<br>No:960<br>Hex coord:(157;30),n/a,0,0,0,0,0,0,1,2022-12-30T19:51:19.6452107Z,0
5.776829,102.2608835,Daerah: Kelantan<br>No:961<br>Hex coord:(158;30),n/a,0,0,0,0,0,0,1,2022-12-30T19:51:20.3267829Z,0
5.769049,102.2744302,Daerah: Kelantan<br>No:962<br>Hex coord:(159;30),n/a,0,0,0,0,0,0,1,2022-12-30T19:51:21.0061221Z,0
5.776829,102.2879769,Daerah: Kelantan<br>No:963<br>Hex coord:(160;30),n/a,0,0,0,0,0,0,1,2022-12-30T19:51:21.6903929Z,0
5.769049,102.3015236,Daerah: Kelantan<br>No:964<br>Hex coord:(161;30),n/a,0,0,0,0,0,0,1,2022-12-30T19:51:22.3686720Z,0
5.776829,102.3150703,Daerah: Kelantan<br>No:965<br>Hex coord:(162;30),n/a,0,0,0,0,0,0,1,2022-12-30T19:51:23.0483154Z,0
5.769049,102.328617,Daerah: Kelantan<br>No:966<br>Hex coord:(163;30),n/a,0,0,0,0,0,0,1,2022-12-30T19:51:23.7252400Z,0
5.776829,102.3421637,Daerah: Kelantan<br>No:967<br>Hex coord:(164;30),n/a,1,0,0,0,0,0,1,2022-12-30T19:51:24.4024402Z,0
5.769049,102.3557104,Daerah: Kelantan<br>No:968<br>Hex coord:(165;30),n/a,0,0,0,0,0,0,1,2022-12-30T19:51:25.0844368Z,0
5.776829,102.3692571,Daerah: Kelantan<br>No:969<br>Hex coord:(166;30),n/a,0,0,0,0,0,0,1,2022-12-30T19:51:25.7617888Z,0
5.769049,102.3828038,Daerah: Kelantan<br>No:970<br>Hex coord:(167;30),n/a,0,0,0,0,0,0,1,2022-12-30T19:51:26.4431770Z,0
5.776829,102.3963505,Daerah: Kelantan<br>No:971<br>Hex coord:(168;30),n/a,0,0,0,0,0,0,1,2022-12-30T19:51:27.1148149Z,0
5.769049,102.4098972,Daerah: Kelantan<br>No:972<br>Hex coord:(169;30),n/a,0,0,0,0,0,0,1,2022-12-30T19:51:27.8092963Z,0
5.776829,102.4234439,Daerah: Kelantan<br>No:973<br>Hex coord:(170;30),n/a,0,0,0,0,0,0,1,2022-12-30T19:51:28.4971536Z,0
5.769049,102.4369906,Daerah: Kelantan<br>No:974<br>Hex coord:(171;30),n/a,0,0,0,0,0,0,1,2022-12-30T19:51:29.1734510Z,0
5.776829,102.4505373,Daerah: Kelantan<br>No:975<br>Hex coord:(172;30),n/a,0,0,0,0,0,0,1,2022-12-30T19:51:29.8578399Z,0
5.753489,101.7054685,Daerah: Kelantan<br>No:976<br>Hex coord:(117;31),n/a,0,0,0,0,0,0,1,2022-12-30T19:51:30.5258755Z,0
5.761269,101.7190152,Daerah: Kelantan<br>No:977<br>Hex coord:(118;31),n/a,0,0,0,0,0,0,1,2022-12-30T19:51:31.2049684Z,0
5.753489,101.7325619,Daerah: Kelantan<br>No:978<br>Hex coord:(119;31),n/a,0,0,0,0,0,0,1,2022-12-30T19:51:31.8832340Z,0
5.761269,101.7461086,Daerah: Kelantan<br>No:979<br>Hex coord:(120;31),n/a,0,0,0,0,0,0,1,2022-12-30T19:51:32.5681749Z,0
5.753489,101.7596554,Daerah: Kelantan<br>No:980<br>Hex coord:(121;31),n/a,0,0,0,0,0,0,1,2022-12-30T19:51:33.2513837Z,0
5.761269,101.7732021,Daerah: Kelantan<br>No:981<br>Hex coord:(122;31),n/a,0,0,0,0,0,0,1,2022-12-30T19:51:33.9290596Z,0
5.753489,101.7867488,Daerah: Kelantan<br>No:982<br>Hex coord:(123;31),n/a,0,0,0,0,0,0,1,2022-12-30T19:51:34.5930419Z,0
5.761269,101.8273889,Daerah: Kelantan<br>No:983<br>Hex coord:(126;31),n/a,0,0,0,0,0,0,1,2022-12-30T19:51:35.2678958Z,0
5.753489,101.8409356,Daerah: Kelantan<br>No:984<br>Hex coord:(127;31),n/a,0,0,0,0,0,0,1,2022-12-30T19:51:35.9513782Z,0
5.761269,101.8544823,Daerah: Kelantan<br>No:985<br>Hex coord:(128;31),n/a,0,0,0,0,0,0,1,2022-12-30T19:51:36.6312355Z,0
5.753489,101.868029,Daerah: Kelantan<br>No:986<br>Hex coord:(129;31),n/a,0,0,0,0,0,0,1,2022-12-30T19:51:37.3049909Z,0
5.761269,101.8815757,Daerah: Kelantan<br>No:987<br>Hex coord:(130;31),n/a,0,0,0,0,0,0,1,2022-12-30T19:51:37.9889717Z,0
5.753489,101.8951224,Daerah: Kelantan<br>No:988<br>Hex coord:(131;31),n/a,0,0,0,0,0,0,1,2022-12-30T19:51:38.6607123Z,0
5.761269,101.9086691,Daerah: Kelantan<br>No:989<br>Hex coord:(132;31),n/a,0,0,0,0,0,0,1,2022-12-30T19:51:39.3330286Z,0
5.753489,101.9222158,Daerah: Kelantan<br>No:990<br>Hex coord:(133;31),n/a,0,0,0,0,0,0,1,2022-12-30T19:51:40.0028092Z,0
5.761269,101.9357625,Daerah: Kelantan<br>No:991<br>Hex coord:(134;31),n/a,0,0,0,0,0,0,1,2022-12-30T19:51:40.6752512Z,0
5.753489,101.9493092,Daerah: Kelantan<br>No:992<br>Hex coord:(135;31),n/a,0,0,0,0,0,0,1,2022-12-30T19:51:41.3408738Z,0
5.761269,101.9628559,Daerah: Kelantan<br>No:993<br>Hex coord:(136;31),n/a,0,0,0,0,0,0,1,2022-12-30T19:51:42.0241035Z,0
5.753489,101.9764026,Daerah: Kelantan<br>No:994<br>Hex coord:(137;31),n/a,0,0,0,0,0,0,1,2022-12-30T19:51:42.7054835Z,0
5.761269,101.9899493,Daerah: Kelantan<br>No:995<br>Hex coord:(138;31),n/a,0,0,0,0,0,0,1,2022-12-30T19:51:43.3855546Z,0
5.753489,102.003496,Daerah: Kelantan<br>No:996<br>Hex coord:(139;31),n/a,0,0,0,0,0,0,1,2022-12-30T19:51:44.0662324Z,0
5.761269,102.0170428,Daerah: Kelantan<br>No:997<br>Hex coord:(140;31),n/a,0,0,0,0,0,0,1,2022-12-30T19:51:44.7387157Z,0
5.753489,102.0305895,Daerah: Kelantan<br>No:998<br>Hex coord:(141;31),n/a,0,0,0,0,0,0,1,2022-12-30T19:51:45.4127987Z,0
5.761269,102.0441362,Daerah: Kelantan<br>No:999<br>Hex coord:(142;31),n/a,0,0,0,0,0,0,1,2022-12-30T19:51:46.0918177Z,0
5.753489,102.0576829,Daerah: Kelantan<br>No:1000<br>Hex coord:(143;31),n/a,0,0,0,0,0,0,1,2022-12-30T19:51:46.7770908Z,0
5.761269,102.0712296,Daerah: Kelantan<br>No:1001<br>Hex coord:(144;31),n/a,0,0,0,0,0,0,1,2022-12-30T19:51:47.5924671Z,0
5.753489,102.0847763,Daerah: Kelantan<br>No:1002<br>Hex coord:(145;31),n/a,0,0,0,0,0,0,1,2022-12-30T19:51:48.2657140Z,0
5.761269,102.098323,Daerah: Kelantan<br>No:1003<br>Hex coord:(146;31),n/a,0,0,0,0,0,0,1,2022-12-30T19:51:48.9375431Z,0
5.753489,102.1118697,Daerah: Kelantan<br>No:1004<br>Hex coord:(147;31),n/a,0,0,0,0,0,0,1,2022-12-30T19:51:49.6059044Z,0
5.761269,102.1254164,Daerah: Kelantan<br>No:1005<br>Hex coord:(148;31),n/a,0,0,0,0,0,0,1,2022-12-30T19:51:50.2950582Z,0
5.753489,102.1389631,Daerah: Kelantan<br>No:1006<br>Hex coord:(149;31),n/a,0,0,0,0,0,0,1,2022-12-30T19:51:50.9821431Z,0
5.761269,102.1525098,Daerah: Kelantan<br>No:1007<br>Hex coord:(150;31),n/a,1,0,0,0,0,0,1,2022-12-30T19:51:51.6632836Z,0
5.753489,102.1660565,Daerah: Kelantan<br>No:1008<br>Hex coord:(151;31),n/a,0,0,0,0,0,0,1,2022-12-30T19:51:52.3392222Z,0
5.761269,102.1796032,Daerah: Kelantan<br>No:1009<br>Hex coord:(152;31),n/a,0,0,0,0,0,0,1,2022-12-30T19:51:53.0374627Z,0
5.753489,102.1931499,Daerah: Kelantan<br>No:1010<br>Hex coord:(153;31),n/a,0,0,0,0,0,0,1,2022-12-30T19:51:53.7249968Z,0
5.761269,102.2066966,Daerah: Kelantan<br>No:1011<br>Hex coord:(154;31),n/a,0,0,0,0,0,0,1,2022-12-30T19:51:54.4084299Z,0
5.753489,102.2202433,Daerah: Kelantan<br>No:1012<br>Hex coord:(155;31),n/a,0,0,0,0,0,0,1,2022-12-30T19:51:55.0849646Z,0
5.761269,102.23379,Daerah: Kelantan<br>No:1013<br>Hex coord:(156;31),n/a,0,0,0,0,0,0,1,2022-12-30T19:51:55.7678223Z,0
5.753489,102.2473367,Daerah: Kelantan<br>No:1014<br>Hex coord:(157;31),n/a,0,0,0,0,0,0,1,2022-12-30T19:51:56.4499968Z,0
5.761269,102.2608835,Daerah: Kelantan<br>No:1015<br>Hex coord:(158;31),n/a,0,0,0,0,0,0,1,2022-12-30T19:51:57.1388990Z,0
5.753489,102.2744302,Daerah: Kelantan<br>No:1016<br>Hex coord:(159;31),n/a,1,0,0,0,0,0,1,2022-12-30T19:51:57.8257397Z,0
5.761269,102.2879769,Daerah: Kelantan<br>No:1017<br>Hex coord:(160;31),n/a,0,0,0,0,0,0,1,2022-12-30T19:51:58.5111727Z,0
5.753489,102.3015236,Daerah: Kelantan<br>No:1018<br>Hex coord:(161;31),n/a,0,0,0,0,0,0,1,2022-12-30T19:51:59.1806874Z,0
5.761269,102.3150703,Daerah: Kelantan<br>No:1019<br>Hex coord:(162;31),n/a,0,0,0,0,0,0,1,2022-12-30T19:51:59.8635428Z,0
5.753489,102.328617,Daerah: Kelantan<br>No:1020<br>Hex coord:(163;31),n/a,0,0,0,0,0,0,1,2022-12-30T19:52:00.5313200Z,0
5.761269,102.3421637,Daerah: Kelantan<br>No:1021<br>Hex coord:(164;31),n/a,0,0,0,0,0,0,1,2022-12-30T19:52:01.2090828Z,0
5.753489,102.3557104,Daerah: Kelantan<br>No:1022<br>Hex coord:(165;31),n/a,0,0,0,0,0,0,1,2022-12-30T19:52:01.8950067Z,0
5.761269,102.3692571,Daerah: Kelantan<br>No:1023<br>Hex coord:(166;31),n/a,0,0,0,0,0,0,1,2022-12-30T19:52:02.5745725Z,0
5.753489,102.3828038,Daerah: Kelantan<br>No:1024<br>Hex coord:(167;31),n/a,0,0,0,0,0,0,1,2022-12-30T19:52:03.2524649Z,0
5.761269,102.3963505,Daerah: Kelantan<br>No:1025<br>Hex coord:(168;31),n/a,0,0,0,0,0,0,1,2022-12-30T19:52:03.9409131Z,0
5.753489,102.4098972,Daerah: Kelantan<br>No:1026<br>Hex coord:(169;31),n/a,0,0,0,0,0,0,1,2022-12-30T19:52:04.6118954Z,0
5.761269,102.4234439,Daerah: Kelantan<br>No:1027<br>Hex coord:(170;31),n/a,0,0,0,0,0,0,1,2022-12-30T19:52:05.2849733Z,0
5.753489,102.4369906,Daerah: Kelantan<br>No:1028<br>Hex coord:(171;31),n/a,0,0,0,0,0,0,1,2022-12-30T19:52:05.9642617Z,0
5.745709,101.6919218,Daerah: Kelantan<br>No:1029<br>Hex coord:(116;32),n/a,0,0,0,0,0,0,1,2022-12-30T19:52:06.6483899Z,0
5.737929,101.7054685,Daerah: Kelantan<br>No:1030<br>Hex coord:(117;32),n/a,0,0,0,0,0,0,1,2022-12-30T19:52:07.3253838Z,0
5.745709,101.7190152,Daerah: Kelantan<br>No:1031<br>Hex coord:(118;32),n/a,0,0,0,0,0,0,1,2022-12-30T19:52:07.9995565Z,0
5.737929,101.7325619,Daerah: Kelantan<br>No:1032<br>Hex coord:(119;32),n/a,0,0,0,0,0,0,1,2022-12-30T19:52:08.6632436Z,0
5.745709,101.7461086,Daerah: Kelantan<br>No:1033<br>Hex coord:(120;32),n/a,0,0,0,0,0,0,1,2022-12-30T19:52:09.3375902Z,0
5.737929,101.7596554,Daerah: Kelantan<br>No:1034<br>Hex coord:(121;32),n/a,0,0,0,0,0,0,1,2022-12-30T19:52:10.0065482Z,0
5.745709,101.7732021,Daerah: Kelantan<br>No:1035<br>Hex coord:(122;32),n/a,0,0,0,0,0,0,1,2022-12-30T19:52:10.6803925Z,0
5.737929,101.7867488,Daerah: Kelantan<br>No:1036<br>Hex coord:(123;32),n/a,0,0,0,0,0,0,1,2022-12-30T19:52:11.3973303Z,0
5.745709,101.8002955,Daerah: Kelantan<br>No:1037<br>Hex coord:(124;32),n/a,0,0,0,0,0,0,1,2022-12-30T19:52:12.0713521Z,0
5.745709,101.8273889,Daerah: Kelantan<br>No:1038<br>Hex coord:(126;32),n/a,0,0,0,0,0,0,1,2022-12-30T19:52:12.7411489Z,0
5.737929,101.8409356,Daerah: Kelantan<br>No:1039<br>Hex coord:(127;32),n/a,0,0,0,0,0,0,1,2022-12-30T19:52:13.4136691Z,0
5.745709,101.8544823,Daerah: Kelantan<br>No:1040<br>Hex coord:(128;32),n/a,0,0,0,0,0,0,1,2022-12-30T19:52:14.0816146Z,0
5.737929,101.868029,Daerah: Kelantan<br>No:1041<br>Hex coord:(129;32),n/a,0,0,0,0,0,0,1,2022-12-30T19:52:14.7557110Z,0
5.745709,101.8815757,Daerah: Kelantan<br>No:1042<br>Hex coord:(130;32),n/a,0,0,0,0,0,0,1,2022-12-30T19:52:15.4346702Z,0
5.737929,101.8951224,Daerah: Kelantan<br>No:1043<br>Hex coord:(131;32),n/a,0,0,0,0,0,0,1,2022-12-30T19:52:16.1075416Z,0
5.745709,101.9086691,Daerah: Kelantan<br>No:1044<br>Hex coord:(132;32),n/a,0,0,0,0,0,0,1,2022-12-30T19:52:16.7876122Z,0
5.737929,101.9222158,Daerah: Kelantan<br>No:1045<br>Hex coord:(133;32),n/a,0,0,0,0,0,0,1,2022-12-30T19:52:17.4794104Z,0
5.745709,101.9357625,Daerah: Kelantan<br>No:1046<br>Hex coord:(134;32),n/a,0,0,0,0,0,0,1,2022-12-30T19:52:18.1432524Z,0
5.737929,101.9493092,Daerah: Kelantan<br>No:1047<br>Hex coord:(135;32),n/a,0,0,0,0,0,0,1,2022-12-30T19:52:18.8110023Z,0
5.745709,101.9628559,Daerah: Kelantan<br>No:1048<br>Hex coord:(136;32),n/a,0,0,0,0,0,0,1,2022-12-30T19:52:19.4792519Z,0
5.737929,101.9764026,Daerah: Kelantan<br>No:1049<br>Hex coord:(137;32),n/a,0,0,0,0,0,0,1,2022-12-30T19:52:20.1497775Z,0
5.745709,101.9899493,Daerah: Kelantan<br>No:1050<br>Hex coord:(138;32),n/a,0,0,0,0,0,0,1,2022-12-30T19:52:20.8252265Z,0
5.737929,102.003496,Daerah: Kelantan<br>No:1051<br>Hex coord:(139;32),n/a,0,0,0,0,0,0,1,2022-12-30T19:52:21.4966653Z,0
5.745709,102.0170428,Daerah: Kelantan<br>No:1052<br>Hex coord:(140;32),n/a,0,0,0,0,0,0,1,2022-12-30T19:52:22.1652353Z,0
5.737929,102.0305895,Daerah: Kelantan<br>No:1053<br>Hex coord:(141;32),n/a,0,0,0,0,0,0,1,2022-12-30T19:52:22.8386648Z,0
5.745709,102.0441362,Daerah: Kelantan<br>No:1054<br>Hex coord:(142;32),n/a,0,0,0,0,0,0,1,2022-12-30T19:52:23.5163793Z,0
5.737929,102.0576829,Daerah: Kelantan<br>No:1055<br>Hex coord:(143;32),n/a,0,0,0,0,0,0,1,2022-12-30T19:52:24.1899800Z,0
5.745709,102.0712296,Daerah: Kelantan<br>No:1056<br>Hex coord:(144;32),n/a,0,0,0,0,0,0,1,2022-12-30T19:52:24.8582317Z,0
5.737929,102.0847763,Daerah: Kelantan<br>No:1057<br>Hex coord:(145;32),n/a,0,0,0,0,0,0,1,2022-12-30T19:52:25.5356069Z,0
5.745709,102.098323,Daerah: Kelantan<br>No:1058<br>Hex coord:(146;32),n/a,0,0,0,0,0,0,1,2022-12-30T19:52:26.2166638Z,0
5.737929,102.1118697,Daerah: Kelantan<br>No:1059<br>Hex coord:(147;32),n/a,0,0,0,0,0,0,1,2022-12-30T19:52:26.8832113Z,0
5.745709,102.1254164,Daerah: Kelantan<br>No:1060<br>Hex coord:(148;32),n/a,0,0,0,0,0,0,1,2022-12-30T19:52:27.5660523Z,0
5.737929,102.1389631,Daerah: Kelantan<br>No:1061<br>Hex coord:(149;32),n/a,0,0,0,0,0,0,1,2022-12-30T19:52:28.2416269Z,0
5.745709,102.1525098,Daerah: Kelantan<br>No:1062<br>Hex coord:(150;32),n/a,0,0,0,0,0,0,1,2022-12-30T19:52:28.9248487Z,0
5.737929,102.1660565,Daerah: Kelantan<br>No:1063<br>Hex coord:(151;32),n/a,0,0,0,0,0,0,1,2022-12-30T19:52:29.6142542Z,0
5.745709,102.1796032,Daerah: Kelantan<br>No:1064<br>Hex coord:(152;32),n/a,1,0,0,0,0,0,1,2022-12-30T19:52:30.2963615Z,0
5.737929,102.1931499,Daerah: Kelantan<br>No:1065<br>Hex coord:(153;32),n/a,0,0,0,0,0,0,1,2022-12-30T19:52:30.9765266Z,0
5.745709,102.2066966,Daerah: Kelantan<br>No:1066<br>Hex coord:(154;32),n/a,0,0,0,0,0,0,1,2022-12-30T19:52:31.6644243Z,0
5.737929,102.2202433,Daerah: Kelantan<br>No:1067<br>Hex coord:(155;32),n/a,1,0,0,0,0,0,1,2022-12-30T19:52:32.3513907Z,0
5.745709,102.23379,Daerah: Kelantan<br>No:1068<br>Hex coord:(156;32),n/a,0,0,0,0,0,0,1,2022-12-30T19:52:33.0686120Z,0
5.737929,102.2473367,Daerah: Kelantan<br>No:1069<br>Hex coord:(157;32),n/a,1,0,0,0,0,0,1,2022-12-30T19:52:33.7477370Z,0
5.745709,102.2608835,Daerah: Kelantan<br>No:1070<br>Hex coord:(158;32),n/a,0,0,0,0,0,0,1,2022-12-30T19:52:34.4304938Z,0
5.737929,102.2744302,Daerah: Kelantan<br>No:1071<br>Hex coord:(159;32),n/a,0,0,0,0,0,0,1,2022-12-30T19:52:35.0982752Z,0
5.745709,102.2879769,Daerah: Kelantan<br>No:1072<br>Hex coord:(160;32),n/a,0,0,0,0,0,0,1,2022-12-30T19:52:35.7681461Z,0
5.737929,102.3015236,Daerah: Kelantan<br>No:1073<br>Hex coord:(161;32),n/a,0,0,0,0,0,0,1,2022-12-30T19:52:36.4341415Z,0
5.745709,102.3150703,Daerah: Kelantan<br>No:1074<br>Hex coord:(162;32),n/a,0,0,0,0,0,0,1,2022-12-30T19:52:37.1064019Z,0
5.737929,102.328617,Daerah: Kelantan<br>No:1075<br>Hex coord:(163;32),n/a,0,0,0,0,0,0,1,2022-12-30T19:52:37.7856981Z,0
5.745709,102.3421637,Daerah: Kelantan<br>No:1076<br>Hex coord:(164;32),n/a,0,0,0,0,0,0,1,2022-12-30T19:52:38.4626643Z,0
5.737929,102.3557104,Daerah: Kelantan<br>No:1077<br>Hex coord:(165;32),n/a,0,0,0,0,0,0,1,2022-12-30T19:52:39.1257124Z,0
5.745709,102.3692571,Daerah: Kelantan<br>No:1078<br>Hex coord:(166;32),n/a,0,0,0,0,0,0,1,2022-12-30T19:52:39.7963683Z,0
5.737929,102.3828038,Daerah: Kelantan<br>No:1079<br>Hex coord:(167;32),n/a,0,0,0,0,0,0,1,2022-12-30T19:52:40.4736250Z,0
5.745709,102.3963505,Daerah: Kelantan<br>No:1080<br>Hex coord:(168;32),n/a,0,0,0,0,0,0,1,2022-12-30T19:52:41.1496944Z,0
5.737929,102.4098972,Daerah: Kelantan<br>No:1081<br>Hex coord:(169;32),n/a,0,0,0,0,0,0,1,2022-12-30T19:52:41.8322640Z,0
5.745709,102.4234439,Daerah: Kelantan<br>No:1082<br>Hex coord:(170;32),n/a,0,0,0,0,0,0,1,2022-12-30T19:52:42.5163778Z,0
5.730149,101.6919218,Daerah: Kelantan<br>No:1083<br>Hex coord:(116;33),n/a,0,0,0,0,0,0,1,2022-12-30T19:52:43.1826758Z,0
5.722369,101.7054685,Daerah: Kelantan<br>No:1084<br>Hex coord:(117;33),n/a,0,0,0,0,0,0,1,2022-12-30T19:52:43.8571652Z,0
5.730149,101.7190152,Daerah: Kelantan<br>No:1085<br>Hex coord:(118;33),n/a,0,0,0,0,0,0,1,2022-12-30T19:52:44.5265324Z,0
5.722369,101.7325619,Daerah: Kelantan<br>No:1086<br>Hex coord:(119;33),n/a,0,0,0,0,0,0,1,2022-12-30T19:52:45.1925107Z,0
5.730149,101.7461086,Daerah: Kelantan<br>No:1087<br>Hex coord:(120;33),n/a,0,0,0,0,0,0,1,2022-12-30T19:52:45.8695241Z,0
5.722369,101.7596554,Daerah: Kelantan<br>No:1088<br>Hex coord:(121;33),n/a,0,0,0,0,0,0,1,2022-12-30T19:52:46.5390622Z,0
5.730149,101.7732021,Daerah: Kelantan<br>No:1089<br>Hex coord:(122;33),n/a,0,0,0,0,0,0,1,2022-12-30T19:52:47.2052714Z,0
5.722369,101.7867488,Daerah: Kelantan<br>No:1090<br>Hex coord:(123;33),n/a,0,0,0,0,0,0,1,2022-12-30T19:52:47.8749931Z,0
5.730149,101.8002955,Daerah: Kelantan<br>No:1091<br>Hex coord:(124;33),n/a,0,0,0,0,0,0,1,2022-12-30T19:52:48.5439808Z,0
5.722369,101.8138422,Daerah: Kelantan<br>No:1092<br>Hex coord:(125;33),n/a,0,0,0,0,0,0,1,2022-12-30T19:52:49.2177133Z,0
5.730149,101.8273889,Daerah: Kelantan<br>No:1093<br>Hex coord:(126;33),n/a,0,0,0,0,0,0,1,2022-12-30T19:52:49.8979271Z,0
5.722369,101.8409356,Daerah: Kelantan<br>No:1094<br>Hex coord:(127;33),n/a,0,0,0,0,0,0,1,2022-12-30T19:52:50.5817221Z,0
5.730149,101.8544823,Daerah: Kelantan<br>No:1095<br>Hex coord:(128;33),n/a,0,0,0,0,0,0,1,2022-12-30T19:52:51.2514302Z,0
5.722369,101.868029,Daerah: Kelantan<br>No:1096<br>Hex coord:(129;33),n/a,0,0,0,0,0,0,1,2022-12-30T19:52:51.9261255Z,0
5.730149,101.8815757,Daerah: Kelantan<br>No:1097<br>Hex coord:(130;33),n/a,0,0,0,0,0,0,1,2022-12-30T19:52:52.5966651Z,0
5.722369,101.8951224,Daerah: Kelantan<br>No:1098<br>Hex coord:(131;33),n/a,0,0,0,0,0,0,1,2022-12-30T19:52:53.2707661Z,0
5.730149,101.9086691,Daerah: Kelantan<br>No:1099<br>Hex coord:(132;33),n/a,0,0,0,0,0,0,1,2022-12-30T19:52:53.9385369Z,0
5.722369,101.9222158,Daerah: Kelantan<br>No:1100<br>Hex coord:(133;33),n/a,0,0,0,0,0,0,1,2022-12-30T19:52:54.6270392Z,0
5.730149,101.9357625,Daerah: Kelantan<br>No:1101<br>Hex coord:(134;33),n/a,0,0,0,0,0,0,1,2022-12-30T19:52:55.2965310Z,0
5.722369,101.9493092,Daerah: Kelantan<br>No:1102<br>Hex coord:(135;33),n/a,0,0,0,0,0,0,1,2022-12-30T19:52:55.9651926Z,0
5.730149,101.9628559,Daerah: Kelantan<br>No:1103<br>Hex coord:(136;33),n/a,0,0,0,0,0,0,1,2022-12-30T19:52:56.6382783Z,0
5.722369,101.9764026,Daerah: Kelantan<br>No:1104<br>Hex coord:(137;33),n/a,0,0,0,0,0,0,1,2022-12-30T19:52:57.3130087Z,0
5.730149,101.9899493,Daerah: Kelantan<br>No:1105<br>Hex coord:(138;33),n/a,0,0,0,0,0,0,1,2022-12-30T19:52:57.9822306Z,0
5.722369,102.003496,Daerah: Kelantan<br>No:1106<br>Hex coord:(139;33),n/a,0,0,0,0,0,0,1,2022-12-30T19:52:58.6575701Z,0
5.730149,102.0170428,Daerah: Kelantan<br>No:1107<br>Hex coord:(140;33),n/a,0,0,0,0,0,0,1,2022-12-30T19:52:59.3284680Z,0
5.722369,102.0305895,Daerah: Kelantan<br>No:1108<br>Hex coord:(141;33),n/a,0,0,0,0,0,0,1,2022-12-30T19:53:00.0040032Z,0
5.730149,102.0441362,Daerah: Kelantan<br>No:1109<br>Hex coord:(142;33),n/a,0,0,0,0,0,0,1,2022-12-30T19:53:00.6844365Z,0
5.722369,102.0576829,Daerah: Kelantan<br>No:1110<br>Hex coord:(143;33),n/a,0,0,0,0,0,0,1,2022-12-30T19:53:01.3672763Z,0
5.730149,102.0712296,Daerah: Kelantan<br>No:1111<br>Hex coord:(144;33),n/a,0,0,0,0,0,0,1,2022-12-30T19:53:02.0500970Z,0
5.722369,102.0847763,Daerah: Kelantan<br>No:1112<br>Hex coord:(145;33),n/a,0,0,0,0,0,0,1,2022-12-30T19:53:02.7264098Z,0
5.730149,102.098323,Daerah: Kelantan<br>No:1113<br>Hex coord:(146;33),n/a,0,0,0,0,0,0,1,2022-12-30T19:53:03.3951563Z,0
5.722369,102.1118697,Daerah: Kelantan<br>No:1114<br>Hex coord:(147;33),n/a,0,0,0,0,0,0,1,2022-12-30T19:53:04.0744443Z,0
5.730149,102.1254164,Daerah: Kelantan<br>No:1115<br>Hex coord:(148;33),n/a,0,0,0,0,0,0,1,2022-12-30T19:53:04.7321814Z,0
5.722369,102.1389631,Daerah: Kelantan<br>No:1116<br>Hex coord:(149;33),n/a,0,0,0,0,0,0,1,2022-12-30T19:53:05.4079034Z,0
5.730149,102.1525098,Daerah: Kelantan<br>No:1117<br>Hex coord:(150;33),n/a,0,0,0,0,0,0,1,2022-12-30T19:53:06.0785948Z,0
5.722369,102.1660565,Daerah: Kelantan<br>No:1118<br>Hex coord:(151;33),n/a,0,0,0,0,0,0,1,2022-12-30T19:53:06.7519084Z,0
5.730149,102.1796032,Daerah: Kelantan<br>No:1119<br>Hex coord:(152;33),n/a,0,0,0,0,0,0,1,2022-12-30T19:53:07.4416492Z,0
5.722369,102.1931499,Daerah: Kelantan<br>No:1120<br>Hex coord:(153;33),n/a,0,0,0,0,0,0,1,2022-12-30T19:53:08.1220726Z,0
5.730149,102.2066966,Daerah: Kelantan<br>No:1121<br>Hex coord:(154;33),n/a,1,0,0,0,0,0,1,2022-12-30T19:53:08.8038883Z,0
5.722369,102.2202433,Daerah: Kelantan<br>No:1122<br>Hex coord:(155;33),n/a,0,0,0,0,0,0,1,2022-12-30T19:53:09.4778576Z,0
5.730149,102.23379,Daerah: Kelantan<br>No:1123<br>Hex coord:(156;33),n/a,0,0,0,0,0,0,1,2022-12-30T19:53:10.1663121Z,0
5.722369,102.2473367,Daerah: Kelantan<br>No:1124<br>Hex coord:(157;33),n/a,0,0,0,0,0,0,1,2022-12-30T19:53:10.8469173Z,0
5.730149,102.2608835,Daerah: Kelantan<br>No:1125<br>Hex coord:(158;33),n/a,0,0,0,0,0,0,1,2022-12-30T19:53:11.5285720Z,0
5.722369,102.2744302,Daerah: Kelantan<br>No:1126<br>Hex coord:(159;33),n/a,0,0,0,0,0,0,1,2022-12-30T19:53:12.2112757Z,0
5.730149,102.2879769,Daerah: Kelantan<br>No:1127<br>Hex coord:(160;33),n/a,0,0,0,0,0,0,1,2022-12-30T19:53:12.8821294Z,0
5.722369,102.3015236,Daerah: Kelantan<br>No:1128<br>Hex coord:(161;33),n/a,0,0,0,0,0,0,1,2022-12-30T19:53:13.5498929Z,0
5.730149,102.3150703,Daerah: Kelantan<br>No:1129<br>Hex coord:(162;33),n/a,0,0,0,0,0,0,1,2022-12-30T19:53:14.2361517Z,0
5.722369,102.328617,Daerah: Kelantan<br>No:1130<br>Hex coord:(163;33),n/a,0,0,0,0,0,0,1,2022-12-30T19:53:14.9025848Z,0
5.730149,102.3421637,Daerah: Kelantan<br>No:1131<br>Hex coord:(164;33),n/a,0,0,0,0,0,0,1,2022-12-30T19:53:15.5869114Z,0
5.722369,102.3557104,Daerah: Kelantan<br>No:1132<br>Hex coord:(165;33),n/a,0,0,0,0,0,0,1,2022-12-30T19:53:16.2613139Z,0
5.730149,102.3692571,Daerah: Kelantan<br>No:1133<br>Hex coord:(166;33),n/a,0,0,0,0,0,0,1,2022-12-30T19:53:16.9429565Z,0
5.722369,102.3828038,Daerah: Kelantan<br>No:1134<br>Hex coord:(167;33),n/a,0,0,0,0,0,0,1,2022-12-30T19:53:17.6123789Z,0
5.730149,102.3963505,Daerah: Kelantan<br>No:1135<br>Hex coord:(168;33),n/a,0,0,0,0,0,0,1,2022-12-30T19:53:18.2833521Z,0
5.722369,102.4098972,Daerah: Kelantan<br>No:1136<br>Hex coord:(169;33),n/a,0,0,0,0,0,0,1,2022-12-30T19:53:18.9585558Z,0
5.706809,101.7054685,Daerah: Kelantan<br>No:1137<br>Hex coord:(117;34),n/a,0,0,0,0,0,0,1,2022-12-30T19:53:19.6286819Z,0
5.714589,101.7190152,Daerah: Kelantan<br>No:1138<br>Hex coord:(118;34),n/a,0,0,0,0,0,0,1,2022-12-30T19:53:20.3092197Z,0
5.706809,101.7325619,Daerah: Kelantan<br>No:1139<br>Hex coord:(119;34),n/a,1,0,0,0,0,0,1,2022-12-30T19:53:20.9914093Z,0
5.714589,101.7461086,Daerah: Kelantan<br>No:1140<br>Hex coord:(120;34),n/a,0,0,0,0,0,0,1,2022-12-30T19:53:21.6664006Z,0
5.706809,101.7596554,Daerah: Kelantan<br>No:1141<br>Hex coord:(121;34),n/a,0,0,0,0,0,0,1,2022-12-30T19:53:22.3503881Z,0
5.714589,101.7732021,Daerah: Kelantan<br>No:1142<br>Hex coord:(122;34),n/a,0,0,0,0,0,0,1,2022-12-30T19:53:23.0254411Z,0
5.706809,101.7867488,Daerah: Kelantan<br>No:1143<br>Hex coord:(123;34),n/a,0,0,0,0,0,0,1,2022-12-30T19:53:23.6995479Z,0
5.714589,101.8002955,Daerah: Kelantan<br>No:1144<br>Hex coord:(124;34),n/a,0,0,0,0,0,0,1,2022-12-30T19:53:24.3691822Z,0
5.706809,101.8138422,Daerah: Kelantan<br>No:1145<br>Hex coord:(125;34),n/a,0,0,0,0,0,0,1,2022-12-30T19:53:25.0523594Z,0
5.714589,101.8273889,Daerah: Kelantan<br>No:1146<br>Hex coord:(126;34),n/a,0,0,0,0,0,0,1,2022-12-30T19:53:25.7276241Z,0
5.706809,101.8409356,Daerah: Kelantan<br>No:1147<br>Hex coord:(127;34),n/a,0,0,0,0,0,0,1,2022-12-30T19:53:26.3974272Z,0
5.714589,101.8544823,Daerah: Kelantan<br>No:1148<br>Hex coord:(128;34),n/a,0,0,0,0,0,0,1,2022-12-30T19:53:27.0731056Z,0
5.706809,101.868029,Daerah: Kelantan<br>No:1149<br>Hex coord:(129;34),n/a,0,0,0,0,0,0,1,2022-12-30T19:53:27.7460066Z,0
5.714589,101.8815757,Daerah: Kelantan<br>No:1150<br>Hex coord:(130;34),n/a,0,0,0,0,0,0,1,2022-12-30T19:53:28.4209375Z,0
5.706809,101.8951224,Daerah: Kelantan<br>No:1151<br>Hex coord:(131;34),n/a,0,0,0,0,0,0,1,2022-12-30T19:53:29.0939343Z,0
5.714589,101.9086691,Daerah: Kelantan<br>No:1152<br>Hex coord:(132;34),n/a,0,0,0,0,0,0,1,2022-12-30T19:53:29.7827788Z,0
5.706809,101.9222158,Daerah: Kelantan<br>No:1153<br>Hex coord:(133;34),n/a,0,0,0,0,0,0,1,2022-12-30T19:53:30.4580679Z,0
5.714589,101.9357625,Daerah: Kelantan<br>No:1154<br>Hex coord:(134;34),n/a,0,0,0,0,0,0,1,2022-12-30T19:53:31.1255129Z,0
5.706809,101.9493092,Daerah: Kelantan<br>No:1155<br>Hex coord:(135;34),n/a,0,0,0,0,0,0,1,2022-12-30T19:53:31.7991527Z,0
5.714589,101.9628559,Daerah: Kelantan<br>No:1156<br>Hex coord:(136;34),n/a,0,0,0,0,0,0,1,2022-12-30T19:53:32.4925664Z,0
5.706809,101.9764026,Daerah: Kelantan<br>No:1157<br>Hex coord:(137;34),n/a,0,0,0,0,0,0,1,2022-12-30T19:53:33.1616014Z,0
5.714589,101.9899493,Daerah: Kelantan<br>No:1158<br>Hex coord:(138;34),n/a,0,0,0,0,0,0,1,2022-12-30T19:53:33.8361610Z,0
5.706809,102.003496,Daerah: Kelantan<br>No:1159<br>Hex coord:(139;34),n/a,0,0,0,0,0,0,1,2022-12-30T19:53:34.5035698Z,0
5.714589,102.0170428,Daerah: Kelantan<br>No:1160<br>Hex coord:(140;34),n/a,0,0,0,0,0,0,1,2022-12-30T19:53:35.1741063Z,0
5.706809,102.0305895,Daerah: Kelantan<br>No:1161<br>Hex coord:(141;34),n/a,0,0,0,0,0,0,1,2022-12-30T19:53:35.8529719Z,0
5.714589,102.0441362,Daerah: Kelantan<br>No:1162<br>Hex coord:(142;34),n/a,0,0,0,0,0,0,1,2022-12-30T19:53:36.5321820Z,0
5.706809,102.0576829,Daerah: Kelantan<br>No:1163<br>Hex coord:(143;34),n/a,0,0,0,0,0,0,1,2022-12-30T19:53:37.2033221Z,0
5.714589,102.0712296,Daerah: Kelantan<br>No:1164<br>Hex coord:(144;34),n/a,0,0,0,0,0,0,1,2022-12-30T19:53:37.8778540Z,0
5.706809,102.0847763,Daerah: Kelantan<br>No:1165<br>Hex coord:(145;34),n/a,0,0,0,0,0,0,1,2022-12-30T19:53:38.5532689Z,0
5.714589,102.098323,Daerah: Kelantan<br>No:1166<br>Hex coord:(146;34),n/a,0,0,0,0,0,0,1,2022-12-30T19:53:39.2386831Z,0
5.706809,102.1118697,Daerah: Kelantan<br>No:1167<br>Hex coord:(147;34),n/a,0,0,0,0,0,0,1,2022-12-30T19:53:39.9094484Z,0
5.714589,102.1254164,Daerah: Kelantan<br>No:1168<br>Hex coord:(148;34),n/a,0,0,0,0,0,0,1,2022-12-30T19:53:40.5790005Z,0
5.706809,102.1389631,Daerah: Kelantan<br>No:1169<br>Hex coord:(149;34),n/a,0,0,0,0,0,0,1,2022-12-30T19:53:41.2636603Z,0
5.714589,102.1525098,Daerah: Kelantan<br>No:1170<br>Hex coord:(150;34),n/a,0,0,0,0,0,0,1,2022-12-30T19:53:41.9348771Z,0
5.706809,102.1660565,Daerah: Kelantan<br>No:1171<br>Hex coord:(151;34),n/a,0,0,0,0,0,0,1,2022-12-30T19:53:42.6045619Z,0
5.714589,102.1796032,Daerah: Kelantan<br>No:1172<br>Hex coord:(152;34),n/a,0,0,0,0,0,0,1,2022-12-30T19:53:43.2944543Z,0
5.706809,102.1931499,Daerah: Kelantan<br>No:1173<br>Hex coord:(153;34),n/a,0,0,0,0,0,0,1,2022-12-30T19:53:43.9770745Z,0
5.714589,102.2066966,Daerah: Kelantan<br>No:1174<br>Hex coord:(154;34),n/a,0,0,0,0,0,0,1,2022-12-30T19:53:44.6547750Z,0
5.706809,102.2202433,Daerah: Kelantan<br>No:1175<br>Hex coord:(155;34),n/a,0,0,0,0,0,0,1,2022-12-30T19:53:45.3377785Z,0
5.714589,102.23379,Daerah: Kelantan<br>No:1176<br>Hex coord:(156;34),n/a,0,0,0,0,0,0,1,2022-12-30T19:53:46.0219945Z,0
5.706809,102.2473367,Daerah: Kelantan<br>No:1177<br>Hex coord:(157;34),n/a,0,0,0,0,0,0,1,2022-12-30T19:53:46.7001895Z,0
5.714589,102.2608835,Daerah: Kelantan<br>No:1178<br>Hex coord:(158;34),n/a,0,0,0,0,0,0,1,2022-12-30T19:53:47.3871618Z,0
5.706809,102.2744302,Daerah: Kelantan<br>No:1179<br>Hex coord:(159;34),n/a,0,0,0,0,0,0,1,2022-12-30T19:53:48.0663599Z,0
5.714589,102.2879769,Daerah: Kelantan<br>No:1180<br>Hex coord:(160;34),n/a,0,0,0,0,0,0,1,2022-12-30T19:53:48.7395979Z,0
5.706809,102.3015236,Daerah: Kelantan<br>No:1181<br>Hex coord:(161;34),n/a,0,0,0,0,0,0,1,2022-12-30T19:53:49.4186818Z,0
5.714589,102.3150703,Daerah: Kelantan<br>No:1182<br>Hex coord:(162;34),n/a,0,0,0,0,0,0,1,2022-12-30T19:53:50.0912540Z,0
5.706809,102.328617,Daerah: Kelantan<br>No:1183<br>Hex coord:(163;34),n/a,0,0,0,0,0,0,1,2022-12-30T19:53:50.7615074Z,0
5.714589,102.3421637,Daerah: Kelantan<br>No:1184<br>Hex coord:(164;34),n/a,0,0,0,0,0,0,1,2022-12-30T19:53:51.4466492Z,0
5.706809,102.3557104,Daerah: Kelantan<br>No:1185<br>Hex coord:(165;34),n/a,0,0,0,0,0,0,1,2022-12-30T19:53:52.1807623Z,0
5.714589,102.3692571,Daerah: Kelantan<br>No:1186<br>Hex coord:(166;34),n/a,0,0,0,0,0,0,1,2022-12-30T19:53:52.8480215Z,0
5.706809,102.3828038,Daerah: Kelantan<br>No:1187<br>Hex coord:(167;34),n/a,0,0,0,0,0,0,1,2022-12-30T19:53:53.5208473Z,0
5.714589,102.3963505,Daerah: Kelantan<br>No:1188<br>Hex coord:(168;34),n/a,0,0,0,0,0,0,1,2022-12-30T19:53:54.2003015Z,0
5.699029,101.6919218,Daerah: Kelantan<br>No:1189<br>Hex coord:(116;35),n/a,0,0,0,0,0,0,1,2022-12-30T19:53:54.8830417Z,0
5.691249,101.7054685,Daerah: Kelantan<br>No:1190<br>Hex coord:(117;35),n/a,0,0,0,0,0,0,1,2022-12-30T19:53:55.5585838Z,0
5.699029,101.7190152,Daerah: Kelantan<br>No:1191<br>Hex coord:(118;35),n/a,0,0,0,0,0,0,1,2022-12-30T19:53:56.2318814Z,0
5.691249,101.7325619,Daerah: Kelantan<br>No:1192<br>Hex coord:(119;35),n/a,0,0,0,0,0,0,1,2022-12-30T19:53:56.9089300Z,0
5.699029,101.7461086,Daerah: Kelantan<br>No:1193<br>Hex coord:(120;35),n/a,0,0,0,0,0,0,1,2022-12-30T19:53:57.5904982Z,0
5.691249,101.7596554,Daerah: Kelantan<br>No:1194<br>Hex coord:(121;35),n/a,0,0,0,0,0,0,1,2022-12-30T19:53:58.2743510Z,0
5.699029,101.7732021,Daerah: Kelantan<br>No:1195<br>Hex coord:(122;35),n/a,0,0,0,0,0,0,1,2022-12-30T19:53:58.9495737Z,0
5.691249,101.7867488,Daerah: Kelantan<br>No:1196<br>Hex coord:(123;35),n/a,0,0,0,0,0,0,1,2022-12-30T19:53:59.6409909Z,0
5.699029,101.8002955,Daerah: Kelantan<br>No:1197<br>Hex coord:(124;35),n/a,0,0,0,0,0,0,1,2022-12-30T19:54:00.3271708Z,0
5.691249,101.8138422,Daerah: Kelantan<br>No:1198<br>Hex coord:(125;35),n/a,0,0,0,0,0,0,1,2022-12-30T19:54:01.0598359Z,0
5.699029,101.8273889,Daerah: Kelantan<br>No:1199<br>Hex coord:(126;35),n/a,0,0,0,0,0,0,1,2022-12-30T19:54:01.7473249Z,0
5.691249,101.8409356,Daerah: Kelantan<br>No:1200<br>Hex coord:(127;35),n/a,1,0,0,0,0,0,1,2022-12-30T19:54:02.4313091Z,0
5.699029,101.8544823,Daerah: Kelantan<br>No:1201<br>Hex coord:(128;35),n/a,1,0,0,0,0,0,1,2022-12-30T19:54:03.1020564Z,0
5.691249,101.868029,Daerah: Kelantan<br>No:1202<br>Hex coord:(129;35),n/a,0,0,0,0,0,0,1,2022-12-30T19:54:03.7740875Z,0
5.699029,101.8815757,Daerah: Kelantan<br>No:1203<br>Hex coord:(130;35),n/a,0,0,0,0,0,0,1,2022-12-30T19:54:04.4390685Z,0
5.691249,101.8951224,Daerah: Kelantan<br>No:1204<br>Hex coord:(131;35),n/a,0,0,0,0,0,0,1,2022-12-30T19:54:05.1229309Z,0
5.699029,101.9086691,Daerah: Kelantan<br>No:1205<br>Hex coord:(132;35),n/a,0,0,0,0,0,0,1,2022-12-30T19:54:05.8201203Z,0
5.691249,101.9222158,Daerah: Kelantan<br>No:1206<br>Hex coord:(133;35),n/a,0,0,0,0,0,0,1,2022-12-30T19:54:06.5077044Z,0
5.699029,101.9357625,Daerah: Kelantan<br>No:1207<br>Hex coord:(134;35),n/a,0,0,0,0,0,0,1,2022-12-30T19:54:07.1786541Z,0
5.691249,101.9493092,Daerah: Kelantan<br>No:1208<br>Hex coord:(135;35),n/a,0,0,0,0,0,0,1,2022-12-30T19:54:07.8500546Z,0
5.699029,101.9628559,Daerah: Kelantan<br>No:1209<br>Hex coord:(136;35),n/a,0,0,0,0,0,0,1,2022-12-30T19:54:08.5282644Z,0
5.691249,101.9764026,Daerah: Kelantan<br>No:1210<br>Hex coord:(137;35),n/a,0,0,0,0,0,0,1,2022-12-30T19:54:09.1979058Z,0
5.699029,101.9899493,Daerah: Kelantan<br>No:1211<br>Hex coord:(138;35),n/a,0,0,0,0,0,0,1,2022-12-30T19:54:09.8809812Z,0
5.691249,102.003496,Daerah: Kelantan<br>No:1212<br>Hex coord:(139;35),n/a,0,0,0,0,0,0,1,2022-12-30T19:54:10.5667620Z,0
5.699029,102.0170428,Daerah: Kelantan<br>No:1213<br>Hex coord:(140;35),n/a,0,0,0,0,0,0,1,2022-12-30T19:54:11.2452006Z,0
5.691249,102.0305895,Daerah: Kelantan<br>No:1214<br>Hex coord:(141;35),n/a,0,0,0,0,0,0,1,2022-12-30T19:54:11.9197336Z,0
5.699029,102.0441362,Daerah: Kelantan<br>No:1215<br>Hex coord:(142;35),n/a,0,0,0,0,0,0,1,2022-12-30T19:54:12.6018862Z,0
5.691249,102.0576829,Daerah: Kelantan<br>No:1216<br>Hex coord:(143;35),n/a,0,0,0,0,0,0,1,2022-12-30T19:54:13.2776773Z,0
5.699029,102.0712296,Daerah: Kelantan<br>No:1217<br>Hex coord:(144;35),n/a,0,0,0,0,0,0,1,2022-12-30T19:54:13.9439242Z,0
5.691249,102.0847763,Daerah: Kelantan<br>No:1218<br>Hex coord:(145;35),n/a,0,0,0,0,0,0,1,2022-12-30T19:54:14.6181012Z,0
5.699029,102.098323,Daerah: Kelantan<br>No:1219<br>Hex coord:(146;35),n/a,0,0,0,0,0,0,1,2022-12-30T19:54:15.2949965Z,0
5.691249,102.1118697,Daerah: Kelantan<br>No:1220<br>Hex coord:(147;35),n/a,0,0,0,0,0,0,1,2022-12-30T19:54:15.9647933Z,0
5.699029,102.1254164,Daerah: Kelantan<br>No:1221<br>Hex coord:(148;35),n/a,0,0,0,0,0,0,1,2022-12-30T19:54:16.6481984Z,0
5.691249,102.1389631,Daerah: Kelantan<br>No:1222<br>Hex coord:(149;35),n/a,0,0,0,0,0,0,1,2022-12-30T19:54:17.3302277Z,0
5.699029,102.1525098,Daerah: Kelantan<br>No:1223<br>Hex coord:(150;35),n/a,0,0,0,0,0,0,1,2022-12-30T19:54:18.0134827Z,0
5.691249,102.1660565,Daerah: Kelantan<br>No:1224<br>Hex coord:(151;35),n/a,0,0,0,0,0,0,1,2022-12-30T19:54:18.6954163Z,0
5.699029,102.1796032,Daerah: Kelantan<br>No:1225<br>Hex coord:(152;35),n/a,0,0,0,0,0,0,1,2022-12-30T19:54:19.3607374Z,0
5.691249,102.1931499,Daerah: Kelantan<br>No:1226<br>Hex coord:(153;35),n/a,1,0,0,0,0,0,1,2022-12-30T19:54:20.0350290Z,0
5.699029,102.2066966,Daerah: Kelantan<br>No:1227<br>Hex coord:(154;35),n/a,1,0,0,0,0,0,1,2022-12-30T19:54:20.7158305Z,0
5.691249,102.2202433,Daerah: Kelantan<br>No:1228<br>Hex coord:(155;35),n/a,4,0,0,0,0,0,1,2022-12-30T19:54:21.4021383Z,0
5.699029,102.23379,Daerah: Kelantan<br>No:1229<br>Hex coord:(156;35),n/a,0,0,0,0,0,0,1,2022-12-30T19:54:22.0683526Z,0
5.691249,102.2473367,Daerah: Kelantan<br>No:1230<br>Hex coord:(157;35),n/a,0,0,0,0,0,0,1,2022-12-30T19:54:22.7584634Z,0
5.699029,102.2608835,Daerah: Kelantan<br>No:1231<br>Hex coord:(158;35),n/a,0,0,0,0,0,0,1,2022-12-30T19:54:23.4286519Z,0
5.691249,102.2744302,Daerah: Kelantan<br>No:1232<br>Hex coord:(159;35),n/a,0,0,0,0,0,0,1,2022-12-30T19:54:24.1013065Z,0
5.699029,102.2879769,Daerah: Kelantan<br>No:1233<br>Hex coord:(160;35),n/a,0,0,0,0,0,0,1,2022-12-30T19:54:24.7877171Z,0
5.691249,102.3015236,Daerah: Kelantan<br>No:1234<br>Hex coord:(161;35),n/a,0,0,0,0,0,0,1,2022-12-30T19:54:25.4569157Z,0
5.699029,102.3150703,Daerah: Kelantan<br>No:1235<br>Hex coord:(162;35),n/a,0,0,0,0,0,0,1,2022-12-30T19:54:26.1319189Z,0
5.691249,102.328617,Daerah: Kelantan<br>No:1236<br>Hex coord:(163;35),n/a,0,0,0,0,0,0,1,2022-12-30T19:54:26.8020601Z,0
5.699029,102.3421637,Daerah: Kelantan<br>No:1237<br>Hex coord:(164;35),n/a,0,0,0,0,0,0,1,2022-12-30T19:54:27.4801416Z,0
5.691249,102.3557104,Daerah: Kelantan<br>No:1238<br>Hex coord:(165;35),n/a,0,0,0,0,0,0,1,2022-12-30T19:54:28.1442469Z,0
5.699029,102.3692571,Daerah: Kelantan<br>No:1239<br>Hex coord:(166;35),n/a,0,0,0,0,0,0,1,2022-12-30T19:54:28.8164081Z,0
5.675689,101.6783751,Daerah: Kelantan<br>No:1240<br>Hex coord:(115;36),n/a,0,0,0,0,0,0,1,2022-12-30T19:54:29.4972310Z,0
5.683469,101.6919218,Daerah: Kelantan<br>No:1241<br>Hex coord:(116;36),n/a,0,0,0,0,0,0,1,2022-12-30T19:54:30.1625319Z,0
5.675689,101.7054685,Daerah: Kelantan<br>No:1242<br>Hex coord:(117;36),n/a,0,0,0,0,0,0,1,2022-12-30T19:54:30.8296302Z,0
5.683469,101.7190152,Daerah: Kelantan<br>No:1243<br>Hex coord:(118;36),n/a,0,0,0,0,0,0,1,2022-12-30T19:54:31.5036509Z,0
5.675689,101.7325619,Daerah: Kelantan<br>No:1244<br>Hex coord:(119;36),n/a,0,0,0,0,0,0,1,2022-12-30T19:54:32.1745777Z,0
5.683469,101.7461086,Daerah: Kelantan<br>No:1245<br>Hex coord:(120;36),n/a,0,0,0,0,0,0,1,2022-12-30T19:54:32.8458978Z,0
5.675689,101.7596554,Daerah: Kelantan<br>No:1246<br>Hex coord:(121;36),n/a,0,0,0,0,0,0,1,2022-12-30T19:54:33.5246003Z,0
5.683469,101.7732021,Daerah: Kelantan<br>No:1247<br>Hex coord:(122;36),n/a,0,0,0,0,0,0,1,2022-12-30T19:54:34.1982846Z,0
5.675689,101.7867488,Daerah: Kelantan<br>No:1248<br>Hex coord:(123;36),n/a,0,0,0,0,0,0,1,2022-12-30T19:54:34.8664493Z,0
5.683469,101.8002955,Daerah: Kelantan<br>No:1249<br>Hex coord:(124;36),n/a,0,0,0,0,0,0,1,2022-12-30T19:54:35.5471701Z,0
5.675689,101.8138422,Daerah: Kelantan<br>No:1250<br>Hex coord:(125;36),n/a,0,0,0,0,0,0,1,2022-12-30T19:54:36.2407499Z,0
5.683469,101.8273889,Daerah: Kelantan<br>No:1251<br>Hex coord:(126;36),n/a,0,0,0,0,0,0,1,2022-12-30T19:54:36.9116090Z,0
5.675689,101.8409356,Daerah: Kelantan<br>No:1252<br>Hex coord:(127;36),n/a,0,0,0,0,0,0,1,2022-12-30T19:54:37.5922391Z,0
5.683469,101.8544823,Daerah: Kelantan<br>No:1253<br>Hex coord:(128;36),n/a,0,0,0,0,0,0,1,2022-12-30T19:54:38.2784877Z,0
5.675689,101.868029,Daerah: Kelantan<br>No:1254<br>Hex coord:(129;36),n/a,0,0,0,0,0,0,1,2022-12-30T19:54:38.9525103Z,0
5.683469,101.8815757,Daerah: Kelantan<br>No:1255<br>Hex coord:(130;36),n/a,0,0,0,0,0,0,1,2022-12-30T19:54:39.6448526Z,0
5.675689,101.8951224,Daerah: Kelantan<br>No:1256<br>Hex coord:(131;36),n/a,0,0,0,0,0,0,1,2022-12-30T19:54:40.3318510Z,0
5.683469,101.9086691,Daerah: Kelantan<br>No:1257<br>Hex coord:(132;36),n/a,0,0,0,0,0,0,1,2022-12-30T19:54:41.0214111Z,0
5.675689,101.9222158,Daerah: Kelantan<br>No:1258<br>Hex coord:(133;36),n/a,0,0,0,0,0,0,1,2022-12-30T19:54:41.6999855Z,0
5.683469,101.9357625,Daerah: Kelantan<br>No:1259<br>Hex coord:(134;36),n/a,0,0,0,0,0,0,1,2022-12-30T19:54:42.3704050Z,0
5.675689,101.9493092,Daerah: Kelantan<br>No:1260<br>Hex coord:(135;36),n/a,0,0,0,0,0,0,1,2022-12-30T19:54:43.0553561Z,0
5.683469,101.9628559,Daerah: Kelantan<br>No:1261<br>Hex coord:(136;36),n/a,0,0,0,0,0,0,1,2022-12-30T19:54:43.7191136Z,0
5.675689,101.9764026,Daerah: Kelantan<br>No:1262<br>Hex coord:(137;36),n/a,0,0,0,0,0,0,1,2022-12-30T19:54:44.3941743Z,0
5.683469,101.9899493,Daerah: Kelantan<br>No:1263<br>Hex coord:(138;36),n/a,0,0,0,0,0,0,1,2022-12-30T19:54:45.0798176Z,0
5.675689,102.003496,Daerah: Kelantan<br>No:1264<br>Hex coord:(139;36),n/a,0,0,0,0,0,0,1,2022-12-30T19:54:45.7536264Z,0
5.683469,102.0170428,Daerah: Kelantan<br>No:1265<br>Hex coord:(140;36),n/a,0,0,0,0,0,0,1,2022-12-30T19:54:46.4453611Z,0
5.675689,102.0305895,Daerah: Kelantan<br>No:1266<br>Hex coord:(141;36),n/a,0,0,0,0,0,0,1,2022-12-30T19:54:47.1133923Z,0
5.683469,102.0441362,Daerah: Kelantan<br>No:1267<br>Hex coord:(142;36),n/a,0,0,0,0,0,0,1,2022-12-30T19:54:47.7931585Z,0
5.675689,102.0576829,Daerah: Kelantan<br>No:1268<br>Hex coord:(143;36),n/a,0,0,0,0,0,0,1,2022-12-30T19:54:48.4585343Z,0
5.683469,102.0712296,Daerah: Kelantan<br>No:1269<br>Hex coord:(144;36),n/a,0,0,0,0,0,0,1,2022-12-30T19:54:49.1326009Z,0
5.675689,102.0847763,Daerah: Kelantan<br>No:1270<br>Hex coord:(145;36),n/a,0,0,0,0,0,0,1,2022-12-30T19:54:49.7956749Z,0
5.683469,102.098323,Daerah: Kelantan<br>No:1271<br>Hex coord:(146;36),n/a,0,0,0,0,0,0,1,2022-12-30T19:54:50.4745093Z,0
5.675689,102.1118697,Daerah: Kelantan<br>No:1272<br>Hex coord:(147;36),n/a,0,0,0,0,0,0,1,2022-12-30T19:54:51.1445423Z,0
5.683469,102.1254164,Daerah: Kelantan<br>No:1273<br>Hex coord:(148;36),n/a,0,0,0,0,0,0,1,2022-12-30T19:54:51.8247548Z,0
5.675689,102.1389631,Daerah: Kelantan<br>No:1274<br>Hex coord:(149;36),n/a,0,0,0,0,0,0,1,2022-12-30T19:54:52.4974552Z,0
5.683469,102.1525098,Daerah: Kelantan<br>No:1275<br>Hex coord:(150;36),n/a,0,0,0,0,0,0,1,2022-12-30T19:54:53.1724507Z,0
5.675689,102.1660565,Daerah: Kelantan<br>No:1276<br>Hex coord:(151;36),n/a,0,0,0,0,0,0,1,2022-12-30T19:54:53.8508413Z,0
5.683469,102.1796032,Daerah: Kelantan<br>No:1277<br>Hex coord:(152;36),n/a,0,0,0,0,0,0,1,2022-12-30T19:54:54.5334127Z,0
5.675689,102.1931499,Daerah: Kelantan<br>No:1278<br>Hex coord:(153;36),n/a,0,0,0,0,0,0,1,2022-12-30T19:54:55.2086884Z,0
5.683469,102.2066966,Daerah: Kelantan<br>No:1279<br>Hex coord:(154;36),n/a,0,0,0,0,0,0,1,2022-12-30T19:54:55.8802427Z,0
5.675689,102.2202433,Daerah: Kelantan<br>No:1280<br>Hex coord:(155;36),n/a,3,0,0,0,0,0,1,2022-12-30T19:54:56.5555998Z,0
5.683469,102.23379,Daerah: Kelantan<br>No:1281<br>Hex coord:(156;36),n/a,0,0,0,0,0,0,1,2022-12-30T19:54:57.2411209Z,0
5.675689,102.2473367,Daerah: Kelantan<br>No:1282<br>Hex coord:(157;36),n/a,0,0,0,0,0,0,1,2022-12-30T19:54:57.9360872Z,0
5.683469,102.2608835,Daerah: Kelantan<br>No:1283<br>Hex coord:(158;36),n/a,0,0,0,0,0,0,1,2022-12-30T19:54:58.6163626Z,0
5.675689,102.2744302,Daerah: Kelantan<br>No:1284<br>Hex coord:(159;36),n/a,0,0,0,0,0,0,1,2022-12-30T19:54:59.2788614Z,0
5.683469,102.2879769,Daerah: Kelantan<br>No:1285<br>Hex coord:(160;36),n/a,0,0,0,0,0,0,1,2022-12-30T19:54:59.9581524Z,0
5.675689,102.3015236,Daerah: Kelantan<br>No:1286<br>Hex coord:(161;36),n/a,0,0,0,0,0,0,1,2022-12-30T19:55:00.6495310Z,0
5.683469,102.3150703,Daerah: Kelantan<br>No:1287<br>Hex coord:(162;36),n/a,0,0,0,0,0,0,1,2022-12-30T19:55:01.3189414Z,0
5.675689,102.328617,Daerah: Kelantan<br>No:1288<br>Hex coord:(163;36),n/a,0,0,0,0,0,0,1,2022-12-30T19:55:01.9915631Z,0
5.683469,102.3421637,Daerah: Kelantan<br>No:1289<br>Hex coord:(164;36),n/a,0,0,0,0,0,0,1,2022-12-30T19:55:02.6808336Z,0
5.675689,102.3557104,Daerah: Kelantan<br>No:1290<br>Hex coord:(165;36),n/a,0,0,0,0,0,0,1,2022-12-30T19:55:03.3744311Z,0
5.683469,102.3692571,Daerah: Kelantan<br>No:1291<br>Hex coord:(166;36),n/a,0,0,0,0,0,0,1,2022-12-30T19:55:04.0551228Z,0
5.667909,101.6648284,Daerah: Kelantan<br>No:1292<br>Hex coord:(114;37),n/a,0,0,0,0,0,0,1,2022-12-30T19:55:04.7316878Z,0
5.660129,101.6783751,Daerah: Kelantan<br>No:1293<br>Hex coord:(115;37),n/a,0,0,0,0,0,0,1,2022-12-30T19:55:05.4028448Z,0
5.667909,101.6919218,Daerah: Kelantan<br>No:1294<br>Hex coord:(116;37),n/a,0,0,0,0,0,0,1,2022-12-30T19:55:06.0850887Z,0
5.660129,101.7054685,Daerah: Kelantan<br>No:1295<br>Hex coord:(117;37),n/a,0,0,0,0,0,0,1,2022-12-30T19:55:06.7505814Z,0
5.667909,101.7190152,Daerah: Kelantan<br>No:1296<br>Hex coord:(118;37),n/a,0,0,0,0,0,0,1,2022-12-30T19:55:07.4215193Z,0
5.660129,101.7325619,Daerah: Kelantan<br>No:1297<br>Hex coord:(119;37),n/a,0,0,0,0,0,0,1,2022-12-30T19:55:08.0951911Z,0
5.667909,101.7461086,Daerah: Kelantan<br>No:1298<br>Hex coord:(120;37),n/a,0,0,0,0,0,0,1,2022-12-30T19:55:08.7630665Z,0
5.660129,101.7596554,Daerah: Kelantan<br>No:1299<br>Hex coord:(121;37),n/a,0,0,0,0,0,0,1,2022-12-30T19:55:09.4436487Z,0
5.667909,101.7732021,Daerah: Kelantan<br>No:1300<br>Hex coord:(122;37),n/a,0,0,0,0,0,0,1,2022-12-30T19:55:10.1273473Z,0
5.660129,101.7867488,Daerah: Kelantan<br>No:1301<br>Hex coord:(123;37),n/a,0,0,0,0,0,0,1,2022-12-30T19:55:10.8193022Z,0
5.667909,101.8002955,Daerah: Kelantan<br>No:1302<br>Hex coord:(124;37),n/a,0,0,0,0,0,0,1,2022-12-30T19:55:11.4892601Z,0
5.660129,101.8138422,Daerah: Kelantan<br>No:1303<br>Hex coord:(125;37),n/a,0,0,0,0,0,0,1,2022-12-30T19:55:12.1658725Z,0
5.667909,101.8273889,Daerah: Kelantan<br>No:1304<br>Hex coord:(126;37),n/a,0,0,0,0,0,0,1,2022-12-30T19:55:12.8348688Z,0
5.660129,101.8409356,Daerah: Kelantan<br>No:1305<br>Hex coord:(127;37),n/a,0,0,0,0,0,0,1,2022-12-30T19:55:13.5166266Z,0
5.667909,101.8544823,Daerah: Kelantan<br>No:1306<br>Hex coord:(128;37),n/a,0,0,0,0,0,0,1,2022-12-30T19:55:14.1859573Z,0
5.660129,101.868029,Daerah: Kelantan<br>No:1307<br>Hex coord:(129;37),n/a,1,0,0,0,0,0,1,2022-12-30T19:55:14.8592590Z,0
5.667909,101.8815757,Daerah: Kelantan<br>No:1308<br>Hex coord:(130;37),n/a,0,0,0,0,0,0,1,2022-12-30T19:55:15.5346260Z,0
5.660129,101.8951224,Daerah: Kelantan<br>No:1309<br>Hex coord:(131;37),n/a,0,0,0,0,0,0,1,2022-12-30T19:55:16.2077378Z,0
5.667909,101.9086691,Daerah: Kelantan<br>No:1310<br>Hex coord:(132;37),n/a,0,0,0,0,0,0,1,2022-12-30T19:55:16.8772739Z,0
5.660129,101.9222158,Daerah: Kelantan<br>No:1311<br>Hex coord:(133;37),n/a,0,0,0,0,0,0,1,2022-12-30T19:55:17.5442920Z,0
5.667909,101.9357625,Daerah: Kelantan<br>No:1312<br>Hex coord:(134;37),n/a,0,0,0,0,0,0,1,2022-12-30T19:55:18.2129530Z,0
5.660129,101.9493092,Daerah: Kelantan<br>No:1313<br>Hex coord:(135;37),n/a,0,0,0,0,0,0,1,2022-12-30T19:55:18.8907004Z,0
5.667909,101.9628559,Daerah: Kelantan<br>No:1314<br>Hex coord:(136;37),n/a,0,0,0,0,0,0,1,2022-12-30T19:55:19.5640885Z,0
5.660129,101.9764026,Daerah: Kelantan<br>No:1315<br>Hex coord:(137;37),n/a,0,0,0,0,0,0,1,2022-12-30T19:55:20.2379232Z,0
5.667909,101.9899493,Daerah: Kelantan<br>No:1316<br>Hex coord:(138;37),n/a,0,0,0,0,0,0,1,2022-12-30T19:55:20.9064529Z,0
5.660129,102.003496,Daerah: Kelantan<br>No:1317<br>Hex coord:(139;37),n/a,0,0,0,0,0,0,1,2022-12-30T19:55:21.5788200Z,0
5.667909,102.0170428,Daerah: Kelantan<br>No:1318<br>Hex coord:(140;37),n/a,0,0,0,0,0,0,1,2022-12-30T19:55:22.2500790Z,0
5.660129,102.0305895,Daerah: Kelantan<br>No:1319<br>Hex coord:(141;37),n/a,0,0,0,0,0,0,1,2022-12-30T19:55:22.9348726Z,0
5.667909,102.0441362,Daerah: Kelantan<br>No:1320<br>Hex coord:(142;37),n/a,0,0,0,0,0,0,1,2022-12-30T19:55:23.6150891Z,0
5.660129,102.0576829,Daerah: Kelantan<br>No:1321<br>Hex coord:(143;37),n/a,0,0,0,0,0,0,1,2022-12-30T19:55:24.2845468Z,0
5.667909,102.0712296,Daerah: Kelantan<br>No:1322<br>Hex coord:(144;37),n/a,0,0,0,0,0,0,1,2022-12-30T19:55:24.9622508Z,0
5.660129,102.0847763,Daerah: Kelantan<br>No:1323<br>Hex coord:(145;37),n/a,0,0,0,0,0,0,1,2022-12-30T19:55:25.6409899Z,0
5.667909,102.098323,Daerah: Kelantan<br>No:1324<br>Hex coord:(146;37),n/a,0,0,0,0,0,0,1,2022-12-30T19:55:26.3055659Z,0
5.660129,102.1118697,Daerah: Kelantan<br>No:1325<br>Hex coord:(147;37),n/a,0,0,0,0,0,0,1,2022-12-30T19:55:26.9799657Z,0
5.667909,102.1254164,Daerah: Kelantan<br>No:1326<br>Hex coord:(148;37),n/a,0,0,0,0,0,0,1,2022-12-30T19:55:27.6587256Z,0
5.660129,102.1389631,Daerah: Kelantan<br>No:1327<br>Hex coord:(149;37),n/a,0,0,0,0,0,0,1,2022-12-30T19:55:28.3344342Z,0
5.667909,102.1525098,Daerah: Kelantan<br>No:1328<br>Hex coord:(150;37),n/a,0,0,0,0,0,0,1,2022-12-30T19:55:29.0173519Z,0
5.660129,102.1660565,Daerah: Kelantan<br>No:1329<br>Hex coord:(151;37),n/a,0,0,0,0,0,0,1,2022-12-30T19:55:29.6913313Z,0
5.667909,102.1796032,Daerah: Kelantan<br>No:1330<br>Hex coord:(152;37),n/a,0,0,0,0,0,0,1,2022-12-30T19:55:30.3764484Z,0
5.660129,102.1931499,Daerah: Kelantan<br>No:1331<br>Hex coord:(153;37),n/a,0,0,0,0,0,0,1,2022-12-30T19:55:31.0609657Z,0
5.667909,102.2066966,Daerah: Kelantan<br>No:1332<br>Hex coord:(154;37),n/a,0,0,0,0,0,0,1,2022-12-30T19:55:31.7894484Z,0
5.660129,102.2202433,Daerah: Kelantan<br>No:1333<br>Hex coord:(155;37),n/a,0,0,0,0,0,0,1,2022-12-30T19:55:32.5230177Z,0
5.667909,102.23379,Daerah: Kelantan<br>No:1334<br>Hex coord:(156;37),n/a,0,0,0,0,0,0,1,2022-12-30T19:55:33.2119079Z,0
5.660129,102.2473367,Daerah: Kelantan<br>No:1335<br>Hex coord:(157;37),n/a,0,0,0,0,0,0,1,2022-12-30T19:55:33.9284157Z,0
5.667909,102.2608835,Daerah: Kelantan<br>No:1336<br>Hex coord:(158;37),n/a,0,0,0,0,0,0,1,2022-12-30T19:55:34.6394181Z,0
5.660129,102.2744302,Daerah: Kelantan<br>No:1337<br>Hex coord:(159;37),n/a,0,0,0,0,0,0,1,2022-12-30T19:55:35.3376848Z,0
5.667909,102.2879769,Daerah: Kelantan<br>No:1338<br>Hex coord:(160;37),n/a,0,0,0,0,0,0,1,2022-12-30T19:55:36.0255483Z,0
5.660129,102.3015236,Daerah: Kelantan<br>No:1339<br>Hex coord:(161;37),n/a,0,0,0,0,0,0,1,2022-12-30T19:55:36.7535970Z,0
5.667909,102.3150703,Daerah: Kelantan<br>No:1340<br>Hex coord:(162;37),n/a,0,0,0,0,0,0,1,2022-12-30T19:55:37.4825560Z,0
5.660129,102.328617,Daerah: Kelantan<br>No:1341<br>Hex coord:(163;37),n/a,0,0,0,0,0,0,1,2022-12-30T19:55:38.1745491Z,0
5.667909,102.3421637,Daerah: Kelantan<br>No:1342<br>Hex coord:(164;37),n/a,0,0,0,0,0,0,1,2022-12-30T19:55:38.8477879Z,0
5.660129,102.3557104,Daerah: Kelantan<br>No:1343<br>Hex coord:(165;37),n/a,0,0,0,0,0,0,1,2022-12-30T19:55:39.5136092Z,0
5.667909,102.3692571,Daerah: Kelantan<br>No:1344<br>Hex coord:(166;37),n/a,0,0,0,0,0,0,1,2022-12-30T19:55:40.1852325Z,0
5.660129,102.3828038,Daerah: Kelantan<br>No:1345<br>Hex coord:(167;37),n/a,0,0,0,0,0,0,1,2022-12-30T19:55:40.8947376Z,0
5.652349,101.6648284,Daerah: Kelantan<br>No:1346<br>Hex coord:(114;38),n/a,0,0,0,0,0,0,1,2022-12-30T19:55:41.5639218Z,0
5.644569,101.6783751,Daerah: Kelantan<br>No:1347<br>Hex coord:(115;38),n/a,0,0,0,0,0,0,1,2022-12-30T19:55:42.2395499Z,0
5.652349,101.6919218,Daerah: Kelantan<br>No:1348<br>Hex coord:(116;38),n/a,0,0,0,0,0,0,1,2022-12-30T19:55:42.9201569Z,0
5.644569,101.7054685,Daerah: Kelantan<br>No:1349<br>Hex coord:(117;38),n/a,0,0,0,0,0,0,1,2022-12-30T19:55:43.5822239Z,0
5.652349,101.7190152,Daerah: Kelantan<br>No:1350<br>Hex coord:(118;38),n/a,0,0,0,0,0,0,1,2022-12-30T19:55:44.2533053Z,0
5.644569,101.7325619,Daerah: Kelantan<br>No:1351<br>Hex coord:(119;38),n/a,0,0,0,0,0,0,1,2022-12-30T19:55:44.9289320Z,0
5.652349,101.7461086,Daerah: Kelantan<br>No:1352<br>Hex coord:(120;38),n/a,2,0,0,0,0,0,1,2022-12-30T19:55:45.5911777Z,0
5.644569,101.7596554,Daerah: Kelantan<br>No:1353<br>Hex coord:(121;38),n/a,0,0,0,0,0,0,1,2022-12-30T19:55:46.2670552Z,0
5.652349,101.7732021,Daerah: Kelantan<br>No:1354<br>Hex coord:(122;38),n/a,0,0,0,0,0,0,1,2022-12-30T19:55:46.9453875Z,0
5.644569,101.7867488,Daerah: Kelantan<br>No:1355<br>Hex coord:(123;38),n/a,0,0,0,0,0,0,1,2022-12-30T19:55:47.6296526Z,0
5.652349,101.8002955,Daerah: Kelantan<br>No:1356<br>Hex coord:(124;38),n/a,0,0,0,0,0,0,1,2022-12-30T19:55:48.3017923Z,0
5.644569,101.8138422,Daerah: Kelantan<br>No:1357<br>Hex coord:(125;38),n/a,0,0,0,0,0,0,1,2022-12-30T19:55:48.9774088Z,0
5.652349,101.8273889,Daerah: Kelantan<br>No:1358<br>Hex coord:(126;38),n/a,0,0,0,0,0,0,1,2022-12-30T19:55:49.6584861Z,0
5.644569,101.8409356,Daerah: Kelantan<br>No:1359<br>Hex coord:(127;38),n/a,0,0,0,0,0,0,1,2022-12-30T19:55:50.3265348Z,0
5.652349,101.8544823,Daerah: Kelantan<br>No:1360<br>Hex coord:(128;38),n/a,0,0,0,0,0,0,1,2022-12-30T19:55:51.0102727Z,0
5.644569,101.868029,Daerah: Kelantan<br>No:1361<br>Hex coord:(129;38),n/a,0,0,0,0,0,0,1,2022-12-30T19:55:51.6827866Z,0
5.652349,101.8815757,Daerah: Kelantan<br>No:1362<br>Hex coord:(130;38),n/a,1,0,0,0,0,0,1,2022-12-30T19:55:52.3517787Z,0
5.644569,101.8951224,Daerah: Kelantan<br>No:1363<br>Hex coord:(131;38),n/a,0,0,0,0,0,0,1,2022-12-30T19:55:53.0219979Z,0
5.652349,101.9086691,Daerah: Kelantan<br>No:1364<br>Hex coord:(132;38),n/a,0,0,0,0,0,0,1,2022-12-30T19:55:53.7072135Z,0
5.644569,101.9222158,Daerah: Kelantan<br>No:1365<br>Hex coord:(133;38),n/a,0,0,0,0,0,0,1,2022-12-30T19:55:54.3796625Z,0
5.652349,101.9357625,Daerah: Kelantan<br>No:1366<br>Hex coord:(134;38),n/a,0,0,0,0,0,0,1,2022-12-30T19:55:55.0643203Z,0
5.644569,101.9493092,Daerah: Kelantan<br>No:1367<br>Hex coord:(135;38),n/a,0,0,0,0,0,0,1,2022-12-30T19:55:55.7328426Z,0
5.652349,101.9628559,Daerah: Kelantan<br>No:1368<br>Hex coord:(136;38),n/a,0,0,0,0,0,0,1,2022-12-30T19:55:56.4913553Z,0
5.644569,101.9764026,Daerah: Kelantan<br>No:1369<br>Hex coord:(137;38),n/a,0,0,0,0,0,0,1,2022-12-30T19:55:57.1696515Z,0
5.652349,101.9899493,Daerah: Kelantan<br>No:1370<br>Hex coord:(138;38),n/a,0,0,0,0,0,0,1,2022-12-30T19:55:57.8551706Z,0
5.644569,102.003496,Daerah: Kelantan<br>No:1371<br>Hex coord:(139;38),n/a,0,0,0,0,0,0,1,2022-12-30T19:55:58.5683225Z,0
5.652349,102.0170428,Daerah: Kelantan<br>No:1372<br>Hex coord:(140;38),n/a,0,0,0,0,0,0,1,2022-12-30T19:55:59.2386985Z,0
5.644569,102.0305895,Daerah: Kelantan<br>No:1373<br>Hex coord:(141;38),n/a,0,0,0,0,0,0,1,2022-12-30T19:55:59.9369812Z,0
5.652349,102.0441362,Daerah: Kelantan<br>No:1374<br>Hex coord:(142;38),n/a,0,0,0,0,0,0,1,2022-12-30T19:56:00.6095007Z,0
5.644569,102.0576829,Daerah: Kelantan<br>No:1375<br>Hex coord:(143;38),n/a,0,0,0,0,0,0,1,2022-12-30T19:56:01.2736817Z,0
5.652349,102.0712296,Daerah: Kelantan<br>No:1376<br>Hex coord:(144;38),n/a,0,0,0,0,0,0,1,2022-12-30T19:56:01.9451894Z,0
5.644569,102.0847763,Daerah: Kelantan<br>No:1377<br>Hex coord:(145;38),n/a,0,0,0,0,0,0,1,2022-12-30T19:56:02.6273323Z,0
5.652349,102.098323,Daerah: Kelantan<br>No:1378<br>Hex coord:(146;38),n/a,0,0,0,0,0,0,1,2022-12-30T19:56:03.3025783Z,0
5.644569,102.1118697,Daerah: Kelantan<br>No:1379<br>Hex coord:(147;38),n/a,0,0,0,0,0,0,1,2022-12-30T19:56:03.9935360Z,0
5.652349,102.1254164,Daerah: Kelantan<br>No:1380<br>Hex coord:(148;38),n/a,0,0,0,0,0,0,1,2022-12-30T19:56:04.6520794Z,0
5.644569,102.1389631,Daerah: Kelantan<br>No:1381<br>Hex coord:(149;38),n/a,0,0,0,0,0,0,1,2022-12-30T19:56:05.3217318Z,0
5.652349,102.1525098,Daerah: Kelantan<br>No:1382<br>Hex coord:(150;38),n/a,0,0,0,0,0,0,1,2022-12-30T19:56:05.9926775Z,0
5.644569,102.1660565,Daerah: Kelantan<br>No:1383<br>Hex coord:(151;38),n/a,0,0,0,0,0,0,1,2022-12-30T19:56:06.6656689Z,0
5.652349,102.1796032,Daerah: Kelantan<br>No:1384<br>Hex coord:(152;38),n/a,0,0,0,0,0,0,1,2022-12-30T19:56:07.3414201Z,0
5.644569,102.1931499,Daerah: Kelantan<br>No:1385<br>Hex coord:(153;38),n/a,0,0,0,0,0,0,1,2022-12-30T19:56:08.0234928Z,0
5.652349,102.2066966,Daerah: Kelantan<br>No:1386<br>Hex coord:(154;38),n/a,0,0,0,0,0,0,1,2022-12-30T19:56:08.6939324Z,0
5.644569,102.2202433,Daerah: Kelantan<br>No:1387<br>Hex coord:(155;38),n/a,0,0,0,0,0,0,1,2022-12-30T19:56:09.3782047Z,0
5.652349,102.23379,Daerah: Kelantan<br>No:1388<br>Hex coord:(156;38),n/a,0,0,0,0,0,0,1,2022-12-30T19:56:10.0452183Z,0
5.644569,102.2473367,Daerah: Kelantan<br>No:1389<br>Hex coord:(157;38),n/a,0,0,0,0,0,0,1,2022-12-30T19:56:10.7121281Z,0
5.652349,102.2608835,Daerah: Kelantan<br>No:1390<br>Hex coord:(158;38),n/a,0,0,0,0,0,0,1,2022-12-30T19:56:11.3933699Z,0
5.644569,102.2744302,Daerah: Kelantan<br>No:1391<br>Hex coord:(159;38),n/a,0,0,0,0,0,0,1,2022-12-30T19:56:12.0652143Z,0
5.652349,102.2879769,Daerah: Kelantan<br>No:1392<br>Hex coord:(160;38),n/a,0,0,0,0,0,0,1,2022-12-30T19:56:12.7366759Z,0
5.644569,102.3015236,Daerah: Kelantan<br>No:1393<br>Hex coord:(161;38),n/a,0,0,0,0,0,0,1,2022-12-30T19:56:13.4087122Z,0
5.652349,102.3150703,Daerah: Kelantan<br>No:1394<br>Hex coord:(162;38),n/a,0,0,0,0,0,0,1,2022-12-30T19:56:14.0736744Z,0
5.644569,102.328617,Daerah: Kelantan<br>No:1395<br>Hex coord:(163;38),n/a,0,0,0,0,0,0,1,2022-12-30T19:56:14.7538209Z,0
5.652349,102.3421637,Daerah: Kelantan<br>No:1396<br>Hex coord:(164;38),n/a,0,0,0,0,0,0,1,2022-12-30T19:56:15.4307643Z,0
5.644569,102.3557104,Daerah: Kelantan<br>No:1397<br>Hex coord:(165;38),n/a,0,0,0,0,0,0,1,2022-12-30T19:56:16.1135212Z,0
5.652349,102.3692571,Daerah: Kelantan<br>No:1398<br>Hex coord:(166;38),n/a,0,0,0,0,0,0,1,2022-12-30T19:56:16.7856613Z,0
5.644569,102.3828038,Daerah: Kelantan<br>No:1399<br>Hex coord:(167;38),n/a,0,0,0,0,0,0,1,2022-12-30T19:56:17.4555280Z,0
5.636789,101.6648284,Daerah: Kelantan<br>No:1400<br>Hex coord:(114;39),n/a,0,0,0,0,0,0,1,2022-12-30T19:56:18.1248177Z,0
5.629009,101.6783751,Daerah: Kelantan<br>No:1401<br>Hex coord:(115;39),n/a,0,0,0,0,0,0,1,2022-12-30T19:56:18.8058515Z,0
5.636789,101.6919218,Daerah: Kelantan<br>No:1402<br>Hex coord:(116;39),n/a,0,0,0,0,0,0,1,2022-12-30T19:56:19.4711497Z,0
5.629009,101.7054685,Daerah: Kelantan<br>No:1403<br>Hex coord:(117;39),n/a,0,0,0,0,0,0,1,2022-12-30T19:56:20.1395363Z,0
5.636789,101.7190152,Daerah: Kelantan<br>No:1404<br>Hex coord:(118;39),n/a,0,0,0,0,0,0,1,2022-12-30T19:56:20.8084758Z,0
5.629009,101.7325619,Daerah: Kelantan<br>No:1405<br>Hex coord:(119;39),n/a,0,0,0,0,0,0,1,2022-12-30T19:56:21.4824700Z,0
5.636789,101.7461086,Daerah: Kelantan<br>No:1406<br>Hex coord:(120;39),n/a,0,0,0,0,0,0,1,2022-12-30T19:56:22.1487628Z,0
5.629009,101.7596554,Daerah: Kelantan<br>No:1407<br>Hex coord:(121;39),n/a,0,0,0,0,0,0,1,2022-12-30T19:56:22.8310240Z,0
5.636789,101.7732021,Daerah: Kelantan<br>No:1408<br>Hex coord:(122;39),n/a,0,0,0,0,0,0,1,2022-12-30T19:56:23.5006066Z,0
5.629009,101.7867488,Daerah: Kelantan<br>No:1409<br>Hex coord:(123;39),n/a,0,0,0,0,0,0,1,2022-12-30T19:56:24.1719333Z,0
5.636789,101.8002955,Daerah: Kelantan<br>No:1410<br>Hex coord:(124;39),n/a,0,0,0,0,0,0,1,2022-12-30T19:56:24.8682060Z,0
5.629009,101.8138422,Daerah: Kelantan<br>No:1411<br>Hex coord:(125;39),n/a,0,0,0,0,0,0,1,2022-12-30T19:56:25.5423026Z,0
5.636789,101.8273889,Daerah: Kelantan<br>No:1412<br>Hex coord:(126;39),n/a,0,0,0,0,0,0,1,2022-12-30T19:56:26.2114763Z,0
5.629009,101.8409356,Daerah: Kelantan<br>No:1413<br>Hex coord:(127;39),n/a,0,0,0,0,0,0,1,2022-12-30T19:56:26.8925430Z,0
5.636789,101.8544823,Daerah: Kelantan<br>No:1414<br>Hex coord:(128;39),n/a,0,0,0,0,0,0,1,2022-12-30T19:56:27.5768245Z,0
5.629009,101.868029,Daerah: Kelantan<br>No:1415<br>Hex coord:(129;39),n/a,0,0,0,0,0,0,1,2022-12-30T19:56:28.2554377Z,0
5.636789,101.8815757,Daerah: Kelantan<br>No:1416<br>Hex coord:(130;39),n/a,0,0,0,0,0,0,1,2022-12-30T19:56:28.9214469Z,0
5.629009,101.8951224,Daerah: Kelantan<br>No:1417<br>Hex coord:(131;39),n/a,0,0,0,0,0,0,1,2022-12-30T19:56:29.5835586Z,0
5.636789,101.9086691,Daerah: Kelantan<br>No:1418<br>Hex coord:(132;39),n/a,0,0,0,0,0,0,1,2022-12-30T19:56:30.2571876Z,0
5.629009,101.9222158,Daerah: Kelantan<br>No:1419<br>Hex coord:(133;39),n/a,0,0,0,0,0,0,1,2022-12-30T19:56:30.9286046Z,0
5.636789,101.9357625,Daerah: Kelantan<br>No:1420<br>Hex coord:(134;39),n/a,0,0,0,0,0,0,1,2022-12-30T19:56:31.5982049Z,0
5.629009,101.9493092,Daerah: Kelantan<br>No:1421<br>Hex coord:(135;39),n/a,0,0,0,0,0,0,1,2022-12-30T19:56:32.2719753Z,0
5.636789,101.9628559,Daerah: Kelantan<br>No:1422<br>Hex coord:(136;39),n/a,0,0,0,0,0,0,1,2022-12-30T19:56:32.9367727Z,0
5.629009,101.9764026,Daerah: Kelantan<br>No:1423<br>Hex coord:(137;39),n/a,0,0,0,0,0,0,1,2022-12-30T19:56:33.5913501Z,0
5.636789,101.9899493,Daerah: Kelantan<br>No:1424<br>Hex coord:(138;39),n/a,0,0,0,0,0,0,1,2022-12-30T19:56:34.2446132Z,0
5.629009,102.003496,Daerah: Kelantan<br>No:1425<br>Hex coord:(139;39),n/a,0,0,0,0,0,0,1,2022-12-30T19:56:34.9213474Z,0
5.636789,102.0170428,Daerah: Kelantan<br>No:1426<br>Hex coord:(140;39),n/a,0,0,0,0,0,0,1,2022-12-30T19:56:35.5984126Z,0
5.629009,102.0305895,Daerah: Kelantan<br>No:1427<br>Hex coord:(141;39),n/a,0,0,0,0,0,0,1,2022-12-30T19:56:36.2801899Z,0
5.636789,102.0441362,Daerah: Kelantan<br>No:1428<br>Hex coord:(142;39),n/a,0,0,0,0,0,0,1,2022-12-30T19:56:36.9617550Z,0
5.629009,102.0576829,Daerah: Kelantan<br>No:1429<br>Hex coord:(143;39),n/a,0,0,0,0,0,0,1,2022-12-30T19:56:37.6345934Z,0
5.636789,102.0712296,Daerah: Kelantan<br>No:1430<br>Hex coord:(144;39),n/a,0,0,0,0,0,0,1,2022-12-30T19:56:38.3033992Z,0
5.629009,102.0847763,Daerah: Kelantan<br>No:1431<br>Hex coord:(145;39),n/a,0,0,0,0,0,0,1,2022-12-30T19:56:39.0014625Z,0
5.636789,102.098323,Daerah: Kelantan<br>No:1432<br>Hex coord:(146;39),n/a,0,0,0,0,0,0,1,2022-12-30T19:56:39.6750403Z,0
5.629009,102.1118697,Daerah: Kelantan<br>No:1433<br>Hex coord:(147;39),n/a,0,0,0,0,0,0,1,2022-12-30T19:56:40.3450103Z,0
5.636789,102.1254164,Daerah: Kelantan<br>No:1434<br>Hex coord:(148;39),n/a,0,0,0,0,0,0,1,2022-12-30T19:56:41.0173863Z,0
5.629009,102.1389631,Daerah: Kelantan<br>No:1435<br>Hex coord:(149;39),n/a,0,0,0,0,0,0,1,2022-12-30T19:56:41.6865096Z,0
5.636789,102.1525098,Daerah: Kelantan<br>No:1436<br>Hex coord:(150;39),n/a,0,0,0,0,0,0,1,2022-12-30T19:56:42.3559351Z,0
5.629009,102.1660565,Daerah: Kelantan<br>No:1437<br>Hex coord:(151;39),n/a,0,0,0,0,0,0,1,2022-12-30T19:56:43.0358602Z,0
5.636789,102.1796032,Daerah: Kelantan<br>No:1438<br>Hex coord:(152;39),n/a,0,0,0,0,0,0,1,2022-12-30T19:56:43.7099677Z,0
5.629009,102.1931499,Daerah: Kelantan<br>No:1439<br>Hex coord:(153;39),n/a,0,0,0,0,0,0,1,2022-12-30T19:56:44.6281362Z,0
5.636789,102.2066966,Daerah: Kelantan<br>No:1440<br>Hex coord:(154;39),n/a,0,0,0,0,0,0,1,2022-12-30T19:56:45.3080418Z,0
5.629009,102.2202433,Daerah: Kelantan<br>No:1441<br>Hex coord:(155;39),n/a,0,0,0,0,0,0,1,2022-12-30T19:56:45.9893631Z,0
5.636789,102.23379,Daerah: Kelantan<br>No:1442<br>Hex coord:(156;39),n/a,0,0,0,0,0,0,1,2022-12-30T19:56:46.6642005Z,0
5.629009,102.2473367,Daerah: Kelantan<br>No:1443<br>Hex coord:(157;39),n/a,0,0,0,0,0,0,1,2022-12-30T19:56:47.3365345Z,0
5.636789,102.2608835,Daerah: Kelantan<br>No:1444<br>Hex coord:(158;39),n/a,0,0,0,0,0,0,1,2022-12-30T19:56:48.0211194Z,0
5.629009,102.2744302,Daerah: Kelantan<br>No:1445<br>Hex coord:(159;39),n/a,0,0,0,0,0,0,1,2022-12-30T19:56:48.6859198Z,0
5.636789,102.2879769,Daerah: Kelantan<br>No:1446<br>Hex coord:(160;39),n/a,0,0,0,0,0,0,1,2022-12-30T19:56:49.3587843Z,0
5.629009,102.3015236,Daerah: Kelantan<br>No:1447<br>Hex coord:(161;39),n/a,0,0,0,0,0,0,1,2022-12-30T19:56:50.0261017Z,0
5.636789,102.3150703,Daerah: Kelantan<br>No:1448<br>Hex coord:(162;39),n/a,0,0,0,0,0,0,1,2022-12-30T19:56:50.7041124Z,0
5.629009,102.328617,Daerah: Kelantan<br>No:1449<br>Hex coord:(163;39),n/a,0,0,0,0,0,0,1,2022-12-30T19:56:51.3811293Z,0
5.636789,102.3421637,Daerah: Kelantan<br>No:1450<br>Hex coord:(164;39),n/a,0,0,0,0,0,0,1,2022-12-30T19:56:52.0602885Z,0
5.629009,102.3557104,Daerah: Kelantan<br>No:1451<br>Hex coord:(165;39),n/a,0,0,0,0,0,0,1,2022-12-30T19:56:52.7379436Z,0
5.636789,102.3692571,Daerah: Kelantan<br>No:1452<br>Hex coord:(166;39),n/a,0,0,0,0,0,0,1,2022-12-30T19:56:53.4097773Z,0
5.629009,102.3828038,Daerah: Kelantan<br>No:1453<br>Hex coord:(167;39),n/a,0,0,0,0,0,0,1,2022-12-30T19:56:54.0886802Z,0
5.621229,101.6648284,Daerah: Kelantan<br>No:1454<br>Hex coord:(114;40),n/a,0,0,0,0,0,0,1,2022-12-30T19:56:54.7613021Z,0
5.613449,101.6783751,Daerah: Kelantan<br>No:1455<br>Hex coord:(115;40),n/a,0,0,0,0,0,0,1,2022-12-30T19:56:55.4351273Z,0
5.621229,101.6919218,Daerah: Kelantan<br>No:1456<br>Hex coord:(116;40),n/a,0,0,0,0,0,0,1,2022-12-30T19:56:56.1082685Z,0
5.613449,101.7054685,Daerah: Kelantan<br>No:1457<br>Hex coord:(117;40),n/a,0,0,0,0,0,0,1,2022-12-30T19:56:56.7811356Z,0
5.621229,101.7190152,Daerah: Kelantan<br>No:1458<br>Hex coord:(118;40),n/a,0,0,0,0,0,0,1,2022-12-30T19:56:57.4642015Z,0
5.613449,101.7325619,Daerah: Kelantan<br>No:1459<br>Hex coord:(119;40),n/a,0,0,0,0,0,0,1,2022-12-30T19:56:58.1289112Z,0
5.621229,101.7461086,Daerah: Kelantan<br>No:1460<br>Hex coord:(120;40),n/a,0,0,0,0,0,0,1,2022-12-30T19:56:58.8000636Z,0
5.613449,101.7596554,Daerah: Kelantan<br>No:1461<br>Hex coord:(121;40),n/a,0,0,0,0,0,0,1,2022-12-30T19:56:59.4734630Z,0
5.621229,101.7732021,Daerah: Kelantan<br>No:1462<br>Hex coord:(122;40),n/a,0,0,0,0,0,0,1,2022-12-30T19:57:00.1452377Z,0
5.613449,101.7867488,Daerah: Kelantan<br>No:1463<br>Hex coord:(123;40),n/a,0,0,0,0,0,0,1,2022-12-30T19:57:00.8100590Z,0
5.621229,101.8002955,Daerah: Kelantan<br>No:1464<br>Hex coord:(124;40),n/a,0,0,0,0,0,0,1,2022-12-30T19:57:01.5301586Z,0
5.613449,101.8138422,Daerah: Kelantan<br>No:1465<br>Hex coord:(125;40),n/a,0,0,0,0,0,0,1,2022-12-30T19:57:02.2037154Z,0
5.621229,101.8273889,Daerah: Kelantan<br>No:1466<br>Hex coord:(126;40),n/a,0,0,0,0,0,0,1,2022-12-30T19:57:02.8735125Z,0
5.613449,101.8409356,Daerah: Kelantan<br>No:1467<br>Hex coord:(127;40),n/a,0,0,0,0,0,0,1,2022-12-30T19:57:03.5430841Z,0
5.621229,101.8544823,Daerah: Kelantan<br>No:1468<br>Hex coord:(128;40),n/a,0,0,0,0,0,0,1,2022-12-30T19:57:04.2218256Z,0
5.613449,101.868029,Daerah: Kelantan<br>No:1469<br>Hex coord:(129;40),n/a,0,0,0,0,0,0,1,2022-12-30T19:57:04.8935976Z,0
5.621229,101.8815757,Daerah: Kelantan<br>No:1470<br>Hex coord:(130;40),n/a,0,0,0,0,0,0,1,2022-12-30T19:57:05.5751005Z,0
5.613449,101.8951224,Daerah: Kelantan<br>No:1471<br>Hex coord:(131;40),n/a,0,0,0,0,0,0,1,2022-12-30T19:57:06.2423093Z,0
5.621229,101.9086691,Daerah: Kelantan<br>No:1472<br>Hex coord:(132;40),n/a,0,0,0,0,0,0,1,2022-12-30T19:57:06.9297806Z,0
5.613449,101.9222158,Daerah: Kelantan<br>No:1473<br>Hex coord:(133;40),n/a,0,0,0,0,0,0,1,2022-12-30T19:57:07.6139660Z,0
5.621229,101.9357625,Daerah: Kelantan<br>No:1474<br>Hex coord:(134;40),n/a,0,0,0,0,0,0,1,2022-12-30T19:57:08.2854163Z,0
5.613449,101.9493092,Daerah: Kelantan<br>No:1475<br>Hex coord:(135;40),n/a,0,0,0,0,0,0,1,2022-12-30T19:57:08.9574401Z,0
5.621229,101.9628559,Daerah: Kelantan<br>No:1476<br>Hex coord:(136;40),n/a,0,0,0,0,0,0,1,2022-12-30T19:57:09.6243302Z,0
5.613449,101.9764026,Daerah: Kelantan<br>No:1477<br>Hex coord:(137;40),n/a,0,0,0,0,0,0,1,2022-12-30T19:57:10.2957956Z,0
5.621229,101.9899493,Daerah: Kelantan<br>No:1478<br>Hex coord:(138;40),n/a,0,0,0,0,0,0,1,2022-12-30T19:57:10.9671929Z,0
5.613449,102.003496,Daerah: Kelantan<br>No:1479<br>Hex coord:(139;40),n/a,0,0,0,0,0,0,1,2022-12-30T19:57:11.6378645Z,0
5.621229,102.0170428,Daerah: Kelantan<br>No:1480<br>Hex coord:(140;40),n/a,0,0,0,0,0,0,1,2022-12-30T19:57:12.3257386Z,0
5.613449,102.0305895,Daerah: Kelantan<br>No:1481<br>Hex coord:(141;40),n/a,0,0,0,0,0,0,1,2022-12-30T19:57:13.0045471Z,0
5.621229,102.0441362,Daerah: Kelantan<br>No:1482<br>Hex coord:(142;40),n/a,0,0,0,0,0,0,1,2022-12-30T19:57:13.6732911Z,0
5.613449,102.0576829,Daerah: Kelantan<br>No:1483<br>Hex coord:(143;40),n/a,0,0,0,0,0,0,1,2022-12-30T19:57:14.3443320Z,0
5.621229,102.0712296,Daerah: Kelantan<br>No:1484<br>Hex coord:(144;40),n/a,0,0,0,0,0,0,1,2022-12-30T19:57:15.0135198Z,0
5.613449,102.0847763,Daerah: Kelantan<br>No:1485<br>Hex coord:(145;40),n/a,0,0,0,0,0,0,1,2022-12-30T19:57:15.6833319Z,0
5.621229,102.098323,Daerah: Kelantan<br>No:1486<br>Hex coord:(146;40),n/a,0,0,0,0,0,0,1,2022-12-30T19:57:16.3490294Z,0
5.613449,102.1118697,Daerah: Kelantan<br>No:1487<br>Hex coord:(147;40),n/a,0,0,0,0,0,0,1,2022-12-30T19:57:17.0214085Z,0
5.621229,102.1254164,Daerah: Kelantan<br>No:1488<br>Hex coord:(148;40),n/a,0,0,0,0,0,0,1,2022-12-30T19:57:17.6954973Z,0
5.613449,102.1389631,Daerah: Kelantan<br>No:1489<br>Hex coord:(149;40),n/a,0,0,0,0,0,0,1,2022-12-30T19:57:18.3744796Z,0
5.621229,102.1525098,Daerah: Kelantan<br>No:1490<br>Hex coord:(150;40),n/a,0,0,0,0,0,0,1,2022-12-30T19:57:19.0561177Z,0
5.613449,102.1660565,Daerah: Kelantan<br>No:1491<br>Hex coord:(151;40),n/a,0,0,0,0,0,0,1,2022-12-30T19:57:19.7351355Z,0
5.621229,102.1796032,Daerah: Kelantan<br>No:1492<br>Hex coord:(152;40),n/a,1,0,0,0,0,0,1,2022-12-30T19:57:20.4104566Z,0
5.613449,102.1931499,Daerah: Kelantan<br>No:1493<br>Hex coord:(153;40),n/a,1,0,0,0,0,0,1,2022-12-30T19:57:21.0799582Z,0
5.621229,102.2066966,Daerah: Kelantan<br>No:1494<br>Hex coord:(154;40),n/a,0,0,0,0,0,0,1,2022-12-30T19:57:21.7528033Z,0
5.613449,102.2202433,Daerah: Kelantan<br>No:1495<br>Hex coord:(155;40),n/a,0,0,0,0,0,0,1,2022-12-30T19:57:22.4247314Z,0
5.621229,102.23379,Daerah: Kelantan<br>No:1496<br>Hex coord:(156;40),n/a,0,0,0,0,0,0,1,2022-12-30T19:57:23.0961137Z,0
5.613449,102.2473367,Daerah: Kelantan<br>No:1497<br>Hex coord:(157;40),n/a,0,0,0,0,0,0,1,2022-12-30T19:57:23.7678336Z,0
5.621229,102.2608835,Daerah: Kelantan<br>No:1498<br>Hex coord:(158;40),n/a,0,0,0,0,0,0,1,2022-12-30T19:57:24.4460694Z,0
5.613449,102.2744302,Daerah: Kelantan<br>No:1499<br>Hex coord:(159;40),n/a,0,0,0,0,0,0,1,2022-12-30T19:57:25.1276387Z,0
5.621229,102.2879769,Daerah: Kelantan<br>No:1500<br>Hex coord:(160;40),n/a,0,0,0,0,0,0,1,2022-12-30T19:57:25.8009829Z,0
5.613449,102.3015236,Daerah: Kelantan<br>No:1501<br>Hex coord:(161;40),n/a,0,0,0,0,0,0,1,2022-12-30T19:57:26.4714424Z,0
5.621229,102.3150703,Daerah: Kelantan<br>No:1502<br>Hex coord:(162;40),n/a,0,0,0,0,0,0,1,2022-12-30T19:57:27.1423161Z,0
5.613449,102.328617,Daerah: Kelantan<br>No:1503<br>Hex coord:(163;40),n/a,0,0,0,0,0,0,1,2022-12-30T19:57:27.8072490Z,0
5.621229,102.3421637,Daerah: Kelantan<br>No:1504<br>Hex coord:(164;40),n/a,0,0,0,0,0,0,1,2022-12-30T19:57:28.4801580Z,0
5.613449,102.3557104,Daerah: Kelantan<br>No:1505<br>Hex coord:(165;40),n/a,0,0,0,0,0,0,1,2022-12-30T19:57:29.1528565Z,0
5.621229,102.3692571,Daerah: Kelantan<br>No:1506<br>Hex coord:(166;40),n/a,0,0,0,0,0,0,1,2022-12-30T19:57:29.8195410Z,0
5.613449,102.3828038,Daerah: Kelantan<br>No:1507<br>Hex coord:(167;40),n/a,0,0,0,0,0,0,1,2022-12-30T19:57:30.4906064Z,0
5.605669,101.6648284,Daerah: Kelantan<br>No:1508<br>Hex coord:(114;41),n/a,0,0,0,0,0,0,1,2022-12-30T19:57:31.1627046Z,0
5.597889,101.6783751,Daerah: Kelantan<br>No:1509<br>Hex coord:(115;41),n/a,0,0,0,0,0,0,1,2022-12-30T19:57:31.8434550Z,0
5.605669,101.6919218,Daerah: Kelantan<br>No:1510<br>Hex coord:(116;41),n/a,0,0,0,0,0,0,1,2022-12-30T19:57:32.5177517Z,0
5.597889,101.7054685,Daerah: Kelantan<br>No:1511<br>Hex coord:(117;41),n/a,0,0,0,0,0,0,1,2022-12-30T19:57:33.1906825Z,0
5.605669,101.7190152,Daerah: Kelantan<br>No:1512<br>Hex coord:(118;41),n/a,0,0,0,0,0,0,1,2022-12-30T19:57:33.8609622Z,0
5.597889,101.7325619,Daerah: Kelantan<br>No:1513<br>Hex coord:(119;41),n/a,0,0,0,0,0,0,1,2022-12-30T19:57:34.5304458Z,0
5.605669,101.7461086,Daerah: Kelantan<br>No:1514<br>Hex coord:(120;41),n/a,0,0,0,0,0,0,1,2022-12-30T19:57:35.1991945Z,0
5.597889,101.7596554,Daerah: Kelantan<br>No:1515<br>Hex coord:(121;41),n/a,0,0,0,0,0,0,1,2022-12-30T19:57:35.8701130Z,0
5.605669,101.7732021,Daerah: Kelantan<br>No:1516<br>Hex coord:(122;41),n/a,0,0,0,0,0,0,1,2022-12-30T19:57:36.5371541Z,0
5.597889,101.7867488,Daerah: Kelantan<br>No:1517<br>Hex coord:(123;41),n/a,0,0,0,0,0,0,1,2022-12-30T19:57:37.2073759Z,0
5.605669,101.8002955,Daerah: Kelantan<br>No:1518<br>Hex coord:(124;41),n/a,0,0,0,0,0,0,1,2022-12-30T19:57:37.8806998Z,0
5.597889,101.8138422,Daerah: Kelantan<br>No:1519<br>Hex coord:(125;41),n/a,0,0,0,0,0,0,1,2022-12-30T19:57:38.5455755Z,0
5.605669,101.8273889,Daerah: Kelantan<br>No:1520<br>Hex coord:(126;41),n/a,0,0,0,0,0,0,1,2022-12-30T19:57:39.2198017Z,0
5.597889,101.8409356,Daerah: Kelantan<br>No:1521<br>Hex coord:(127;41),n/a,0,0,0,0,0,0,1,2022-12-30T19:57:39.8887668Z,0
5.605669,101.8544823,Daerah: Kelantan<br>No:1522<br>Hex coord:(128;41),n/a,0,0,0,0,0,0,1,2022-12-30T19:57:40.5604117Z,0
5.597889,101.868029,Daerah: Kelantan<br>No:1523<br>Hex coord:(129;41),n/a,0,0,0,0,0,0,1,2022-12-30T19:57:41.2225568Z,0
5.605669,101.8815757,Daerah: Kelantan<br>No:1524<br>Hex coord:(130;41),n/a,0,0,0,0,0,0,1,2022-12-30T19:57:41.8981673Z,0
5.597889,101.8951224,Daerah: Kelantan<br>No:1525<br>Hex coord:(131;41),n/a,0,0,0,0,0,0,1,2022-12-30T19:57:42.5783926Z,0
5.605669,101.9086691,Daerah: Kelantan<br>No:1526<br>Hex coord:(132;41),n/a,0,0,0,0,0,0,1,2022-12-30T19:57:43.2550789Z,0
5.597889,101.9222158,Daerah: Kelantan<br>No:1527<br>Hex coord:(133;41),n/a,0,0,0,0,0,0,1,2022-12-30T19:57:43.9253360Z,0
5.605669,101.9357625,Daerah: Kelantan<br>No:1528<br>Hex coord:(134;41),n/a,0,0,0,0,0,0,1,2022-12-30T19:57:44.5992149Z,0
5.597889,101.9493092,Daerah: Kelantan<br>No:1529<br>Hex coord:(135;41),n/a,0,0,0,0,0,0,1,2022-12-30T19:57:45.2779144Z,0
5.605669,101.9628559,Daerah: Kelantan<br>No:1530<br>Hex coord:(136;41),n/a,0,0,0,0,0,0,1,2022-12-30T19:57:45.9536036Z,0
5.597889,101.9764026,Daerah: Kelantan<br>No:1531<br>Hex coord:(137;41),n/a,0,0,0,0,0,0,1,2022-12-30T19:57:46.6244053Z,0
5.605669,101.9899493,Daerah: Kelantan<br>No:1532<br>Hex coord:(138;41),n/a,0,0,0,0,0,0,1,2022-12-30T19:57:47.3020283Z,0
5.597889,102.003496,Daerah: Kelantan<br>No:1533<br>Hex coord:(139;41),n/a,0,0,0,0,0,0,1,2022-12-30T19:57:47.9742046Z,0
5.605669,102.0170428,Daerah: Kelantan<br>No:1534<br>Hex coord:(140;41),n/a,0,0,0,0,0,0,1,2022-12-30T19:57:48.6448694Z,0
5.597889,102.0305895,Daerah: Kelantan<br>No:1535<br>Hex coord:(141;41),n/a,0,0,0,0,0,0,1,2022-12-30T19:57:49.3221511Z,0
5.605669,102.0441362,Daerah: Kelantan<br>No:1536<br>Hex coord:(142;41),n/a,0,0,0,0,0,0,1,2022-12-30T19:57:49.9998300Z,0
5.597889,102.0576829,Daerah: Kelantan<br>No:1537<br>Hex coord:(143;41),n/a,0,0,0,0,0,0,1,2022-12-30T19:57:50.6697470Z,0
5.605669,102.0712296,Daerah: Kelantan<br>No:1538<br>Hex coord:(144;41),n/a,0,0,0,0,0,0,1,2022-12-30T19:57:51.3342072Z,0
5.597889,102.0847763,Daerah: Kelantan<br>No:1539<br>Hex coord:(145;41),n/a,0,0,0,0,0,0,1,2022-12-30T19:57:52.0087215Z,0
5.605669,102.098323,Daerah: Kelantan<br>No:1540<br>Hex coord:(146;41),n/a,0,0,0,0,0,0,1,2022-12-30T19:57:52.6824434Z,0
5.597889,102.1118697,Daerah: Kelantan<br>No:1541<br>Hex coord:(147;41),n/a,0,0,0,0,0,0,1,2022-12-30T19:57:53.3530044Z,0
5.605669,102.1254164,Daerah: Kelantan<br>No:1542<br>Hex coord:(148;41),n/a,0,0,0,0,0,0,1,2022-12-30T19:57:54.0315213Z,0
5.597889,102.1389631,Daerah: Kelantan<br>No:1543<br>Hex coord:(149;41),n/a,0,0,0,0,0,0,1,2022-12-30T19:57:54.7090522Z,0
5.605669,102.1525098,Daerah: Kelantan<br>No:1544<br>Hex coord:(150;41),n/a,0,0,0,0,0,0,1,2022-12-30T19:57:55.3814906Z,0
5.597889,102.1660565,Daerah: Kelantan<br>No:1545<br>Hex coord:(151;41),n/a,1,0,0,0,0,0,1,2022-12-30T19:57:56.0558566Z,0
5.605669,102.1796032,Daerah: Kelantan<br>No:1546<br>Hex coord:(152;41),n/a,0,0,0,0,0,0,1,2022-12-30T19:57:56.7321113Z,0
5.597889,102.1931499,Daerah: Kelantan<br>No:1547<br>Hex coord:(153;41),n/a,0,0,0,0,0,0,1,2022-12-30T19:57:57.4059234Z,0
5.605669,102.2066966,Daerah: Kelantan<br>No:1548<br>Hex coord:(154;41),n/a,0,0,0,0,0,0,1,2022-12-30T19:57:58.0749823Z,0
5.597889,102.2202433,Daerah: Kelantan<br>No:1549<br>Hex coord:(155;41),n/a,0,0,0,0,0,0,1,2022-12-30T19:57:58.7442372Z,0
5.605669,102.23379,Daerah: Kelantan<br>No:1550<br>Hex coord:(156;41),n/a,0,0,0,0,0,0,1,2022-12-30T19:57:59.4692376Z,0
5.597889,102.2473367,Daerah: Kelantan<br>No:1551<br>Hex coord:(157;41),n/a,0,0,0,0,0,0,1,2022-12-30T19:58:00.1442642Z,0
5.605669,102.2608835,Daerah: Kelantan<br>No:1552<br>Hex coord:(158;41),n/a,0,0,0,0,0,0,1,2022-12-30T19:58:00.8271604Z,0
5.597889,102.2744302,Daerah: Kelantan<br>No:1553<br>Hex coord:(159;41),n/a,0,0,0,0,0,0,1,2022-12-30T19:58:01.5081813Z,0
5.605669,102.2879769,Daerah: Kelantan<br>No:1554<br>Hex coord:(160;41),n/a,0,0,0,0,0,0,1,2022-12-30T19:58:02.1793472Z,0
5.597889,102.3015236,Daerah: Kelantan<br>No:1555<br>Hex coord:(161;41),n/a,0,0,0,0,0,0,1,2022-12-30T19:58:02.8456467Z,0
5.605669,102.3150703,Daerah: Kelantan<br>No:1556<br>Hex coord:(162;41),n/a,0,0,0,0,0,0,1,2022-12-30T19:58:03.5165290Z,0
5.597889,102.328617,Daerah: Kelantan<br>No:1557<br>Hex coord:(163;41),n/a,0,0,0,0,0,0,1,2022-12-30T19:58:04.1979606Z,0
5.605669,102.3421637,Daerah: Kelantan<br>No:1558<br>Hex coord:(164;41),n/a,0,0,0,0,0,0,1,2022-12-30T19:58:04.8700511Z,0
5.597889,102.3557104,Daerah: Kelantan<br>No:1559<br>Hex coord:(165;41),n/a,0,0,0,0,0,0,1,2022-12-30T19:58:05.5502063Z,0
5.605669,102.3692571,Daerah: Kelantan<br>No:1560<br>Hex coord:(166;41),n/a,0,0,0,0,0,0,1,2022-12-30T19:58:06.2276764Z,0
5.597889,102.3828038,Daerah: Kelantan<br>No:1561<br>Hex coord:(167;41),n/a,0,0,0,0,0,0,1,2022-12-30T19:58:06.9077001Z,0
5.590109,101.6919218,Daerah: Kelantan<br>No:1562<br>Hex coord:(116;42),n/a,0,0,0,0,0,0,1,2022-12-30T19:58:07.5735891Z,0
5.582329,101.7054685,Daerah: Kelantan<br>No:1563<br>Hex coord:(117;42),n/a,0,0,0,0,0,0,1,2022-12-30T19:58:08.2420295Z,0
5.590109,101.7190152,Daerah: Kelantan<br>No:1564<br>Hex coord:(118;42),n/a,0,0,0,0,0,0,1,2022-12-30T19:58:08.9191362Z,0
5.582329,101.7325619,Daerah: Kelantan<br>No:1565<br>Hex coord:(119;42),n/a,0,0,0,0,0,0,1,2022-12-30T19:58:09.5809552Z,0
5.590109,101.7461086,Daerah: Kelantan<br>No:1566<br>Hex coord:(120;42),n/a,0,0,0,0,0,0,1,2022-12-30T19:58:12.6395824Z,0
5.582329,101.7596554,Daerah: Kelantan<br>No:1567<br>Hex coord:(121;42),n/a,0,0,0,0,0,0,1,2022-12-30T19:58:13.3161378Z,0
5.590109,101.7732021,Daerah: Kelantan<br>No:1568<br>Hex coord:(122;42),n/a,0,0,0,0,0,0,1,2022-12-30T19:58:13.9827589Z,0
5.582329,101.7867488,Daerah: Kelantan<br>No:1569<br>Hex coord:(123;42),n/a,0,0,0,0,0,0,1,2022-12-30T19:58:14.6516088Z,0
5.590109,101.8002955,Daerah: Kelantan<br>No:1570<br>Hex coord:(124;42),n/a,0,0,0,0,0,0,1,2022-12-30T19:58:15.3282394Z,0
5.582329,101.8138422,Daerah: Kelantan<br>No:1571<br>Hex coord:(125;42),n/a,0,0,0,0,0,0,1,2022-12-30T19:58:16.0035708Z,0
5.590109,101.8273889,Daerah: Kelantan<br>No:1572<br>Hex coord:(126;42),n/a,0,0,0,0,0,0,1,2022-12-30T19:58:16.6806612Z,0
5.582329,101.8409356,Daerah: Kelantan<br>No:1573<br>Hex coord:(127;42),n/a,0,0,0,0,0,0,1,2022-12-30T19:58:17.3614999Z,0
5.590109,101.8544823,Daerah: Kelantan<br>No:1574<br>Hex coord:(128;42),n/a,0,0,0,0,0,0,1,2022-12-30T19:58:18.0390927Z,0
5.582329,101.868029,Daerah: Kelantan<br>No:1575<br>Hex coord:(129;42),n/a,0,0,0,0,0,0,1,2022-12-30T19:58:18.7233604Z,0
5.590109,101.8815757,Daerah: Kelantan<br>No:1576<br>Hex coord:(130;42),n/a,0,0,0,0,0,0,1,2022-12-30T19:58:19.4005112Z,0
5.582329,101.8951224,Daerah: Kelantan<br>No:1577<br>Hex coord:(131;42),n/a,0,0,0,0,0,0,1,2022-12-30T19:58:20.0775888Z,0
5.590109,101.9086691,Daerah: Kelantan<br>No:1578<br>Hex coord:(132;42),n/a,0,0,0,0,0,0,1,2022-12-30T19:58:20.7456881Z,0
5.582329,101.9222158,Daerah: Kelantan<br>No:1579<br>Hex coord:(133;42),n/a,0,0,0,0,0,0,1,2022-12-30T19:58:21.4195069Z,0
5.590109,101.9357625,Daerah: Kelantan<br>No:1580<br>Hex coord:(134;42),n/a,0,0,0,0,0,0,1,2022-12-30T19:58:22.0876965Z,0
5.582329,101.9493092,Daerah: Kelantan<br>No:1581<br>Hex coord:(135;42),n/a,0,0,0,0,0,0,1,2022-12-30T19:58:22.7642713Z,0
5.590109,101.9628559,Daerah: Kelantan<br>No:1582<br>Hex coord:(136;42),n/a,0,0,0,0,0,0,1,2022-12-30T19:58:23.4287203Z,0
5.582329,101.9764026,Daerah: Kelantan<br>No:1583<br>Hex coord:(137;42),n/a,0,0,0,0,0,0,1,2022-12-30T19:58:24.0984013Z,0
5.590109,101.9899493,Daerah: Kelantan<br>No:1584<br>Hex coord:(138;42),n/a,0,0,0,0,0,0,1,2022-12-30T19:58:24.7728305Z,0
5.582329,102.003496,Daerah: Kelantan<br>No:1585<br>Hex coord:(139;42),n/a,0,0,0,0,0,0,1,2022-12-30T19:58:25.4404137Z,0
5.590109,102.0170428,Daerah: Kelantan<br>No:1586<br>Hex coord:(140;42),n/a,0,0,0,0,0,0,1,2022-12-30T19:58:26.1120859Z,0
5.582329,102.0305895,Daerah: Kelantan<br>No:1587<br>Hex coord:(141;42),n/a,0,0,0,0,0,0,1,2022-12-30T19:58:26.7796145Z,0
5.590109,102.0441362,Daerah: Kelantan<br>No:1588<br>Hex coord:(142;42),n/a,0,0,0,0,0,0,1,2022-12-30T19:58:27.4441848Z,0
5.582329,102.0576829,Daerah: Kelantan<br>No:1589<br>Hex coord:(143;42),n/a,0,0,0,0,0,0,1,2022-12-30T19:58:28.1145961Z,0
5.590109,102.0712296,Daerah: Kelantan<br>No:1590<br>Hex coord:(144;42),n/a,0,0,0,0,0,0,1,2022-12-30T19:58:28.7886231Z,0
5.582329,102.0847763,Daerah: Kelantan<br>No:1591<br>Hex coord:(145;42),n/a,0,0,0,0,0,0,1,2022-12-30T19:58:29.4743873Z,0
5.590109,102.098323,Daerah: Kelantan<br>No:1592<br>Hex coord:(146;42),n/a,0,0,0,0,0,0,1,2022-12-30T19:58:30.1397011Z,0
5.582329,102.1118697,Daerah: Kelantan<br>No:1593<br>Hex coord:(147;42),n/a,0,0,0,0,0,0,1,2022-12-30T19:58:30.8131756Z,0
5.590109,102.1254164,Daerah: Kelantan<br>No:1594<br>Hex coord:(148;42),n/a,0,0,0,0,0,0,1,2022-12-30T19:58:31.4823242Z,0
5.582329,102.1389631,Daerah: Kelantan<br>No:1595<br>Hex coord:(149;42),n/a,0,0,0,0,0,0,1,2022-12-30T19:58:32.1741011Z,0
5.590109,102.1525098,Daerah: Kelantan<br>No:1596<br>Hex coord:(150;42),n/a,0,0,0,0,0,0,1,2022-12-30T19:58:32.8420803Z,0
5.582329,102.1660565,Daerah: Kelantan<br>No:1597<br>Hex coord:(151;42),n/a,0,0,0,0,0,0,1,2022-12-30T19:58:33.5363858Z,0
5.590109,102.1796032,Daerah: Kelantan<br>No:1598<br>Hex coord:(152;42),n/a,0,0,0,0,0,0,1,2022-12-30T19:58:34.2139871Z,0
5.582329,102.1931499,Daerah: Kelantan<br>No:1599<br>Hex coord:(153;42),n/a,0,0,0,0,0,0,1,2022-12-30T19:58:34.9005155Z,0
5.590109,102.2066966,Daerah: Kelantan<br>No:1600<br>Hex coord:(154;42),n/a,0,0,0,0,0,0,1,2022-12-30T19:58:35.5809673Z,0
5.582329,102.2202433,Daerah: Kelantan<br>No:1601<br>Hex coord:(155;42),n/a,0,0,0,0,0,0,1,2022-12-30T19:58:36.3245923Z,0
5.590109,102.23379,Daerah: Kelantan<br>No:1602<br>Hex coord:(156;42),n/a,0,0,0,0,0,0,1,2022-12-30T19:58:37.0006400Z,0
5.582329,102.2473367,Daerah: Kelantan<br>No:1603<br>Hex coord:(157;42),n/a,0,0,0,0,0,0,1,2022-12-30T19:58:37.6715439Z,0
5.590109,102.2608835,Daerah: Kelantan<br>No:1604<br>Hex coord:(158;42),n/a,0,0,0,0,0,0,1,2022-12-30T19:58:38.3426200Z,0
5.582329,102.2744302,Daerah: Kelantan<br>No:1605<br>Hex coord:(159;42),n/a,0,0,0,0,0,0,1,2022-12-30T19:58:39.0085026Z,0
5.590109,102.2879769,Daerah: Kelantan<br>No:1606<br>Hex coord:(160;42),n/a,0,0,0,0,0,0,1,2022-12-30T19:58:39.6796273Z,0
5.582329,102.3015236,Daerah: Kelantan<br>No:1607<br>Hex coord:(161;42),n/a,0,0,0,0,0,0,1,2022-12-30T19:58:40.3615525Z,0
5.590109,102.3150703,Daerah: Kelantan<br>No:1608<br>Hex coord:(162;42),n/a,0,0,0,0,0,0,1,2022-12-30T19:58:41.0334468Z,0
5.582329,102.328617,Daerah: Kelantan<br>No:1609<br>Hex coord:(163;42),n/a,0,0,0,0,0,0,1,2022-12-30T19:58:41.7050921Z,0
5.590109,102.3421637,Daerah: Kelantan<br>No:1610<br>Hex coord:(164;42),n/a,0,0,0,0,0,0,1,2022-12-30T19:58:42.3762902Z,0
5.582329,102.3557104,Daerah: Kelantan<br>No:1611<br>Hex coord:(165;42),n/a,0,0,0,0,0,0,1,2022-12-30T19:58:43.0492797Z,0
5.590109,102.3692571,Daerah: Kelantan<br>No:1612<br>Hex coord:(166;42),n/a,0,0,0,0,0,0,1,2022-12-30T19:58:43.7195942Z,0
5.582329,102.3828038,Daerah: Kelantan<br>No:1613<br>Hex coord:(167;42),n/a,0,0,0,0,0,0,1,2022-12-30T19:58:49.1680148Z,0
5.574549,101.6919218,Daerah: Kelantan<br>No:1614<br>Hex coord:(116;43),n/a,0,0,0,0,0,0,1,2022-12-30T19:58:49.8415574Z,0
5.566769,101.7054685,Daerah: Kelantan<br>No:1615<br>Hex coord:(117;43),n/a,0,0,0,0,0,0,1,2022-12-30T19:58:50.5134178Z,0
5.574549,101.7190152,Daerah: Kelantan<br>No:1616<br>Hex coord:(118;43),n/a,0,0,0,0,0,0,1,2022-12-30T19:58:51.1771432Z,0
5.566769,101.7325619,Daerah: Kelantan<br>No:1617<br>Hex coord:(119;43),n/a,0,0,0,0,0,0,1,2022-12-30T19:58:51.8680782Z,0
5.574549,101.7461086,Daerah: Kelantan<br>No:1618<br>Hex coord:(120;43),n/a,0,0,0,0,0,0,1,2022-12-30T19:58:52.5484626Z,0
5.566769,101.7596554,Daerah: Kelantan<br>No:1619<br>Hex coord:(121;43),n/a,0,0,0,0,0,0,1,2022-12-30T19:58:53.2109908Z,0
5.574549,101.7732021,Daerah: Kelantan<br>No:1620<br>Hex coord:(122;43),n/a,0,0,0,0,0,0,1,2022-12-30T19:58:53.8842283Z,0
5.566769,101.7867488,Daerah: Kelantan<br>No:1621<br>Hex coord:(123;43),n/a,0,0,0,0,0,0,1,2022-12-30T19:58:54.5551162Z,0
5.574549,101.8002955,Daerah: Kelantan<br>No:1622<br>Hex coord:(124;43),n/a,0,0,0,0,0,0,1,2022-12-30T19:58:55.2450209Z,0
5.566769,101.8138422,Daerah: Kelantan<br>No:1623<br>Hex coord:(125;43),n/a,0,0,0,0,0,0,1,2022-12-30T19:58:55.9241426Z,0
5.574549,101.8273889,Daerah: Kelantan<br>No:1624<br>Hex coord:(126;43),n/a,0,0,0,0,0,0,1,2022-12-30T19:58:56.5880174Z,0
5.566769,101.8409356,Daerah: Kelantan<br>No:1625<br>Hex coord:(127;43),n/a,0,0,0,0,0,0,1,2022-12-30T19:58:57.2709359Z,0
5.574549,101.8544823,Daerah: Kelantan<br>No:1626<br>Hex coord:(128;43),n/a,0,0,0,0,0,0,1,2022-12-30T19:58:57.9572145Z,0
5.566769,101.868029,Daerah: Kelantan<br>No:1627<br>Hex coord:(129;43),n/a,0,0,0,0,0,0,1,2022-12-30T19:58:58.6323483Z,0
5.574549,101.8815757,Daerah: Kelantan<br>No:1628<br>Hex coord:(130;43),n/a,0,0,0,0,0,0,1,2022-12-30T19:58:59.3081099Z,0
5.566769,101.8951224,Daerah: Kelantan<br>No:1629<br>Hex coord:(131;43),n/a,0,0,0,0,0,0,1,2022-12-30T19:58:59.9836592Z,0
5.574549,101.9086691,Daerah: Kelantan<br>No:1630<br>Hex coord:(132;43),n/a,0,0,0,0,0,0,1,2022-12-30T19:59:00.6639722Z,0
5.566769,101.9222158,Daerah: Kelantan<br>No:1631<br>Hex coord:(133;43),n/a,0,0,0,0,0,0,1,2022-12-30T19:59:01.3898496Z,0
5.574549,101.9357625,Daerah: Kelantan<br>No:1632<br>Hex coord:(134;43),n/a,0,0,0,0,0,0,1,2022-12-30T19:59:02.0579835Z,0
5.566769,101.9493092,Daerah: Kelantan<br>No:1633<br>Hex coord:(135;43),n/a,0,0,0,0,0,0,1,2022-12-30T19:59:02.7398013Z,0
5.574549,101.9628559,Daerah: Kelantan<br>No:1634<br>Hex coord:(136;43),n/a,0,0,0,0,0,0,1,2022-12-30T19:59:03.4127390Z,0
5.566769,101.9764026,Daerah: Kelantan<br>No:1635<br>Hex coord:(137;43),n/a,0,0,0,0,0,0,1,2022-12-30T19:59:04.0897329Z,0
5.574549,101.9899493,Daerah: Kelantan<br>No:1636<br>Hex coord:(138;43),n/a,0,0,0,0,0,0,1,2022-12-30T19:59:04.7567626Z,0
5.566769,102.003496,Daerah: Kelantan<br>No:1637<br>Hex coord:(139;43),n/a,0,0,0,0,0,0,1,2022-12-30T19:59:05.4338827Z,0
5.574549,102.0170428,Daerah: Kelantan<br>No:1638<br>Hex coord:(140;43),n/a,0,0,0,0,0,0,1,2022-12-30T19:59:06.1022030Z,0
5.566769,102.0305895,Daerah: Kelantan<br>No:1639<br>Hex coord:(141;43),n/a,0,0,0,0,0,0,1,2022-12-30T19:59:06.7754584Z,0
5.574549,102.0441362,Daerah: Kelantan<br>No:1640<br>Hex coord:(142;43),n/a,0,0,0,0,0,0,1,2022-12-30T19:59:07.4484037Z,0
5.566769,102.0576829,Daerah: Kelantan<br>No:1641<br>Hex coord:(143;43),n/a,0,0,0,0,0,0,1,2022-12-30T19:59:08.1289374Z,0
5.574549,102.0712296,Daerah: Kelantan<br>No:1642<br>Hex coord:(144;43),n/a,0,0,0,0,0,0,1,2022-12-30T19:59:08.8067738Z,0
5.566769,102.0847763,Daerah: Kelantan<br>No:1643<br>Hex coord:(145;43),n/a,0,0,0,0,0,0,1,2022-12-30T19:59:09.4907007Z,0
5.574549,102.098323,Daerah: Kelantan<br>No:1644<br>Hex coord:(146;43),n/a,0,0,0,0,0,0,1,2022-12-30T19:59:10.1604576Z,0
5.566769,102.1118697,Daerah: Kelantan<br>No:1645<br>Hex coord:(147;43),n/a,0,0,0,0,0,0,1,2022-12-30T19:59:10.8261451Z,0
5.574549,102.1254164,Daerah: Kelantan<br>No:1646<br>Hex coord:(148;43),n/a,0,0,0,0,0,0,1,2022-12-30T19:59:11.5032895Z,0
5.566769,102.1389631,Daerah: Kelantan<br>No:1647<br>Hex coord:(149;43),n/a,0,0,0,0,0,0,1,2022-12-30T19:59:12.1928180Z,0
5.574549,102.1525098,Daerah: Kelantan<br>No:1648<br>Hex coord:(150;43),n/a,0,0,0,0,0,0,1,2022-12-30T19:59:12.8718679Z,0
5.566769,102.1660565,Daerah: Kelantan<br>No:1649<br>Hex coord:(151;43),n/a,0,0,0,0,0,0,1,2022-12-30T19:59:13.5516736Z,0
5.574549,102.1796032,Daerah: Kelantan<br>No:1650<br>Hex coord:(152;43),n/a,0,0,0,0,0,0,1,2022-12-30T19:59:14.2402000Z,0
5.566769,102.1931499,Daerah: Kelantan<br>No:1651<br>Hex coord:(153;43),n/a,0,0,0,0,0,0,1,2022-12-30T19:59:14.9193840Z,0
5.574549,102.2066966,Daerah: Kelantan<br>No:1652<br>Hex coord:(154;43),n/a,0,0,0,0,0,0,1,2022-12-30T19:59:15.6090923Z,0
5.566769,102.2202433,Daerah: Kelantan<br>No:1653<br>Hex coord:(155;43),n/a,0,0,0,0,0,0,1,2022-12-30T19:59:16.2825176Z,0
5.574549,102.23379,Daerah: Kelantan<br>No:1654<br>Hex coord:(156;43),n/a,0,0,0,0,0,0,1,2022-12-30T19:59:16.9652222Z,0
5.566769,102.2473367,Daerah: Kelantan<br>No:1655<br>Hex coord:(157;43),n/a,0,0,0,0,0,0,1,2022-12-30T19:59:17.6352683Z,0
5.574549,102.2608835,Daerah: Kelantan<br>No:1656<br>Hex coord:(158;43),n/a,0,0,0,0,0,0,1,2022-12-30T19:59:18.3196158Z,0
5.566769,102.2744302,Daerah: Kelantan<br>No:1657<br>Hex coord:(159;43),n/a,0,0,0,0,0,0,1,2022-12-30T19:59:18.9965707Z,0
5.574549,102.2879769,Daerah: Kelantan<br>No:1658<br>Hex coord:(160;43),n/a,0,0,0,0,0,0,1,2022-12-30T19:59:19.6855676Z,0
5.566769,102.3015236,Daerah: Kelantan<br>No:1659<br>Hex coord:(161;43),n/a,0,0,0,0,0,0,1,2022-12-30T19:59:20.3646384Z,0
5.574549,102.3150703,Daerah: Kelantan<br>No:1660<br>Hex coord:(162;43),n/a,0,0,0,0,0,0,1,2022-12-30T19:59:21.0301062Z,0
5.566769,102.328617,Daerah: Kelantan<br>No:1661<br>Hex coord:(163;43),n/a,0,0,0,0,0,0,1,2022-12-30T19:59:21.6906316Z,0
5.574549,102.3421637,Daerah: Kelantan<br>No:1662<br>Hex coord:(164;43),n/a,0,0,0,0,0,0,1,2022-12-30T19:59:22.3710249Z,0
5.566769,102.3557104,Daerah: Kelantan<br>No:1663<br>Hex coord:(165;43),n/a,0,0,0,0,0,0,1,2022-12-30T19:59:23.0421936Z,0
5.574549,102.3692571,Daerah: Kelantan<br>No:1664<br>Hex coord:(166;43),n/a,0,0,0,0,0,0,1,2022-12-30T19:59:23.7162533Z,0
5.566769,102.3828038,Daerah: Kelantan<br>No:1665<br>Hex coord:(167;43),n/a,0,0,0,0,0,0,1,2022-12-30T19:59:24.3881286Z,0
5.551209,101.6783751,Daerah: Kelantan<br>No:1666<br>Hex coord:(115;44),n/a,0,0,0,0,0,0,1,2022-12-30T19:59:25.0563610Z,0
5.558989,101.6919218,Daerah: Kelantan<br>No:1667<br>Hex coord:(116;44),n/a,0,0,0,0,0,0,1,2022-12-30T19:59:25.7422991Z,0
5.551209,101.7054685,Daerah: Kelantan<br>No:1668<br>Hex coord:(117;44),n/a,0,0,0,0,0,0,1,2022-12-30T19:59:26.4174030Z,0
5.558989,101.7190152,Daerah: Kelantan<br>No:1669<br>Hex coord:(118;44),n/a,0,0,0,0,0,0,1,2022-12-30T19:59:27.0931946Z,0
5.551209,101.7325619,Daerah: Kelantan<br>No:1670<br>Hex coord:(119;44),n/a,0,0,0,0,0,0,1,2022-12-30T19:59:27.7652147Z,0
5.558989,101.7461086,Daerah: Kelantan<br>No:1671<br>Hex coord:(120;44),n/a,0,0,0,0,0,0,1,2022-12-30T19:59:28.4382817Z,0
5.551209,101.7596554,Daerah: Kelantan<br>No:1672<br>Hex coord:(121;44),n/a,0,0,0,0,0,0,1,2022-12-30T19:59:29.1093162Z,0
5.558989,101.7732021,Daerah: Kelantan<br>No:1673<br>Hex coord:(122;44),n/a,0,0,0,0,0,0,1,2022-12-30T19:59:29.7931925Z,0
5.551209,101.7867488,Daerah: Kelantan<br>No:1674<br>Hex coord:(123;44),n/a,0,0,0,0,0,0,1,2022-12-30T19:59:30.4603768Z,0
5.558989,101.8002955,Daerah: Kelantan<br>No:1675<br>Hex coord:(124;44),n/a,0,0,0,0,0,0,1,2022-12-30T19:59:31.1334839Z,0
5.551209,101.8138422,Daerah: Kelantan<br>No:1676<br>Hex coord:(125;44),n/a,0,0,0,0,0,0,1,2022-12-30T19:59:31.8018558Z,0
5.558989,101.8273889,Daerah: Kelantan<br>No:1677<br>Hex coord:(126;44),n/a,0,0,0,0,0,0,1,2022-12-30T19:59:32.4679699Z,0
5.551209,101.8409356,Daerah: Kelantan<br>No:1678<br>Hex coord:(127;44),n/a,0,0,0,0,0,0,1,2022-12-30T19:59:33.1461874Z,0
5.558989,101.8544823,Daerah: Kelantan<br>No:1679<br>Hex coord:(128;44),n/a,0,0,0,0,0,0,1,2022-12-30T19:59:33.8266402Z,0
5.551209,101.868029,Daerah: Kelantan<br>No:1680<br>Hex coord:(129;44),n/a,0,0,0,0,0,0,1,2022-12-30T19:59:34.4957986Z,0
5.558989,101.8815757,Daerah: Kelantan<br>No:1681<br>Hex coord:(130;44),n/a,0,0,0,0,0,0,1,2022-12-30T19:59:35.1672312Z,0
5.551209,101.8951224,Daerah: Kelantan<br>No:1682<br>Hex coord:(131;44),n/a,0,0,0,0,0,0,1,2022-12-30T19:59:35.8386709Z,0
5.558989,101.9086691,Daerah: Kelantan<br>No:1683<br>Hex coord:(132;44),n/a,0,0,0,0,0,0,1,2022-12-30T19:59:36.5179202Z,0
5.551209,101.9222158,Daerah: Kelantan<br>No:1684<br>Hex coord:(133;44),n/a,0,0,0,0,0,0,1,2022-12-30T19:59:37.1910165Z,0
5.558989,101.9357625,Daerah: Kelantan<br>No:1685<br>Hex coord:(134;44),n/a,0,0,0,0,0,0,1,2022-12-30T19:59:37.8596714Z,0
5.551209,101.9493092,Daerah: Kelantan<br>No:1686<br>Hex coord:(135;44),n/a,0,0,0,0,0,0,1,2022-12-30T19:59:38.5303494Z,0
5.558989,101.9628559,Daerah: Kelantan<br>No:1687<br>Hex coord:(136;44),n/a,0,0,0,0,0,0,1,2022-12-30T19:59:39.1989059Z,0
5.551209,101.9764026,Daerah: Kelantan<br>No:1688<br>Hex coord:(137;44),n/a,0,0,0,0,0,0,1,2022-12-30T19:59:39.8767102Z,0
5.558989,101.9899493,Daerah: Kelantan<br>No:1689<br>Hex coord:(138;44),n/a,1,0,0,0,0,0,1,2022-12-30T19:59:40.5427079Z,0
5.551209,102.003496,Daerah: Kelantan<br>No:1690<br>Hex coord:(139;44),n/a,0,0,0,0,0,0,1,2022-12-30T19:59:41.2244484Z,0
5.558989,102.0170428,Daerah: Kelantan<br>No:1691<br>Hex coord:(140;44),n/a,0,0,0,0,0,0,1,2022-12-30T19:59:41.8952593Z,0
5.551209,102.0305895,Daerah: Kelantan<br>No:1692<br>Hex coord:(141;44),n/a,0,0,0,0,0,0,1,2022-12-30T19:59:42.5614261Z,0
5.558989,102.0441362,Daerah: Kelantan<br>No:1693<br>Hex coord:(142;44),n/a,0,0,0,0,0,0,1,2022-12-30T19:59:43.2410388Z,0
5.551209,102.0576829,Daerah: Kelantan<br>No:1694<br>Hex coord:(143;44),n/a,0,0,0,0,0,0,1,2022-12-30T19:59:43.9193251Z,0
5.558989,102.0712296,Daerah: Kelantan<br>No:1695<br>Hex coord:(144;44),n/a,0,0,0,0,0,0,1,2022-12-30T19:59:44.5960901Z,0
5.551209,102.0847763,Daerah: Kelantan<br>No:1696<br>Hex coord:(145;44),n/a,0,0,0,0,0,0,1,2022-12-30T19:59:45.2592522Z,0
5.558989,102.098323,Daerah: Kelantan<br>No:1697<br>Hex coord:(146;44),n/a,0,0,0,0,0,0,1,2022-12-30T19:59:45.9450297Z,0
5.551209,102.1118697,Daerah: Kelantan<br>No:1698<br>Hex coord:(147;44),n/a,0,0,0,0,0,0,1,2022-12-30T19:59:46.6123813Z,0
5.558989,102.1254164,Daerah: Kelantan<br>No:1699<br>Hex coord:(148;44),n/a,0,0,0,0,0,0,1,2022-12-30T19:59:47.2762703Z,0
5.551209,102.1389631,Daerah: Kelantan<br>No:1700<br>Hex coord:(149;44),n/a,0,0,0,0,0,0,1,2022-12-30T19:59:47.9565206Z,0
5.558989,102.1525098,Daerah: Kelantan<br>No:1701<br>Hex coord:(150;44),n/a,0,0,0,0,0,0,1,2022-12-30T19:59:48.6309037Z,0
5.551209,102.1660565,Daerah: Kelantan<br>No:1702<br>Hex coord:(151;44),n/a,0,0,0,0,0,0,1,2022-12-30T19:59:49.3041912Z,0
5.558989,102.1796032,Daerah: Kelantan<br>No:1703<br>Hex coord:(152;44),n/a,0,0,0,0,0,0,1,2022-12-30T19:59:49.9760610Z,0
5.551209,102.1931499,Daerah: Kelantan<br>No:1704<br>Hex coord:(153;44),n/a,0,0,0,0,0,0,1,2022-12-30T19:59:50.6624680Z,0
5.558989,102.2066966,Daerah: Kelantan<br>No:1705<br>Hex coord:(154;44),n/a,1,0,0,0,0,0,1,2022-12-30T19:59:51.3474502Z,0
5.551209,102.2202433,Daerah: Kelantan<br>No:1706<br>Hex coord:(155;44),n/a,0,0,0,0,0,0,1,2022-12-30T19:59:52.0361422Z,0
5.558989,102.23379,Daerah: Kelantan<br>No:1707<br>Hex coord:(156;44),n/a,0,0,0,0,0,0,1,2022-12-30T19:59:52.7106902Z,0
5.551209,102.2473367,Daerah: Kelantan<br>No:1708<br>Hex coord:(157;44),n/a,0,0,0,0,0,0,1,2022-12-30T19:59:53.3802622Z,0
5.558989,102.2608835,Daerah: Kelantan<br>No:1709<br>Hex coord:(158;44),n/a,0,0,0,0,0,0,1,2022-12-30T19:59:54.0650279Z,0
5.551209,102.2744302,Daerah: Kelantan<br>No:1710<br>Hex coord:(159;44),n/a,0,0,0,0,0,0,1,2022-12-30T19:59:54.7500821Z,0
5.558989,102.2879769,Daerah: Kelantan<br>No:1711<br>Hex coord:(160;44),n/a,0,0,0,0,0,0,1,2022-12-30T19:59:55.4173932Z,0
5.551209,102.3015236,Daerah: Kelantan<br>No:1712<br>Hex coord:(161;44),n/a,0,0,0,0,0,0,1,2022-12-30T19:59:56.0896296Z,0
5.558989,102.3150703,Daerah: Kelantan<br>No:1713<br>Hex coord:(162;44),n/a,0,0,0,0,0,0,1,2022-12-30T19:59:56.7711380Z,0
5.551209,102.328617,Daerah: Kelantan<br>No:1714<br>Hex coord:(163;44),n/a,0,0,0,0,0,0,1,2022-12-30T19:59:57.4480994Z,0
5.558989,102.3421637,Daerah: Kelantan<br>No:1715<br>Hex coord:(164;44),n/a,0,0,0,0,0,0,1,2022-12-30T19:59:58.1200389Z,0
5.551209,102.3557104,Daerah: Kelantan<br>No:1716<br>Hex coord:(165;44),n/a,0,0,0,0,0,0,1,2022-12-30T19:59:58.7910001Z,0
5.558989,102.3692571,Daerah: Kelantan<br>No:1717<br>Hex coord:(166;44),n/a,0,0,0,0,0,0,1,2022-12-30T19:59:59.4745119Z,0
5.551209,102.3828038,Daerah: Kelantan<br>No:1718<br>Hex coord:(167;44),n/a,0,0,0,0,0,0,1,2022-12-30T20:00:00.1635161Z,0
5.558989,102.3963505,Daerah: Kelantan<br>No:1719<br>Hex coord:(168;44),n/a,0,0,0,0,0,0,1,2022-12-30T20:00:00.8429125Z,0
5.535649,101.6783751,Daerah: Kelantan<br>No:1720<br>Hex coord:(115;45),n/a,0,0,0,0,0,0,1,2022-12-30T20:00:01.5124596Z,0
5.543429,101.6919218,Daerah: Kelantan<br>No:1721<br>Hex coord:(116;45),n/a,0,0,0,0,0,0,1,2022-12-30T20:00:02.1928455Z,0
5.535649,101.7054685,Daerah: Kelantan<br>No:1722<br>Hex coord:(117;45),n/a,0,0,0,0,0,0,1,2022-12-30T20:00:02.8636140Z,0
5.543429,101.7190152,Daerah: Kelantan<br>No:1723<br>Hex coord:(118;45),n/a,0,0,0,0,0,0,1,2022-12-30T20:00:03.5354441Z,0
5.535649,101.7325619,Daerah: Kelantan<br>No:1724<br>Hex coord:(119;45),n/a,0,0,0,0,0,0,1,2022-12-30T20:00:04.2088081Z,0
5.543429,101.7461086,Daerah: Kelantan<br>No:1725<br>Hex coord:(120;45),n/a,0,0,0,0,0,0,1,2022-12-30T20:00:04.8748396Z,0
5.535649,101.7596554,Daerah: Kelantan<br>No:1726<br>Hex coord:(121;45),n/a,0,0,0,0,0,0,1,2022-12-30T20:00:05.5588115Z,0
5.543429,101.7732021,Daerah: Kelantan<br>No:1727<br>Hex coord:(122;45),n/a,0,0,0,0,0,0,1,2022-12-30T20:00:06.2439396Z,0
5.535649,101.7867488,Daerah: Kelantan<br>No:1728<br>Hex coord:(123;45),n/a,0,0,0,0,0,0,1,2022-12-30T20:00:06.9255371Z,0
5.543429,101.8002955,Daerah: Kelantan<br>No:1729<br>Hex coord:(124;45),n/a,0,0,0,0,0,0,1,2022-12-30T20:00:07.5973196Z,0
5.535649,101.8138422,Daerah: Kelantan<br>No:1730<br>Hex coord:(125;45),n/a,0,0,0,0,0,0,1,2022-12-30T20:00:08.2733231Z,0
5.543429,101.8273889,Daerah: Kelantan<br>No:1731<br>Hex coord:(126;45),n/a,0,0,0,0,0,0,1,2022-12-30T20:00:08.9484285Z,0
5.535649,101.8409356,Daerah: Kelantan<br>No:1732<br>Hex coord:(127;45),n/a,0,0,0,0,0,0,1,2022-12-30T20:00:09.6276627Z,0
5.543429,101.8544823,Daerah: Kelantan<br>No:1733<br>Hex coord:(128;45),n/a,0,0,0,0,0,0,1,2022-12-30T20:00:10.3057208Z,0
5.535649,101.868029,Daerah: Kelantan<br>No:1734<br>Hex coord:(129;45),n/a,0,0,0,0,0,0,1,2022-12-30T20:00:10.9813883Z,0
5.543429,101.8815757,Daerah: Kelantan<br>No:1735<br>Hex coord:(130;45),n/a,0,0,0,0,0,0,1,2022-12-30T20:00:11.6557446Z,0
5.535649,101.8951224,Daerah: Kelantan<br>No:1736<br>Hex coord:(131;45),n/a,0,0,0,0,0,0,1,2022-12-30T20:00:12.3361353Z,0
5.543429,101.9086691,Daerah: Kelantan<br>No:1737<br>Hex coord:(132;45),n/a,0,0,0,0,0,0,1,2022-12-30T20:00:13.0081834Z,0
5.535649,101.9222158,Daerah: Kelantan<br>No:1738<br>Hex coord:(133;45),n/a,0,0,0,0,0,0,1,2022-12-30T20:00:13.6812560Z,0
5.543429,101.9357625,Daerah: Kelantan<br>No:1739<br>Hex coord:(134;45),n/a,0,0,0,0,0,0,1,2022-12-30T20:00:14.9169269Z,0
5.535649,101.9493092,Daerah: Kelantan<br>No:1740<br>Hex coord:(135;45),n/a,0,0,0,0,0,0,1,2022-12-30T20:00:15.5902222Z,0
5.543429,101.9628559,Daerah: Kelantan<br>No:1741<br>Hex coord:(136;45),n/a,0,0,0,0,0,0,1,2022-12-30T20:00:16.2717659Z,0
5.535649,101.9764026,Daerah: Kelantan<br>No:1742<br>Hex coord:(137;45),n/a,0,0,0,0,0,0,1,2022-12-30T20:00:16.9428371Z,0
5.543429,101.9899493,Daerah: Kelantan<br>No:1743<br>Hex coord:(138;45),n/a,0,0,0,0,0,0,1,2022-12-30T20:00:17.6194839Z,0
5.535649,102.003496,Daerah: Kelantan<br>No:1744<br>Hex coord:(139;45),n/a,0,0,0,0,0,0,1,2022-12-30T20:00:18.2868800Z,0
5.543429,102.0170428,Daerah: Kelantan<br>No:1745<br>Hex coord:(140;45),n/a,0,0,0,0,0,0,1,2022-12-30T20:00:18.9659961Z,0
5.535649,102.0305895,Daerah: Kelantan<br>No:1746<br>Hex coord:(141;45),n/a,0,0,0,0,0,0,1,2022-12-30T20:00:19.6440851Z,0
5.543429,102.0441362,Daerah: Kelantan<br>No:1747<br>Hex coord:(142;45),n/a,0,0,0,0,0,0,1,2022-12-30T20:00:20.3291853Z,0
5.535649,102.0576829,Daerah: Kelantan<br>No:1748<br>Hex coord:(143;45),n/a,0,0,0,0,0,0,1,2022-12-30T20:00:21.0127774Z,0
5.543429,102.0712296,Daerah: Kelantan<br>No:1749<br>Hex coord:(144;45),n/a,0,0,0,0,0,0,1,2022-12-30T20:00:21.6827496Z,0
5.535649,102.0847763,Daerah: Kelantan<br>No:1750<br>Hex coord:(145;45),n/a,0,0,0,0,0,0,1,2022-12-30T20:00:22.3568161Z,0
5.543429,102.098323,Daerah: Kelantan<br>No:1751<br>Hex coord:(146;45),n/a,0,0,0,0,0,0,1,2022-12-30T20:00:23.0346241Z,0
5.535649,102.1118697,Daerah: Kelantan<br>No:1752<br>Hex coord:(147;45),n/a,0,0,0,0,0,0,1,2022-12-30T20:00:23.7067500Z,0
5.543429,102.1254164,Daerah: Kelantan<br>No:1753<br>Hex coord:(148;45),n/a,0,0,0,0,0,0,1,2022-12-30T20:00:24.3787358Z,0
5.535649,102.1389631,Daerah: Kelantan<br>No:1754<br>Hex coord:(149;45),n/a,0,0,0,0,0,0,1,2022-12-30T20:00:25.0494312Z,0
5.543429,102.1525098,Daerah: Kelantan<br>No:1755<br>Hex coord:(150;45),n/a,0,0,0,0,0,0,1,2022-12-30T20:00:25.7227529Z,0
5.535649,102.1660565,Daerah: Kelantan<br>No:1756<br>Hex coord:(151;45),n/a,0,0,0,0,0,0,1,2022-12-30T20:00:26.3945092Z,0
5.543429,102.1796032,Daerah: Kelantan<br>No:1757<br>Hex coord:(152;45),n/a,0,0,0,0,0,0,1,2022-12-30T20:00:27.0656740Z,0
5.535649,102.1931499,Daerah: Kelantan<br>No:1758<br>Hex coord:(153;45),n/a,1,0,0,0,0,0,1,2022-12-30T20:00:27.7517613Z,0
5.543429,102.2066966,Daerah: Kelantan<br>No:1759<br>Hex coord:(154;45),n/a,1,0,0,0,0,0,1,2022-12-30T20:00:28.4285965Z,0
5.535649,102.2202433,Daerah: Kelantan<br>No:1760<br>Hex coord:(155;45),n/a,0,0,0,0,0,0,1,2022-12-30T20:00:29.1076232Z,0
5.543429,102.23379,Daerah: Kelantan<br>No:1761<br>Hex coord:(156;45),n/a,0,0,0,0,0,0,1,2022-12-30T20:00:29.8010729Z,0
5.535649,102.2473367,Daerah: Kelantan<br>No:1762<br>Hex coord:(157;45),n/a,0,0,0,0,0,0,1,2022-12-30T20:00:30.4829786Z,0
5.543429,102.2608835,Daerah: Kelantan<br>No:1763<br>Hex coord:(158;45),n/a,0,0,0,0,0,0,1,2022-12-30T20:00:31.1644483Z,0
5.535649,102.2744302,Daerah: Kelantan<br>No:1764<br>Hex coord:(159;45),n/a,0,0,0,0,0,0,1,2022-12-30T20:00:31.8625987Z,0
5.543429,102.2879769,Daerah: Kelantan<br>No:1765<br>Hex coord:(160;45),n/a,0,0,0,0,0,0,1,2022-12-30T20:00:32.5431944Z,0
5.535649,102.3015236,Daerah: Kelantan<br>No:1766<br>Hex coord:(161;45),n/a,0,0,0,0,0,0,1,2022-12-30T20:00:33.2137231Z,0
5.543429,102.3150703,Daerah: Kelantan<br>No:1767<br>Hex coord:(162;45),n/a,0,0,0,0,0,0,1,2022-12-30T20:00:33.8964073Z,0
5.535649,102.328617,Daerah: Kelantan<br>No:1768<br>Hex coord:(163;45),n/a,0,0,0,0,0,0,1,2022-12-30T20:00:34.5651585Z,0
5.543429,102.3421637,Daerah: Kelantan<br>No:1769<br>Hex coord:(164;45),n/a,0,0,0,0,0,0,1,2022-12-30T20:00:35.2346263Z,0
5.535649,102.3557104,Daerah: Kelantan<br>No:1770<br>Hex coord:(165;45),n/a,0,0,0,0,0,0,1,2022-12-30T20:00:35.9267117Z,0
5.543429,102.3692571,Daerah: Kelantan<br>No:1771<br>Hex coord:(166;45),n/a,0,0,0,0,0,0,1,2022-12-30T20:00:36.6034102Z,0
5.535649,102.3828038,Daerah: Kelantan<br>No:1772<br>Hex coord:(167;45),n/a,0,0,0,0,0,0,1,2022-12-30T20:00:37.2741056Z,0
5.543429,102.3963505,Daerah: Kelantan<br>No:1773<br>Hex coord:(168;45),n/a,0,0,0,0,0,0,1,2022-12-30T20:00:37.9475897Z,0
5.527869,101.6648284,Daerah: Kelantan<br>No:1774<br>Hex coord:(114;46),n/a,0,0,0,0,0,0,1,2022-12-30T20:00:38.6243776Z,0
5.520089,101.6783751,Daerah: Kelantan<br>No:1775<br>Hex coord:(115;46),n/a,0,0,0,0,0,0,1,2022-12-30T20:00:39.3010857Z,0
5.527869,101.6919218,Daerah: Kelantan<br>No:1776<br>Hex coord:(116;46),n/a,0,0,0,0,0,0,1,2022-12-30T20:00:39.9757821Z,0
5.520089,101.7054685,Daerah: Kelantan<br>No:1777<br>Hex coord:(117;46),n/a,0,0,0,0,0,0,1,2022-12-30T20:00:40.6559896Z,0
5.527869,101.7190152,Daerah: Kelantan<br>No:1778<br>Hex coord:(118;46),n/a,0,0,0,0,0,0,1,2022-12-30T20:00:41.3864280Z,0
5.520089,101.7325619,Daerah: Kelantan<br>No:1779<br>Hex coord:(119;46),n/a,0,0,0,0,0,0,1,2022-12-30T20:00:42.0619789Z,0
5.527869,101.7461086,Daerah: Kelantan<br>No:1780<br>Hex coord:(120;46),n/a,0,0,0,0,0,0,1,2022-12-30T20:00:42.7259027Z,0
5.520089,101.7596554,Daerah: Kelantan<br>No:1781<br>Hex coord:(121;46),n/a,0,0,0,0,0,0,1,2022-12-30T20:00:43.4085901Z,0
5.527869,101.7732021,Daerah: Kelantan<br>No:1782<br>Hex coord:(122;46),n/a,0,0,0,0,0,0,1,2022-12-30T20:00:44.0839025Z,0
5.520089,101.7867488,Daerah: Kelantan<br>No:1783<br>Hex coord:(123;46),n/a,0,0,0,0,0,0,1,2022-12-30T20:00:44.7632642Z,0
5.527869,101.8002955,Daerah: Kelantan<br>No:1784<br>Hex coord:(124;46),n/a,0,0,0,0,0,0,1,2022-12-30T20:00:45.4304257Z,0
5.520089,101.8138422,Daerah: Kelantan<br>No:1785<br>Hex coord:(125;46),n/a,0,0,0,0,0,0,1,2022-12-30T20:00:46.1025477Z,0
5.527869,101.8273889,Daerah: Kelantan<br>No:1786<br>Hex coord:(126;46),n/a,0,0,0,0,0,0,1,2022-12-30T20:00:46.7790816Z,0
5.520089,101.8409356,Daerah: Kelantan<br>No:1787<br>Hex coord:(127;46),n/a,0,0,0,0,0,0,1,2022-12-30T20:00:47.4502453Z,0
5.527869,101.8544823,Daerah: Kelantan<br>No:1788<br>Hex coord:(128;46),n/a,0,0,0,0,0,0,1,2022-12-30T20:00:48.1209325Z,0
5.520089,101.868029,Daerah: Kelantan<br>No:1789<br>Hex coord:(129;46),n/a,0,0,0,0,0,0,1,2022-12-30T20:00:48.7976476Z,0
5.527869,101.8815757,Daerah: Kelantan<br>No:1790<br>Hex coord:(130;46),n/a,0,0,0,0,0,0,1,2022-12-30T20:00:49.4804252Z,0
5.520089,101.8951224,Daerah: Kelantan<br>No:1791<br>Hex coord:(131;46),n/a,0,0,0,0,0,0,1,2022-12-30T20:00:50.1454244Z,0
5.527869,101.9086691,Daerah: Kelantan<br>No:1792<br>Hex coord:(132;46),n/a,0,0,0,0,0,0,1,2022-12-30T20:00:50.8212471Z,0
5.520089,101.9222158,Daerah: Kelantan<br>No:1793<br>Hex coord:(133;46),n/a,0,0,0,0,0,0,1,2022-12-30T20:00:51.5022733Z,0
5.527869,101.9357625,Daerah: Kelantan<br>No:1794<br>Hex coord:(134;46),n/a,0,0,0,0,0,0,1,2022-12-30T20:00:52.1756827Z,0
5.520089,101.9493092,Daerah: Kelantan<br>No:1795<br>Hex coord:(135;46),n/a,0,0,0,0,0,0,1,2022-12-30T20:00:52.8453292Z,0
5.527869,101.9628559,Daerah: Kelantan<br>No:1796<br>Hex coord:(136;46),n/a,0,0,0,0,0,0,1,2022-12-30T20:00:53.5093240Z,0
5.520089,101.9764026,Daerah: Kelantan<br>No:1797<br>Hex coord:(137;46),n/a,0,0,0,0,0,0,1,2022-12-30T20:00:54.1809067Z,0
5.527869,101.9899493,Daerah: Kelantan<br>No:1798<br>Hex coord:(138;46),n/a,0,0,0,0,0,0,1,2022-12-30T20:00:54.8518850Z,0
5.520089,102.003496,Daerah: Kelantan<br>No:1799<br>Hex coord:(139;46),n/a,0,0,0,0,0,0,1,2022-12-30T20:00:55.5283052Z,0
5.527869,102.0170428,Daerah: Kelantan<br>No:1800<br>Hex coord:(140;46),n/a,0,0,0,0,0,0,1,2022-12-30T20:00:56.1981469Z,0
5.520089,102.0305895,Daerah: Kelantan<br>No:1801<br>Hex coord:(141;46),n/a,0,0,0,0,0,0,1,2022-12-30T20:00:56.8737808Z,0
5.527869,102.0441362,Daerah: Kelantan<br>No:1802<br>Hex coord:(142;46),n/a,0,0,0,0,0,0,1,2022-12-30T20:00:57.5536965Z,0
5.520089,102.0576829,Daerah: Kelantan<br>No:1803<br>Hex coord:(143;46),n/a,0,0,0,0,0,0,1,2022-12-30T20:00:58.2226423Z,0
5.527869,102.0712296,Daerah: Kelantan<br>No:1804<br>Hex coord:(144;46),n/a,0,0,0,0,0,0,1,2022-12-30T20:00:58.8936562Z,0
5.520089,102.0847763,Daerah: Kelantan<br>No:1805<br>Hex coord:(145;46),n/a,0,0,0,0,0,0,1,2022-12-30T20:00:59.5618067Z,0
5.527869,102.098323,Daerah: Kelantan<br>No:1806<br>Hex coord:(146;46),n/a,0,0,0,0,0,0,1,2022-12-30T20:01:00.2422393Z,0
5.520089,102.1118697,Daerah: Kelantan<br>No:1807<br>Hex coord:(147;46),n/a,0,0,0,0,0,0,1,2022-12-30T20:01:00.9131816Z,0
5.527869,102.1254164,Daerah: Kelantan<br>No:1808<br>Hex coord:(148;46),n/a,0,0,0,0,0,0,1,2022-12-30T20:01:01.5850406Z,0
5.520089,102.1389631,Daerah: Kelantan<br>No:1809<br>Hex coord:(149;46),n/a,0,0,0,0,0,0,1,2022-12-30T20:01:02.2546903Z,0
5.527869,102.1525098,Daerah: Kelantan<br>No:1810<br>Hex coord:(150;46),n/a,0,0,0,0,0,0,1,2022-12-30T20:01:02.9279424Z,0
5.520089,102.1660565,Daerah: Kelantan<br>No:1811<br>Hex coord:(151;46),n/a,0,0,0,0,0,0,1,2022-12-30T20:01:03.6105109Z,0
5.527869,102.1796032,Daerah: Kelantan<br>No:1812<br>Hex coord:(152;46),n/a,0,0,0,0,0,0,1,2022-12-30T20:01:04.2908685Z,0
5.520089,102.1931499,Daerah: Kelantan<br>No:1813<br>Hex coord:(153;46),n/a,0,0,0,0,0,0,1,2022-12-30T20:01:04.9757360Z,0
5.527869,102.2066966,Daerah: Kelantan<br>No:1814<br>Hex coord:(154;46),n/a,0,0,0,0,0,0,1,2022-12-30T20:01:05.6685151Z,0
5.520089,102.2202433,Daerah: Kelantan<br>No:1815<br>Hex coord:(155;46),n/a,0,0,0,0,0,0,1,2022-12-30T20:01:06.3498958Z,0
5.527869,102.23379,Daerah: Kelantan<br>No:1816<br>Hex coord:(156;46),n/a,0,0,0,0,0,0,1,2022-12-30T20:01:07.0385038Z,0
5.520089,102.2473367,Daerah: Kelantan<br>No:1817<br>Hex coord:(157;46),n/a,0,0,0,0,0,0,1,2022-12-30T20:01:07.7282887Z,0
5.527869,102.2608835,Daerah: Kelantan<br>No:1818<br>Hex coord:(158;46),n/a,0,0,0,0,0,0,1,2022-12-30T20:01:08.4206564Z,0
5.520089,102.2744302,Daerah: Kelantan<br>No:1819<br>Hex coord:(159;46),n/a,0,0,0,0,0,0,1,2022-12-30T20:01:09.1071490Z,0
5.527869,102.2879769,Daerah: Kelantan<br>No:1820<br>Hex coord:(160;46),n/a,0,0,0,0,0,0,1,2022-12-30T20:01:09.7753471Z,0
5.520089,102.3015236,Daerah: Kelantan<br>No:1821<br>Hex coord:(161;46),n/a,0,0,0,0,0,0,1,2022-12-30T20:01:10.4570432Z,0
5.527869,102.3150703,Daerah: Kelantan<br>No:1822<br>Hex coord:(162;46),n/a,0,0,0,0,0,0,1,2022-12-30T20:01:11.1299064Z,0
5.520089,102.328617,Daerah: Kelantan<br>No:1823<br>Hex coord:(163;46),n/a,0,0,0,0,0,0,1,2022-12-30T20:01:11.7998943Z,0
5.527869,102.3421637,Daerah: Kelantan<br>No:1824<br>Hex coord:(164;46),n/a,0,0,0,0,0,0,1,2022-12-30T20:01:12.4708163Z,0
5.520089,102.3557104,Daerah: Kelantan<br>No:1825<br>Hex coord:(165;46),n/a,0,0,0,0,0,0,1,2022-12-30T20:01:13.1451794Z,0
5.527869,102.3692571,Daerah: Kelantan<br>No:1826<br>Hex coord:(166;46),n/a,0,0,0,0,0,0,1,2022-12-30T20:01:13.8134757Z,0
5.512309,101.6919218,Daerah: Kelantan<br>No:1827<br>Hex coord:(116;47),n/a,0,0,0,0,0,0,1,2022-12-30T20:01:14.7347070Z,0
5.512309,101.7461086,Daerah: Kelantan<br>No:1828<br>Hex coord:(120;47),n/a,0,0,0,0,0,0,1,2022-12-30T20:01:15.4089852Z,0
5.504529,101.7596554,Daerah: Kelantan<br>No:1829<br>Hex coord:(121;47),n/a,0,0,0,0,0,0,1,2022-12-30T20:01:16.0916754Z,0
5.512309,101.7732021,Daerah: Kelantan<br>No:1830<br>Hex coord:(122;47),n/a,0,0,0,0,0,0,1,2022-12-30T20:01:16.7687428Z,0
5.504529,101.7867488,Daerah: Kelantan<br>No:1831<br>Hex coord:(123;47),n/a,0,0,0,0,0,0,1,2022-12-30T20:01:17.4488579Z,0
5.512309,101.8002955,Daerah: Kelantan<br>No:1832<br>Hex coord:(124;47),n/a,0,0,0,0,0,0,1,2022-12-30T20:01:18.1197778Z,0
5.504529,101.8138422,Daerah: Kelantan<br>No:1833<br>Hex coord:(125;47),n/a,0,0,0,0,0,0,1,2022-12-30T20:01:18.7874240Z,0
5.512309,101.8273889,Daerah: Kelantan<br>No:1834<br>Hex coord:(126;47),n/a,0,0,0,0,0,0,1,2022-12-30T20:01:19.4613023Z,0
5.504529,101.8409356,Daerah: Kelantan<br>No:1835<br>Hex coord:(127;47),n/a,0,0,0,0,0,0,1,2022-12-30T20:01:20.1582755Z,0
5.512309,101.8544823,Daerah: Kelantan<br>No:1836<br>Hex coord:(128;47),n/a,0,0,0,0,0,0,1,2022-12-30T20:01:20.8302813Z,0
5.504529,101.868029,Daerah: Kelantan<br>No:1837<br>Hex coord:(129;47),n/a,0,0,0,0,0,0,1,2022-12-30T20:01:21.5059587Z,0
5.512309,101.8815757,Daerah: Kelantan<br>No:1838<br>Hex coord:(130;47),n/a,0,0,0,0,0,0,1,2022-12-30T20:01:22.1873822Z,0
5.504529,101.8951224,Daerah: Kelantan<br>No:1839<br>Hex coord:(131;47),n/a,0,0,0,0,0,0,1,2022-12-30T20:01:22.8660665Z,0
5.512309,101.9086691,Daerah: Kelantan<br>No:1840<br>Hex coord:(132;47),n/a,1,0,0,0,0,0,1,2022-12-30T20:01:23.5335736Z,0
5.504529,101.9222158,Daerah: Kelantan<br>No:1841<br>Hex coord:(133;47),n/a,0,0,0,0,0,0,1,2022-12-30T20:01:24.2131062Z,0
5.512309,101.9357625,Daerah: Kelantan<br>No:1842<br>Hex coord:(134;47),n/a,0,0,0,0,0,0,1,2022-12-30T20:01:24.8933361Z,0
5.504529,101.9493092,Daerah: Kelantan<br>No:1843<br>Hex coord:(135;47),n/a,0,0,0,0,0,0,1,2022-12-30T20:01:25.5650494Z,0
5.512309,101.9628559,Daerah: Kelantan<br>No:1844<br>Hex coord:(136;47),n/a,0,0,0,0,0,0,1,2022-12-30T20:01:26.2384883Z,0
5.504529,101.9764026,Daerah: Kelantan<br>No:1845<br>Hex coord:(137;47),n/a,0,0,0,0,0,0,1,2022-12-30T20:01:26.9065520Z,0
5.512309,101.9899493,Daerah: Kelantan<br>No:1846<br>Hex coord:(138;47),n/a,0,0,0,0,0,0,1,2022-12-30T20:01:27.5777974Z,0
5.504529,102.003496,Daerah: Kelantan<br>No:1847<br>Hex coord:(139;47),n/a,0,0,0,0,0,0,1,2022-12-30T20:01:28.2493325Z,0
5.512309,102.0170428,Daerah: Kelantan<br>No:1848<br>Hex coord:(140;47),n/a,0,0,0,0,0,0,1,2022-12-30T20:01:28.9255110Z,0
5.504529,102.0305895,Daerah: Kelantan<br>No:1849<br>Hex coord:(141;47),n/a,0,0,0,0,0,0,1,2022-12-30T20:01:29.6015240Z,0
5.512309,102.0441362,Daerah: Kelantan<br>No:1850<br>Hex coord:(142;47),n/a,0,0,0,0,0,0,1,2022-12-30T20:01:30.2764527Z,0
5.504529,102.0576829,Daerah: Kelantan<br>No:1851<br>Hex coord:(143;47),n/a,0,0,0,0,0,0,1,2022-12-30T20:01:30.9567035Z,0
5.512309,102.0712296,Daerah: Kelantan<br>No:1852<br>Hex coord:(144;47),n/a,0,0,0,0,0,0,1,2022-12-30T20:01:31.6284818Z,0
5.504529,102.0847763,Daerah: Kelantan<br>No:1853<br>Hex coord:(145;47),n/a,0,0,0,0,0,0,1,2022-12-30T20:01:32.3033262Z,0
5.512309,102.098323,Daerah: Kelantan<br>No:1854<br>Hex coord:(146;47),n/a,0,0,0,0,0,0,1,2022-12-30T20:01:32.9752965Z,0
5.504529,102.1118697,Daerah: Kelantan<br>No:1855<br>Hex coord:(147;47),n/a,0,0,0,0,0,0,1,2022-12-30T20:01:33.6374286Z,0
5.512309,102.1254164,Daerah: Kelantan<br>No:1856<br>Hex coord:(148;47),n/a,0,0,0,0,0,0,1,2022-12-30T20:01:34.3109652Z,0
5.504529,102.1389631,Daerah: Kelantan<br>No:1857<br>Hex coord:(149;47),n/a,0,0,0,0,0,0,1,2022-12-30T20:01:34.9987245Z,0
5.512309,102.1525098,Daerah: Kelantan<br>No:1858<br>Hex coord:(150;47),n/a,0,0,0,0,0,0,1,2022-12-30T20:01:35.6804065Z,0
5.504529,102.1660565,Daerah: Kelantan<br>No:1859<br>Hex coord:(151;47),n/a,0,0,0,0,0,0,1,2022-12-30T20:01:36.3492230Z,0
5.512309,102.1796032,Daerah: Kelantan<br>No:1860<br>Hex coord:(152;47),n/a,0,0,0,0,0,0,1,2022-12-30T20:01:37.0348987Z,0
5.504529,102.1931499,Daerah: Kelantan<br>No:1861<br>Hex coord:(153;47),n/a,0,0,0,0,0,0,1,2022-12-30T20:01:37.7160842Z,0
5.512309,102.2066966,Daerah: Kelantan<br>No:1862<br>Hex coord:(154;47),n/a,0,0,0,0,0,0,1,2022-12-30T20:01:38.3959842Z,0
5.504529,102.2202433,Daerah: Kelantan<br>No:1863<br>Hex coord:(155;47),n/a,0,0,0,0,0,0,1,2022-12-30T20:01:39.0781254Z,0
5.512309,102.23379,Daerah: Kelantan<br>No:1864<br>Hex coord:(156;47),n/a,0,0,0,0,0,0,1,2022-12-30T20:01:39.7608311Z,0
5.504529,102.2473367,Daerah: Kelantan<br>No:1865<br>Hex coord:(157;47),n/a,0,0,0,0,0,0,1,2022-12-30T20:01:40.4376687Z,0
5.512309,102.2608835,Daerah: Kelantan<br>No:1866<br>Hex coord:(158;47),n/a,0,0,0,0,0,0,1,2022-12-30T20:01:41.1250126Z,0
5.504529,102.2744302,Daerah: Kelantan<br>No:1867<br>Hex coord:(159;47),n/a,0,0,0,0,0,0,1,2022-12-30T20:01:41.7979767Z,0
5.512309,102.2879769,Daerah: Kelantan<br>No:1868<br>Hex coord:(160;47),n/a,0,0,0,0,0,0,1,2022-12-30T20:01:42.4723609Z,0
5.504529,102.3015236,Daerah: Kelantan<br>No:1869<br>Hex coord:(161;47),n/a,0,0,0,0,0,0,1,2022-12-30T20:01:43.1499522Z,0
5.512309,102.3150703,Daerah: Kelantan<br>No:1870<br>Hex coord:(162;47),n/a,0,0,0,0,0,0,1,2022-12-30T20:01:43.8189473Z,0
5.504529,102.328617,Daerah: Kelantan<br>No:1871<br>Hex coord:(163;47),n/a,0,0,0,0,0,0,1,2022-12-30T20:01:44.4943834Z,0
5.512309,102.3421637,Daerah: Kelantan<br>No:1872<br>Hex coord:(164;47),n/a,0,0,0,0,0,0,1,2022-12-30T20:01:45.1742248Z,0
5.504529,102.3557104,Daerah: Kelantan<br>No:1873<br>Hex coord:(165;47),n/a,0,0,0,0,0,0,1,2022-12-30T20:01:45.8551280Z,0
5.512309,102.3692571,Daerah: Kelantan<br>No:1874<br>Hex coord:(166;47),n/a,0,0,0,0,0,0,1,2022-12-30T20:01:46.5231696Z,0
5.504529,102.3828038,Daerah: Kelantan<br>No:1875<br>Hex coord:(167;47),n/a,0,0,0,0,0,0,1,2022-12-30T20:01:47.1921612Z,0
5.488969,101.7596554,Daerah: Kelantan<br>No:1876<br>Hex coord:(121;48),n/a,0,0,0,0,0,0,1,2022-12-30T20:01:47.8755081Z,0
5.496749,101.7732021,Daerah: Kelantan<br>No:1877<br>Hex coord:(122;48),n/a,0,0,0,0,0,0,1,2022-12-30T20:01:48.5540422Z,0
5.488969,101.7867488,Daerah: Kelantan<br>No:1878<br>Hex coord:(123;48),n/a,0,0,0,0,0,0,1,2022-12-30T20:01:49.2360840Z,0
5.496749,101.8002955,Daerah: Kelantan<br>No:1879<br>Hex coord:(124;48),n/a,0,0,0,0,0,0,1,2022-12-30T20:01:49.9063084Z,0
5.488969,101.8138422,Daerah: Kelantan<br>No:1880<br>Hex coord:(125;48),n/a,0,0,0,0,0,0,1,2022-12-30T20:01:50.5748268Z,0
5.496749,101.8273889,Daerah: Kelantan<br>No:1881<br>Hex coord:(126;48),n/a,0,0,0,0,0,0,1,2022-12-30T20:01:51.2537560Z,0
5.488969,101.8409356,Daerah: Kelantan<br>No:1882<br>Hex coord:(127;48),n/a,0,0,0,0,0,0,1,2022-12-30T20:01:51.9237379Z,0
5.496749,101.8544823,Daerah: Kelantan<br>No:1883<br>Hex coord:(128;48),n/a,0,0,0,0,0,0,1,2022-12-30T20:01:52.6068547Z,0
5.488969,101.868029,Daerah: Kelantan<br>No:1884<br>Hex coord:(129;48),n/a,0,0,0,0,0,0,1,2022-12-30T20:01:53.2769934Z,0
5.496749,101.8815757,Daerah: Kelantan<br>No:1885<br>Hex coord:(130;48),n/a,0,0,0,0,0,0,1,2022-12-30T20:01:53.9561351Z,0
5.488969,101.8951224,Daerah: Kelantan<br>No:1886<br>Hex coord:(131;48),n/a,0,0,0,0,0,0,1,2022-12-30T20:01:54.6303860Z,0
5.496749,101.9086691,Daerah: Kelantan<br>No:1887<br>Hex coord:(132;48),n/a,1,0,0,0,0,0,1,2022-12-30T20:01:55.3169325Z,0
5.488969,101.9222158,Daerah: Kelantan<br>No:1888<br>Hex coord:(133;48),n/a,0,0,0,0,0,0,1,2022-12-30T20:01:55.9820334Z,0
5.496749,101.9357625,Daerah: Kelantan<br>No:1889<br>Hex coord:(134;48),n/a,0,0,0,0,0,0,1,2022-12-30T20:01:56.6553916Z,0
5.488969,101.9493092,Daerah: Kelantan<br>No:1890<br>Hex coord:(135;48),n/a,0,0,0,0,0,0,1,2022-12-30T20:01:57.3315653Z,0
5.496749,101.9628559,Daerah: Kelantan<br>No:1891<br>Hex coord:(136;48),n/a,0,0,0,0,0,0,1,2022-12-30T20:01:57.9975045Z,0
5.488969,101.9764026,Daerah: Kelantan<br>No:1892<br>Hex coord:(137;48),n/a,0,0,0,0,0,0,1,2022-12-30T20:01:58.6656607Z,0
5.496749,101.9899493,Daerah: Kelantan<br>No:1893<br>Hex coord:(138;48),n/a,0,0,0,0,0,0,1,2022-12-30T20:01:59.3318328Z,0
5.488969,102.003496,Daerah: Kelantan<br>No:1894<br>Hex coord:(139;48),n/a,0,0,0,0,0,0,1,2022-12-30T20:01:59.9931595Z,0
5.496749,102.0170428,Daerah: Kelantan<br>No:1895<br>Hex coord:(140;48),n/a,0,0,0,0,0,0,1,2022-12-30T20:02:00.6651051Z,0
5.488969,102.0305895,Daerah: Kelantan<br>No:1896<br>Hex coord:(141;48),n/a,0,0,0,0,0,0,1,2022-12-30T20:02:01.3412579Z,0
5.496749,102.0441362,Daerah: Kelantan<br>No:1897<br>Hex coord:(142;48),n/a,0,0,0,0,0,0,1,2022-12-30T20:02:02.0178883Z,0
5.488969,102.0576829,Daerah: Kelantan<br>No:1898<br>Hex coord:(143;48),n/a,0,0,0,0,0,0,1,2022-12-30T20:02:02.6867579Z,0
5.496749,102.0712296,Daerah: Kelantan<br>No:1899<br>Hex coord:(144;48),n/a,0,0,0,0,0,0,1,2022-12-30T20:02:03.3578853Z,0
5.488969,102.0847763,Daerah: Kelantan<br>No:1900<br>Hex coord:(145;48),n/a,0,0,0,0,0,0,1,2022-12-30T20:02:04.0254652Z,0
5.496749,102.098323,Daerah: Kelantan<br>No:1901<br>Hex coord:(146;48),n/a,0,0,0,0,0,0,1,2022-12-30T20:02:04.7066457Z,0
5.488969,102.1118697,Daerah: Kelantan<br>No:1902<br>Hex coord:(147;48),n/a,0,0,0,0,0,0,1,2022-12-30T20:02:05.3771104Z,0
5.496749,102.1254164,Daerah: Kelantan<br>No:1903<br>Hex coord:(148;48),n/a,0,0,0,0,0,0,1,2022-12-30T20:02:06.0526597Z,0
5.488969,102.1389631,Daerah: Kelantan<br>No:1904<br>Hex coord:(149;48),n/a,0,0,0,0,0,0,1,2022-12-30T20:02:06.7209912Z,0
5.496749,102.1525098,Daerah: Kelantan<br>No:1905<br>Hex coord:(150;48),n/a,0,0,0,0,0,0,1,2022-12-30T20:02:07.3976376Z,0
5.488969,102.1660565,Daerah: Kelantan<br>No:1906<br>Hex coord:(151;48),n/a,0,0,0,0,0,0,1,2022-12-30T20:02:08.0663219Z,0
5.496749,102.1796032,Daerah: Kelantan<br>No:1907<br>Hex coord:(152;48),n/a,0,0,0,0,0,0,1,2022-12-30T20:02:08.7357128Z,0
5.488969,102.1931499,Daerah: Kelantan<br>No:1908<br>Hex coord:(153;48),n/a,0,0,0,0,0,0,1,2022-12-30T20:02:09.4144511Z,0
5.496749,102.2066966,Daerah: Kelantan<br>No:1909<br>Hex coord:(154;48),n/a,0,0,0,0,0,0,1,2022-12-30T20:02:10.1090989Z,0
5.488969,102.2202433,Daerah: Kelantan<br>No:1910<br>Hex coord:(155;48),n/a,0,0,0,0,0,0,1,2022-12-30T20:02:10.7850194Z,0
5.496749,102.23379,Daerah: Kelantan<br>No:1911<br>Hex coord:(156;48),n/a,0,0,0,0,0,0,1,2022-12-30T20:02:11.4693108Z,0
5.488969,102.2473367,Daerah: Kelantan<br>No:1912<br>Hex coord:(157;48),n/a,0,0,0,0,0,0,1,2022-12-30T20:02:12.1392608Z,0
5.496749,102.2608835,Daerah: Kelantan<br>No:1913<br>Hex coord:(158;48),n/a,0,0,0,0,0,0,1,2022-12-30T20:02:12.8177158Z,0
5.488969,102.2744302,Daerah: Kelantan<br>No:1914<br>Hex coord:(159;48),n/a,0,0,0,0,0,0,1,2022-12-30T20:02:13.4845279Z,0
5.496749,102.2879769,Daerah: Kelantan<br>No:1915<br>Hex coord:(160;48),n/a,0,0,0,0,0,0,1,2022-12-30T20:02:14.1560487Z,0
5.488969,102.3015236,Daerah: Kelantan<br>No:1916<br>Hex coord:(161;48),n/a,0,0,0,0,0,0,1,2022-12-30T20:02:14.8261702Z,0
5.496749,102.3150703,Daerah: Kelantan<br>No:1917<br>Hex coord:(162;48),n/a,0,0,0,0,0,0,1,2022-12-30T20:02:15.4989041Z,0
5.488969,102.328617,Daerah: Kelantan<br>No:1918<br>Hex coord:(163;48),n/a,0,0,0,0,0,0,1,2022-12-30T20:02:16.1650445Z,0
5.496749,102.3421637,Daerah: Kelantan<br>No:1919<br>Hex coord:(164;48),n/a,0,0,0,0,0,0,1,2022-12-30T20:02:16.8358792Z,0
5.488969,102.3557104,Daerah: Kelantan<br>No:1920<br>Hex coord:(165;48),n/a,0,0,0,0,0,0,1,2022-12-30T20:02:17.5046250Z,0
5.496749,102.3692571,Daerah: Kelantan<br>No:1921<br>Hex coord:(166;48),n/a,0,0,0,0,0,0,1,2022-12-30T20:02:18.1718369Z,0
5.488969,102.3828038,Daerah: Kelantan<br>No:1922<br>Hex coord:(167;48),n/a,0,0,0,0,0,0,1,2022-12-30T20:02:18.8418950Z,0
5.473409,101.7596554,Daerah: Kelantan<br>No:1923<br>Hex coord:(121;49),n/a,0,0,0,0,0,0,1,2022-12-30T20:02:19.5240063Z,0
5.481189,101.7732021,Daerah: Kelantan<br>No:1924<br>Hex coord:(122;49),n/a,0,0,0,0,0,0,1,2022-12-30T20:02:20.1957358Z,0
5.473409,101.7867488,Daerah: Kelantan<br>No:1925<br>Hex coord:(123;49),n/a,0,0,0,0,0,0,1,2022-12-30T20:02:20.8631487Z,0
5.481189,101.8002955,Daerah: Kelantan<br>No:1926<br>Hex coord:(124;49),n/a,0,0,0,0,0,0,1,2022-12-30T20:02:21.5334561Z,0
5.473409,101.8138422,Daerah: Kelantan<br>No:1927<br>Hex coord:(125;49),n/a,0,0,0,0,0,0,1,2022-12-30T20:02:22.2065825Z,0
5.481189,101.8273889,Daerah: Kelantan<br>No:1928<br>Hex coord:(126;49),n/a,0,0,0,0,0,0,1,2022-12-30T20:02:22.8797343Z,0
5.473409,101.8409356,Daerah: Kelantan<br>No:1929<br>Hex coord:(127;49),n/a,0,0,0,0,0,0,1,2022-12-30T20:02:23.5439732Z,0
5.481189,101.8544823,Daerah: Kelantan<br>No:1930<br>Hex coord:(128;49),n/a,0,0,0,0,0,0,1,2022-12-30T20:02:24.2160499Z,0
5.473409,101.868029,Daerah: Kelantan<br>No:1931<br>Hex coord:(129;49),n/a,0,0,0,0,0,0,1,2022-12-30T20:02:24.8896104Z,0
5.481189,101.8815757,Daerah: Kelantan<br>No:1932<br>Hex coord:(130;49),n/a,0,0,0,0,0,0,1,2022-12-30T20:02:25.5564661Z,0
5.473409,101.8951224,Daerah: Kelantan<br>No:1933<br>Hex coord:(131;49),n/a,0,0,0,0,0,0,1,2022-12-30T20:02:26.2321833Z,0
5.481189,101.9086691,Daerah: Kelantan<br>No:1934<br>Hex coord:(132;49),n/a,0,0,0,0,0,0,1,2022-12-30T20:02:26.9140484Z,0
5.473409,101.9222158,Daerah: Kelantan<br>No:1935<br>Hex coord:(133;49),n/a,0,0,0,0,0,0,1,2022-12-30T20:02:27.5848346Z,0
5.481189,101.9357625,Daerah: Kelantan<br>No:1936<br>Hex coord:(134;49),n/a,0,0,0,0,0,0,1,2022-12-30T20:02:28.3087822Z,0
5.473409,101.9493092,Daerah: Kelantan<br>No:1937<br>Hex coord:(135;49),n/a,0,0,0,0,0,0,1,2022-12-30T20:02:28.9818935Z,0
5.481189,101.9628559,Daerah: Kelantan<br>No:1938<br>Hex coord:(136;49),n/a,0,0,0,0,0,0,1,2022-12-30T20:02:29.6933454Z,0
5.473409,101.9764026,Daerah: Kelantan<br>No:1939<br>Hex coord:(137;49),n/a,0,0,0,0,0,0,1,2022-12-30T20:02:30.3701422Z,0
5.481189,101.9899493,Daerah: Kelantan<br>No:1940<br>Hex coord:(138;49),n/a,0,0,0,0,0,0,1,2022-12-30T20:02:31.0437077Z,0
5.473409,102.003496,Daerah: Kelantan<br>No:1941<br>Hex coord:(139;49),n/a,0,0,0,0,0,0,1,2022-12-30T20:02:31.7088029Z,0
5.481189,102.0170428,Daerah: Kelantan<br>No:1942<br>Hex coord:(140;49),n/a,0,0,0,0,0,0,1,2022-12-30T20:02:32.3839660Z,0
5.473409,102.0305895,Daerah: Kelantan<br>No:1943<br>Hex coord:(141;49),n/a,0,0,0,0,0,0,1,2022-12-30T20:02:33.0854109Z,0
5.481189,102.0441362,Daerah: Kelantan<br>No:1944<br>Hex coord:(142;49),n/a,0,0,0,0,0,0,1,2022-12-30T20:02:33.7698939Z,0
5.473409,102.0576829,Daerah: Kelantan<br>No:1945<br>Hex coord:(143;49),n/a,0,0,0,0,0,0,1,2022-12-30T20:02:34.4380506Z,0
5.481189,102.0712296,Daerah: Kelantan<br>No:1946<br>Hex coord:(144;49),n/a,0,0,0,0,0,0,1,2022-12-30T20:02:35.1086175Z,0
5.473409,102.0847763,Daerah: Kelantan<br>No:1947<br>Hex coord:(145;49),n/a,0,0,0,0,0,0,1,2022-12-30T20:02:35.7771718Z,0
5.481189,102.098323,Daerah: Kelantan<br>No:1948<br>Hex coord:(146;49),n/a,0,0,0,0,0,0,1,2022-12-30T20:02:36.4520927Z,0
5.473409,102.1118697,Daerah: Kelantan<br>No:1949<br>Hex coord:(147;49),n/a,0,0,0,0,0,0,1,2022-12-30T20:02:37.1194210Z,0
5.481189,102.1254164,Daerah: Kelantan<br>No:1950<br>Hex coord:(148;49),n/a,0,0,0,0,0,0,1,2022-12-30T20:02:37.7993733Z,0
5.473409,102.1389631,Daerah: Kelantan<br>No:1951<br>Hex coord:(149;49),n/a,0,0,0,0,0,0,1,2022-12-30T20:02:38.4798278Z,0
5.481189,102.1525098,Daerah: Kelantan<br>No:1952<br>Hex coord:(150;49),n/a,0,0,0,0,0,0,1,2022-12-30T20:02:39.1497146Z,0
5.473409,102.1660565,Daerah: Kelantan<br>No:1953<br>Hex coord:(151;49),n/a,0,0,0,0,0,0,1,2022-12-30T20:02:39.8280679Z,0
5.481189,102.1796032,Daerah: Kelantan<br>No:1954<br>Hex coord:(152;49),n/a,0,0,0,0,0,0,1,2022-12-30T20:02:40.5093804Z,0
5.473409,102.1931499,Daerah: Kelantan<br>No:1955<br>Hex coord:(153;49),n/a,0,0,0,0,0,0,1,2022-12-30T20:02:41.1885999Z,0
5.481189,102.2066966,Daerah: Kelantan<br>No:1956<br>Hex coord:(154;49),n/a,0,0,0,0,0,0,1,2022-12-30T20:02:41.8558538Z,0
5.473409,102.2202433,Daerah: Kelantan<br>No:1957<br>Hex coord:(155;49),n/a,0,0,0,0,0,0,1,2022-12-30T20:02:42.5408413Z,0
5.481189,102.23379,Daerah: Kelantan<br>No:1958<br>Hex coord:(156;49),n/a,0,0,0,0,0,0,1,2022-12-30T20:02:43.2211000Z,0
5.473409,102.2473367,Daerah: Kelantan<br>No:1959<br>Hex coord:(157;49),n/a,0,0,0,0,0,0,1,2022-12-30T20:02:43.8911279Z,0
5.481189,102.2608835,Daerah: Kelantan<br>No:1960<br>Hex coord:(158;49),n/a,0,0,0,0,0,0,1,2022-12-30T20:02:44.5661498Z,0
5.473409,102.2744302,Daerah: Kelantan<br>No:1961<br>Hex coord:(159;49),n/a,0,0,0,0,0,0,1,2022-12-30T20:02:45.2681413Z,0
5.481189,102.2879769,Daerah: Kelantan<br>No:1962<br>Hex coord:(160;49),n/a,0,0,0,0,0,0,1,2022-12-30T20:02:45.9379810Z,0
5.473409,102.3015236,Daerah: Kelantan<br>No:1963<br>Hex coord:(161;49),n/a,0,0,0,0,0,0,1,2022-12-30T20:02:46.6060102Z,0
5.481189,102.3150703,Daerah: Kelantan<br>No:1964<br>Hex coord:(162;49),n/a,0,0,0,0,0,0,1,2022-12-30T20:02:47.2759616Z,0
5.473409,102.328617,Daerah: Kelantan<br>No:1965<br>Hex coord:(163;49),n/a,0,0,0,0,0,0,1,2022-12-30T20:02:47.9574038Z,0
5.481189,102.3421637,Daerah: Kelantan<br>No:1966<br>Hex coord:(164;49),n/a,0,0,0,0,0,0,1,2022-12-30T20:02:48.6311659Z,0
5.473409,102.3557104,Daerah: Kelantan<br>No:1967<br>Hex coord:(165;49),n/a,0,0,0,0,0,0,1,2022-12-30T20:02:49.3014706Z,0
5.481189,102.3692571,Daerah: Kelantan<br>No:1968<br>Hex coord:(166;49),n/a,0,0,0,0,0,0,1,2022-12-30T20:02:49.9708554Z,0
5.473409,102.3828038,Daerah: Kelantan<br>No:1969<br>Hex coord:(167;49),n/a,0,0,0,0,0,0,1,2022-12-30T20:02:50.6399748Z,0
5.465629,101.7461086,Daerah: Kelantan<br>No:1970<br>Hex coord:(120;50),n/a,0,0,0,0,0,0,1,2022-12-30T20:02:51.3114216Z,0
5.457849,101.7596554,Daerah: Kelantan<br>No:1971<br>Hex coord:(121;50),n/a,0,0,0,0,0,0,1,2022-12-30T20:02:51.9849049Z,0
5.465629,101.7732021,Daerah: Kelantan<br>No:1972<br>Hex coord:(122;50),n/a,0,0,0,0,0,0,1,2022-12-30T20:02:52.6529960Z,0
5.457849,101.7867488,Daerah: Kelantan<br>No:1973<br>Hex coord:(123;50),n/a,0,0,0,0,0,0,1,2022-12-30T20:02:53.3247311Z,0
5.465629,101.8002955,Daerah: Kelantan<br>No:1974<br>Hex coord:(124;50),n/a,0,0,0,0,0,0,1,2022-12-30T20:02:53.9924640Z,0
5.457849,101.8138422,Daerah: Kelantan<br>No:1975<br>Hex coord:(125;50),n/a,0,0,0,0,0,0,1,2022-12-30T20:02:54.6643638Z,0
5.465629,101.8273889,Daerah: Kelantan<br>No:1976<br>Hex coord:(126;50),n/a,0,0,0,0,0,0,1,2022-12-30T20:02:55.3589923Z,0
5.457849,101.8409356,Daerah: Kelantan<br>No:1977<br>Hex coord:(127;50),n/a,0,0,0,0,0,0,1,2022-12-30T20:02:56.0407706Z,0
5.465629,101.8544823,Daerah: Kelantan<br>No:1978<br>Hex coord:(128;50),n/a,0,0,0,0,0,0,1,2022-12-30T20:02:56.7197168Z,0
5.457849,101.868029,Daerah: Kelantan<br>No:1979<br>Hex coord:(129;50),n/a,0,0,0,0,0,0,1,2022-12-30T20:02:57.3914208Z,0
5.465629,101.8815757,Daerah: Kelantan<br>No:1980<br>Hex coord:(130;50),n/a,0,0,0,0,0,0,1,2022-12-30T20:02:58.0603059Z,0
5.457849,101.8951224,Daerah: Kelantan<br>No:1981<br>Hex coord:(131;50),n/a,0,0,0,0,0,0,1,2022-12-30T20:02:58.7357801Z,0
5.465629,101.9086691,Daerah: Kelantan<br>No:1982<br>Hex coord:(132;50),n/a,0,0,0,0,0,0,1,2022-12-30T20:02:59.4077528Z,0
5.457849,101.9222158,Daerah: Kelantan<br>No:1983<br>Hex coord:(133;50),n/a,0,0,0,0,0,0,1,2022-12-30T20:03:00.1030869Z,0
5.465629,101.9357625,Daerah: Kelantan<br>No:1984<br>Hex coord:(134;50),n/a,0,0,0,0,0,0,1,2022-12-30T20:03:00.7805034Z,0
5.457849,101.9493092,Daerah: Kelantan<br>No:1985<br>Hex coord:(135;50),n/a,0,0,0,0,0,0,1,2022-12-30T20:03:01.4561570Z,0
5.465629,101.9628559,Daerah: Kelantan<br>No:1986<br>Hex coord:(136;50),n/a,0,0,0,0,0,0,1,2022-12-30T20:03:02.1280895Z,0
5.457849,101.9764026,Daerah: Kelantan<br>No:1987<br>Hex coord:(137;50),n/a,0,0,0,0,0,0,1,2022-12-30T20:03:02.8024039Z,0
5.465629,101.9899493,Daerah: Kelantan<br>No:1988<br>Hex coord:(138;50),n/a,0,0,0,0,0,0,1,2022-12-30T20:03:03.4661037Z,0
5.457849,102.003496,Daerah: Kelantan<br>No:1989<br>Hex coord:(139;50),n/a,0,0,0,0,0,0,1,2022-12-30T20:03:04.1393636Z,0
5.465629,102.0170428,Daerah: Kelantan<br>No:1990<br>Hex coord:(140;50),n/a,0,0,0,0,0,0,1,2022-12-30T20:03:04.8123453Z,0
5.457849,102.0305895,Daerah: Kelantan<br>No:1991<br>Hex coord:(141;50),n/a,0,0,0,0,0,0,1,2022-12-30T20:03:05.4797872Z,0
5.465629,102.0441362,Daerah: Kelantan<br>No:1992<br>Hex coord:(142;50),n/a,0,0,0,0,0,0,1,2022-12-30T20:03:06.1472505Z,0
5.457849,102.0576829,Daerah: Kelantan<br>No:1993<br>Hex coord:(143;50),n/a,0,0,0,0,0,0,1,2022-12-30T20:03:06.8251343Z,0
5.465629,102.0712296,Daerah: Kelantan<br>No:1994<br>Hex coord:(144;50),n/a,0,0,0,0,0,0,1,2022-12-30T20:03:07.5048569Z,0
5.457849,102.0847763,Daerah: Kelantan<br>No:1995<br>Hex coord:(145;50),n/a,0,0,0,0,0,0,1,2022-12-30T20:03:08.1796904Z,0
5.465629,102.098323,Daerah: Kelantan<br>No:1996<br>Hex coord:(146;50),n/a,0,0,0,0,0,0,1,2022-12-30T20:03:08.8672114Z,0
5.457849,102.1118697,Daerah: Kelantan<br>No:1997<br>Hex coord:(147;50),n/a,0,0,0,0,0,0,1,2022-12-30T20:03:09.5335220Z,0
5.465629,102.1254164,Daerah: Kelantan<br>No:1998<br>Hex coord:(148;50),n/a,0,0,0,0,0,0,1,2022-12-30T20:03:10.2126465Z,0
5.457849,102.1389631,Daerah: Kelantan<br>No:1999<br>Hex coord:(149;50),n/a,0,0,0,0,0,0,1,2022-12-30T20:03:10.8964036Z,0
5.465629,102.1525098,Daerah: Kelantan<br>No:2000<br>Hex coord:(150;50),n/a,0,0,0,0,0,0,1,2022-12-30T20:03:11.5747528Z,0
5.457849,102.1660565,Daerah: Kelantan<br>No:2001<br>Hex coord:(151;50),n/a,0,0,0,0,0,0,1,2022-12-30T20:03:12.4535392Z,0
5.465629,102.1796032,Daerah: Kelantan<br>No:2002<br>Hex coord:(152;50),n/a,0,0,0,0,0,0,1,2022-12-30T20:03:13.1301927Z,0
5.457849,102.1931499,Daerah: Kelantan<br>No:2003<br>Hex coord:(153;50),n/a,0,0,0,0,0,0,1,2022-12-30T20:03:13.8138286Z,0
5.465629,102.2066966,Daerah: Kelantan<br>No:2004<br>Hex coord:(154;50),n/a,0,0,0,0,0,0,1,2022-12-30T20:03:14.4913333Z,0
5.457849,102.2202433,Daerah: Kelantan<br>No:2005<br>Hex coord:(155;50),n/a,0,0,0,0,0,0,1,2022-12-30T20:03:15.1681748Z,0
5.465629,102.23379,Daerah: Kelantan<br>No:2006<br>Hex coord:(156;50),n/a,0,0,0,0,0,0,1,2022-12-30T20:03:15.8614425Z,0
5.457849,102.2473367,Daerah: Kelantan<br>No:2007<br>Hex coord:(157;50),n/a,0,0,0,0,0,0,1,2022-12-30T20:03:16.5573757Z,0
5.465629,102.2608835,Daerah: Kelantan<br>No:2008<br>Hex coord:(158;50),n/a,0,0,0,0,0,0,1,2022-12-30T20:03:17.2379967Z,0
5.457849,102.2744302,Daerah: Kelantan<br>No:2009<br>Hex coord:(159;50),n/a,0,0,0,0,0,0,1,2022-12-30T20:03:17.9214563Z,0
5.465629,102.2879769,Daerah: Kelantan<br>No:2010<br>Hex coord:(160;50),n/a,0,0,0,0,0,0,1,2022-12-30T20:03:18.5923990Z,0
5.457849,102.3015236,Daerah: Kelantan<br>No:2011<br>Hex coord:(161;50),n/a,0,0,0,0,0,0,1,2022-12-30T20:03:19.2721939Z,0
5.465629,102.3150703,Daerah: Kelantan<br>No:2012<br>Hex coord:(162;50),n/a,0,0,0,0,0,0,1,2022-12-30T20:03:19.9435784Z,0
5.457849,102.328617,Daerah: Kelantan<br>No:2013<br>Hex coord:(163;50),n/a,0,0,0,0,0,0,1,2022-12-30T20:03:20.6130432Z,0
5.465629,102.3421637,Daerah: Kelantan<br>No:2014<br>Hex coord:(164;50),n/a,0,0,0,0,0,0,1,2022-12-30T20:03:21.2831362Z,0
5.457849,102.3557104,Daerah: Kelantan<br>No:2015<br>Hex coord:(165;50),n/a,0,0,0,0,0,0,1,2022-12-30T20:03:21.9533426Z,0
5.465629,102.3692571,Daerah: Kelantan<br>No:2016<br>Hex coord:(166;50),n/a,0,0,0,0,0,0,1,2022-12-30T20:03:22.6335683Z,0
5.457849,102.3828038,Daerah: Kelantan<br>No:2017<br>Hex coord:(167;50),n/a,0,0,0,0,0,0,1,2022-12-30T20:03:23.3050768Z,0
5.465629,102.3963505,Daerah: Kelantan<br>No:2018<br>Hex coord:(168;50),n/a,0,0,0,0,0,0,1,2022-12-30T20:03:23.9770656Z,0
5.450069,101.7461086,Daerah: Kelantan<br>No:2019<br>Hex coord:(120;51),n/a,0,0,0,0,0,0,1,2022-12-30T20:03:24.6656292Z,0
5.442289,101.7596554,Daerah: Kelantan<br>No:2020<br>Hex coord:(121;51),n/a,0,0,0,0,0,0,1,2022-12-30T20:03:25.3364956Z,0
5.450069,101.7732021,Daerah: Kelantan<br>No:2021<br>Hex coord:(122;51),n/a,0,0,0,0,0,0,1,2022-12-30T20:03:26.0119720Z,0
5.442289,101.7867488,Daerah: Kelantan<br>No:2022<br>Hex coord:(123;51),n/a,0,0,0,0,0,0,1,2022-12-30T20:03:26.6875920Z,0
5.450069,101.8002955,Daerah: Kelantan<br>No:2023<br>Hex coord:(124;51),n/a,0,0,0,0,0,0,1,2022-12-30T20:03:27.3644301Z,0
5.442289,101.8138422,Daerah: Kelantan<br>No:2024<br>Hex coord:(125;51),n/a,0,0,0,0,0,0,1,2022-12-30T20:03:28.0331888Z,0
5.450069,101.8273889,Daerah: Kelantan<br>No:2025<br>Hex coord:(126;51),n/a,0,0,0,0,0,0,1,2022-12-30T20:03:28.7021443Z,0
5.442289,101.8409356,Daerah: Kelantan<br>No:2026<br>Hex coord:(127;51),n/a,0,0,0,0,0,0,1,2022-12-30T20:03:29.3825719Z,0
5.450069,101.8544823,Daerah: Kelantan<br>No:2027<br>Hex coord:(128;51),n/a,0,0,0,0,0,0,1,2022-12-30T20:03:30.0656740Z,0
5.442289,101.868029,Daerah: Kelantan<br>No:2028<br>Hex coord:(129;51),n/a,0,0,0,0,0,0,1,2022-12-30T20:03:30.7376251Z,0
5.450069,101.8815757,Daerah: Kelantan<br>No:2029<br>Hex coord:(130;51),n/a,0,0,0,0,0,0,1,2022-12-30T20:03:31.4196798Z,0
5.442289,101.8951224,Daerah: Kelantan<br>No:2030<br>Hex coord:(131;51),n/a,0,0,0,0,0,0,1,2022-12-30T20:03:32.1042929Z,0
5.450069,101.9086691,Daerah: Kelantan<br>No:2031<br>Hex coord:(132;51),n/a,0,0,0,0,0,0,1,2022-12-30T20:03:32.7786898Z,0
5.442289,101.9222158,Daerah: Kelantan<br>No:2032<br>Hex coord:(133;51),n/a,0,0,0,0,0,0,1,2022-12-30T20:03:33.4553965Z,0
5.450069,101.9357625,Daerah: Kelantan<br>No:2033<br>Hex coord:(134;51),n/a,0,0,0,0,0,0,1,2022-12-30T20:03:34.1297859Z,0
5.442289,101.9493092,Daerah: Kelantan<br>No:2034<br>Hex coord:(135;51),n/a,0,0,0,0,0,0,1,2022-12-30T20:03:34.8048422Z,0
5.450069,101.9628559,Daerah: Kelantan<br>No:2035<br>Hex coord:(136;51),n/a,0,0,0,0,0,0,1,2022-12-30T20:03:35.4873278Z,0
5.442289,101.9764026,Daerah: Kelantan<br>No:2036<br>Hex coord:(137;51),n/a,0,0,0,0,0,0,1,2022-12-30T20:03:36.1594743Z,0
5.450069,101.9899493,Daerah: Kelantan<br>No:2037<br>Hex coord:(138;51),n/a,0,0,0,0,0,0,1,2022-12-30T20:03:36.8306260Z,0
5.442289,102.003496,Daerah: Kelantan<br>No:2038<br>Hex coord:(139;51),n/a,0,0,0,0,0,0,1,2022-12-30T20:03:37.5034416Z,0
5.450069,102.0170428,Daerah: Kelantan<br>No:2039<br>Hex coord:(140;51),n/a,0,0,0,0,0,0,1,2022-12-30T20:03:38.1779949Z,0
5.442289,102.0305895,Daerah: Kelantan<br>No:2040<br>Hex coord:(141;51),n/a,0,0,0,0,0,0,1,2022-12-30T20:03:38.8568715Z,0
5.450069,102.0441362,Daerah: Kelantan<br>No:2041<br>Hex coord:(142;51),n/a,0,0,0,0,0,0,1,2022-12-30T20:03:39.5386354Z,0
5.442289,102.0576829,Daerah: Kelantan<br>No:2042<br>Hex coord:(143;51),n/a,0,0,0,0,0,0,1,2022-12-30T20:03:40.2077558Z,0
5.450069,102.0712296,Daerah: Kelantan<br>No:2043<br>Hex coord:(144;51),n/a,0,0,0,0,0,0,1,2022-12-30T20:03:40.8735405Z,0
5.442289,102.0847763,Daerah: Kelantan<br>No:2044<br>Hex coord:(145;51),n/a,0,0,0,0,0,0,1,2022-12-30T20:03:41.5428918Z,0
5.450069,102.098323,Daerah: Kelantan<br>No:2045<br>Hex coord:(146;51),n/a,0,0,0,0,0,0,1,2022-12-30T20:03:42.2110783Z,0
5.442289,102.1118697,Daerah: Kelantan<br>No:2046<br>Hex coord:(147;51),n/a,0,0,0,0,0,0,1,2022-12-30T20:03:42.8975637Z,0
5.450069,102.1254164,Daerah: Kelantan<br>No:2047<br>Hex coord:(148;51),n/a,0,0,0,0,0,0,1,2022-12-30T20:03:43.5721449Z,0
5.442289,102.1389631,Daerah: Kelantan<br>No:2048<br>Hex coord:(149;51),n/a,0,0,0,0,0,0,1,2022-12-30T20:03:44.2571464Z,0
5.450069,102.1525098,Daerah: Kelantan<br>No:2049<br>Hex coord:(150;51),n/a,0,0,0,0,0,0,1,2022-12-30T20:03:44.9365661Z,0
5.442289,102.1660565,Daerah: Kelantan<br>No:2050<br>Hex coord:(151;51),n/a,0,0,0,0,0,0,1,2022-12-30T20:03:45.6086454Z,0
5.450069,102.1796032,Daerah: Kelantan<br>No:2051<br>Hex coord:(152;51),n/a,0,0,0,0,0,0,1,2022-12-30T20:03:46.2874706Z,0
5.442289,102.1931499,Daerah: Kelantan<br>No:2052<br>Hex coord:(153;51),n/a,0,0,0,0,0,0,1,2022-12-30T20:03:46.9555804Z,0
5.450069,102.2066966,Daerah: Kelantan<br>No:2053<br>Hex coord:(154;51),n/a,0,0,0,0,0,0,1,2022-12-30T20:03:47.6414599Z,0
5.442289,102.2202433,Daerah: Kelantan<br>No:2054<br>Hex coord:(155;51),n/a,0,0,0,0,0,0,1,2022-12-30T20:03:48.3202774Z,0
5.450069,102.23379,Daerah: Kelantan<br>No:2055<br>Hex coord:(156;51),n/a,0,0,0,0,0,0,1,2022-12-30T20:03:48.9972749Z,0
5.442289,102.2473367,Daerah: Kelantan<br>No:2056<br>Hex coord:(157;51),n/a,0,0,0,0,0,0,1,2022-12-30T20:03:49.6684946Z,0
5.450069,102.2608835,Daerah: Kelantan<br>No:2057<br>Hex coord:(158;51),n/a,0,0,0,0,0,0,1,2022-12-30T20:03:50.3384421Z,0
5.442289,102.2744302,Daerah: Kelantan<br>No:2058<br>Hex coord:(159;51),n/a,0,0,0,0,0,0,1,2022-12-30T20:03:51.0167380Z,0
5.450069,102.2879769,Daerah: Kelantan<br>No:2059<br>Hex coord:(160;51),n/a,0,0,0,0,0,0,1,2022-12-30T20:03:51.6968300Z,0
5.442289,102.3015236,Daerah: Kelantan<br>No:2060<br>Hex coord:(161;51),n/a,0,0,0,0,0,0,1,2022-12-30T20:03:52.3773355Z,0
5.450069,102.3150703,Daerah: Kelantan<br>No:2061<br>Hex coord:(162;51),n/a,0,0,0,0,0,0,1,2022-12-30T20:03:53.0564408Z,0
5.442289,102.328617,Daerah: Kelantan<br>No:2062<br>Hex coord:(163;51),n/a,0,0,0,0,0,0,1,2022-12-30T20:03:53.7427356Z,0
5.450069,102.3421637,Daerah: Kelantan<br>No:2063<br>Hex coord:(164;51),n/a,0,0,0,0,0,0,1,2022-12-30T20:03:54.4145181Z,0
5.442289,102.3557104,Daerah: Kelantan<br>No:2064<br>Hex coord:(165;51),n/a,0,0,0,0,0,0,1,2022-12-30T20:03:55.0876064Z,0
5.450069,102.3692571,Daerah: Kelantan<br>No:2065<br>Hex coord:(166;51),n/a,0,0,0,0,0,0,1,2022-12-30T20:03:55.7546040Z,0
5.442289,102.3828038,Daerah: Kelantan<br>No:2066<br>Hex coord:(167;51),n/a,0,0,0,0,0,0,1,2022-12-30T20:03:56.4275259Z,0
5.450069,102.3963505,Daerah: Kelantan<br>No:2067<br>Hex coord:(168;51),n/a,0,0,0,0,0,0,1,2022-12-30T20:03:57.0957749Z,0
5.434509,101.7461086,Daerah: Kelantan<br>No:2068<br>Hex coord:(120;52),n/a,0,0,0,0,0,0,1,2022-12-30T20:03:57.7703041Z,0
5.426729,101.7596554,Daerah: Kelantan<br>No:2069<br>Hex coord:(121;52),n/a,0,0,0,0,0,0,1,2022-12-30T20:03:58.4437839Z,0
5.434509,101.7732021,Daerah: Kelantan<br>No:2070<br>Hex coord:(122;52),n/a,0,0,0,0,0,0,1,2022-12-30T20:03:59.1260240Z,0
5.426729,101.7867488,Daerah: Kelantan<br>No:2071<br>Hex coord:(123;52),n/a,0,0,0,0,0,0,1,2022-12-30T20:03:59.8003572Z,0
5.434509,101.8002955,Daerah: Kelantan<br>No:2072<br>Hex coord:(124;52),n/a,0,0,0,0,0,0,1,2022-12-30T20:04:00.4710179Z,0
5.426729,101.8138422,Daerah: Kelantan<br>No:2073<br>Hex coord:(125;52),n/a,0,0,0,0,0,0,1,2022-12-30T20:04:01.1413984Z,0
5.434509,101.8273889,Daerah: Kelantan<br>No:2074<br>Hex coord:(126;52),n/a,0,0,0,0,0,0,1,2022-12-30T20:04:01.8210693Z,0
5.426729,101.8409356,Daerah: Kelantan<br>No:2075<br>Hex coord:(127;52),n/a,0,0,0,0,0,0,1,2022-12-30T20:04:02.5088143Z,0
5.434509,101.8544823,Daerah: Kelantan<br>No:2076<br>Hex coord:(128;52),n/a,0,0,0,0,0,0,1,2022-12-30T20:04:03.1786995Z,0
5.426729,101.868029,Daerah: Kelantan<br>No:2077<br>Hex coord:(129;52),n/a,0,0,0,0,0,0,1,2022-12-30T20:04:03.8474175Z,0
5.434509,101.8815757,Daerah: Kelantan<br>No:2078<br>Hex coord:(130;52),n/a,0,0,0,0,0,0,1,2022-12-30T20:04:04.5198418Z,0
5.426729,101.8951224,Daerah: Kelantan<br>No:2079<br>Hex coord:(131;52),n/a,0,0,0,0,0,0,1,2022-12-30T20:04:05.1952404Z,0
5.434509,101.9086691,Daerah: Kelantan<br>No:2080<br>Hex coord:(132;52),n/a,0,0,0,0,0,0,1,2022-12-30T20:04:05.8786579Z,0
5.426729,101.9222158,Daerah: Kelantan<br>No:2081<br>Hex coord:(133;52),n/a,0,0,0,0,0,0,1,2022-12-30T20:04:06.5563010Z,0
5.434509,101.9357625,Daerah: Kelantan<br>No:2082<br>Hex coord:(134;52),n/a,0,0,0,0,0,0,1,2022-12-30T20:04:07.2265730Z,0
5.426729,101.9493092,Daerah: Kelantan<br>No:2083<br>Hex coord:(135;52),n/a,0,0,0,0,0,0,1,2022-12-30T20:04:07.9087841Z,0
5.434509,101.9628559,Daerah: Kelantan<br>No:2084<br>Hex coord:(136;52),n/a,0,0,0,0,0,0,1,2022-12-30T20:04:08.5761389Z,0
5.426729,101.9764026,Daerah: Kelantan<br>No:2085<br>Hex coord:(137;52),n/a,0,0,0,0,0,0,1,2022-12-30T20:04:09.2508200Z,0
5.434509,101.9899493,Daerah: Kelantan<br>No:2086<br>Hex coord:(138;52),n/a,0,0,0,0,0,0,1,2022-12-30T20:04:09.9270575Z,0
5.426729,102.003496,Daerah: Kelantan<br>No:2087<br>Hex coord:(139;52),n/a,0,0,0,0,0,0,1,2022-12-30T20:04:10.6086896Z,0
5.434509,102.0170428,Daerah: Kelantan<br>No:2088<br>Hex coord:(140;52),n/a,0,0,0,0,0,0,1,2022-12-30T20:04:11.2828276Z,0
5.426729,102.0305895,Daerah: Kelantan<br>No:2089<br>Hex coord:(141;52),n/a,0,0,0,0,0,0,1,2022-12-30T20:04:11.9493539Z,0
5.434509,102.0441362,Daerah: Kelantan<br>No:2090<br>Hex coord:(142;52),n/a,0,0,0,0,0,0,1,2022-12-30T20:04:12.6181078Z,0
5.426729,102.0576829,Daerah: Kelantan<br>No:2091<br>Hex coord:(143;52),n/a,0,0,0,0,0,0,1,2022-12-30T20:04:13.2900835Z,0
5.434509,102.0712296,Daerah: Kelantan<br>No:2092<br>Hex coord:(144;52),n/a,0,0,0,0,0,0,1,2022-12-30T20:04:13.9762231Z,0
5.426729,102.0847763,Daerah: Kelantan<br>No:2093<br>Hex coord:(145;52),n/a,0,0,0,0,0,0,1,2022-12-30T20:04:14.6423986Z,0
5.434509,102.098323,Daerah: Kelantan<br>No:2094<br>Hex coord:(146;52),n/a,0,0,0,0,0,0,1,2022-12-30T20:04:15.3216091Z,0
5.426729,102.1118697,Daerah: Kelantan<br>No:2095<br>Hex coord:(147;52),n/a,0,0,0,0,0,0,1,2022-12-30T20:04:15.9912503Z,0
5.434509,102.1254164,Daerah: Kelantan<br>No:2096<br>Hex coord:(148;52),n/a,0,0,0,0,0,0,1,2022-12-30T20:04:16.6551489Z,0
5.426729,102.1389631,Daerah: Kelantan<br>No:2097<br>Hex coord:(149;52),n/a,0,0,0,0,0,0,1,2022-12-30T20:04:17.3282392Z,0
5.434509,102.1525098,Daerah: Kelantan<br>No:2098<br>Hex coord:(150;52),n/a,0,0,0,0,0,0,1,2022-12-30T20:04:17.9982352Z,0
5.426729,102.1660565,Daerah: Kelantan<br>No:2099<br>Hex coord:(151;52),n/a,0,0,0,0,0,0,1,2022-12-30T20:04:18.6712092Z,0
5.434509,102.1796032,Daerah: Kelantan<br>No:2100<br>Hex coord:(152;52),n/a,0,0,0,0,0,0,1,2022-12-30T20:04:19.3531563Z,0
5.426729,102.1931499,Daerah: Kelantan<br>No:2101<br>Hex coord:(153;52),n/a,0,0,0,0,0,0,1,2022-12-30T20:04:20.0236959Z,0
5.434509,102.2066966,Daerah: Kelantan<br>No:2102<br>Hex coord:(154;52),n/a,0,0,0,0,0,0,1,2022-12-30T20:04:20.7063127Z,0
5.426729,102.2202433,Daerah: Kelantan<br>No:2103<br>Hex coord:(155;52),n/a,0,0,0,0,0,0,1,2022-12-30T20:04:21.3865080Z,0
5.434509,102.23379,Daerah: Kelantan<br>No:2104<br>Hex coord:(156;52),n/a,0,0,0,0,0,0,1,2022-12-30T20:04:22.0650097Z,0
5.426729,102.2473367,Daerah: Kelantan<br>No:2105<br>Hex coord:(157;52),n/a,0,0,0,0,0,0,1,2022-12-30T20:04:22.7384863Z,0
5.434509,102.2608835,Daerah: Kelantan<br>No:2106<br>Hex coord:(158;52),n/a,0,0,0,0,0,0,1,2022-12-30T20:04:23.4193483Z,0
5.426729,102.2744302,Daerah: Kelantan<br>No:2107<br>Hex coord:(159;52),n/a,0,0,0,0,0,0,1,2022-12-30T20:04:24.0987653Z,0
5.434509,102.2879769,Daerah: Kelantan<br>No:2108<br>Hex coord:(160;52),n/a,0,0,0,0,0,0,1,2022-12-30T20:04:24.7715084Z,0
5.426729,102.3015236,Daerah: Kelantan<br>No:2109<br>Hex coord:(161;52),n/a,0,0,0,0,0,0,1,2022-12-30T20:04:25.4466672Z,0
5.434509,102.3150703,Daerah: Kelantan<br>No:2110<br>Hex coord:(162;52),n/a,0,0,0,0,0,0,1,2022-12-30T20:04:26.1209700Z,0
5.426729,102.328617,Daerah: Kelantan<br>No:2111<br>Hex coord:(163;52),n/a,0,0,0,0,0,0,1,2022-12-30T20:04:26.8000283Z,0
5.434509,102.3421637,Daerah: Kelantan<br>No:2112<br>Hex coord:(164;52),n/a,0,0,0,0,0,0,1,2022-12-30T20:04:27.4686452Z,0
5.426729,102.3557104,Daerah: Kelantan<br>No:2113<br>Hex coord:(165;52),n/a,0,0,0,0,0,0,1,2022-12-30T20:04:28.1443965Z,0
5.434509,102.3692571,Daerah: Kelantan<br>No:2114<br>Hex coord:(166;52),n/a,0,0,0,0,0,0,1,2022-12-30T20:04:28.8193522Z,0
5.418949,101.7461086,Daerah: Kelantan<br>No:2115<br>Hex coord:(120;53),n/a,0,0,0,0,0,0,1,2022-12-30T20:04:29.4927420Z,0
5.411169,101.7596554,Daerah: Kelantan<br>No:2116<br>Hex coord:(121;53),n/a,0,0,0,0,0,0,1,2022-12-30T20:04:30.1697067Z,0
5.418949,101.7732021,Daerah: Kelantan<br>No:2117<br>Hex coord:(122;53),n/a,0,0,0,0,0,0,1,2022-12-30T20:04:30.8403288Z,0
5.411169,101.7867488,Daerah: Kelantan<br>No:2118<br>Hex coord:(123;53),n/a,0,0,0,0,0,0,1,2022-12-30T20:04:31.5178972Z,0
5.418949,101.8002955,Daerah: Kelantan<br>No:2119<br>Hex coord:(124;53),n/a,0,0,0,0,0,0,1,2022-12-30T20:04:32.1868647Z,0
5.411169,101.8138422,Daerah: Kelantan<br>No:2120<br>Hex coord:(125;53),n/a,0,0,0,0,0,0,1,2022-12-30T20:04:32.8626787Z,0
5.418949,101.8273889,Daerah: Kelantan<br>No:2121<br>Hex coord:(126;53),n/a,0,0,0,0,0,0,1,2022-12-30T20:04:33.5284553Z,0
5.411169,101.8409356,Daerah: Kelantan<br>No:2122<br>Hex coord:(127;53),n/a,0,0,0,0,0,0,1,2022-12-30T20:04:34.1837619Z,0
5.418949,101.8544823,Daerah: Kelantan<br>No:2123<br>Hex coord:(128;53),n/a,0,0,0,0,0,0,1,2022-12-30T20:04:34.8543606Z,0
5.411169,101.868029,Daerah: Kelantan<br>No:2124<br>Hex coord:(129;53),n/a,0,0,0,0,0,0,1,2022-12-30T20:04:35.5266161Z,0
5.418949,101.8815757,Daerah: Kelantan<br>No:2125<br>Hex coord:(130;53),n/a,0,0,0,0,0,0,1,2022-12-30T20:04:36.2115876Z,0
5.411169,101.8951224,Daerah: Kelantan<br>No:2126<br>Hex coord:(131;53),n/a,0,0,0,0,0,0,1,2022-12-30T20:04:36.8834418Z,0
5.418949,101.9086691,Daerah: Kelantan<br>No:2127<br>Hex coord:(132;53),n/a,0,0,0,0,0,0,1,2022-12-30T20:04:37.5615899Z,0
5.411169,101.9222158,Daerah: Kelantan<br>No:2128<br>Hex coord:(133;53),n/a,0,0,0,0,0,0,1,2022-12-30T20:04:38.2384560Z,0
5.418949,101.9357625,Daerah: Kelantan<br>No:2129<br>Hex coord:(134;53),n/a,0,0,0,0,0,0,1,2022-12-30T20:04:38.9180624Z,0
5.411169,101.9493092,Daerah: Kelantan<br>No:2130<br>Hex coord:(135;53),n/a,0,0,0,0,0,0,1,2022-12-30T20:04:39.5893841Z,0
5.418949,101.9628559,Daerah: Kelantan<br>No:2131<br>Hex coord:(136;53),n/a,0,0,0,0,0,0,1,2022-12-30T20:04:40.2626663Z,0
5.411169,101.9764026,Daerah: Kelantan<br>No:2132<br>Hex coord:(137;53),n/a,0,0,0,0,0,0,1,2022-12-30T20:04:40.9371124Z,0
5.418949,101.9899493,Daerah: Kelantan<br>No:2133<br>Hex coord:(138;53),n/a,0,0,0,0,0,0,1,2022-12-30T20:04:41.6142745Z,0
5.411169,102.003496,Daerah: Kelantan<br>No:2134<br>Hex coord:(139;53),n/a,0,0,0,0,0,0,1,2022-12-30T20:04:42.2892660Z,0
5.418949,102.0170428,Daerah: Kelantan<br>No:2135<br>Hex coord:(140;53),n/a,0,0,0,0,0,0,1,2022-12-30T20:04:42.9694454Z,0
5.411169,102.0305895,Daerah: Kelantan<br>No:2136<br>Hex coord:(141;53),n/a,0,0,0,0,0,0,1,2022-12-30T20:04:43.6479165Z,0
5.418949,102.0441362,Daerah: Kelantan<br>No:2137<br>Hex coord:(142;53),n/a,0,0,0,0,0,0,1,2022-12-30T20:04:44.5588799Z,0
5.411169,102.0576829,Daerah: Kelantan<br>No:2138<br>Hex coord:(143;53),n/a,0,0,0,0,0,0,1,2022-12-30T20:04:45.2354991Z,0
5.418949,102.0712296,Daerah: Kelantan<br>No:2139<br>Hex coord:(144;53),n/a,0,0,0,0,0,0,1,2022-12-30T20:04:45.9104578Z,0
5.411169,102.0847763,Daerah: Kelantan<br>No:2140<br>Hex coord:(145;53),n/a,2,0,0,0,0,0,1,2022-12-30T20:04:46.5839731Z,0
5.418949,102.098323,Daerah: Kelantan<br>No:2141<br>Hex coord:(146;53),n/a,0,0,0,0,0,0,1,2022-12-30T20:04:47.2543591Z,0
5.411169,102.1118697,Daerah: Kelantan<br>No:2142<br>Hex coord:(147;53),n/a,0,0,0,0,0,0,1,2022-12-30T20:04:47.9182258Z,0
5.418949,102.1254164,Daerah: Kelantan<br>No:2143<br>Hex coord:(148;53),n/a,0,0,0,0,0,0,1,2022-12-30T20:04:48.6088211Z,0
5.411169,102.1389631,Daerah: Kelantan<br>No:2144<br>Hex coord:(149;53),n/a,0,0,0,0,0,0,1,2022-12-30T20:04:49.2743815Z,0
5.418949,102.1525098,Daerah: Kelantan<br>No:2145<br>Hex coord:(150;53),n/a,0,0,0,0,0,0,1,2022-12-30T20:04:49.9519108Z,0
5.411169,102.1660565,Daerah: Kelantan<br>No:2146<br>Hex coord:(151;53),n/a,0,0,0,0,0,0,1,2022-12-30T20:04:50.6245108Z,0
5.418949,102.1796032,Daerah: Kelantan<br>No:2147<br>Hex coord:(152;53),n/a,0,0,0,0,0,0,1,2022-12-30T20:04:51.2983051Z,0
5.411169,102.1931499,Daerah: Kelantan<br>No:2148<br>Hex coord:(153;53),n/a,0,0,0,0,0,0,1,2022-12-30T20:04:51.9725104Z,0
5.418949,102.2066966,Daerah: Kelantan<br>No:2149<br>Hex coord:(154;53),n/a,0,0,0,0,0,0,1,2022-12-30T20:04:52.6512957Z,0
5.411169,102.2202433,Daerah: Kelantan<br>No:2150<br>Hex coord:(155;53),n/a,0,0,0,0,0,0,1,2022-12-30T20:04:53.3358614Z,0
5.418949,102.23379,Daerah: Kelantan<br>No:2151<br>Hex coord:(156;53),n/a,0,0,0,0,0,0,1,2022-12-30T20:04:54.0075064Z,0
5.411169,102.2473367,Daerah: Kelantan<br>No:2152<br>Hex coord:(157;53),n/a,0,0,0,0,0,0,1,2022-12-30T20:04:54.6841019Z,0
5.418949,102.2608835,Daerah: Kelantan<br>No:2153<br>Hex coord:(158;53),n/a,0,0,0,0,0,0,1,2022-12-30T20:04:55.3649540Z,0
5.411169,102.2744302,Daerah: Kelantan<br>No:2154<br>Hex coord:(159;53),n/a,0,0,0,0,0,0,1,2022-12-30T20:04:56.3274121Z,0
5.418949,102.2879769,Daerah: Kelantan<br>No:2155<br>Hex coord:(160;53),n/a,0,0,0,0,0,0,1,2022-12-30T20:04:57.0174343Z,0
5.411169,102.3015236,Daerah: Kelantan<br>No:2156<br>Hex coord:(161;53),n/a,0,0,0,0,0,0,1,2022-12-30T20:04:57.6804162Z,0
5.418949,102.3150703,Daerah: Kelantan<br>No:2157<br>Hex coord:(162;53),n/a,0,0,0,0,0,0,1,2022-12-30T20:04:58.3592348Z,0
5.411169,102.328617,Daerah: Kelantan<br>No:2158<br>Hex coord:(163;53),n/a,0,0,0,0,0,0,1,2022-12-30T20:04:59.0350999Z,0
5.418949,102.3421637,Daerah: Kelantan<br>No:2159<br>Hex coord:(164;53),n/a,0,0,0,0,0,0,1,2022-12-30T20:04:59.7115765Z,0
5.411169,102.3557104,Daerah: Kelantan<br>No:2160<br>Hex coord:(165;53),n/a,0,0,0,0,0,0,1,2022-12-30T20:05:00.3825060Z,0
5.418949,102.3692571,Daerah: Kelantan<br>No:2161<br>Hex coord:(166;53),n/a,0,0,0,0,0,0,1,2022-12-30T20:05:01.3498103Z,0
5.411169,102.3828038,Daerah: Kelantan<br>No:2162<br>Hex coord:(167;53),n/a,0,0,0,0,0,0,1,2022-12-30T20:05:02.0538034Z,0
5.403389,101.7461086,Daerah: Kelantan<br>No:2163<br>Hex coord:(120;54),n/a,0,0,0,0,0,0,1,2022-12-30T20:05:02.7208480Z,0
5.395609,101.7596554,Daerah: Kelantan<br>No:2164<br>Hex coord:(121;54),n/a,0,0,0,0,0,0,1,2022-12-30T20:05:03.3873703Z,0
5.403389,101.7732021,Daerah: Kelantan<br>No:2165<br>Hex coord:(122;54),n/a,0,0,0,0,0,0,1,2022-12-30T20:05:04.0611476Z,0
5.395609,101.7867488,Daerah: Kelantan<br>No:2166<br>Hex coord:(123;54),n/a,0,0,0,0,0,0,1,2022-12-30T20:05:04.7388064Z,0
5.403389,101.8002955,Daerah: Kelantan<br>No:2167<br>Hex coord:(124;54),n/a,0,0,0,0,0,0,1,2022-12-30T20:05:05.4218473Z,0
5.395609,101.8138422,Daerah: Kelantan<br>No:2168<br>Hex coord:(125;54),n/a,0,0,0,0,0,0,1,2022-12-30T20:05:06.1021945Z,0
5.403389,101.8273889,Daerah: Kelantan<br>No:2169<br>Hex coord:(126;54),n/a,0,0,0,0,0,0,1,2022-12-30T20:05:06.7658418Z,0
5.395609,101.8409356,Daerah: Kelantan<br>No:2170<br>Hex coord:(127;54),n/a,0,0,0,0,0,0,1,2022-12-30T20:05:07.4359491Z,0
5.403389,101.8544823,Daerah: Kelantan<br>No:2171<br>Hex coord:(128;54),n/a,0,0,0,0,0,0,1,2022-12-30T20:05:08.1088765Z,0
5.395609,101.868029,Daerah: Kelantan<br>No:2172<br>Hex coord:(129;54),n/a,0,0,0,0,0,0,1,2022-12-30T20:05:08.7981244Z,0
5.403389,101.8815757,Daerah: Kelantan<br>No:2173<br>Hex coord:(130;54),n/a,0,0,0,0,0,0,1,2022-12-30T20:05:09.4769033Z,0
5.395609,101.8951224,Daerah: Kelantan<br>No:2174<br>Hex coord:(131;54),n/a,0,0,0,0,0,0,1,2022-12-30T20:05:10.1443598Z,0
5.403389,101.9086691,Daerah: Kelantan<br>No:2175<br>Hex coord:(132;54),n/a,0,0,0,0,0,0,1,2022-12-30T20:05:10.8232549Z,0
5.395609,101.9222158,Daerah: Kelantan<br>No:2176<br>Hex coord:(133;54),n/a,0,0,0,0,0,0,1,2022-12-30T20:05:11.4916719Z,0
5.403389,101.9357625,Daerah: Kelantan<br>No:2177<br>Hex coord:(134;54),n/a,0,0,0,0,0,0,1,2022-12-30T20:05:12.1591517Z,0
5.395609,101.9493092,Daerah: Kelantan<br>No:2178<br>Hex coord:(135;54),n/a,0,0,0,0,0,0,1,2022-12-30T20:05:12.8399044Z,0
5.403389,101.9628559,Daerah: Kelantan<br>No:2179<br>Hex coord:(136;54),n/a,0,0,0,0,0,0,1,2022-12-30T20:05:13.5107861Z,0
5.395609,101.9764026,Daerah: Kelantan<br>No:2180<br>Hex coord:(137;54),n/a,0,0,0,0,0,0,1,2022-12-30T20:05:14.1904168Z,0
5.403389,101.9899493,Daerah: Kelantan<br>No:2181<br>Hex coord:(138;54),n/a,0,0,0,0,0,0,1,2022-12-30T20:05:14.8637260Z,0
5.395609,102.003496,Daerah: Kelantan<br>No:2182<br>Hex coord:(139;54),n/a,0,0,0,0,0,0,1,2022-12-30T20:05:15.5427815Z,0
5.403389,102.0170428,Daerah: Kelantan<br>No:2183<br>Hex coord:(140;54),n/a,0,0,0,0,0,0,1,2022-12-30T20:05:16.2336741Z,0
5.395609,102.0305895,Daerah: Kelantan<br>No:2184<br>Hex coord:(141;54),n/a,0,0,0,0,0,0,1,2022-12-30T20:05:16.9107055Z,0
5.403389,102.0441362,Daerah: Kelantan<br>No:2185<br>Hex coord:(142;54),n/a,0,0,0,0,0,0,1,2022-12-30T20:05:17.5838023Z,0
5.395609,102.0576829,Daerah: Kelantan<br>No:2186<br>Hex coord:(143;54),n/a,0,0,0,0,0,0,1,2022-12-30T20:05:18.2602485Z,0
5.403389,102.0712296,Daerah: Kelantan<br>No:2187<br>Hex coord:(144;54),n/a,0,0,0,0,0,0,1,2022-12-30T20:05:18.9325087Z,0
5.395609,102.0847763,Daerah: Kelantan<br>No:2188<br>Hex coord:(145;54),n/a,0,0,0,0,0,0,1,2022-12-30T20:05:19.6143025Z,0
5.403389,102.098323,Daerah: Kelantan<br>No:2189<br>Hex coord:(146;54),n/a,0,0,0,0,0,0,1,2022-12-30T20:05:20.3479583Z,0
5.395609,102.1118697,Daerah: Kelantan<br>No:2190<br>Hex coord:(147;54),n/a,0,0,0,0,0,0,1,2022-12-30T20:05:21.0255806Z,0
5.403389,102.1254164,Daerah: Kelantan<br>No:2191<br>Hex coord:(148;54),n/a,0,0,0,0,0,0,1,2022-12-30T20:05:21.7111933Z,0
5.395609,102.1389631,Daerah: Kelantan<br>No:2192<br>Hex coord:(149;54),n/a,0,0,0,0,0,0,1,2022-12-30T20:05:22.4124504Z,0
5.403389,102.1525098,Daerah: Kelantan<br>No:2193<br>Hex coord:(150;54),n/a,0,0,0,0,0,0,1,2022-12-30T20:05:23.0958527Z,0
5.395609,102.1660565,Daerah: Kelantan<br>No:2194<br>Hex coord:(151;54),n/a,0,0,0,0,0,0,1,2022-12-30T20:05:23.7735134Z,0
5.403389,102.1796032,Daerah: Kelantan<br>No:2195<br>Hex coord:(152;54),n/a,0,0,0,0,0,0,1,2022-12-30T20:05:24.4435636Z,0
5.395609,102.1931499,Daerah: Kelantan<br>No:2196<br>Hex coord:(153;54),n/a,0,0,0,0,0,0,1,2022-12-30T20:05:25.1144960Z,0
5.403389,102.2066966,Daerah: Kelantan<br>No:2197<br>Hex coord:(154;54),n/a,0,0,0,0,0,0,1,2022-12-30T20:05:25.7949238Z,0
5.395609,102.2202433,Daerah: Kelantan<br>No:2198<br>Hex coord:(155;54),n/a,0,0,0,0,0,0,1,2022-12-30T20:05:26.4670228Z,0
5.403389,102.23379,Daerah: Kelantan<br>No:2199<br>Hex coord:(156;54),n/a,0,0,0,0,0,0,1,2022-12-30T20:05:27.1524961Z,0
5.395609,102.2473367,Daerah: Kelantan<br>No:2200<br>Hex coord:(157;54),n/a,0,0,0,0,0,0,1,2022-12-30T20:05:27.8191639Z,0
5.403389,102.2608835,Daerah: Kelantan<br>No:2201<br>Hex coord:(158;54),n/a,0,0,0,0,0,0,1,2022-12-30T20:05:28.4929886Z,0
5.395609,102.2744302,Daerah: Kelantan<br>No:2202<br>Hex coord:(159;54),n/a,0,0,0,0,0,0,1,2022-12-30T20:05:29.1676851Z,0
5.403389,102.2879769,Daerah: Kelantan<br>No:2203<br>Hex coord:(160;54),n/a,0,0,0,0,0,0,1,2022-12-30T20:05:29.8422674Z,0
5.395609,102.3015236,Daerah: Kelantan<br>No:2204<br>Hex coord:(161;54),n/a,0,0,0,0,0,0,1,2022-12-30T20:05:30.5244822Z,0
5.403389,102.3150703,Daerah: Kelantan<br>No:2205<br>Hex coord:(162;54),n/a,0,0,0,0,0,0,1,2022-12-30T20:05:31.1958362Z,0
5.395609,102.328617,Daerah: Kelantan<br>No:2206<br>Hex coord:(163;54),n/a,0,0,0,0,0,0,1,2022-12-30T20:05:31.8697108Z,0
5.403389,102.3421637,Daerah: Kelantan<br>No:2207<br>Hex coord:(164;54),n/a,0,0,0,0,0,0,1,2022-12-30T20:05:32.5454451Z,0
5.395609,102.3557104,Daerah: Kelantan<br>No:2208<br>Hex coord:(165;54),n/a,0,0,0,0,0,0,1,2022-12-30T20:05:33.2185205Z,0
5.403389,102.3692571,Daerah: Kelantan<br>No:2209<br>Hex coord:(166;54),n/a,0,0,0,0,0,0,1,2022-12-30T20:05:33.8880580Z,0
5.395609,102.3828038,Daerah: Kelantan<br>No:2210<br>Hex coord:(167;54),n/a,0,0,0,0,0,0,1,2022-12-30T20:05:34.5556990Z,0
5.387829,101.7461086,Daerah: Kelantan<br>No:2211<br>Hex coord:(120;55),n/a,0,0,0,0,0,0,1,2022-12-30T20:05:35.2221499Z,0
5.380049,101.7596554,Daerah: Kelantan<br>No:2212<br>Hex coord:(121;55),n/a,0,0,0,0,0,0,1,2022-12-30T20:05:35.8975667Z,0
5.387829,101.7732021,Daerah: Kelantan<br>No:2213<br>Hex coord:(122;55),n/a,0,0,0,0,0,0,1,2022-12-30T20:05:36.5706589Z,0
5.380049,101.7867488,Daerah: Kelantan<br>No:2214<br>Hex coord:(123;55),n/a,0,0,0,0,0,0,1,2022-12-30T20:05:37.2491595Z,0
5.387829,101.8002955,Daerah: Kelantan<br>No:2215<br>Hex coord:(124;55),n/a,0,0,0,0,0,0,1,2022-12-30T20:05:37.9268160Z,0
5.380049,101.8138422,Daerah: Kelantan<br>No:2216<br>Hex coord:(125;55),n/a,0,0,0,0,0,0,1,2022-12-30T20:05:38.5953267Z,0
5.387829,101.8273889,Daerah: Kelantan<br>No:2217<br>Hex coord:(126;55),n/a,0,0,0,0,0,0,1,2022-12-30T20:05:39.2695540Z,0
5.380049,101.8409356,Daerah: Kelantan<br>No:2218<br>Hex coord:(127;55),n/a,0,0,0,0,0,0,1,2022-12-30T20:05:39.9362201Z,0
5.387829,101.8544823,Daerah: Kelantan<br>No:2219<br>Hex coord:(128;55),n/a,0,0,0,0,0,0,1,2022-12-30T20:05:40.6202443Z,0
5.380049,101.868029,Daerah: Kelantan<br>No:2220<br>Hex coord:(129;55),n/a,0,0,0,0,0,0,1,2022-12-30T20:05:41.2980209Z,0
5.387829,101.8815757,Daerah: Kelantan<br>No:2221<br>Hex coord:(130;55),n/a,0,0,0,0,0,0,1,2022-12-30T20:05:41.9627639Z,0
5.380049,101.8951224,Daerah: Kelantan<br>No:2222<br>Hex coord:(131;55),n/a,0,0,0,0,0,0,1,2022-12-30T20:05:42.6378001Z,0
5.387829,101.9086691,Daerah: Kelantan<br>No:2223<br>Hex coord:(132;55),n/a,0,0,0,0,0,0,1,2022-12-30T20:05:43.3025718Z,0
5.380049,101.9222158,Daerah: Kelantan<br>No:2224<br>Hex coord:(133;55),n/a,0,0,0,0,0,0,1,2022-12-30T20:05:43.9916232Z,0
5.387829,101.9357625,Daerah: Kelantan<br>No:2225<br>Hex coord:(134;55),n/a,0,0,0,0,0,0,1,2022-12-30T20:05:44.6657024Z,0
5.380049,101.9493092,Daerah: Kelantan<br>No:2226<br>Hex coord:(135;55),n/a,0,0,0,0,0,0,1,2022-12-30T20:05:45.3388828Z,0
5.387829,101.9628559,Daerah: Kelantan<br>No:2227<br>Hex coord:(136;55),n/a,0,0,0,0,0,0,1,2022-12-30T20:05:46.0160961Z,0
5.380049,101.9764026,Daerah: Kelantan<br>No:2228<br>Hex coord:(137;55),n/a,0,0,0,0,0,0,1,2022-12-30T20:05:46.6940122Z,0
5.387829,101.9899493,Daerah: Kelantan<br>No:2229<br>Hex coord:(138;55),n/a,0,0,0,0,0,0,1,2022-12-30T20:05:47.3658400Z,0
5.380049,102.003496,Daerah: Kelantan<br>No:2230<br>Hex coord:(139;55),n/a,0,0,0,0,0,0,1,2022-12-30T20:05:48.0491764Z,0
5.387829,102.0170428,Daerah: Kelantan<br>No:2231<br>Hex coord:(140;55),n/a,0,0,0,0,0,0,1,2022-12-30T20:05:48.7359901Z,0
5.380049,102.0305895,Daerah: Kelantan<br>No:2232<br>Hex coord:(141;55),n/a,0,0,0,0,0,0,1,2022-12-30T20:05:49.4157167Z,0
5.387829,102.0441362,Daerah: Kelantan<br>No:2233<br>Hex coord:(142;55),n/a,0,0,0,0,0,0,1,2022-12-30T20:05:50.1982793Z,0
5.380049,102.0576829,Daerah: Kelantan<br>No:2234<br>Hex coord:(143;55),n/a,0,0,0,0,0,0,1,2022-12-30T20:05:50.8752501Z,0
5.387829,102.0712296,Daerah: Kelantan<br>No:2235<br>Hex coord:(144;55),n/a,0,0,0,0,0,0,1,2022-12-30T20:05:51.5464844Z,0
5.380049,102.0847763,Daerah: Kelantan<br>No:2236<br>Hex coord:(145;55),n/a,0,0,0,0,0,0,1,2022-12-30T20:05:52.2217680Z,0
5.387829,102.098323,Daerah: Kelantan<br>No:2237<br>Hex coord:(146;55),n/a,0,0,0,0,0,0,1,2022-12-30T20:05:52.8892144Z,0
5.380049,102.1118697,Daerah: Kelantan<br>No:2238<br>Hex coord:(147;55),n/a,0,0,0,0,0,0,1,2022-12-30T20:05:53.5559370Z,0
5.387829,102.1254164,Daerah: Kelantan<br>No:2239<br>Hex coord:(148;55),n/a,0,0,0,0,0,0,1,2022-12-30T20:05:54.2357059Z,0
5.380049,102.1389631,Daerah: Kelantan<br>No:2240<br>Hex coord:(149;55),n/a,0,0,0,0,0,0,1,2022-12-30T20:05:54.9103112Z,0
5.387829,102.1525098,Daerah: Kelantan<br>No:2241<br>Hex coord:(150;55),n/a,0,0,0,0,0,0,1,2022-12-30T20:05:55.5797190Z,0
5.380049,102.1660565,Daerah: Kelantan<br>No:2242<br>Hex coord:(151;55),n/a,0,0,0,0,0,0,1,2022-12-30T20:05:56.2479009Z,0
5.387829,102.1796032,Daerah: Kelantan<br>No:2243<br>Hex coord:(152;55),n/a,0,0,0,0,0,0,1,2022-12-30T20:05:56.9191759Z,0
5.380049,102.1931499,Daerah: Kelantan<br>No:2244<br>Hex coord:(153;55),n/a,0,0,0,0,0,0,1,2022-12-30T20:05:57.6007730Z,0
5.387829,102.2066966,Daerah: Kelantan<br>No:2245<br>Hex coord:(154;55),n/a,0,0,0,0,0,0,1,2022-12-30T20:05:58.2771320Z,0
5.380049,102.2202433,Daerah: Kelantan<br>No:2246<br>Hex coord:(155;55),n/a,0,0,0,0,0,0,1,2022-12-30T20:05:58.9579448Z,0
5.387829,102.23379,Daerah: Kelantan<br>No:2247<br>Hex coord:(156;55),n/a,0,0,0,0,0,0,1,2022-12-30T20:05:59.6369845Z,0
5.380049,102.2473367,Daerah: Kelantan<br>No:2248<br>Hex coord:(157;55),n/a,0,0,0,0,0,0,1,2022-12-30T20:06:00.3181805Z,0
5.387829,102.2608835,Daerah: Kelantan<br>No:2249<br>Hex coord:(158;55),n/a,0,0,0,0,0,0,1,2022-12-30T20:06:00.9938048Z,0
5.380049,102.2744302,Daerah: Kelantan<br>No:2250<br>Hex coord:(159;55),n/a,0,0,0,0,0,0,1,2022-12-30T20:06:01.6669111Z,0
5.387829,102.2879769,Daerah: Kelantan<br>No:2251<br>Hex coord:(160;55),n/a,0,0,0,0,0,0,1,2022-12-30T20:06:02.3567428Z,0
5.380049,102.3015236,Daerah: Kelantan<br>No:2252<br>Hex coord:(161;55),n/a,0,0,0,0,0,0,1,2022-12-30T20:06:03.0296616Z,0
5.387829,102.3150703,Daerah: Kelantan<br>No:2253<br>Hex coord:(162;55),n/a,0,0,0,0,0,0,1,2022-12-30T20:06:03.6986747Z,0
5.380049,102.328617,Daerah: Kelantan<br>No:2254<br>Hex coord:(163;55),n/a,0,0,0,0,0,0,1,2022-12-30T20:06:04.3818498Z,0
5.387829,102.3421637,Daerah: Kelantan<br>No:2255<br>Hex coord:(164;55),n/a,0,0,0,0,0,0,1,2022-12-30T20:06:05.0626892Z,0
5.380049,102.3557104,Daerah: Kelantan<br>No:2256<br>Hex coord:(165;55),n/a,0,0,0,0,0,0,1,2022-12-30T20:06:05.7397136Z,0
5.387829,102.3692571,Daerah: Kelantan<br>No:2257<br>Hex coord:(166;55),n/a,0,0,0,0,0,0,1,2022-12-30T20:06:06.4179686Z,0
5.380049,102.3828038,Daerah: Kelantan<br>No:2258<br>Hex coord:(167;55),n/a,0,0,0,0,0,0,1,2022-12-30T20:06:07.0912142Z,0
5.387829,102.3963505,Daerah: Kelantan<br>No:2259<br>Hex coord:(168;55),n/a,0,0,0,0,0,0,1,2022-12-30T20:06:07.7686336Z,0
5.380049,102.4098972,Daerah: Kelantan<br>No:2260<br>Hex coord:(169;55),n/a,0,0,0,0,0,0,1,2022-12-30T20:06:08.4457743Z,0
5.364489,101.7596554,Daerah: Kelantan<br>No:2261<br>Hex coord:(121;56),n/a,0,0,0,0,0,0,1,2022-12-30T20:06:09.1151525Z,0
5.372269,101.7732021,Daerah: Kelantan<br>No:2262<br>Hex coord:(122;56),n/a,0,0,0,0,0,0,1,2022-12-30T20:06:09.7864087Z,0
5.364489,101.7867488,Daerah: Kelantan<br>No:2263<br>Hex coord:(123;56),n/a,0,0,0,0,0,0,1,2022-12-30T20:06:10.4586734Z,0
5.372269,101.8002955,Daerah: Kelantan<br>No:2264<br>Hex coord:(124;56),n/a,0,0,0,0,0,0,1,2022-12-30T20:06:11.1251737Z,0
5.364489,101.8138422,Daerah: Kelantan<br>No:2265<br>Hex coord:(125;56),n/a,0,0,0,0,0,0,1,2022-12-30T20:06:11.7969788Z,0
5.372269,101.8273889,Daerah: Kelantan<br>No:2266<br>Hex coord:(126;56),n/a,0,0,0,0,0,0,1,2022-12-30T20:06:12.4682608Z,0
5.364489,101.8409356,Daerah: Kelantan<br>No:2267<br>Hex coord:(127;56),n/a,0,0,0,0,0,0,1,2022-12-30T20:06:13.1343631Z,0
5.372269,101.8544823,Daerah: Kelantan<br>No:2268<br>Hex coord:(128;56),n/a,0,0,0,0,0,0,1,2022-12-30T20:06:13.8108256Z,0
5.364489,101.868029,Daerah: Kelantan<br>No:2269<br>Hex coord:(129;56),n/a,0,0,0,0,0,0,1,2022-12-30T20:06:14.4903990Z,0
5.372269,101.8815757,Daerah: Kelantan<br>No:2270<br>Hex coord:(130;56),n/a,0,0,0,0,0,0,1,2022-12-30T20:06:15.1577925Z,0
5.364489,101.8951224,Daerah: Kelantan<br>No:2271<br>Hex coord:(131;56),n/a,0,0,0,0,0,0,1,2022-12-30T20:06:15.8277942Z,0
5.372269,101.9086691,Daerah: Kelantan<br>No:2272<br>Hex coord:(132;56),n/a,0,0,0,0,0,0,1,2022-12-30T20:06:16.4960961Z,0
5.364489,101.9222158,Daerah: Kelantan<br>No:2273<br>Hex coord:(133;56),n/a,0,0,0,0,0,0,1,2022-12-30T20:06:17.1788138Z,0
5.372269,101.9357625,Daerah: Kelantan<br>No:2274<br>Hex coord:(134;56),n/a,0,0,0,0,0,0,1,2022-12-30T20:06:17.8537319Z,0
5.364489,101.9493092,Daerah: Kelantan<br>No:2275<br>Hex coord:(135;56),n/a,0,0,0,0,0,0,1,2022-12-30T20:06:18.5357129Z,0
5.372269,101.9628559,Daerah: Kelantan<br>No:2276<br>Hex coord:(136;56),n/a,0,0,0,0,0,0,1,2022-12-30T20:06:19.2083532Z,0
5.364489,101.9764026,Daerah: Kelantan<br>No:2277<br>Hex coord:(137;56),n/a,0,0,0,0,0,0,1,2022-12-30T20:06:19.8859951Z,0
5.372269,101.9899493,Daerah: Kelantan<br>No:2278<br>Hex coord:(138;56),n/a,0,0,0,0,0,0,1,2022-12-30T20:06:20.5615885Z,0
5.364489,102.003496,Daerah: Kelantan<br>No:2279<br>Hex coord:(139;56),n/a,0,0,0,0,0,0,1,2022-12-30T20:06:21.2381180Z,0
5.372269,102.0170428,Daerah: Kelantan<br>No:2280<br>Hex coord:(140;56),n/a,0,0,0,0,0,0,1,2022-12-30T20:06:21.9225633Z,0
5.364489,102.0305895,Daerah: Kelantan<br>No:2281<br>Hex coord:(141;56),n/a,0,0,0,0,0,0,1,2022-12-30T20:06:22.5971198Z,0
5.372269,102.0441362,Daerah: Kelantan<br>No:2282<br>Hex coord:(142;56),n/a,0,0,0,0,0,0,1,2022-12-30T20:06:23.2704211Z,0
5.364489,102.0576829,Daerah: Kelantan<br>No:2283<br>Hex coord:(143;56),n/a,0,0,0,0,0,0,1,2022-12-30T20:06:23.9479770Z,0
5.372269,102.0712296,Daerah: Kelantan<br>No:2284<br>Hex coord:(144;56),n/a,0,0,0,0,0,0,1,2022-12-30T20:06:24.6180770Z,0
5.364489,102.0847763,Daerah: Kelantan<br>No:2285<br>Hex coord:(145;56),n/a,0,0,0,0,0,0,1,2022-12-30T20:06:25.2905782Z,0
5.372269,102.098323,Daerah: Kelantan<br>No:2286<br>Hex coord:(146;56),n/a,0,0,0,0,0,0,1,2022-12-30T20:06:25.9630234Z,0
5.364489,102.1118697,Daerah: Kelantan<br>No:2287<br>Hex coord:(147;56),n/a,0,0,0,0,0,0,1,2022-12-30T20:06:26.6433761Z,0
5.372269,102.1254164,Daerah: Kelantan<br>No:2288<br>Hex coord:(148;56),n/a,0,0,0,0,0,0,1,2022-12-30T20:06:27.3160981Z,0
5.364489,102.1389631,Daerah: Kelantan<br>No:2289<br>Hex coord:(149;56),n/a,0,0,0,0,0,0,1,2022-12-30T20:06:27.9883904Z,0
5.372269,102.1525098,Daerah: Kelantan<br>No:2290<br>Hex coord:(150;56),n/a,0,0,0,0,0,0,1,2022-12-30T20:06:28.6547148Z,0
5.364489,102.1660565,Daerah: Kelantan<br>No:2291<br>Hex coord:(151;56),n/a,0,0,0,0,0,0,1,2022-12-30T20:06:29.3224543Z,0
5.372269,102.1796032,Daerah: Kelantan<br>No:2292<br>Hex coord:(152;56),n/a,0,0,0,0,0,0,1,2022-12-30T20:06:29.9936161Z,0
5.364489,102.1931499,Daerah: Kelantan<br>No:2293<br>Hex coord:(153;56),n/a,0,0,0,0,0,0,1,2022-12-30T20:06:30.6640381Z,0
5.372269,102.2066966,Daerah: Kelantan<br>No:2294<br>Hex coord:(154;56),n/a,0,0,0,0,0,0,1,2022-12-30T20:06:31.3492160Z,0
5.364489,102.2202433,Daerah: Kelantan<br>No:2295<br>Hex coord:(155;56),n/a,0,0,0,0,0,0,1,2022-12-30T20:06:32.0215292Z,0
5.372269,102.23379,Daerah: Kelantan<br>No:2296<br>Hex coord:(156;56),n/a,0,0,0,0,0,0,1,2022-12-30T20:06:32.7010066Z,0
5.364489,102.2473367,Daerah: Kelantan<br>No:2297<br>Hex coord:(157;56),n/a,0,0,0,0,0,0,1,2022-12-30T20:06:33.3789505Z,0
5.372269,102.2608835,Daerah: Kelantan<br>No:2298<br>Hex coord:(158;56),n/a,0,0,0,0,0,0,1,2022-12-30T20:06:34.0604658Z,0
5.364489,102.2744302,Daerah: Kelantan<br>No:2299<br>Hex coord:(159;56),n/a,0,0,0,0,0,0,1,2022-12-30T20:06:34.7360596Z,0
5.372269,102.2879769,Daerah: Kelantan<br>No:2300<br>Hex coord:(160;56),n/a,0,0,0,0,0,0,1,2022-12-30T20:06:35.4202601Z,0
5.364489,102.3015236,Daerah: Kelantan<br>No:2301<br>Hex coord:(161;56),n/a,0,0,0,0,0,0,1,2022-12-30T20:06:36.1003416Z,0
5.372269,102.3150703,Daerah: Kelantan<br>No:2302<br>Hex coord:(162;56),n/a,0,0,0,0,0,0,1,2022-12-30T20:06:36.7711138Z,0
5.364489,102.328617,Daerah: Kelantan<br>No:2303<br>Hex coord:(163;56),n/a,0,0,0,0,0,0,1,2022-12-30T20:06:37.4477987Z,0
5.372269,102.3421637,Daerah: Kelantan<br>No:2304<br>Hex coord:(164;56),n/a,0,0,0,0,0,0,1,2022-12-30T20:06:38.1198009Z,0
5.364489,102.3557104,Daerah: Kelantan<br>No:2305<br>Hex coord:(165;56),n/a,0,0,0,0,0,0,1,2022-12-30T20:06:38.7965964Z,0
5.372269,102.3692571,Daerah: Kelantan<br>No:2306<br>Hex coord:(166;56),n/a,0,0,0,0,0,0,1,2022-12-30T20:06:39.4723455Z,0
5.364489,102.3828038,Daerah: Kelantan<br>No:2307<br>Hex coord:(167;56),n/a,0,0,0,0,0,0,1,2022-12-30T20:06:40.1433371Z,0
5.372269,102.3963505,Daerah: Kelantan<br>No:2308<br>Hex coord:(168;56),n/a,0,0,0,0,0,0,1,2022-12-30T20:06:40.8276376Z,0
5.364489,102.4098972,Daerah: Kelantan<br>No:2309<br>Hex coord:(169;56),n/a,0,0,0,0,0,0,1,2022-12-30T20:06:41.4964556Z,0
5.372269,102.4234439,Daerah: Kelantan<br>No:2310<br>Hex coord:(170;56),n/a,0,0,0,0,0,0,1,2022-12-30T20:06:42.1840876Z,0
5.348929,101.6241883,Daerah: Kelantan<br>No:2311<br>Hex coord:(111;57),n/a,0,0,0,0,0,0,1,2022-12-30T20:06:42.8657483Z,0
5.348929,101.6512817,Daerah: Kelantan<br>No:2312<br>Hex coord:(113;57),n/a,0,0,0,0,0,0,1,2022-12-30T20:06:43.5483431Z,0
5.348929,101.7325619,Daerah: Kelantan<br>No:2313<br>Hex coord:(119;57),n/a,0,0,0,0,0,0,1,2022-12-30T20:06:44.2205937Z,0
5.356709,101.7461086,Daerah: Kelantan<br>No:2314<br>Hex coord:(120;57),n/a,0,0,0,0,0,0,1,2022-12-30T20:06:44.9055220Z,0
5.348929,101.7596554,Daerah: Kelantan<br>No:2315<br>Hex coord:(121;57),n/a,0,0,0,0,0,0,1,2022-12-30T20:06:45.5811526Z,0
5.356709,101.7732021,Daerah: Kelantan<br>No:2316<br>Hex coord:(122;57),n/a,0,0,0,0,0,0,1,2022-12-30T20:06:46.2485024Z,0
5.348929,101.7867488,Daerah: Kelantan<br>No:2317<br>Hex coord:(123;57),n/a,0,0,0,0,0,0,1,2022-12-30T20:06:46.9156960Z,0
5.356709,101.8002955,Daerah: Kelantan<br>No:2318<br>Hex coord:(124;57),n/a,0,0,0,0,0,0,1,2022-12-30T20:06:47.6020544Z,0
5.348929,101.8138422,Daerah: Kelantan<br>No:2319<br>Hex coord:(125;57),n/a,0,0,0,0,0,0,1,2022-12-30T20:06:48.2750404Z,0
5.356709,101.8273889,Daerah: Kelantan<br>No:2320<br>Hex coord:(126;57),n/a,0,0,0,0,0,0,1,2022-12-30T20:06:48.9497411Z,0
5.348929,101.8409356,Daerah: Kelantan<br>No:2321<br>Hex coord:(127;57),n/a,0,0,0,0,0,0,1,2022-12-30T20:06:49.6144330Z,0
5.356709,101.8544823,Daerah: Kelantan<br>No:2322<br>Hex coord:(128;57),n/a,0,0,0,0,0,0,1,2022-12-30T20:06:50.2841443Z,0
5.348929,101.868029,Daerah: Kelantan<br>No:2323<br>Hex coord:(129;57),n/a,0,0,0,0,0,0,1,2022-12-30T20:06:50.9654181Z,0
5.356709,101.8815757,Daerah: Kelantan<br>No:2324<br>Hex coord:(130;57),n/a,0,0,0,0,0,0,1,2022-12-30T20:06:51.6349556Z,0
5.348929,101.8951224,Daerah: Kelantan<br>No:2325<br>Hex coord:(131;57),n/a,0,0,0,0,0,0,1,2022-12-30T20:06:52.3106248Z,0
5.356709,101.9086691,Daerah: Kelantan<br>No:2326<br>Hex coord:(132;57),n/a,0,0,0,0,0,0,1,2022-12-30T20:06:52.9912542Z,0
5.348929,101.9222158,Daerah: Kelantan<br>No:2327<br>Hex coord:(133;57),n/a,0,0,0,0,0,0,1,2022-12-30T20:06:53.6655481Z,0
5.356709,101.9357625,Daerah: Kelantan<br>No:2328<br>Hex coord:(134;57),n/a,0,0,0,0,0,0,1,2022-12-30T20:06:54.3446967Z,0
5.348929,101.9493092,Daerah: Kelantan<br>No:2329<br>Hex coord:(135;57),n/a,0,0,0,0,0,0,1,2022-12-30T20:06:55.0241263Z,0
5.356709,101.9628559,Daerah: Kelantan<br>No:2330<br>Hex coord:(136;57),n/a,0,0,0,0,0,0,1,2022-12-30T20:06:55.6922656Z,0
5.348929,101.9764026,Daerah: Kelantan<br>No:2331<br>Hex coord:(137;57),n/a,0,0,0,0,0,0,1,2022-12-30T20:06:56.3691945Z,0
5.356709,101.9899493,Daerah: Kelantan<br>No:2332<br>Hex coord:(138;57),n/a,0,0,0,0,0,0,1,2022-12-30T20:06:57.0589824Z,0
5.348929,102.003496,Daerah: Kelantan<br>No:2333<br>Hex coord:(139;57),n/a,0,0,0,0,0,0,1,2022-12-30T20:06:57.7393003Z,0
5.356709,102.0170428,Daerah: Kelantan<br>No:2334<br>Hex coord:(140;57),n/a,0,0,0,0,0,0,1,2022-12-30T20:06:58.4221456Z,0
5.348929,102.0305895,Daerah: Kelantan<br>No:2335<br>Hex coord:(141;57),n/a,0,0,0,0,0,0,1,2022-12-30T20:06:59.0975700Z,0
5.356709,102.0441362,Daerah: Kelantan<br>No:2336<br>Hex coord:(142;57),n/a,0,0,0,0,0,0,1,2022-12-30T20:06:59.7708664Z,0
5.348929,102.0576829,Daerah: Kelantan<br>No:2337<br>Hex coord:(143;57),n/a,0,0,0,0,0,0,1,2022-12-30T20:07:00.4522133Z,0
5.356709,102.0712296,Daerah: Kelantan<br>No:2338<br>Hex coord:(144;57),n/a,0,0,0,0,0,0,1,2022-12-30T20:07:01.1205957Z,0
5.348929,102.0847763,Daerah: Kelantan<br>No:2339<br>Hex coord:(145;57),n/a,0,0,0,0,0,0,1,2022-12-30T20:07:01.7941095Z,0
5.356709,102.098323,Daerah: Kelantan<br>No:2340<br>Hex coord:(146;57),n/a,0,0,0,0,0,0,1,2022-12-30T20:07:02.4743823Z,0
5.348929,102.1118697,Daerah: Kelantan<br>No:2341<br>Hex coord:(147;57),n/a,0,0,0,0,0,0,1,2022-12-30T20:07:03.1548411Z,0
5.356709,102.1254164,Daerah: Kelantan<br>No:2342<br>Hex coord:(148;57),n/a,0,0,0,0,0,0,1,2022-12-30T20:07:03.8256356Z,0
5.348929,102.1389631,Daerah: Kelantan<br>No:2343<br>Hex coord:(149;57),n/a,0,0,0,0,0,0,1,2022-12-30T20:07:04.5037518Z,0
5.356709,102.1525098,Daerah: Kelantan<br>No:2344<br>Hex coord:(150;57),n/a,0,0,0,0,0,0,1,2022-12-30T20:07:05.1708612Z,0
5.348929,102.1660565,Daerah: Kelantan<br>No:2345<br>Hex coord:(151;57),n/a,0,0,0,0,0,0,1,2022-12-30T20:07:05.8419353Z,0
5.356709,102.1796032,Daerah: Kelantan<br>No:2346<br>Hex coord:(152;57),n/a,0,0,0,0,0,0,1,2022-12-30T20:07:06.5125977Z,0
5.348929,102.1931499,Daerah: Kelantan<br>No:2347<br>Hex coord:(153;57),n/a,0,0,0,0,0,0,1,2022-12-30T20:07:07.1883333Z,0
5.356709,102.2066966,Daerah: Kelantan<br>No:2348<br>Hex coord:(154;57),n/a,0,0,0,0,0,0,1,2022-12-30T20:07:07.8685520Z,0
5.348929,102.2202433,Daerah: Kelantan<br>No:2349<br>Hex coord:(155;57),n/a,0,0,0,0,0,0,1,2022-12-30T20:07:08.5438905Z,0
5.356709,102.23379,Daerah: Kelantan<br>No:2350<br>Hex coord:(156;57),n/a,0,0,0,0,0,0,1,2022-12-30T20:07:09.2243024Z,0
5.348929,102.2473367,Daerah: Kelantan<br>No:2351<br>Hex coord:(157;57),n/a,0,0,0,0,0,0,1,2022-12-30T20:07:09.9081854Z,0
5.356709,102.2608835,Daerah: Kelantan<br>No:2352<br>Hex coord:(158;57),n/a,0,0,0,0,0,0,1,2022-12-30T20:07:10.5756418Z,0
5.348929,102.2744302,Daerah: Kelantan<br>No:2353<br>Hex coord:(159;57),n/a,0,0,0,0,0,0,1,2022-12-30T20:07:11.2599811Z,0
5.356709,102.2879769,Daerah: Kelantan<br>No:2354<br>Hex coord:(160;57),n/a,0,0,0,0,0,0,1,2022-12-30T20:07:11.9327783Z,0
5.348929,102.3015236,Daerah: Kelantan<br>No:2355<br>Hex coord:(161;57),n/a,0,0,0,0,0,0,1,2022-12-30T20:07:12.6140545Z,0
5.356709,102.3150703,Daerah: Kelantan<br>No:2356<br>Hex coord:(162;57),n/a,0,0,0,0,0,0,1,2022-12-30T20:07:13.3483466Z,0
5.348929,102.328617,Daerah: Kelantan<br>No:2357<br>Hex coord:(163;57),n/a,0,0,0,0,0,0,1,2022-12-30T20:07:14.0286454Z,0
5.356709,102.3421637,Daerah: Kelantan<br>No:2358<br>Hex coord:(164;57),n/a,0,0,0,0,0,0,1,2022-12-30T20:07:14.7101022Z,0
5.348929,102.3557104,Daerah: Kelantan<br>No:2359<br>Hex coord:(165;57),n/a,0,0,0,0,0,0,1,2022-12-30T20:07:15.3798878Z,0
5.356709,102.3692571,Daerah: Kelantan<br>No:2360<br>Hex coord:(166;57),n/a,0,0,0,0,0,0,1,2022-12-30T20:07:16.0637373Z,0
5.348929,102.3828038,Daerah: Kelantan<br>No:2361<br>Hex coord:(167;57),n/a,0,0,0,0,0,0,1,2022-12-30T20:07:16.7405527Z,0
5.356709,102.3963505,Daerah: Kelantan<br>No:2362<br>Hex coord:(168;57),n/a,0,0,0,0,0,0,1,2022-12-30T20:07:17.4124957Z,0
5.348929,102.4098972,Daerah: Kelantan<br>No:2363<br>Hex coord:(169;57),n/a,0,0,0,0,0,0,1,2022-12-30T20:07:18.0772779Z,0
5.356709,102.4234439,Daerah: Kelantan<br>No:2364<br>Hex coord:(170;57),n/a,0,0,0,0,0,0,1,2022-12-30T20:07:18.7519692Z,0
5.333369,101.5970949,Daerah: Kelantan<br>No:2365<br>Hex coord:(109;58),n/a,0,0,0,0,0,0,1,2022-12-30T20:07:19.4224702Z,0
5.341149,101.6106416,Daerah: Kelantan<br>No:2366<br>Hex coord:(110;58),n/a,0,0,0,0,0,0,1,2022-12-30T20:07:20.0906775Z,0
5.333369,101.6241883,Daerah: Kelantan<br>No:2367<br>Hex coord:(111;58),n/a,0,0,0,0,0,0,1,2022-12-30T20:07:20.8338442Z,0
5.341149,101.637735,Daerah: Kelantan<br>No:2368<br>Hex coord:(112;58),n/a,0,0,0,0,0,0,1,2022-12-30T20:07:21.5096195Z,0
5.333369,101.6512817,Daerah: Kelantan<br>No:2369<br>Hex coord:(113;58),n/a,0,0,0,0,0,0,1,2022-12-30T20:07:22.1837917Z,0
5.333369,101.6783751,Daerah: Kelantan<br>No:2370<br>Hex coord:(115;58),n/a,0,0,0,0,0,0,1,2022-12-30T20:07:22.8667525Z,0
5.333369,101.7054685,Daerah: Kelantan<br>No:2371<br>Hex coord:(117;58),n/a,0,0,0,0,0,0,1,2022-12-30T20:07:23.5392722Z,0
5.341149,101.7190152,Daerah: Kelantan<br>No:2372<br>Hex coord:(118;58),n/a,0,0,0,0,0,0,1,2022-12-30T20:07:24.2058765Z,0
5.333369,101.7325619,Daerah: Kelantan<br>No:2373<br>Hex coord:(119;58),n/a,0,0,0,0,0,0,1,2022-12-30T20:07:24.8859403Z,0
5.341149,101.7461086,Daerah: Kelantan<br>No:2374<br>Hex coord:(120;58),n/a,0,0,0,0,0,0,1,2022-12-30T20:07:25.5492412Z,0
5.333369,101.7596554,Daerah: Kelantan<br>No:2375<br>Hex coord:(121;58),n/a,0,0,0,0,0,0,1,2022-12-30T20:07:26.2252175Z,0
5.341149,101.7732021,Daerah: Kelantan<br>No:2376<br>Hex coord:(122;58),n/a,0,0,0,0,0,0,1,2022-12-30T20:07:26.8906365Z,0
5.333369,101.7867488,Daerah: Kelantan<br>No:2377<br>Hex coord:(123;58),n/a,0,0,0,0,0,0,1,2022-12-30T20:07:27.5671130Z,0
5.341149,101.8002955,Daerah: Kelantan<br>No:2378<br>Hex coord:(124;58),n/a,0,0,0,0,0,0,1,2022-12-30T20:07:28.2444231Z,0
5.333369,101.8138422,Daerah: Kelantan<br>No:2379<br>Hex coord:(125;58),n/a,0,0,0,0,0,0,1,2022-12-30T20:07:28.9171412Z,0
5.341149,101.8273889,Daerah: Kelantan<br>No:2380<br>Hex coord:(126;58),n/a,0,0,0,0,0,0,1,2022-12-30T20:07:29.5869684Z,0
5.333369,101.8409356,Daerah: Kelantan<br>No:2381<br>Hex coord:(127;58),n/a,0,0,0,0,0,0,1,2022-12-30T20:07:30.2568134Z,0
5.341149,101.8544823,Daerah: Kelantan<br>No:2382<br>Hex coord:(128;58),n/a,0,0,0,0,0,0,1,2022-12-30T20:07:30.9219293Z,0
5.333369,101.868029,Daerah: Kelantan<br>No:2383<br>Hex coord:(129;58),n/a,0,0,0,0,0,0,1,2022-12-30T20:07:31.5985744Z,0
5.341149,101.8815757,Daerah: Kelantan<br>No:2384<br>Hex coord:(130;58),n/a,0,0,0,0,0,0,1,2022-12-30T20:07:32.2735605Z,0
5.333369,101.8951224,Daerah: Kelantan<br>No:2385<br>Hex coord:(131;58),n/a,0,0,0,0,0,0,1,2022-12-30T20:07:32.9398274Z,0
5.341149,101.9086691,Daerah: Kelantan<br>No:2386<br>Hex coord:(132;58),n/a,0,0,0,0,0,0,1,2022-12-30T20:07:33.6107039Z,0
5.333369,101.9222158,Daerah: Kelantan<br>No:2387<br>Hex coord:(133;58),n/a,0,0,0,0,0,0,1,2022-12-30T20:07:34.2767039Z,0
5.341149,101.9357625,Daerah: Kelantan<br>No:2388<br>Hex coord:(134;58),n/a,0,0,0,0,0,0,1,2022-12-30T20:07:34.9459233Z,0
5.333369,101.9493092,Daerah: Kelantan<br>No:2389<br>Hex coord:(135;58),n/a,0,0,0,0,0,0,1,2022-12-30T20:07:35.6287488Z,0
5.341149,101.9628559,Daerah: Kelantan<br>No:2390<br>Hex coord:(136;58),n/a,0,0,0,0,0,0,1,2022-12-30T20:07:36.2993614Z,0
5.333369,101.9764026,Daerah: Kelantan<br>No:2391<br>Hex coord:(137;58),n/a,0,0,0,0,0,0,1,2022-12-30T20:07:36.9703080Z,0
5.341149,101.9899493,Daerah: Kelantan<br>No:2392<br>Hex coord:(138;58),n/a,0,0,0,0,0,0,1,2022-12-30T20:07:37.6410662Z,0
5.333369,102.003496,Daerah: Kelantan<br>No:2393<br>Hex coord:(139;58),n/a,0,0,0,0,0,0,1,2022-12-30T20:07:38.3217221Z,0
5.341149,102.0170428,Daerah: Kelantan<br>No:2394<br>Hex coord:(140;58),n/a,0,0,0,0,0,0,1,2022-12-30T20:07:38.9953856Z,0
5.333369,102.0305895,Daerah: Kelantan<br>No:2395<br>Hex coord:(141;58),n/a,0,0,0,0,0,0,1,2022-12-30T20:07:39.6765334Z,0
5.341149,102.0441362,Daerah: Kelantan<br>No:2396<br>Hex coord:(142;58),n/a,0,0,0,0,0,0,1,2022-12-30T20:07:40.3434847Z,0
5.333369,102.0576829,Daerah: Kelantan<br>No:2397<br>Hex coord:(143;58),n/a,0,0,0,0,0,0,1,2022-12-30T20:07:41.0176866Z,0
5.341149,102.0712296,Daerah: Kelantan<br>No:2398<br>Hex coord:(144;58),n/a,0,0,0,0,0,0,1,2022-12-30T20:07:41.6964614Z,0
5.333369,102.0847763,Daerah: Kelantan<br>No:2399<br>Hex coord:(145;58),n/a,0,0,0,0,0,0,1,2022-12-30T20:07:42.3704989Z,0
5.341149,102.098323,Daerah: Kelantan<br>No:2400<br>Hex coord:(146;58),n/a,0,0,0,0,0,0,1,2022-12-30T20:07:43.0622625Z,0
5.333369,102.1118697,Daerah: Kelantan<br>No:2401<br>Hex coord:(147;58),n/a,0,0,0,0,0,0,1,2022-12-30T20:07:43.7285996Z,0
5.341149,102.1254164,Daerah: Kelantan<br>No:2402<br>Hex coord:(148;58),n/a,0,0,0,0,0,0,1,2022-12-30T20:07:49.1857237Z,0
5.333369,102.1389631,Daerah: Kelantan<br>No:2403<br>Hex coord:(149;58),n/a,0,0,0,0,0,0,1,2022-12-30T20:07:49.8572368Z,0
5.341149,102.1525098,Daerah: Kelantan<br>No:2404<br>Hex coord:(150;58),n/a,0,0,0,0,0,0,1,2022-12-30T20:07:50.5308641Z,0
5.333369,102.1660565,Daerah: Kelantan<br>No:2405<br>Hex coord:(151;58),n/a,0,0,0,0,0,0,1,2022-12-30T20:07:51.2130353Z,0
5.341149,102.1796032,Daerah: Kelantan<br>No:2406<br>Hex coord:(152;58),n/a,0,0,0,0,0,0,1,2022-12-30T20:07:51.8798445Z,0
5.333369,102.1931499,Daerah: Kelantan<br>No:2407<br>Hex coord:(153;58),n/a,0,0,0,0,0,0,1,2022-12-30T20:07:52.5510033Z,0
5.341149,102.2066966,Daerah: Kelantan<br>No:2408<br>Hex coord:(154;58),n/a,0,0,0,0,0,0,1,2022-12-30T20:07:53.2163571Z,0
5.333369,102.2202433,Daerah: Kelantan<br>No:2409<br>Hex coord:(155;58),n/a,0,0,0,0,0,0,1,2022-12-30T20:07:53.8896797Z,0
5.341149,102.23379,Daerah: Kelantan<br>No:2410<br>Hex coord:(156;58),n/a,0,0,0,0,0,0,1,2022-12-30T20:07:54.5718066Z,0
5.333369,102.2473367,Daerah: Kelantan<br>No:2411<br>Hex coord:(157;58),n/a,0,0,0,0,0,0,1,2022-12-30T20:07:55.2511291Z,0
5.341149,102.2608835,Daerah: Kelantan<br>No:2412<br>Hex coord:(158;58),n/a,0,0,0,0,0,0,1,2022-12-30T20:07:55.9307617Z,0
5.333369,102.2744302,Daerah: Kelantan<br>No:2413<br>Hex coord:(159;58),n/a,0,0,0,0,0,0,1,2022-12-30T20:07:56.6084952Z,0
5.341149,102.2879769,Daerah: Kelantan<br>No:2414<br>Hex coord:(160;58),n/a,0,0,0,0,0,0,1,2022-12-30T20:07:57.2866035Z,0
5.333369,102.3015236,Daerah: Kelantan<br>No:2415<br>Hex coord:(161;58),n/a,0,0,0,0,0,0,1,2022-12-30T20:07:57.9575333Z,0
5.341149,102.3150703,Daerah: Kelantan<br>No:2416<br>Hex coord:(162;58),n/a,0,0,0,0,0,0,1,2022-12-30T20:07:58.6632953Z,0
5.333369,102.328617,Daerah: Kelantan<br>No:2417<br>Hex coord:(163;58),n/a,0,0,0,0,0,0,1,2022-12-30T20:07:59.3311022Z,0
5.341149,102.3421637,Daerah: Kelantan<br>No:2418<br>Hex coord:(164;58),n/a,0,0,0,0,0,0,1,2022-12-30T20:08:00.0015712Z,0
5.333369,102.3557104,Daerah: Kelantan<br>No:2419<br>Hex coord:(165;58),n/a,0,0,0,0,0,0,1,2022-12-30T20:08:00.6809676Z,0
5.341149,102.3692571,Daerah: Kelantan<br>No:2420<br>Hex coord:(166;58),n/a,0,0,0,0,0,0,1,2022-12-30T20:08:01.3612150Z,0
5.333369,102.3828038,Daerah: Kelantan<br>No:2421<br>Hex coord:(167;58),n/a,0,0,0,0,0,0,1,2022-12-30T20:08:02.0353973Z,0
5.341149,102.3963505,Daerah: Kelantan<br>No:2422<br>Hex coord:(168;58),n/a,0,0,0,0,0,0,1,2022-12-30T20:08:02.7251503Z,0
5.333369,102.4098972,Daerah: Kelantan<br>No:2423<br>Hex coord:(169;58),n/a,0,0,0,0,0,0,1,2022-12-30T20:08:03.3894353Z,0
5.341149,102.4234439,Daerah: Kelantan<br>No:2424<br>Hex coord:(170;58),n/a,0,0,0,0,0,0,1,2022-12-30T20:08:04.0785490Z,0
5.325589,101.5835482,Daerah: Kelantan<br>No:2425<br>Hex coord:(108;59),n/a,0,0,0,0,0,0,1,2022-12-30T20:08:04.7557606Z,0
5.317809,101.5970949,Daerah: Kelantan<br>No:2426<br>Hex coord:(109;59),n/a,0,0,0,0,0,0,1,2022-12-30T20:08:05.4361611Z,0
5.325589,101.6106416,Daerah: Kelantan<br>No:2427<br>Hex coord:(110;59),n/a,0,0,0,0,0,0,1,2022-12-30T20:08:06.1151290Z,0
5.317809,101.6241883,Daerah: Kelantan<br>No:2428<br>Hex coord:(111;59),n/a,0,0,0,0,0,0,1,2022-12-30T20:08:06.7948199Z,0
5.325589,101.637735,Daerah: Kelantan<br>No:2429<br>Hex coord:(112;59),n/a,0,0,0,0,0,0,1,2022-12-30T20:08:07.4685584Z,0
5.317809,101.6512817,Daerah: Kelantan<br>No:2430<br>Hex coord:(113;59),n/a,0,0,0,0,0,0,1,2022-12-30T20:08:08.1483751Z,0
5.325589,101.6648284,Daerah: Kelantan<br>No:2431<br>Hex coord:(114;59),n/a,0,0,0,0,0,0,1,2022-12-30T20:08:08.8331748Z,0
5.317809,101.6783751,Daerah: Kelantan<br>No:2432<br>Hex coord:(115;59),n/a,0,0,0,0,0,0,1,2022-12-30T20:08:09.5066011Z,0
5.325589,101.6919218,Daerah: Kelantan<br>No:2433<br>Hex coord:(116;59),n/a,0,0,0,0,0,0,1,2022-12-30T20:08:10.1837426Z,0
5.317809,101.7054685,Daerah: Kelantan<br>No:2434<br>Hex coord:(117;59),n/a,0,0,0,0,0,0,1,2022-12-30T20:08:10.8633712Z,0
5.325589,101.7190152,Daerah: Kelantan<br>No:2435<br>Hex coord:(118;59),n/a,0,0,0,0,0,0,1,2022-12-30T20:08:11.5374409Z,0
5.317809,101.7325619,Daerah: Kelantan<br>No:2436<br>Hex coord:(119;59),n/a,0,0,0,0,0,0,1,2022-12-30T20:08:12.2217292Z,0
5.325589,101.7461086,Daerah: Kelantan<br>No:2437<br>Hex coord:(120;59),n/a,0,0,0,0,0,0,1,2022-12-30T20:08:12.9030962Z,0
5.317809,101.7596554,Daerah: Kelantan<br>No:2438<br>Hex coord:(121;59),n/a,0,0,0,0,0,0,1,2022-12-30T20:08:13.5837597Z,0
5.325589,101.7732021,Daerah: Kelantan<br>No:2439<br>Hex coord:(122;59),n/a,0,0,0,0,0,0,1,2022-12-30T20:08:14.2533884Z,0
5.317809,101.7867488,Daerah: Kelantan<br>No:2440<br>Hex coord:(123;59),n/a,0,0,0,0,0,0,1,2022-12-30T20:08:14.9251646Z,0
5.325589,101.8002955,Daerah: Kelantan<br>No:2441<br>Hex coord:(124;59),n/a,0,0,0,0,0,0,1,2022-12-30T20:08:15.5991049Z,0
5.317809,101.8138422,Daerah: Kelantan<br>No:2442<br>Hex coord:(125;59),n/a,0,0,0,0,0,0,1,2022-12-30T20:08:16.2719488Z,0
5.325589,101.8273889,Daerah: Kelantan<br>No:2443<br>Hex coord:(126;59),n/a,0,0,0,0,0,0,1,2022-12-30T20:08:16.9409793Z,0
5.317809,101.8409356,Daerah: Kelantan<br>No:2444<br>Hex coord:(127;59),n/a,0,0,0,0,0,0,1,2022-12-30T20:08:17.6092207Z,0
5.325589,101.8544823,Daerah: Kelantan<br>No:2445<br>Hex coord:(128;59),n/a,0,0,0,0,0,0,1,2022-12-30T20:08:18.2814333Z,0
5.317809,101.868029,Daerah: Kelantan<br>No:2446<br>Hex coord:(129;59),n/a,0,0,0,0,0,0,1,2022-12-30T20:08:18.9488376Z,0
5.325589,101.8815757,Daerah: Kelantan<br>No:2447<br>Hex coord:(130;59),n/a,0,0,0,0,0,0,1,2022-12-30T20:08:19.6339045Z,0
5.317809,101.8951224,Daerah: Kelantan<br>No:2448<br>Hex coord:(131;59),n/a,0,0,0,0,0,0,1,2022-12-30T20:08:20.3024406Z,0
5.325589,101.9086691,Daerah: Kelantan<br>No:2449<br>Hex coord:(132;59),n/a,0,0,0,0,0,0,1,2022-12-30T20:08:20.9756802Z,0
5.317809,101.9222158,Daerah: Kelantan<br>No:2450<br>Hex coord:(133;59),n/a,0,0,0,0,0,0,1,2022-12-30T20:08:21.6409272Z,0
5.325589,101.9357625,Daerah: Kelantan<br>No:2451<br>Hex coord:(134;59),n/a,0,0,0,0,0,0,1,2022-12-30T20:08:22.3138992Z,0
5.317809,101.9493092,Daerah: Kelantan<br>No:2452<br>Hex coord:(135;59),n/a,0,0,0,0,0,0,1,2022-12-30T20:08:22.9905658Z,0
5.325589,101.9628559,Daerah: Kelantan<br>No:2453<br>Hex coord:(136;59),n/a,0,0,0,0,0,0,1,2022-12-30T20:08:23.6693879Z,0
5.317809,101.9764026,Daerah: Kelantan<br>No:2454<br>Hex coord:(137;59),n/a,0,0,0,0,0,0,1,2022-12-30T20:08:24.3444712Z,0
5.325589,101.9899493,Daerah: Kelantan<br>No:2455<br>Hex coord:(138;59),n/a,0,0,0,0,0,0,1,2022-12-30T20:08:25.0175517Z,0
5.317809,102.003496,Daerah: Kelantan<br>No:2456<br>Hex coord:(139;59),n/a,0,0,0,0,0,0,1,2022-12-30T20:08:25.6909116Z,0
5.325589,102.0170428,Daerah: Kelantan<br>No:2457<br>Hex coord:(140;59),n/a,0,0,0,0,0,0,1,2022-12-30T20:08:26.3619495Z,0
5.317809,102.0305895,Daerah: Kelantan<br>No:2458<br>Hex coord:(141;59),n/a,0,0,0,0,0,0,1,2022-12-30T20:08:27.0330751Z,0
5.325589,102.0441362,Daerah: Kelantan<br>No:2459<br>Hex coord:(142;59),n/a,0,0,0,0,0,0,1,2022-12-30T20:08:27.6990733Z,0
5.317809,102.0576829,Daerah: Kelantan<br>No:2460<br>Hex coord:(143;59),n/a,0,0,0,0,0,0,1,2022-12-30T20:08:28.3706461Z,0
5.325589,102.0712296,Daerah: Kelantan<br>No:2461<br>Hex coord:(144;59),n/a,0,0,0,0,0,0,1,2022-12-30T20:08:29.0444185Z,0
5.317809,102.0847763,Daerah: Kelantan<br>No:2462<br>Hex coord:(145;59),n/a,0,0,0,0,0,0,1,2022-12-30T20:08:29.7236344Z,0
5.325589,102.098323,Daerah: Kelantan<br>No:2463<br>Hex coord:(146;59),n/a,0,0,0,0,0,0,1,2022-12-30T20:08:30.3968385Z,0
5.317809,102.1118697,Daerah: Kelantan<br>No:2464<br>Hex coord:(147;59),n/a,0,0,0,0,0,0,1,2022-12-30T20:08:31.0673043Z,0
5.325589,102.1254164,Daerah: Kelantan<br>No:2465<br>Hex coord:(148;59),n/a,0,0,0,0,0,0,1,2022-12-30T20:08:31.7381643Z,0
5.317809,102.1389631,Daerah: Kelantan<br>No:2466<br>Hex coord:(149;59),n/a,0,0,0,0,0,0,1,2022-12-30T20:08:32.4122742Z,0
5.325589,102.1525098,Daerah: Kelantan<br>No:2467<br>Hex coord:(150;59),n/a,0,0,0,0,0,0,1,2022-12-30T20:08:33.0816064Z,0
5.317809,102.1660565,Daerah: Kelantan<br>No:2468<br>Hex coord:(151;59),n/a,0,0,0,0,0,0,1,2022-12-30T20:08:33.7541384Z,0
5.325589,102.1796032,Daerah: Kelantan<br>No:2469<br>Hex coord:(152;59),n/a,0,0,0,0,0,0,1,2022-12-30T20:08:34.4133036Z,0
5.317809,102.1931499,Daerah: Kelantan<br>No:2470<br>Hex coord:(153;59),n/a,0,0,0,0,0,0,1,2022-12-30T20:08:35.0996887Z,0
5.325589,102.2066966,Daerah: Kelantan<br>No:2471<br>Hex coord:(154;59),n/a,0,0,0,0,0,0,1,2022-12-30T20:08:35.7655273Z,0
5.317809,102.2202433,Daerah: Kelantan<br>No:2472<br>Hex coord:(155;59),n/a,0,0,0,0,0,0,1,2022-12-30T20:08:36.4355257Z,0
5.325589,102.23379,Daerah: Kelantan<br>No:2473<br>Hex coord:(156;59),n/a,0,0,0,0,0,0,1,2022-12-30T20:08:37.1054518Z,0
5.317809,102.2473367,Daerah: Kelantan<br>No:2474<br>Hex coord:(157;59),n/a,0,0,0,0,0,0,1,2022-12-30T20:08:37.7898734Z,0
5.325589,102.2608835,Daerah: Kelantan<br>No:2475<br>Hex coord:(158;59),n/a,0,0,0,0,0,0,1,2022-12-30T20:08:38.4615651Z,0
5.317809,102.2744302,Daerah: Kelantan<br>No:2476<br>Hex coord:(159;59),n/a,0,0,0,0,0,0,1,2022-12-30T20:08:39.1326020Z,0
5.325589,102.2879769,Daerah: Kelantan<br>No:2477<br>Hex coord:(160;59),n/a,0,0,0,0,0,0,1,2022-12-30T20:08:39.8058055Z,0
5.317809,102.3015236,Daerah: Kelantan<br>No:2478<br>Hex coord:(161;59),n/a,0,0,0,0,0,0,1,2022-12-30T20:08:40.4766040Z,0
5.325589,102.3150703,Daerah: Kelantan<br>No:2479<br>Hex coord:(162;59),n/a,0,0,0,0,0,0,1,2022-12-30T20:08:41.1444778Z,0
5.317809,102.328617,Daerah: Kelantan<br>No:2480<br>Hex coord:(163;59),n/a,0,0,0,0,0,0,1,2022-12-30T20:08:41.8354396Z,0
5.325589,102.3421637,Daerah: Kelantan<br>No:2481<br>Hex coord:(164;59),n/a,0,0,0,0,0,0,1,2022-12-30T20:08:42.5281876Z,0
5.317809,102.3557104,Daerah: Kelantan<br>No:2482<br>Hex coord:(165;59),n/a,0,0,0,0,0,0,1,2022-12-30T20:08:43.2062352Z,0
5.325589,102.3692571,Daerah: Kelantan<br>No:2483<br>Hex coord:(166;59),n/a,0,0,0,0,0,0,1,2022-12-30T20:08:43.8743671Z,0
5.317809,102.3828038,Daerah: Kelantan<br>No:2484<br>Hex coord:(167;59),n/a,0,0,0,0,0,0,1,2022-12-30T20:08:54.1287950Z,0
5.325589,102.3963505,Daerah: Kelantan<br>No:2485<br>Hex coord:(168;59),n/a,0,0,0,0,0,0,1,2022-12-30T20:08:54.7971457Z,0
5.317809,102.4098972,Daerah: Kelantan<br>No:2486<br>Hex coord:(169;59),n/a,0,0,0,0,0,0,1,2022-12-30T20:08:55.4636554Z,0
5.325589,102.4234439,Daerah: Kelantan<br>No:2487<br>Hex coord:(170;59),n/a,0,0,0,0,0,0,1,2022-12-30T20:08:56.1344132Z,0
5.310029,101.5835482,Daerah: Kelantan<br>No:2488<br>Hex coord:(108;60),n/a,0,0,0,0,0,0,1,2022-12-30T20:08:56.8079739Z,0
5.302249,101.5970949,Daerah: Kelantan<br>No:2489<br>Hex coord:(109;60),n/a,0,0,0,0,0,0,1,2022-12-30T20:08:57.4775259Z,0
5.310029,101.6106416,Daerah: Kelantan<br>No:2490<br>Hex coord:(110;60),n/a,0,0,0,0,0,0,1,2022-12-30T20:08:58.1490664Z,0
5.302249,101.6241883,Daerah: Kelantan<br>No:2491<br>Hex coord:(111;60),n/a,0,0,0,0,0,0,1,2022-12-30T20:08:58.8211793Z,0
5.310029,101.637735,Daerah: Kelantan<br>No:2492<br>Hex coord:(112;60),n/a,0,0,0,0,0,0,1,2022-12-30T20:08:59.4945568Z,0
5.302249,101.6512817,Daerah: Kelantan<br>No:2493<br>Hex coord:(113;60),n/a,0,0,0,0,0,0,1,2022-12-30T20:09:00.1719745Z,0
5.310029,101.6648284,Daerah: Kelantan<br>No:2494<br>Hex coord:(114;60),n/a,0,0,0,0,0,0,1,2022-12-30T20:09:00.8451891Z,0
5.302249,101.6783751,Daerah: Kelantan<br>No:2495<br>Hex coord:(115;60),n/a,0,0,0,0,0,0,1,2022-12-30T20:09:01.5139411Z,0
5.310029,101.6919218,Daerah: Kelantan<br>No:2496<br>Hex coord:(116;60),n/a,0,0,0,0,0,0,1,2022-12-30T20:09:02.1850917Z,0
5.302249,101.7054685,Daerah: Kelantan<br>No:2497<br>Hex coord:(117;60),n/a,0,0,0,0,0,0,1,2022-12-30T20:09:02.8634469Z,0
5.310029,101.7190152,Daerah: Kelantan<br>No:2498<br>Hex coord:(118;60),n/a,0,0,0,0,0,0,1,2022-12-30T20:09:03.5378425Z,0
5.302249,101.7325619,Daerah: Kelantan<br>No:2499<br>Hex coord:(119;60),n/a,0,0,0,0,0,0,1,2022-12-30T20:09:04.2052761Z,0
5.310029,101.7461086,Daerah: Kelantan<br>No:2500<br>Hex coord:(120;60),n/a,0,0,0,0,0,0,1,2022-12-30T20:09:04.8789431Z,0
5.302249,101.7596554,Daerah: Kelantan<br>No:2501<br>Hex coord:(121;60),n/a,0,0,0,0,0,0,1,2022-12-30T20:09:05.5494564Z,0
5.310029,101.7732021,Daerah: Kelantan<br>No:2502<br>Hex coord:(122;60),n/a,0,0,0,0,0,0,1,2022-12-30T20:09:06.2231560Z,0
5.302249,101.7867488,Daerah: Kelantan<br>No:2503<br>Hex coord:(123;60),n/a,0,0,0,0,0,0,1,2022-12-30T20:09:06.8972965Z,0
5.310029,101.8002955,Daerah: Kelantan<br>No:2504<br>Hex coord:(124;60),n/a,0,0,0,0,0,0,1,2022-12-30T20:09:07.5762350Z,0
5.302249,101.8138422,Daerah: Kelantan<br>No:2505<br>Hex coord:(125;60),n/a,0,0,0,0,0,0,1,2022-12-30T20:09:08.2481835Z,0
5.310029,101.8273889,Daerah: Kelantan<br>No:2506<br>Hex coord:(126;60),n/a,0,0,0,0,0,0,1,2022-12-30T20:09:08.9144473Z,0
5.302249,101.8409356,Daerah: Kelantan<br>No:2507<br>Hex coord:(127;60),n/a,0,0,0,0,0,0,1,2022-12-30T20:09:09.5948791Z,0
5.310029,101.8544823,Daerah: Kelantan<br>No:2508<br>Hex coord:(128;60),n/a,0,0,0,0,0,0,1,2022-12-30T20:09:10.2726485Z,0
5.302249,101.868029,Daerah: Kelantan<br>No:2509<br>Hex coord:(129;60),n/a,0,0,0,0,0,0,1,2022-12-30T20:09:10.9514819Z,0
5.310029,101.8815757,Daerah: Kelantan<br>No:2510<br>Hex coord:(130;60),n/a,0,0,0,0,0,0,1,2022-12-30T20:09:11.6167364Z,0
5.302249,101.8951224,Daerah: Kelantan<br>No:2511<br>Hex coord:(131;60),n/a,0,0,0,0,0,0,1,2022-12-30T20:09:12.2954835Z,0
5.310029,101.9086691,Daerah: Kelantan<br>No:2512<br>Hex coord:(132;60),n/a,0,0,0,0,0,0,1,2022-12-30T20:09:12.9616841Z,0
5.302249,101.9222158,Daerah: Kelantan<br>No:2513<br>Hex coord:(133;60),n/a,0,0,0,0,0,0,1,2022-12-30T20:09:13.6454125Z,0
5.310029,101.9357625,Daerah: Kelantan<br>No:2514<br>Hex coord:(134;60),n/a,0,0,0,0,0,0,1,2022-12-30T20:09:14.3224774Z,0
5.302249,101.9493092,Daerah: Kelantan<br>No:2515<br>Hex coord:(135;60),n/a,0,0,0,0,0,0,1,2022-12-30T20:09:14.9880102Z,0
5.310029,101.9628559,Daerah: Kelantan<br>No:2516<br>Hex coord:(136;60),n/a,0,0,0,0,0,0,1,2022-12-30T20:09:15.6557472Z,0
5.302249,101.9764026,Daerah: Kelantan<br>No:2517<br>Hex coord:(137;60),n/a,0,0,0,0,0,0,1,2022-12-30T20:09:16.3279613Z,0
5.310029,101.9899493,Daerah: Kelantan<br>No:2518<br>Hex coord:(138;60),n/a,0,0,0,0,0,0,1,2022-12-30T20:09:17.0081440Z,0
5.302249,102.003496,Daerah: Kelantan<br>No:2519<br>Hex coord:(139;60),n/a,0,0,0,0,0,0,1,2022-12-30T20:09:17.6872369Z,0
5.310029,102.0170428,Daerah: Kelantan<br>No:2520<br>Hex coord:(140;60),n/a,0,0,0,0,0,0,1,2022-12-30T20:09:18.3587175Z,0
5.302249,102.0305895,Daerah: Kelantan<br>No:2521<br>Hex coord:(141;60),n/a,0,0,0,0,0,0,1,2022-12-30T20:09:19.0287657Z,0
5.310029,102.0441362,Daerah: Kelantan<br>No:2522<br>Hex coord:(142;60),n/a,0,0,0,0,0,0,1,2022-12-30T20:09:19.7108105Z,0
5.302249,102.0576829,Daerah: Kelantan<br>No:2523<br>Hex coord:(143;60),n/a,0,0,0,0,0,0,1,2022-12-30T20:09:20.3924764Z,0
5.310029,102.0712296,Daerah: Kelantan<br>No:2524<br>Hex coord:(144;60),n/a,0,0,0,0,0,0,1,2022-12-30T20:09:21.0621417Z,0
5.302249,102.0847763,Daerah: Kelantan<br>No:2525<br>Hex coord:(145;60),n/a,0,0,0,0,0,0,1,2022-12-30T20:09:21.7268161Z,0
5.310029,102.098323,Daerah: Kelantan<br>No:2526<br>Hex coord:(146;60),n/a,0,0,0,0,0,0,1,2022-12-30T20:09:22.4065813Z,0
5.302249,102.1118697,Daerah: Kelantan<br>No:2527<br>Hex coord:(147;60),n/a,0,0,0,0,0,0,1,2022-12-30T20:09:23.0785951Z,0
5.310029,102.1254164,Daerah: Kelantan<br>No:2528<br>Hex coord:(148;60),n/a,0,0,0,0,0,0,1,2022-12-30T20:09:23.7482194Z,0
5.302249,102.1389631,Daerah: Kelantan<br>No:2529<br>Hex coord:(149;60),n/a,0,0,0,0,0,0,1,2022-12-30T20:09:24.4338676Z,0
5.310029,102.1525098,Daerah: Kelantan<br>No:2530<br>Hex coord:(150;60),n/a,0,0,0,0,0,0,1,2022-12-30T20:09:25.1128866Z,0
5.302249,102.1660565,Daerah: Kelantan<br>No:2531<br>Hex coord:(151;60),n/a,0,0,0,0,0,0,1,2022-12-30T20:09:25.7818416Z,0
5.310029,102.1796032,Daerah: Kelantan<br>No:2532<br>Hex coord:(152;60),n/a,0,0,0,0,0,0,1,2022-12-30T20:09:26.4490424Z,0
5.302249,102.1931499,Daerah: Kelantan<br>No:2533<br>Hex coord:(153;60),n/a,0,0,0,0,0,0,1,2022-12-30T20:09:27.1200437Z,0
5.310029,102.2066966,Daerah: Kelantan<br>No:2534<br>Hex coord:(154;60),n/a,0,0,0,0,0,0,1,2022-12-30T20:09:27.7916556Z,0
5.302249,102.2202433,Daerah: Kelantan<br>No:2535<br>Hex coord:(155;60),n/a,0,0,0,0,0,0,1,2022-12-30T20:09:28.4692257Z,0
5.310029,102.23379,Daerah: Kelantan<br>No:2536<br>Hex coord:(156;60),n/a,0,0,0,0,0,0,1,2022-12-30T20:09:29.1420307Z,0
5.302249,102.2473367,Daerah: Kelantan<br>No:2537<br>Hex coord:(157;60),n/a,0,0,0,0,0,0,1,2022-12-30T20:09:29.8196662Z,0
5.310029,102.2608835,Daerah: Kelantan<br>No:2538<br>Hex coord:(158;60),n/a,0,0,0,0,0,0,1,2022-12-30T20:09:30.5004920Z,0
5.302249,102.2744302,Daerah: Kelantan<br>No:2539<br>Hex coord:(159;60),n/a,0,0,0,0,0,0,1,2022-12-30T20:09:31.1722326Z,0
5.310029,102.2879769,Daerah: Kelantan<br>No:2540<br>Hex coord:(160;60),n/a,0,0,0,0,0,0,1,2022-12-30T20:09:31.8411107Z,0
5.302249,102.3015236,Daerah: Kelantan<br>No:2541<br>Hex coord:(161;60),n/a,0,0,0,0,0,0,1,2022-12-30T20:09:32.5135791Z,0
5.310029,102.3150703,Daerah: Kelantan<br>No:2542<br>Hex coord:(162;60),n/a,0,0,0,0,0,0,1,2022-12-30T20:09:33.1941628Z,0
5.302249,102.328617,Daerah: Kelantan<br>No:2543<br>Hex coord:(163;60),n/a,0,0,0,0,0,0,1,2022-12-30T20:09:33.9273520Z,0
5.310029,102.3421637,Daerah: Kelantan<br>No:2544<br>Hex coord:(164;60),n/a,0,0,0,0,0,0,1,2022-12-30T20:09:34.5983979Z,0
5.302249,102.3557104,Daerah: Kelantan<br>No:2545<br>Hex coord:(165;60),n/a,0,0,0,0,0,0,1,2022-12-30T20:09:35.2757811Z,0
5.310029,102.3692571,Daerah: Kelantan<br>No:2546<br>Hex coord:(166;60),n/a,0,0,0,0,0,0,1,2022-12-30T20:09:35.9454631Z,0
5.302249,102.3828038,Daerah: Kelantan<br>No:2547<br>Hex coord:(167;60),n/a,0,0,0,0,0,0,1,2022-12-30T20:09:36.6134654Z,0
5.310029,102.3963505,Daerah: Kelantan<br>No:2548<br>Hex coord:(168;60),n/a,0,0,0,0,0,0,1,2022-12-30T20:09:37.2866874Z,0
5.302249,102.4098972,Daerah: Kelantan<br>No:2549<br>Hex coord:(169;60),n/a,0,0,0,0,0,0,1,2022-12-30T20:09:37.9532332Z,0
5.286689,101.5700015,Daerah: Kelantan<br>No:2550<br>Hex coord:(107;61),n/a,0,0,0,0,0,0,1,2022-12-30T20:09:38.6291519Z,0
5.294469,101.5835482,Daerah: Kelantan<br>No:2551<br>Hex coord:(108;61),n/a,0,0,0,0,0,0,1,2022-12-30T20:09:39.2996260Z,0
5.286689,101.5970949,Daerah: Kelantan<br>No:2552<br>Hex coord:(109;61),n/a,0,0,0,0,0,0,1,2022-12-30T20:09:39.9674030Z,0
5.294469,101.6106416,Daerah: Kelantan<br>No:2553<br>Hex coord:(110;61),n/a,0,0,0,0,0,0,1,2022-12-30T20:09:40.6336031Z,0
5.286689,101.6241883,Daerah: Kelantan<br>No:2554<br>Hex coord:(111;61),n/a,0,0,0,0,0,0,1,2022-12-30T20:09:41.3060974Z,0
5.294469,101.637735,Daerah: Kelantan<br>No:2555<br>Hex coord:(112;61),n/a,0,0,0,0,0,0,1,2022-12-30T20:09:41.9851544Z,0
5.286689,101.6512817,Daerah: Kelantan<br>No:2556<br>Hex coord:(113;61),n/a,0,0,0,0,0,0,1,2022-12-30T20:09:42.6549108Z,0
5.294469,101.6648284,Daerah: Kelantan<br>No:2557<br>Hex coord:(114;61),n/a,0,0,0,0,0,0,1,2022-12-30T20:09:43.3175539Z,0
5.286689,101.6783751,Daerah: Kelantan<br>No:2558<br>Hex coord:(115;61),n/a,0,0,0,0,0,0,1,2022-12-30T20:09:43.9935270Z,0
5.294469,101.6919218,Daerah: Kelantan<br>No:2559<br>Hex coord:(116;61),n/a,0,0,0,0,0,0,1,2022-12-30T20:09:44.6699032Z,0
5.286689,101.7054685,Daerah: Kelantan<br>No:2560<br>Hex coord:(117;61),n/a,0,0,0,0,0,0,1,2022-12-30T20:09:45.3414449Z,0
5.294469,101.7190152,Daerah: Kelantan<br>No:2561<br>Hex coord:(118;61),n/a,0,0,0,0,0,0,1,2022-12-30T20:09:46.0166558Z,0
5.286689,101.7325619,Daerah: Kelantan<br>No:2562<br>Hex coord:(119;61),n/a,0,0,0,0,0,0,1,2022-12-30T20:09:46.6899968Z,0
5.294469,101.7461086,Daerah: Kelantan<br>No:2563<br>Hex coord:(120;61),n/a,0,0,0,0,0,0,1,2022-12-30T20:09:47.3561846Z,0
5.286689,101.7596554,Daerah: Kelantan<br>No:2564<br>Hex coord:(121;61),n/a,0,0,0,0,0,0,1,2022-12-30T20:09:48.0519803Z,0
5.294469,101.7732021,Daerah: Kelantan<br>No:2565<br>Hex coord:(122;61),n/a,0,0,0,0,0,0,1,2022-12-30T20:09:48.7322528Z,0
5.286689,101.7867488,Daerah: Kelantan<br>No:2566<br>Hex coord:(123;61),n/a,0,0,0,0,0,0,1,2022-12-30T20:09:49.4240851Z,0
5.294469,101.8002955,Daerah: Kelantan<br>No:2567<br>Hex coord:(124;61),n/a,0,0,0,0,0,0,1,2022-12-30T20:09:50.0884359Z,0
5.286689,101.8138422,Daerah: Kelantan<br>No:2568<br>Hex coord:(125;61),n/a,0,0,0,0,0,0,1,2022-12-30T20:09:50.7658418Z,0
5.294469,101.8273889,Daerah: Kelantan<br>No:2569<br>Hex coord:(126;61),n/a,0,0,0,0,0,0,1,2022-12-30T20:09:51.4385660Z,0
5.286689,101.8409356,Daerah: Kelantan<br>No:2570<br>Hex coord:(127;61),n/a,0,0,0,0,0,0,1,2022-12-30T20:09:52.1171133Z,0
5.294469,101.8544823,Daerah: Kelantan<br>No:2571<br>Hex coord:(128;61),n/a,0,0,0,0,0,0,1,2022-12-30T20:09:52.8091358Z,0
5.286689,101.868029,Daerah: Kelantan<br>No:2572<br>Hex coord:(129;61),n/a,0,0,0,0,0,0,1,2022-12-30T20:09:53.4798702Z,0
5.294469,101.8815757,Daerah: Kelantan<br>No:2573<br>Hex coord:(130;61),n/a,0,0,0,0,0,0,1,2022-12-30T20:09:54.1563857Z,0
5.286689,101.8951224,Daerah: Kelantan<br>No:2574<br>Hex coord:(131;61),n/a,0,0,0,0,0,0,1,2022-12-30T20:09:54.8349126Z,0
5.294469,101.9086691,Daerah: Kelantan<br>No:2575<br>Hex coord:(132;61),n/a,0,0,0,0,0,0,1,2022-12-30T20:09:55.5094324Z,0
5.286689,101.9222158,Daerah: Kelantan<br>No:2576<br>Hex coord:(133;61),n/a,0,0,0,0,0,0,1,2022-12-30T20:09:56.1891075Z,0
5.294469,101.9357625,Daerah: Kelantan<br>No:2577<br>Hex coord:(134;61),n/a,0,0,0,0,0,0,1,2022-12-30T20:09:56.8651258Z,0
5.286689,101.9493092,Daerah: Kelantan<br>No:2578<br>Hex coord:(135;61),n/a,0,0,0,0,0,0,1,2022-12-30T20:09:57.5398218Z,0
5.294469,101.9628559,Daerah: Kelantan<br>No:2579<br>Hex coord:(136;61),n/a,0,0,0,0,0,0,1,2022-12-30T20:09:58.2141795Z,0
5.286689,101.9764026,Daerah: Kelantan<br>No:2580<br>Hex coord:(137;61),n/a,0,0,0,0,0,0,1,2022-12-30T20:09:58.8873410Z,0
5.294469,101.9899493,Daerah: Kelantan<br>No:2581<br>Hex coord:(138;61),n/a,0,0,0,0,0,0,1,2022-12-30T20:09:59.5544538Z,0
5.286689,102.003496,Daerah: Kelantan<br>No:2582<br>Hex coord:(139;61),n/a,0,0,0,0,0,0,1,2022-12-30T20:10:00.2360268Z,0
5.294469,102.0170428,Daerah: Kelantan<br>No:2583<br>Hex coord:(140;61),n/a,0,0,0,0,0,0,1,2022-12-30T20:10:00.9186862Z,0
5.286689,102.0305895,Daerah: Kelantan<br>No:2584<br>Hex coord:(141;61),n/a,0,0,0,0,0,0,1,2022-12-30T20:10:01.6110055Z,0
5.294469,102.0441362,Daerah: Kelantan<br>No:2585<br>Hex coord:(142;61),n/a,0,0,0,0,0,0,1,2022-12-30T20:10:02.2850683Z,0
5.286689,102.0576829,Daerah: Kelantan<br>No:2586<br>Hex coord:(143;61),n/a,0,0,0,0,0,0,1,2022-12-30T20:10:02.9574114Z,0
5.294469,102.0712296,Daerah: Kelantan<br>No:2587<br>Hex coord:(144;61),n/a,0,0,0,0,0,0,1,2022-12-30T20:10:03.6253426Z,0
5.286689,102.0847763,Daerah: Kelantan<br>No:2588<br>Hex coord:(145;61),n/a,0,0,0,0,0,0,1,2022-12-30T20:10:04.2955615Z,0
5.294469,102.098323,Daerah: Kelantan<br>No:2589<br>Hex coord:(146;61),n/a,0,0,0,0,0,0,1,2022-12-30T20:10:04.9662978Z,0
5.286689,102.1118697,Daerah: Kelantan<br>No:2590<br>Hex coord:(147;61),n/a,0,0,0,0,0,0,1,2022-12-30T20:10:05.6475981Z,0
5.294469,102.1254164,Daerah: Kelantan<br>No:2591<br>Hex coord:(148;61),n/a,0,0,0,0,0,0,1,2022-12-30T20:10:06.3145003Z,0
5.286689,102.1389631,Daerah: Kelantan<br>No:2592<br>Hex coord:(149;61),n/a,0,0,0,0,0,0,1,2022-12-30T20:10:06.9879640Z,0
5.294469,102.1525098,Daerah: Kelantan<br>No:2593<br>Hex coord:(150;61),n/a,0,0,0,0,0,0,1,2022-12-30T20:10:07.6662031Z,0
5.286689,102.1660565,Daerah: Kelantan<br>No:2594<br>Hex coord:(151;61),n/a,0,0,0,0,0,0,1,2022-12-30T20:10:08.3345155Z,0
5.294469,102.1796032,Daerah: Kelantan<br>No:2595<br>Hex coord:(152;61),n/a,0,0,0,0,0,0,1,2022-12-30T20:10:09.0070074Z,0
5.286689,102.1931499,Daerah: Kelantan<br>No:2596<br>Hex coord:(153;61),n/a,0,0,0,0,0,0,1,2022-12-30T20:10:09.6833714Z,0
5.294469,102.2066966,Daerah: Kelantan<br>No:2597<br>Hex coord:(154;61),n/a,0,0,0,0,0,0,1,2022-12-30T20:10:10.3524997Z,0
5.286689,102.2202433,Daerah: Kelantan<br>No:2598<br>Hex coord:(155;61),n/a,0,0,0,0,0,0,1,2022-12-30T20:10:11.0264117Z,0
5.294469,102.23379,Daerah: Kelantan<br>No:2599<br>Hex coord:(156;61),n/a,0,0,0,0,0,0,1,2022-12-30T20:10:11.6961592Z,0
5.286689,102.2473367,Daerah: Kelantan<br>No:2600<br>Hex coord:(157;61),n/a,0,0,0,0,0,0,1,2022-12-30T20:10:12.3881455Z,0
5.294469,102.2608835,Daerah: Kelantan<br>No:2601<br>Hex coord:(158;61),n/a,0,0,0,0,0,0,1,2022-12-30T20:10:13.0643932Z,0
5.286689,102.2744302,Daerah: Kelantan<br>No:2602<br>Hex coord:(159;61),n/a,0,0,0,0,0,0,1,2022-12-30T20:10:13.7346194Z,0
5.294469,102.2879769,Daerah: Kelantan<br>No:2603<br>Hex coord:(160;61),n/a,0,0,0,0,0,0,1,2022-12-30T20:10:14.4025705Z,0
5.286689,102.3015236,Daerah: Kelantan<br>No:2604<br>Hex coord:(161;61),n/a,0,0,0,0,0,0,1,2022-12-30T20:10:15.0940353Z,0
5.294469,102.3150703,Daerah: Kelantan<br>No:2605<br>Hex coord:(162;61),n/a,0,0,0,0,0,0,1,2022-12-30T20:10:15.7839826Z,0
5.286689,102.328617,Daerah: Kelantan<br>No:2606<br>Hex coord:(163;61),n/a,0,0,0,0,0,0,1,2022-12-30T20:10:16.4535892Z,0
5.294469,102.3421637,Daerah: Kelantan<br>No:2607<br>Hex coord:(164;61),n/a,0,0,0,0,0,0,1,2022-12-30T20:10:17.1275665Z,0
5.286689,102.3557104,Daerah: Kelantan<br>No:2608<br>Hex coord:(165;61),n/a,0,0,0,0,0,0,1,2022-12-30T20:10:17.7959558Z,0
5.294469,102.3692571,Daerah: Kelantan<br>No:2609<br>Hex coord:(166;61),n/a,0,0,0,0,0,0,1,2022-12-30T20:10:18.4668314Z,0
5.286689,102.3828038,Daerah: Kelantan<br>No:2610<br>Hex coord:(167;61),n/a,0,0,0,0,0,0,1,2022-12-30T20:10:19.1376196Z,0
5.294469,102.3963505,Daerah: Kelantan<br>No:2611<br>Hex coord:(168;61),n/a,0,0,0,0,0,0,1,2022-12-30T20:10:19.8084860Z,0
5.286689,102.4098972,Daerah: Kelantan<br>No:2612<br>Hex coord:(169;61),n/a,0,0,0,0,0,0,1,2022-12-30T20:10:20.4792013Z,0
5.278909,101.5293614,Daerah: Kelantan<br>No:2613<br>Hex coord:(104;62),n/a,0,0,0,0,0,0,1,2022-12-30T20:10:21.1500289Z,0
5.278909,101.5564548,Daerah: Kelantan<br>No:2614<br>Hex coord:(106;62),n/a,0,0,0,0,0,0,1,2022-12-30T20:10:21.8293272Z,0
5.271129,101.5700015,Daerah: Kelantan<br>No:2615<br>Hex coord:(107;62),n/a,0,0,0,0,0,0,1,2022-12-30T20:10:22.5049507Z,0
5.278909,101.5835482,Daerah: Kelantan<br>No:2616<br>Hex coord:(108;62),n/a,0,0,0,0,0,0,1,2022-12-30T20:10:23.1874987Z,0
5.271129,101.5970949,Daerah: Kelantan<br>No:2617<br>Hex coord:(109;62),n/a,0,0,0,0,0,0,1,2022-12-30T20:10:23.8680320Z,0
5.278909,101.6106416,Daerah: Kelantan<br>No:2618<br>Hex coord:(110;62),n/a,0,0,0,0,0,0,1,2022-12-30T20:10:24.5412948Z,0
5.271129,101.6241883,Daerah: Kelantan<br>No:2619<br>Hex coord:(111;62),n/a,0,0,0,0,0,0,1,2022-12-30T20:10:25.2252916Z,0
5.278909,101.637735,Daerah: Kelantan<br>No:2620<br>Hex coord:(112;62),n/a,0,0,0,0,0,0,1,2022-12-30T20:10:25.9055115Z,0
5.271129,101.6512817,Daerah: Kelantan<br>No:2621<br>Hex coord:(113;62),n/a,0,0,0,0,0,0,1,2022-12-30T20:10:26.5760568Z,0
5.278909,101.6648284,Daerah: Kelantan<br>No:2622<br>Hex coord:(114;62),n/a,0,0,0,0,0,0,1,2022-12-30T20:10:27.2484074Z,0
5.271129,101.6783751,Daerah: Kelantan<br>No:2623<br>Hex coord:(115;62),n/a,0,0,0,0,0,0,1,2022-12-30T20:10:27.9202136Z,0
5.278909,101.6919218,Daerah: Kelantan<br>No:2624<br>Hex coord:(116;62),n/a,0,0,0,0,0,0,1,2022-12-30T20:10:28.5959778Z,0
5.271129,101.7054685,Daerah: Kelantan<br>No:2625<br>Hex coord:(117;62),n/a,0,0,0,0,0,0,1,2022-12-30T20:10:29.2702823Z,0
5.278909,101.7190152,Daerah: Kelantan<br>No:2626<br>Hex coord:(118;62),n/a,0,0,0,0,0,0,1,2022-12-30T20:10:29.9435333Z,0
5.271129,101.7325619,Daerah: Kelantan<br>No:2627<br>Hex coord:(119;62),n/a,0,0,0,0,0,0,1,2022-12-30T20:10:30.6118144Z,0
5.278909,101.7461086,Daerah: Kelantan<br>No:2628<br>Hex coord:(120;62),n/a,0,0,0,0,0,0,1,2022-12-30T20:10:31.2862173Z,0
5.271129,101.7596554,Daerah: Kelantan<br>No:2629<br>Hex coord:(121;62),n/a,0,0,0,0,0,0,1,2022-12-30T20:10:31.9571095Z,0
5.278909,101.7732021,Daerah: Kelantan<br>No:2630<br>Hex coord:(122;62),n/a,0,0,0,0,0,0,1,2022-12-30T20:10:32.6195834Z,0
5.271129,101.7867488,Daerah: Kelantan<br>No:2631<br>Hex coord:(123;62),n/a,0,0,0,0,0,0,1,2022-12-30T20:10:33.2999698Z,0
5.278909,101.8002955,Daerah: Kelantan<br>No:2632<br>Hex coord:(124;62),n/a,0,0,0,0,0,0,1,2022-12-30T20:10:33.9782631Z,0
5.271129,101.8138422,Daerah: Kelantan<br>No:2633<br>Hex coord:(125;62),n/a,0,0,0,0,0,0,1,2022-12-30T20:10:34.6428400Z,0
5.278909,101.8273889,Daerah: Kelantan<br>No:2634<br>Hex coord:(126;62),n/a,0,0,0,0,0,0,1,2022-12-30T20:10:35.3147156Z,0
5.271129,101.8409356,Daerah: Kelantan<br>No:2635<br>Hex coord:(127;62),n/a,0,0,0,0,0,0,1,2022-12-30T20:10:35.9891930Z,0
5.278909,101.8544823,Daerah: Kelantan<br>No:2636<br>Hex coord:(128;62),n/a,0,0,0,0,0,0,1,2022-12-30T20:10:36.6578848Z,0
5.271129,101.868029,Daerah: Kelantan<br>No:2637<br>Hex coord:(129;62),n/a,0,0,0,0,0,0,1,2022-12-30T20:10:37.3319787Z,0
5.278909,101.8815757,Daerah: Kelantan<br>No:2638<br>Hex coord:(130;62),n/a,0,0,0,0,0,0,1,2022-12-30T20:10:38.0227943Z,0
5.271129,101.8951224,Daerah: Kelantan<br>No:2639<br>Hex coord:(131;62),n/a,0,0,0,0,0,0,1,2022-12-30T20:10:38.7106673Z,0
5.278909,101.9086691,Daerah: Kelantan<br>No:2640<br>Hex coord:(132;62),n/a,0,0,0,0,0,0,1,2022-12-30T20:10:39.3851315Z,0
5.271129,101.9222158,Daerah: Kelantan<br>No:2641<br>Hex coord:(133;62),n/a,0,0,0,0,0,0,1,2022-12-30T20:10:40.0555893Z,0
5.278909,101.9357625,Daerah: Kelantan<br>No:2642<br>Hex coord:(134;62),n/a,0,0,0,0,0,0,1,2022-12-30T20:10:40.7313584Z,0
5.271129,101.9493092,Daerah: Kelantan<br>No:2643<br>Hex coord:(135;62),n/a,0,0,0,0,0,0,1,2022-12-30T20:10:41.4142343Z,0
5.278909,101.9628559,Daerah: Kelantan<br>No:2644<br>Hex coord:(136;62),n/a,0,0,0,0,0,0,1,2022-12-30T20:10:42.0850155Z,0
5.271129,101.9764026,Daerah: Kelantan<br>No:2645<br>Hex coord:(137;62),n/a,0,0,0,0,0,0,1,2022-12-30T20:10:42.7666255Z,0
5.278909,101.9899493,Daerah: Kelantan<br>No:2646<br>Hex coord:(138;62),n/a,0,0,0,0,0,0,1,2022-12-30T20:10:43.4526312Z,0
5.271129,102.003496,Daerah: Kelantan<br>No:2647<br>Hex coord:(139;62),n/a,0,0,0,0,0,0,1,2022-12-30T20:10:44.1319507Z,0
5.278909,102.0170428,Daerah: Kelantan<br>No:2648<br>Hex coord:(140;62),n/a,0,0,0,0,0,0,1,2022-12-30T20:10:44.8102066Z,0
5.271129,102.0305895,Daerah: Kelantan<br>No:2649<br>Hex coord:(141;62),n/a,0,0,0,0,0,0,1,2022-12-30T20:10:45.4820675Z,0
5.278909,102.0441362,Daerah: Kelantan<br>No:2650<br>Hex coord:(142;62),n/a,0,0,0,0,0,0,1,2022-12-30T20:10:46.1659906Z,0
5.271129,102.0576829,Daerah: Kelantan<br>No:2651<br>Hex coord:(143;62),n/a,0,0,0,0,0,0,1,2022-12-30T20:10:46.8403929Z,0
5.278909,102.0712296,Daerah: Kelantan<br>No:2652<br>Hex coord:(144;62),n/a,0,0,0,0,0,0,1,2022-12-30T20:10:47.5098741Z,0
5.271129,102.0847763,Daerah: Kelantan<br>No:2653<br>Hex coord:(145;62),n/a,0,0,0,0,0,0,1,2022-12-30T20:10:48.1844321Z,0
5.278909,102.098323,Daerah: Kelantan<br>No:2654<br>Hex coord:(146;62),n/a,0,0,0,0,0,0,1,2022-12-30T20:10:48.8563417Z,0
5.271129,102.1118697,Daerah: Kelantan<br>No:2655<br>Hex coord:(147;62),n/a,0,0,0,0,0,0,1,2022-12-30T20:10:49.5318807Z,0
5.278909,102.1254164,Daerah: Kelantan<br>No:2656<br>Hex coord:(148;62),n/a,0,0,0,0,0,0,1,2022-12-30T20:10:50.2136888Z,0
5.271129,102.1389631,Daerah: Kelantan<br>No:2657<br>Hex coord:(149;62),n/a,0,0,0,0,0,0,1,2022-12-30T20:10:50.8914911Z,0
5.278909,102.1525098,Daerah: Kelantan<br>No:2658<br>Hex coord:(150;62),n/a,0,0,0,0,0,0,1,2022-12-30T20:10:51.5565871Z,0
5.271129,102.1660565,Daerah: Kelantan<br>No:2659<br>Hex coord:(151;62),n/a,0,0,0,0,0,0,1,2022-12-30T20:10:52.2403933Z,0
5.278909,102.1796032,Daerah: Kelantan<br>No:2660<br>Hex coord:(152;62),n/a,0,0,0,0,0,0,1,2022-12-30T20:10:52.9149773Z,0
5.271129,102.1931499,Daerah: Kelantan<br>No:2661<br>Hex coord:(153;62),n/a,0,0,0,0,0,0,1,2022-12-30T20:10:53.5840897Z,0
5.278909,102.2066966,Daerah: Kelantan<br>No:2662<br>Hex coord:(154;62),n/a,0,0,0,0,0,0,1,2022-12-30T20:10:54.2504199Z,0
5.271129,102.2202433,Daerah: Kelantan<br>No:2663<br>Hex coord:(155;62),n/a,0,0,0,0,0,0,1,2022-12-30T20:10:54.9328240Z,0
5.278909,102.23379,Daerah: Kelantan<br>No:2664<br>Hex coord:(156;62),n/a,0,0,0,0,0,0,1,2022-12-30T20:10:55.6062971Z,0
5.271129,102.2473367,Daerah: Kelantan<br>No:2665<br>Hex coord:(157;62),n/a,0,0,0,0,0,0,1,2022-12-30T20:10:56.2770739Z,0
5.278909,102.2608835,Daerah: Kelantan<br>No:2666<br>Hex coord:(158;62),n/a,0,0,0,0,0,0,1,2022-12-30T20:10:56.9574861Z,0
5.271129,102.2744302,Daerah: Kelantan<br>No:2667<br>Hex coord:(159;62),n/a,0,0,0,0,0,0,1,2022-12-30T20:10:57.6367174Z,0
5.278909,102.2879769,Daerah: Kelantan<br>No:2668<br>Hex coord:(160;62),n/a,0,0,0,0,0,0,1,2022-12-30T20:10:58.3027903Z,0
5.271129,102.3015236,Daerah: Kelantan<br>No:2669<br>Hex coord:(161;62),n/a,0,0,0,0,0,0,1,2022-12-30T20:10:58.9759381Z,0
5.278909,102.3150703,Daerah: Kelantan<br>No:2670<br>Hex coord:(162;62),n/a,0,0,0,0,0,0,1,2022-12-30T20:10:59.6465028Z,0
5.271129,102.328617,Daerah: Kelantan<br>No:2671<br>Hex coord:(163;62),n/a,0,0,0,0,0,0,1,2022-12-30T20:11:00.3175909Z,0
5.278909,102.3421637,Daerah: Kelantan<br>No:2672<br>Hex coord:(164;62),n/a,0,0,0,0,0,0,1,2022-12-30T20:11:00.9991655Z,0
5.271129,102.3557104,Daerah: Kelantan<br>No:2673<br>Hex coord:(165;62),n/a,0,0,0,0,0,0,1,2022-12-30T20:11:01.6689547Z,0
5.278909,102.3692571,Daerah: Kelantan<br>No:2674<br>Hex coord:(166;62),n/a,0,0,0,0,0,0,1,2022-12-30T20:11:02.3443970Z,0
5.271129,102.3828038,Daerah: Kelantan<br>No:2675<br>Hex coord:(167;62),n/a,0,0,0,0,0,0,1,2022-12-30T20:11:03.0247482Z,0
5.278909,102.3963505,Daerah: Kelantan<br>No:2676<br>Hex coord:(168;62),n/a,0,0,0,0,0,0,1,2022-12-30T20:11:03.6966683Z,0
5.271129,102.4098972,Daerah: Kelantan<br>No:2677<br>Hex coord:(169;62),n/a,0,0,0,0,0,0,1,2022-12-30T20:11:04.3743676Z,0
5.263349,101.5293614,Daerah: Kelantan<br>No:2678<br>Hex coord:(104;63),n/a,0,0,0,0,0,0,1,2022-12-30T20:11:05.0526774Z,0
5.255569,101.5429081,Daerah: Kelantan<br>No:2679<br>Hex coord:(105;63),n/a,0,0,0,0,0,0,1,2022-12-30T20:11:05.7256582Z,0
5.263349,101.5564548,Daerah: Kelantan<br>No:2680<br>Hex coord:(106;63),n/a,0,0,0,0,0,0,1,2022-12-30T20:11:06.4013750Z,0
5.255569,101.5700015,Daerah: Kelantan<br>No:2681<br>Hex coord:(107;63),n/a,0,0,0,0,0,0,1,2022-12-30T20:11:07.0746506Z,0
5.263349,101.5835482,Daerah: Kelantan<br>No:2682<br>Hex coord:(108;63),n/a,0,0,0,0,0,0,1,2022-12-30T20:11:07.7430158Z,0
5.255569,101.5970949,Daerah: Kelantan<br>No:2683<br>Hex coord:(109;63),n/a,0,0,0,0,0,0,1,2022-12-30T20:11:08.4273733Z,0
5.263349,101.6106416,Daerah: Kelantan<br>No:2684<br>Hex coord:(110;63),n/a,0,0,0,0,0,0,1,2022-12-30T20:11:09.1001956Z,0
5.255569,101.6241883,Daerah: Kelantan<br>No:2685<br>Hex coord:(111;63),n/a,0,0,0,0,0,0,1,2022-12-30T20:11:09.7817910Z,0
5.263349,101.637735,Daerah: Kelantan<br>No:2686<br>Hex coord:(112;63),n/a,0,0,0,0,0,0,1,2022-12-30T20:11:10.4512579Z,0
5.255569,101.6512817,Daerah: Kelantan<br>No:2687<br>Hex coord:(113;63),n/a,0,0,0,0,0,0,1,2022-12-30T20:11:11.1318124Z,0
5.263349,101.6648284,Daerah: Kelantan<br>No:2688<br>Hex coord:(114;63),n/a,0,0,0,0,0,0,1,2022-12-30T20:11:11.8063686Z,0
5.255569,101.6783751,Daerah: Kelantan<br>No:2689<br>Hex coord:(115;63),n/a,0,0,0,0,0,0,1,2022-12-30T20:11:12.4803130Z,0
5.263349,101.6919218,Daerah: Kelantan<br>No:2690<br>Hex coord:(116;63),n/a,0,0,0,0,0,0,1,2022-12-30T20:11:13.1527494Z,0
5.255569,101.7054685,Daerah: Kelantan<br>No:2691<br>Hex coord:(117;63),n/a,0,0,0,0,0,0,1,2022-12-30T20:11:13.8210795Z,0
5.263349,101.7190152,Daerah: Kelantan<br>No:2692<br>Hex coord:(118;63),n/a,0,0,0,0,0,0,1,2022-12-30T20:11:14.4942738Z,0
5.255569,101.7325619,Daerah: Kelantan<br>No:2693<br>Hex coord:(119;63),n/a,0,0,0,0,0,0,1,2022-12-30T20:11:15.1706575Z,0
5.263349,101.7461086,Daerah: Kelantan<br>No:2694<br>Hex coord:(120;63),n/a,0,0,0,0,0,0,1,2022-12-30T20:11:15.8345062Z,0
5.255569,101.7596554,Daerah: Kelantan<br>No:2695<br>Hex coord:(121;63),n/a,0,0,0,0,0,0,1,2022-12-30T20:11:16.5126637Z,0
5.263349,101.7732021,Daerah: Kelantan<br>No:2696<br>Hex coord:(122;63),n/a,0,0,0,0,0,0,1,2022-12-30T20:11:17.1851136Z,0
5.255569,101.7867488,Daerah: Kelantan<br>No:2697<br>Hex coord:(123;63),n/a,0,0,0,0,0,0,1,2022-12-30T20:11:17.8496632Z,0
5.263349,101.8002955,Daerah: Kelantan<br>No:2698<br>Hex coord:(124;63),n/a,0,0,0,0,0,0,1,2022-12-30T20:11:18.5230420Z,0
5.255569,101.8138422,Daerah: Kelantan<br>No:2699<br>Hex coord:(125;63),n/a,0,0,0,0,0,0,1,2022-12-30T20:11:19.2034216Z,0
5.263349,101.8273889,Daerah: Kelantan<br>No:2700<br>Hex coord:(126;63),n/a,0,0,0,0,0,0,1,2022-12-30T20:11:19.8792617Z,0
5.255569,101.8409356,Daerah: Kelantan<br>No:2701<br>Hex coord:(127;63),n/a,0,0,0,0,0,0,1,2022-12-30T20:11:20.5562110Z,0
5.263349,101.8544823,Daerah: Kelantan<br>No:2702<br>Hex coord:(128;63),n/a,0,0,0,0,0,0,1,2022-12-30T20:11:21.2283097Z,0
5.255569,101.868029,Daerah: Kelantan<br>No:2703<br>Hex coord:(129;63),n/a,0,0,0,0,0,0,1,2022-12-30T20:11:21.9018012Z,0
5.263349,101.8815757,Daerah: Kelantan<br>No:2704<br>Hex coord:(130;63),n/a,0,0,0,0,0,0,1,2022-12-30T20:11:22.5800198Z,0
5.255569,101.8951224,Daerah: Kelantan<br>No:2705<br>Hex coord:(131;63),n/a,0,0,0,0,0,0,1,2022-12-30T20:11:23.2585986Z,0
5.263349,101.9086691,Daerah: Kelantan<br>No:2706<br>Hex coord:(132;63),n/a,0,0,0,0,0,0,1,2022-12-30T20:11:23.9307747Z,0
5.255569,101.9222158,Daerah: Kelantan<br>No:2707<br>Hex coord:(133;63),n/a,0,0,0,0,0,0,1,2022-12-30T20:11:26.5952461Z,0
5.263349,101.9357625,Daerah: Kelantan<br>No:2708<br>Hex coord:(134;63),n/a,0,0,0,0,0,0,1,2022-12-30T20:11:27.2674243Z,0
5.255569,101.9493092,Daerah: Kelantan<br>No:2709<br>Hex coord:(135;63),n/a,0,0,0,0,0,0,1,2022-12-30T20:11:27.9322092Z,0
5.263349,101.9628559,Daerah: Kelantan<br>No:2710<br>Hex coord:(136;63),n/a,0,0,0,0,0,0,1,2022-12-30T20:11:28.6332093Z,0
5.255569,101.9764026,Daerah: Kelantan<br>No:2711<br>Hex coord:(137;63),n/a,0,0,0,0,0,0,1,2022-12-30T20:11:29.3083784Z,0
5.263349,101.9899493,Daerah: Kelantan<br>No:2712<br>Hex coord:(138;63),n/a,0,0,0,0,0,0,1,2022-12-30T20:11:29.9757139Z,0
5.255569,102.003496,Daerah: Kelantan<br>No:2713<br>Hex coord:(139;63),n/a,0,0,0,0,0,0,1,2022-12-30T20:11:30.6474104Z,0
5.263349,102.0170428,Daerah: Kelantan<br>No:2714<br>Hex coord:(140;63),n/a,0,0,0,0,0,0,1,2022-12-30T20:11:31.3212949Z,0
5.255569,102.0305895,Daerah: Kelantan<br>No:2715<br>Hex coord:(141;63),n/a,0,0,0,0,0,0,1,2022-12-30T20:11:32.0041837Z,0
5.263349,102.0441362,Daerah: Kelantan<br>No:2716<br>Hex coord:(142;63),n/a,0,0,0,0,0,0,1,2022-12-30T20:11:32.6808106Z,0
5.255569,102.0576829,Daerah: Kelantan<br>No:2717<br>Hex coord:(143;63),n/a,0,0,0,0,0,0,1,2022-12-30T20:11:33.3524028Z,0
5.263349,102.0712296,Daerah: Kelantan<br>No:2718<br>Hex coord:(144;63),n/a,0,0,0,0,0,0,1,2022-12-30T20:11:34.0565840Z,0
5.255569,102.0847763,Daerah: Kelantan<br>No:2719<br>Hex coord:(145;63),n/a,0,0,0,0,0,0,1,2022-12-30T20:11:34.7207191Z,0
5.263349,102.098323,Daerah: Kelantan<br>No:2720<br>Hex coord:(146;63),n/a,0,0,0,0,0,0,1,2022-12-30T20:11:35.3880727Z,0
5.255569,102.1118697,Daerah: Kelantan<br>No:2721<br>Hex coord:(147;63),n/a,0,0,0,0,0,0,1,2022-12-30T20:11:36.0698490Z,0
5.263349,102.1254164,Daerah: Kelantan<br>No:2722<br>Hex coord:(148;63),n/a,0,0,0,0,0,0,1,2022-12-30T20:11:36.7403513Z,0
5.255569,102.1389631,Daerah: Kelantan<br>No:2723<br>Hex coord:(149;63),n/a,0,0,0,0,0,0,1,2022-12-30T20:11:37.4227319Z,0
5.263349,102.1525098,Daerah: Kelantan<br>No:2724<br>Hex coord:(150;63),n/a,0,0,0,0,0,0,1,2022-12-30T20:11:38.1027233Z,0
5.255569,102.1660565,Daerah: Kelantan<br>No:2725<br>Hex coord:(151;63),n/a,0,0,0,0,0,0,1,2022-12-30T20:11:38.7694944Z,0
5.263349,102.1796032,Daerah: Kelantan<br>No:2726<br>Hex coord:(152;63),n/a,0,0,0,0,0,0,1,2022-12-30T20:11:39.4349827Z,0
5.255569,102.1931499,Daerah: Kelantan<br>No:2727<br>Hex coord:(153;63),n/a,0,0,0,0,0,0,1,2022-12-30T20:11:40.1086802Z,0
5.263349,102.2066966,Daerah: Kelantan<br>No:2728<br>Hex coord:(154;63),n/a,0,0,0,0,0,0,1,2022-12-30T20:11:40.7854870Z,0
5.255569,102.2202433,Daerah: Kelantan<br>No:2729<br>Hex coord:(155;63),n/a,0,0,0,0,0,0,1,2022-12-30T20:11:41.4493169Z,0
5.263349,102.23379,Daerah: Kelantan<br>No:2730<br>Hex coord:(156;63),n/a,0,0,0,0,0,0,1,2022-12-30T20:11:42.1222086Z,0
5.255569,102.2473367,Daerah: Kelantan<br>No:2731<br>Hex coord:(157;63),n/a,0,0,0,0,0,0,1,2022-12-30T20:11:42.7956498Z,0
5.263349,102.2608835,Daerah: Kelantan<br>No:2732<br>Hex coord:(158;63),n/a,0,0,0,0,0,0,1,2022-12-30T20:11:43.4785766Z,0
5.255569,102.2744302,Daerah: Kelantan<br>No:2733<br>Hex coord:(159;63),n/a,0,0,0,0,0,0,1,2022-12-30T20:11:44.1435408Z,0
5.263349,102.2879769,Daerah: Kelantan<br>No:2734<br>Hex coord:(160;63),n/a,0,0,0,0,0,0,1,2022-12-30T20:11:44.7972227Z,0
5.255569,102.3015236,Daerah: Kelantan<br>No:2735<br>Hex coord:(161;63),n/a,0,0,0,0,0,0,1,2022-12-30T20:11:45.4676399Z,0
5.263349,102.3150703,Daerah: Kelantan<br>No:2736<br>Hex coord:(162;63),n/a,0,0,0,0,0,0,1,2022-12-30T20:11:46.1455357Z,0
5.255569,102.328617,Daerah: Kelantan<br>No:2737<br>Hex coord:(163;63),n/a,0,0,0,0,0,0,1,2022-12-30T20:11:46.8222768Z,0
5.263349,102.3421637,Daerah: Kelantan<br>No:2738<br>Hex coord:(164;63),n/a,0,0,0,0,0,0,1,2022-12-30T20:11:47.5074626Z,0
5.255569,102.3557104,Daerah: Kelantan<br>No:2739<br>Hex coord:(165;63),n/a,0,0,0,0,0,0,1,2022-12-30T20:11:48.1821981Z,0
5.263349,102.3692571,Daerah: Kelantan<br>No:2740<br>Hex coord:(166;63),n/a,0,0,0,0,0,0,1,2022-12-30T20:11:48.8555702Z,0
5.255569,102.3828038,Daerah: Kelantan<br>No:2741<br>Hex coord:(167;63),n/a,0,0,0,0,0,0,1,2022-12-30T20:11:49.5314786Z,0
5.263349,102.3963505,Daerah: Kelantan<br>No:2742<br>Hex coord:(168;63),n/a,0,0,0,0,0,0,1,2022-12-30T20:11:50.2103138Z,0
5.255569,102.4098972,Daerah: Kelantan<br>No:2743<br>Hex coord:(169;63),n/a,0,0,0,0,0,0,1,2022-12-30T20:11:50.8812550Z,0
5.240009,101.5158147,Daerah: Kelantan<br>No:2744<br>Hex coord:(103;64),n/a,0,0,0,0,0,0,1,2022-12-30T20:11:51.6074907Z,0
5.247789,101.5293614,Daerah: Kelantan<br>No:2745<br>Hex coord:(104;64),n/a,0,0,0,0,0,0,1,2022-12-30T20:11:52.2776040Z,0
5.240009,101.5429081,Daerah: Kelantan<br>No:2746<br>Hex coord:(105;64),n/a,0,0,0,0,0,0,1,2022-12-30T20:11:52.9709362Z,0
5.247789,101.5564548,Daerah: Kelantan<br>No:2747<br>Hex coord:(106;64),n/a,0,0,0,0,0,0,1,2022-12-30T20:11:53.6475122Z,0
5.240009,101.5700015,Daerah: Kelantan<br>No:2748<br>Hex coord:(107;64),n/a,0,0,0,0,0,0,1,2022-12-30T20:11:54.3484955Z,0
5.247789,101.5835482,Daerah: Kelantan<br>No:2749<br>Hex coord:(108;64),n/a,0,0,0,0,0,0,1,2022-12-30T20:11:55.0235437Z,0
5.240009,101.5970949,Daerah: Kelantan<br>No:2750<br>Hex coord:(109;64),n/a,0,0,0,0,0,0,1,2022-12-30T20:11:55.6887134Z,0
5.247789,101.6106416,Daerah: Kelantan<br>No:2751<br>Hex coord:(110;64),n/a,0,0,0,0,0,0,1,2022-12-30T20:11:56.3554704Z,0
5.240009,101.6241883,Daerah: Kelantan<br>No:2752<br>Hex coord:(111;64),n/a,0,0,0,0,0,0,1,2022-12-30T20:11:57.0268034Z,0
5.247789,101.637735,Daerah: Kelantan<br>No:2753<br>Hex coord:(112;64),n/a,0,0,0,0,0,0,1,2022-12-30T20:11:57.7037340Z,0
5.240009,101.6512817,Daerah: Kelantan<br>No:2754<br>Hex coord:(113;64),n/a,0,0,0,0,0,0,1,2022-12-30T20:11:58.3745470Z,0
5.247789,101.6648284,Daerah: Kelantan<br>No:2755<br>Hex coord:(114;64),n/a,0,0,0,0,0,0,1,2022-12-30T20:11:59.0387528Z,0
5.240009,101.6783751,Daerah: Kelantan<br>No:2756<br>Hex coord:(115;64),n/a,0,0,0,0,0,0,1,2022-12-30T20:11:59.7219933Z,0
5.247789,101.6919218,Daerah: Kelantan<br>No:2757<br>Hex coord:(116;64),n/a,0,0,0,0,0,0,1,2022-12-30T20:12:00.3975784Z,0
5.240009,101.7054685,Daerah: Kelantan<br>No:2758<br>Hex coord:(117;64),n/a,0,0,0,0,0,0,1,2022-12-30T20:12:01.0638387Z,0
5.247789,101.7190152,Daerah: Kelantan<br>No:2759<br>Hex coord:(118;64),n/a,0,0,0,0,0,0,1,2022-12-30T20:12:01.7382963Z,0
5.240009,101.7325619,Daerah: Kelantan<br>No:2760<br>Hex coord:(119;64),n/a,0,0,0,0,0,0,1,2022-12-30T20:12:02.4101722Z,0
5.247789,101.7461086,Daerah: Kelantan<br>No:2761<br>Hex coord:(120;64),n/a,0,0,0,0,0,0,1,2022-12-30T20:12:03.0925869Z,0
5.240009,101.7596554,Daerah: Kelantan<br>No:2762<br>Hex coord:(121;64),n/a,0,0,0,0,0,0,1,2022-12-30T20:12:03.7618491Z,0
5.247789,101.7732021,Daerah: Kelantan<br>No:2763<br>Hex coord:(122;64),n/a,0,0,0,0,0,0,1,2022-12-30T20:12:04.4292726Z,0
5.240009,101.7867488,Daerah: Kelantan<br>No:2764<br>Hex coord:(123;64),n/a,0,0,0,0,0,0,1,2022-12-30T20:12:05.0941538Z,0
5.247789,101.8002955,Daerah: Kelantan<br>No:2765<br>Hex coord:(124;64),n/a,0,0,0,0,0,0,1,2022-12-30T20:12:05.7661195Z,0
5.240009,101.8138422,Daerah: Kelantan<br>No:2766<br>Hex coord:(125;64),n/a,0,0,0,0,0,0,1,2022-12-30T20:12:06.4379799Z,0
5.247789,101.8273889,Daerah: Kelantan<br>No:2767<br>Hex coord:(126;64),n/a,0,0,0,0,0,0,1,2022-12-30T20:12:07.1030645Z,0
5.240009,101.8409356,Daerah: Kelantan<br>No:2768<br>Hex coord:(127;64),n/a,0,0,0,0,0,0,1,2022-12-30T20:12:07.7864547Z,0
5.247789,101.8544823,Daerah: Kelantan<br>No:2769<br>Hex coord:(128;64),n/a,0,0,0,0,0,0,1,2022-12-30T20:12:08.4634133Z,0
5.240009,101.868029,Daerah: Kelantan<br>No:2770<br>Hex coord:(129;64),n/a,0,0,0,0,0,0,1,2022-12-30T20:12:09.1383043Z,0
5.247789,101.8815757,Daerah: Kelantan<br>No:2771<br>Hex coord:(130;64),n/a,0,0,0,0,0,0,1,2022-12-30T20:12:09.8094072Z,0
5.240009,101.8951224,Daerah: Kelantan<br>No:2772<br>Hex coord:(131;64),n/a,0,0,0,0,0,0,1,2022-12-30T20:12:10.4731118Z,0
5.247789,101.9086691,Daerah: Kelantan<br>No:2773<br>Hex coord:(132;64),n/a,0,0,0,0,0,0,1,2022-12-30T20:12:11.1401120Z,0
5.240009,101.9222158,Daerah: Kelantan<br>No:2774<br>Hex coord:(133;64),n/a,0,0,0,0,0,0,1,2022-12-30T20:12:11.8089987Z,0
5.247789,101.9357625,Daerah: Kelantan<br>No:2775<br>Hex coord:(134;64),n/a,0,0,0,0,0,0,1,2022-12-30T20:12:12.4793039Z,0
5.240009,101.9493092,Daerah: Kelantan<br>No:2776<br>Hex coord:(135;64),n/a,0,0,0,0,0,0,1,2022-12-30T20:12:13.1556475Z,0
5.247789,101.9628559,Daerah: Kelantan<br>No:2777<br>Hex coord:(136;64),n/a,0,0,0,0,0,0,1,2022-12-30T20:12:13.8222415Z,0
5.240009,101.9764026,Daerah: Kelantan<br>No:2778<br>Hex coord:(137;64),n/a,0,0,0,0,0,0,1,2022-12-30T20:12:14.5284058Z,0
5.247789,101.9899493,Daerah: Kelantan<br>No:2779<br>Hex coord:(138;64),n/a,0,0,0,0,0,0,1,2022-12-30T20:12:15.1921557Z,0
5.240009,102.003496,Daerah: Kelantan<br>No:2780<br>Hex coord:(139;64),n/a,0,0,0,0,0,0,1,2022-12-30T20:12:15.8698166Z,0
5.247789,102.0170428,Daerah: Kelantan<br>No:2781<br>Hex coord:(140;64),n/a,0,0,0,0,0,0,1,2022-12-30T20:12:16.5614576Z,0
5.240009,102.0305895,Daerah: Kelantan<br>No:2782<br>Hex coord:(141;64),n/a,0,0,0,0,0,0,1,2022-12-30T20:12:17.2361303Z,0
5.247789,102.0441362,Daerah: Kelantan<br>No:2783<br>Hex coord:(142;64),n/a,0,0,0,0,0,0,1,2022-12-30T20:12:17.9039557Z,0
5.240009,102.0576829,Daerah: Kelantan<br>No:2784<br>Hex coord:(143;64),n/a,0,0,0,0,0,0,1,2022-12-30T20:12:18.5854472Z,0
5.247789,102.0712296,Daerah: Kelantan<br>No:2785<br>Hex coord:(144;64),n/a,0,0,0,0,0,0,1,2022-12-30T20:12:19.2556778Z,0
5.240009,102.0847763,Daerah: Kelantan<br>No:2786<br>Hex coord:(145;64),n/a,0,0,0,0,0,0,1,2022-12-30T20:12:19.9284080Z,0
5.247789,102.098323,Daerah: Kelantan<br>No:2787<br>Hex coord:(146;64),n/a,0,0,0,0,0,0,1,2022-12-30T20:12:20.5978209Z,0
5.240009,102.1118697,Daerah: Kelantan<br>No:2788<br>Hex coord:(147;64),n/a,0,0,0,0,0,0,1,2022-12-30T20:12:21.2750774Z,0
5.247789,102.1254164,Daerah: Kelantan<br>No:2789<br>Hex coord:(148;64),n/a,0,0,0,0,0,0,1,2022-12-30T20:12:21.9444332Z,0
5.240009,102.1389631,Daerah: Kelantan<br>No:2790<br>Hex coord:(149;64),n/a,0,0,0,0,0,0,1,2022-12-30T20:12:22.6145789Z,0
5.247789,102.1525098,Daerah: Kelantan<br>No:2791<br>Hex coord:(150;64),n/a,0,0,0,0,0,0,1,2022-12-30T20:12:23.3031907Z,0
5.240009,102.1660565,Daerah: Kelantan<br>No:2792<br>Hex coord:(151;64),n/a,0,0,0,0,0,0,1,2022-12-30T20:12:23.9825148Z,0
5.247789,102.1796032,Daerah: Kelantan<br>No:2793<br>Hex coord:(152;64),n/a,0,0,0,0,0,0,1,2022-12-30T20:12:24.6457002Z,0
5.240009,102.1931499,Daerah: Kelantan<br>No:2794<br>Hex coord:(153;64),n/a,0,0,0,0,0,0,1,2022-12-30T20:12:25.3147361Z,0
5.247789,102.2066966,Daerah: Kelantan<br>No:2795<br>Hex coord:(154;64),n/a,0,0,0,0,0,0,1,2022-12-30T20:12:25.9848136Z,0
5.240009,102.2202433,Daerah: Kelantan<br>No:2796<br>Hex coord:(155;64),n/a,0,0,0,0,0,0,1,2022-12-30T20:12:26.6564726Z,0
5.247789,102.23379,Daerah: Kelantan<br>No:2797<br>Hex coord:(156;64),n/a,0,0,0,0,0,0,1,2022-12-30T20:12:27.3275095Z,0
5.240009,102.2473367,Daerah: Kelantan<br>No:2798<br>Hex coord:(157;64),n/a,0,0,0,0,0,0,1,2022-12-30T20:12:27.9975996Z,0
5.247789,102.2608835,Daerah: Kelantan<br>No:2799<br>Hex coord:(158;64),n/a,0,0,0,0,0,0,1,2022-12-30T20:12:28.6768050Z,0
5.240009,102.2744302,Daerah: Kelantan<br>No:2800<br>Hex coord:(159;64),n/a,0,0,0,0,0,0,1,2022-12-30T20:12:29.3452497Z,0
5.247789,102.2879769,Daerah: Kelantan<br>No:2801<br>Hex coord:(160;64),n/a,0,0,0,0,0,0,1,2022-12-30T20:12:30.0177967Z,0
5.240009,102.3015236,Daerah: Kelantan<br>No:2802<br>Hex coord:(161;64),n/a,0,0,0,0,0,0,1,2022-12-30T20:12:30.6857432Z,0
5.247789,102.3150703,Daerah: Kelantan<br>No:2803<br>Hex coord:(162;64),n/a,0,0,0,0,0,0,1,2022-12-30T20:12:31.3577047Z,0
5.240009,102.328617,Daerah: Kelantan<br>No:2804<br>Hex coord:(163;64),n/a,0,0,0,0,0,0,1,2022-12-30T20:12:32.0211893Z,0
5.247789,102.3421637,Daerah: Kelantan<br>No:2805<br>Hex coord:(164;64),n/a,0,0,0,0,0,0,1,2022-12-30T20:12:32.7120052Z,0
5.240009,102.3557104,Daerah: Kelantan<br>No:2806<br>Hex coord:(165;64),n/a,0,0,0,0,0,0,1,2022-12-30T20:12:33.3934440Z,0
5.247789,102.3692571,Daerah: Kelantan<br>No:2807<br>Hex coord:(166;64),n/a,0,0,0,0,0,0,1,2022-12-30T20:12:34.0629470Z,0
5.240009,102.3828038,Daerah: Kelantan<br>No:2808<br>Hex coord:(167;64),n/a,0,0,0,0,0,0,1,2022-12-30T20:12:34.7298805Z,0
5.247789,102.3963505,Daerah: Kelantan<br>No:2809<br>Hex coord:(168;64),n/a,0,0,0,0,0,0,1,2022-12-30T20:12:35.4111931Z,0
5.240009,102.4098972,Daerah: Kelantan<br>No:2810<br>Hex coord:(169;64),n/a,0,0,0,0,0,0,1,2022-12-30T20:12:36.0802800Z,0
5.224449,101.5158147,Daerah: Kelantan<br>No:2811<br>Hex coord:(103;65),n/a,0,0,0,0,0,0,1,2022-12-30T20:12:36.7514527Z,0
5.232229,101.5293614,Daerah: Kelantan<br>No:2812<br>Hex coord:(104;65),n/a,0,0,0,0,0,0,1,2022-12-30T20:12:37.4289905Z,0
5.224449,101.5429081,Daerah: Kelantan<br>No:2813<br>Hex coord:(105;65),n/a,0,0,0,0,0,0,1,2022-12-30T20:12:38.0987418Z,0
5.232229,101.5564548,Daerah: Kelantan<br>No:2814<br>Hex coord:(106;65),n/a,0,0,0,0,0,0,1,2022-12-30T20:12:38.7684978Z,0
5.224449,101.5700015,Daerah: Kelantan<br>No:2815<br>Hex coord:(107;65),n/a,0,0,0,0,0,0,1,2022-12-30T20:12:39.4444861Z,0
5.232229,101.5835482,Daerah: Kelantan<br>No:2816<br>Hex coord:(108;65),n/a,0,0,0,0,0,0,1,2022-12-30T20:12:40.1280453Z,0
5.224449,101.5970949,Daerah: Kelantan<br>No:2817<br>Hex coord:(109;65),n/a,0,0,0,0,0,0,1,2022-12-30T20:12:40.7954763Z,0
5.232229,101.6106416,Daerah: Kelantan<br>No:2818<br>Hex coord:(110;65),n/a,0,0,0,0,0,0,1,2022-12-30T20:12:41.4666724Z,0
5.224449,101.6241883,Daerah: Kelantan<br>No:2819<br>Hex coord:(111;65),n/a,0,0,0,0,0,0,1,2022-12-30T20:12:42.1407729Z,0
5.232229,101.637735,Daerah: Kelantan<br>No:2820<br>Hex coord:(112;65),n/a,0,0,0,0,0,0,1,2022-12-30T20:12:42.8109040Z,0
5.224449,101.6512817,Daerah: Kelantan<br>No:2821<br>Hex coord:(113;65),n/a,0,0,0,0,0,0,1,2022-12-30T20:12:43.4823706Z,0
5.232229,101.6648284,Daerah: Kelantan<br>No:2822<br>Hex coord:(114;65),n/a,0,0,0,0,0,0,1,2022-12-30T20:12:44.1593992Z,0
5.224449,101.6783751,Daerah: Kelantan<br>No:2823<br>Hex coord:(115;65),n/a,0,0,0,0,0,0,1,2022-12-30T20:12:44.8332862Z,0
5.232229,101.6919218,Daerah: Kelantan<br>No:2824<br>Hex coord:(116;65),n/a,0,0,0,0,0,0,1,2022-12-30T20:12:45.5099759Z,0
5.224449,101.7054685,Daerah: Kelantan<br>No:2825<br>Hex coord:(117;65),n/a,0,0,0,0,0,0,1,2022-12-30T20:12:46.1805860Z,0
5.232229,101.7190152,Daerah: Kelantan<br>No:2826<br>Hex coord:(118;65),n/a,0,0,0,0,0,0,1,2022-12-30T20:12:46.8518396Z,0
5.224449,101.7325619,Daerah: Kelantan<br>No:2827<br>Hex coord:(119;65),n/a,0,0,0,0,0,0,1,2022-12-30T20:12:47.5192021Z,0
5.232229,101.7461086,Daerah: Kelantan<br>No:2828<br>Hex coord:(120;65),n/a,0,0,0,0,0,0,1,2022-12-30T20:12:48.1921766Z,0
5.224449,101.7596554,Daerah: Kelantan<br>No:2829<br>Hex coord:(121;65),n/a,0,0,0,0,0,0,1,2022-12-30T20:12:48.8711754Z,0
5.232229,101.7732021,Daerah: Kelantan<br>No:2830<br>Hex coord:(122;65),n/a,0,0,0,0,0,0,1,2022-12-30T20:12:49.5410687Z,0
5.224449,101.7867488,Daerah: Kelantan<br>No:2831<br>Hex coord:(123;65),n/a,0,0,0,0,0,0,1,2022-12-30T20:12:50.2346877Z,0
5.232229,101.8002955,Daerah: Kelantan<br>No:2832<br>Hex coord:(124;65),n/a,0,0,0,0,0,0,1,2022-12-30T20:12:50.9123252Z,0
5.224449,101.8138422,Daerah: Kelantan<br>No:2833<br>Hex coord:(125;65),n/a,0,0,0,0,0,0,1,2022-12-30T20:12:51.5797991Z,0
5.232229,101.8273889,Daerah: Kelantan<br>No:2834<br>Hex coord:(126;65),n/a,0,0,0,0,0,0,1,2022-12-30T20:12:52.2492233Z,0
5.224449,101.8409356,Daerah: Kelantan<br>No:2835<br>Hex coord:(127;65),n/a,0,0,0,0,0,0,1,2022-12-30T20:12:52.9309689Z,0
5.232229,101.8544823,Daerah: Kelantan<br>No:2836<br>Hex coord:(128;65),n/a,0,0,0,0,0,0,1,2022-12-30T20:12:53.6039281Z,0
5.224449,101.868029,Daerah: Kelantan<br>No:2837<br>Hex coord:(129;65),n/a,0,0,0,0,0,0,1,2022-12-30T20:12:54.2739348Z,0
5.232229,101.8815757,Daerah: Kelantan<br>No:2838<br>Hex coord:(130;65),n/a,0,0,0,0,0,0,1,2022-12-30T20:12:54.9445807Z,0
5.224449,101.8951224,Daerah: Kelantan<br>No:2839<br>Hex coord:(131;65),n/a,0,0,0,0,0,0,1,2022-12-30T20:12:55.6212411Z,0
5.232229,101.9086691,Daerah: Kelantan<br>No:2840<br>Hex coord:(132;65),n/a,0,0,0,0,0,0,1,2022-12-30T20:12:56.2932381Z,0
5.224449,101.9222158,Daerah: Kelantan<br>No:2841<br>Hex coord:(133;65),n/a,0,0,0,0,0,0,1,2022-12-30T20:12:56.9641691Z,0
5.232229,101.9357625,Daerah: Kelantan<br>No:2842<br>Hex coord:(134;65),n/a,0,0,0,0,0,0,1,2022-12-30T20:12:57.6350601Z,0
5.224449,101.9493092,Daerah: Kelantan<br>No:2843<br>Hex coord:(135;65),n/a,0,0,0,0,0,0,1,2022-12-30T20:12:58.3144470Z,0
5.232229,101.9628559,Daerah: Kelantan<br>No:2844<br>Hex coord:(136;65),n/a,0,0,0,0,0,0,1,2022-12-30T20:12:58.9885008Z,0
5.224449,101.9764026,Daerah: Kelantan<br>No:2845<br>Hex coord:(137;65),n/a,0,0,0,0,0,0,1,2022-12-30T20:12:59.6628377Z,0
5.232229,101.9899493,Daerah: Kelantan<br>No:2846<br>Hex coord:(138;65),n/a,0,0,0,0,0,0,1,2022-12-30T20:13:00.3432573Z,0
5.224449,102.003496,Daerah: Kelantan<br>No:2847<br>Hex coord:(139;65),n/a,0,0,0,0,0,0,1,2022-12-30T20:13:01.0086122Z,0
5.232229,102.0170428,Daerah: Kelantan<br>No:2848<br>Hex coord:(140;65),n/a,0,0,0,0,0,0,1,2022-12-30T20:13:01.6919075Z,0
5.224449,102.0305895,Daerah: Kelantan<br>No:2849<br>Hex coord:(141;65),n/a,0,0,0,0,0,0,1,2022-12-30T20:13:02.3574406Z,0
5.232229,102.0441362,Daerah: Kelantan<br>No:2850<br>Hex coord:(142;65),n/a,0,0,0,0,0,0,1,2022-12-30T20:13:03.0314042Z,0
5.224449,102.0576829,Daerah: Kelantan<br>No:2851<br>Hex coord:(143;65),n/a,0,0,0,0,0,0,1,2022-12-30T20:13:03.7000336Z,0
5.232229,102.0712296,Daerah: Kelantan<br>No:2852<br>Hex coord:(144;65),n/a,0,0,0,0,0,0,1,2022-12-30T20:13:04.3620305Z,0
5.224449,102.0847763,Daerah: Kelantan<br>No:2853<br>Hex coord:(145;65),n/a,0,0,0,0,0,0,1,2022-12-30T20:13:05.0294756Z,0
5.232229,102.098323,Daerah: Kelantan<br>No:2854<br>Hex coord:(146;65),n/a,0,0,0,0,0,0,1,2022-12-30T20:13:05.7029210Z,0
5.224449,102.1118697,Daerah: Kelantan<br>No:2855<br>Hex coord:(147;65),n/a,0,0,0,0,0,0,1,2022-12-30T20:13:06.3689257Z,0
5.232229,102.1254164,Daerah: Kelantan<br>No:2856<br>Hex coord:(148;65),n/a,0,0,0,0,0,0,1,2022-12-30T20:13:07.0501435Z,0
5.224449,102.1389631,Daerah: Kelantan<br>No:2857<br>Hex coord:(149;65),n/a,0,0,0,0,0,0,1,2022-12-30T20:13:07.7222811Z,0
5.232229,102.1525098,Daerah: Kelantan<br>No:2858<br>Hex coord:(150;65),n/a,0,0,0,0,0,0,1,2022-12-30T20:13:08.3891855Z,0
5.224449,102.1660565,Daerah: Kelantan<br>No:2859<br>Hex coord:(151;65),n/a,0,0,0,0,0,0,1,2022-12-30T20:13:09.0516357Z,0
5.232229,102.1796032,Daerah: Kelantan<br>No:2860<br>Hex coord:(152;65),n/a,0,0,0,0,0,0,1,2022-12-30T20:13:09.7295955Z,0
5.224449,102.1931499,Daerah: Kelantan<br>No:2861<br>Hex coord:(153;65),n/a,0,0,0,0,0,0,1,2022-12-30T20:13:10.4034840Z,0
5.232229,102.2066966,Daerah: Kelantan<br>No:2862<br>Hex coord:(154;65),n/a,0,0,0,0,0,0,1,2022-12-30T20:13:11.0740629Z,0
5.224449,102.2202433,Daerah: Kelantan<br>No:2863<br>Hex coord:(155;65),n/a,0,0,0,0,0,0,1,2022-12-30T20:13:11.7445068Z,0
5.232229,102.23379,Daerah: Kelantan<br>No:2864<br>Hex coord:(156;65),n/a,0,0,0,0,0,0,1,2022-12-30T20:13:12.4169815Z,0
5.224449,102.2473367,Daerah: Kelantan<br>No:2865<br>Hex coord:(157;65),n/a,0,0,0,0,0,0,1,2022-12-30T20:13:13.0938079Z,0
5.232229,102.2608835,Daerah: Kelantan<br>No:2866<br>Hex coord:(158;65),n/a,0,0,0,0,0,0,1,2022-12-30T20:13:13.7714597Z,0
5.224449,102.2744302,Daerah: Kelantan<br>No:2867<br>Hex coord:(159;65),n/a,0,0,0,0,0,0,1,2022-12-30T20:13:14.4377996Z,0
5.232229,102.2879769,Daerah: Kelantan<br>No:2868<br>Hex coord:(160;65),n/a,0,0,0,0,0,0,1,2022-12-30T20:13:15.1070754Z,0
5.224449,102.3015236,Daerah: Kelantan<br>No:2869<br>Hex coord:(161;65),n/a,0,0,0,0,0,0,1,2022-12-30T20:13:15.7766621Z,0
5.232229,102.3150703,Daerah: Kelantan<br>No:2870<br>Hex coord:(162;65),n/a,0,0,0,0,0,0,1,2022-12-30T20:13:16.4469609Z,0
5.224449,102.328617,Daerah: Kelantan<br>No:2871<br>Hex coord:(163;65),n/a,0,0,0,0,0,0,1,2022-12-30T20:13:17.1341423Z,0
5.232229,102.3421637,Daerah: Kelantan<br>No:2872<br>Hex coord:(164;65),n/a,0,0,0,0,0,0,1,2022-12-30T20:13:17.8695518Z,0
5.224449,102.3557104,Daerah: Kelantan<br>No:2873<br>Hex coord:(165;65),n/a,0,0,0,0,0,0,1,2022-12-30T20:13:18.5353273Z,0
5.232229,102.3692571,Daerah: Kelantan<br>No:2874<br>Hex coord:(166;65),n/a,0,0,0,0,0,0,1,2022-12-30T20:13:19.2115825Z,0
5.224449,102.3828038,Daerah: Kelantan<br>No:2875<br>Hex coord:(167;65),n/a,0,0,0,0,0,0,1,2022-12-30T20:13:19.8946834Z,0
5.232229,102.3963505,Daerah: Kelantan<br>No:2876<br>Hex coord:(168;65),n/a,0,0,0,0,0,0,1,2022-12-30T20:13:20.5641352Z,0
5.224449,102.4098972,Daerah: Kelantan<br>No:2877<br>Hex coord:(169;65),n/a,0,0,0,0,0,0,1,2022-12-30T20:13:21.2360244Z,0
5.208889,101.5158147,Daerah: Kelantan<br>No:2878<br>Hex coord:(103;66),n/a,0,0,0,0,0,0,1,2022-12-30T20:13:21.9080748Z,0
5.216669,101.5293614,Daerah: Kelantan<br>No:2879<br>Hex coord:(104;66),n/a,0,0,0,0,0,0,1,2022-12-30T20:13:22.5806388Z,0
5.208889,101.5429081,Daerah: Kelantan<br>No:2880<br>Hex coord:(105;66),n/a,0,0,0,0,0,0,1,2022-12-30T20:13:23.2474825Z,0
5.216669,101.5564548,Daerah: Kelantan<br>No:2881<br>Hex coord:(106;66),n/a,0,0,0,0,0,0,1,2022-12-30T20:13:23.9485112Z,0
5.208889,101.5700015,Daerah: Kelantan<br>No:2882<br>Hex coord:(107;66),n/a,0,0,0,0,0,0,1,2022-12-30T20:13:24.6183046Z,0
5.216669,101.5835482,Daerah: Kelantan<br>No:2883<br>Hex coord:(108;66),n/a,0,0,0,0,0,0,1,2022-12-30T20:13:25.2910623Z,0
5.208889,101.5970949,Daerah: Kelantan<br>No:2884<br>Hex coord:(109;66),n/a,0,0,0,0,0,0,1,2022-12-30T20:13:25.9734377Z,0
5.216669,101.6106416,Daerah: Kelantan<br>No:2885<br>Hex coord:(110;66),n/a,0,0,0,0,0,0,1,2022-12-30T20:13:26.6472954Z,0
5.208889,101.6241883,Daerah: Kelantan<br>No:2886<br>Hex coord:(111;66),n/a,0,0,0,0,0,0,1,2022-12-30T20:13:27.3217071Z,0
5.216669,101.637735,Daerah: Kelantan<br>No:2887<br>Hex coord:(112;66),n/a,0,0,0,0,0,0,1,2022-12-30T20:13:27.9879964Z,0
5.208889,101.6512817,Daerah: Kelantan<br>No:2888<br>Hex coord:(113;66),n/a,0,0,0,0,0,0,1,2022-12-30T20:13:28.6622545Z,0
5.216669,101.6648284,Daerah: Kelantan<br>No:2889<br>Hex coord:(114;66),n/a,0,0,0,0,0,0,1,2022-12-30T20:13:29.3404612Z,0
5.208889,101.6783751,Daerah: Kelantan<br>No:2890<br>Hex coord:(115;66),n/a,0,0,0,0,0,0,1,2022-12-30T20:13:30.0153497Z,0
5.216669,101.6919218,Daerah: Kelantan<br>No:2891<br>Hex coord:(116;66),n/a,0,0,0,0,0,0,1,2022-12-30T20:13:30.6854067Z,0
5.208889,101.7054685,Daerah: Kelantan<br>No:2892<br>Hex coord:(117;66),n/a,0,0,0,0,0,0,1,2022-12-30T20:13:31.3626876Z,0
5.216669,101.7190152,Daerah: Kelantan<br>No:2893<br>Hex coord:(118;66),n/a,0,0,0,0,0,0,1,2022-12-30T20:13:32.0354162Z,0
5.208889,101.7325619,Daerah: Kelantan<br>No:2894<br>Hex coord:(119;66),n/a,0,0,0,0,0,0,1,2022-12-30T20:13:32.7095956Z,0
5.216669,101.7461086,Daerah: Kelantan<br>No:2895<br>Hex coord:(120;66),n/a,0,0,0,0,0,0,1,2022-12-30T20:13:33.3887557Z,0
5.208889,101.7596554,Daerah: Kelantan<br>No:2896<br>Hex coord:(121;66),n/a,0,0,0,0,0,0,1,2022-12-30T20:13:34.0596847Z,0
5.216669,101.7732021,Daerah: Kelantan<br>No:2897<br>Hex coord:(122;66),n/a,0,0,0,0,0,0,1,2022-12-30T20:13:34.7223129Z,0
5.208889,101.7867488,Daerah: Kelantan<br>No:2898<br>Hex coord:(123;66),n/a,0,0,0,0,0,0,1,2022-12-30T20:13:35.3952920Z,0
5.216669,101.8002955,Daerah: Kelantan<br>No:2899<br>Hex coord:(124;66),n/a,0,0,0,0,0,0,1,2022-12-30T20:13:36.0593973Z,0
5.208889,101.8138422,Daerah: Kelantan<br>No:2900<br>Hex coord:(125;66),n/a,0,0,0,0,0,0,1,2022-12-30T20:13:36.7302662Z,0
5.216669,101.8273889,Daerah: Kelantan<br>No:2901<br>Hex coord:(126;66),n/a,0,0,0,0,0,0,1,2022-12-30T20:13:37.4137549Z,0
5.208889,101.8409356,Daerah: Kelantan<br>No:2902<br>Hex coord:(127;66),n/a,0,0,0,0,0,0,1,2022-12-30T20:13:38.0798403Z,0
5.216669,101.8544823,Daerah: Kelantan<br>No:2903<br>Hex coord:(128;66),n/a,0,0,0,0,0,0,1,2022-12-30T20:13:38.7494450Z,0
5.208889,101.868029,Daerah: Kelantan<br>No:2904<br>Hex coord:(129;66),n/a,0,0,0,0,0,0,1,2022-12-30T20:13:39.4172132Z,0
5.216669,101.8815757,Daerah: Kelantan<br>No:2905<br>Hex coord:(130;66),n/a,0,0,0,0,0,0,1,2022-12-30T20:13:40.0992280Z,0
5.208889,101.8951224,Daerah: Kelantan<br>No:2906<br>Hex coord:(131;66),n/a,0,0,0,0,0,0,1,2022-12-30T20:13:40.7732566Z,0
5.216669,101.9086691,Daerah: Kelantan<br>No:2907<br>Hex coord:(132;66),n/a,0,0,0,0,0,0,1,2022-12-30T20:13:41.4628531Z,0
5.208889,101.9222158,Daerah: Kelantan<br>No:2908<br>Hex coord:(133;66),n/a,0,0,0,0,0,0,1,2022-12-30T20:13:42.1367189Z,0
5.216669,101.9357625,Daerah: Kelantan<br>No:2909<br>Hex coord:(134;66),n/a,0,0,0,0,0,0,1,2022-12-30T20:13:42.8088728Z,0
5.208889,101.9493092,Daerah: Kelantan<br>No:2910<br>Hex coord:(135;66),n/a,0,0,0,0,0,0,1,2022-12-30T20:13:43.4917207Z,0
5.216669,101.9628559,Daerah: Kelantan<br>No:2911<br>Hex coord:(136;66),n/a,0,0,0,0,0,0,1,2022-12-30T20:13:44.1686238Z,0
5.208889,101.9764026,Daerah: Kelantan<br>No:2912<br>Hex coord:(137;66),n/a,0,0,0,0,0,0,1,2022-12-30T20:13:44.8453429Z,0
5.216669,101.9899493,Daerah: Kelantan<br>No:2913<br>Hex coord:(138;66),n/a,0,0,0,0,0,0,1,2022-12-30T20:13:45.5181371Z,0
5.208889,102.003496,Daerah: Kelantan<br>No:2914<br>Hex coord:(139;66),n/a,0,0,0,0,0,0,1,2022-12-30T20:13:46.1900954Z,0
5.216669,102.0170428,Daerah: Kelantan<br>No:2915<br>Hex coord:(140;66),n/a,0,0,0,0,0,0,1,2022-12-30T20:13:46.8559640Z,0
5.208889,102.0305895,Daerah: Kelantan<br>No:2916<br>Hex coord:(141;66),n/a,0,0,0,0,0,0,1,2022-12-30T20:13:47.5304385Z,0
5.216669,102.0441362,Daerah: Kelantan<br>No:2917<br>Hex coord:(142;66),n/a,0,0,0,0,0,0,1,2022-12-30T20:13:48.2120046Z,0
5.208889,102.0576829,Daerah: Kelantan<br>No:2918<br>Hex coord:(143;66),n/a,0,0,0,0,0,0,1,2022-12-30T20:13:48.8879533Z,0
5.216669,102.0712296,Daerah: Kelantan<br>No:2919<br>Hex coord:(144;66),n/a,0,0,0,0,0,0,1,2022-12-30T20:13:49.5524055Z,0
5.208889,102.0847763,Daerah: Kelantan<br>No:2920<br>Hex coord:(145;66),n/a,0,0,0,0,0,0,1,2022-12-30T20:13:50.2285828Z,0
5.216669,102.098323,Daerah: Kelantan<br>No:2921<br>Hex coord:(146;66),n/a,0,0,0,0,0,0,1,2022-12-30T20:13:50.9059149Z,0
5.208889,102.1118697,Daerah: Kelantan<br>No:2922<br>Hex coord:(147;66),n/a,0,0,0,0,0,0,1,2022-12-30T20:13:51.5818420Z,0
5.216669,102.1254164,Daerah: Kelantan<br>No:2923<br>Hex coord:(148;66),n/a,0,0,0,0,0,0,1,2022-12-30T20:13:52.2524004Z,0
5.208889,102.1389631,Daerah: Kelantan<br>No:2924<br>Hex coord:(149;66),n/a,0,0,0,0,0,0,1,2022-12-30T20:13:52.9174736Z,0
5.216669,102.1525098,Daerah: Kelantan<br>No:2925<br>Hex coord:(150;66),n/a,0,0,0,0,0,0,1,2022-12-30T20:13:53.5869964Z,0
5.208889,102.1660565,Daerah: Kelantan<br>No:2926<br>Hex coord:(151;66),n/a,0,0,0,0,0,0,1,2022-12-30T20:13:54.2611393Z,0
5.216669,102.1796032,Daerah: Kelantan<br>No:2927<br>Hex coord:(152;66),n/a,0,0,0,0,0,0,1,2022-12-30T20:13:54.9406544Z,0
5.208889,102.1931499,Daerah: Kelantan<br>No:2928<br>Hex coord:(153;66),n/a,0,0,0,0,0,0,1,2022-12-30T20:13:55.6005839Z,0
5.216669,102.2066966,Daerah: Kelantan<br>No:2929<br>Hex coord:(154;66),n/a,0,0,0,0,0,0,1,2022-12-30T20:13:56.2731753Z,0
5.208889,102.2202433,Daerah: Kelantan<br>No:2930<br>Hex coord:(155;66),n/a,0,0,0,0,0,0,1,2022-12-30T20:13:56.9544794Z,0
5.216669,102.23379,Daerah: Kelantan<br>No:2931<br>Hex coord:(156;66),n/a,0,0,0,0,0,0,1,2022-12-30T20:13:57.6347164Z,0
5.208889,102.2473367,Daerah: Kelantan<br>No:2932<br>Hex coord:(157;66),n/a,0,0,0,0,0,0,1,2022-12-30T20:13:58.3007321Z,0
5.216669,102.2608835,Daerah: Kelantan<br>No:2933<br>Hex coord:(158;66),n/a,0,0,0,0,0,0,1,2022-12-30T20:13:58.9699809Z,0
5.208889,102.2744302,Daerah: Kelantan<br>No:2934<br>Hex coord:(159;66),n/a,0,0,0,0,0,0,1,2022-12-30T20:13:59.6439424Z,0
5.216669,102.2879769,Daerah: Kelantan<br>No:2935<br>Hex coord:(160;66),n/a,0,0,0,0,0,0,1,2022-12-30T20:14:00.3156399Z,0
5.208889,102.3015236,Daerah: Kelantan<br>No:2936<br>Hex coord:(161;66),n/a,0,0,0,0,0,0,1,2022-12-30T20:14:00.9828694Z,0
5.216669,102.3150703,Daerah: Kelantan<br>No:2937<br>Hex coord:(162;66),n/a,0,0,0,0,0,0,1,2022-12-30T20:14:01.6592254Z,0
5.208889,102.328617,Daerah: Kelantan<br>No:2938<br>Hex coord:(163;66),n/a,0,0,0,0,0,0,1,2022-12-30T20:14:02.3282999Z,0
5.216669,102.3421637,Daerah: Kelantan<br>No:2939<br>Hex coord:(164;66),n/a,0,0,0,0,0,0,1,2022-12-30T20:14:03.0007058Z,0
5.208889,102.3557104,Daerah: Kelantan<br>No:2940<br>Hex coord:(165;66),n/a,0,0,0,0,0,0,1,2022-12-30T20:14:03.6764777Z,0
5.216669,102.3692571,Daerah: Kelantan<br>No:2941<br>Hex coord:(166;66),n/a,0,0,0,0,0,0,1,2022-12-30T20:14:04.3366940Z,0
5.208889,102.3828038,Daerah: Kelantan<br>No:2942<br>Hex coord:(167;66),n/a,0,0,0,0,0,0,1,2022-12-30T20:14:05.0814360Z,0
5.216669,102.3963505,Daerah: Kelantan<br>No:2943<br>Hex coord:(168;66),n/a,0,0,0,0,0,0,1,2022-12-30T20:14:05.7551747Z,0
5.208889,102.4098972,Daerah: Kelantan<br>No:2944<br>Hex coord:(169;66),n/a,0,0,0,0,0,0,1,2022-12-30T20:14:06.4257778Z,0
5.193329,101.5158147,Daerah: Kelantan<br>No:2945<br>Hex coord:(103;67),n/a,0,0,0,0,0,0,1,2022-12-30T20:14:07.0924702Z,0
5.201109,101.5293614,Daerah: Kelantan<br>No:2946<br>Hex coord:(104;67),n/a,0,0,0,0,0,0,1,2022-12-30T20:14:07.7634339Z,0
5.193329,101.5429081,Daerah: Kelantan<br>No:2947<br>Hex coord:(105;67),n/a,0,0,0,0,0,0,1,2022-12-30T20:14:08.4368404Z,0
5.201109,101.5564548,Daerah: Kelantan<br>No:2948<br>Hex coord:(106;67),n/a,0,0,0,0,0,0,1,2022-12-30T20:14:09.1052686Z,0
5.193329,101.5700015,Daerah: Kelantan<br>No:2949<br>Hex coord:(107;67),n/a,0,0,0,0,0,0,1,2022-12-30T20:14:09.7970906Z,0
5.201109,101.5835482,Daerah: Kelantan<br>No:2950<br>Hex coord:(108;67),n/a,0,0,0,0,0,0,1,2022-12-30T20:14:10.4752784Z,0
5.193329,101.5970949,Daerah: Kelantan<br>No:2951<br>Hex coord:(109;67),n/a,0,0,0,0,0,0,1,2022-12-30T20:14:11.1417954Z,0
5.201109,101.6106416,Daerah: Kelantan<br>No:2952<br>Hex coord:(110;67),n/a,0,0,0,0,0,0,1,2022-12-30T20:14:11.8202821Z,0
5.193329,101.6241883,Daerah: Kelantan<br>No:2953<br>Hex coord:(111;67),n/a,0,0,0,0,0,0,1,2022-12-30T20:14:12.4954210Z,0
5.201109,101.637735,Daerah: Kelantan<br>No:2954<br>Hex coord:(112;67),n/a,0,0,0,0,0,0,1,2022-12-30T20:14:13.1720341Z,0
5.193329,101.6512817,Daerah: Kelantan<br>No:2955<br>Hex coord:(113;67),n/a,0,0,0,0,0,0,1,2022-12-30T20:14:13.8381739Z,0
5.201109,101.6648284,Daerah: Kelantan<br>No:2956<br>Hex coord:(114;67),n/a,0,0,0,0,0,0,1,2022-12-30T20:14:14.5035390Z,0
5.193329,101.6783751,Daerah: Kelantan<br>No:2957<br>Hex coord:(115;67),n/a,0,0,0,0,0,0,1,2022-12-30T20:14:15.1793819Z,0
5.201109,101.6919218,Daerah: Kelantan<br>No:2958<br>Hex coord:(116;67),n/a,0,0,0,0,0,0,1,2022-12-30T20:14:15.8587175Z,0
5.193329,101.7054685,Daerah: Kelantan<br>No:2959<br>Hex coord:(117;67),n/a,0,0,0,0,0,0,1,2022-12-30T20:14:16.5239147Z,0
5.201109,101.7190152,Daerah: Kelantan<br>No:2960<br>Hex coord:(118;67),n/a,0,0,0,0,0,0,1,2022-12-30T20:14:17.1946873Z,0
5.193329,101.7325619,Daerah: Kelantan<br>No:2961<br>Hex coord:(119;67),n/a,0,0,0,0,0,0,1,2022-12-30T20:14:17.8655915Z,0
5.201109,101.7461086,Daerah: Kelantan<br>No:2962<br>Hex coord:(120;67),n/a,0,0,0,0,0,0,1,2022-12-30T20:14:18.5339249Z,0
5.193329,101.7596554,Daerah: Kelantan<br>No:2963<br>Hex coord:(121;67),n/a,0,0,0,0,0,0,1,2022-12-30T20:14:19.2064416Z,0
5.201109,101.7732021,Daerah: Kelantan<br>No:2964<br>Hex coord:(122;67),n/a,0,0,0,0,0,0,1,2022-12-30T20:14:19.8777852Z,0
5.193329,101.7867488,Daerah: Kelantan<br>No:2965<br>Hex coord:(123;67),n/a,0,0,0,0,0,0,1,2022-12-30T20:14:20.5478709Z,0
5.201109,101.8002955,Daerah: Kelantan<br>No:2966<br>Hex coord:(124;67),n/a,0,0,0,0,0,0,1,2022-12-30T20:14:21.2182715Z,0
5.193329,101.8138422,Daerah: Kelantan<br>No:2967<br>Hex coord:(125;67),n/a,0,0,0,0,0,0,1,2022-12-30T20:14:21.8855262Z,0
5.201109,101.8273889,Daerah: Kelantan<br>No:2968<br>Hex coord:(126;67),n/a,0,0,0,0,0,0,1,2022-12-30T20:14:22.5675911Z,0
5.193329,101.8409356,Daerah: Kelantan<br>No:2969<br>Hex coord:(127;67),n/a,0,0,0,0,0,0,1,2022-12-30T20:14:23.2460878Z,0
5.201109,101.8544823,Daerah: Kelantan<br>No:2970<br>Hex coord:(128;67),n/a,0,0,0,0,0,0,1,2022-12-30T20:14:23.9264281Z,0
5.193329,101.868029,Daerah: Kelantan<br>No:2971<br>Hex coord:(129;67),n/a,0,0,0,0,0,0,1,2022-12-30T20:14:24.5994187Z,0
5.201109,101.8815757,Daerah: Kelantan<br>No:2972<br>Hex coord:(130;67),n/a,0,0,0,0,0,0,1,2022-12-30T20:14:25.2661898Z,0
5.193329,101.8951224,Daerah: Kelantan<br>No:2973<br>Hex coord:(131;67),n/a,0,0,0,0,0,0,1,2022-12-30T20:14:25.9343982Z,0
5.201109,101.9086691,Daerah: Kelantan<br>No:2974<br>Hex coord:(132;67),n/a,0,0,0,0,0,0,1,2022-12-30T20:14:26.6220296Z,0
5.193329,101.9222158,Daerah: Kelantan<br>No:2975<br>Hex coord:(133;67),n/a,0,0,0,0,0,0,1,2022-12-30T20:14:27.2984092Z,0
5.201109,101.9357625,Daerah: Kelantan<br>No:2976<br>Hex coord:(134;67),n/a,0,0,0,0,0,0,1,2022-12-30T20:14:27.9581820Z,0
5.193329,101.9493092,Daerah: Kelantan<br>No:2977<br>Hex coord:(135;67),n/a,0,0,0,0,0,0,1,2022-12-30T20:14:28.6372539Z,0
5.201109,101.9628559,Daerah: Kelantan<br>No:2978<br>Hex coord:(136;67),n/a,0,0,0,0,0,0,1,2022-12-30T20:14:29.3087951Z,0
5.193329,101.9764026,Daerah: Kelantan<br>No:2979<br>Hex coord:(137;67),n/a,0,0,0,0,0,0,1,2022-12-30T20:14:29.9933010Z,0
5.201109,101.9899493,Daerah: Kelantan<br>No:2980<br>Hex coord:(138;67),n/a,0,0,0,0,0,0,1,2022-12-30T20:14:30.6600833Z,0
5.193329,102.003496,Daerah: Kelantan<br>No:2981<br>Hex coord:(139;67),n/a,0,0,0,0,0,0,1,2022-12-30T20:14:31.3368525Z,0
5.201109,102.0170428,Daerah: Kelantan<br>No:2982<br>Hex coord:(140;67),n/a,0,0,0,0,0,0,1,2022-12-30T20:14:32.0044829Z,0
5.193329,102.0305895,Daerah: Kelantan<br>No:2983<br>Hex coord:(141;67),n/a,0,0,0,0,0,0,1,2022-12-30T20:14:32.6730241Z,0
5.201109,102.0441362,Daerah: Kelantan<br>No:2984<br>Hex coord:(142;67),n/a,0,0,0,0,0,0,1,2022-12-30T20:14:33.3529169Z,0
5.193329,102.0576829,Daerah: Kelantan<br>No:2985<br>Hex coord:(143;67),n/a,0,0,0,0,0,0,1,2022-12-30T20:14:34.0359851Z,0
5.201109,102.0712296,Daerah: Kelantan<br>No:2986<br>Hex coord:(144;67),n/a,0,0,0,0,0,0,1,2022-12-30T20:14:34.7149838Z,0
5.193329,102.0847763,Daerah: Kelantan<br>No:2987<br>Hex coord:(145;67),n/a,0,0,0,0,0,0,1,2022-12-30T20:14:35.3885090Z,0
5.201109,102.098323,Daerah: Kelantan<br>No:2988<br>Hex coord:(146;67),n/a,0,0,0,0,0,0,1,2022-12-30T20:14:36.0797127Z,0
5.193329,102.1118697,Daerah: Kelantan<br>No:2989<br>Hex coord:(147;67),n/a,0,0,0,0,0,0,1,2022-12-30T20:14:36.7506568Z,0
5.201109,102.1254164,Daerah: Kelantan<br>No:2990<br>Hex coord:(148;67),n/a,0,0,0,0,0,0,1,2022-12-30T20:14:37.4270222Z,0
5.193329,102.1389631,Daerah: Kelantan<br>No:2991<br>Hex coord:(149;67),n/a,0,0,0,0,0,0,1,2022-12-30T20:14:38.0992539Z,0
5.201109,102.1525098,Daerah: Kelantan<br>No:2992<br>Hex coord:(150;67),n/a,0,0,0,0,0,0,1,2022-12-30T20:14:38.7794121Z,0
5.193329,102.1660565,Daerah: Kelantan<br>No:2993<br>Hex coord:(151;67),n/a,0,0,0,0,0,0,1,2022-12-30T20:14:39.4550586Z,0
5.201109,102.1796032,Daerah: Kelantan<br>No:2994<br>Hex coord:(152;67),n/a,0,0,0,0,0,0,1,2022-12-30T20:14:40.1352081Z,0
5.193329,102.1931499,Daerah: Kelantan<br>No:2995<br>Hex coord:(153;67),n/a,0,0,0,0,0,0,1,2022-12-30T20:14:40.8073494Z,0
5.201109,102.2066966,Daerah: Kelantan<br>No:2996<br>Hex coord:(154;67),n/a,0,0,0,0,0,0,1,2022-12-30T20:14:41.4997538Z,0
5.193329,102.2202433,Daerah: Kelantan<br>No:2997<br>Hex coord:(155;67),n/a,0,0,0,0,0,0,1,2022-12-30T20:14:42.2017664Z,0
5.201109,102.23379,Daerah: Kelantan<br>No:2998<br>Hex coord:(156;67),n/a,0,0,0,0,0,0,1,2022-12-30T20:14:42.8720026Z,0
5.193329,102.2473367,Daerah: Kelantan<br>No:2999<br>Hex coord:(157;67),n/a,0,0,0,0,0,0,1,2022-12-30T20:14:43.5489175Z,0
5.201109,102.2608835,Daerah: Kelantan<br>No:3000<br>Hex coord:(158;67),n/a,0,0,0,0,0,0,1,2022-12-30T20:14:44.2173702Z,0
5.193329,102.2744302,Daerah: Kelantan<br>No:3001<br>Hex coord:(159;67),n/a,0,0,0,0,0,0,1,2022-12-30T20:14:45.1196588Z,0
5.201109,102.2879769,Daerah: Kelantan<br>No:3002<br>Hex coord:(160;67),n/a,0,0,0,0,0,0,1,2022-12-30T20:14:45.8043382Z,0
5.193329,102.3015236,Daerah: Kelantan<br>No:3003<br>Hex coord:(161;67),n/a,0,0,0,0,0,0,1,2022-12-30T20:14:46.4852584Z,0
5.201109,102.3150703,Daerah: Kelantan<br>No:3004<br>Hex coord:(162;67),n/a,0,0,0,0,0,0,1,2022-12-30T20:14:47.1652749Z,0
5.193329,102.328617,Daerah: Kelantan<br>No:3005<br>Hex coord:(163;67),n/a,0,0,0,0,0,0,1,2022-12-30T20:14:47.8314418Z,0
5.201109,102.3421637,Daerah: Kelantan<br>No:3006<br>Hex coord:(164;67),n/a,0,0,0,0,0,0,1,2022-12-30T20:14:48.5090035Z,0
5.193329,102.3557104,Daerah: Kelantan<br>No:3007<br>Hex coord:(165;67),n/a,0,0,0,0,0,0,1,2022-12-30T20:14:49.1762604Z,0
5.201109,102.3692571,Daerah: Kelantan<br>No:3008<br>Hex coord:(166;67),n/a,0,0,0,0,0,0,1,2022-12-30T20:14:49.8483562Z,0
5.193329,102.3828038,Daerah: Kelantan<br>No:3009<br>Hex coord:(167;67),n/a,0,0,0,0,0,0,1,2022-12-30T20:14:50.5318993Z,0
5.201109,102.3963505,Daerah: Kelantan<br>No:3010<br>Hex coord:(168;67),n/a,0,0,0,0,0,0,1,2022-12-30T20:14:51.1979111Z,0
5.193329,102.4098972,Daerah: Kelantan<br>No:3011<br>Hex coord:(169;67),n/a,0,0,0,0,0,0,1,2022-12-30T20:14:51.8691727Z,0
5.177769,101.4887212,Daerah: Kelantan<br>No:3012<br>Hex coord:(101;68),n/a,0,0,0,0,0,0,1,2022-12-30T20:14:52.5520061Z,0
5.185549,101.502268,Daerah: Kelantan<br>No:3013<br>Hex coord:(102;68),n/a,0,0,0,0,0,0,1,2022-12-30T20:14:53.2183116Z,0
5.177769,101.5158147,Daerah: Kelantan<br>No:3014<br>Hex coord:(103;68),n/a,0,0,0,0,0,0,1,2022-12-30T20:14:53.8902358Z,0
5.185549,101.5293614,Daerah: Kelantan<br>No:3015<br>Hex coord:(104;68),n/a,0,0,0,0,0,0,1,2022-12-30T20:14:54.5663479Z,0
5.177769,101.5429081,Daerah: Kelantan<br>No:3016<br>Hex coord:(105;68),n/a,0,0,0,0,0,0,1,2022-12-30T20:14:55.2445450Z,0
5.185549,101.5564548,Daerah: Kelantan<br>No:3017<br>Hex coord:(106;68),n/a,0,0,0,0,0,0,1,2022-12-30T20:14:55.9381285Z,0
5.177769,101.5700015,Daerah: Kelantan<br>No:3018<br>Hex coord:(107;68),n/a,0,0,0,0,0,0,1,2022-12-30T20:14:56.6110548Z,0
5.185549,101.5835482,Daerah: Kelantan<br>No:3019<br>Hex coord:(108;68),n/a,0,0,0,0,0,0,1,2022-12-30T20:14:57.2889642Z,0
5.177769,101.5970949,Daerah: Kelantan<br>No:3020<br>Hex coord:(109;68),n/a,0,0,0,0,0,0,1,2022-12-30T20:14:57.9537567Z,0
5.185549,101.6106416,Daerah: Kelantan<br>No:3021<br>Hex coord:(110;68),n/a,0,0,0,0,0,0,1,2022-12-30T20:14:58.6207237Z,0
5.177769,101.6241883,Daerah: Kelantan<br>No:3022<br>Hex coord:(111;68),n/a,0,0,0,0,0,0,1,2022-12-30T20:14:59.2942433Z,0
5.185549,101.637735,Daerah: Kelantan<br>No:3023<br>Hex coord:(112;68),n/a,0,0,0,0,0,0,1,2022-12-30T20:14:59.9744063Z,0
5.177769,101.6512817,Daerah: Kelantan<br>No:3024<br>Hex coord:(113;68),n/a,0,0,0,0,0,0,1,2022-12-30T20:15:00.6490478Z,0
5.185549,101.6648284,Daerah: Kelantan<br>No:3025<br>Hex coord:(114;68),n/a,0,0,0,0,0,0,1,2022-12-30T20:15:01.3314926Z,0
5.177769,101.6783751,Daerah: Kelantan<br>No:3026<br>Hex coord:(115;68),n/a,0,0,0,0,0,0,1,2022-12-30T20:15:02.0017582Z,0
5.185549,101.6919218,Daerah: Kelantan<br>No:3027<br>Hex coord:(116;68),n/a,0,0,0,0,0,0,1,2022-12-30T20:15:02.6675493Z,0
5.177769,101.7054685,Daerah: Kelantan<br>No:3028<br>Hex coord:(117;68),n/a,0,0,0,0,0,0,1,2022-12-30T20:15:03.3500412Z,0
5.185549,101.7190152,Daerah: Kelantan<br>No:3029<br>Hex coord:(118;68),n/a,0,0,0,0,0,0,1,2022-12-30T20:15:04.0200980Z,0
5.177769,101.7325619,Daerah: Kelantan<br>No:3030<br>Hex coord:(119;68),n/a,0,0,0,0,0,0,1,2022-12-30T20:15:04.6881532Z,0
5.185549,101.7461086,Daerah: Kelantan<br>No:3031<br>Hex coord:(120;68),n/a,0,0,0,0,0,0,1,2022-12-30T20:15:05.3630071Z,0
5.177769,101.7596554,Daerah: Kelantan<br>No:3032<br>Hex coord:(121;68),n/a,0,0,0,0,0,0,1,2022-12-30T20:15:06.0363509Z,0
5.185549,101.7732021,Daerah: Kelantan<br>No:3033<br>Hex coord:(122;68),n/a,0,0,0,0,0,0,1,2022-12-30T20:15:06.7010059Z,0
5.177769,101.7867488,Daerah: Kelantan<br>No:3034<br>Hex coord:(123;68),n/a,0,0,0,0,0,0,1,2022-12-30T20:15:07.3754247Z,0
5.185549,101.8002955,Daerah: Kelantan<br>No:3035<br>Hex coord:(124;68),n/a,0,0,0,0,0,0,1,2022-12-30T20:15:08.0510961Z,0
5.177769,101.8138422,Daerah: Kelantan<br>No:3036<br>Hex coord:(125;68),n/a,0,0,0,0,0,0,1,2022-12-30T20:15:08.7204509Z,0
5.185549,101.8273889,Daerah: Kelantan<br>No:3037<br>Hex coord:(126;68),n/a,0,0,0,0,0,0,1,2022-12-30T20:15:09.4008735Z,0
5.177769,101.8409356,Daerah: Kelantan<br>No:3038<br>Hex coord:(127;68),n/a,0,0,0,0,0,0,1,2022-12-30T20:15:10.0718457Z,0
5.185549,101.8544823,Daerah: Kelantan<br>No:3039<br>Hex coord:(128;68),n/a,0,0,0,0,0,0,1,2022-12-30T20:15:10.7401789Z,0
5.177769,101.868029,Daerah: Kelantan<br>No:3040<br>Hex coord:(129;68),n/a,0,0,0,0,0,0,1,2022-12-30T20:15:11.4128395Z,0
5.185549,101.8815757,Daerah: Kelantan<br>No:3041<br>Hex coord:(130;68),n/a,0,0,0,0,0,0,1,2022-12-30T20:15:12.0985032Z,0
5.177769,101.8951224,Daerah: Kelantan<br>No:3042<br>Hex coord:(131;68),n/a,0,0,0,0,0,0,1,2022-12-30T20:15:12.7731073Z,0
5.185549,101.9086691,Daerah: Kelantan<br>No:3043<br>Hex coord:(132;68),n/a,0,0,0,0,0,0,1,2022-12-30T20:15:13.4411243Z,0
5.177769,101.9222158,Daerah: Kelantan<br>No:3044<br>Hex coord:(133;68),n/a,0,0,0,0,0,0,1,2022-12-30T20:15:14.1122379Z,0
5.185549,101.9357625,Daerah: Kelantan<br>No:3045<br>Hex coord:(134;68),n/a,0,0,0,0,0,0,1,2022-12-30T20:15:14.7897128Z,0
5.177769,101.9493092,Daerah: Kelantan<br>No:3046<br>Hex coord:(135;68),n/a,0,0,0,0,0,0,1,2022-12-30T20:15:15.4625696Z,0
5.185549,101.9628559,Daerah: Kelantan<br>No:3047<br>Hex coord:(136;68),n/a,0,0,0,0,0,0,1,2022-12-30T20:15:16.1311607Z,0
5.177769,101.9764026,Daerah: Kelantan<br>No:3048<br>Hex coord:(137;68),n/a,0,0,0,0,0,0,1,2022-12-30T20:15:16.8047686Z,0
5.185549,101.9899493,Daerah: Kelantan<br>No:3049<br>Hex coord:(138;68),n/a,0,0,0,0,0,0,1,2022-12-30T20:15:17.4757560Z,0
5.177769,102.003496,Daerah: Kelantan<br>No:3050<br>Hex coord:(139;68),n/a,0,0,0,0,0,0,1,2022-12-30T20:15:18.1488196Z,0
5.185549,102.0170428,Daerah: Kelantan<br>No:3051<br>Hex coord:(140;68),n/a,0,0,0,0,0,0,1,2022-12-30T20:15:18.8326696Z,0
5.177769,102.0305895,Daerah: Kelantan<br>No:3052<br>Hex coord:(141;68),n/a,0,0,0,0,0,0,1,2022-12-30T20:15:19.5003047Z,0
5.185549,102.0441362,Daerah: Kelantan<br>No:3053<br>Hex coord:(142;68),n/a,0,0,0,0,0,0,1,2022-12-30T20:15:20.1685124Z,0
5.177769,102.0576829,Daerah: Kelantan<br>No:3054<br>Hex coord:(143;68),n/a,0,0,0,0,0,0,1,2022-12-30T20:15:20.8502954Z,0
5.185549,102.0712296,Daerah: Kelantan<br>No:3055<br>Hex coord:(144;68),n/a,0,0,0,0,0,0,1,2022-12-30T20:15:21.5223968Z,0
5.177769,102.0847763,Daerah: Kelantan<br>No:3056<br>Hex coord:(145;68),n/a,0,0,0,0,0,0,1,2022-12-30T20:15:22.1916978Z,0
5.185549,102.098323,Daerah: Kelantan<br>No:3057<br>Hex coord:(146;68),n/a,0,0,0,0,0,0,1,2022-12-30T20:15:22.8591126Z,0
5.177769,102.1118697,Daerah: Kelantan<br>No:3058<br>Hex coord:(147;68),n/a,0,0,0,0,0,0,1,2022-12-30T20:15:23.5389360Z,0
5.185549,102.1254164,Daerah: Kelantan<br>No:3059<br>Hex coord:(148;68),n/a,0,0,0,0,0,0,1,2022-12-30T20:15:24.2167315Z,0
5.177769,102.1389631,Daerah: Kelantan<br>No:3060<br>Hex coord:(149;68),n/a,0,0,0,0,0,0,1,2022-12-30T20:15:24.8871437Z,0
5.185549,102.1525098,Daerah: Kelantan<br>No:3061<br>Hex coord:(150;68),n/a,0,0,0,0,0,0,1,2022-12-30T20:15:25.5685222Z,0
5.177769,102.1660565,Daerah: Kelantan<br>No:3062<br>Hex coord:(151;68),n/a,0,0,0,0,0,0,1,2022-12-30T20:15:26.2490256Z,0
5.185549,102.1796032,Daerah: Kelantan<br>No:3063<br>Hex coord:(152;68),n/a,0,0,0,0,0,0,1,2022-12-30T20:15:26.9131968Z,0
5.177769,102.1931499,Daerah: Kelantan<br>No:3064<br>Hex coord:(153;68),n/a,0,0,0,0,0,0,1,2022-12-30T20:15:27.5787432Z,0
5.185549,102.2066966,Daerah: Kelantan<br>No:3065<br>Hex coord:(154;68),n/a,0,0,0,0,0,0,1,2022-12-30T20:15:28.2469677Z,0
5.177769,102.2202433,Daerah: Kelantan<br>No:3066<br>Hex coord:(155;68),n/a,0,0,0,0,0,0,1,2022-12-30T20:15:28.9174974Z,0
5.185549,102.23379,Daerah: Kelantan<br>No:3067<br>Hex coord:(156;68),n/a,0,0,0,0,0,0,1,2022-12-30T20:15:29.5883485Z,0
5.177769,102.2473367,Daerah: Kelantan<br>No:3068<br>Hex coord:(157;68),n/a,0,0,0,0,0,0,1,2022-12-30T20:15:30.2530370Z,0
5.185549,102.2608835,Daerah: Kelantan<br>No:3069<br>Hex coord:(158;68),n/a,0,0,0,0,0,0,1,2022-12-30T20:15:30.9210967Z,0
5.177769,102.2744302,Daerah: Kelantan<br>No:3070<br>Hex coord:(159;68),n/a,0,0,0,0,0,0,1,2022-12-30T20:15:31.5939778Z,0
5.185549,102.2879769,Daerah: Kelantan<br>No:3071<br>Hex coord:(160;68),n/a,0,0,0,0,0,0,1,2022-12-30T20:15:32.2641426Z,0
5.177769,102.3015236,Daerah: Kelantan<br>No:3072<br>Hex coord:(161;68),n/a,0,0,0,0,0,0,1,2022-12-30T20:15:32.9285907Z,0
5.185549,102.3150703,Daerah: Kelantan<br>No:3073<br>Hex coord:(162;68),n/a,0,0,0,0,0,0,1,2022-12-30T20:15:33.5986850Z,0
5.177769,102.328617,Daerah: Kelantan<br>No:3074<br>Hex coord:(163;68),n/a,0,0,0,0,0,0,1,2022-12-30T20:15:34.2626930Z,0
5.185549,102.3421637,Daerah: Kelantan<br>No:3075<br>Hex coord:(164;68),n/a,0,0,0,0,0,0,1,2022-12-30T20:15:34.9377999Z,0
5.177769,102.3557104,Daerah: Kelantan<br>No:3076<br>Hex coord:(165;68),n/a,0,0,0,0,0,0,1,2022-12-30T20:15:35.6141928Z,0
5.185549,102.3692571,Daerah: Kelantan<br>No:3077<br>Hex coord:(166;68),n/a,0,0,0,0,0,0,1,2022-12-30T20:15:36.2821578Z,0
5.177769,102.3828038,Daerah: Kelantan<br>No:3078<br>Hex coord:(167;68),n/a,0,0,0,0,0,0,1,2022-12-30T20:15:36.9442190Z,0
5.185549,102.3963505,Daerah: Kelantan<br>No:3079<br>Hex coord:(168;68),n/a,0,0,0,0,0,0,1,2022-12-30T20:15:37.6206977Z,0
5.177769,102.4098972,Daerah: Kelantan<br>No:3080<br>Hex coord:(169;68),n/a,0,0,0,0,0,0,1,2022-12-30T20:15:38.3030473Z,0
5.185549,102.4234439,Daerah: Kelantan<br>No:3081<br>Hex coord:(170;68),n/a,0,0,0,0,0,0,1,2022-12-30T20:15:38.9686972Z,0
5.177769,102.4369906,Daerah: Kelantan<br>No:3082<br>Hex coord:(171;68),n/a,0,0,0,0,0,0,1,2022-12-30T20:15:39.6458730Z,0
5.162209,101.4887212,Daerah: Kelantan<br>No:3083<br>Hex coord:(101;69),n/a,0,0,0,0,0,0,1,2022-12-30T20:15:40.3165809Z,0
5.169989,101.502268,Daerah: Kelantan<br>No:3084<br>Hex coord:(102;69),n/a,0,0,0,0,0,0,1,2022-12-30T20:15:40.9826704Z,0
5.162209,101.5158147,Daerah: Kelantan<br>No:3085<br>Hex coord:(103;69),n/a,0,0,0,0,0,0,1,2022-12-30T20:15:41.6557846Z,0
5.169989,101.5293614,Daerah: Kelantan<br>No:3086<br>Hex coord:(104;69),n/a,0,0,0,0,0,0,1,2022-12-30T20:15:42.3226323Z,0
5.162209,101.5429081,Daerah: Kelantan<br>No:3087<br>Hex coord:(105;69),n/a,0,0,0,0,0,0,1,2022-12-30T20:15:42.9897462Z,0
5.169989,101.5564548,Daerah: Kelantan<br>No:3088<br>Hex coord:(106;69),n/a,0,0,0,0,0,0,1,2022-12-30T20:15:43.6595410Z,0
5.162209,101.5700015,Daerah: Kelantan<br>No:3089<br>Hex coord:(107;69),n/a,0,0,0,0,0,0,1,2022-12-30T20:15:44.5765871Z,0
5.169989,101.5835482,Daerah: Kelantan<br>No:3090<br>Hex coord:(108;69),n/a,0,0,0,0,0,0,1,2022-12-30T20:15:45.2409380Z,0
5.162209,101.5970949,Daerah: Kelantan<br>No:3091<br>Hex coord:(109;69),n/a,0,0,0,0,0,0,1,2022-12-30T20:15:45.9168636Z,0
5.169989,101.6106416,Daerah: Kelantan<br>No:3092<br>Hex coord:(110;69),n/a,0,0,0,0,0,0,1,2022-12-30T20:15:46.5855707Z,0
5.162209,101.6241883,Daerah: Kelantan<br>No:3093<br>Hex coord:(111;69),n/a,0,0,0,0,0,0,1,2022-12-30T20:15:47.2587069Z,0
5.169989,101.637735,Daerah: Kelantan<br>No:3094<br>Hex coord:(112;69),n/a,0,0,0,0,0,0,1,2022-12-30T20:15:47.9401460Z,0
5.162209,101.6512817,Daerah: Kelantan<br>No:3095<br>Hex coord:(113;69),n/a,0,0,0,0,0,0,1,2022-12-30T20:15:48.6075305Z,0
5.169989,101.6648284,Daerah: Kelantan<br>No:3096<br>Hex coord:(114;69),n/a,0,0,0,0,0,0,1,2022-12-30T20:15:49.2774638Z,0
5.162209,101.6783751,Daerah: Kelantan<br>No:3097<br>Hex coord:(115;69),n/a,0,0,0,0,0,0,1,2022-12-30T20:15:49.9451685Z,0
5.169989,101.6919218,Daerah: Kelantan<br>No:3098<br>Hex coord:(116;69),n/a,0,0,0,0,0,0,1,2022-12-30T20:15:50.6260739Z,0
5.162209,101.7054685,Daerah: Kelantan<br>No:3099<br>Hex coord:(117;69),n/a,0,0,0,0,0,0,1,2022-12-30T20:15:51.2972136Z,0
5.169989,101.7190152,Daerah: Kelantan<br>No:3100<br>Hex coord:(118;69),n/a,0,0,0,0,0,0,1,2022-12-30T20:15:51.9758817Z,0
5.162209,101.7325619,Daerah: Kelantan<br>No:3101<br>Hex coord:(119;69),n/a,0,0,0,0,0,0,1,2022-12-30T20:15:52.6409532Z,0
5.169989,101.7461086,Daerah: Kelantan<br>No:3102<br>Hex coord:(120;69),n/a,0,0,0,0,0,0,1,2022-12-30T20:15:53.3089699Z,0
5.162209,101.7596554,Daerah: Kelantan<br>No:3103<br>Hex coord:(121;69),n/a,0,0,0,0,0,0,1,2022-12-30T20:15:53.9809733Z,0
5.169989,101.7732021,Daerah: Kelantan<br>No:3104<br>Hex coord:(122;69),n/a,0,0,0,0,0,0,1,2022-12-30T20:15:54.6521001Z,0
5.162209,101.7867488,Daerah: Kelantan<br>No:3105<br>Hex coord:(123;69),n/a,0,0,0,0,0,0,1,2022-12-30T20:15:55.3343644Z,0
5.169989,101.8002955,Daerah: Kelantan<br>No:3106<br>Hex coord:(124;69),n/a,0,0,0,0,0,0,1,2022-12-30T20:15:56.0060216Z,0
5.162209,101.8138422,Daerah: Kelantan<br>No:3107<br>Hex coord:(125;69),n/a,0,0,0,0,0,0,1,2022-12-30T20:15:56.6781566Z,0
5.169989,101.8273889,Daerah: Kelantan<br>No:3108<br>Hex coord:(126;69),n/a,0,0,0,0,0,0,1,2022-12-30T20:15:57.3450811Z,0
5.162209,101.8409356,Daerah: Kelantan<br>No:3109<br>Hex coord:(127;69),n/a,0,0,0,0,0,0,1,2022-12-30T20:15:58.0209336Z,0
5.169989,101.8544823,Daerah: Kelantan<br>No:3110<br>Hex coord:(128;69),n/a,0,0,0,0,0,0,1,2022-12-30T20:15:58.6836383Z,0
5.162209,101.868029,Daerah: Kelantan<br>No:3111<br>Hex coord:(129;69),n/a,0,0,0,0,0,0,1,2022-12-30T20:15:59.3481727Z,0
5.169989,101.8815757,Daerah: Kelantan<br>No:3112<br>Hex coord:(130;69),n/a,0,0,0,0,0,0,1,2022-12-30T20:16:00.0261605Z,0
5.162209,101.8951224,Daerah: Kelantan<br>No:3113<br>Hex coord:(131;69),n/a,0,0,0,0,0,0,1,2022-12-30T20:16:00.7111079Z,0
5.169989,101.9086691,Daerah: Kelantan<br>No:3114<br>Hex coord:(132;69),n/a,0,0,0,0,0,0,1,2022-12-30T20:16:01.4392454Z,0
5.162209,101.9222158,Daerah: Kelantan<br>No:3115<br>Hex coord:(133;69),n/a,0,0,0,0,0,0,1,2022-12-30T20:16:02.1129163Z,0
5.169989,101.9357625,Daerah: Kelantan<br>No:3116<br>Hex coord:(134;69),n/a,0,0,0,0,0,0,1,2022-12-30T20:16:02.7844953Z,0
5.162209,101.9493092,Daerah: Kelantan<br>No:3117<br>Hex coord:(135;69),n/a,0,0,0,0,0,0,1,2022-12-30T20:16:03.4565635Z,0
5.169989,101.9628559,Daerah: Kelantan<br>No:3118<br>Hex coord:(136;69),n/a,0,0,0,0,0,0,1,2022-12-30T20:16:04.1387341Z,0
5.162209,101.9764026,Daerah: Kelantan<br>No:3119<br>Hex coord:(137;69),n/a,0,0,0,0,0,0,1,2022-12-30T20:16:04.8057262Z,0
5.169989,101.9899493,Daerah: Kelantan<br>No:3120<br>Hex coord:(138;69),n/a,0,0,0,0,0,0,1,2022-12-30T20:16:05.4746817Z,0
5.162209,102.003496,Daerah: Kelantan<br>No:3121<br>Hex coord:(139;69),n/a,0,0,0,0,0,0,1,2022-12-30T20:16:06.1428111Z,0
5.169989,102.0170428,Daerah: Kelantan<br>No:3122<br>Hex coord:(140;69),n/a,0,0,0,0,0,0,1,2022-12-30T20:16:06.8140770Z,0
5.162209,102.0305895,Daerah: Kelantan<br>No:3123<br>Hex coord:(141;69),n/a,0,0,0,0,0,0,1,2022-12-30T20:16:07.4899735Z,0
5.169989,102.0441362,Daerah: Kelantan<br>No:3124<br>Hex coord:(142;69),n/a,0,0,0,0,0,0,1,2022-12-30T20:16:08.1695398Z,0
5.162209,102.0576829,Daerah: Kelantan<br>No:3125<br>Hex coord:(143;69),n/a,0,0,0,0,0,0,1,2022-12-30T20:16:08.8521210Z,0
5.169989,102.0712296,Daerah: Kelantan<br>No:3126<br>Hex coord:(144;69),n/a,0,0,0,0,0,0,1,2022-12-30T20:16:09.5196361Z,0
5.162209,102.0847763,Daerah: Kelantan<br>No:3127<br>Hex coord:(145;69),n/a,0,0,0,0,0,0,1,2022-12-30T20:16:10.1965225Z,0
5.169989,102.098323,Daerah: Kelantan<br>No:3128<br>Hex coord:(146;69),n/a,0,0,0,0,0,0,1,2022-12-30T20:16:10.8709717Z,0
5.162209,102.1118697,Daerah: Kelantan<br>No:3129<br>Hex coord:(147;69),n/a,0,0,0,0,0,0,1,2022-12-30T20:16:11.5408822Z,0
5.169989,102.1254164,Daerah: Kelantan<br>No:3130<br>Hex coord:(148;69),n/a,0,0,0,0,0,0,1,2022-12-30T20:16:12.2183169Z,0
5.162209,102.1389631,Daerah: Kelantan<br>No:3131<br>Hex coord:(149;69),n/a,0,0,0,0,0,0,1,2022-12-30T20:16:12.8952485Z,0
5.169989,102.1525098,Daerah: Kelantan<br>No:3132<br>Hex coord:(150;69),n/a,0,0,0,0,0,0,1,2022-12-30T20:16:13.5702055Z,0
5.162209,102.1660565,Daerah: Kelantan<br>No:3133<br>Hex coord:(151;69),n/a,0,0,0,0,0,0,1,2022-12-30T20:16:14.8259350Z,0
5.169989,102.1796032,Daerah: Kelantan<br>No:3134<br>Hex coord:(152;69),n/a,0,0,0,0,0,0,1,2022-12-30T20:16:15.5148346Z,0
5.162209,102.1931499,Daerah: Kelantan<br>No:3135<br>Hex coord:(153;69),n/a,0,0,0,0,0,0,1,2022-12-30T20:16:16.1906111Z,0
5.169989,102.2066966,Daerah: Kelantan<br>No:3136<br>Hex coord:(154;69),n/a,0,0,0,0,0,0,1,2022-12-30T20:16:16.8650194Z,0
5.162209,102.2202433,Daerah: Kelantan<br>No:3137<br>Hex coord:(155;69),n/a,0,0,0,0,0,0,1,2022-12-30T20:16:17.5456035Z,0
5.169989,102.23379,Daerah: Kelantan<br>No:3138<br>Hex coord:(156;69),n/a,0,0,0,0,0,0,1,2022-12-30T20:16:18.2277933Z,0
5.162209,102.2473367,Daerah: Kelantan<br>No:3139<br>Hex coord:(157;69),n/a,0,0,0,0,0,0,1,2022-12-30T20:16:18.8916740Z,0
5.169989,102.2608835,Daerah: Kelantan<br>No:3140<br>Hex coord:(158;69),n/a,0,0,0,0,0,0,1,2022-12-30T20:16:19.5673953Z,0
5.162209,102.2744302,Daerah: Kelantan<br>No:3141<br>Hex coord:(159;69),n/a,0,0,0,0,0,0,1,2022-12-30T20:16:20.2323203Z,0
5.169989,102.2879769,Daerah: Kelantan<br>No:3142<br>Hex coord:(160;69),n/a,0,0,0,0,0,0,1,2022-12-30T20:16:20.9100689Z,0
5.162209,102.3015236,Daerah: Kelantan<br>No:3143<br>Hex coord:(161;69),n/a,0,0,0,0,0,0,1,2022-12-30T20:16:21.5738284Z,0
5.169989,102.3150703,Daerah: Kelantan<br>No:3144<br>Hex coord:(162;69),n/a,0,0,0,0,0,0,1,2022-12-30T20:16:22.2553627Z,0
5.162209,102.328617,Daerah: Kelantan<br>No:3145<br>Hex coord:(163;69),n/a,0,0,0,0,0,0,1,2022-12-30T20:16:22.9237193Z,0
5.169989,102.3421637,Daerah: Kelantan<br>No:3146<br>Hex coord:(164;69),n/a,0,0,0,0,0,0,1,2022-12-30T20:16:23.5919641Z,0
5.162209,102.3557104,Daerah: Kelantan<br>No:3147<br>Hex coord:(165;69),n/a,0,0,0,0,0,0,1,2022-12-30T20:16:24.2620554Z,0
5.169989,102.3692571,Daerah: Kelantan<br>No:3148<br>Hex coord:(166;69),n/a,0,0,0,0,0,0,1,2022-12-30T20:16:24.9484064Z,0
5.162209,102.3828038,Daerah: Kelantan<br>No:3149<br>Hex coord:(167;69),n/a,0,0,0,0,0,0,1,2022-12-30T20:16:25.6260770Z,0
5.169989,102.3963505,Daerah: Kelantan<br>No:3150<br>Hex coord:(168;69),n/a,0,0,0,0,0,0,1,2022-12-30T20:16:26.2980978Z,0
5.162209,102.4098972,Daerah: Kelantan<br>No:3151<br>Hex coord:(169;69),n/a,0,0,0,0,0,0,1,2022-12-30T20:16:26.9618437Z,0
5.169989,102.4234439,Daerah: Kelantan<br>No:3152<br>Hex coord:(170;69),n/a,0,0,0,0,0,0,1,2022-12-30T20:16:27.6360312Z,0
5.162209,102.4369906,Daerah: Kelantan<br>No:3153<br>Hex coord:(171;69),n/a,0,0,0,0,0,0,1,2022-12-30T20:16:28.3094388Z,0
5.169989,102.4505373,Daerah: Kelantan<br>No:3154<br>Hex coord:(172;69),n/a,0,0,0,0,0,0,1,2022-12-30T20:16:28.9909531Z,0
5.162209,102.464084,Daerah: Kelantan<br>No:3155<br>Hex coord:(173;69),n/a,0,0,0,0,0,0,1,2022-12-30T20:16:29.6632328Z,0
5.146649,101.4887212,Daerah: Kelantan<br>No:3156<br>Hex coord:(101;70),n/a,0,0,0,0,0,0,1,2022-12-30T20:16:30.3423742Z,0
5.154429,101.502268,Daerah: Kelantan<br>No:3157<br>Hex coord:(102;70),n/a,0,0,0,0,0,0,1,2022-12-30T20:16:31.0129343Z,0
5.146649,101.5158147,Daerah: Kelantan<br>No:3158<br>Hex coord:(103;70),n/a,0,0,0,0,0,0,1,2022-12-30T20:16:31.6848756Z,0
5.154429,101.5293614,Daerah: Kelantan<br>No:3159<br>Hex coord:(104;70),n/a,0,0,0,0,0,0,1,2022-12-30T20:16:32.3664758Z,0
5.146649,101.5429081,Daerah: Kelantan<br>No:3160<br>Hex coord:(105;70),n/a,0,0,0,0,0,0,1,2022-12-30T20:16:33.0411453Z,0
5.154429,101.5564548,Daerah: Kelantan<br>No:3161<br>Hex coord:(106;70),n/a,0,0,0,0,0,0,1,2022-12-30T20:16:33.7117011Z,0
5.146649,101.5700015,Daerah: Kelantan<br>No:3162<br>Hex coord:(107;70),n/a,0,0,0,0,0,0,1,2022-12-30T20:16:34.3920395Z,0
5.154429,101.5835482,Daerah: Kelantan<br>No:3163<br>Hex coord:(108;70),n/a,0,0,0,0,0,0,1,2022-12-30T20:16:35.0654815Z,0
5.146649,101.5970949,Daerah: Kelantan<br>No:3164<br>Hex coord:(109;70),n/a,0,0,0,0,0,0,1,2022-12-30T20:16:35.7371323Z,0
5.154429,101.6106416,Daerah: Kelantan<br>No:3165<br>Hex coord:(110;70),n/a,0,0,0,0,0,0,1,2022-12-30T20:16:36.4081253Z,0
5.146649,101.6241883,Daerah: Kelantan<br>No:3166<br>Hex coord:(111;70),n/a,0,0,0,0,0,0,1,2022-12-30T20:16:37.0837350Z,0
5.154429,101.637735,Daerah: Kelantan<br>No:3167<br>Hex coord:(112;70),n/a,0,0,0,0,0,0,1,2022-12-30T20:16:37.7498201Z,0
5.146649,101.6512817,Daerah: Kelantan<br>No:3168<br>Hex coord:(113;70),n/a,0,0,0,0,0,0,1,2022-12-30T20:16:38.4276746Z,0
5.154429,101.6648284,Daerah: Kelantan<br>No:3169<br>Hex coord:(114;70),n/a,0,0,0,0,0,0,1,2022-12-30T20:16:39.0934518Z,0
5.146649,101.6783751,Daerah: Kelantan<br>No:3170<br>Hex coord:(115;70),n/a,0,0,0,0,0,0,1,2022-12-30T20:16:39.7693273Z,0
5.154429,101.6919218,Daerah: Kelantan<br>No:3171<br>Hex coord:(116;70),n/a,0,0,0,0,0,0,1,2022-12-30T20:16:40.4409104Z,0
5.146649,101.7054685,Daerah: Kelantan<br>No:3172<br>Hex coord:(117;70),n/a,0,0,0,0,0,0,1,2022-12-30T20:16:41.1111785Z,0
5.154429,101.7190152,Daerah: Kelantan<br>No:3173<br>Hex coord:(118;70),n/a,0,0,0,0,0,0,1,2022-12-30T20:16:41.7887135Z,0
5.146649,101.7325619,Daerah: Kelantan<br>No:3174<br>Hex coord:(119;70),n/a,0,0,0,0,0,0,1,2022-12-30T20:16:42.4611298Z,0
5.154429,101.7461086,Daerah: Kelantan<br>No:3175<br>Hex coord:(120;70),n/a,0,0,0,0,0,0,1,2022-12-30T20:16:43.1259638Z,0
5.146649,101.7596554,Daerah: Kelantan<br>No:3176<br>Hex coord:(121;70),n/a,0,0,0,0,0,0,1,2022-12-30T20:16:43.8003767Z,0
5.154429,101.7732021,Daerah: Kelantan<br>No:3177<br>Hex coord:(122;70),n/a,0,0,0,0,0,0,1,2022-12-30T20:16:44.4742937Z,0
5.146649,101.7867488,Daerah: Kelantan<br>No:3178<br>Hex coord:(123;70),n/a,0,0,0,0,0,0,1,2022-12-30T20:16:45.1776415Z,0
5.154429,101.8002955,Daerah: Kelantan<br>No:3179<br>Hex coord:(124;70),n/a,0,0,0,0,0,0,1,2022-12-30T20:16:45.8464450Z,0
5.146649,101.8138422,Daerah: Kelantan<br>No:3180<br>Hex coord:(125;70),n/a,0,0,0,0,0,0,1,2022-12-30T20:16:46.5209341Z,0
5.154429,101.8273889,Daerah: Kelantan<br>No:3181<br>Hex coord:(126;70),n/a,0,0,0,0,0,0,1,2022-12-30T20:16:47.1911664Z,0
5.146649,101.8409356,Daerah: Kelantan<br>No:3182<br>Hex coord:(127;70),n/a,0,0,0,0,0,0,1,2022-12-30T20:16:47.8653455Z,0
5.154429,101.8544823,Daerah: Kelantan<br>No:3183<br>Hex coord:(128;70),n/a,0,0,0,0,0,0,1,2022-12-30T20:16:48.5688232Z,0
5.146649,101.868029,Daerah: Kelantan<br>No:3184<br>Hex coord:(129;70),n/a,0,0,0,0,0,0,1,2022-12-30T20:16:49.2436904Z,0
5.154429,101.8815757,Daerah: Kelantan<br>No:3185<br>Hex coord:(130;70),n/a,0,0,0,0,0,0,1,2022-12-30T20:16:49.9166995Z,0
5.146649,101.8951224,Daerah: Kelantan<br>No:3186<br>Hex coord:(131;70),n/a,0,0,0,0,0,0,1,2022-12-30T20:16:50.5985124Z,0
5.154429,101.9086691,Daerah: Kelantan<br>No:3187<br>Hex coord:(132;70),n/a,0,0,0,0,0,0,1,2022-12-30T20:16:51.2695514Z,0
5.146649,101.9222158,Daerah: Kelantan<br>No:3188<br>Hex coord:(133;70),n/a,0,0,0,0,0,0,1,2022-12-30T20:16:51.9468998Z,0
5.154429,101.9357625,Daerah: Kelantan<br>No:3189<br>Hex coord:(134;70),n/a,0,0,0,0,0,0,1,2022-12-30T20:16:52.6157083Z,0
5.146649,101.9493092,Daerah: Kelantan<br>No:3190<br>Hex coord:(135;70),n/a,0,0,0,0,0,0,1,2022-12-30T20:16:53.2934058Z,0
5.154429,101.9628559,Daerah: Kelantan<br>No:3191<br>Hex coord:(136;70),n/a,0,0,0,0,0,0,1,2022-12-30T20:16:53.9632617Z,0
5.146649,101.9764026,Daerah: Kelantan<br>No:3192<br>Hex coord:(137;70),n/a,0,0,0,0,0,0,1,2022-12-30T20:16:54.6711258Z,0
5.154429,101.9899493,Daerah: Kelantan<br>No:3193<br>Hex coord:(138;70),n/a,0,0,0,0,0,0,1,2022-12-30T20:16:55.3470713Z,0
5.146649,102.003496,Daerah: Kelantan<br>No:3194<br>Hex coord:(139;70),n/a,0,0,0,0,0,0,1,2022-12-30T20:16:56.0243289Z,0
5.154429,102.0170428,Daerah: Kelantan<br>No:3195<br>Hex coord:(140;70),n/a,0,0,0,0,0,0,1,2022-12-30T20:16:56.6988665Z,0
5.146649,102.0305895,Daerah: Kelantan<br>No:3196<br>Hex coord:(141;70),n/a,0,0,0,0,0,0,1,2022-12-30T20:16:57.3824871Z,0
5.154429,102.0441362,Daerah: Kelantan<br>No:3197<br>Hex coord:(142;70),n/a,0,0,0,0,0,0,1,2022-12-30T20:16:58.0511759Z,0
5.146649,102.0576829,Daerah: Kelantan<br>No:3198<br>Hex coord:(143;70),n/a,0,0,0,0,0,0,1,2022-12-30T20:16:58.7274286Z,0
5.154429,102.0712296,Daerah: Kelantan<br>No:3199<br>Hex coord:(144;70),n/a,0,0,0,0,0,0,1,2022-12-30T20:16:59.3942857Z,0
5.146649,102.0847763,Daerah: Kelantan<br>No:3200<br>Hex coord:(145;70),n/a,0,0,0,0,0,0,1,2022-12-30T20:17:00.0602811Z,0
5.154429,102.098323,Daerah: Kelantan<br>No:3201<br>Hex coord:(146;70),n/a,0,0,0,0,0,0,1,2022-12-30T20:17:00.7309067Z,0
5.146649,102.1118697,Daerah: Kelantan<br>No:3202<br>Hex coord:(147;70),n/a,0,0,0,0,0,0,1,2022-12-30T20:17:01.4012670Z,0
5.154429,102.1254164,Daerah: Kelantan<br>No:3203<br>Hex coord:(148;70),n/a,0,0,0,0,0,0,1,2022-12-30T20:17:02.0737283Z,0
5.146649,102.1389631,Daerah: Kelantan<br>No:3204<br>Hex coord:(149;70),n/a,0,0,0,0,0,0,1,2022-12-30T20:17:02.7431469Z,0
5.154429,102.1525098,Daerah: Kelantan<br>No:3205<br>Hex coord:(150;70),n/a,0,0,0,0,0,0,1,2022-12-30T20:17:03.4148356Z,0
5.146649,102.1660565,Daerah: Kelantan<br>No:3206<br>Hex coord:(151;70),n/a,0,0,0,0,0,0,1,2022-12-30T20:17:04.0875450Z,0
5.154429,102.1796032,Daerah: Kelantan<br>No:3207<br>Hex coord:(152;70),n/a,0,0,0,0,0,0,1,2022-12-30T20:17:04.7659442Z,0
5.146649,102.1931499,Daerah: Kelantan<br>No:3208<br>Hex coord:(153;70),n/a,0,0,0,0,0,0,1,2022-12-30T20:17:05.4375753Z,0
5.154429,102.2066966,Daerah: Kelantan<br>No:3209<br>Hex coord:(154;70),n/a,0,0,0,0,0,0,1,2022-12-30T20:17:06.1071586Z,0
5.146649,102.2202433,Daerah: Kelantan<br>No:3210<br>Hex coord:(155;70),n/a,0,0,0,0,0,0,1,2022-12-30T20:17:06.7852703Z,0
5.154429,102.23379,Daerah: Kelantan<br>No:3211<br>Hex coord:(156;70),n/a,0,0,0,0,0,0,1,2022-12-30T20:17:07.4505219Z,0
5.146649,102.2473367,Daerah: Kelantan<br>No:3212<br>Hex coord:(157;70),n/a,0,0,0,0,0,0,1,2022-12-30T20:17:08.1261542Z,0
5.154429,102.2608835,Daerah: Kelantan<br>No:3213<br>Hex coord:(158;70),n/a,0,0,0,0,0,0,1,2022-12-30T20:17:08.8087950Z,0
5.146649,102.2744302,Daerah: Kelantan<br>No:3214<br>Hex coord:(159;70),n/a,0,0,0,0,0,0,1,2022-12-30T20:17:09.4725226Z,0
5.154429,102.2879769,Daerah: Kelantan<br>No:3215<br>Hex coord:(160;70),n/a,0,0,0,0,0,0,1,2022-12-30T20:17:10.1462599Z,0
5.146649,102.3015236,Daerah: Kelantan<br>No:3216<br>Hex coord:(161;70),n/a,0,0,0,0,0,0,1,2022-12-30T20:17:10.8181877Z,0
5.154429,102.3150703,Daerah: Kelantan<br>No:3217<br>Hex coord:(162;70),n/a,0,0,0,0,0,0,1,2022-12-30T20:17:11.4877179Z,0
5.146649,102.328617,Daerah: Kelantan<br>No:3218<br>Hex coord:(163;70),n/a,0,0,0,0,0,0,1,2022-12-30T20:17:12.1599131Z,0
5.154429,102.3421637,Daerah: Kelantan<br>No:3219<br>Hex coord:(164;70),n/a,0,0,0,0,0,0,1,2022-12-30T20:17:12.8313375Z,0
5.146649,102.3557104,Daerah: Kelantan<br>No:3220<br>Hex coord:(165;70),n/a,0,0,0,0,0,0,1,2022-12-30T20:17:13.4994041Z,0
5.154429,102.3692571,Daerah: Kelantan<br>No:3221<br>Hex coord:(166;70),n/a,0,0,0,0,0,0,1,2022-12-30T20:17:14.1766813Z,0
5.146649,102.3828038,Daerah: Kelantan<br>No:3222<br>Hex coord:(167;70),n/a,0,0,0,0,0,0,1,2022-12-30T20:17:14.8414293Z,0
5.154429,102.3963505,Daerah: Kelantan<br>No:3223<br>Hex coord:(168;70),n/a,0,0,0,0,0,0,1,2022-12-30T20:17:15.5087880Z,0
5.146649,102.4098972,Daerah: Kelantan<br>No:3224<br>Hex coord:(169;70),n/a,0,0,0,0,0,0,1,2022-12-30T20:17:16.1975945Z,0
5.154429,102.4234439,Daerah: Kelantan<br>No:3225<br>Hex coord:(170;70),n/a,0,0,0,0,0,0,1,2022-12-30T20:17:16.8767347Z,0
5.146649,102.4369906,Daerah: Kelantan<br>No:3226<br>Hex coord:(171;70),n/a,0,0,0,0,0,0,1,2022-12-30T20:17:17.5453073Z,0
5.154429,102.4505373,Daerah: Kelantan<br>No:3227<br>Hex coord:(172;70),n/a,0,0,0,0,0,0,1,2022-12-30T20:17:18.2170277Z,0
5.146649,102.464084,Daerah: Kelantan<br>No:3228<br>Hex coord:(173;70),n/a,0,0,0,0,0,0,1,2022-12-30T20:17:18.8909619Z,0
5.154429,102.4776307,Daerah: Kelantan<br>No:3229<br>Hex coord:(174;70),n/a,0,0,0,0,0,0,1,2022-12-30T20:17:19.5677492Z,0
5.131089,101.4887212,Daerah: Kelantan<br>No:3230<br>Hex coord:(101;71),n/a,0,0,0,0,0,0,1,2022-12-30T20:17:20.2427420Z,0
5.138869,101.502268,Daerah: Kelantan<br>No:3231<br>Hex coord:(102;71),n/a,0,0,0,0,0,0,1,2022-12-30T20:17:20.9141635Z,0
5.131089,101.5158147,Daerah: Kelantan<br>No:3232<br>Hex coord:(103;71),n/a,0,0,0,0,0,0,1,2022-12-30T20:17:21.5863329Z,0
5.138869,101.5293614,Daerah: Kelantan<br>No:3233<br>Hex coord:(104;71),n/a,0,0,0,0,0,0,1,2022-12-30T20:17:22.2559953Z,0
5.131089,101.5429081,Daerah: Kelantan<br>No:3234<br>Hex coord:(105;71),n/a,0,0,0,0,0,0,1,2022-12-30T20:17:22.9386604Z,0
5.138869,101.5564548,Daerah: Kelantan<br>No:3235<br>Hex coord:(106;71),n/a,0,0,0,0,0,0,1,2022-12-30T20:17:23.6099154Z,0
5.131089,101.5700015,Daerah: Kelantan<br>No:3236<br>Hex coord:(107;71),n/a,0,0,0,0,0,0,1,2022-12-30T20:17:24.2792628Z,0
5.138869,101.5835482,Daerah: Kelantan<br>No:3237<br>Hex coord:(108;71),n/a,0,0,0,0,0,0,1,2022-12-30T20:17:24.9477261Z,0
5.131089,101.5970949,Daerah: Kelantan<br>No:3238<br>Hex coord:(109;71),n/a,0,0,0,0,0,0,1,2022-12-30T20:17:25.6225066Z,0
5.138869,101.6106416,Daerah: Kelantan<br>No:3239<br>Hex coord:(110;71),n/a,0,0,0,0,0,0,1,2022-12-30T20:17:26.3023010Z,0
5.131089,101.6241883,Daerah: Kelantan<br>No:3240<br>Hex coord:(111;71),n/a,0,0,0,0,0,0,1,2022-12-30T20:17:26.9685214Z,0
5.138869,101.637735,Daerah: Kelantan<br>No:3241<br>Hex coord:(112;71),n/a,0,0,0,0,0,0,1,2022-12-30T20:17:27.6405007Z,0
5.131089,101.6512817,Daerah: Kelantan<br>No:3242<br>Hex coord:(113;71),n/a,0,0,0,0,0,0,1,2022-12-30T20:17:28.3123869Z,0
5.138869,101.6648284,Daerah: Kelantan<br>No:3243<br>Hex coord:(114;71),n/a,0,0,0,0,0,0,1,2022-12-30T20:17:28.9861661Z,0
5.131089,101.6783751,Daerah: Kelantan<br>No:3244<br>Hex coord:(115;71),n/a,0,0,0,0,0,0,1,2022-12-30T20:17:29.6568570Z,0
5.138869,101.6919218,Daerah: Kelantan<br>No:3245<br>Hex coord:(116;71),n/a,0,0,0,0,0,0,1,2022-12-30T20:17:30.3245019Z,0
5.131089,101.7054685,Daerah: Kelantan<br>No:3246<br>Hex coord:(117;71),n/a,0,0,0,0,0,0,1,2022-12-30T20:17:30.9940704Z,0
5.138869,101.7190152,Daerah: Kelantan<br>No:3247<br>Hex coord:(118;71),n/a,0,0,0,0,0,0,1,2022-12-30T20:17:31.6799696Z,0
5.131089,101.7325619,Daerah: Kelantan<br>No:3248<br>Hex coord:(119;71),n/a,0,0,0,0,0,0,1,2022-12-30T20:17:32.3515661Z,0
5.138869,101.7461086,Daerah: Kelantan<br>No:3249<br>Hex coord:(120;71),n/a,0,0,0,0,0,0,1,2022-12-30T20:17:33.0168837Z,0
5.131089,101.7596554,Daerah: Kelantan<br>No:3250<br>Hex coord:(121;71),n/a,0,0,0,0,0,0,1,2022-12-30T20:17:33.6851999Z,0
5.138869,101.7732021,Daerah: Kelantan<br>No:3251<br>Hex coord:(122;71),n/a,0,0,0,0,0,0,1,2022-12-30T20:17:34.3577698Z,0
5.131089,101.7867488,Daerah: Kelantan<br>No:3252<br>Hex coord:(123;71),n/a,0,0,0,0,0,0,1,2022-12-30T20:17:35.0396836Z,0
5.138869,101.8002955,Daerah: Kelantan<br>No:3253<br>Hex coord:(124;71),n/a,0,0,0,0,0,0,1,2022-12-30T20:17:35.7094888Z,0
5.131089,101.8138422,Daerah: Kelantan<br>No:3254<br>Hex coord:(125;71),n/a,0,0,0,0,0,0,1,2022-12-30T20:17:36.3814252Z,0
5.138869,101.8273889,Daerah: Kelantan<br>No:3255<br>Hex coord:(126;71),n/a,0,0,0,0,0,0,1,2022-12-30T20:17:37.0534228Z,0
5.131089,101.8409356,Daerah: Kelantan<br>No:3256<br>Hex coord:(127;71),n/a,0,0,0,0,0,0,1,2022-12-30T20:17:37.7170960Z,0
5.138869,101.8544823,Daerah: Kelantan<br>No:3257<br>Hex coord:(128;71),n/a,0,0,0,0,0,0,1,2022-12-30T20:17:38.3880962Z,0
5.131089,101.868029,Daerah: Kelantan<br>No:3258<br>Hex coord:(129;71),n/a,0,0,0,0,0,0,1,2022-12-30T20:17:39.0655454Z,0
5.138869,101.8815757,Daerah: Kelantan<br>No:3259<br>Hex coord:(130;71),n/a,0,0,0,0,0,0,1,2022-12-30T20:17:39.7345914Z,0
5.131089,101.8951224,Daerah: Kelantan<br>No:3260<br>Hex coord:(131;71),n/a,0,0,0,0,0,0,1,2022-12-30T20:17:40.4162726Z,0
5.138869,101.9086691,Daerah: Kelantan<br>No:3261<br>Hex coord:(132;71),n/a,0,0,0,0,0,0,1,2022-12-30T20:17:41.0933044Z,0
5.131089,101.9222158,Daerah: Kelantan<br>No:3262<br>Hex coord:(133;71),n/a,0,0,0,0,0,0,1,2022-12-30T20:17:41.7852347Z,0
5.138869,101.9357625,Daerah: Kelantan<br>No:3263<br>Hex coord:(134;71),n/a,0,0,0,0,0,0,1,2022-12-30T20:17:42.4698063Z,0
5.131089,101.9493092,Daerah: Kelantan<br>No:3264<br>Hex coord:(135;71),n/a,0,0,0,0,0,0,1,2022-12-30T20:17:43.1419263Z,0
5.138869,101.9628559,Daerah: Kelantan<br>No:3265<br>Hex coord:(136;71),n/a,0,0,0,0,0,0,1,2022-12-30T20:17:43.8349918Z,0
5.131089,101.9764026,Daerah: Kelantan<br>No:3266<br>Hex coord:(137;71),n/a,0,0,0,0,0,0,1,2022-12-30T20:17:44.7808820Z,0
5.138869,101.9899493,Daerah: Kelantan<br>No:3267<br>Hex coord:(138;71),n/a,0,0,0,0,0,0,1,2022-12-30T20:17:45.4747602Z,0
5.131089,102.003496,Daerah: Kelantan<br>No:3268<br>Hex coord:(139;71),n/a,0,0,0,0,0,0,1,2022-12-30T20:17:46.1444199Z,0
5.138869,102.0170428,Daerah: Kelantan<br>No:3269<br>Hex coord:(140;71),n/a,0,0,0,0,0,0,1,2022-12-30T20:17:46.8143508Z,0
5.131089,102.0305895,Daerah: Kelantan<br>No:3270<br>Hex coord:(141;71),n/a,0,0,0,0,0,0,1,2022-12-30T20:17:47.4871193Z,0
5.138869,102.0441362,Daerah: Kelantan<br>No:3271<br>Hex coord:(142;71),n/a,0,0,0,0,0,0,1,2022-12-30T20:17:48.1678690Z,0
5.131089,102.0576829,Daerah: Kelantan<br>No:3272<br>Hex coord:(143;71),n/a,0,0,0,0,0,0,1,2022-12-30T20:17:48.8375550Z,0
5.138869,102.0712296,Daerah: Kelantan<br>No:3273<br>Hex coord:(144;71),n/a,0,0,0,0,0,0,1,2022-12-30T20:17:49.5175823Z,0
5.131089,102.0847763,Daerah: Kelantan<br>No:3274<br>Hex coord:(145;71),n/a,0,0,0,0,0,0,1,2022-12-30T20:17:50.1991664Z,0
5.138869,102.098323,Daerah: Kelantan<br>No:3275<br>Hex coord:(146;71),n/a,0,0,0,0,0,0,1,2022-12-30T20:17:50.8662193Z,0
5.131089,102.1118697,Daerah: Kelantan<br>No:3276<br>Hex coord:(147;71),n/a,0,0,0,0,0,0,1,2022-12-30T20:17:51.5420101Z,0
5.138869,102.1254164,Daerah: Kelantan<br>No:3277<br>Hex coord:(148;71),n/a,0,0,0,0,0,0,1,2022-12-30T20:17:52.2201670Z,0
5.131089,102.1389631,Daerah: Kelantan<br>No:3278<br>Hex coord:(149;71),n/a,0,0,0,0,0,0,1,2022-12-30T20:17:52.9002681Z,0
5.138869,102.1525098,Daerah: Kelantan<br>No:3279<br>Hex coord:(150;71),n/a,0,0,0,0,0,0,1,2022-12-30T20:17:53.5755831Z,0
5.131089,102.1660565,Daerah: Kelantan<br>No:3280<br>Hex coord:(151;71),n/a,0,0,0,0,0,0,1,2022-12-30T20:17:54.2544849Z,0
5.138869,102.1796032,Daerah: Kelantan<br>No:3281<br>Hex coord:(152;71),n/a,0,0,0,0,0,0,1,2022-12-30T20:17:54.9297015Z,0
5.131089,102.1931499,Daerah: Kelantan<br>No:3282<br>Hex coord:(153;71),n/a,0,0,0,0,0,0,1,2022-12-30T20:17:55.6043416Z,0
5.138869,102.2066966,Daerah: Kelantan<br>No:3283<br>Hex coord:(154;71),n/a,0,0,0,0,0,0,1,2022-12-30T20:17:56.2821400Z,0
5.131089,102.2202433,Daerah: Kelantan<br>No:3284<br>Hex coord:(155;71),n/a,0,0,0,0,0,0,1,2022-12-30T20:17:56.9517470Z,0
5.138869,102.23379,Daerah: Kelantan<br>No:3285<br>Hex coord:(156;71),n/a,0,0,0,0,0,0,1,2022-12-30T20:17:57.6290405Z,0
5.131089,102.2473367,Daerah: Kelantan<br>No:3286<br>Hex coord:(157;71),n/a,0,0,0,0,0,0,1,2022-12-30T20:17:58.3041386Z,0
5.138869,102.2608835,Daerah: Kelantan<br>No:3287<br>Hex coord:(158;71),n/a,0,0,0,0,0,0,1,2022-12-30T20:17:58.9819811Z,0
5.131089,102.2744302,Daerah: Kelantan<br>No:3288<br>Hex coord:(159;71),n/a,0,0,0,0,0,0,1,2022-12-30T20:17:59.6513443Z,0
5.138869,102.2879769,Daerah: Kelantan<br>No:3289<br>Hex coord:(160;71),n/a,0,0,0,0,0,0,1,2022-12-30T20:18:00.3246630Z,0
5.131089,102.3015236,Daerah: Kelantan<br>No:3290<br>Hex coord:(161;71),n/a,0,0,0,0,0,0,1,2022-12-30T20:18:00.9983119Z,0
5.138869,102.3150703,Daerah: Kelantan<br>No:3291<br>Hex coord:(162;71),n/a,0,0,0,0,0,0,1,2022-12-30T20:18:01.6602147Z,0
5.131089,102.328617,Daerah: Kelantan<br>No:3292<br>Hex coord:(163;71),n/a,0,0,0,0,0,0,1,2022-12-30T20:18:02.3388689Z,0
5.138869,102.3421637,Daerah: Kelantan<br>No:3293<br>Hex coord:(164;71),n/a,0,0,0,0,0,0,1,2022-12-30T20:18:03.0155813Z,0
5.131089,102.3557104,Daerah: Kelantan<br>No:3294<br>Hex coord:(165;71),n/a,0,0,0,0,0,0,1,2022-12-30T20:18:03.6920559Z,0
5.138869,102.3692571,Daerah: Kelantan<br>No:3295<br>Hex coord:(166;71),n/a,0,0,0,0,0,0,1,2022-12-30T20:18:04.3647316Z,0
5.131089,102.3828038,Daerah: Kelantan<br>No:3296<br>Hex coord:(167;71),n/a,0,0,0,0,0,0,1,2022-12-30T20:18:05.0366653Z,0
5.138869,102.3963505,Daerah: Kelantan<br>No:3297<br>Hex coord:(168;71),n/a,0,0,0,0,0,0,1,2022-12-30T20:18:05.6974711Z,0
5.131089,102.4098972,Daerah: Kelantan<br>No:3298<br>Hex coord:(169;71),n/a,0,0,0,0,0,0,1,2022-12-30T20:18:06.3669158Z,0
5.138869,102.4234439,Daerah: Kelantan<br>No:3299<br>Hex coord:(170;71),n/a,0,0,0,0,0,0,1,2022-12-30T20:18:07.0436891Z,0
5.131089,102.4369906,Daerah: Kelantan<br>No:3300<br>Hex coord:(171;71),n/a,0,0,0,0,0,0,1,2022-12-30T20:18:07.7117199Z,0
5.138869,102.4505373,Daerah: Kelantan<br>No:3301<br>Hex coord:(172;71),n/a,0,0,0,0,0,0,1,2022-12-30T20:18:08.3774637Z,0
5.131089,102.464084,Daerah: Kelantan<br>No:3302<br>Hex coord:(173;71),n/a,0,0,0,0,0,0,1,2022-12-30T20:18:09.0507075Z,0
5.138869,102.4776307,Daerah: Kelantan<br>No:3303<br>Hex coord:(174;71),n/a,0,0,0,0,0,0,1,2022-12-30T20:18:09.7266825Z,0
5.131089,102.4911774,Daerah: Kelantan<br>No:3304<br>Hex coord:(175;71),n/a,0,0,0,0,0,0,1,2022-12-30T20:18:10.4172747Z,0
5.115529,101.4887212,Daerah: Kelantan<br>No:3305<br>Hex coord:(101;72),n/a,0,0,0,0,0,0,1,2022-12-30T20:18:11.0909004Z,0
5.123309,101.502268,Daerah: Kelantan<br>No:3306<br>Hex coord:(102;72),n/a,0,0,0,0,0,0,1,2022-12-30T20:18:11.7686272Z,0
5.115529,101.5158147,Daerah: Kelantan<br>No:3307<br>Hex coord:(103;72),n/a,0,0,0,0,0,0,1,2022-12-30T20:18:12.4515441Z,0
5.123309,101.5293614,Daerah: Kelantan<br>No:3308<br>Hex coord:(104;72),n/a,0,0,0,0,0,0,1,2022-12-30T20:18:13.1284437Z,0
5.115529,101.5429081,Daerah: Kelantan<br>No:3309<br>Hex coord:(105;72),n/a,0,0,0,0,0,0,1,2022-12-30T20:18:13.7975514Z,0
5.123309,101.5564548,Daerah: Kelantan<br>No:3310<br>Hex coord:(106;72),n/a,0,0,0,0,0,0,1,2022-12-30T20:18:14.4690187Z,0
5.115529,101.5700015,Daerah: Kelantan<br>No:3311<br>Hex coord:(107;72),n/a,0,0,0,0,0,0,1,2022-12-30T20:18:15.1517542Z,0
5.123309,101.5835482,Daerah: Kelantan<br>No:3312<br>Hex coord:(108;72),n/a,0,0,0,0,0,0,1,2022-12-30T20:18:15.8394207Z,0
5.115529,101.5970949,Daerah: Kelantan<br>No:3313<br>Hex coord:(109;72),n/a,0,0,0,0,0,0,1,2022-12-30T20:18:16.5185192Z,0
5.123309,101.6106416,Daerah: Kelantan<br>No:3314<br>Hex coord:(110;72),n/a,0,0,0,0,0,0,1,2022-12-30T20:18:17.1999434Z,0
5.115529,101.6241883,Daerah: Kelantan<br>No:3315<br>Hex coord:(111;72),n/a,0,0,0,0,0,0,1,2022-12-30T20:18:17.8719861Z,0
5.123309,101.637735,Daerah: Kelantan<br>No:3316<br>Hex coord:(112;72),n/a,0,0,0,0,0,0,1,2022-12-30T20:18:18.5536670Z,0
5.115529,101.6512817,Daerah: Kelantan<br>No:3317<br>Hex coord:(113;72),n/a,0,0,0,0,0,0,1,2022-12-30T20:18:19.2196297Z,0
5.123309,101.6648284,Daerah: Kelantan<br>No:3318<br>Hex coord:(114;72),n/a,0,0,0,0,0,0,1,2022-12-30T20:18:19.8928125Z,0
5.115529,101.6783751,Daerah: Kelantan<br>No:3319<br>Hex coord:(115;72),n/a,0,0,0,0,0,0,1,2022-12-30T20:18:20.5659652Z,0
5.123309,101.6919218,Daerah: Kelantan<br>No:3320<br>Hex coord:(116;72),n/a,0,0,0,0,0,0,1,2022-12-30T20:18:21.2386160Z,0
5.115529,101.7054685,Daerah: Kelantan<br>No:3321<br>Hex coord:(117;72),n/a,0,0,0,0,0,0,1,2022-12-30T20:18:21.9063706Z,0
5.123309,101.7190152,Daerah: Kelantan<br>No:3322<br>Hex coord:(118;72),n/a,0,0,0,0,0,0,1,2022-12-30T20:18:22.5798230Z,0
5.115529,101.7325619,Daerah: Kelantan<br>No:3323<br>Hex coord:(119;72),n/a,0,0,0,0,0,0,1,2022-12-30T20:18:23.2481511Z,0
5.123309,101.7461086,Daerah: Kelantan<br>No:3324<br>Hex coord:(120;72),n/a,0,0,0,0,0,0,1,2022-12-30T20:18:23.9200378Z,0
5.115529,101.7596554,Daerah: Kelantan<br>No:3325<br>Hex coord:(121;72),n/a,0,0,0,0,0,0,1,2022-12-30T20:18:24.5919831Z,0
5.123309,101.7732021,Daerah: Kelantan<br>No:3326<br>Hex coord:(122;72),n/a,0,0,0,0,0,0,1,2022-12-30T20:18:25.2628895Z,0
5.115529,101.7867488,Daerah: Kelantan<br>No:3327<br>Hex coord:(123;72),n/a,0,0,0,0,0,0,1,2022-12-30T20:18:25.9349313Z,0
5.123309,101.8002955,Daerah: Kelantan<br>No:3328<br>Hex coord:(124;72),n/a,0,0,0,0,0,0,1,2022-12-30T20:18:26.6142779Z,0
5.115529,101.8138422,Daerah: Kelantan<br>No:3329<br>Hex coord:(125;72),n/a,0,0,0,0,0,0,1,2022-12-30T20:18:27.2944786Z,0
5.123309,101.8273889,Daerah: Kelantan<br>No:3330<br>Hex coord:(126;72),n/a,0,0,0,0,0,0,1,2022-12-30T20:18:27.9628325Z,0
5.115529,101.8409356,Daerah: Kelantan<br>No:3331<br>Hex coord:(127;72),n/a,0,0,0,0,0,0,1,2022-12-30T20:18:28.6372370Z,0
5.123309,101.8544823,Daerah: Kelantan<br>No:3332<br>Hex coord:(128;72),n/a,0,0,0,0,0,0,1,2022-12-30T20:18:29.3149940Z,0
5.115529,101.868029,Daerah: Kelantan<br>No:3333<br>Hex coord:(129;72),n/a,0,0,0,0,0,0,1,2022-12-30T20:18:29.9926376Z,0
5.123309,101.8815757,Daerah: Kelantan<br>No:3334<br>Hex coord:(130;72),n/a,0,0,0,0,0,0,1,2022-12-30T20:18:30.6676680Z,0
5.115529,101.8951224,Daerah: Kelantan<br>No:3335<br>Hex coord:(131;72),n/a,0,0,0,0,0,0,1,2022-12-30T20:18:31.3491944Z,0
5.123309,101.9086691,Daerah: Kelantan<br>No:3336<br>Hex coord:(132;72),n/a,0,0,0,0,0,0,1,2022-12-30T20:18:32.0295890Z,0
5.115529,101.9222158,Daerah: Kelantan<br>No:3337<br>Hex coord:(133;72),n/a,0,0,0,0,0,0,1,2022-12-30T20:18:32.7073761Z,0
5.123309,101.9357625,Daerah: Kelantan<br>No:3338<br>Hex coord:(134;72),n/a,0,0,0,0,0,0,1,2022-12-30T20:18:33.3829530Z,0
5.115529,101.9493092,Daerah: Kelantan<br>No:3339<br>Hex coord:(135;72),n/a,0,0,0,0,0,0,1,2022-12-30T20:18:34.0563874Z,0
5.123309,101.9628559,Daerah: Kelantan<br>No:3340<br>Hex coord:(136;72),n/a,0,0,0,0,0,0,1,2022-12-30T20:18:34.7227266Z,0
5.115529,101.9764026,Daerah: Kelantan<br>No:3341<br>Hex coord:(137;72),n/a,0,0,0,0,0,0,1,2022-12-30T20:18:35.3944271Z,0
5.123309,101.9899493,Daerah: Kelantan<br>No:3342<br>Hex coord:(138;72),n/a,0,0,0,0,0,0,1,2022-12-30T20:18:36.0690332Z,0
5.115529,102.003496,Daerah: Kelantan<br>No:3343<br>Hex coord:(139;72),n/a,0,0,0,0,0,0,1,2022-12-30T20:18:36.7345624Z,0
5.123309,102.0170428,Daerah: Kelantan<br>No:3344<br>Hex coord:(140;72),n/a,0,0,0,0,0,0,1,2022-12-30T20:18:37.4062644Z,0
5.115529,102.0305895,Daerah: Kelantan<br>No:3345<br>Hex coord:(141;72),n/a,0,0,0,0,0,0,1,2022-12-30T20:18:38.0711290Z,0
5.123309,102.0441362,Daerah: Kelantan<br>No:3346<br>Hex coord:(142;72),n/a,0,0,0,0,0,0,1,2022-12-30T20:18:38.7361721Z,0
5.115529,102.0576829,Daerah: Kelantan<br>No:3347<br>Hex coord:(143;72),n/a,0,0,0,0,0,0,1,2022-12-30T20:18:39.4107482Z,0
5.123309,102.0712296,Daerah: Kelantan<br>No:3348<br>Hex coord:(144;72),n/a,0,0,0,0,0,0,1,2022-12-30T20:18:40.0784070Z,0
5.115529,102.0847763,Daerah: Kelantan<br>No:3349<br>Hex coord:(145;72),n/a,0,0,0,0,0,0,1,2022-12-30T20:18:40.7542176Z,0
5.123309,102.098323,Daerah: Kelantan<br>No:3350<br>Hex coord:(146;72),n/a,0,0,0,0,0,0,1,2022-12-30T20:18:41.4220277Z,0
5.115529,102.1118697,Daerah: Kelantan<br>No:3351<br>Hex coord:(147;72),n/a,0,0,0,0,0,0,1,2022-12-30T20:18:42.0964541Z,0
5.123309,102.1254164,Daerah: Kelantan<br>No:3352<br>Hex coord:(148;72),n/a,0,0,0,0,0,0,1,2022-12-30T20:18:42.7671100Z,0
5.115529,102.1389631,Daerah: Kelantan<br>No:3353<br>Hex coord:(149;72),n/a,0,0,0,0,0,0,1,2022-12-30T20:18:43.4421013Z,0
5.123309,102.1525098,Daerah: Kelantan<br>No:3354<br>Hex coord:(150;72),n/a,0,0,0,0,0,0,1,2022-12-30T20:18:44.1205817Z,0
5.115529,102.1660565,Daerah: Kelantan<br>No:3355<br>Hex coord:(151;72),n/a,0,0,0,0,0,0,1,2022-12-30T20:18:44.7870883Z,0
5.123309,102.1796032,Daerah: Kelantan<br>No:3356<br>Hex coord:(152;72),n/a,0,0,0,0,0,0,1,2022-12-30T20:18:45.4824316Z,0
5.115529,102.1931499,Daerah: Kelantan<br>No:3357<br>Hex coord:(153;72),n/a,0,0,0,0,0,0,1,2022-12-30T20:18:46.1633123Z,0
5.123309,102.2066966,Daerah: Kelantan<br>No:3358<br>Hex coord:(154;72),n/a,0,0,0,0,0,0,1,2022-12-30T20:18:46.8340728Z,0
5.115529,102.2202433,Daerah: Kelantan<br>No:3359<br>Hex coord:(155;72),n/a,0,0,0,0,0,0,1,2022-12-30T20:18:47.5183088Z,0
5.123309,102.23379,Daerah: Kelantan<br>No:3360<br>Hex coord:(156;72),n/a,0,0,0,0,0,0,1,2022-12-30T20:18:48.1925780Z,0
5.115529,102.2473367,Daerah: Kelantan<br>No:3361<br>Hex coord:(157;72),n/a,0,0,0,0,0,0,1,2022-12-30T20:18:48.8783560Z,0
5.123309,102.2608835,Daerah: Kelantan<br>No:3362<br>Hex coord:(158;72),n/a,0,0,0,0,0,0,1,2022-12-30T20:18:49.5484697Z,0
5.115529,102.2744302,Daerah: Kelantan<br>No:3363<br>Hex coord:(159;72),n/a,0,0,0,0,0,0,1,2022-12-30T20:18:50.2296432Z,0
5.123309,102.2879769,Daerah: Kelantan<br>No:3364<br>Hex coord:(160;72),n/a,0,0,0,0,0,0,1,2022-12-30T20:18:50.8931291Z,0
5.115529,102.3015236,Daerah: Kelantan<br>No:3365<br>Hex coord:(161;72),n/a,0,0,0,0,0,0,1,2022-12-30T20:18:51.5688044Z,0
5.123309,102.3150703,Daerah: Kelantan<br>No:3366<br>Hex coord:(162;72),n/a,0,0,0,0,0,0,1,2022-12-30T20:18:52.2395833Z,0
5.115529,102.328617,Daerah: Kelantan<br>No:3367<br>Hex coord:(163;72),n/a,0,0,0,0,0,0,1,2022-12-30T20:18:52.9133004Z,0
5.123309,102.3421637,Daerah: Kelantan<br>No:3368<br>Hex coord:(164;72),n/a,0,0,0,0,0,0,1,2022-12-30T20:18:53.5927433Z,0
5.115529,102.3557104,Daerah: Kelantan<br>No:3369<br>Hex coord:(165;72),n/a,0,0,0,0,0,0,1,2022-12-30T20:18:54.2649469Z,0
5.123309,102.3692571,Daerah: Kelantan<br>No:3370<br>Hex coord:(166;72),n/a,0,0,0,0,0,0,1,2022-12-30T20:18:54.9463097Z,0
5.115529,102.3828038,Daerah: Kelantan<br>No:3371<br>Hex coord:(167;72),n/a,0,0,0,0,0,0,1,2022-12-30T20:18:55.6220073Z,0
5.123309,102.3963505,Daerah: Kelantan<br>No:3372<br>Hex coord:(168;72),n/a,0,0,0,0,0,0,1,2022-12-30T20:18:56.2985768Z,0
5.115529,102.4098972,Daerah: Kelantan<br>No:3373<br>Hex coord:(169;72),n/a,0,0,0,0,0,0,1,2022-12-30T20:18:56.9789418Z,0
5.123309,102.4234439,Daerah: Kelantan<br>No:3374<br>Hex coord:(170;72),n/a,0,0,0,0,0,0,1,2022-12-30T20:18:57.6577876Z,0
5.115529,102.4369906,Daerah: Kelantan<br>No:3375<br>Hex coord:(171;72),n/a,0,0,0,0,0,0,1,2022-12-30T20:18:58.3467090Z,0
5.123309,102.4505373,Daerah: Kelantan<br>No:3376<br>Hex coord:(172;72),n/a,0,0,0,0,0,0,1,2022-12-30T20:18:59.0302532Z,0
5.115529,102.464084,Daerah: Kelantan<br>No:3377<br>Hex coord:(173;72),n/a,0,0,0,0,0,0,1,2022-12-30T20:18:59.7155124Z,0
5.123309,102.4776307,Daerah: Kelantan<br>No:3378<br>Hex coord:(174;72),n/a,0,0,0,0,0,0,1,2022-12-30T20:19:00.3982217Z,0
5.115529,102.4911774,Daerah: Kelantan<br>No:3379<br>Hex coord:(175;72),n/a,0,0,0,0,0,0,1,2022-12-30T20:19:01.0667875Z,0
5.123309,102.5047241,Daerah: Kelantan<br>No:3380<br>Hex coord:(176;72),n/a,0,0,0,0,0,0,1,2022-12-30T20:19:01.8081173Z,0
5.115529,102.5182709,Daerah: Kelantan<br>No:3381<br>Hex coord:(177;72),n/a,0,0,0,0,0,0,1,2022-12-30T20:19:02.4862945Z,0
5.099969,101.4887212,Daerah: Kelantan<br>No:3382<br>Hex coord:(101;73),n/a,0,0,0,0,0,0,1,2022-12-30T20:19:03.1535839Z,0
5.107749,101.502268,Daerah: Kelantan<br>No:3383<br>Hex coord:(102;73),n/a,0,0,0,0,0,0,1,2022-12-30T20:19:03.8351814Z,0
5.099969,101.5158147,Daerah: Kelantan<br>No:3384<br>Hex coord:(103;73),n/a,0,0,0,0,0,0,1,2022-12-30T20:19:04.4979394Z,0
5.107749,101.5293614,Daerah: Kelantan<br>No:3385<br>Hex coord:(104;73),n/a,0,0,0,0,0,0,1,2022-12-30T20:19:05.2381429Z,0
5.099969,101.5429081,Daerah: Kelantan<br>No:3386<br>Hex coord:(105;73),n/a,0,0,0,0,0,0,1,2022-12-30T20:19:05.9054453Z,0
5.107749,101.5564548,Daerah: Kelantan<br>No:3387<br>Hex coord:(106;73),n/a,0,0,0,0,0,0,1,2022-12-30T20:19:06.5814246Z,0
5.099969,101.5700015,Daerah: Kelantan<br>No:3388<br>Hex coord:(107;73),n/a,0,0,0,0,0,0,1,2022-12-30T20:19:07.2510047Z,0
5.107749,101.5835482,Daerah: Kelantan<br>No:3389<br>Hex coord:(108;73),n/a,0,0,0,0,0,0,1,2022-12-30T20:19:07.9194883Z,0
5.099969,101.5970949,Daerah: Kelantan<br>No:3390<br>Hex coord:(109;73),n/a,0,0,0,0,0,0,1,2022-12-30T20:19:08.5908137Z,0
5.107749,101.6106416,Daerah: Kelantan<br>No:3391<br>Hex coord:(110;73),n/a,0,0,0,0,0,0,1,2022-12-30T20:19:09.2629637Z,0
5.099969,101.6241883,Daerah: Kelantan<br>No:3392<br>Hex coord:(111;73),n/a,0,0,0,0,0,0,1,2022-12-30T20:19:09.9345301Z,0
5.107749,101.637735,Daerah: Kelantan<br>No:3393<br>Hex coord:(112;73),n/a,0,0,0,0,0,0,1,2022-12-30T20:19:10.6036942Z,0
5.099969,101.6512817,Daerah: Kelantan<br>No:3394<br>Hex coord:(113;73),n/a,0,0,0,0,0,0,1,2022-12-30T20:19:11.2707446Z,0
5.107749,101.6648284,Daerah: Kelantan<br>No:3395<br>Hex coord:(114;73),n/a,0,0,0,0,0,0,1,2022-12-30T20:19:11.9506250Z,0
5.099969,101.6783751,Daerah: Kelantan<br>No:3396<br>Hex coord:(115;73),n/a,0,0,0,0,0,0,1,2022-12-30T20:19:12.6174389Z,0
5.107749,101.6919218,Daerah: Kelantan<br>No:3397<br>Hex coord:(116;73),n/a,0,0,0,0,0,0,1,2022-12-30T20:19:13.2885746Z,0
5.099969,101.7054685,Daerah: Kelantan<br>No:3398<br>Hex coord:(117;73),n/a,0,0,0,0,0,0,1,2022-12-30T20:19:13.9717818Z,0
5.107749,101.7190152,Daerah: Kelantan<br>No:3399<br>Hex coord:(118;73),n/a,0,0,0,0,0,0,1,2022-12-30T20:19:14.6372865Z,0
5.099969,101.7325619,Daerah: Kelantan<br>No:3400<br>Hex coord:(119;73),n/a,0,0,0,0,0,0,1,2022-12-30T20:19:15.3171320Z,0
5.107749,101.7461086,Daerah: Kelantan<br>No:3401<br>Hex coord:(120;73),n/a,0,0,0,0,0,0,1,2022-12-30T20:19:15.9912586Z,0
5.099969,101.7596554,Daerah: Kelantan<br>No:3402<br>Hex coord:(121;73),n/a,0,0,0,0,0,0,1,2022-12-30T20:19:16.6652654Z,0
5.107749,101.7732021,Daerah: Kelantan<br>No:3403<br>Hex coord:(122;73),n/a,0,0,0,0,0,0,1,2022-12-30T20:19:17.3518262Z,0
5.099969,101.7867488,Daerah: Kelantan<br>No:3404<br>Hex coord:(123;73),n/a,0,0,0,0,0,0,1,2022-12-30T20:19:18.0249367Z,0
5.107749,101.8002955,Daerah: Kelantan<br>No:3405<br>Hex coord:(124;73),n/a,0,0,0,0,0,0,1,2022-12-30T20:19:18.6947850Z,0
5.099969,101.8138422,Daerah: Kelantan<br>No:3406<br>Hex coord:(125;73),n/a,0,0,0,0,0,0,1,2022-12-30T20:19:19.3749017Z,0
5.107749,101.8273889,Daerah: Kelantan<br>No:3407<br>Hex coord:(126;73),n/a,0,0,0,0,0,0,1,2022-12-30T20:19:20.0443645Z,0
5.099969,101.8409356,Daerah: Kelantan<br>No:3408<br>Hex coord:(127;73),n/a,0,0,0,0,0,0,1,2022-12-30T20:19:20.7174463Z,0
5.107749,101.8544823,Daerah: Kelantan<br>No:3409<br>Hex coord:(128;73),n/a,0,0,0,0,0,0,1,2022-12-30T20:19:21.3844996Z,0
5.099969,101.868029,Daerah: Kelantan<br>No:3410<br>Hex coord:(129;73),n/a,0,0,0,0,0,0,1,2022-12-30T20:19:22.0566122Z,0
5.107749,101.8815757,Daerah: Kelantan<br>No:3411<br>Hex coord:(130;73),n/a,0,0,0,0,0,0,1,2022-12-30T20:19:22.7455936Z,0
5.099969,101.8951224,Daerah: Kelantan<br>No:3412<br>Hex coord:(131;73),n/a,0,0,0,0,0,0,1,2022-12-30T20:19:23.4243238Z,0
5.107749,101.9086691,Daerah: Kelantan<br>No:3413<br>Hex coord:(132;73),n/a,0,0,0,0,0,0,1,2022-12-30T20:19:24.0955509Z,0
5.099969,101.9222158,Daerah: Kelantan<br>No:3414<br>Hex coord:(133;73),n/a,0,0,0,0,0,0,1,2022-12-30T20:19:24.7624254Z,0
5.107749,101.9357625,Daerah: Kelantan<br>No:3415<br>Hex coord:(134;73),n/a,0,0,0,0,0,0,1,2022-12-30T20:19:25.4355486Z,0
5.099969,101.9493092,Daerah: Kelantan<br>No:3416<br>Hex coord:(135;73),n/a,0,0,0,0,0,0,1,2022-12-30T20:19:26.1079534Z,0
5.107749,101.9628559,Daerah: Kelantan<br>No:3417<br>Hex coord:(136;73),n/a,0,0,0,0,0,0,1,2022-12-30T20:19:26.7825621Z,0
5.099969,101.9764026,Daerah: Kelantan<br>No:3418<br>Hex coord:(137;73),n/a,0,0,0,0,0,0,1,2022-12-30T20:19:27.4643216Z,0
5.107749,101.9899493,Daerah: Kelantan<br>No:3419<br>Hex coord:(138;73),n/a,0,0,0,0,0,0,1,2022-12-30T20:19:28.1328626Z,0
5.099969,102.003496,Daerah: Kelantan<br>No:3420<br>Hex coord:(139;73),n/a,0,0,0,0,0,0,1,2022-12-30T20:19:28.8045854Z,0
5.107749,102.0170428,Daerah: Kelantan<br>No:3421<br>Hex coord:(140;73),n/a,0,0,0,0,0,0,1,2022-12-30T20:19:29.4876958Z,0
5.099969,102.0305895,Daerah: Kelantan<br>No:3422<br>Hex coord:(141;73),n/a,0,0,0,0,0,0,1,2022-12-30T20:19:30.1580701Z,0
5.107749,102.0441362,Daerah: Kelantan<br>No:3423<br>Hex coord:(142;73),n/a,0,0,0,0,0,0,1,2022-12-30T20:19:30.8482190Z,0
5.099969,102.0576829,Daerah: Kelantan<br>No:3424<br>Hex coord:(143;73),n/a,0,0,0,0,0,0,1,2022-12-30T20:19:31.5289354Z,0
5.107749,102.0712296,Daerah: Kelantan<br>No:3425<br>Hex coord:(144;73),n/a,0,0,0,0,0,0,1,2022-12-30T20:19:32.2095048Z,0
5.099969,102.0847763,Daerah: Kelantan<br>No:3426<br>Hex coord:(145;73),n/a,0,0,0,0,0,0,1,2022-12-30T20:19:32.8844990Z,0
5.107749,102.098323,Daerah: Kelantan<br>No:3427<br>Hex coord:(146;73),n/a,0,0,0,0,0,0,1,2022-12-30T20:19:33.5680199Z,0
5.099969,102.1118697,Daerah: Kelantan<br>No:3428<br>Hex coord:(147;73),n/a,0,0,0,0,0,0,1,2022-12-30T20:19:34.2324951Z,0
5.107749,102.1254164,Daerah: Kelantan<br>No:3429<br>Hex coord:(148;73),n/a,0,0,0,0,0,0,1,2022-12-30T20:19:34.9015598Z,0
5.099969,102.1389631,Daerah: Kelantan<br>No:3430<br>Hex coord:(149;73),n/a,0,0,0,0,0,0,1,2022-12-30T20:19:35.5767499Z,0
5.107749,102.1525098,Daerah: Kelantan<br>No:3431<br>Hex coord:(150;73),n/a,0,0,0,0,0,0,1,2022-12-30T20:19:36.2428139Z,0
5.099969,102.1660565,Daerah: Kelantan<br>No:3432<br>Hex coord:(151;73),n/a,0,0,0,0,0,0,1,2022-12-30T20:19:36.9145931Z,0
5.107749,102.1796032,Daerah: Kelantan<br>No:3433<br>Hex coord:(152;73),n/a,0,0,0,0,0,0,1,2022-12-30T20:19:37.5813818Z,0
5.099969,102.1931499,Daerah: Kelantan<br>No:3434<br>Hex coord:(153;73),n/a,0,0,0,0,0,0,1,2022-12-30T20:19:38.2514248Z,0
5.107749,102.2066966,Daerah: Kelantan<br>No:3435<br>Hex coord:(154;73),n/a,0,0,0,0,0,0,1,2022-12-30T20:19:38.9217776Z,0
5.099969,102.2202433,Daerah: Kelantan<br>No:3436<br>Hex coord:(155;73),n/a,0,0,0,0,0,0,1,2022-12-30T20:19:39.5956506Z,0
5.107749,102.23379,Daerah: Kelantan<br>No:3437<br>Hex coord:(156;73),n/a,0,0,0,0,0,0,1,2022-12-30T20:19:40.2586674Z,0
5.099969,102.2473367,Daerah: Kelantan<br>No:3438<br>Hex coord:(157;73),n/a,0,0,0,0,0,0,1,2022-12-30T20:19:40.9269052Z,0
5.107749,102.2608835,Daerah: Kelantan<br>No:3439<br>Hex coord:(158;73),n/a,0,0,0,0,0,0,1,2022-12-30T20:19:41.5956258Z,0
5.099969,102.2744302,Daerah: Kelantan<br>No:3440<br>Hex coord:(159;73),n/a,0,0,0,0,0,0,1,2022-12-30T20:19:42.2695760Z,0
5.107749,102.2879769,Daerah: Kelantan<br>No:3441<br>Hex coord:(160;73),n/a,0,0,0,0,0,0,1,2022-12-30T20:19:42.9483916Z,0
5.099969,102.3015236,Daerah: Kelantan<br>No:3442<br>Hex coord:(161;73),n/a,0,0,0,0,0,0,1,2022-12-30T20:19:43.6354673Z,0
5.107749,102.3150703,Daerah: Kelantan<br>No:3443<br>Hex coord:(162;73),n/a,0,0,0,0,0,0,1,2022-12-30T20:19:46.6810272Z,0
5.099969,102.328617,Daerah: Kelantan<br>No:3444<br>Hex coord:(163;73),n/a,0,0,0,0,0,0,1,2022-12-30T20:19:47.3778060Z,0
5.107749,102.3421637,Daerah: Kelantan<br>No:3445<br>Hex coord:(164;73),n/a,0,0,0,0,0,0,1,2022-12-30T20:19:48.0510387Z,0
5.099969,102.3557104,Daerah: Kelantan<br>No:3446<br>Hex coord:(165;73),n/a,0,0,0,0,0,0,1,2022-12-30T20:19:48.7239324Z,0
5.107749,102.3692571,Daerah: Kelantan<br>No:3447<br>Hex coord:(166;73),n/a,0,0,0,0,0,0,1,2022-12-30T20:19:49.3904836Z,0
5.099969,102.3828038,Daerah: Kelantan<br>No:3448<br>Hex coord:(167;73),n/a,0,0,0,0,0,0,1,2022-12-30T20:19:50.0594813Z,0
5.107749,102.3963505,Daerah: Kelantan<br>No:3449<br>Hex coord:(168;73),n/a,0,0,0,0,0,0,1,2022-12-30T20:19:50.7341283Z,0
5.099969,102.4098972,Daerah: Kelantan<br>No:3450<br>Hex coord:(169;73),n/a,0,0,0,0,0,0,1,2022-12-30T20:19:51.3991649Z,0
5.107749,102.4234439,Daerah: Kelantan<br>No:3451<br>Hex coord:(170;73),n/a,0,0,0,0,0,0,1,2022-12-30T20:19:52.0714897Z,0
5.099969,102.4369906,Daerah: Kelantan<br>No:3452<br>Hex coord:(171;73),n/a,0,0,0,0,0,0,1,2022-12-30T20:19:52.7482391Z,0
5.107749,102.4505373,Daerah: Kelantan<br>No:3453<br>Hex coord:(172;73),n/a,0,0,0,0,0,0,1,2022-12-30T20:19:53.4201662Z,0
5.099969,102.464084,Daerah: Kelantan<br>No:3454<br>Hex coord:(173;73),n/a,0,0,0,0,0,0,1,2022-12-30T20:19:54.0915356Z,0
5.107749,102.4776307,Daerah: Kelantan<br>No:3455<br>Hex coord:(174;73),n/a,0,0,0,0,0,0,1,2022-12-30T20:19:54.7576115Z,0
5.099969,102.4911774,Daerah: Kelantan<br>No:3456<br>Hex coord:(175;73),n/a,0,0,0,0,0,0,1,2022-12-30T20:19:55.4454915Z,0
5.107749,102.5047241,Daerah: Kelantan<br>No:3457<br>Hex coord:(176;73),n/a,0,0,0,0,0,0,1,2022-12-30T20:19:56.1234353Z,0
5.084409,101.4887212,Daerah: Kelantan<br>No:3458<br>Hex coord:(101;74),n/a,0,0,0,0,0,0,1,2022-12-30T20:19:56.7913032Z,0
5.092189,101.502268,Daerah: Kelantan<br>No:3459<br>Hex coord:(102;74),n/a,0,0,0,0,0,0,1,2022-12-30T20:19:57.4583320Z,0
5.084409,101.5158147,Daerah: Kelantan<br>No:3460<br>Hex coord:(103;74),n/a,0,0,0,0,0,0,1,2022-12-30T20:19:58.1272207Z,0
5.092189,101.5293614,Daerah: Kelantan<br>No:3461<br>Hex coord:(104;74),n/a,0,0,0,0,0,0,1,2022-12-30T20:19:58.8027581Z,0
5.084409,101.5429081,Daerah: Kelantan<br>No:3462<br>Hex coord:(105;74),n/a,0,0,0,0,0,0,1,2022-12-30T20:19:59.4740217Z,0
5.092189,101.5564548,Daerah: Kelantan<br>No:3463<br>Hex coord:(106;74),n/a,0,0,0,0,0,0,1,2022-12-30T20:20:00.1396126Z,0
5.084409,101.5700015,Daerah: Kelantan<br>No:3464<br>Hex coord:(107;74),n/a,0,0,0,0,0,0,1,2022-12-30T20:20:00.8138868Z,0
5.092189,101.5835482,Daerah: Kelantan<br>No:3465<br>Hex coord:(108;74),n/a,0,0,0,0,0,0,1,2022-12-30T20:20:01.4806176Z,0
5.084409,101.5970949,Daerah: Kelantan<br>No:3466<br>Hex coord:(109;74),n/a,0,0,0,0,0,0,1,2022-12-30T20:20:02.1488355Z,0
5.092189,101.6106416,Daerah: Kelantan<br>No:3467<br>Hex coord:(110;74),n/a,0,0,0,0,0,0,1,2022-12-30T20:20:02.8215255Z,0
5.084409,101.6241883,Daerah: Kelantan<br>No:3468<br>Hex coord:(111;74),n/a,0,0,0,0,0,0,1,2022-12-30T20:20:03.4925049Z,0
5.092189,101.637735,Daerah: Kelantan<br>No:3469<br>Hex coord:(112;74),n/a,0,0,0,0,0,0,1,2022-12-30T20:20:04.1806885Z,0
5.084409,101.6512817,Daerah: Kelantan<br>No:3470<br>Hex coord:(113;74),n/a,0,0,0,0,0,0,1,2022-12-30T20:20:04.8476583Z,0
5.092189,101.6648284,Daerah: Kelantan<br>No:3471<br>Hex coord:(114;74),n/a,0,0,0,0,0,0,1,2022-12-30T20:20:05.5209432Z,0
5.084409,101.6783751,Daerah: Kelantan<br>No:3472<br>Hex coord:(115;74),n/a,0,0,0,0,0,0,1,2022-12-30T20:20:06.1905103Z,0
5.092189,101.6919218,Daerah: Kelantan<br>No:3473<br>Hex coord:(116;74),n/a,0,0,0,0,0,0,1,2022-12-30T20:20:06.8697912Z,0
5.084409,101.7054685,Daerah: Kelantan<br>No:3474<br>Hex coord:(117;74),n/a,0,0,0,0,0,0,1,2022-12-30T20:20:07.5571581Z,0
5.092189,101.7190152,Daerah: Kelantan<br>No:3475<br>Hex coord:(118;74),n/a,0,0,0,0,0,0,1,2022-12-30T20:20:08.2267483Z,0
5.084409,101.7325619,Daerah: Kelantan<br>No:3476<br>Hex coord:(119;74),n/a,0,0,0,0,0,0,1,2022-12-30T20:20:08.9080446Z,0
5.092189,101.7461086,Daerah: Kelantan<br>No:3477<br>Hex coord:(120;74),n/a,0,0,0,0,0,0,1,2022-12-30T20:20:09.5792899Z,0
5.084409,101.7596554,Daerah: Kelantan<br>No:3478<br>Hex coord:(121;74),n/a,0,0,0,0,0,0,1,2022-12-30T20:20:10.2513342Z,0
5.092189,101.7732021,Daerah: Kelantan<br>No:3479<br>Hex coord:(122;74),n/a,0,0,0,0,0,0,1,2022-12-30T20:20:10.9256865Z,0
5.084409,101.7867488,Daerah: Kelantan<br>No:3480<br>Hex coord:(123;74),n/a,0,0,0,0,0,0,1,2022-12-30T20:20:11.6020921Z,0
5.092189,101.8002955,Daerah: Kelantan<br>No:3481<br>Hex coord:(124;74),n/a,0,0,0,0,0,0,1,2022-12-30T20:20:12.3365399Z,0
5.084409,101.8138422,Daerah: Kelantan<br>No:3482<br>Hex coord:(125;74),n/a,0,0,0,0,0,0,1,2022-12-30T20:20:13.0035652Z,0
5.092189,101.8273889,Daerah: Kelantan<br>No:3483<br>Hex coord:(126;74),n/a,0,0,0,0,0,0,1,2022-12-30T20:20:13.6840617Z,0
5.084409,101.8409356,Daerah: Kelantan<br>No:3484<br>Hex coord:(127;74),n/a,0,0,0,0,0,0,1,2022-12-30T20:20:14.3560927Z,0
5.092189,101.8544823,Daerah: Kelantan<br>No:3485<br>Hex coord:(128;74),n/a,0,0,0,0,0,0,1,2022-12-30T20:20:15.0408171Z,0
5.084409,101.868029,Daerah: Kelantan<br>No:3486<br>Hex coord:(129;74),n/a,0,0,0,0,0,0,1,2022-12-30T20:20:15.7098476Z,0
5.092189,101.8815757,Daerah: Kelantan<br>No:3487<br>Hex coord:(130;74),n/a,0,0,0,0,0,0,1,2022-12-30T20:20:16.3799453Z,0
5.084409,101.8951224,Daerah: Kelantan<br>No:3488<br>Hex coord:(131;74),n/a,0,0,0,0,0,0,1,2022-12-30T20:20:17.0609029Z,0
5.092189,101.9086691,Daerah: Kelantan<br>No:3489<br>Hex coord:(132;74),n/a,0,0,0,0,0,0,1,2022-12-30T20:20:17.7436078Z,0
5.084409,101.9222158,Daerah: Kelantan<br>No:3490<br>Hex coord:(133;74),n/a,0,0,0,0,0,0,1,2022-12-30T20:20:18.4130551Z,0
5.092189,101.9357625,Daerah: Kelantan<br>No:3491<br>Hex coord:(134;74),n/a,0,0,0,0,0,0,1,2022-12-30T20:20:19.0991827Z,0
5.084409,101.9493092,Daerah: Kelantan<br>No:3492<br>Hex coord:(135;74),n/a,0,0,0,0,0,0,1,2022-12-30T20:20:19.7777287Z,0
5.092189,101.9628559,Daerah: Kelantan<br>No:3493<br>Hex coord:(136;74),n/a,0,0,0,0,0,0,1,2022-12-30T20:20:20.4538107Z,0
5.084409,101.9764026,Daerah: Kelantan<br>No:3494<br>Hex coord:(137;74),n/a,0,0,0,0,0,0,1,2022-12-30T20:20:21.1311573Z,0
5.092189,101.9899493,Daerah: Kelantan<br>No:3495<br>Hex coord:(138;74),n/a,0,0,0,0,0,0,1,2022-12-30T20:20:21.8088157Z,0
5.084409,102.003496,Daerah: Kelantan<br>No:3496<br>Hex coord:(139;74),n/a,0,0,0,0,0,0,1,2022-12-30T20:20:22.4869991Z,0
5.092189,102.0170428,Daerah: Kelantan<br>No:3497<br>Hex coord:(140;74),n/a,0,0,0,0,0,0,1,2022-12-30T20:20:23.1554036Z,0
5.084409,102.0305895,Daerah: Kelantan<br>No:3498<br>Hex coord:(141;74),n/a,0,0,0,0,0,0,1,2022-12-30T20:20:23.8393181Z,0
5.092189,102.0441362,Daerah: Kelantan<br>No:3499<br>Hex coord:(142;74),n/a,0,0,0,0,0,0,1,2022-12-30T20:20:24.5076362Z,0
5.084409,102.0576829,Daerah: Kelantan<br>No:3500<br>Hex coord:(143;74),n/a,0,0,0,0,0,0,1,2022-12-30T20:20:25.1783495Z,0
5.092189,102.0712296,Daerah: Kelantan<br>No:3501<br>Hex coord:(144;74),n/a,0,0,0,0,0,0,1,2022-12-30T20:20:25.8566520Z,0
5.084409,102.0847763,Daerah: Kelantan<br>No:3502<br>Hex coord:(145;74),n/a,0,0,0,0,0,0,1,2022-12-30T20:20:26.5392803Z,0
5.092189,102.098323,Daerah: Kelantan<br>No:3503<br>Hex coord:(146;74),n/a,0,0,0,0,0,0,1,2022-12-30T20:20:27.2094321Z,0
5.084409,102.1118697,Daerah: Kelantan<br>No:3504<br>Hex coord:(147;74),n/a,0,0,0,0,0,0,1,2022-12-30T20:20:27.8751595Z,0
5.092189,102.1254164,Daerah: Kelantan<br>No:3505<br>Hex coord:(148;74),n/a,0,0,0,0,0,0,1,2022-12-30T20:20:28.5550329Z,0
5.084409,102.1389631,Daerah: Kelantan<br>No:3506<br>Hex coord:(149;74),n/a,0,0,0,0,0,0,1,2022-12-30T20:20:29.2241786Z,0
5.092189,102.1525098,Daerah: Kelantan<br>No:3507<br>Hex coord:(150;74),n/a,0,0,0,0,0,0,1,2022-12-30T20:20:29.9123599Z,0
5.084409,102.1660565,Daerah: Kelantan<br>No:3508<br>Hex coord:(151;74),n/a,0,0,0,0,0,0,1,2022-12-30T20:20:30.5863342Z,0
5.092189,102.1796032,Daerah: Kelantan<br>No:3509<br>Hex coord:(152;74),n/a,0,0,0,0,0,0,1,2022-12-30T20:20:31.2612966Z,0
5.084409,102.1931499,Daerah: Kelantan<br>No:3510<br>Hex coord:(153;74),n/a,0,0,0,0,0,0,1,2022-12-30T20:20:31.9357495Z,0
5.092189,102.2066966,Daerah: Kelantan<br>No:3511<br>Hex coord:(154;74),n/a,0,0,0,0,0,0,1,2022-12-30T20:20:32.6113910Z,0
5.084409,102.2202433,Daerah: Kelantan<br>No:3512<br>Hex coord:(155;74),n/a,0,0,0,0,0,0,1,2022-12-30T20:20:33.2858433Z,0
5.092189,102.23379,Daerah: Kelantan<br>No:3513<br>Hex coord:(156;74),n/a,0,0,0,0,0,0,1,2022-12-30T20:20:33.9636122Z,0
5.084409,102.2473367,Daerah: Kelantan<br>No:3514<br>Hex coord:(157;74),n/a,0,0,0,0,0,0,1,2022-12-30T20:20:34.6308230Z,0
5.092189,102.2608835,Daerah: Kelantan<br>No:3515<br>Hex coord:(158;74),n/a,0,0,0,0,0,0,1,2022-12-30T20:20:35.3243103Z,0
5.084409,102.2744302,Daerah: Kelantan<br>No:3516<br>Hex coord:(159;74),n/a,0,0,0,0,0,0,1,2022-12-30T20:20:36.0059625Z,0
5.092189,102.2879769,Daerah: Kelantan<br>No:3517<br>Hex coord:(160;74),n/a,0,0,0,0,0,0,1,2022-12-30T20:20:36.6862643Z,0
5.084409,102.3015236,Daerah: Kelantan<br>No:3518<br>Hex coord:(161;74),n/a,0,0,0,0,0,0,1,2022-12-30T20:20:37.3656193Z,0
5.092189,102.3150703,Daerah: Kelantan<br>No:3519<br>Hex coord:(162;74),n/a,0,0,0,0,0,0,1,2022-12-30T20:20:38.0435156Z,0
5.084409,102.328617,Daerah: Kelantan<br>No:3520<br>Hex coord:(163;74),n/a,0,0,0,0,0,0,1,2022-12-30T20:20:38.7248221Z,0
5.092189,102.3421637,Daerah: Kelantan<br>No:3521<br>Hex coord:(164;74),n/a,0,0,0,0,0,0,1,2022-12-30T20:20:39.3946078Z,0
5.084409,102.3557104,Daerah: Kelantan<br>No:3522<br>Hex coord:(165;74),n/a,0,0,0,0,0,0,1,2022-12-30T20:20:40.0809342Z,0
5.092189,102.3692571,Daerah: Kelantan<br>No:3523<br>Hex coord:(166;74),n/a,0,0,0,0,0,0,1,2022-12-30T20:20:40.7611222Z,0
5.084409,102.3828038,Daerah: Kelantan<br>No:3524<br>Hex coord:(167;74),n/a,0,0,0,0,0,0,1,2022-12-30T20:20:41.4369085Z,0
5.092189,102.3963505,Daerah: Kelantan<br>No:3525<br>Hex coord:(168;74),n/a,0,0,0,0,0,0,1,2022-12-30T20:20:42.1135347Z,0
5.084409,102.4098972,Daerah: Kelantan<br>No:3526<br>Hex coord:(169;74),n/a,0,0,0,0,0,0,1,2022-12-30T20:20:42.7916750Z,0
5.092189,102.4234439,Daerah: Kelantan<br>No:3527<br>Hex coord:(170;74),n/a,0,0,0,0,0,0,1,2022-12-30T20:20:43.4659258Z,0
5.084409,102.4369906,Daerah: Kelantan<br>No:3528<br>Hex coord:(171;74),n/a,0,0,0,0,0,0,1,2022-12-30T20:20:44.1452015Z,0
5.092189,102.4505373,Daerah: Kelantan<br>No:3529<br>Hex coord:(172;74),n/a,0,0,0,0,0,0,1,2022-12-30T20:20:44.8200179Z,0
5.084409,102.464084,Daerah: Kelantan<br>No:3530<br>Hex coord:(173;74),n/a,0,0,0,0,0,0,1,2022-12-30T20:20:45.4901850Z,0
5.092189,102.4776307,Daerah: Kelantan<br>No:3531<br>Hex coord:(174;74),n/a,0,0,0,0,0,0,1,2022-12-30T20:20:46.1778531Z,0
5.084409,102.4911774,Daerah: Kelantan<br>No:3532<br>Hex coord:(175;74),n/a,0,0,0,0,0,0,1,2022-12-30T20:20:46.8575623Z,0
5.076629,101.4751745,Daerah: Kelantan<br>No:3533<br>Hex coord:(100;75),n/a,0,0,0,0,0,0,1,2022-12-30T20:20:47.5457083Z,0
5.068849,101.4887212,Daerah: Kelantan<br>No:3534<br>Hex coord:(101;75),n/a,0,0,0,0,0,0,1,2022-12-30T20:20:48.2284733Z,0
5.076629,101.502268,Daerah: Kelantan<br>No:3535<br>Hex coord:(102;75),n/a,0,0,0,0,0,0,1,2022-12-30T20:20:48.9077271Z,0
5.068849,101.5158147,Daerah: Kelantan<br>No:3536<br>Hex coord:(103;75),n/a,0,0,0,0,0,0,1,2022-12-30T20:20:49.5808623Z,0
5.076629,101.5293614,Daerah: Kelantan<br>No:3537<br>Hex coord:(104;75),n/a,0,0,0,0,0,0,1,2022-12-30T20:20:50.2599868Z,0
5.068849,101.5429081,Daerah: Kelantan<br>No:3538<br>Hex coord:(105;75),n/a,0,0,0,0,0,0,1,2022-12-30T20:20:50.9345582Z,0
5.076629,101.5564548,Daerah: Kelantan<br>No:3539<br>Hex coord:(106;75),n/a,0,0,0,0,0,0,1,2022-12-30T20:20:51.6322888Z,0
5.068849,101.5700015,Daerah: Kelantan<br>No:3540<br>Hex coord:(107;75),n/a,0,0,0,0,0,0,1,2022-12-30T20:20:52.3094208Z,0
5.076629,101.5835482,Daerah: Kelantan<br>No:3541<br>Hex coord:(108;75),n/a,0,0,0,0,0,0,1,2022-12-30T20:20:53.0262795Z,0
5.068849,101.5970949,Daerah: Kelantan<br>No:3542<br>Hex coord:(109;75),n/a,0,0,0,0,0,0,1,2022-12-30T20:20:53.6976208Z,0
5.076629,101.6106416,Daerah: Kelantan<br>No:3543<br>Hex coord:(110;75),n/a,0,0,0,0,0,0,1,2022-12-30T20:20:54.3790929Z,0
5.068849,101.6241883,Daerah: Kelantan<br>No:3544<br>Hex coord:(111;75),n/a,0,0,0,0,0,0,1,2022-12-30T20:20:55.0449911Z,0
5.076629,101.637735,Daerah: Kelantan<br>No:3545<br>Hex coord:(112;75),n/a,0,0,0,0,0,0,1,2022-12-30T20:20:55.7229110Z,0
5.068849,101.6512817,Daerah: Kelantan<br>No:3546<br>Hex coord:(113;75),n/a,0,0,0,0,0,0,1,2022-12-30T20:20:56.3914768Z,0
5.076629,101.6648284,Daerah: Kelantan<br>No:3547<br>Hex coord:(114;75),n/a,0,0,0,0,0,0,1,2022-12-30T20:20:57.0695735Z,0
5.068849,101.6783751,Daerah: Kelantan<br>No:3548<br>Hex coord:(115;75),n/a,0,0,0,0,0,0,1,2022-12-30T20:20:57.7428038Z,0
5.076629,101.6919218,Daerah: Kelantan<br>No:3549<br>Hex coord:(116;75),n/a,0,0,0,0,0,0,1,2022-12-30T20:20:58.4153612Z,0
5.068849,101.7054685,Daerah: Kelantan<br>No:3550<br>Hex coord:(117;75),n/a,0,0,0,0,0,0,1,2022-12-30T20:20:59.0928517Z,0
5.076629,101.7190152,Daerah: Kelantan<br>No:3551<br>Hex coord:(118;75),n/a,0,0,0,0,0,0,1,2022-12-30T20:20:59.7659705Z,0
5.068849,101.7325619,Daerah: Kelantan<br>No:3552<br>Hex coord:(119;75),n/a,0,0,0,0,0,0,1,2022-12-30T20:21:00.4474436Z,0
5.076629,101.7461086,Daerah: Kelantan<br>No:3553<br>Hex coord:(120;75),n/a,0,0,0,0,0,0,1,2022-12-30T20:21:01.1278396Z,0
5.068849,101.7596554,Daerah: Kelantan<br>No:3554<br>Hex coord:(121;75),n/a,0,0,0,0,0,0,1,2022-12-30T20:21:01.7998672Z,0
5.076629,101.7732021,Daerah: Kelantan<br>No:3555<br>Hex coord:(122;75),n/a,0,0,0,0,0,0,1,2022-12-30T20:21:02.4680806Z,0
5.068849,101.7867488,Daerah: Kelantan<br>No:3556<br>Hex coord:(123;75),n/a,0,0,0,0,0,0,1,2022-12-30T20:21:03.1402210Z,0
5.076629,101.8002955,Daerah: Kelantan<br>No:3557<br>Hex coord:(124;75),n/a,0,0,0,0,0,0,1,2022-12-30T20:21:03.8195083Z,0
5.068849,101.8138422,Daerah: Kelantan<br>No:3558<br>Hex coord:(125;75),n/a,0,0,0,0,0,0,1,2022-12-30T20:21:04.4782030Z,0
5.076629,101.8273889,Daerah: Kelantan<br>No:3559<br>Hex coord:(126;75),n/a,0,0,0,0,0,0,1,2022-12-30T20:21:05.1515131Z,0
5.068849,101.8409356,Daerah: Kelantan<br>No:3560<br>Hex coord:(127;75),n/a,0,0,0,0,0,0,1,2022-12-30T20:21:05.8233619Z,0
5.076629,101.8544823,Daerah: Kelantan<br>No:3561<br>Hex coord:(128;75),n/a,0,0,0,0,0,0,1,2022-12-30T20:21:06.5040214Z,0
5.068849,101.868029,Daerah: Kelantan<br>No:3562<br>Hex coord:(129;75),n/a,0,0,0,0,0,0,1,2022-12-30T20:21:07.1777790Z,0
5.076629,101.8815757,Daerah: Kelantan<br>No:3563<br>Hex coord:(130;75),n/a,0,0,0,0,0,0,1,2022-12-30T20:21:07.8621807Z,0
5.068849,101.8951224,Daerah: Kelantan<br>No:3564<br>Hex coord:(131;75),n/a,0,0,0,0,0,0,1,2022-12-30T20:21:08.5367103Z,0
5.076629,101.9086691,Daerah: Kelantan<br>No:3565<br>Hex coord:(132;75),n/a,0,0,0,0,0,0,1,2022-12-30T20:21:09.2131602Z,0
5.068849,101.9222158,Daerah: Kelantan<br>No:3566<br>Hex coord:(133;75),n/a,0,0,0,0,0,0,1,2022-12-30T20:21:09.8999272Z,0
5.076629,101.9357625,Daerah: Kelantan<br>No:3567<br>Hex coord:(134;75),n/a,0,0,0,0,0,0,1,2022-12-30T20:21:10.5895678Z,0
5.068849,101.9493092,Daerah: Kelantan<br>No:3568<br>Hex coord:(135;75),n/a,0,0,0,0,0,0,1,2022-12-30T20:21:11.3415905Z,0
5.076629,101.9628559,Daerah: Kelantan<br>No:3569<br>Hex coord:(136;75),n/a,0,0,0,0,0,0,1,2022-12-30T20:21:12.0812846Z,0
5.068849,101.9764026,Daerah: Kelantan<br>No:3570<br>Hex coord:(137;75),n/a,0,0,0,0,0,0,1,2022-12-30T20:21:12.7628963Z,0
5.076629,101.9899493,Daerah: Kelantan<br>No:3571<br>Hex coord:(138;75),n/a,0,0,0,0,0,0,1,2022-12-30T20:21:13.4434135Z,0
5.068849,102.003496,Daerah: Kelantan<br>No:3572<br>Hex coord:(139;75),n/a,0,0,0,0,0,0,1,2022-12-30T20:21:14.1167469Z,0
5.076629,102.0170428,Daerah: Kelantan<br>No:3573<br>Hex coord:(140;75),n/a,0,0,0,0,0,0,1,2022-12-30T20:21:14.7909747Z,0
5.068849,102.0305895,Daerah: Kelantan<br>No:3574<br>Hex coord:(141;75),n/a,0,0,0,0,0,0,1,2022-12-30T20:21:15.4645121Z,0
5.076629,102.0441362,Daerah: Kelantan<br>No:3575<br>Hex coord:(142;75),n/a,0,0,0,0,0,0,1,2022-12-30T20:21:16.1315074Z,0
5.068849,102.0576829,Daerah: Kelantan<br>No:3576<br>Hex coord:(143;75),n/a,0,0,0,0,0,0,1,2022-12-30T20:21:16.8165344Z,0
5.076629,102.0712296,Daerah: Kelantan<br>No:3577<br>Hex coord:(144;75),n/a,0,0,0,0,0,0,1,2022-12-30T20:21:17.4932907Z,0
5.068849,102.0847763,Daerah: Kelantan<br>No:3578<br>Hex coord:(145;75),n/a,0,0,0,0,0,0,1,2022-12-30T20:21:18.1714194Z,0
5.076629,102.098323,Daerah: Kelantan<br>No:3579<br>Hex coord:(146;75),n/a,0,0,0,0,0,0,1,2022-12-30T20:21:18.8539386Z,0
5.068849,102.1118697,Daerah: Kelantan<br>No:3580<br>Hex coord:(147;75),n/a,0,0,0,0,0,0,1,2022-12-30T20:21:19.5297493Z,0
5.076629,102.1254164,Daerah: Kelantan<br>No:3581<br>Hex coord:(148;75),n/a,0,0,0,0,0,0,1,2022-12-30T20:21:20.2184511Z,0
5.068849,102.1389631,Daerah: Kelantan<br>No:3582<br>Hex coord:(149;75),n/a,0,0,0,0,0,0,1,2022-12-30T20:21:20.8937884Z,0
5.076629,102.1525098,Daerah: Kelantan<br>No:3583<br>Hex coord:(150;75),n/a,0,0,0,0,0,0,1,2022-12-30T20:21:21.5671223Z,0
5.068849,102.1660565,Daerah: Kelantan<br>No:3584<br>Hex coord:(151;75),n/a,0,0,0,0,0,0,1,2022-12-30T20:21:22.2307173Z,0
5.076629,102.1796032,Daerah: Kelantan<br>No:3585<br>Hex coord:(152;75),n/a,0,0,0,0,0,0,1,2022-12-30T20:21:22.9050654Z,0
5.068849,102.1931499,Daerah: Kelantan<br>No:3586<br>Hex coord:(153;75),n/a,0,0,0,0,0,0,1,2022-12-30T20:21:23.5723645Z,0
5.076629,102.2066966,Daerah: Kelantan<br>No:3587<br>Hex coord:(154;75),n/a,0,0,0,0,0,0,1,2022-12-30T20:21:24.2455221Z,0
5.068849,102.2202433,Daerah: Kelantan<br>No:3588<br>Hex coord:(155;75),n/a,0,0,0,0,0,0,1,2022-12-30T20:21:24.9236417Z,0
5.076629,102.23379,Daerah: Kelantan<br>No:3589<br>Hex coord:(156;75),n/a,0,0,0,0,0,0,1,2022-12-30T20:21:25.6028319Z,0
5.068849,102.2473367,Daerah: Kelantan<br>No:3590<br>Hex coord:(157;75),n/a,0,0,0,0,0,0,1,2022-12-30T20:21:26.2725042Z,0
5.076629,102.2608835,Daerah: Kelantan<br>No:3591<br>Hex coord:(158;75),n/a,0,0,0,0,0,0,1,2022-12-30T20:21:26.9458365Z,0
5.068849,102.2744302,Daerah: Kelantan<br>No:3592<br>Hex coord:(159;75),n/a,0,0,0,0,0,0,1,2022-12-30T20:21:27.6174622Z,0
5.076629,102.2879769,Daerah: Kelantan<br>No:3593<br>Hex coord:(160;75),n/a,0,0,0,0,0,0,1,2022-12-30T20:21:28.2908931Z,0
5.068849,102.3015236,Daerah: Kelantan<br>No:3594<br>Hex coord:(161;75),n/a,0,0,0,0,0,0,1,2022-12-30T20:21:28.9698058Z,0
5.076629,102.3150703,Daerah: Kelantan<br>No:3595<br>Hex coord:(162;75),n/a,0,0,0,0,0,0,1,2022-12-30T20:21:29.6454268Z,0
5.068849,102.328617,Daerah: Kelantan<br>No:3596<br>Hex coord:(163;75),n/a,0,0,0,0,0,0,1,2022-12-30T20:21:30.3270149Z,0
5.076629,102.3421637,Daerah: Kelantan<br>No:3597<br>Hex coord:(164;75),n/a,0,0,0,0,0,0,1,2022-12-30T20:21:30.9967122Z,0
5.068849,102.3557104,Daerah: Kelantan<br>No:3598<br>Hex coord:(165;75),n/a,0,0,0,0,0,0,1,2022-12-30T20:21:31.6734549Z,0
5.076629,102.3692571,Daerah: Kelantan<br>No:3599<br>Hex coord:(166;75),n/a,0,0,0,0,0,0,1,2022-12-30T20:21:32.3430770Z,0
5.068849,102.3828038,Daerah: Kelantan<br>No:3600<br>Hex coord:(167;75),n/a,0,0,0,0,0,0,1,2022-12-30T20:21:33.0151861Z,0
5.076629,102.3963505,Daerah: Kelantan<br>No:3601<br>Hex coord:(168;75),n/a,0,0,0,0,0,0,1,2022-12-30T20:21:33.6931060Z,0
5.068849,102.4098972,Daerah: Kelantan<br>No:3602<br>Hex coord:(169;75),n/a,0,0,0,0,0,0,1,2022-12-30T20:21:34.3745382Z,0
5.076629,102.4234439,Daerah: Kelantan<br>No:3603<br>Hex coord:(170;75),n/a,0,0,0,0,0,0,1,2022-12-30T20:21:35.0431412Z,0
5.068849,102.4369906,Daerah: Kelantan<br>No:3604<br>Hex coord:(171;75),n/a,0,0,0,0,0,0,1,2022-12-30T20:21:35.7293009Z,0
5.076629,102.4505373,Daerah: Kelantan<br>No:3605<br>Hex coord:(172;75),n/a,0,0,0,0,0,0,1,2022-12-30T20:21:36.4026599Z,0
5.068849,102.464084,Daerah: Kelantan<br>No:3606<br>Hex coord:(173;75),n/a,0,0,0,0,0,0,1,2022-12-30T20:21:37.0868566Z,0
5.076629,102.4776307,Daerah: Kelantan<br>No:3607<br>Hex coord:(174;75),n/a,0,0,0,0,0,0,1,2022-12-30T20:21:37.7834714Z,0
5.068849,102.4911774,Daerah: Kelantan<br>No:3608<br>Hex coord:(175;75),n/a,0,0,0,0,0,0,1,2022-12-30T20:21:38.4638040Z,0
5.053289,101.4616278,Daerah: Kelantan<br>No:3609<br>Hex coord:(99;76),n/a,0,0,0,0,0,0,1,2022-12-30T20:21:39.1493150Z,0
5.061069,101.4751745,Daerah: Kelantan<br>No:3610<br>Hex coord:(100;76),n/a,0,0,0,0,0,0,1,2022-12-30T20:21:39.8176250Z,0
5.053289,101.4887212,Daerah: Kelantan<br>No:3611<br>Hex coord:(101;76),n/a,0,0,0,0,0,0,1,2022-12-30T20:21:40.4955826Z,0
5.061069,101.502268,Daerah: Kelantan<br>No:3612<br>Hex coord:(102;76),n/a,0,0,0,0,0,0,1,2022-12-30T20:21:41.1606686Z,0
5.053289,101.5158147,Daerah: Kelantan<br>No:3613<br>Hex coord:(103;76),n/a,0,0,0,0,0,0,1,2022-12-30T20:21:41.8418219Z,0
5.061069,101.5293614,Daerah: Kelantan<br>No:3614<br>Hex coord:(104;76),n/a,0,0,0,0,0,0,1,2022-12-30T20:21:42.5123877Z,0
5.053289,101.5429081,Daerah: Kelantan<br>No:3615<br>Hex coord:(105;76),n/a,0,0,0,0,0,0,1,2022-12-30T20:21:43.1895821Z,0
5.061069,101.5564548,Daerah: Kelantan<br>No:3616<br>Hex coord:(106;76),n/a,0,0,0,0,0,0,1,2022-12-30T20:21:43.8518624Z,0
5.053289,101.5700015,Daerah: Kelantan<br>No:3617<br>Hex coord:(107;76),n/a,0,0,0,0,0,0,1,2022-12-30T20:21:54.1210712Z,0
5.061069,101.5835482,Daerah: Kelantan<br>No:3618<br>Hex coord:(108;76),n/a,0,0,0,0,0,0,1,2022-12-30T20:21:54.7950350Z,0
5.053289,101.5970949,Daerah: Kelantan<br>No:3619<br>Hex coord:(109;76),n/a,0,0,0,0,0,0,1,2022-12-30T20:21:55.4751888Z,0
5.061069,101.6106416,Daerah: Kelantan<br>No:3620<br>Hex coord:(110;76),n/a,0,0,0,0,0,0,1,2022-12-30T20:21:56.1377523Z,0
5.053289,101.6241883,Daerah: Kelantan<br>No:3621<br>Hex coord:(111;76),n/a,0,0,0,0,0,0,1,2022-12-30T20:21:56.8227369Z,0
5.061069,101.637735,Daerah: Kelantan<br>No:3622<br>Hex coord:(112;76),n/a,0,0,0,0,0,0,1,2022-12-30T20:21:57.4912141Z,0
5.053289,101.6512817,Daerah: Kelantan<br>No:3623<br>Hex coord:(113;76),n/a,0,0,0,0,0,0,1,2022-12-30T20:21:58.1751207Z,0
5.061069,101.6648284,Daerah: Kelantan<br>No:3624<br>Hex coord:(114;76),n/a,0,0,0,0,0,0,1,2022-12-30T20:21:58.8412737Z,0
5.053289,101.6783751,Daerah: Kelantan<br>No:3625<br>Hex coord:(115;76),n/a,0,0,0,0,0,0,1,2022-12-30T20:21:59.5131410Z,0
5.061069,101.6919218,Daerah: Kelantan<br>No:3626<br>Hex coord:(116;76),n/a,0,0,0,0,0,0,1,2022-12-30T20:22:00.1850403Z,0
5.053289,101.7054685,Daerah: Kelantan<br>No:3627<br>Hex coord:(117;76),n/a,0,0,0,0,0,0,1,2022-12-30T20:22:00.8719269Z,0
5.061069,101.7190152,Daerah: Kelantan<br>No:3628<br>Hex coord:(118;76),n/a,0,0,0,0,0,0,1,2022-12-30T20:22:01.5458966Z,0
5.053289,101.7325619,Daerah: Kelantan<br>No:3629<br>Hex coord:(119;76),n/a,0,0,0,0,0,0,1,2022-12-30T20:22:02.2226708Z,0
5.061069,101.7461086,Daerah: Kelantan<br>No:3630<br>Hex coord:(120;76),n/a,0,0,0,0,0,0,1,2022-12-30T20:22:02.9018253Z,0
5.053289,101.7596554,Daerah: Kelantan<br>No:3631<br>Hex coord:(121;76),n/a,0,0,0,0,0,0,1,2022-12-30T20:22:03.5709785Z,0
5.061069,101.7732021,Daerah: Kelantan<br>No:3632<br>Hex coord:(122;76),n/a,0,0,0,0,0,0,1,2022-12-30T20:22:04.2495326Z,0
5.053289,101.7867488,Daerah: Kelantan<br>No:3633<br>Hex coord:(123;76),n/a,0,0,0,0,0,0,1,2022-12-30T20:22:04.9240161Z,0
5.061069,101.8002955,Daerah: Kelantan<br>No:3634<br>Hex coord:(124;76),n/a,0,0,0,0,0,0,1,2022-12-30T20:22:05.5998078Z,0
5.053289,101.8138422,Daerah: Kelantan<br>No:3635<br>Hex coord:(125;76),n/a,0,0,0,0,0,0,1,2022-12-30T20:22:06.2754528Z,0
5.061069,101.8273889,Daerah: Kelantan<br>No:3636<br>Hex coord:(126;76),n/a,0,0,0,0,0,0,1,2022-12-30T20:22:06.9533724Z,0
5.053289,101.8409356,Daerah: Kelantan<br>No:3637<br>Hex coord:(127;76),n/a,0,0,0,0,0,0,1,2022-12-30T20:22:07.6466031Z,0
5.061069,101.8544823,Daerah: Kelantan<br>No:3638<br>Hex coord:(128;76),n/a,0,0,0,0,0,0,1,2022-12-30T20:22:08.3174249Z,0
5.053289,101.868029,Daerah: Kelantan<br>No:3639<br>Hex coord:(129;76),n/a,0,0,0,0,0,0,1,2022-12-30T20:22:08.9918785Z,0
5.061069,101.8815757,Daerah: Kelantan<br>No:3640<br>Hex coord:(130;76),n/a,0,0,0,0,0,0,1,2022-12-30T20:22:09.6780775Z,0
5.053289,101.8951224,Daerah: Kelantan<br>No:3641<br>Hex coord:(131;76),n/a,0,0,0,0,0,0,1,2022-12-30T20:22:10.3455925Z,0
5.061069,101.9086691,Daerah: Kelantan<br>No:3642<br>Hex coord:(132;76),n/a,0,0,0,0,0,0,1,2022-12-30T20:22:11.0245101Z,0
5.053289,101.9222158,Daerah: Kelantan<br>No:3643<br>Hex coord:(133;76),n/a,0,0,0,0,0,0,1,2022-12-30T20:22:11.7073972Z,0
5.061069,101.9357625,Daerah: Kelantan<br>No:3644<br>Hex coord:(134;76),n/a,0,0,0,0,0,0,1,2022-12-30T20:22:12.3791813Z,0
5.053289,101.9493092,Daerah: Kelantan<br>No:3645<br>Hex coord:(135;76),n/a,0,0,0,0,0,0,1,2022-12-30T20:22:13.0465759Z,0
5.061069,101.9628559,Daerah: Kelantan<br>No:3646<br>Hex coord:(136;76),n/a,0,0,0,0,0,0,1,2022-12-30T20:22:13.7225740Z,0
5.053289,101.9764026,Daerah: Kelantan<br>No:3647<br>Hex coord:(137;76),n/a,0,0,0,0,0,0,1,2022-12-30T20:22:14.4027588Z,0
5.061069,101.9899493,Daerah: Kelantan<br>No:3648<br>Hex coord:(138;76),n/a,0,0,0,0,0,0,1,2022-12-30T20:22:15.0772217Z,0
5.053289,102.003496,Daerah: Kelantan<br>No:3649<br>Hex coord:(139;76),n/a,0,0,0,0,0,0,1,2022-12-30T20:22:15.7457189Z,0
5.061069,102.0170428,Daerah: Kelantan<br>No:3650<br>Hex coord:(140;76),n/a,0,0,0,0,0,0,1,2022-12-30T20:22:16.4194678Z,0
5.053289,102.0305895,Daerah: Kelantan<br>No:3651<br>Hex coord:(141;76),n/a,0,0,0,0,0,0,1,2022-12-30T20:22:17.0957055Z,0
5.061069,102.0441362,Daerah: Kelantan<br>No:3652<br>Hex coord:(142;76),n/a,0,0,0,0,0,0,1,2022-12-30T20:22:17.7704307Z,0
5.053289,102.0576829,Daerah: Kelantan<br>No:3653<br>Hex coord:(143;76),n/a,0,0,0,0,0,0,1,2022-12-30T20:22:18.4550696Z,0
5.061069,102.0712296,Daerah: Kelantan<br>No:3654<br>Hex coord:(144;76),n/a,0,0,0,0,0,0,1,2022-12-30T20:22:19.1325476Z,0
5.053289,102.0847763,Daerah: Kelantan<br>No:3655<br>Hex coord:(145;76),n/a,0,0,0,0,0,0,1,2022-12-30T20:22:19.8056843Z,0
5.061069,102.098323,Daerah: Kelantan<br>No:3656<br>Hex coord:(146;76),n/a,0,0,0,0,0,0,1,2022-12-30T20:22:20.4843741Z,0
5.053289,102.1118697,Daerah: Kelantan<br>No:3657<br>Hex coord:(147;76),n/a,0,0,0,0,0,0,1,2022-12-30T20:22:21.1681265Z,0
5.061069,102.1254164,Daerah: Kelantan<br>No:3658<br>Hex coord:(148;76),n/a,0,0,0,0,0,0,1,2022-12-30T20:22:21.8414070Z,0
5.053289,102.1389631,Daerah: Kelantan<br>No:3659<br>Hex coord:(149;76),n/a,0,0,0,0,0,0,1,2022-12-30T20:22:22.5158216Z,0
5.061069,102.1525098,Daerah: Kelantan<br>No:3660<br>Hex coord:(150;76),n/a,0,0,0,0,0,0,1,2022-12-30T20:22:23.1889038Z,0
5.053289,102.1660565,Daerah: Kelantan<br>No:3661<br>Hex coord:(151;76),n/a,0,0,0,0,0,0,1,2022-12-30T20:22:23.8638085Z,0
5.061069,102.1796032,Daerah: Kelantan<br>No:3662<br>Hex coord:(152;76),n/a,0,0,0,0,0,0,1,2022-12-30T20:22:24.5361681Z,0
5.053289,102.1931499,Daerah: Kelantan<br>No:3663<br>Hex coord:(153;76),n/a,0,0,0,0,0,0,1,2022-12-30T20:22:25.2063447Z,0
5.061069,102.2066966,Daerah: Kelantan<br>No:3664<br>Hex coord:(154;76),n/a,0,0,0,0,0,0,1,2022-12-30T20:22:25.8781584Z,0
5.053289,102.2202433,Daerah: Kelantan<br>No:3665<br>Hex coord:(155;76),n/a,0,0,0,0,0,0,1,2022-12-30T20:22:26.5498389Z,0
5.061069,102.23379,Daerah: Kelantan<br>No:3666<br>Hex coord:(156;76),n/a,0,0,0,0,0,0,1,2022-12-30T20:22:27.2193626Z,0
5.053289,102.2473367,Daerah: Kelantan<br>No:3667<br>Hex coord:(157;76),n/a,0,0,0,0,0,0,1,2022-12-30T20:22:27.8843206Z,0
5.061069,102.2608835,Daerah: Kelantan<br>No:3668<br>Hex coord:(158;76),n/a,0,0,0,0,0,0,1,2022-12-30T20:22:28.5569198Z,0
5.053289,102.2744302,Daerah: Kelantan<br>No:3669<br>Hex coord:(159;76),n/a,0,0,0,0,0,0,1,2022-12-30T20:22:29.2407171Z,0
5.061069,102.2879769,Daerah: Kelantan<br>No:3670<br>Hex coord:(160;76),n/a,0,0,0,0,0,0,1,2022-12-30T20:22:29.9078289Z,0
5.053289,102.3015236,Daerah: Kelantan<br>No:3671<br>Hex coord:(161;76),n/a,0,0,0,0,0,0,1,2022-12-30T20:22:30.5837815Z,0
5.061069,102.3150703,Daerah: Kelantan<br>No:3672<br>Hex coord:(162;76),n/a,0,0,0,0,0,0,1,2022-12-30T20:22:31.2508091Z,0
5.053289,102.328617,Daerah: Kelantan<br>No:3673<br>Hex coord:(163;76),n/a,0,0,0,0,0,0,1,2022-12-30T20:22:31.9192343Z,0
5.061069,102.3421637,Daerah: Kelantan<br>No:3674<br>Hex coord:(164;76),n/a,0,0,0,0,0,0,1,2022-12-30T20:22:32.5932960Z,0
5.053289,102.3557104,Daerah: Kelantan<br>No:3675<br>Hex coord:(165;76),n/a,0,0,0,0,0,0,1,2022-12-30T20:22:33.2889426Z,0
5.061069,102.3692571,Daerah: Kelantan<br>No:3676<br>Hex coord:(166;76),n/a,0,0,0,0,0,0,1,2022-12-30T20:22:33.9593815Z,0
5.053289,102.3828038,Daerah: Kelantan<br>No:3677<br>Hex coord:(167;76),n/a,0,0,0,0,0,0,1,2022-12-30T20:22:34.6327480Z,0
5.061069,102.3963505,Daerah: Kelantan<br>No:3678<br>Hex coord:(168;76),n/a,0,0,0,0,0,0,1,2022-12-30T20:22:35.2969099Z,0
5.053289,102.4098972,Daerah: Kelantan<br>No:3679<br>Hex coord:(169;76),n/a,0,0,0,0,0,0,1,2022-12-30T20:22:35.9712822Z,0
5.061069,102.4234439,Daerah: Kelantan<br>No:3680<br>Hex coord:(170;76),n/a,0,0,0,0,0,0,1,2022-12-30T20:22:36.6428330Z,0
5.053289,102.4369906,Daerah: Kelantan<br>No:3681<br>Hex coord:(171;76),n/a,0,0,0,0,0,0,1,2022-12-30T20:22:37.3135908Z,0
5.061069,102.4505373,Daerah: Kelantan<br>No:3682<br>Hex coord:(172;76),n/a,0,0,0,0,0,0,1,2022-12-30T20:22:37.9792211Z,0
5.053289,102.464084,Daerah: Kelantan<br>No:3683<br>Hex coord:(173;76),n/a,0,0,0,0,0,0,1,2022-12-30T20:22:38.6639180Z,0
5.061069,102.4776307,Daerah: Kelantan<br>No:3684<br>Hex coord:(174;76),n/a,0,0,0,0,0,0,1,2022-12-30T20:22:39.3399113Z,0
5.053289,102.4911774,Daerah: Kelantan<br>No:3685<br>Hex coord:(175;76),n/a,0,0,0,0,0,0,1,2022-12-30T20:22:40.0112091Z,0
5.061069,102.5047241,Daerah: Kelantan<br>No:3686<br>Hex coord:(176;76),n/a,0,0,0,0,0,0,1,2022-12-30T20:22:40.6818394Z,0
5.037729,101.4616278,Daerah: Kelantan<br>No:3687<br>Hex coord:(99;77),n/a,0,0,0,0,0,0,1,2022-12-30T20:22:41.3542583Z,0
5.045509,101.4751745,Daerah: Kelantan<br>No:3688<br>Hex coord:(100;77),n/a,0,0,0,0,0,0,1,2022-12-30T20:22:42.0229571Z,0
5.037729,101.4887212,Daerah: Kelantan<br>No:3689<br>Hex coord:(101;77),n/a,0,0,0,0,0,0,1,2022-12-30T20:22:42.6915848Z,0
5.045509,101.502268,Daerah: Kelantan<br>No:3690<br>Hex coord:(102;77),n/a,0,0,0,0,0,0,1,2022-12-30T20:22:43.3556343Z,0
5.037729,101.5158147,Daerah: Kelantan<br>No:3691<br>Hex coord:(103;77),n/a,0,0,0,0,0,0,1,2022-12-30T20:22:44.0265274Z,0
5.045509,101.5293614,Daerah: Kelantan<br>No:3692<br>Hex coord:(104;77),n/a,0,0,0,0,0,0,1,2022-12-30T20:22:44.6982409Z,0
5.037729,101.5429081,Daerah: Kelantan<br>No:3693<br>Hex coord:(105;77),n/a,0,0,0,0,0,0,1,2022-12-30T20:22:45.3706792Z,0
5.045509,101.5564548,Daerah: Kelantan<br>No:3694<br>Hex coord:(106;77),n/a,0,0,0,0,0,0,1,2022-12-30T20:22:46.0383677Z,0
5.037729,101.5700015,Daerah: Kelantan<br>No:3695<br>Hex coord:(107;77),n/a,0,0,0,0,0,0,1,2022-12-30T20:22:46.7209366Z,0
5.045509,101.5835482,Daerah: Kelantan<br>No:3696<br>Hex coord:(108;77),n/a,0,0,0,0,0,0,1,2022-12-30T20:22:47.3929899Z,0
5.037729,101.5970949,Daerah: Kelantan<br>No:3697<br>Hex coord:(109;77),n/a,0,0,0,0,0,0,1,2022-12-30T20:22:48.0674146Z,0
5.045509,101.6106416,Daerah: Kelantan<br>No:3698<br>Hex coord:(110;77),n/a,0,0,0,0,0,0,1,2022-12-30T20:22:48.7415221Z,0
5.037729,101.6241883,Daerah: Kelantan<br>No:3699<br>Hex coord:(111;77),n/a,0,0,0,0,0,0,1,2022-12-30T20:22:49.4137879Z,0
5.045509,101.637735,Daerah: Kelantan<br>No:3700<br>Hex coord:(112;77),n/a,0,0,0,0,0,0,1,2022-12-30T20:22:50.0933573Z,0
5.037729,101.6512817,Daerah: Kelantan<br>No:3701<br>Hex coord:(113;77),n/a,0,0,0,0,0,0,1,2022-12-30T20:22:50.7744851Z,0
5.045509,101.6648284,Daerah: Kelantan<br>No:3702<br>Hex coord:(114;77),n/a,0,0,0,0,0,0,1,2022-12-30T20:22:51.4373879Z,0
5.037729,101.6783751,Daerah: Kelantan<br>No:3703<br>Hex coord:(115;77),n/a,0,0,0,0,0,0,1,2022-12-30T20:22:52.1400827Z,0
5.045509,101.6919218,Daerah: Kelantan<br>No:3704<br>Hex coord:(116;77),n/a,0,0,0,0,0,0,1,2022-12-30T20:22:52.8185758Z,0
5.037729,101.7054685,Daerah: Kelantan<br>No:3705<br>Hex coord:(117;77),n/a,0,0,0,0,0,0,1,2022-12-30T20:22:53.4957731Z,0
5.045509,101.7190152,Daerah: Kelantan<br>No:3706<br>Hex coord:(118;77),n/a,0,0,0,0,0,0,1,2022-12-30T20:22:54.1709842Z,0
5.037729,101.7325619,Daerah: Kelantan<br>No:3707<br>Hex coord:(119;77),n/a,0,0,0,0,0,0,1,2022-12-30T20:22:54.8429237Z,0
5.045509,101.7461086,Daerah: Kelantan<br>No:3708<br>Hex coord:(120;77),n/a,0,0,0,0,0,0,1,2022-12-30T20:22:55.5080558Z,0
5.037729,101.7596554,Daerah: Kelantan<br>No:3709<br>Hex coord:(121;77),n/a,0,0,0,0,0,0,1,2022-12-30T20:22:56.1867244Z,0
5.045509,101.7732021,Daerah: Kelantan<br>No:3710<br>Hex coord:(122;77),n/a,0,0,0,0,0,0,1,2022-12-30T20:22:56.8509235Z,0
5.037729,101.7867488,Daerah: Kelantan<br>No:3711<br>Hex coord:(123;77),n/a,0,0,0,0,0,0,1,2022-12-30T20:22:57.5260656Z,0
5.045509,101.8002955,Daerah: Kelantan<br>No:3712<br>Hex coord:(124;77),n/a,0,0,0,0,0,0,1,2022-12-30T20:22:58.1968325Z,0
5.037729,101.8138422,Daerah: Kelantan<br>No:3713<br>Hex coord:(125;77),n/a,0,0,0,0,0,0,1,2022-12-30T20:22:58.8717465Z,0
5.045509,101.8273889,Daerah: Kelantan<br>No:3714<br>Hex coord:(126;77),n/a,0,0,0,0,0,0,1,2022-12-30T20:22:59.5429824Z,0
5.037729,101.8409356,Daerah: Kelantan<br>No:3715<br>Hex coord:(127;77),n/a,0,0,0,0,0,0,1,2022-12-30T20:23:00.2239436Z,0
5.045509,101.8544823,Daerah: Kelantan<br>No:3716<br>Hex coord:(128;77),n/a,0,0,0,0,0,0,1,2022-12-30T20:23:00.9041789Z,0
5.037729,101.868029,Daerah: Kelantan<br>No:3717<br>Hex coord:(129;77),n/a,0,0,0,0,0,0,1,2022-12-30T20:23:01.5714158Z,0
5.045509,101.8815757,Daerah: Kelantan<br>No:3718<br>Hex coord:(130;77),n/a,0,0,0,0,0,0,1,2022-12-30T20:23:02.2473193Z,0
5.037729,101.8951224,Daerah: Kelantan<br>No:3719<br>Hex coord:(131;77),n/a,0,0,0,0,0,0,1,2022-12-30T20:23:02.9184273Z,0
5.045509,101.9086691,Daerah: Kelantan<br>No:3720<br>Hex coord:(132;77),n/a,0,0,0,0,0,0,1,2022-12-30T20:23:03.5849450Z,0
5.037729,101.9222158,Daerah: Kelantan<br>No:3721<br>Hex coord:(133;77),n/a,0,0,0,0,0,0,1,2022-12-30T20:23:04.2574827Z,0
5.045509,101.9357625,Daerah: Kelantan<br>No:3722<br>Hex coord:(134;77),n/a,0,0,0,0,0,0,1,2022-12-30T20:23:04.9309799Z,0
5.037729,101.9493092,Daerah: Kelantan<br>No:3723<br>Hex coord:(135;77),n/a,0,0,0,0,0,0,1,2022-12-30T20:23:05.5994495Z,0
5.045509,101.9628559,Daerah: Kelantan<br>No:3724<br>Hex coord:(136;77),n/a,0,0,0,0,0,0,1,2022-12-30T20:23:06.2755086Z,0
5.037729,101.9764026,Daerah: Kelantan<br>No:3725<br>Hex coord:(137;77),n/a,0,0,0,0,0,0,1,2022-12-30T20:23:06.9556782Z,0
5.045509,101.9899493,Daerah: Kelantan<br>No:3726<br>Hex coord:(138;77),n/a,0,0,0,0,0,0,1,2022-12-30T20:23:07.6287038Z,0
5.037729,102.003496,Daerah: Kelantan<br>No:3727<br>Hex coord:(139;77),n/a,0,0,0,0,0,0,1,2022-12-30T20:23:08.2997644Z,0
5.045509,102.0170428,Daerah: Kelantan<br>No:3728<br>Hex coord:(140;77),n/a,0,0,0,0,0,0,1,2022-12-30T20:23:08.9674949Z,0
5.037729,102.0305895,Daerah: Kelantan<br>No:3729<br>Hex coord:(141;77),n/a,0,0,0,0,0,0,1,2022-12-30T20:23:09.6356531Z,0
5.045509,102.0441362,Daerah: Kelantan<br>No:3730<br>Hex coord:(142;77),n/a,0,0,0,0,0,0,1,2022-12-30T20:23:10.3081079Z,0
5.037729,102.0576829,Daerah: Kelantan<br>No:3731<br>Hex coord:(143;77),n/a,0,0,0,0,0,0,1,2022-12-30T20:23:10.9768876Z,0
5.045509,102.0712296,Daerah: Kelantan<br>No:3732<br>Hex coord:(144;77),n/a,0,0,0,0,0,0,1,2022-12-30T20:23:11.6505952Z,0
5.037729,102.0847763,Daerah: Kelantan<br>No:3733<br>Hex coord:(145;77),n/a,0,0,0,0,0,0,1,2022-12-30T20:23:12.3235299Z,0
5.045509,102.098323,Daerah: Kelantan<br>No:3734<br>Hex coord:(146;77),n/a,0,0,0,0,0,0,1,2022-12-30T20:23:13.0077602Z,0
5.037729,102.1118697,Daerah: Kelantan<br>No:3735<br>Hex coord:(147;77),n/a,0,0,0,0,0,0,1,2022-12-30T20:23:13.6775489Z,0
5.045509,102.1254164,Daerah: Kelantan<br>No:3736<br>Hex coord:(148;77),n/a,0,0,0,0,0,0,1,2022-12-30T20:23:14.9203792Z,0
5.037729,102.1389631,Daerah: Kelantan<br>No:3737<br>Hex coord:(149;77),n/a,0,0,0,0,0,0,1,2022-12-30T20:23:15.5964600Z,0
5.045509,102.1525098,Daerah: Kelantan<br>No:3738<br>Hex coord:(150;77),n/a,0,0,0,0,0,0,1,2022-12-30T20:23:16.2723086Z,0
5.037729,102.1660565,Daerah: Kelantan<br>No:3739<br>Hex coord:(151;77),n/a,0,0,0,0,0,0,1,2022-12-30T20:23:16.9421475Z,0
5.045509,102.1796032,Daerah: Kelantan<br>No:3740<br>Hex coord:(152;77),n/a,0,0,0,0,0,0,1,2022-12-30T20:23:17.6121435Z,0
5.037729,102.1931499,Daerah: Kelantan<br>No:3741<br>Hex coord:(153;77),n/a,0,0,0,0,0,0,1,2022-12-30T20:23:18.2821671Z,0
5.045509,102.2066966,Daerah: Kelantan<br>No:3742<br>Hex coord:(154;77),n/a,0,0,0,0,0,0,1,2022-12-30T20:23:18.9611707Z,0
5.037729,102.2202433,Daerah: Kelantan<br>No:3743<br>Hex coord:(155;77),n/a,0,0,0,0,0,0,1,2022-12-30T20:23:19.6333523Z,0
5.045509,102.23379,Daerah: Kelantan<br>No:3744<br>Hex coord:(156;77),n/a,0,0,0,0,0,0,1,2022-12-30T20:23:20.3189161Z,0
5.037729,102.2473367,Daerah: Kelantan<br>No:3745<br>Hex coord:(157;77),n/a,0,0,0,0,0,0,1,2022-12-30T20:23:20.9863819Z,0
5.045509,102.2608835,Daerah: Kelantan<br>No:3746<br>Hex coord:(158;77),n/a,0,0,0,0,0,0,1,2022-12-30T20:23:21.6603038Z,0
5.037729,102.2744302,Daerah: Kelantan<br>No:3747<br>Hex coord:(159;77),n/a,0,0,0,0,0,0,1,2022-12-30T20:23:22.3295682Z,0
5.045509,102.2879769,Daerah: Kelantan<br>No:3748<br>Hex coord:(160;77),n/a,0,0,0,0,0,0,1,2022-12-30T20:23:23.0033299Z,0
5.037729,102.3015236,Daerah: Kelantan<br>No:3749<br>Hex coord:(161;77),n/a,0,0,0,0,0,0,1,2022-12-30T20:23:23.6712050Z,0
5.045509,102.3150703,Daerah: Kelantan<br>No:3750<br>Hex coord:(162;77),n/a,0,0,0,0,0,0,1,2022-12-30T20:23:24.3466535Z,0
5.037729,102.328617,Daerah: Kelantan<br>No:3751<br>Hex coord:(163;77),n/a,0,0,0,0,0,0,1,2022-12-30T20:23:25.0253794Z,0
5.045509,102.3421637,Daerah: Kelantan<br>No:3752<br>Hex coord:(164;77),n/a,0,0,0,0,0,0,1,2022-12-30T20:23:25.6974172Z,0
5.037729,102.3557104,Daerah: Kelantan<br>No:3753<br>Hex coord:(165;77),n/a,0,0,0,0,0,0,1,2022-12-30T20:23:26.3705934Z,0
5.045509,102.3692571,Daerah: Kelantan<br>No:3754<br>Hex coord:(166;77),n/a,0,0,0,0,0,0,1,2022-12-30T20:23:27.0438409Z,0
5.037729,102.3828038,Daerah: Kelantan<br>No:3755<br>Hex coord:(167;77),n/a,0,0,0,0,0,0,1,2022-12-30T20:23:27.7424645Z,0
5.045509,102.3963505,Daerah: Kelantan<br>No:3756<br>Hex coord:(168;77),n/a,0,0,0,0,0,0,1,2022-12-30T20:23:28.4125968Z,0
5.037729,102.4098972,Daerah: Kelantan<br>No:3757<br>Hex coord:(169;77),n/a,0,0,0,0,0,0,1,2022-12-30T20:23:29.0954145Z,0
5.045509,102.4234439,Daerah: Kelantan<br>No:3758<br>Hex coord:(170;77),n/a,0,0,0,0,0,0,1,2022-12-30T20:23:29.7725241Z,0
5.037729,102.4369906,Daerah: Kelantan<br>No:3759<br>Hex coord:(171;77),n/a,0,0,0,0,0,0,1,2022-12-30T20:23:30.4483774Z,0
5.045509,102.4505373,Daerah: Kelantan<br>No:3760<br>Hex coord:(172;77),n/a,0,0,0,0,0,0,1,2022-12-30T20:23:31.1104326Z,0
5.037729,102.464084,Daerah: Kelantan<br>No:3761<br>Hex coord:(173;77),n/a,0,0,0,0,0,0,1,2022-12-30T20:23:31.7846386Z,0
5.045509,102.4776307,Daerah: Kelantan<br>No:3762<br>Hex coord:(174;77),n/a,0,0,0,0,0,0,1,2022-12-30T20:23:32.5159004Z,0
5.037729,102.4911774,Daerah: Kelantan<br>No:3763<br>Hex coord:(175;77),n/a,0,0,0,0,0,0,1,2022-12-30T20:23:33.1958271Z,0
5.045509,102.5047241,Daerah: Kelantan<br>No:3764<br>Hex coord:(176;77),n/a,0,0,0,0,0,0,1,2022-12-30T20:23:33.8704993Z,0
5.022169,101.4616278,Daerah: Kelantan<br>No:3765<br>Hex coord:(99;78),n/a,0,0,0,0,0,0,1,2022-12-30T20:23:34.5402205Z,0
5.029949,101.4751745,Daerah: Kelantan<br>No:3766<br>Hex coord:(100;78),n/a,0,0,0,0,0,0,1,2022-12-30T20:23:35.2145789Z,0
5.022169,101.4887212,Daerah: Kelantan<br>No:3767<br>Hex coord:(101;78),n/a,0,0,0,0,0,0,1,2022-12-30T20:23:35.8975330Z,0
5.029949,101.502268,Daerah: Kelantan<br>No:3768<br>Hex coord:(102;78),n/a,0,0,0,0,0,0,1,2022-12-30T20:23:36.5666832Z,0
5.022169,101.5158147,Daerah: Kelantan<br>No:3769<br>Hex coord:(103;78),n/a,0,0,0,0,0,0,1,2022-12-30T20:23:37.2333100Z,0
5.029949,101.5293614,Daerah: Kelantan<br>No:3770<br>Hex coord:(104;78),n/a,0,0,0,0,0,0,1,2022-12-30T20:23:37.9009553Z,0
5.022169,101.5429081,Daerah: Kelantan<br>No:3771<br>Hex coord:(105;78),n/a,0,0,0,0,0,0,1,2022-12-30T20:23:38.5734107Z,0
5.029949,101.5564548,Daerah: Kelantan<br>No:3772<br>Hex coord:(106;78),n/a,0,0,0,0,0,0,1,2022-12-30T20:23:39.2435365Z,0
5.022169,101.5700015,Daerah: Kelantan<br>No:3773<br>Hex coord:(107;78),n/a,0,0,0,0,0,0,1,2022-12-30T20:23:39.9152894Z,0
5.029949,101.5835482,Daerah: Kelantan<br>No:3774<br>Hex coord:(108;78),n/a,0,0,0,0,0,0,1,2022-12-30T20:23:40.5976658Z,0
5.022169,101.5970949,Daerah: Kelantan<br>No:3775<br>Hex coord:(109;78),n/a,0,0,0,0,0,0,1,2022-12-30T20:23:41.2729885Z,0
5.029949,101.6106416,Daerah: Kelantan<br>No:3776<br>Hex coord:(110;78),n/a,0,0,0,0,0,0,1,2022-12-30T20:23:41.9431059Z,0
5.022169,101.6241883,Daerah: Kelantan<br>No:3777<br>Hex coord:(111;78),n/a,0,0,0,0,0,0,1,2022-12-30T20:23:42.6095818Z,0
5.029949,101.637735,Daerah: Kelantan<br>No:3778<br>Hex coord:(112;78),n/a,0,0,0,0,0,0,1,2022-12-30T20:23:43.2826436Z,0
5.022169,101.6512817,Daerah: Kelantan<br>No:3779<br>Hex coord:(113;78),n/a,0,0,0,0,0,0,1,2022-12-30T20:23:43.9483625Z,0
5.029949,101.6648284,Daerah: Kelantan<br>No:3780<br>Hex coord:(114;78),n/a,0,0,0,0,0,0,1,2022-12-30T20:23:47.0023807Z,0
5.022169,101.6783751,Daerah: Kelantan<br>No:3781<br>Hex coord:(115;78),n/a,0,0,0,0,0,0,1,2022-12-30T20:23:47.6789301Z,0
5.029949,101.6919218,Daerah: Kelantan<br>No:3782<br>Hex coord:(116;78),n/a,0,0,0,0,0,0,1,2022-12-30T20:23:48.3639766Z,0
5.022169,101.7054685,Daerah: Kelantan<br>No:3783<br>Hex coord:(117;78),n/a,0,0,0,0,0,0,1,2022-12-30T20:23:49.0417336Z,0
5.029949,101.7190152,Daerah: Kelantan<br>No:3784<br>Hex coord:(118;78),n/a,0,0,0,0,0,0,1,2022-12-30T20:23:49.7102924Z,0
5.022169,101.7325619,Daerah: Kelantan<br>No:3785<br>Hex coord:(119;78),n/a,0,0,0,0,0,0,1,2022-12-30T20:23:50.3895481Z,0
5.029949,101.7461086,Daerah: Kelantan<br>No:3786<br>Hex coord:(120;78),n/a,0,0,0,0,0,0,1,2022-12-30T20:23:51.0580543Z,0
5.022169,101.7596554,Daerah: Kelantan<br>No:3787<br>Hex coord:(121;78),n/a,0,0,0,0,0,0,1,2022-12-30T20:23:51.7335225Z,0
5.029949,101.7732021,Daerah: Kelantan<br>No:3788<br>Hex coord:(122;78),n/a,0,0,0,0,0,0,1,2022-12-30T20:23:52.4139067Z,0
5.022169,101.7867488,Daerah: Kelantan<br>No:3789<br>Hex coord:(123;78),n/a,0,0,0,0,0,0,1,2022-12-30T20:23:53.0811417Z,0
5.029949,101.8002955,Daerah: Kelantan<br>No:3790<br>Hex coord:(124;78),n/a,0,0,0,0,0,0,1,2022-12-30T20:23:53.7531713Z,0
5.022169,101.8138422,Daerah: Kelantan<br>No:3791<br>Hex coord:(125;78),n/a,0,0,0,0,0,0,1,2022-12-30T20:23:54.4606874Z,0
5.029949,101.8273889,Daerah: Kelantan<br>No:3792<br>Hex coord:(126;78),n/a,0,0,0,0,0,0,1,2022-12-30T20:23:55.1377352Z,0
5.022169,101.8409356,Daerah: Kelantan<br>No:3793<br>Hex coord:(127;78),n/a,0,0,0,0,0,0,1,2022-12-30T20:23:55.8062260Z,0
5.029949,101.8544823,Daerah: Kelantan<br>No:3794<br>Hex coord:(128;78),n/a,0,0,0,0,0,0,1,2022-12-30T20:23:56.4749549Z,0
5.022169,101.868029,Daerah: Kelantan<br>No:3795<br>Hex coord:(129;78),n/a,0,0,0,0,0,0,1,2022-12-30T20:23:57.1520396Z,0
5.029949,101.8815757,Daerah: Kelantan<br>No:3796<br>Hex coord:(130;78),n/a,0,0,0,0,0,0,1,2022-12-30T20:23:57.8287321Z,0
5.022169,101.8951224,Daerah: Kelantan<br>No:3797<br>Hex coord:(131;78),n/a,0,0,0,0,0,0,1,2022-12-30T20:23:58.4964461Z,0
5.029949,101.9086691,Daerah: Kelantan<br>No:3798<br>Hex coord:(132;78),n/a,0,0,0,0,0,0,1,2022-12-30T20:23:59.1672903Z,0
5.022169,101.9222158,Daerah: Kelantan<br>No:3799<br>Hex coord:(133;78),n/a,0,0,0,0,0,0,1,2022-12-30T20:23:59.8390945Z,0
5.029949,101.9357625,Daerah: Kelantan<br>No:3800<br>Hex coord:(134;78),n/a,0,0,0,0,0,0,1,2022-12-30T20:24:00.5155830Z,0
5.022169,101.9493092,Daerah: Kelantan<br>No:3801<br>Hex coord:(135;78),n/a,0,0,0,0,0,0,1,2022-12-30T20:24:01.1968932Z,0
5.029949,101.9628559,Daerah: Kelantan<br>No:3802<br>Hex coord:(136;78),n/a,0,0,0,0,0,0,1,2022-12-30T20:24:01.8909034Z,0
5.022169,101.9764026,Daerah: Kelantan<br>No:3803<br>Hex coord:(137;78),n/a,0,0,0,0,0,0,1,2022-12-30T20:24:02.5717595Z,0
5.029949,101.9899493,Daerah: Kelantan<br>No:3804<br>Hex coord:(138;78),n/a,0,0,0,0,0,0,1,2022-12-30T20:24:03.2552626Z,0
5.022169,102.003496,Daerah: Kelantan<br>No:3805<br>Hex coord:(139;78),n/a,0,0,0,0,0,0,1,2022-12-30T20:24:03.9225954Z,0
5.029949,102.0170428,Daerah: Kelantan<br>No:3806<br>Hex coord:(140;78),n/a,0,0,0,0,0,0,1,2022-12-30T20:24:04.6050506Z,0
5.022169,102.0305895,Daerah: Kelantan<br>No:3807<br>Hex coord:(141;78),n/a,0,0,0,0,0,0,1,2022-12-30T20:24:05.2752815Z,0
5.029949,102.0441362,Daerah: Kelantan<br>No:3808<br>Hex coord:(142;78),n/a,0,0,0,0,0,0,1,2022-12-30T20:24:05.9532193Z,0
5.022169,102.0576829,Daerah: Kelantan<br>No:3809<br>Hex coord:(143;78),n/a,0,0,0,0,0,0,1,2022-12-30T20:24:06.6188379Z,0
5.029949,102.0712296,Daerah: Kelantan<br>No:3810<br>Hex coord:(144;78),n/a,0,0,0,0,0,0,1,2022-12-30T20:24:07.2971398Z,0
5.022169,102.0847763,Daerah: Kelantan<br>No:3811<br>Hex coord:(145;78),n/a,0,0,0,0,0,0,1,2022-12-30T20:24:07.9742587Z,0
5.029949,102.098323,Daerah: Kelantan<br>No:3812<br>Hex coord:(146;78),n/a,0,0,0,0,0,0,1,2022-12-30T20:24:08.6443802Z,0
5.022169,102.1118697,Daerah: Kelantan<br>No:3813<br>Hex coord:(147;78),n/a,0,0,0,0,0,0,1,2022-12-30T20:24:09.3146532Z,0
5.029949,102.1254164,Daerah: Kelantan<br>No:3814<br>Hex coord:(148;78),n/a,0,0,0,0,0,0,1,2022-12-30T20:24:09.9978975Z,0
5.022169,102.1389631,Daerah: Kelantan<br>No:3815<br>Hex coord:(149;78),n/a,0,0,0,0,0,0,1,2022-12-30T20:24:10.6613666Z,0
5.029949,102.1525098,Daerah: Kelantan<br>No:3816<br>Hex coord:(150;78),n/a,0,0,0,0,0,0,1,2022-12-30T20:24:11.3291485Z,0
5.022169,102.1660565,Daerah: Kelantan<br>No:3817<br>Hex coord:(151;78),n/a,0,0,0,0,0,0,1,2022-12-30T20:24:11.9993911Z,0
5.029949,102.1796032,Daerah: Kelantan<br>No:3818<br>Hex coord:(152;78),n/a,0,0,0,0,0,0,1,2022-12-30T20:24:12.6954517Z,0
5.022169,102.1931499,Daerah: Kelantan<br>No:3819<br>Hex coord:(153;78),n/a,0,0,0,0,0,0,1,2022-12-30T20:24:13.3693089Z,0
5.029949,102.2066966,Daerah: Kelantan<br>No:3820<br>Hex coord:(154;78),n/a,0,0,0,0,0,0,1,2022-12-30T20:24:14.0564192Z,0
5.022169,102.2202433,Daerah: Kelantan<br>No:3821<br>Hex coord:(155;78),n/a,0,0,0,0,0,0,1,2022-12-30T20:24:14.7241171Z,0
5.029949,102.23379,Daerah: Kelantan<br>No:3822<br>Hex coord:(156;78),n/a,0,0,0,0,0,0,1,2022-12-30T20:24:15.3967562Z,0
5.022169,102.2473367,Daerah: Kelantan<br>No:3823<br>Hex coord:(157;78),n/a,0,0,0,0,0,0,1,2022-12-30T20:24:16.0622631Z,0
5.029949,102.2608835,Daerah: Kelantan<br>No:3824<br>Hex coord:(158;78),n/a,0,0,0,0,0,0,1,2022-12-30T20:24:16.7387604Z,0
5.022169,102.2744302,Daerah: Kelantan<br>No:3825<br>Hex coord:(159;78),n/a,0,0,0,0,0,0,1,2022-12-30T20:24:17.4115862Z,0
5.029949,102.2879769,Daerah: Kelantan<br>No:3826<br>Hex coord:(160;78),n/a,0,0,0,0,0,0,1,2022-12-30T20:24:18.0898901Z,0
5.022169,102.3015236,Daerah: Kelantan<br>No:3827<br>Hex coord:(161;78),n/a,0,0,0,0,0,0,1,2022-12-30T20:24:18.7621078Z,0
5.029949,102.3150703,Daerah: Kelantan<br>No:3828<br>Hex coord:(162;78),n/a,0,0,0,0,0,0,1,2022-12-30T20:24:19.4308428Z,0
5.022169,102.328617,Daerah: Kelantan<br>No:3829<br>Hex coord:(163;78),n/a,0,0,0,0,0,0,1,2022-12-30T20:24:20.1033548Z,0
5.029949,102.3421637,Daerah: Kelantan<br>No:3830<br>Hex coord:(164;78),n/a,0,0,0,0,0,0,1,2022-12-30T20:24:20.7862186Z,0
5.022169,102.3557104,Daerah: Kelantan<br>No:3831<br>Hex coord:(165;78),n/a,0,0,0,0,0,0,1,2022-12-30T20:24:21.4524574Z,0
5.029949,102.3692571,Daerah: Kelantan<br>No:3832<br>Hex coord:(166;78),n/a,0,0,0,0,0,0,1,2022-12-30T20:24:22.1340788Z,0
5.022169,102.3828038,Daerah: Kelantan<br>No:3833<br>Hex coord:(167;78),n/a,0,0,0,0,0,0,1,2022-12-30T20:24:22.8153899Z,0
5.029949,102.3963505,Daerah: Kelantan<br>No:3834<br>Hex coord:(168;78),n/a,0,0,0,0,0,0,1,2022-12-30T20:24:23.4903156Z,0
5.022169,102.4098972,Daerah: Kelantan<br>No:3835<br>Hex coord:(169;78),n/a,0,0,0,0,0,0,1,2022-12-30T20:24:24.1620909Z,0
5.029949,102.4234439,Daerah: Kelantan<br>No:3836<br>Hex coord:(170;78),n/a,0,0,0,0,0,0,1,2022-12-30T20:24:24.8320154Z,0
5.022169,102.4369906,Daerah: Kelantan<br>No:3837<br>Hex coord:(171;78),n/a,0,0,0,0,0,0,1,2022-12-30T20:24:25.5020363Z,0
5.029949,102.4505373,Daerah: Kelantan<br>No:3838<br>Hex coord:(172;78),n/a,0,0,0,0,0,0,1,2022-12-30T20:24:26.1701214Z,0
5.022169,102.464084,Daerah: Kelantan<br>No:3839<br>Hex coord:(173;78),n/a,0,0,0,0,0,0,1,2022-12-30T20:24:26.8395745Z,0
5.029949,102.4776307,Daerah: Kelantan<br>No:3840<br>Hex coord:(174;78),n/a,0,0,0,0,0,0,1,2022-12-30T20:24:27.5146798Z,0
5.022169,102.4911774,Daerah: Kelantan<br>No:3841<br>Hex coord:(175;78),n/a,0,0,0,0,0,0,1,2022-12-30T20:24:28.1859973Z,0
5.029949,102.5047241,Daerah: Kelantan<br>No:3842<br>Hex coord:(176;78),n/a,0,0,0,0,0,0,1,2022-12-30T20:24:28.8565756Z,0
5.006609,101.4616278,Daerah: Kelantan<br>No:3843<br>Hex coord:(99;79),n/a,0,0,0,0,0,0,1,2022-12-30T20:24:29.5275022Z,0
5.014389,101.4751745,Daerah: Kelantan<br>No:3844<br>Hex coord:(100;79),n/a,0,0,0,0,0,0,1,2022-12-30T20:24:30.1995071Z,0
5.006609,101.4887212,Daerah: Kelantan<br>No:3845<br>Hex coord:(101;79),n/a,0,0,0,0,0,0,1,2022-12-30T20:24:30.8724101Z,0
5.014389,101.502268,Daerah: Kelantan<br>No:3846<br>Hex coord:(102;79),n/a,0,0,0,0,0,0,1,2022-12-30T20:24:31.5420797Z,0
5.006609,101.5158147,Daerah: Kelantan<br>No:3847<br>Hex coord:(103;79),n/a,0,0,0,0,0,0,1,2022-12-30T20:24:32.2172715Z,0
5.014389,101.5293614,Daerah: Kelantan<br>No:3848<br>Hex coord:(104;79),n/a,0,0,0,0,0,0,1,2022-12-30T20:24:32.8866535Z,0
5.006609,101.5429081,Daerah: Kelantan<br>No:3849<br>Hex coord:(105;79),n/a,0,0,0,0,0,0,1,2022-12-30T20:24:33.5580131Z,0
5.014389,101.5564548,Daerah: Kelantan<br>No:3850<br>Hex coord:(106;79),n/a,0,0,0,0,0,0,1,2022-12-30T20:24:34.2264503Z,0
5.006609,101.5700015,Daerah: Kelantan<br>No:3851<br>Hex coord:(107;79),n/a,0,0,0,0,0,0,1,2022-12-30T20:24:34.8999080Z,0
5.014389,101.5835482,Daerah: Kelantan<br>No:3852<br>Hex coord:(108;79),n/a,0,0,0,0,0,0,1,2022-12-30T20:24:35.5811103Z,0
5.006609,101.5970949,Daerah: Kelantan<br>No:3853<br>Hex coord:(109;79),n/a,0,0,0,0,0,0,1,2022-12-30T20:24:36.2571530Z,0
5.014389,101.6106416,Daerah: Kelantan<br>No:3854<br>Hex coord:(110;79),n/a,0,0,0,0,0,0,1,2022-12-30T20:24:36.9283021Z,0
5.006609,101.6241883,Daerah: Kelantan<br>No:3855<br>Hex coord:(111;79),n/a,0,0,0,0,0,0,1,2022-12-30T20:24:37.6051052Z,0
5.014389,101.637735,Daerah: Kelantan<br>No:3856<br>Hex coord:(112;79),n/a,0,0,0,0,0,0,1,2022-12-30T20:24:40.5949634Z,0
5.006609,101.6512817,Daerah: Kelantan<br>No:3857<br>Hex coord:(113;79),n/a,0,0,0,0,0,0,1,2022-12-30T20:24:41.2719775Z,0
5.014389,101.6648284,Daerah: Kelantan<br>No:3858<br>Hex coord:(114;79),n/a,0,0,0,0,0,0,1,2022-12-30T20:24:41.9590934Z,0
5.006609,101.6783751,Daerah: Kelantan<br>No:3859<br>Hex coord:(115;79),n/a,0,0,0,0,0,0,1,2022-12-30T20:24:42.6311758Z,0
5.014389,101.6919218,Daerah: Kelantan<br>No:3860<br>Hex coord:(116;79),n/a,0,0,0,0,0,0,1,2022-12-30T20:24:43.2989472Z,0
5.006609,101.7054685,Daerah: Kelantan<br>No:3861<br>Hex coord:(117;79),n/a,0,0,0,0,0,0,1,2022-12-30T20:24:43.9817421Z,0
5.014389,101.7190152,Daerah: Kelantan<br>No:3862<br>Hex coord:(118;79),n/a,0,0,0,0,0,0,1,2022-12-30T20:24:44.6545059Z,0
5.006609,101.7325619,Daerah: Kelantan<br>No:3863<br>Hex coord:(119;79),n/a,0,0,0,0,0,0,1,2022-12-30T20:24:45.3334904Z,0
5.014389,101.7461086,Daerah: Kelantan<br>No:3864<br>Hex coord:(120;79),n/a,1,0,0,0,0,0,1,2022-12-30T20:24:46.0027271Z,0
5.006609,101.7596554,Daerah: Kelantan<br>No:3865<br>Hex coord:(121;79),n/a,0,0,0,0,0,0,1,2022-12-30T20:24:46.6756472Z,0
5.014389,101.7732021,Daerah: Kelantan<br>No:3866<br>Hex coord:(122;79),n/a,0,0,0,0,0,0,1,2022-12-30T20:24:47.3415965Z,0
5.006609,101.7867488,Daerah: Kelantan<br>No:3867<br>Hex coord:(123;79),n/a,0,0,0,0,0,0,1,2022-12-30T20:24:48.0098690Z,0
5.014389,101.8002955,Daerah: Kelantan<br>No:3868<br>Hex coord:(124;79),n/a,0,0,0,0,0,0,1,2022-12-30T20:24:48.6809500Z,0
5.006609,101.8138422,Daerah: Kelantan<br>No:3869<br>Hex coord:(125;79),n/a,0,0,0,0,0,0,1,2022-12-30T20:24:49.3667295Z,0
5.014389,101.8273889,Daerah: Kelantan<br>No:3870<br>Hex coord:(126;79),n/a,0,0,0,0,0,0,1,2022-12-30T20:24:50.0348683Z,0
5.006609,101.8409356,Daerah: Kelantan<br>No:3871<br>Hex coord:(127;79),n/a,0,0,0,0,0,0,1,2022-12-30T20:24:50.7083915Z,0
5.014389,101.8544823,Daerah: Kelantan<br>No:3872<br>Hex coord:(128;79),n/a,0,0,0,0,0,0,1,2022-12-30T20:24:51.3892350Z,0
5.006609,101.868029,Daerah: Kelantan<br>No:3873<br>Hex coord:(129;79),n/a,0,0,0,0,0,0,1,2022-12-30T20:24:52.0643594Z,0
5.014389,101.8815757,Daerah: Kelantan<br>No:3874<br>Hex coord:(130;79),n/a,0,0,0,0,0,0,1,2022-12-30T20:24:52.7358212Z,0
5.006609,101.8951224,Daerah: Kelantan<br>No:3875<br>Hex coord:(131;79),n/a,0,0,0,0,0,0,1,2022-12-30T20:24:53.4111301Z,0
5.014389,101.9086691,Daerah: Kelantan<br>No:3876<br>Hex coord:(132;79),n/a,0,0,0,0,0,0,1,2022-12-30T20:24:54.0853643Z,0
5.006609,101.9222158,Daerah: Kelantan<br>No:3877<br>Hex coord:(133;79),n/a,0,0,0,0,0,0,1,2022-12-30T20:24:54.7721464Z,0
5.014389,101.9357625,Daerah: Kelantan<br>No:3878<br>Hex coord:(134;79),n/a,0,0,0,0,0,0,1,2022-12-30T20:24:55.4428497Z,0
5.006609,101.9493092,Daerah: Kelantan<br>No:3879<br>Hex coord:(135;79),n/a,0,0,0,0,0,0,1,2022-12-30T20:24:56.1161677Z,0
5.014389,101.9628559,Daerah: Kelantan<br>No:3880<br>Hex coord:(136;79),n/a,0,0,0,0,0,0,1,2022-12-30T20:24:56.8000554Z,0
5.006609,101.9764026,Daerah: Kelantan<br>No:3881<br>Hex coord:(137;79),n/a,0,0,0,0,0,0,1,2022-12-30T20:24:57.4692450Z,0
5.014389,101.9899493,Daerah: Kelantan<br>No:3882<br>Hex coord:(138;79),n/a,0,0,0,0,0,0,1,2022-12-30T20:24:58.1445430Z,0
5.006609,102.003496,Daerah: Kelantan<br>No:3883<br>Hex coord:(139;79),n/a,0,0,0,0,0,0,1,2022-12-30T20:24:58.8074808Z,0
5.014389,102.0170428,Daerah: Kelantan<br>No:3884<br>Hex coord:(140;79),n/a,0,0,0,0,0,0,1,2022-12-30T20:24:59.4804723Z,0
5.006609,102.0305895,Daerah: Kelantan<br>No:3885<br>Hex coord:(141;79),n/a,0,0,0,0,0,0,1,2022-12-30T20:25:00.1503999Z,0
5.014389,102.0441362,Daerah: Kelantan<br>No:3886<br>Hex coord:(142;79),n/a,0,0,0,0,0,0,1,2022-12-30T20:25:00.8354303Z,0
5.006609,102.0576829,Daerah: Kelantan<br>No:3887<br>Hex coord:(143;79),n/a,0,0,0,0,0,0,1,2022-12-30T20:25:01.5069112Z,0
5.014389,102.0712296,Daerah: Kelantan<br>No:3888<br>Hex coord:(144;79),n/a,0,0,0,0,0,0,1,2022-12-30T20:25:02.1782600Z,0
5.006609,102.0847763,Daerah: Kelantan<br>No:3889<br>Hex coord:(145;79),n/a,0,0,0,0,0,0,1,2022-12-30T20:25:02.8466027Z,0
5.014389,102.098323,Daerah: Kelantan<br>No:3890<br>Hex coord:(146;79),n/a,0,0,0,0,0,0,1,2022-12-30T20:25:03.5135732Z,0
5.006609,102.1118697,Daerah: Kelantan<br>No:3891<br>Hex coord:(147;79),n/a,0,0,0,0,0,0,1,2022-12-30T20:25:04.1923191Z,0
5.014389,102.1254164,Daerah: Kelantan<br>No:3892<br>Hex coord:(148;79),n/a,0,0,0,0,0,0,1,2022-12-30T20:25:04.8529485Z,0
5.006609,102.1389631,Daerah: Kelantan<br>No:3893<br>Hex coord:(149;79),n/a,0,0,0,0,0,0,1,2022-12-30T20:25:05.5254975Z,0
5.014389,102.1525098,Daerah: Kelantan<br>No:3894<br>Hex coord:(150;79),n/a,0,0,0,0,0,0,1,2022-12-30T20:25:06.2098898Z,0
5.006609,102.1660565,Daerah: Kelantan<br>No:3895<br>Hex coord:(151;79),n/a,0,0,0,0,0,0,1,2022-12-30T20:25:06.8894179Z,0
5.014389,102.1796032,Daerah: Kelantan<br>No:3896<br>Hex coord:(152;79),n/a,0,0,0,0,0,0,1,2022-12-30T20:25:07.5584672Z,0
5.006609,102.1931499,Daerah: Kelantan<br>No:3897<br>Hex coord:(153;79),n/a,0,0,0,0,0,0,1,2022-12-30T20:25:08.2269281Z,0
5.014389,102.2066966,Daerah: Kelantan<br>No:3898<br>Hex coord:(154;79),n/a,0,0,0,0,0,0,1,2022-12-30T20:25:08.8997337Z,0
5.006609,102.2202433,Daerah: Kelantan<br>No:3899<br>Hex coord:(155;79),n/a,0,0,0,0,0,0,1,2022-12-30T20:25:09.5873344Z,0
5.014389,102.23379,Daerah: Kelantan<br>No:3900<br>Hex coord:(156;79),n/a,0,0,0,0,0,0,1,2022-12-30T20:25:10.2535698Z,0
5.006609,102.2473367,Daerah: Kelantan<br>No:3901<br>Hex coord:(157;79),n/a,0,0,0,0,0,0,1,2022-12-30T20:25:10.9301004Z,0
5.014389,102.2608835,Daerah: Kelantan<br>No:3902<br>Hex coord:(158;79),n/a,0,0,0,0,0,0,1,2022-12-30T20:25:11.6060738Z,0
5.006609,102.2744302,Daerah: Kelantan<br>No:3903<br>Hex coord:(159;79),n/a,0,0,0,0,0,0,1,2022-12-30T20:25:12.2817709Z,0
5.014389,102.2879769,Daerah: Kelantan<br>No:3904<br>Hex coord:(160;79),n/a,0,0,0,0,0,0,1,2022-12-30T20:25:12.9485423Z,0
5.006609,102.3015236,Daerah: Kelantan<br>No:3905<br>Hex coord:(161;79),n/a,0,0,0,0,0,0,1,2022-12-30T20:25:13.6148343Z,0
5.014389,102.3150703,Daerah: Kelantan<br>No:3906<br>Hex coord:(162;79),n/a,0,0,0,0,0,0,1,2022-12-30T20:25:14.2899799Z,0
5.006609,102.328617,Daerah: Kelantan<br>No:3907<br>Hex coord:(163;79),n/a,0,0,0,0,0,0,1,2022-12-30T20:25:14.9614030Z,0
5.014389,102.3421637,Daerah: Kelantan<br>No:3908<br>Hex coord:(164;79),n/a,0,0,0,0,0,0,1,2022-12-30T20:25:15.6342732Z,0
5.006609,102.3557104,Daerah: Kelantan<br>No:3909<br>Hex coord:(165;79),n/a,0,0,0,0,0,0,1,2022-12-30T20:25:16.3121643Z,0
5.014389,102.3692571,Daerah: Kelantan<br>No:3910<br>Hex coord:(166;79),n/a,0,0,0,0,0,0,1,2022-12-30T20:25:16.9841071Z,0
5.006609,102.3828038,Daerah: Kelantan<br>No:3911<br>Hex coord:(167;79),n/a,0,0,0,0,0,0,1,2022-12-30T20:25:17.6485282Z,0
5.014389,102.3963505,Daerah: Kelantan<br>No:3912<br>Hex coord:(168;79),n/a,0,0,0,0,0,0,1,2022-12-30T20:25:18.3216119Z,0
5.006609,102.4098972,Daerah: Kelantan<br>No:3913<br>Hex coord:(169;79),n/a,0,0,0,0,0,0,1,2022-12-30T20:25:19.0032590Z,0
5.014389,102.4234439,Daerah: Kelantan<br>No:3914<br>Hex coord:(170;79),n/a,0,0,0,0,0,0,1,2022-12-30T20:25:19.6746456Z,0
5.006609,102.4369906,Daerah: Kelantan<br>No:3915<br>Hex coord:(171;79),n/a,0,0,0,0,0,0,1,2022-12-30T20:25:20.3427827Z,0
5.014389,102.4505373,Daerah: Kelantan<br>No:3916<br>Hex coord:(172;79),n/a,0,0,0,0,0,0,1,2022-12-30T20:25:21.0204291Z,0
5.006609,102.464084,Daerah: Kelantan<br>No:3917<br>Hex coord:(173;79),n/a,0,0,0,0,0,0,1,2022-12-30T20:25:21.6948808Z,0
5.014389,102.4776307,Daerah: Kelantan<br>No:3918<br>Hex coord:(174;79),n/a,0,0,0,0,0,0,1,2022-12-30T20:25:22.3540984Z,0
5.006609,102.4911774,Daerah: Kelantan<br>No:3919<br>Hex coord:(175;79),n/a,0,0,0,0,0,0,1,2022-12-30T20:25:23.0333226Z,0
4.991049,101.4345344,Daerah: Kelantan<br>No:3920<br>Hex coord:(97;80),n/a,0,0,0,0,0,0,1,2022-12-30T20:25:23.7018800Z,0
4.998829,101.4480811,Daerah: Kelantan<br>No:3921<br>Hex coord:(98;80),n/a,0,0,0,0,0,0,1,2022-12-30T20:25:24.3676375Z,0
4.991049,101.4616278,Daerah: Kelantan<br>No:3922<br>Hex coord:(99;80),n/a,0,0,0,0,0,0,1,2022-12-30T20:25:25.0422559Z,0
4.998829,101.4751745,Daerah: Kelantan<br>No:3923<br>Hex coord:(100;80),n/a,0,0,0,0,0,0,1,2022-12-30T20:25:25.7236120Z,0
4.991049,101.4887212,Daerah: Kelantan<br>No:3924<br>Hex coord:(101;80),n/a,0,0,0,0,0,0,1,2022-12-30T20:25:26.3943435Z,0
4.998829,101.502268,Daerah: Kelantan<br>No:3925<br>Hex coord:(102;80),n/a,0,0,0,0,0,0,1,2022-12-30T20:25:27.0734314Z,0
4.991049,101.5158147,Daerah: Kelantan<br>No:3926<br>Hex coord:(103;80),n/a,0,0,0,0,0,0,1,2022-12-30T20:25:27.7430696Z,0
4.998829,101.5293614,Daerah: Kelantan<br>No:3927<br>Hex coord:(104;80),n/a,0,0,0,0,0,0,1,2022-12-30T20:25:28.4150121Z,0
4.991049,101.5429081,Daerah: Kelantan<br>No:3928<br>Hex coord:(105;80),n/a,0,0,0,0,0,0,1,2022-12-30T20:25:29.0966698Z,0
4.998829,101.5564548,Daerah: Kelantan<br>No:3929<br>Hex coord:(106;80),n/a,0,0,0,0,0,0,1,2022-12-30T20:25:29.7676729Z,0
4.991049,101.5700015,Daerah: Kelantan<br>No:3930<br>Hex coord:(107;80),n/a,0,0,0,0,0,0,1,2022-12-30T20:25:30.4407857Z,0
4.998829,101.5835482,Daerah: Kelantan<br>No:3931<br>Hex coord:(108;80),n/a,0,0,0,0,0,0,1,2022-12-30T20:25:31.1175295Z,0
4.991049,101.5970949,Daerah: Kelantan<br>No:3932<br>Hex coord:(109;80),n/a,0,0,0,0,0,0,1,2022-12-30T20:25:31.7822910Z,0
4.998829,101.6106416,Daerah: Kelantan<br>No:3933<br>Hex coord:(110;80),n/a,0,0,0,0,0,0,1,2022-12-30T20:25:32.4628010Z,0
4.991049,101.6241883,Daerah: Kelantan<br>No:3934<br>Hex coord:(111;80),n/a,0,0,0,0,0,0,1,2022-12-30T20:25:33.1503726Z,0
4.998829,101.637735,Daerah: Kelantan<br>No:3935<br>Hex coord:(112;80),n/a,0,0,0,0,0,0,1,2022-12-30T20:25:33.8318345Z,0
4.991049,101.6512817,Daerah: Kelantan<br>No:3936<br>Hex coord:(113;80),n/a,0,0,0,0,0,0,1,2022-12-30T20:25:34.5237647Z,0
4.998829,101.6648284,Daerah: Kelantan<br>No:3937<br>Hex coord:(114;80),n/a,0,0,0,0,0,0,1,2022-12-30T20:25:35.1984340Z,0
4.991049,101.6783751,Daerah: Kelantan<br>No:3938<br>Hex coord:(115;80),n/a,0,0,0,0,0,0,1,2022-12-30T20:25:35.8768087Z,0
4.998829,101.6919218,Daerah: Kelantan<br>No:3939<br>Hex coord:(116;80),n/a,0,0,0,0,0,0,1,2022-12-30T20:25:36.5529382Z,0
4.991049,101.7054685,Daerah: Kelantan<br>No:3940<br>Hex coord:(117;80),n/a,0,0,0,0,0,0,1,2022-12-30T20:25:37.2334562Z,0
4.998829,101.7190152,Daerah: Kelantan<br>No:3941<br>Hex coord:(118;80),n/a,0,0,0,0,0,0,1,2022-12-30T20:25:37.9006653Z,0
4.991049,101.7325619,Daerah: Kelantan<br>No:3942<br>Hex coord:(119;80),n/a,0,0,0,0,0,0,1,2022-12-30T20:25:38.5824174Z,0
4.998829,101.7461086,Daerah: Kelantan<br>No:3943<br>Hex coord:(120;80),n/a,0,0,0,0,0,0,1,2022-12-30T20:25:39.2832129Z,0
4.991049,101.7596554,Daerah: Kelantan<br>No:3944<br>Hex coord:(121;80),n/a,0,0,0,0,0,0,1,2022-12-30T20:25:39.9569947Z,0
4.998829,101.7732021,Daerah: Kelantan<br>No:3945<br>Hex coord:(122;80),n/a,0,0,0,0,0,0,1,2022-12-30T20:25:40.6257849Z,0
4.991049,101.7867488,Daerah: Kelantan<br>No:3946<br>Hex coord:(123;80),n/a,0,0,0,0,0,0,1,2022-12-30T20:25:41.3609922Z,0
4.998829,101.8002955,Daerah: Kelantan<br>No:3947<br>Hex coord:(124;80),n/a,0,0,0,0,0,0,1,2022-12-30T20:25:42.0368252Z,0
4.991049,101.8138422,Daerah: Kelantan<br>No:3948<br>Hex coord:(125;80),n/a,0,0,0,0,0,0,1,2022-12-30T20:25:42.7111068Z,0
4.998829,101.8273889,Daerah: Kelantan<br>No:3949<br>Hex coord:(126;80),n/a,0,0,0,0,0,0,1,2022-12-30T20:25:43.3983928Z,0
4.991049,101.8409356,Daerah: Kelantan<br>No:3950<br>Hex coord:(127;80),n/a,0,0,0,0,0,0,1,2022-12-30T20:25:44.0787455Z,0
4.998829,101.8544823,Daerah: Kelantan<br>No:3951<br>Hex coord:(128;80),n/a,0,0,0,0,0,0,1,2022-12-30T20:25:44.7528729Z,0
4.991049,101.868029,Daerah: Kelantan<br>No:3952<br>Hex coord:(129;80),n/a,0,0,0,0,0,0,1,2022-12-30T20:25:45.4253609Z,0
4.998829,101.8815757,Daerah: Kelantan<br>No:3953<br>Hex coord:(130;80),n/a,0,0,0,0,0,0,1,2022-12-30T20:25:46.0981844Z,0
4.991049,101.8951224,Daerah: Kelantan<br>No:3954<br>Hex coord:(131;80),n/a,0,0,0,0,0,0,1,2022-12-30T20:25:46.7705321Z,0
4.998829,101.9086691,Daerah: Kelantan<br>No:3955<br>Hex coord:(132;80),n/a,0,0,0,0,0,0,1,2022-12-30T20:25:47.4531848Z,0
4.991049,101.9222158,Daerah: Kelantan<br>No:3956<br>Hex coord:(133;80),n/a,0,0,0,0,0,0,1,2022-12-30T20:25:48.1359009Z,0
4.998829,101.9357625,Daerah: Kelantan<br>No:3957<br>Hex coord:(134;80),n/a,0,0,0,0,0,0,1,2022-12-30T20:25:48.8114876Z,0
4.991049,101.9493092,Daerah: Kelantan<br>No:3958<br>Hex coord:(135;80),n/a,0,0,0,0,0,0,1,2022-12-30T20:25:49.4984883Z,0
4.998829,101.9628559,Daerah: Kelantan<br>No:3959<br>Hex coord:(136;80),n/a,0,0,0,0,0,0,1,2022-12-30T20:25:50.1758385Z,0
4.991049,101.9764026,Daerah: Kelantan<br>No:3960<br>Hex coord:(137;80),n/a,0,0,0,0,0,0,1,2022-12-30T20:25:50.8451557Z,0
4.998829,101.9899493,Daerah: Kelantan<br>No:3961<br>Hex coord:(138;80),n/a,0,0,0,0,0,0,1,2022-12-30T20:25:51.5269223Z,0
4.991049,102.003496,Daerah: Kelantan<br>No:3962<br>Hex coord:(139;80),n/a,0,0,0,0,0,0,1,2022-12-30T20:25:52.2008377Z,0
4.998829,102.0170428,Daerah: Kelantan<br>No:3963<br>Hex coord:(140;80),n/a,0,0,0,0,0,0,1,2022-12-30T20:25:52.8723435Z,0
4.991049,102.0305895,Daerah: Kelantan<br>No:3964<br>Hex coord:(141;80),n/a,0,0,0,0,0,0,1,2022-12-30T20:25:53.5526455Z,0
4.998829,102.0441362,Daerah: Kelantan<br>No:3965<br>Hex coord:(142;80),n/a,0,0,0,0,0,0,1,2022-12-30T20:25:54.2269069Z,0
4.991049,102.0576829,Daerah: Kelantan<br>No:3966<br>Hex coord:(143;80),n/a,0,0,0,0,0,0,1,2022-12-30T20:25:54.9132919Z,0
4.998829,102.0712296,Daerah: Kelantan<br>No:3967<br>Hex coord:(144;80),n/a,0,0,0,0,0,0,1,2022-12-30T20:25:55.5982716Z,0
4.991049,102.0847763,Daerah: Kelantan<br>No:3968<br>Hex coord:(145;80),n/a,0,0,0,0,0,0,1,2022-12-30T20:25:56.2759801Z,0
4.998829,102.098323,Daerah: Kelantan<br>No:3969<br>Hex coord:(146;80),n/a,0,0,0,0,0,0,1,2022-12-30T20:25:56.9577647Z,0
4.991049,102.1118697,Daerah: Kelantan<br>No:3970<br>Hex coord:(147;80),n/a,0,0,0,0,0,0,1,2022-12-30T20:25:57.6394176Z,0
4.998829,102.1254164,Daerah: Kelantan<br>No:3971<br>Hex coord:(148;80),n/a,0,0,0,0,0,0,1,2022-12-30T20:25:58.3144855Z,0
4.991049,102.1389631,Daerah: Kelantan<br>No:3972<br>Hex coord:(149;80),n/a,0,0,0,0,0,0,1,2022-12-30T20:25:58.9798002Z,0
4.998829,102.1525098,Daerah: Kelantan<br>No:3973<br>Hex coord:(150;80),n/a,0,0,0,0,0,0,1,2022-12-30T20:25:59.6543404Z,0
4.991049,102.1660565,Daerah: Kelantan<br>No:3974<br>Hex coord:(151;80),n/a,0,0,0,0,0,0,1,2022-12-30T20:26:00.3358785Z,0
4.998829,102.1796032,Daerah: Kelantan<br>No:3975<br>Hex coord:(152;80),n/a,0,0,0,0,0,0,1,2022-12-30T20:26:01.0079041Z,0
4.991049,102.1931499,Daerah: Kelantan<br>No:3976<br>Hex coord:(153;80),n/a,0,0,0,0,0,0,1,2022-12-30T20:26:01.6917567Z,0
4.998829,102.2066966,Daerah: Kelantan<br>No:3977<br>Hex coord:(154;80),n/a,0,0,0,0,0,0,1,2022-12-30T20:26:02.3720336Z,0
4.991049,102.2202433,Daerah: Kelantan<br>No:3978<br>Hex coord:(155;80),n/a,0,0,0,0,0,0,1,2022-12-30T20:26:03.0406585Z,0
4.998829,102.23379,Daerah: Kelantan<br>No:3979<br>Hex coord:(156;80),n/a,0,0,0,0,0,0,1,2022-12-30T20:26:03.7173682Z,0
4.991049,102.2473367,Daerah: Kelantan<br>No:3980<br>Hex coord:(157;80),n/a,0,0,0,0,0,0,1,2022-12-30T20:26:04.3882707Z,0
4.998829,102.2608835,Daerah: Kelantan<br>No:3981<br>Hex coord:(158;80),n/a,0,0,0,0,0,0,1,2022-12-30T20:26:05.0613943Z,0
4.991049,102.2744302,Daerah: Kelantan<br>No:3982<br>Hex coord:(159;80),n/a,0,0,0,0,0,0,1,2022-12-30T20:26:05.7416719Z,0
4.998829,102.2879769,Daerah: Kelantan<br>No:3983<br>Hex coord:(160;80),n/a,0,0,0,0,0,0,1,2022-12-30T20:26:06.4112530Z,0
4.991049,102.3015236,Daerah: Kelantan<br>No:3984<br>Hex coord:(161;80),n/a,0,0,0,0,0,0,1,2022-12-30T20:26:07.0762731Z,0
4.998829,102.3150703,Daerah: Kelantan<br>No:3985<br>Hex coord:(162;80),n/a,0,0,0,0,0,0,1,2022-12-30T20:26:07.7518535Z,0
4.991049,102.328617,Daerah: Kelantan<br>No:3986<br>Hex coord:(163;80),n/a,0,0,0,0,0,0,1,2022-12-30T20:26:08.4334902Z,0
4.998829,102.3421637,Daerah: Kelantan<br>No:3987<br>Hex coord:(164;80),n/a,0,0,0,0,0,0,1,2022-12-30T20:26:09.1068472Z,0
4.991049,102.3557104,Daerah: Kelantan<br>No:3988<br>Hex coord:(165;80),n/a,0,0,0,0,0,0,1,2022-12-30T20:26:09.7823361Z,0
4.998829,102.3692571,Daerah: Kelantan<br>No:3989<br>Hex coord:(166;80),n/a,0,0,0,0,0,0,1,2022-12-30T20:26:10.4506124Z,0
4.991049,102.3828038,Daerah: Kelantan<br>No:3990<br>Hex coord:(167;80),n/a,0,0,0,0,0,0,1,2022-12-30T20:26:11.1236784Z,0
4.998829,102.3963505,Daerah: Kelantan<br>No:3991<br>Hex coord:(168;80),n/a,0,0,0,0,0,0,1,2022-12-30T20:26:11.8101719Z,0
4.991049,102.4098972,Daerah: Kelantan<br>No:3992<br>Hex coord:(169;80),n/a,0,0,0,0,0,0,1,2022-12-30T20:26:12.4880534Z,0
4.998829,102.4234439,Daerah: Kelantan<br>No:3993<br>Hex coord:(170;80),n/a,0,0,0,0,0,0,1,2022-12-30T20:26:13.1591243Z,0
4.991049,102.4369906,Daerah: Kelantan<br>No:3994<br>Hex coord:(171;80),n/a,0,0,0,0,0,0,1,2022-12-30T20:26:13.8392363Z,0
4.998829,102.4505373,Daerah: Kelantan<br>No:3995<br>Hex coord:(172;80),n/a,0,0,0,0,0,0,1,2022-12-30T20:26:14.5231386Z,0
4.991049,102.464084,Daerah: Kelantan<br>No:3996<br>Hex coord:(173;80),n/a,0,0,0,0,0,0,1,2022-12-30T20:26:15.1961871Z,0
4.998829,102.4776307,Daerah: Kelantan<br>No:3997<br>Hex coord:(174;80),n/a,0,0,0,0,0,0,1,2022-12-30T20:26:15.8693442Z,0
4.991049,102.4911774,Daerah: Kelantan<br>No:3998<br>Hex coord:(175;80),n/a,0,0,0,0,0,0,1,2022-12-30T20:26:16.5344675Z,0
4.983269,101.4480811,Daerah: Kelantan<br>No:3999<br>Hex coord:(98;81),n/a,0,0,0,0,0,0,1,2022-12-30T20:26:17.2053443Z,0
4.975489,101.4616278,Daerah: Kelantan<br>No:4000<br>Hex coord:(99;81),n/a,0,0,0,0,0,0,1,2022-12-30T20:26:17.8800654Z,0
4.983269,101.4751745,Daerah: Kelantan<br>No:4001<br>Hex coord:(100;81),n/a,0,0,0,0,0,0,1,2022-12-30T20:26:18.6217790Z,0
4.975489,101.4887212,Daerah: Kelantan<br>No:4002<br>Hex coord:(101;81),n/a,0,0,0,0,0,0,1,2022-12-30T20:26:19.3632165Z,0
4.983269,101.502268,Daerah: Kelantan<br>No:4003<br>Hex coord:(102;81),n/a,0,0,0,0,0,0,1,2022-12-30T20:26:20.0335363Z,0
4.975489,101.5158147,Daerah: Kelantan<br>No:4004<br>Hex coord:(103;81),n/a,0,0,0,0,0,0,1,2022-12-30T20:26:20.7178618Z,0
4.983269,101.5293614,Daerah: Kelantan<br>No:4005<br>Hex coord:(104;81),n/a,0,0,0,0,0,0,1,2022-12-30T20:26:21.3863322Z,0
4.975489,101.5429081,Daerah: Kelantan<br>No:4006<br>Hex coord:(105;81),n/a,0,0,0,0,0,0,1,2022-12-30T20:26:22.0643169Z,0
4.983269,101.5564548,Daerah: Kelantan<br>No:4007<br>Hex coord:(106;81),n/a,0,0,0,0,0,0,1,2022-12-30T20:26:22.7325788Z,0
4.975489,101.5700015,Daerah: Kelantan<br>No:4008<br>Hex coord:(107;81),n/a,0,0,0,0,0,0,1,2022-12-30T20:26:23.4023173Z,0
4.983269,101.5835482,Daerah: Kelantan<br>No:4009<br>Hex coord:(108;81),n/a,0,0,0,0,0,0,1,2022-12-30T20:26:24.0708220Z,0
4.975489,101.5970949,Daerah: Kelantan<br>No:4010<br>Hex coord:(109;81),n/a,0,0,0,0,0,0,1,2022-12-30T20:26:24.7798171Z,0
4.983269,101.6106416,Daerah: Kelantan<br>No:4011<br>Hex coord:(110;81),n/a,0,0,0,0,0,0,1,2022-12-30T20:26:25.4458344Z,0
4.975489,101.6241883,Daerah: Kelantan<br>No:4012<br>Hex coord:(111;81),n/a,0,0,0,0,0,0,1,2022-12-30T20:26:26.1249764Z,0
4.983269,101.637735,Daerah: Kelantan<br>No:4013<br>Hex coord:(112;81),n/a,0,0,0,0,0,0,1,2022-12-30T20:26:26.7981543Z,0
4.975489,101.6512817,Daerah: Kelantan<br>No:4014<br>Hex coord:(113;81),n/a,0,0,0,0,0,0,1,2022-12-30T20:26:27.4702502Z,0
4.983269,101.6648284,Daerah: Kelantan<br>No:4015<br>Hex coord:(114;81),n/a,0,0,0,0,0,0,1,2022-12-30T20:26:28.1411281Z,0
4.975489,101.6783751,Daerah: Kelantan<br>No:4016<br>Hex coord:(115;81),n/a,0,0,0,0,0,0,1,2022-12-30T20:26:28.8225336Z,0
4.983269,101.6919218,Daerah: Kelantan<br>No:4017<br>Hex coord:(116;81),n/a,0,0,0,0,0,0,1,2022-12-30T20:26:29.5900353Z,0
4.975489,101.7054685,Daerah: Kelantan<br>No:4018<br>Hex coord:(117;81),n/a,0,0,0,0,0,0,1,2022-12-30T20:26:30.2612456Z,0
4.983269,101.7190152,Daerah: Kelantan<br>No:4019<br>Hex coord:(118;81),n/a,0,0,0,0,0,0,1,2022-12-30T20:26:30.9328018Z,0
4.975489,101.7325619,Daerah: Kelantan<br>No:4020<br>Hex coord:(119;81),n/a,0,0,0,0,0,0,1,2022-12-30T20:26:31.6095141Z,0
4.983269,101.7461086,Daerah: Kelantan<br>No:4021<br>Hex coord:(120;81),n/a,0,0,0,0,0,0,1,2022-12-30T20:26:32.2855060Z,0
4.975489,101.7596554,Daerah: Kelantan<br>No:4022<br>Hex coord:(121;81),n/a,0,0,0,0,0,0,1,2022-12-30T20:26:32.9715255Z,0
4.983269,101.7732021,Daerah: Kelantan<br>No:4023<br>Hex coord:(122;81),n/a,0,0,0,0,0,0,1,2022-12-30T20:26:33.6434851Z,0
4.975489,101.7867488,Daerah: Kelantan<br>No:4024<br>Hex coord:(123;81),n/a,0,0,0,0,0,0,1,2022-12-30T20:26:34.3151707Z,0
4.983269,101.8002955,Daerah: Kelantan<br>No:4025<br>Hex coord:(124;81),n/a,0,0,0,0,0,0,1,2022-12-30T20:26:34.9758166Z,0
4.975489,101.8138422,Daerah: Kelantan<br>No:4026<br>Hex coord:(125;81),n/a,0,0,0,0,0,0,1,2022-12-30T20:26:35.6464362Z,0
4.983269,101.8273889,Daerah: Kelantan<br>No:4027<br>Hex coord:(126;81),n/a,0,0,0,0,0,0,1,2022-12-30T20:26:36.3124913Z,0
4.975489,101.8409356,Daerah: Kelantan<br>No:4028<br>Hex coord:(127;81),n/a,0,0,0,0,0,0,1,2022-12-30T20:26:36.9865275Z,0
4.983269,101.8544823,Daerah: Kelantan<br>No:4029<br>Hex coord:(128;81),n/a,0,0,0,0,0,0,1,2022-12-30T20:26:37.6565853Z,0
4.975489,101.868029,Daerah: Kelantan<br>No:4030<br>Hex coord:(129;81),n/a,0,0,0,0,0,0,1,2022-12-30T20:26:38.3273499Z,0
4.983269,101.8815757,Daerah: Kelantan<br>No:4031<br>Hex coord:(130;81),n/a,0,0,0,0,0,0,1,2022-12-30T20:26:39.0064502Z,0
4.975489,101.8951224,Daerah: Kelantan<br>No:4032<br>Hex coord:(131;81),n/a,0,0,0,0,0,0,1,2022-12-30T20:26:39.6797990Z,0
4.983269,101.9086691,Daerah: Kelantan<br>No:4033<br>Hex coord:(132;81),n/a,0,0,0,0,0,0,1,2022-12-30T20:26:40.3601853Z,0
4.975489,101.9222158,Daerah: Kelantan<br>No:4034<br>Hex coord:(133;81),n/a,0,0,0,0,0,0,1,2022-12-30T20:26:41.0392829Z,0
4.983269,101.9357625,Daerah: Kelantan<br>No:4035<br>Hex coord:(134;81),n/a,0,0,0,0,0,0,1,2022-12-30T20:26:41.7099727Z,0
4.975489,101.9493092,Daerah: Kelantan<br>No:4036<br>Hex coord:(135;81),n/a,0,0,0,0,0,0,1,2022-12-30T20:26:42.3943122Z,0
4.983269,101.9628559,Daerah: Kelantan<br>No:4037<br>Hex coord:(136;81),n/a,0,0,0,0,0,0,1,2022-12-30T20:26:43.0718805Z,0
4.975489,101.9764026,Daerah: Kelantan<br>No:4038<br>Hex coord:(137;81),n/a,0,0,0,0,0,0,1,2022-12-30T20:26:43.7532227Z,0
4.983269,101.9899493,Daerah: Kelantan<br>No:4039<br>Hex coord:(138;81),n/a,0,0,0,0,0,0,1,2022-12-30T20:26:44.9676285Z,0
4.975489,102.003496,Daerah: Kelantan<br>No:4040<br>Hex coord:(139;81),n/a,0,0,0,0,0,0,1,2022-12-30T20:26:45.6396159Z,0
4.983269,102.0170428,Daerah: Kelantan<br>No:4041<br>Hex coord:(140;81),n/a,0,0,0,0,0,0,1,2022-12-30T20:26:46.3196554Z,0
4.975489,102.0305895,Daerah: Kelantan<br>No:4042<br>Hex coord:(141;81),n/a,0,0,0,0,0,0,1,2022-12-30T20:26:46.9924211Z,0
4.983269,102.0441362,Daerah: Kelantan<br>No:4043<br>Hex coord:(142;81),n/a,0,0,0,0,0,0,1,2022-12-30T20:26:47.6651661Z,0
4.975489,102.0576829,Daerah: Kelantan<br>No:4044<br>Hex coord:(143;81),n/a,0,0,0,0,0,0,1,2022-12-30T20:26:48.3551261Z,0
4.983269,102.0712296,Daerah: Kelantan<br>No:4045<br>Hex coord:(144;81),n/a,0,0,0,0,0,0,1,2022-12-30T20:26:49.0329742Z,0
4.975489,102.0847763,Daerah: Kelantan<br>No:4046<br>Hex coord:(145;81),n/a,0,0,0,0,0,0,1,2022-12-30T20:26:49.7061674Z,0
4.983269,102.098323,Daerah: Kelantan<br>No:4047<br>Hex coord:(146;81),n/a,0,0,0,0,0,0,1,2022-12-30T20:26:50.3710299Z,0
4.975489,102.1118697,Daerah: Kelantan<br>No:4048<br>Hex coord:(147;81),n/a,0,0,0,0,0,0,1,2022-12-30T20:26:51.0419097Z,0
4.983269,102.1254164,Daerah: Kelantan<br>No:4049<br>Hex coord:(148;81),n/a,0,0,0,0,0,0,1,2022-12-30T20:26:51.7102719Z,0
4.975489,102.1389631,Daerah: Kelantan<br>No:4050<br>Hex coord:(149;81),n/a,0,0,0,0,0,0,1,2022-12-30T20:26:52.3956154Z,0
4.983269,102.1525098,Daerah: Kelantan<br>No:4051<br>Hex coord:(150;81),n/a,0,0,0,0,0,0,1,2022-12-30T20:26:53.0640039Z,0
4.975489,102.1660565,Daerah: Kelantan<br>No:4052<br>Hex coord:(151;81),n/a,0,0,0,0,0,0,1,2022-12-30T20:26:53.7466431Z,0
4.983269,102.1796032,Daerah: Kelantan<br>No:4053<br>Hex coord:(152;81),n/a,0,0,0,0,0,0,1,2022-12-30T20:26:54.4267405Z,0
4.975489,102.1931499,Daerah: Kelantan<br>No:4054<br>Hex coord:(153;81),n/a,0,0,0,0,0,0,1,2022-12-30T20:26:55.0989575Z,0
4.983269,102.2066966,Daerah: Kelantan<br>No:4055<br>Hex coord:(154;81),n/a,0,0,0,0,0,0,1,2022-12-30T20:26:55.7712097Z,0
4.975489,102.2202433,Daerah: Kelantan<br>No:4056<br>Hex coord:(155;81),n/a,0,0,0,0,0,0,1,2022-12-30T20:26:56.4395214Z,0
4.983269,102.23379,Daerah: Kelantan<br>No:4057<br>Hex coord:(156;81),n/a,0,0,0,0,0,0,1,2022-12-30T20:26:57.1078849Z,0
4.975489,102.2473367,Daerah: Kelantan<br>No:4058<br>Hex coord:(157;81),n/a,0,0,0,0,0,0,1,2022-12-30T20:26:57.7813634Z,0
4.983269,102.2608835,Daerah: Kelantan<br>No:4059<br>Hex coord:(158;81),n/a,0,0,0,0,0,0,1,2022-12-30T20:26:58.4519328Z,0
4.975489,102.2744302,Daerah: Kelantan<br>No:4060<br>Hex coord:(159;81),n/a,0,0,0,0,0,0,1,2022-12-30T20:26:59.1192762Z,0
4.983269,102.2879769,Daerah: Kelantan<br>No:4061<br>Hex coord:(160;81),n/a,0,0,0,0,0,0,1,2022-12-30T20:26:59.8044057Z,0
4.975489,102.3015236,Daerah: Kelantan<br>No:4062<br>Hex coord:(161;81),n/a,0,0,0,0,0,0,1,2022-12-30T20:27:00.4809477Z,0
4.983269,102.3150703,Daerah: Kelantan<br>No:4063<br>Hex coord:(162;81),n/a,0,0,0,0,0,0,1,2022-12-30T20:27:01.1596880Z,0
4.975489,102.328617,Daerah: Kelantan<br>No:4064<br>Hex coord:(163;81),n/a,0,0,0,0,0,0,1,2022-12-30T20:27:01.8656928Z,0
4.983269,102.3421637,Daerah: Kelantan<br>No:4065<br>Hex coord:(164;81),n/a,0,0,0,0,0,0,1,2022-12-30T20:27:02.5425026Z,0
4.975489,102.3557104,Daerah: Kelantan<br>No:4066<br>Hex coord:(165;81),n/a,0,0,0,0,0,0,1,2022-12-30T20:27:03.2255800Z,0
4.983269,102.3692571,Daerah: Kelantan<br>No:4067<br>Hex coord:(166;81),n/a,0,0,0,0,0,0,1,2022-12-30T20:27:03.9008260Z,0
4.975489,102.3828038,Daerah: Kelantan<br>No:4068<br>Hex coord:(167;81),n/a,0,0,0,0,0,0,1,2022-12-30T20:27:04.5835128Z,0
4.983269,102.3963505,Daerah: Kelantan<br>No:4069<br>Hex coord:(168;81),n/a,0,0,0,0,0,0,1,2022-12-30T20:27:05.2507450Z,0
4.975489,102.4098972,Daerah: Kelantan<br>No:4070<br>Hex coord:(169;81),n/a,0,0,0,0,0,0,1,2022-12-30T20:27:05.9272940Z,0
4.983269,102.4234439,Daerah: Kelantan<br>No:4071<br>Hex coord:(170;81),n/a,0,0,0,0,0,0,1,2022-12-30T20:27:06.5982746Z,0
4.975489,102.4369906,Daerah: Kelantan<br>No:4072<br>Hex coord:(171;81),n/a,0,0,0,0,0,0,1,2022-12-30T20:27:07.2704215Z,0
4.983269,102.4505373,Daerah: Kelantan<br>No:4073<br>Hex coord:(172;81),n/a,0,0,0,0,0,0,1,2022-12-30T20:27:07.9366392Z,0
4.975489,102.464084,Daerah: Kelantan<br>No:4074<br>Hex coord:(173;81),n/a,0,0,0,0,0,0,1,2022-12-30T20:27:08.6036766Z,0
4.983269,102.4776307,Daerah: Kelantan<br>No:4075<br>Hex coord:(174;81),n/a,0,0,0,0,0,0,1,2022-12-30T20:27:09.2709762Z,0
4.975489,102.4911774,Daerah: Kelantan<br>No:4076<br>Hex coord:(175;81),n/a,0,0,0,0,0,0,1,2022-12-30T20:27:09.9463016Z,0
4.983269,102.5047241,Daerah: Kelantan<br>No:4077<br>Hex coord:(176;81),n/a,0,0,0,0,0,0,1,2022-12-30T20:27:10.6125606Z,0
4.967709,101.4480811,Daerah: Kelantan<br>No:4078<br>Hex coord:(98;82),n/a,0,0,0,0,0,0,1,2022-12-30T20:27:11.2810724Z,0
4.959929,101.4616278,Daerah: Kelantan<br>No:4079<br>Hex coord:(99;82),n/a,0,0,0,0,0,0,1,2022-12-30T20:27:11.9554137Z,0
4.967709,101.4751745,Daerah: Kelantan<br>No:4080<br>Hex coord:(100;82),n/a,0,0,0,0,0,0,1,2022-12-30T20:27:12.6324275Z,0
4.959929,101.4887212,Daerah: Kelantan<br>No:4081<br>Hex coord:(101;82),n/a,0,0,0,0,0,0,1,2022-12-30T20:27:13.3101597Z,0
4.967709,101.502268,Daerah: Kelantan<br>No:4082<br>Hex coord:(102;82),n/a,0,0,0,0,0,0,1,2022-12-30T20:27:13.9778254Z,0
4.959929,101.5158147,Daerah: Kelantan<br>No:4083<br>Hex coord:(103;82),n/a,0,0,0,0,0,0,1,2022-12-30T20:27:14.6616946Z,0
4.967709,101.5293614,Daerah: Kelantan<br>No:4084<br>Hex coord:(104;82),n/a,0,0,0,0,0,0,1,2022-12-30T20:27:15.3387507Z,0
4.959929,101.5429081,Daerah: Kelantan<br>No:4085<br>Hex coord:(105;82),n/a,0,0,0,0,0,0,1,2022-12-30T20:27:16.0209336Z,0
4.967709,101.5564548,Daerah: Kelantan<br>No:4086<br>Hex coord:(106;82),n/a,0,0,0,0,0,0,1,2022-12-30T20:27:16.6905545Z,0
4.959929,101.5700015,Daerah: Kelantan<br>No:4087<br>Hex coord:(107;82),n/a,0,0,0,0,0,0,1,2022-12-30T20:27:17.3638206Z,0
4.967709,101.5835482,Daerah: Kelantan<br>No:4088<br>Hex coord:(108;82),n/a,0,0,0,0,0,0,1,2022-12-30T20:27:18.0312328Z,0
4.959929,101.5970949,Daerah: Kelantan<br>No:4089<br>Hex coord:(109;82),n/a,0,0,0,0,0,0,1,2022-12-30T20:27:18.7017649Z,0
4.967709,101.6106416,Daerah: Kelantan<br>No:4090<br>Hex coord:(110;82),n/a,0,0,0,0,0,0,1,2022-12-30T20:27:19.3820104Z,0
4.959929,101.6241883,Daerah: Kelantan<br>No:4091<br>Hex coord:(111;82),n/a,0,0,0,0,0,0,1,2022-12-30T20:27:20.0613661Z,0
4.967709,101.637735,Daerah: Kelantan<br>No:4092<br>Hex coord:(112;82),n/a,0,0,0,0,0,0,1,2022-12-30T20:27:20.7296839Z,0
4.959929,101.6512817,Daerah: Kelantan<br>No:4093<br>Hex coord:(113;82),n/a,0,0,0,0,0,0,1,2022-12-30T20:27:21.3970027Z,0
4.967709,101.6648284,Daerah: Kelantan<br>No:4094<br>Hex coord:(114;82),n/a,0,0,0,0,0,0,1,2022-12-30T20:27:22.0666474Z,0
4.959929,101.6783751,Daerah: Kelantan<br>No:4095<br>Hex coord:(115;82),n/a,0,0,0,0,0,0,1,2022-12-30T20:27:22.7397508Z,0
4.967709,101.6919218,Daerah: Kelantan<br>No:4096<br>Hex coord:(116;82),n/a,0,0,0,0,0,0,1,2022-12-30T20:27:23.4153967Z,0
4.959929,101.7054685,Daerah: Kelantan<br>No:4097<br>Hex coord:(117;82),n/a,0,0,0,0,0,0,1,2022-12-30T20:27:24.0874233Z,0
4.967709,101.7190152,Daerah: Kelantan<br>No:4098<br>Hex coord:(118;82),n/a,0,0,0,0,0,0,1,2022-12-30T20:27:24.7585852Z,0
4.959929,101.7325619,Daerah: Kelantan<br>No:4099<br>Hex coord:(119;82),n/a,0,0,0,0,0,0,1,2022-12-30T20:27:25.4421158Z,0
4.967709,101.7461086,Daerah: Kelantan<br>No:4100<br>Hex coord:(120;82),n/a,0,0,0,0,0,0,1,2022-12-30T20:27:26.1142938Z,0
4.959929,101.7596554,Daerah: Kelantan<br>No:4101<br>Hex coord:(121;82),n/a,0,0,0,0,0,0,1,2022-12-30T20:27:26.7813874Z,0
4.967709,101.7732021,Daerah: Kelantan<br>No:4102<br>Hex coord:(122;82),n/a,0,0,0,0,0,0,1,2022-12-30T20:27:27.4509857Z,0
4.959929,101.7867488,Daerah: Kelantan<br>No:4103<br>Hex coord:(123;82),n/a,0,0,0,0,0,0,1,2022-12-30T20:27:28.1418233Z,0
4.967709,101.8002955,Daerah: Kelantan<br>No:4104<br>Hex coord:(124;82),n/a,0,0,0,0,0,0,1,2022-12-30T20:27:28.8151238Z,0
4.959929,101.8138422,Daerah: Kelantan<br>No:4105<br>Hex coord:(125;82),n/a,0,0,0,0,0,0,1,2022-12-30T20:27:29.4888707Z,0
4.967709,101.8273889,Daerah: Kelantan<br>No:4106<br>Hex coord:(126;82),n/a,0,0,0,0,0,0,1,2022-12-30T20:27:30.1581073Z,0
4.959929,101.8409356,Daerah: Kelantan<br>No:4107<br>Hex coord:(127;82),n/a,0,0,0,0,0,0,1,2022-12-30T20:27:30.8350416Z,0
4.967709,101.8544823,Daerah: Kelantan<br>No:4108<br>Hex coord:(128;82),n/a,0,0,0,0,0,0,1,2022-12-30T20:27:31.5043018Z,0
4.959929,101.868029,Daerah: Kelantan<br>No:4109<br>Hex coord:(129;82),n/a,0,0,0,0,0,0,1,2022-12-30T20:27:32.1720868Z,0
4.967709,101.8815757,Daerah: Kelantan<br>No:4110<br>Hex coord:(130;82),n/a,0,0,0,0,0,0,1,2022-12-30T20:27:32.8462507Z,0
4.959929,101.8951224,Daerah: Kelantan<br>No:4111<br>Hex coord:(131;82),n/a,0,0,0,0,0,0,1,2022-12-30T20:27:33.5183820Z,0
4.967709,101.9086691,Daerah: Kelantan<br>No:4112<br>Hex coord:(132;82),n/a,0,0,0,0,0,0,1,2022-12-30T20:27:34.1835380Z,0
4.959929,101.9222158,Daerah: Kelantan<br>No:4113<br>Hex coord:(133;82),n/a,0,0,0,0,0,0,1,2022-12-30T20:27:34.8515805Z,0
4.967709,101.9357625,Daerah: Kelantan<br>No:4114<br>Hex coord:(134;82),n/a,0,0,0,0,0,0,1,2022-12-30T20:27:35.5260158Z,0
4.959929,101.9493092,Daerah: Kelantan<br>No:4115<br>Hex coord:(135;82),n/a,0,0,0,0,0,0,1,2022-12-30T20:27:36.1959056Z,0
4.967709,101.9628559,Daerah: Kelantan<br>No:4116<br>Hex coord:(136;82),n/a,0,0,0,0,0,0,1,2022-12-30T20:27:36.8724706Z,0
4.959929,101.9764026,Daerah: Kelantan<br>No:4117<br>Hex coord:(137;82),n/a,0,0,0,0,0,0,1,2022-12-30T20:27:37.5484314Z,0
4.967709,101.9899493,Daerah: Kelantan<br>No:4118<br>Hex coord:(138;82),n/a,0,0,0,0,0,0,1,2022-12-30T20:27:38.2245590Z,0
4.959929,102.003496,Daerah: Kelantan<br>No:4119<br>Hex coord:(139;82),n/a,0,0,0,0,0,0,1,2022-12-30T20:27:38.9075778Z,0
4.967709,102.0170428,Daerah: Kelantan<br>No:4120<br>Hex coord:(140;82),n/a,0,0,0,0,0,0,1,2022-12-30T20:27:39.5791998Z,0
4.959929,102.0305895,Daerah: Kelantan<br>No:4121<br>Hex coord:(141;82),n/a,0,0,0,0,0,0,1,2022-12-30T20:27:40.2493484Z,0
4.967709,102.0441362,Daerah: Kelantan<br>No:4122<br>Hex coord:(142;82),n/a,0,0,0,0,0,0,1,2022-12-30T20:27:40.9221738Z,0
4.959929,102.0576829,Daerah: Kelantan<br>No:4123<br>Hex coord:(143;82),n/a,0,0,0,0,0,0,1,2022-12-30T20:27:41.5970189Z,0
4.967709,102.0712296,Daerah: Kelantan<br>No:4124<br>Hex coord:(144;82),n/a,0,0,0,0,0,0,1,2022-12-30T20:27:42.2927372Z,0
4.959929,102.0847763,Daerah: Kelantan<br>No:4125<br>Hex coord:(145;82),n/a,0,0,0,0,0,0,1,2022-12-30T20:27:42.9696394Z,0
4.967709,102.098323,Daerah: Kelantan<br>No:4126<br>Hex coord:(146;82),n/a,0,0,0,0,0,0,1,2022-12-30T20:27:43.6619318Z,0
4.959929,102.1118697,Daerah: Kelantan<br>No:4127<br>Hex coord:(147;82),n/a,0,0,0,0,0,0,1,2022-12-30T20:27:46.7411094Z,0
4.967709,102.1254164,Daerah: Kelantan<br>No:4128<br>Hex coord:(148;82),n/a,0,0,0,0,0,0,1,2022-12-30T20:27:47.4162820Z,0
4.959929,102.1389631,Daerah: Kelantan<br>No:4129<br>Hex coord:(149;82),n/a,0,0,0,0,0,0,1,2022-12-30T20:27:48.0923540Z,0
4.967709,102.1525098,Daerah: Kelantan<br>No:4130<br>Hex coord:(150;82),n/a,0,0,0,0,0,0,1,2022-12-30T20:27:48.7661042Z,0
4.959929,102.1660565,Daerah: Kelantan<br>No:4131<br>Hex coord:(151;82),n/a,0,0,0,0,0,0,1,2022-12-30T20:27:49.4477058Z,0
4.967709,102.1796032,Daerah: Kelantan<br>No:4132<br>Hex coord:(152;82),n/a,0,0,0,0,0,0,1,2022-12-30T20:27:50.1291757Z,0
4.959929,102.1931499,Daerah: Kelantan<br>No:4133<br>Hex coord:(153;82),n/a,0,0,0,0,0,0,1,2022-12-30T20:27:50.8055733Z,0
4.967709,102.2066966,Daerah: Kelantan<br>No:4134<br>Hex coord:(154;82),n/a,0,0,0,0,0,0,1,2022-12-30T20:27:51.4792603Z,0
4.959929,102.2202433,Daerah: Kelantan<br>No:4135<br>Hex coord:(155;82),n/a,0,0,0,0,0,0,1,2022-12-30T20:27:52.1600245Z,0
4.967709,102.23379,Daerah: Kelantan<br>No:4136<br>Hex coord:(156;82),n/a,0,0,0,0,0,0,1,2022-12-30T20:27:52.8376673Z,0
4.959929,102.2473367,Daerah: Kelantan<br>No:4137<br>Hex coord:(157;82),n/a,0,0,0,0,0,0,1,2022-12-30T20:27:53.5332574Z,0
4.967709,102.2608835,Daerah: Kelantan<br>No:4138<br>Hex coord:(158;82),n/a,0,0,0,0,0,0,1,2022-12-30T20:27:54.2054251Z,0
4.959929,102.2744302,Daerah: Kelantan<br>No:4139<br>Hex coord:(159;82),n/a,0,0,0,0,0,0,1,2022-12-30T20:27:54.8821956Z,0
4.967709,102.2879769,Daerah: Kelantan<br>No:4140<br>Hex coord:(160;82),n/a,0,0,0,0,0,0,1,2022-12-30T20:27:55.5577318Z,0
4.959929,102.3015236,Daerah: Kelantan<br>No:4141<br>Hex coord:(161;82),n/a,0,0,0,0,0,0,1,2022-12-30T20:27:56.2395043Z,0
4.967709,102.3150703,Daerah: Kelantan<br>No:4142<br>Hex coord:(162;82),n/a,0,0,0,0,0,0,1,2022-12-30T20:27:56.9209457Z,0
4.959929,102.328617,Daerah: Kelantan<br>No:4143<br>Hex coord:(163;82),n/a,0,0,0,0,0,0,1,2022-12-30T20:27:57.6047073Z,0
4.967709,102.3421637,Daerah: Kelantan<br>No:4144<br>Hex coord:(164;82),n/a,0,0,0,0,0,0,1,2022-12-30T20:27:58.2854524Z,0
4.959929,102.3557104,Daerah: Kelantan<br>No:4145<br>Hex coord:(165;82),n/a,0,0,0,0,0,0,1,2022-12-30T20:27:58.9571328Z,0
4.967709,102.3692571,Daerah: Kelantan<br>No:4146<br>Hex coord:(166;82),n/a,0,0,0,0,0,0,1,2022-12-30T20:27:59.6363084Z,0
4.959929,102.3828038,Daerah: Kelantan<br>No:4147<br>Hex coord:(167;82),n/a,0,0,0,0,0,0,1,2022-12-30T20:28:00.3100446Z,0
4.967709,102.3963505,Daerah: Kelantan<br>No:4148<br>Hex coord:(168;82),n/a,0,0,0,0,0,0,1,2022-12-30T20:28:00.9791602Z,0
4.959929,102.4098972,Daerah: Kelantan<br>No:4149<br>Hex coord:(169;82),n/a,0,0,0,0,0,0,1,2022-12-30T20:28:01.6463889Z,0
4.967709,102.4234439,Daerah: Kelantan<br>No:4150<br>Hex coord:(170;82),n/a,0,0,0,0,0,0,1,2022-12-30T20:28:02.3165079Z,0
4.959929,102.4369906,Daerah: Kelantan<br>No:4151<br>Hex coord:(171;82),n/a,0,0,0,0,0,0,1,2022-12-30T20:28:02.9880213Z,0
4.967709,102.4505373,Daerah: Kelantan<br>No:4152<br>Hex coord:(172;82),n/a,0,0,0,0,0,0,1,2022-12-30T20:28:03.6589275Z,0
4.959929,102.464084,Daerah: Kelantan<br>No:4153<br>Hex coord:(173;82),n/a,0,0,0,0,0,0,1,2022-12-30T20:28:04.3298202Z,0
4.967709,102.4776307,Daerah: Kelantan<br>No:4154<br>Hex coord:(174;82),n/a,0,0,0,0,0,0,1,2022-12-30T20:28:04.9990475Z,0
4.959929,102.4911774,Daerah: Kelantan<br>No:4155<br>Hex coord:(175;82),n/a,0,0,0,0,0,0,1,2022-12-30T20:28:05.6677248Z,0
4.967709,102.5047241,Daerah: Kelantan<br>No:4156<br>Hex coord:(176;82),n/a,0,0,0,0,0,0,1,2022-12-30T20:28:06.3386091Z,0
4.952149,101.4480811,Daerah: Kelantan<br>No:4157<br>Hex coord:(98;83),n/a,0,0,0,0,0,0,1,2022-12-30T20:28:07.0144307Z,0
4.944369,101.4616278,Daerah: Kelantan<br>No:4158<br>Hex coord:(99;83),n/a,0,0,0,0,0,0,1,2022-12-30T20:28:07.6897643Z,0
4.952149,101.4751745,Daerah: Kelantan<br>No:4159<br>Hex coord:(100;83),n/a,0,0,0,0,0,0,1,2022-12-30T20:28:08.3608213Z,0
4.944369,101.4887212,Daerah: Kelantan<br>No:4160<br>Hex coord:(101;83),n/a,0,0,0,0,0,0,1,2022-12-30T20:28:09.0276833Z,0
4.952149,101.502268,Daerah: Kelantan<br>No:4161<br>Hex coord:(102;83),n/a,0,0,0,0,0,0,1,2022-12-30T20:28:09.6996732Z,0
4.944369,101.5158147,Daerah: Kelantan<br>No:4162<br>Hex coord:(103;83),n/a,0,0,0,0,0,0,1,2022-12-30T20:28:10.3705755Z,0
4.952149,101.5293614,Daerah: Kelantan<br>No:4163<br>Hex coord:(104;83),n/a,0,0,0,0,0,0,1,2022-12-30T20:28:11.0499720Z,0
4.944369,101.5429081,Daerah: Kelantan<br>No:4164<br>Hex coord:(105;83),n/a,0,0,0,0,0,0,1,2022-12-30T20:28:11.7230136Z,0
4.952149,101.5564548,Daerah: Kelantan<br>No:4165<br>Hex coord:(106;83),n/a,0,0,0,0,0,0,1,2022-12-30T20:28:12.3889855Z,0
4.944369,101.5700015,Daerah: Kelantan<br>No:4166<br>Hex coord:(107;83),n/a,0,0,0,0,0,0,1,2022-12-30T20:28:13.0539187Z,0
4.952149,101.5835482,Daerah: Kelantan<br>No:4167<br>Hex coord:(108;83),n/a,0,0,0,0,0,0,1,2022-12-30T20:28:13.7273001Z,0
4.944369,101.5970949,Daerah: Kelantan<br>No:4168<br>Hex coord:(109;83),n/a,0,0,0,0,0,0,1,2022-12-30T20:28:14.3980511Z,0
4.952149,101.6106416,Daerah: Kelantan<br>No:4169<br>Hex coord:(110;83),n/a,0,0,0,0,0,0,1,2022-12-30T20:28:15.0797540Z,0
4.944369,101.6241883,Daerah: Kelantan<br>No:4170<br>Hex coord:(111;83),n/a,0,0,0,0,0,0,1,2022-12-30T20:28:15.7527721Z,0
4.952149,101.637735,Daerah: Kelantan<br>No:4171<br>Hex coord:(112;83),n/a,0,0,0,0,0,0,1,2022-12-30T20:28:16.4249151Z,0
4.944369,101.6512817,Daerah: Kelantan<br>No:4172<br>Hex coord:(113;83),n/a,0,0,0,0,0,0,1,2022-12-30T20:28:17.0919858Z,0
4.952149,101.6648284,Daerah: Kelantan<br>No:4173<br>Hex coord:(114;83),n/a,0,0,0,0,0,0,1,2022-12-30T20:28:17.7618552Z,0
4.944369,101.6783751,Daerah: Kelantan<br>No:4174<br>Hex coord:(115;83),n/a,0,0,0,0,0,0,1,2022-12-30T20:28:18.4380488Z,0
4.952149,101.6919218,Daerah: Kelantan<br>No:4175<br>Hex coord:(116;83),n/a,0,0,0,0,0,0,1,2022-12-30T20:28:19.1091974Z,0
4.944369,101.7054685,Daerah: Kelantan<br>No:4176<br>Hex coord:(117;83),n/a,0,0,0,0,0,0,1,2022-12-30T20:28:19.7719582Z,0
4.952149,101.7190152,Daerah: Kelantan<br>No:4177<br>Hex coord:(118;83),n/a,0,0,0,0,0,0,1,2022-12-30T20:28:20.4481589Z,0
4.944369,101.7325619,Daerah: Kelantan<br>No:4178<br>Hex coord:(119;83),n/a,0,0,0,0,0,0,1,2022-12-30T20:28:21.1275453Z,0
4.952149,101.7461086,Daerah: Kelantan<br>No:4179<br>Hex coord:(120;83),n/a,0,0,0,0,0,0,1,2022-12-30T20:28:21.8009308Z,0
4.944369,101.7596554,Daerah: Kelantan<br>No:4180<br>Hex coord:(121;83),n/a,0,0,0,0,0,0,1,2022-12-30T20:28:22.4752125Z,0
4.952149,101.7732021,Daerah: Kelantan<br>No:4181<br>Hex coord:(122;83),n/a,0,0,0,0,0,0,1,2022-12-30T20:28:23.1508127Z,0
4.944369,101.7867488,Daerah: Kelantan<br>No:4182<br>Hex coord:(123;83),n/a,0,0,0,0,0,0,1,2022-12-30T20:28:23.8242989Z,0
4.952149,101.8002955,Daerah: Kelantan<br>No:4183<br>Hex coord:(124;83),n/a,0,0,0,0,0,0,1,2022-12-30T20:28:24.4959771Z,0
4.944369,101.8138422,Daerah: Kelantan<br>No:4184<br>Hex coord:(125;83),n/a,0,0,0,0,0,0,1,2022-12-30T20:28:25.1657688Z,0
4.952149,101.8273889,Daerah: Kelantan<br>No:4185<br>Hex coord:(126;83),n/a,0,0,0,0,0,0,1,2022-12-30T20:28:25.8511215Z,0
4.944369,101.8409356,Daerah: Kelantan<br>No:4186<br>Hex coord:(127;83),n/a,0,0,0,0,0,0,1,2022-12-30T20:28:26.5275996Z,0
4.952149,101.8544823,Daerah: Kelantan<br>No:4187<br>Hex coord:(128;83),n/a,0,0,0,0,0,0,1,2022-12-30T20:28:27.1937596Z,0
4.944369,101.868029,Daerah: Kelantan<br>No:4188<br>Hex coord:(129;83),n/a,0,0,0,0,0,0,1,2022-12-30T20:28:27.8609297Z,0
4.952149,101.8815757,Daerah: Kelantan<br>No:4189<br>Hex coord:(130;83),n/a,0,0,0,0,0,0,1,2022-12-30T20:28:28.5352393Z,0
4.944369,101.8951224,Daerah: Kelantan<br>No:4190<br>Hex coord:(131;83),n/a,0,0,0,0,0,0,1,2022-12-30T20:28:29.2099273Z,0
4.952149,101.9086691,Daerah: Kelantan<br>No:4191<br>Hex coord:(132;83),n/a,0,0,0,0,0,0,1,2022-12-30T20:28:29.9476889Z,0
4.944369,101.9222158,Daerah: Kelantan<br>No:4192<br>Hex coord:(133;83),n/a,0,0,0,0,0,0,1,2022-12-30T20:28:30.6230593Z,0
4.952149,101.9357625,Daerah: Kelantan<br>No:4193<br>Hex coord:(134;83),n/a,0,0,0,0,0,0,1,2022-12-30T20:28:31.2926628Z,0
4.944369,101.9493092,Daerah: Kelantan<br>No:4194<br>Hex coord:(135;83),n/a,0,0,0,0,0,0,1,2022-12-30T20:28:31.9633499Z,0
4.952149,101.9628559,Daerah: Kelantan<br>No:4195<br>Hex coord:(136;83),n/a,0,0,0,0,0,0,1,2022-12-30T20:28:32.6436713Z,0
4.944369,101.9764026,Daerah: Kelantan<br>No:4196<br>Hex coord:(137;83),n/a,0,0,0,0,0,0,1,2022-12-30T20:28:33.3195285Z,0
4.952149,101.9899493,Daerah: Kelantan<br>No:4197<br>Hex coord:(138;83),n/a,0,0,0,0,0,0,1,2022-12-30T20:28:33.9886107Z,0
4.944369,102.003496,Daerah: Kelantan<br>No:4198<br>Hex coord:(139;83),n/a,0,0,0,0,0,0,1,2022-12-30T20:28:34.6571993Z,0
4.952149,102.0170428,Daerah: Kelantan<br>No:4199<br>Hex coord:(140;83),n/a,0,0,0,0,0,0,1,2022-12-30T20:28:35.3283867Z,0
4.944369,102.0305895,Daerah: Kelantan<br>No:4200<br>Hex coord:(141;83),n/a,0,0,0,0,0,0,1,2022-12-30T20:28:36.0060696Z,0
4.952149,102.0441362,Daerah: Kelantan<br>No:4201<br>Hex coord:(142;83),n/a,0,0,0,0,0,0,1,2022-12-30T20:28:36.7053049Z,0
4.944369,102.0576829,Daerah: Kelantan<br>No:4202<br>Hex coord:(143;83),n/a,0,0,0,0,0,0,1,2022-12-30T20:28:37.3847348Z,0
4.952149,102.0712296,Daerah: Kelantan<br>No:4203<br>Hex coord:(144;83),n/a,0,0,0,0,0,0,1,2022-12-30T20:28:38.0652447Z,0
4.944369,102.0847763,Daerah: Kelantan<br>No:4204<br>Hex coord:(145;83),n/a,0,0,0,0,0,0,1,2022-12-30T20:28:38.7395629Z,0
4.952149,102.098323,Daerah: Kelantan<br>No:4205<br>Hex coord:(146;83),n/a,0,0,0,0,0,0,1,2022-12-30T20:28:39.4245026Z,0
4.944369,102.1118697,Daerah: Kelantan<br>No:4206<br>Hex coord:(147;83),n/a,0,0,0,0,0,0,1,2022-12-30T20:28:40.1049782Z,0
4.952149,102.1254164,Daerah: Kelantan<br>No:4207<br>Hex coord:(148;83),n/a,0,0,0,0,0,0,1,2022-12-30T20:28:40.7770376Z,0
4.944369,102.1389631,Daerah: Kelantan<br>No:4208<br>Hex coord:(149;83),n/a,0,0,0,0,0,0,1,2022-12-30T20:28:41.4561905Z,0
4.952149,102.1525098,Daerah: Kelantan<br>No:4209<br>Hex coord:(150;83),n/a,0,0,0,0,0,0,1,2022-12-30T20:28:42.1280574Z,0
4.944369,102.1660565,Daerah: Kelantan<br>No:4210<br>Hex coord:(151;83),n/a,0,0,0,0,0,0,1,2022-12-30T20:28:42.7942690Z,0
4.952149,102.1796032,Daerah: Kelantan<br>No:4211<br>Hex coord:(152;83),n/a,0,0,0,0,0,0,1,2022-12-30T20:28:43.4793664Z,0
4.944369,102.1931499,Daerah: Kelantan<br>No:4212<br>Hex coord:(153;83),n/a,0,0,0,0,0,0,1,2022-12-30T20:28:44.1501637Z,0
4.952149,102.2066966,Daerah: Kelantan<br>No:4213<br>Hex coord:(154;83),n/a,0,0,0,0,0,0,1,2022-12-30T20:28:44.8341769Z,0
4.944369,102.2202433,Daerah: Kelantan<br>No:4214<br>Hex coord:(155;83),n/a,0,0,0,0,0,0,1,2022-12-30T20:28:45.5109054Z,0
4.952149,102.23379,Daerah: Kelantan<br>No:4215<br>Hex coord:(156;83),n/a,0,0,0,0,0,0,1,2022-12-30T20:28:46.1913522Z,0
4.944369,102.2473367,Daerah: Kelantan<br>No:4216<br>Hex coord:(157;83),n/a,0,0,0,0,0,0,1,2022-12-30T20:28:46.8609578Z,0
4.952149,102.2608835,Daerah: Kelantan<br>No:4217<br>Hex coord:(158;83),n/a,0,0,0,0,0,0,1,2022-12-30T20:28:47.5340187Z,0
4.944369,102.2744302,Daerah: Kelantan<br>No:4218<br>Hex coord:(159;83),n/a,0,0,0,0,0,0,1,2022-12-30T20:28:48.2189003Z,0
4.952149,102.2879769,Daerah: Kelantan<br>No:4219<br>Hex coord:(160;83),n/a,0,0,0,0,0,0,1,2022-12-30T20:28:48.8949188Z,0
4.944369,102.3015236,Daerah: Kelantan<br>No:4220<br>Hex coord:(161;83),n/a,0,0,0,0,0,0,1,2022-12-30T20:28:49.5682273Z,0
4.952149,102.3150703,Daerah: Kelantan<br>No:4221<br>Hex coord:(162;83),n/a,0,0,0,0,0,0,1,2022-12-30T20:28:50.2376475Z,0
4.944369,102.328617,Daerah: Kelantan<br>No:4222<br>Hex coord:(163;83),n/a,0,0,0,0,0,0,1,2022-12-30T20:28:50.9095710Z,0
4.952149,102.3421637,Daerah: Kelantan<br>No:4223<br>Hex coord:(164;83),n/a,0,0,0,0,0,0,1,2022-12-30T20:28:51.5856841Z,0
4.944369,102.3557104,Daerah: Kelantan<br>No:4224<br>Hex coord:(165;83),n/a,0,0,0,0,0,0,1,2022-12-30T20:28:52.2799389Z,0
4.952149,102.3692571,Daerah: Kelantan<br>No:4225<br>Hex coord:(166;83),n/a,0,0,0,0,0,0,1,2022-12-30T20:28:52.9525711Z,0
4.944369,102.3828038,Daerah: Kelantan<br>No:4226<br>Hex coord:(167;83),n/a,0,0,0,0,0,0,1,2022-12-30T20:28:53.6274945Z,0
4.952149,102.3963505,Daerah: Kelantan<br>No:4227<br>Hex coord:(168;83),n/a,0,0,0,0,0,0,1,2022-12-30T20:28:54.3019377Z,0
4.944369,102.4098972,Daerah: Kelantan<br>No:4228<br>Hex coord:(169;83),n/a,0,0,0,0,0,0,1,2022-12-30T20:28:54.9703339Z,0
4.952149,102.4234439,Daerah: Kelantan<br>No:4229<br>Hex coord:(170;83),n/a,0,0,0,0,0,0,1,2022-12-30T20:28:55.6519311Z,0
4.944369,102.4369906,Daerah: Kelantan<br>No:4230<br>Hex coord:(171;83),n/a,0,0,0,0,0,0,1,2022-12-30T20:28:56.3288512Z,0
4.952149,102.4505373,Daerah: Kelantan<br>No:4231<br>Hex coord:(172;83),n/a,0,0,0,0,0,0,1,2022-12-30T20:28:57.0091907Z,0
4.944369,102.464084,Daerah: Kelantan<br>No:4232<br>Hex coord:(173;83),n/a,0,0,0,0,0,0,1,2022-12-30T20:28:57.6919174Z,0
4.952149,102.4776307,Daerah: Kelantan<br>No:4233<br>Hex coord:(174;83),n/a,0,0,0,0,0,0,1,2022-12-30T20:28:58.3707733Z,0
4.944369,102.4911774,Daerah: Kelantan<br>No:4234<br>Hex coord:(175;83),n/a,0,0,0,0,0,0,1,2022-12-30T20:28:59.0416973Z,0
4.952149,102.5047241,Daerah: Kelantan<br>No:4235<br>Hex coord:(176;83),n/a,0,0,0,0,0,0,1,2022-12-30T20:28:59.7185486Z,0
4.928809,101.4616278,Daerah: Kelantan<br>No:4236<br>Hex coord:(99;84),n/a,0,0,0,0,0,0,1,2022-12-30T20:29:00.3928683Z,0
4.936589,101.4751745,Daerah: Kelantan<br>No:4237<br>Hex coord:(100;84),n/a,0,0,0,0,0,0,1,2022-12-30T20:29:01.0648268Z,0
4.928809,101.4887212,Daerah: Kelantan<br>No:4238<br>Hex coord:(101;84),n/a,0,0,0,0,0,0,1,2022-12-30T20:29:01.7490398Z,0
4.936589,101.502268,Daerah: Kelantan<br>No:4239<br>Hex coord:(102;84),n/a,0,0,0,0,0,0,1,2022-12-30T20:29:02.4198385Z,0
4.928809,101.5158147,Daerah: Kelantan<br>No:4240<br>Hex coord:(103;84),n/a,0,0,0,0,0,0,1,2022-12-30T20:29:03.0942311Z,0
4.936589,101.5293614,Daerah: Kelantan<br>No:4241<br>Hex coord:(104;84),n/a,0,0,0,0,0,0,1,2022-12-30T20:29:03.7639554Z,0
4.928809,101.5429081,Daerah: Kelantan<br>No:4242<br>Hex coord:(105;84),n/a,0,0,0,0,0,0,1,2022-12-30T20:29:04.4396419Z,0
4.936589,101.5564548,Daerah: Kelantan<br>No:4243<br>Hex coord:(106;84),n/a,0,0,0,0,0,0,1,2022-12-30T20:29:05.1191071Z,0
4.928809,101.5700015,Daerah: Kelantan<br>No:4244<br>Hex coord:(107;84),n/a,0,0,0,0,0,0,1,2022-12-30T20:29:05.7905347Z,0
4.936589,101.5835482,Daerah: Kelantan<br>No:4245<br>Hex coord:(108;84),n/a,0,0,0,0,0,0,1,2022-12-30T20:29:06.4710517Z,0
4.928809,101.5970949,Daerah: Kelantan<br>No:4246<br>Hex coord:(109;84),n/a,0,0,0,0,0,0,1,2022-12-30T20:29:07.1414646Z,0
4.936589,101.6106416,Daerah: Kelantan<br>No:4247<br>Hex coord:(110;84),n/a,0,0,0,0,0,0,1,2022-12-30T20:29:07.8156500Z,0
4.928809,101.6241883,Daerah: Kelantan<br>No:4248<br>Hex coord:(111;84),n/a,0,0,0,0,0,0,1,2022-12-30T20:29:08.5132389Z,0
4.936589,101.637735,Daerah: Kelantan<br>No:4249<br>Hex coord:(112;84),n/a,0,0,0,0,0,0,1,2022-12-30T20:29:09.1825845Z,0
4.928809,101.6512817,Daerah: Kelantan<br>No:4250<br>Hex coord:(113;84),n/a,0,0,0,0,0,0,1,2022-12-30T20:29:09.8560058Z,0
4.936589,101.6648284,Daerah: Kelantan<br>No:4251<br>Hex coord:(114;84),n/a,0,0,0,0,0,0,1,2022-12-30T20:29:10.5398801Z,0
4.928809,101.6783751,Daerah: Kelantan<br>No:4252<br>Hex coord:(115;84),n/a,0,0,0,0,0,0,1,2022-12-30T20:29:11.2239458Z,0
4.936589,101.6919218,Daerah: Kelantan<br>No:4253<br>Hex coord:(116;84),n/a,0,0,0,0,0,0,1,2022-12-30T20:29:11.9016342Z,0
4.928809,101.7054685,Daerah: Kelantan<br>No:4254<br>Hex coord:(117;84),n/a,0,0,0,0,0,0,1,2022-12-30T20:29:12.5859571Z,0
4.936589,101.7190152,Daerah: Kelantan<br>No:4255<br>Hex coord:(118;84),n/a,0,0,0,0,0,0,1,2022-12-30T20:29:13.2541614Z,0
4.928809,101.7325619,Daerah: Kelantan<br>No:4256<br>Hex coord:(119;84),n/a,0,0,0,0,0,0,1,2022-12-30T20:29:13.9285924Z,0
4.936589,101.7461086,Daerah: Kelantan<br>No:4257<br>Hex coord:(120;84),n/a,0,0,0,0,0,0,1,2022-12-30T20:29:14.6006380Z,0
4.928809,101.7596554,Daerah: Kelantan<br>No:4258<br>Hex coord:(121;84),n/a,0,0,0,0,0,0,1,2022-12-30T20:29:15.2821402Z,0
4.936589,101.7732021,Daerah: Kelantan<br>No:4259<br>Hex coord:(122;84),n/a,0,0,0,0,0,0,1,2022-12-30T20:29:15.9576504Z,0
4.928809,101.7867488,Daerah: Kelantan<br>No:4260<br>Hex coord:(123;84),n/a,0,0,0,0,0,0,1,2022-12-30T20:29:16.6272594Z,0
4.936589,101.8002955,Daerah: Kelantan<br>No:4261<br>Hex coord:(124;84),n/a,0,0,0,0,0,0,1,2022-12-30T20:29:17.2914766Z,0
4.928809,101.8138422,Daerah: Kelantan<br>No:4262<br>Hex coord:(125;84),n/a,0,0,0,0,0,0,1,2022-12-30T20:29:17.9653508Z,0
4.936589,101.8273889,Daerah: Kelantan<br>No:4263<br>Hex coord:(126;84),n/a,0,0,0,0,0,0,1,2022-12-30T20:29:18.6374802Z,0
4.928809,101.8409356,Daerah: Kelantan<br>No:4264<br>Hex coord:(127;84),n/a,0,0,0,0,0,0,1,2022-12-30T20:29:19.3117679Z,0
4.936589,101.8544823,Daerah: Kelantan<br>No:4265<br>Hex coord:(128;84),n/a,0,0,0,0,0,0,1,2022-12-30T20:29:19.9815751Z,0
4.928809,101.868029,Daerah: Kelantan<br>No:4266<br>Hex coord:(129;84),n/a,0,0,0,0,0,0,1,2022-12-30T20:29:20.6661210Z,0
4.936589,101.8815757,Daerah: Kelantan<br>No:4267<br>Hex coord:(130;84),n/a,0,0,0,0,0,0,1,2022-12-30T20:29:21.3506094Z,0
4.928809,101.8951224,Daerah: Kelantan<br>No:4268<br>Hex coord:(131;84),n/a,0,0,0,0,0,0,1,2022-12-30T20:29:22.0201655Z,0
4.936589,101.9086691,Daerah: Kelantan<br>No:4269<br>Hex coord:(132;84),n/a,0,0,0,0,0,0,1,2022-12-30T20:29:22.6944123Z,0
4.928809,101.9222158,Daerah: Kelantan<br>No:4270<br>Hex coord:(133;84),n/a,0,0,0,0,0,0,1,2022-12-30T20:29:23.3629770Z,0
4.936589,101.9357625,Daerah: Kelantan<br>No:4271<br>Hex coord:(134;84),n/a,0,0,0,0,0,0,1,2022-12-30T20:29:24.0339264Z,0
4.928809,101.9493092,Daerah: Kelantan<br>No:4272<br>Hex coord:(135;84),n/a,0,0,0,0,0,0,1,2022-12-30T20:29:24.7070090Z,0
4.936589,101.9628559,Daerah: Kelantan<br>No:4273<br>Hex coord:(136;84),n/a,0,0,0,0,0,0,1,2022-12-30T20:29:25.3908699Z,0
4.928809,101.9764026,Daerah: Kelantan<br>No:4274<br>Hex coord:(137;84),n/a,0,0,0,0,0,0,1,2022-12-30T20:29:26.0702940Z,0
4.936589,101.9899493,Daerah: Kelantan<br>No:4275<br>Hex coord:(138;84),n/a,0,0,0,0,0,0,1,2022-12-30T20:29:26.7372431Z,0
4.928809,102.003496,Daerah: Kelantan<br>No:4276<br>Hex coord:(139;84),n/a,0,0,0,0,0,0,1,2022-12-30T20:29:27.4044003Z,0
4.936589,102.0170428,Daerah: Kelantan<br>No:4277<br>Hex coord:(140;84),n/a,0,0,0,0,0,0,1,2022-12-30T20:29:28.0753339Z,0
4.928809,102.0305895,Daerah: Kelantan<br>No:4278<br>Hex coord:(141;84),n/a,0,0,0,0,0,0,1,2022-12-30T20:29:28.7556650Z,0
4.936589,102.0441362,Daerah: Kelantan<br>No:4279<br>Hex coord:(142;84),n/a,0,0,0,0,0,0,1,2022-12-30T20:29:29.4326184Z,0
4.928809,102.0576829,Daerah: Kelantan<br>No:4280<br>Hex coord:(143;84),n/a,0,0,0,0,0,0,1,2022-12-30T20:29:30.1164373Z,0
4.936589,102.0712296,Daerah: Kelantan<br>No:4281<br>Hex coord:(144;84),n/a,0,0,0,0,0,0,1,2022-12-30T20:29:30.7909543Z,0
4.928809,102.0847763,Daerah: Kelantan<br>No:4282<br>Hex coord:(145;84),n/a,0,0,0,0,0,0,1,2022-12-30T20:29:31.4630102Z,0
4.936589,102.098323,Daerah: Kelantan<br>No:4283<br>Hex coord:(146;84),n/a,0,0,0,0,0,0,1,2022-12-30T20:29:32.1444729Z,0
4.928809,102.1118697,Daerah: Kelantan<br>No:4284<br>Hex coord:(147;84),n/a,0,0,0,0,0,0,1,2022-12-30T20:29:32.8163710Z,0
4.936589,102.1254164,Daerah: Kelantan<br>No:4285<br>Hex coord:(148;84),n/a,0,0,0,0,0,0,1,2022-12-30T20:29:33.4974938Z,0
4.928809,102.1389631,Daerah: Kelantan<br>No:4286<br>Hex coord:(149;84),n/a,0,0,0,0,0,0,1,2022-12-30T20:29:34.1608322Z,0
4.936589,102.1525098,Daerah: Kelantan<br>No:4287<br>Hex coord:(150;84),n/a,0,0,0,0,0,0,1,2022-12-30T20:29:34.8288500Z,0
4.928809,102.1660565,Daerah: Kelantan<br>No:4288<br>Hex coord:(151;84),n/a,0,0,0,0,0,0,1,2022-12-30T20:29:35.4963374Z,0
4.936589,102.1796032,Daerah: Kelantan<br>No:4289<br>Hex coord:(152;84),n/a,0,0,0,0,0,0,1,2022-12-30T20:29:36.1717399Z,0
4.928809,102.1931499,Daerah: Kelantan<br>No:4290<br>Hex coord:(153;84),n/a,0,0,0,0,0,0,1,2022-12-30T20:29:36.8486281Z,0
4.936589,102.2066966,Daerah: Kelantan<br>No:4291<br>Hex coord:(154;84),n/a,0,0,0,0,0,0,1,2022-12-30T20:29:37.5263286Z,0
4.928809,102.2202433,Daerah: Kelantan<br>No:4292<br>Hex coord:(155;84),n/a,0,0,0,0,0,0,1,2022-12-30T20:29:38.2091032Z,0
4.936589,102.23379,Daerah: Kelantan<br>No:4293<br>Hex coord:(156;84),n/a,0,0,0,0,0,0,1,2022-12-30T20:29:38.8931182Z,0
4.928809,102.2473367,Daerah: Kelantan<br>No:4294<br>Hex coord:(157;84),n/a,0,0,0,0,0,0,1,2022-12-30T20:29:39.5733697Z,0
4.936589,102.2608835,Daerah: Kelantan<br>No:4295<br>Hex coord:(158;84),n/a,0,0,0,0,0,0,1,2022-12-30T20:29:40.2527739Z,0
4.928809,102.2744302,Daerah: Kelantan<br>No:4296<br>Hex coord:(159;84),n/a,0,0,0,0,0,0,1,2022-12-30T20:29:40.9438461Z,0
4.936589,102.2879769,Daerah: Kelantan<br>No:4297<br>Hex coord:(160;84),n/a,0,0,0,0,0,0,1,2022-12-30T20:29:41.6194317Z,0
4.928809,102.3015236,Daerah: Kelantan<br>No:4298<br>Hex coord:(161;84),n/a,0,0,0,0,0,0,1,2022-12-30T20:29:42.3010799Z,0
4.936589,102.3150703,Daerah: Kelantan<br>No:4299<br>Hex coord:(162;84),n/a,0,0,0,0,0,0,1,2022-12-30T20:29:42.9756886Z,0
4.928809,102.328617,Daerah: Kelantan<br>No:4300<br>Hex coord:(163;84),n/a,0,0,0,0,0,0,1,2022-12-30T20:29:43.6461027Z,0
4.936589,102.3421637,Daerah: Kelantan<br>No:4301<br>Hex coord:(164;84),n/a,0,0,0,0,0,0,1,2022-12-30T20:29:49.0889750Z,0
4.928809,102.3557104,Daerah: Kelantan<br>No:4302<br>Hex coord:(165;84),n/a,0,0,0,0,0,0,1,2022-12-30T20:29:49.7589340Z,0
4.936589,102.3692571,Daerah: Kelantan<br>No:4303<br>Hex coord:(166;84),n/a,0,0,0,0,0,0,1,2022-12-30T20:29:50.4400930Z,0
4.928809,102.3828038,Daerah: Kelantan<br>No:4304<br>Hex coord:(167;84),n/a,0,0,0,0,0,0,1,2022-12-30T20:29:51.1135438Z,0
4.936589,102.3963505,Daerah: Kelantan<br>No:4305<br>Hex coord:(168;84),n/a,0,0,0,0,0,0,1,2022-12-30T20:29:51.7817067Z,0
4.928809,102.4098972,Daerah: Kelantan<br>No:4306<br>Hex coord:(169;84),n/a,0,0,0,0,0,0,1,2022-12-30T20:29:52.4506371Z,0
4.936589,102.4234439,Daerah: Kelantan<br>No:4307<br>Hex coord:(170;84),n/a,0,0,0,0,0,0,1,2022-12-30T20:29:53.1295359Z,0
4.928809,102.4369906,Daerah: Kelantan<br>No:4308<br>Hex coord:(171;84),n/a,0,0,0,0,0,0,1,2022-12-30T20:29:53.8110278Z,0
4.936589,102.4505373,Daerah: Kelantan<br>No:4309<br>Hex coord:(172;84),n/a,0,0,0,0,0,0,1,2022-12-30T20:29:54.4907182Z,0
4.928809,102.464084,Daerah: Kelantan<br>No:4310<br>Hex coord:(173;84),n/a,0,0,0,0,0,0,1,2022-12-30T20:29:55.1646958Z,0
4.936589,102.4776307,Daerah: Kelantan<br>No:4311<br>Hex coord:(174;84),n/a,0,0,0,0,0,0,1,2022-12-30T20:29:55.8350856Z,0
4.928809,102.4911774,Daerah: Kelantan<br>No:4312<br>Hex coord:(175;84),n/a,0,0,0,0,0,0,1,2022-12-30T20:29:56.5037800Z,0
4.936589,102.5047241,Daerah: Kelantan<br>No:4313<br>Hex coord:(176;84),n/a,0,0,0,0,0,0,1,2022-12-30T20:29:57.1757486Z,0
4.913249,101.4616278,Daerah: Kelantan<br>No:4314<br>Hex coord:(99;85),n/a,0,0,0,0,0,0,1,2022-12-30T20:29:57.8480785Z,0
4.921029,101.4751745,Daerah: Kelantan<br>No:4315<br>Hex coord:(100;85),n/a,0,0,0,0,0,0,1,2022-12-30T20:29:58.5295034Z,0
4.913249,101.4887212,Daerah: Kelantan<br>No:4316<br>Hex coord:(101;85),n/a,0,0,0,0,0,0,1,2022-12-30T20:29:59.1986261Z,0
4.921029,101.502268,Daerah: Kelantan<br>No:4317<br>Hex coord:(102;85),n/a,0,0,0,0,0,0,1,2022-12-30T20:29:59.8734260Z,0
4.913249,101.5158147,Daerah: Kelantan<br>No:4318<br>Hex coord:(103;85),n/a,0,0,0,0,0,0,1,2022-12-30T20:30:00.5526053Z,0
4.921029,101.5293614,Daerah: Kelantan<br>No:4319<br>Hex coord:(104;85),n/a,0,0,0,0,0,0,1,2022-12-30T20:30:01.2462846Z,0
4.913249,101.5429081,Daerah: Kelantan<br>No:4320<br>Hex coord:(105;85),n/a,0,0,0,0,0,0,1,2022-12-30T20:30:01.9298439Z,0
4.921029,101.5564548,Daerah: Kelantan<br>No:4321<br>Hex coord:(106;85),n/a,0,0,0,0,0,0,1,2022-12-30T20:30:02.6021602Z,0
4.913249,101.5700015,Daerah: Kelantan<br>No:4322<br>Hex coord:(107;85),n/a,0,0,0,0,0,0,1,2022-12-30T20:30:03.2776055Z,0
4.921029,101.5835482,Daerah: Kelantan<br>No:4323<br>Hex coord:(108;85),n/a,0,0,0,0,0,0,1,2022-12-30T20:30:03.9466646Z,0
4.913249,101.5970949,Daerah: Kelantan<br>No:4324<br>Hex coord:(109;85),n/a,0,0,0,0,0,0,1,2022-12-30T20:30:04.6167607Z,0
4.921029,101.6106416,Daerah: Kelantan<br>No:4325<br>Hex coord:(110;85),n/a,0,0,0,0,0,0,1,2022-12-30T20:30:05.2996409Z,0
4.913249,101.6241883,Daerah: Kelantan<br>No:4326<br>Hex coord:(111;85),n/a,0,0,0,0,0,0,1,2022-12-30T20:30:05.9823989Z,0
4.921029,101.637735,Daerah: Kelantan<br>No:4327<br>Hex coord:(112;85),n/a,0,0,0,0,0,0,1,2022-12-30T20:30:06.6613233Z,0
4.913249,101.6512817,Daerah: Kelantan<br>No:4328<br>Hex coord:(113;85),n/a,0,0,0,0,0,0,1,2022-12-30T20:30:07.3382631Z,0
4.921029,101.6648284,Daerah: Kelantan<br>No:4329<br>Hex coord:(114;85),n/a,0,0,0,0,0,0,1,2022-12-30T20:30:08.0091015Z,0
4.913249,101.6783751,Daerah: Kelantan<br>No:4330<br>Hex coord:(115;85),n/a,0,0,0,0,0,0,1,2022-12-30T20:30:08.6833517Z,0
4.921029,101.6919218,Daerah: Kelantan<br>No:4331<br>Hex coord:(116;85),n/a,0,0,0,0,0,0,1,2022-12-30T20:30:09.3649787Z,0
4.913249,101.7054685,Daerah: Kelantan<br>No:4332<br>Hex coord:(117;85),n/a,0,0,0,0,0,0,1,2022-12-30T20:30:10.0379604Z,0
4.921029,101.7190152,Daerah: Kelantan<br>No:4333<br>Hex coord:(118;85),n/a,0,0,0,0,0,0,1,2022-12-30T20:30:10.7161901Z,0
4.913249,101.7325619,Daerah: Kelantan<br>No:4334<br>Hex coord:(119;85),n/a,0,0,0,0,0,0,1,2022-12-30T20:30:11.3933303Z,0
4.921029,101.7461086,Daerah: Kelantan<br>No:4335<br>Hex coord:(120;85),n/a,0,0,0,0,0,0,1,2022-12-30T20:30:12.0626512Z,0
4.913249,101.7596554,Daerah: Kelantan<br>No:4336<br>Hex coord:(121;85),n/a,0,0,0,0,0,0,1,2022-12-30T20:30:12.7352248Z,0
4.921029,101.7732021,Daerah: Kelantan<br>No:4337<br>Hex coord:(122;85),n/a,0,0,0,0,0,0,1,2022-12-30T20:30:13.4093530Z,0
4.913249,101.7867488,Daerah: Kelantan<br>No:4338<br>Hex coord:(123;85),n/a,0,0,0,0,0,0,1,2022-12-30T20:30:14.0786984Z,0
4.921029,101.8002955,Daerah: Kelantan<br>No:4339<br>Hex coord:(124;85),n/a,0,0,0,0,0,0,1,2022-12-30T20:30:14.7642538Z,0
4.913249,101.8138422,Daerah: Kelantan<br>No:4340<br>Hex coord:(125;85),n/a,0,0,0,0,0,0,1,2022-12-30T20:30:15.4311778Z,0
4.921029,101.8273889,Daerah: Kelantan<br>No:4341<br>Hex coord:(126;85),n/a,0,0,0,0,0,0,1,2022-12-30T20:30:16.1148579Z,0
4.913249,101.8409356,Daerah: Kelantan<br>No:4342<br>Hex coord:(127;85),n/a,0,0,0,0,0,0,1,2022-12-30T20:30:16.7918023Z,0
4.921029,101.8544823,Daerah: Kelantan<br>No:4343<br>Hex coord:(128;85),n/a,0,0,0,0,0,0,1,2022-12-30T20:30:17.4614519Z,0
4.913249,101.868029,Daerah: Kelantan<br>No:4344<br>Hex coord:(129;85),n/a,0,0,0,0,0,0,1,2022-12-30T20:30:18.1380180Z,0
4.921029,101.8815757,Daerah: Kelantan<br>No:4345<br>Hex coord:(130;85),n/a,0,0,0,0,0,0,1,2022-12-30T20:30:18.8103757Z,0
4.913249,101.8951224,Daerah: Kelantan<br>No:4346<br>Hex coord:(131;85),n/a,0,0,0,0,0,0,1,2022-12-30T20:30:19.4835777Z,0
4.921029,101.9086691,Daerah: Kelantan<br>No:4347<br>Hex coord:(132;85),n/a,0,0,0,0,0,0,1,2022-12-30T20:30:20.1602141Z,0
4.913249,101.9222158,Daerah: Kelantan<br>No:4348<br>Hex coord:(133;85),n/a,0,0,0,0,0,0,1,2022-12-30T20:30:20.8331368Z,0
4.921029,101.9357625,Daerah: Kelantan<br>No:4349<br>Hex coord:(134;85),n/a,0,0,0,0,0,0,1,2022-12-30T20:30:21.5172149Z,0
4.913249,101.9493092,Daerah: Kelantan<br>No:4350<br>Hex coord:(135;85),n/a,0,0,0,0,0,0,1,2022-12-30T20:30:22.1870878Z,0
4.921029,101.9628559,Daerah: Kelantan<br>No:4351<br>Hex coord:(136;85),n/a,0,0,0,0,0,0,1,2022-12-30T20:30:22.8624071Z,0
4.913249,101.9764026,Daerah: Kelantan<br>No:4352<br>Hex coord:(137;85),n/a,0,0,0,0,0,0,1,2022-12-30T20:30:23.5356859Z,0
4.921029,101.9899493,Daerah: Kelantan<br>No:4353<br>Hex coord:(138;85),n/a,0,0,0,0,0,0,1,2022-12-30T20:30:24.2243597Z,0
4.913249,102.003496,Daerah: Kelantan<br>No:4354<br>Hex coord:(139;85),n/a,0,0,0,0,0,0,1,2022-12-30T20:30:24.9084003Z,0
4.921029,102.0170428,Daerah: Kelantan<br>No:4355<br>Hex coord:(140;85),n/a,0,0,0,0,0,0,1,2022-12-30T20:30:25.5860609Z,0
4.913249,102.0305895,Daerah: Kelantan<br>No:4356<br>Hex coord:(141;85),n/a,0,0,0,0,0,0,1,2022-12-30T20:30:26.2549406Z,0
4.921029,102.0441362,Daerah: Kelantan<br>No:4357<br>Hex coord:(142;85),n/a,0,0,0,0,0,0,1,2022-12-30T20:30:26.9303250Z,0
4.913249,102.0576829,Daerah: Kelantan<br>No:4358<br>Hex coord:(143;85),n/a,0,0,0,0,0,0,1,2022-12-30T20:30:27.6179181Z,0
4.921029,102.0712296,Daerah: Kelantan<br>No:4359<br>Hex coord:(144;85),n/a,0,0,0,0,0,0,1,2022-12-30T20:30:28.3008882Z,0
4.913249,102.0847763,Daerah: Kelantan<br>No:4360<br>Hex coord:(145;85),n/a,0,0,0,0,0,0,1,2022-12-30T20:30:28.9899777Z,0
4.921029,102.098323,Daerah: Kelantan<br>No:4361<br>Hex coord:(146;85),n/a,0,0,0,0,0,0,1,2022-12-30T20:30:29.6615592Z,0
4.913249,102.1118697,Daerah: Kelantan<br>No:4362<br>Hex coord:(147;85),n/a,0,0,0,0,0,0,1,2022-12-30T20:30:30.3403799Z,0
4.921029,102.1254164,Daerah: Kelantan<br>No:4363<br>Hex coord:(148;85),n/a,0,0,0,0,0,0,1,2022-12-30T20:30:31.0160830Z,0
4.913249,102.1389631,Daerah: Kelantan<br>No:4364<br>Hex coord:(149;85),n/a,0,0,0,0,0,0,1,2022-12-30T20:30:31.6928946Z,0
4.921029,102.1525098,Daerah: Kelantan<br>No:4365<br>Hex coord:(150;85),n/a,0,0,0,0,0,0,1,2022-12-30T20:30:32.3637402Z,0
4.913249,102.1660565,Daerah: Kelantan<br>No:4366<br>Hex coord:(151;85),n/a,0,0,0,0,0,0,1,2022-12-30T20:30:33.0466404Z,0
4.921029,102.1796032,Daerah: Kelantan<br>No:4367<br>Hex coord:(152;85),n/a,0,0,0,0,0,0,1,2022-12-30T20:30:33.7161486Z,0
4.913249,102.1931499,Daerah: Kelantan<br>No:4368<br>Hex coord:(153;85),n/a,0,0,0,0,0,0,1,2022-12-30T20:30:34.3916918Z,0
4.921029,102.2066966,Daerah: Kelantan<br>No:4369<br>Hex coord:(154;85),n/a,0,0,0,0,0,0,1,2022-12-30T20:30:35.0586505Z,0
4.913249,102.2202433,Daerah: Kelantan<br>No:4370<br>Hex coord:(155;85),n/a,0,0,0,0,0,0,1,2022-12-30T20:30:35.7393336Z,0
4.921029,102.23379,Daerah: Kelantan<br>No:4371<br>Hex coord:(156;85),n/a,0,0,0,0,0,0,1,2022-12-30T20:30:36.4068983Z,0
4.913249,102.2473367,Daerah: Kelantan<br>No:4372<br>Hex coord:(157;85),n/a,0,0,0,0,0,0,1,2022-12-30T20:30:37.0845081Z,0
4.921029,102.2608835,Daerah: Kelantan<br>No:4373<br>Hex coord:(158;85),n/a,0,0,0,0,0,0,1,2022-12-30T20:30:37.7633273Z,0
4.913249,102.2744302,Daerah: Kelantan<br>No:4374<br>Hex coord:(159;85),n/a,0,0,0,0,0,0,1,2022-12-30T20:30:38.4344454Z,0
4.921029,102.2879769,Daerah: Kelantan<br>No:4375<br>Hex coord:(160;85),n/a,0,0,0,0,0,0,1,2022-12-30T20:30:39.1145941Z,0
4.913249,102.3015236,Daerah: Kelantan<br>No:4376<br>Hex coord:(161;85),n/a,0,0,0,0,0,0,1,2022-12-30T20:30:39.7891691Z,0
4.921029,102.3150703,Daerah: Kelantan<br>No:4377<br>Hex coord:(162;85),n/a,0,0,0,0,0,0,1,2022-12-30T20:30:40.4609038Z,0
4.913249,102.328617,Daerah: Kelantan<br>No:4378<br>Hex coord:(163;85),n/a,0,0,0,0,0,0,1,2022-12-30T20:30:41.1438142Z,0
4.921029,102.3421637,Daerah: Kelantan<br>No:4379<br>Hex coord:(164;85),n/a,0,0,0,0,0,0,1,2022-12-30T20:30:41.8243105Z,0
4.913249,102.3557104,Daerah: Kelantan<br>No:4380<br>Hex coord:(165;85),n/a,0,0,0,0,0,0,1,2022-12-30T20:30:42.4964013Z,0
4.921029,102.3692571,Daerah: Kelantan<br>No:4381<br>Hex coord:(166;85),n/a,0,0,0,0,0,0,1,2022-12-30T20:30:43.1683574Z,0
4.913249,102.3828038,Daerah: Kelantan<br>No:4382<br>Hex coord:(167;85),n/a,0,0,0,0,0,0,1,2022-12-30T20:30:43.8452933Z,0
4.921029,102.3963505,Daerah: Kelantan<br>No:4383<br>Hex coord:(168;85),n/a,0,0,0,0,0,0,1,2022-12-30T20:30:45.6805281Z,0
4.913249,102.4098972,Daerah: Kelantan<br>No:4384<br>Hex coord:(169;85),n/a,0,0,0,0,0,0,1,2022-12-30T20:30:46.3604374Z,0
4.921029,102.4234439,Daerah: Kelantan<br>No:4385<br>Hex coord:(170;85),n/a,0,0,0,0,0,0,1,2022-12-30T20:30:47.0629072Z,0
4.913249,102.4369906,Daerah: Kelantan<br>No:4386<br>Hex coord:(171;85),n/a,0,0,0,0,0,0,1,2022-12-30T20:30:47.7330168Z,0
4.921029,102.4505373,Daerah: Kelantan<br>No:4387<br>Hex coord:(172;85),n/a,0,0,0,0,0,0,1,2022-12-30T20:30:48.4193806Z,0
4.913249,102.464084,Daerah: Kelantan<br>No:4388<br>Hex coord:(173;85),n/a,0,0,0,0,0,0,1,2022-12-30T20:30:49.0890441Z,0
4.921029,102.4776307,Daerah: Kelantan<br>No:4389<br>Hex coord:(174;85),n/a,0,0,0,0,0,0,1,2022-12-30T20:30:49.7673874Z,0
4.913249,102.4911774,Daerah: Kelantan<br>No:4390<br>Hex coord:(175;85),n/a,0,0,0,0,0,0,1,2022-12-30T20:30:50.4383319Z,0
4.921029,102.5047241,Daerah: Kelantan<br>No:4391<br>Hex coord:(176;85),n/a,0,0,0,0,0,0,1,2022-12-30T20:30:51.1193281Z,0
4.897689,101.4616278,Daerah: Kelantan<br>No:4392<br>Hex coord:(99;86),n/a,0,0,0,0,0,0,1,2022-12-30T20:30:51.7913286Z,0
4.905469,101.4751745,Daerah: Kelantan<br>No:4393<br>Hex coord:(100;86),n/a,0,0,0,0,0,0,1,2022-12-30T20:30:52.4622359Z,0
4.897689,101.4887212,Daerah: Kelantan<br>No:4394<br>Hex coord:(101;86),n/a,0,0,0,0,0,0,1,2022-12-30T20:30:53.1317931Z,0
4.905469,101.502268,Daerah: Kelantan<br>No:4395<br>Hex coord:(102;86),n/a,0,0,0,0,0,0,1,2022-12-30T20:30:53.8110536Z,0
4.897689,101.5158147,Daerah: Kelantan<br>No:4396<br>Hex coord:(103;86),n/a,0,0,0,0,0,0,1,2022-12-30T20:30:54.4794596Z,0
4.905469,101.5293614,Daerah: Kelantan<br>No:4397<br>Hex coord:(104;86),n/a,0,0,0,0,0,0,1,2022-12-30T20:30:55.1470937Z,0
4.897689,101.5429081,Daerah: Kelantan<br>No:4398<br>Hex coord:(105;86),n/a,0,0,0,0,0,0,1,2022-12-30T20:30:55.8161856Z,0
4.905469,101.5564548,Daerah: Kelantan<br>No:4399<br>Hex coord:(106;86),n/a,0,0,0,0,0,0,1,2022-12-30T20:30:56.4904609Z,0
4.897689,101.5700015,Daerah: Kelantan<br>No:4400<br>Hex coord:(107;86),n/a,0,0,0,0,0,0,1,2022-12-30T20:30:57.1662960Z,0
4.905469,101.5835482,Daerah: Kelantan<br>No:4401<br>Hex coord:(108;86),n/a,0,0,0,0,0,0,1,2022-12-30T20:30:57.8358281Z,0
4.897689,101.5970949,Daerah: Kelantan<br>No:4402<br>Hex coord:(109;86),n/a,0,0,0,0,0,0,1,2022-12-30T20:30:58.5079220Z,0
4.905469,101.6106416,Daerah: Kelantan<br>No:4403<br>Hex coord:(110;86),n/a,0,0,0,0,0,0,1,2022-12-30T20:30:59.1856859Z,0
4.897689,101.6241883,Daerah: Kelantan<br>No:4404<br>Hex coord:(111;86),n/a,0,0,0,0,0,0,1,2022-12-30T20:30:59.8611039Z,0
4.905469,101.637735,Daerah: Kelantan<br>No:4405<br>Hex coord:(112;86),n/a,0,0,0,0,0,0,1,2022-12-30T20:31:00.5718378Z,0
4.897689,101.6512817,Daerah: Kelantan<br>No:4406<br>Hex coord:(113;86),n/a,0,0,0,0,0,0,1,2022-12-30T20:31:01.2459561Z,0
4.905469,101.6648284,Daerah: Kelantan<br>No:4407<br>Hex coord:(114;86),n/a,0,0,0,0,0,0,1,2022-12-30T20:31:01.9169857Z,0
4.897689,101.6783751,Daerah: Kelantan<br>No:4408<br>Hex coord:(115;86),n/a,0,0,0,0,0,0,1,2022-12-30T20:31:02.5851891Z,0
4.905469,101.6919218,Daerah: Kelantan<br>No:4409<br>Hex coord:(116;86),n/a,0,0,0,0,0,0,1,2022-12-30T20:31:03.2566887Z,0
4.897689,101.7054685,Daerah: Kelantan<br>No:4410<br>Hex coord:(117;86),n/a,0,0,0,0,0,0,1,2022-12-30T20:31:03.9265852Z,0
4.905469,101.7190152,Daerah: Kelantan<br>No:4411<br>Hex coord:(118;86),n/a,0,0,0,0,0,0,1,2022-12-30T20:31:04.5844736Z,0
4.897689,101.7325619,Daerah: Kelantan<br>No:4412<br>Hex coord:(119;86),n/a,0,0,0,0,0,0,1,2022-12-30T20:31:05.2572628Z,0
4.905469,101.7461086,Daerah: Kelantan<br>No:4413<br>Hex coord:(120;86),n/a,0,0,0,0,0,0,1,2022-12-30T20:31:05.9433803Z,0
4.897689,101.7596554,Daerah: Kelantan<br>No:4414<br>Hex coord:(121;86),n/a,0,0,0,0,0,0,1,2022-12-30T20:31:06.6197522Z,0
4.905469,101.7732021,Daerah: Kelantan<br>No:4415<br>Hex coord:(122;86),n/a,0,0,0,0,0,0,1,2022-12-30T20:31:07.2956473Z,0
4.897689,101.7867488,Daerah: Kelantan<br>No:4416<br>Hex coord:(123;86),n/a,0,0,0,0,0,0,1,2022-12-30T20:31:07.9764179Z,0
4.905469,101.8002955,Daerah: Kelantan<br>No:4417<br>Hex coord:(124;86),n/a,0,0,0,0,0,0,1,2022-12-30T20:31:08.6518646Z,0
4.897689,101.8138422,Daerah: Kelantan<br>No:4418<br>Hex coord:(125;86),n/a,0,0,0,0,0,0,1,2022-12-30T20:31:09.3221632Z,0
4.905469,101.8273889,Daerah: Kelantan<br>No:4419<br>Hex coord:(126;86),n/a,0,0,0,0,0,0,1,2022-12-30T20:31:09.9985574Z,0
4.897689,101.8409356,Daerah: Kelantan<br>No:4420<br>Hex coord:(127;86),n/a,0,0,0,0,0,0,1,2022-12-30T20:31:10.6785302Z,0
4.905469,101.8544823,Daerah: Kelantan<br>No:4421<br>Hex coord:(128;86),n/a,0,0,0,0,0,0,1,2022-12-30T20:31:11.3527812Z,0
4.897689,101.868029,Daerah: Kelantan<br>No:4422<br>Hex coord:(129;86),n/a,0,0,0,0,0,0,1,2022-12-30T20:31:12.0215680Z,0
4.905469,101.8815757,Daerah: Kelantan<br>No:4423<br>Hex coord:(130;86),n/a,0,0,0,0,0,0,1,2022-12-30T20:31:12.6951574Z,0
4.897689,101.8951224,Daerah: Kelantan<br>No:4424<br>Hex coord:(131;86),n/a,0,0,0,0,0,0,1,2022-12-30T20:31:13.3611394Z,0
4.905469,101.9086691,Daerah: Kelantan<br>No:4425<br>Hex coord:(132;86),n/a,0,0,0,0,0,0,1,2022-12-30T20:31:14.0285053Z,0
4.897689,101.9222158,Daerah: Kelantan<br>No:4426<br>Hex coord:(133;86),n/a,0,0,0,0,0,0,1,2022-12-30T20:31:14.7160860Z,0
4.905469,101.9357625,Daerah: Kelantan<br>No:4427<br>Hex coord:(134;86),n/a,0,0,0,0,0,0,1,2022-12-30T20:31:15.3890464Z,0
4.897689,101.9493092,Daerah: Kelantan<br>No:4428<br>Hex coord:(135;86),n/a,0,0,0,0,0,0,1,2022-12-30T20:31:16.0585267Z,0
4.905469,101.9628559,Daerah: Kelantan<br>No:4429<br>Hex coord:(136;86),n/a,0,0,0,0,0,0,1,2022-12-30T20:31:16.7413037Z,0
4.897689,101.9764026,Daerah: Kelantan<br>No:4430<br>Hex coord:(137;86),n/a,1,0,0,0,0,0,1,2022-12-30T20:31:17.4366943Z,0
4.905469,101.9899493,Daerah: Kelantan<br>No:4431<br>Hex coord:(138;86),n/a,0,0,0,0,0,0,1,2022-12-30T20:31:18.1185804Z,0
4.897689,102.003496,Daerah: Kelantan<br>No:4432<br>Hex coord:(139;86),n/a,0,0,0,0,0,0,1,2022-12-30T20:31:18.7961946Z,0
4.905469,102.0170428,Daerah: Kelantan<br>No:4433<br>Hex coord:(140;86),n/a,0,0,0,0,0,0,1,2022-12-30T20:31:19.4705059Z,0
4.897689,102.0305895,Daerah: Kelantan<br>No:4434<br>Hex coord:(141;86),n/a,0,0,0,0,0,0,1,2022-12-30T20:31:20.1388118Z,0
4.905469,102.0441362,Daerah: Kelantan<br>No:4435<br>Hex coord:(142;86),n/a,0,0,0,0,0,0,1,2022-12-30T20:31:20.8113696Z,0
4.897689,102.0576829,Daerah: Kelantan<br>No:4436<br>Hex coord:(143;86),n/a,0,0,0,0,0,0,1,2022-12-30T20:31:21.4804995Z,0
4.905469,102.0712296,Daerah: Kelantan<br>No:4437<br>Hex coord:(144;86),n/a,0,0,0,0,0,0,1,2022-12-30T20:31:22.1581368Z,0
4.897689,102.0847763,Daerah: Kelantan<br>No:4438<br>Hex coord:(145;86),n/a,0,0,0,0,0,0,1,2022-12-30T20:31:22.8335680Z,0
4.905469,102.098323,Daerah: Kelantan<br>No:4439<br>Hex coord:(146;86),n/a,0,0,0,0,0,0,1,2022-12-30T20:31:23.5095692Z,0
4.897689,102.1118697,Daerah: Kelantan<br>No:4440<br>Hex coord:(147;86),n/a,0,0,0,0,0,0,1,2022-12-30T20:31:24.1779621Z,0
4.905469,102.1254164,Daerah: Kelantan<br>No:4441<br>Hex coord:(148;86),n/a,0,0,0,0,0,0,1,2022-12-30T20:31:24.8474296Z,0
4.897689,102.1389631,Daerah: Kelantan<br>No:4442<br>Hex coord:(149;86),n/a,0,0,0,0,0,0,1,2022-12-30T20:31:25.5213815Z,0
4.905469,102.1525098,Daerah: Kelantan<br>No:4443<br>Hex coord:(150;86),n/a,0,0,0,0,0,0,1,2022-12-30T20:31:26.1968467Z,0
4.897689,102.1660565,Daerah: Kelantan<br>No:4444<br>Hex coord:(151;86),n/a,0,0,0,0,0,0,1,2022-12-30T20:31:26.8625888Z,0
4.905469,102.1796032,Daerah: Kelantan<br>No:4445<br>Hex coord:(152;86),n/a,0,0,0,0,0,0,1,2022-12-30T20:31:27.5344641Z,0
4.897689,102.1931499,Daerah: Kelantan<br>No:4446<br>Hex coord:(153;86),n/a,0,0,0,0,0,0,1,2022-12-30T20:31:28.2070879Z,0
4.905469,102.2066966,Daerah: Kelantan<br>No:4447<br>Hex coord:(154;86),n/a,0,0,0,0,0,0,1,2022-12-30T20:31:28.8800194Z,0
4.897689,102.2202433,Daerah: Kelantan<br>No:4448<br>Hex coord:(155;86),n/a,0,0,0,0,0,0,1,2022-12-30T20:31:29.5585099Z,0
4.905469,102.23379,Daerah: Kelantan<br>No:4449<br>Hex coord:(156;86),n/a,0,0,0,0,0,0,1,2022-12-30T20:31:30.2388673Z,0
4.897689,102.2473367,Daerah: Kelantan<br>No:4450<br>Hex coord:(157;86),n/a,0,0,0,0,0,0,1,2022-12-30T20:31:30.9070091Z,0
4.905469,102.2608835,Daerah: Kelantan<br>No:4451<br>Hex coord:(158;86),n/a,0,0,0,0,0,0,1,2022-12-30T20:31:31.5821319Z,0
4.897689,102.2744302,Daerah: Kelantan<br>No:4452<br>Hex coord:(159;86),n/a,0,0,0,0,0,0,1,2022-12-30T20:31:32.2516444Z,0
4.905469,102.2879769,Daerah: Kelantan<br>No:4453<br>Hex coord:(160;86),n/a,0,0,0,0,0,0,1,2022-12-30T20:31:32.9244361Z,0
4.897689,102.3015236,Daerah: Kelantan<br>No:4454<br>Hex coord:(161;86),n/a,0,0,0,0,0,0,1,2022-12-30T20:31:33.5909332Z,0
4.905469,102.3150703,Daerah: Kelantan<br>No:4455<br>Hex coord:(162;86),n/a,0,0,0,0,0,0,1,2022-12-30T20:31:34.2660434Z,0
4.897689,102.328617,Daerah: Kelantan<br>No:4456<br>Hex coord:(163;86),n/a,0,0,0,0,0,0,1,2022-12-30T20:31:34.9437368Z,0
4.905469,102.3421637,Daerah: Kelantan<br>No:4457<br>Hex coord:(164;86),n/a,0,0,0,0,0,0,1,2022-12-30T20:31:35.6200758Z,0
4.897689,102.3557104,Daerah: Kelantan<br>No:4458<br>Hex coord:(165;86),n/a,0,0,0,0,0,0,1,2022-12-30T20:31:36.2970860Z,0
4.905469,102.3692571,Daerah: Kelantan<br>No:4459<br>Hex coord:(166;86),n/a,0,0,0,0,0,0,1,2022-12-30T20:31:36.9741542Z,0
4.897689,102.3828038,Daerah: Kelantan<br>No:4460<br>Hex coord:(167;86),n/a,0,0,0,0,0,0,1,2022-12-30T20:31:37.6497978Z,0
4.905469,102.3963505,Daerah: Kelantan<br>No:4461<br>Hex coord:(168;86),n/a,0,0,0,0,0,0,1,2022-12-30T20:31:38.3156341Z,0
4.897689,102.4098972,Daerah: Kelantan<br>No:4462<br>Hex coord:(169;86),n/a,0,0,0,0,0,0,1,2022-12-30T20:31:38.9886771Z,0
4.905469,102.4234439,Daerah: Kelantan<br>No:4463<br>Hex coord:(170;86),n/a,0,0,0,0,0,0,1,2022-12-30T20:31:39.6616827Z,0
4.897689,102.4369906,Daerah: Kelantan<br>No:4464<br>Hex coord:(171;86),n/a,0,0,0,0,0,0,1,2022-12-30T20:31:40.3314235Z,0
4.905469,102.4505373,Daerah: Kelantan<br>No:4465<br>Hex coord:(172;86),n/a,0,0,0,0,0,0,1,2022-12-30T20:31:41.0159399Z,0
4.897689,102.464084,Daerah: Kelantan<br>No:4466<br>Hex coord:(173;86),n/a,0,0,0,0,0,0,1,2022-12-30T20:31:41.6893477Z,0
4.905469,102.4776307,Daerah: Kelantan<br>No:4467<br>Hex coord:(174;86),n/a,0,0,0,0,0,0,1,2022-12-30T20:31:42.3599526Z,0
4.897689,102.4911774,Daerah: Kelantan<br>No:4468<br>Hex coord:(175;86),n/a,0,0,0,0,0,0,1,2022-12-30T20:31:43.0258158Z,0
4.905469,102.5047241,Daerah: Kelantan<br>No:4469<br>Hex coord:(176;86),n/a,0,0,0,0,0,0,1,2022-12-30T20:31:43.7064186Z,0
4.897689,102.5182709,Daerah: Kelantan<br>No:4470<br>Hex coord:(177;86),n/a,0,0,0,0,0,0,1,2022-12-30T20:31:49.2125702Z,0
4.905469,102.5318176,Daerah: Kelantan<br>No:4471<br>Hex coord:(178;86),n/a,0,0,0,0,0,0,1,2022-12-30T20:31:49.8852599Z,0
4.897689,102.5453643,Daerah: Kelantan<br>No:4472<br>Hex coord:(179;86),n/a,0,0,0,0,0,0,1,2022-12-30T20:31:50.5539996Z,0
4.897689,102.5724577,Daerah: Kelantan<br>No:4473<br>Hex coord:(181;86),n/a,0,0,0,0,0,0,1,2022-12-30T20:31:51.2279598Z,0
4.889909,101.4480811,Daerah: Kelantan<br>No:4474<br>Hex coord:(98;87),n/a,0,0,0,0,0,0,1,2022-12-30T20:31:51.8917782Z,0
4.882129,101.4616278,Daerah: Kelantan<br>No:4475<br>Hex coord:(99;87),n/a,0,0,0,0,0,0,1,2022-12-30T20:31:52.5667388Z,0
4.889909,101.4751745,Daerah: Kelantan<br>No:4476<br>Hex coord:(100;87),n/a,0,0,0,0,0,0,1,2022-12-30T20:31:53.2347745Z,0
4.882129,101.4887212,Daerah: Kelantan<br>No:4477<br>Hex coord:(101;87),n/a,0,0,0,0,0,0,1,2022-12-30T20:31:53.9058985Z,0
4.889909,101.502268,Daerah: Kelantan<br>No:4478<br>Hex coord:(102;87),n/a,0,0,0,0,0,0,1,2022-12-30T20:31:54.5729009Z,0
4.882129,101.5158147,Daerah: Kelantan<br>No:4479<br>Hex coord:(103;87),n/a,0,0,0,0,0,0,1,2022-12-30T20:31:55.2435466Z,0
4.889909,101.5293614,Daerah: Kelantan<br>No:4480<br>Hex coord:(104;87),n/a,0,0,0,0,0,0,1,2022-12-30T20:31:55.9104048Z,0
4.882129,101.5429081,Daerah: Kelantan<br>No:4481<br>Hex coord:(105;87),n/a,0,0,0,0,0,0,1,2022-12-30T20:31:56.5814409Z,0
4.889909,101.5564548,Daerah: Kelantan<br>No:4482<br>Hex coord:(106;87),n/a,0,0,0,0,0,0,1,2022-12-30T20:31:57.2503216Z,0
4.882129,101.5700015,Daerah: Kelantan<br>No:4483<br>Hex coord:(107;87),n/a,0,0,0,0,0,0,1,2022-12-30T20:31:57.9226391Z,0
4.889909,101.5835482,Daerah: Kelantan<br>No:4484<br>Hex coord:(108;87),n/a,0,0,0,0,0,0,1,2022-12-30T20:31:58.6032028Z,0
4.882129,101.5970949,Daerah: Kelantan<br>No:4485<br>Hex coord:(109;87),n/a,0,0,0,0,0,0,1,2022-12-30T20:31:59.2775590Z,0
4.889909,101.6106416,Daerah: Kelantan<br>No:4486<br>Hex coord:(110;87),n/a,0,0,0,0,0,0,1,2022-12-30T20:31:59.9489470Z,0
4.882129,101.6241883,Daerah: Kelantan<br>No:4487<br>Hex coord:(111;87),n/a,0,0,0,0,0,0,1,2022-12-30T20:32:00.6315502Z,0
4.889909,101.637735,Daerah: Kelantan<br>No:4488<br>Hex coord:(112;87),n/a,0,0,0,0,0,0,1,2022-12-30T20:32:01.2972072Z,0
4.882129,101.6512817,Daerah: Kelantan<br>No:4489<br>Hex coord:(113;87),n/a,0,0,0,0,0,0,1,2022-12-30T20:32:01.9683792Z,0
4.889909,101.6648284,Daerah: Kelantan<br>No:4490<br>Hex coord:(114;87),n/a,0,0,0,0,0,0,1,2022-12-30T20:32:02.6416784Z,0
4.882129,101.6783751,Daerah: Kelantan<br>No:4491<br>Hex coord:(115;87),n/a,0,0,0,0,0,0,1,2022-12-30T20:32:03.3184272Z,0
4.889909,101.6919218,Daerah: Kelantan<br>No:4492<br>Hex coord:(116;87),n/a,0,0,0,0,0,0,1,2022-12-30T20:32:03.9911168Z,0
4.882129,101.7054685,Daerah: Kelantan<br>No:4493<br>Hex coord:(117;87),n/a,0,0,0,0,0,0,1,2022-12-30T20:32:04.6559394Z,0
4.889909,101.7190152,Daerah: Kelantan<br>No:4494<br>Hex coord:(118;87),n/a,0,0,0,0,0,0,1,2022-12-30T20:32:05.3279051Z,0
4.882129,101.7325619,Daerah: Kelantan<br>No:4495<br>Hex coord:(119;87),n/a,0,0,0,0,0,0,1,2022-12-30T20:32:06.0060832Z,0
4.889909,101.7461086,Daerah: Kelantan<br>No:4496<br>Hex coord:(120;87),n/a,0,0,0,0,0,0,1,2022-12-30T20:32:06.6771491Z,0
4.882129,101.7596554,Daerah: Kelantan<br>No:4497<br>Hex coord:(121;87),n/a,0,0,0,0,0,0,1,2022-12-30T20:32:07.3430361Z,0
4.889909,101.7732021,Daerah: Kelantan<br>No:4498<br>Hex coord:(122;87),n/a,0,0,0,0,0,0,1,2022-12-30T20:32:08.0156978Z,0
4.882129,101.7867488,Daerah: Kelantan<br>No:4499<br>Hex coord:(123;87),n/a,0,0,0,0,0,0,1,2022-12-30T20:32:08.6833064Z,0
4.889909,101.8002955,Daerah: Kelantan<br>No:4500<br>Hex coord:(124;87),n/a,0,0,0,0,0,0,1,2022-12-30T20:32:09.3578944Z,0
4.882129,101.8138422,Daerah: Kelantan<br>No:4501<br>Hex coord:(125;87),n/a,0,0,0,0,0,0,1,2022-12-30T20:32:10.0261417Z,0
4.889909,101.8273889,Daerah: Kelantan<br>No:4502<br>Hex coord:(126;87),n/a,0,0,0,0,0,0,1,2022-12-30T20:32:10.6968422Z,0
4.882129,101.8409356,Daerah: Kelantan<br>No:4503<br>Hex coord:(127;87),n/a,0,0,0,0,0,0,1,2022-12-30T20:32:11.3743990Z,0
4.889909,101.8544823,Daerah: Kelantan<br>No:4504<br>Hex coord:(128;87),n/a,0,0,0,0,0,0,1,2022-12-30T20:32:12.0464780Z,0
4.882129,101.868029,Daerah: Kelantan<br>No:4505<br>Hex coord:(129;87),n/a,0,0,0,0,0,0,1,2022-12-30T20:32:12.7201050Z,0
4.889909,101.8815757,Daerah: Kelantan<br>No:4506<br>Hex coord:(130;87),n/a,0,0,0,0,0,0,1,2022-12-30T20:32:13.3998150Z,0
4.882129,101.8951224,Daerah: Kelantan<br>No:4507<br>Hex coord:(131;87),n/a,0,0,0,0,0,0,1,2022-12-30T20:32:14.0892181Z,0
4.889909,101.9086691,Daerah: Kelantan<br>No:4508<br>Hex coord:(132;87),n/a,0,0,0,0,0,0,1,2022-12-30T20:32:14.7531990Z,0
4.882129,101.9222158,Daerah: Kelantan<br>No:4509<br>Hex coord:(133;87),n/a,0,0,0,0,0,0,1,2022-12-30T20:32:15.4312871Z,0
4.889909,101.9357625,Daerah: Kelantan<br>No:4510<br>Hex coord:(134;87),n/a,0,0,0,0,0,0,1,2022-12-30T20:32:16.1165726Z,0
4.882129,101.9493092,Daerah: Kelantan<br>No:4511<br>Hex coord:(135;87),n/a,0,0,0,0,0,0,1,2022-12-30T20:32:16.7933626Z,0
4.889909,101.9628559,Daerah: Kelantan<br>No:4512<br>Hex coord:(136;87),n/a,5,0,0,0,0,0,1,2022-12-30T20:32:17.4779968Z,0
4.882129,101.9764026,Daerah: Kelantan<br>No:4513<br>Hex coord:(137;87),n/a,5,0,0,0,0,0,1,2022-12-30T20:32:18.1676398Z,0
4.889909,101.9899493,Daerah: Kelantan<br>No:4514<br>Hex coord:(138;87),n/a,0,0,0,0,0,0,1,2022-12-30T20:32:18.8449149Z,0
4.882129,102.003496,Daerah: Kelantan<br>No:4515<br>Hex coord:(139;87),n/a,0,0,0,0,0,0,1,2022-12-30T20:32:19.5295735Z,0
4.889909,102.0170428,Daerah: Kelantan<br>No:4516<br>Hex coord:(140;87),n/a,0,0,0,0,0,0,1,2022-12-30T20:32:20.2185129Z,0
4.882129,102.0305895,Daerah: Kelantan<br>No:4517<br>Hex coord:(141;87),n/a,0,0,0,0,0,0,1,2022-12-30T20:32:20.9569931Z,0
4.889909,102.0441362,Daerah: Kelantan<br>No:4518<br>Hex coord:(142;87),n/a,0,0,0,0,0,0,1,2022-12-30T20:32:21.6266077Z,0
4.882129,102.0576829,Daerah: Kelantan<br>No:4519<br>Hex coord:(143;87),n/a,0,0,0,0,0,0,1,2022-12-30T20:32:22.3019869Z,0
4.889909,102.0712296,Daerah: Kelantan<br>No:4520<br>Hex coord:(144;87),n/a,0,0,0,0,0,0,1,2022-12-30T20:32:22.9854224Z,0
4.882129,102.0847763,Daerah: Kelantan<br>No:4521<br>Hex coord:(145;87),n/a,0,0,0,0,0,0,1,2022-12-30T20:32:23.6547518Z,0
4.889909,102.098323,Daerah: Kelantan<br>No:4522<br>Hex coord:(146;87),n/a,0,0,0,0,0,0,1,2022-12-30T20:32:24.3211238Z,0
4.882129,102.1118697,Daerah: Kelantan<br>No:4523<br>Hex coord:(147;87),n/a,0,0,0,0,0,0,1,2022-12-30T20:32:25.0038391Z,0
4.889909,102.1254164,Daerah: Kelantan<br>No:4524<br>Hex coord:(148;87),n/a,0,0,0,0,0,0,1,2022-12-30T20:32:25.6755408Z,0
4.882129,102.1389631,Daerah: Kelantan<br>No:4525<br>Hex coord:(149;87),n/a,0,0,0,0,0,0,1,2022-12-30T20:32:26.3517271Z,0
4.889909,102.1525098,Daerah: Kelantan<br>No:4526<br>Hex coord:(150;87),n/a,0,0,0,0,0,0,1,2022-12-30T20:32:27.0339398Z,0
4.882129,102.1660565,Daerah: Kelantan<br>No:4527<br>Hex coord:(151;87),n/a,0,0,0,0,0,0,1,2022-12-30T20:32:27.7123800Z,0
4.889909,102.1796032,Daerah: Kelantan<br>No:4528<br>Hex coord:(152;87),n/a,0,0,0,0,0,0,1,2022-12-30T20:32:28.3835193Z,0
4.882129,102.1931499,Daerah: Kelantan<br>No:4529<br>Hex coord:(153;87),n/a,0,0,0,0,0,0,1,2022-12-30T20:32:29.0666093Z,0
4.889909,102.2066966,Daerah: Kelantan<br>No:4530<br>Hex coord:(154;87),n/a,0,0,0,0,0,0,1,2022-12-30T20:32:29.7351645Z,0
4.882129,102.2202433,Daerah: Kelantan<br>No:4531<br>Hex coord:(155;87),n/a,0,0,0,0,0,0,1,2022-12-30T20:32:30.4046715Z,0
4.889909,102.23379,Daerah: Kelantan<br>No:4532<br>Hex coord:(156;87),n/a,0,0,0,0,0,0,1,2022-12-30T20:32:31.0850510Z,0
4.882129,102.2473367,Daerah: Kelantan<br>No:4533<br>Hex coord:(157;87),n/a,0,0,0,0,0,0,1,2022-12-30T20:32:31.7678563Z,0
4.889909,102.2608835,Daerah: Kelantan<br>No:4534<br>Hex coord:(158;87),n/a,0,0,0,0,0,0,1,2022-12-30T20:32:32.4387149Z,0
4.882129,102.2744302,Daerah: Kelantan<br>No:4535<br>Hex coord:(159;87),n/a,0,0,0,0,0,0,1,2022-12-30T20:32:33.1131336Z,0
4.889909,102.2879769,Daerah: Kelantan<br>No:4536<br>Hex coord:(160;87),n/a,0,0,0,0,0,0,1,2022-12-30T20:32:33.7897881Z,0
4.882129,102.3015236,Daerah: Kelantan<br>No:4537<br>Hex coord:(161;87),n/a,0,0,0,0,0,0,1,2022-12-30T20:32:34.4631116Z,0
4.889909,102.3150703,Daerah: Kelantan<br>No:4538<br>Hex coord:(162;87),n/a,0,0,0,0,0,0,1,2022-12-30T20:32:35.1495034Z,0
4.882129,102.328617,Daerah: Kelantan<br>No:4539<br>Hex coord:(163;87),n/a,0,0,0,0,0,0,1,2022-12-30T20:32:35.8283164Z,0
4.889909,102.3421637,Daerah: Kelantan<br>No:4540<br>Hex coord:(164;87),n/a,0,0,0,0,0,0,1,2022-12-30T20:32:36.5043291Z,0
4.882129,102.3557104,Daerah: Kelantan<br>No:4541<br>Hex coord:(165;87),n/a,0,0,0,0,0,0,1,2022-12-30T20:32:37.1798467Z,0
4.889909,102.3692571,Daerah: Kelantan<br>No:4542<br>Hex coord:(166;87),n/a,0,0,0,0,0,0,1,2022-12-30T20:32:37.8481013Z,0
4.882129,102.3828038,Daerah: Kelantan<br>No:4543<br>Hex coord:(167;87),n/a,0,0,0,0,0,0,1,2022-12-30T20:32:38.5168020Z,0
4.889909,102.3963505,Daerah: Kelantan<br>No:4544<br>Hex coord:(168;87),n/a,0,0,0,0,0,0,1,2022-12-30T20:32:39.1957274Z,0
4.882129,102.4098972,Daerah: Kelantan<br>No:4545<br>Hex coord:(169;87),n/a,0,0,0,0,0,0,1,2022-12-30T20:32:39.8725306Z,0
4.889909,102.4234439,Daerah: Kelantan<br>No:4546<br>Hex coord:(170;87),n/a,0,0,0,0,0,0,1,2022-12-30T20:32:40.5433851Z,0
4.882129,102.4369906,Daerah: Kelantan<br>No:4547<br>Hex coord:(171;87),n/a,0,0,0,0,0,0,1,2022-12-30T20:32:41.2177652Z,0
4.889909,102.4505373,Daerah: Kelantan<br>No:4548<br>Hex coord:(172;87),n/a,0,0,0,0,0,0,1,2022-12-30T20:32:41.8850221Z,0
4.882129,102.464084,Daerah: Kelantan<br>No:4549<br>Hex coord:(173;87),n/a,0,0,0,0,0,0,1,2022-12-30T20:32:42.5570601Z,0
4.889909,102.4776307,Daerah: Kelantan<br>No:4550<br>Hex coord:(174;87),n/a,0,0,0,0,0,0,1,2022-12-30T20:32:43.2291090Z,0
4.882129,102.4911774,Daerah: Kelantan<br>No:4551<br>Hex coord:(175;87),n/a,0,0,0,0,0,0,1,2022-12-30T20:32:43.9058395Z,0
4.889909,102.5047241,Daerah: Kelantan<br>No:4552<br>Hex coord:(176;87),n/a,0,0,0,0,0,0,1,2022-12-30T20:32:44.8330704Z,0
4.882129,102.5182709,Daerah: Kelantan<br>No:4553<br>Hex coord:(177;87),n/a,0,0,0,0,0,0,1,2022-12-30T20:32:45.5135096Z,0
4.889909,102.5318176,Daerah: Kelantan<br>No:4554<br>Hex coord:(178;87),n/a,0,0,0,0,0,0,1,2022-12-30T20:32:46.1864086Z,0
4.882129,102.5453643,Daerah: Kelantan<br>No:4555<br>Hex coord:(179;87),n/a,0,0,0,0,0,0,1,2022-12-30T20:32:46.8560551Z,0
4.889909,102.558911,Daerah: Kelantan<br>No:4556<br>Hex coord:(180;87),n/a,0,0,0,0,0,0,1,2022-12-30T20:32:47.5352766Z,0
4.882129,102.5724577,Daerah: Kelantan<br>No:4557<br>Hex coord:(181;87),n/a,0,0,0,0,0,0,1,2022-12-30T20:32:48.2061422Z,0
4.882129,102.5995511,Daerah: Kelantan<br>No:4558<br>Hex coord:(183;87),n/a,0,0,0,0,0,0,1,2022-12-30T20:32:48.8858520Z,0
4.866569,101.4345344,Daerah: Kelantan<br>No:4559<br>Hex coord:(97;88),n/a,0,0,0,0,0,0,1,2022-12-30T20:32:49.5715649Z,0
4.874349,101.4480811,Daerah: Kelantan<br>No:4560<br>Hex coord:(98;88),n/a,0,0,0,0,0,0,1,2022-12-30T20:32:50.2434032Z,0
4.866569,101.4616278,Daerah: Kelantan<br>No:4561<br>Hex coord:(99;88),n/a,0,0,0,0,0,0,1,2022-12-30T20:32:50.9113601Z,0
4.874349,101.4751745,Daerah: Kelantan<br>No:4562<br>Hex coord:(100;88),n/a,0,0,0,0,0,0,1,2022-12-30T20:32:51.5839850Z,0
4.866569,101.4887212,Daerah: Kelantan<br>No:4563<br>Hex coord:(101;88),n/a,0,0,0,0,0,0,1,2022-12-30T20:32:52.2677190Z,0
4.874349,101.502268,Daerah: Kelantan<br>No:4564<br>Hex coord:(102;88),n/a,0,0,0,0,0,0,1,2022-12-30T20:32:52.9483159Z,0
4.866569,101.5158147,Daerah: Kelantan<br>No:4565<br>Hex coord:(103;88),n/a,0,0,0,0,0,0,1,2022-12-30T20:32:53.6107175Z,0
4.874349,101.5293614,Daerah: Kelantan<br>No:4566<br>Hex coord:(104;88),n/a,0,0,0,0,0,0,1,2022-12-30T20:32:54.2912088Z,0
4.866569,101.5429081,Daerah: Kelantan<br>No:4567<br>Hex coord:(105;88),n/a,0,0,0,0,0,0,1,2022-12-30T20:32:54.9632719Z,0
4.874349,101.5564548,Daerah: Kelantan<br>No:4568<br>Hex coord:(106;88),n/a,0,0,0,0,0,0,1,2022-12-30T20:32:55.6362214Z,0
4.866569,101.5700015,Daerah: Kelantan<br>No:4569<br>Hex coord:(107;88),n/a,0,0,0,0,0,0,1,2022-12-30T20:32:56.3119778Z,0
4.874349,101.5835482,Daerah: Kelantan<br>No:4570<br>Hex coord:(108;88),n/a,0,0,0,0,0,0,1,2022-12-30T20:32:56.9861613Z,0
4.866569,101.5970949,Daerah: Kelantan<br>No:4571<br>Hex coord:(109;88),n/a,0,0,0,0,0,0,1,2022-12-30T20:32:57.6571204Z,0
4.874349,101.6106416,Daerah: Kelantan<br>No:4572<br>Hex coord:(110;88),n/a,0,0,0,0,0,0,1,2022-12-30T20:32:58.3327553Z,0
4.866569,101.6241883,Daerah: Kelantan<br>No:4573<br>Hex coord:(111;88),n/a,0,0,0,0,0,0,1,2022-12-30T20:32:59.0129978Z,0
4.874349,101.637735,Daerah: Kelantan<br>No:4574<br>Hex coord:(112;88),n/a,0,0,0,0,0,0,1,2022-12-30T20:32:59.6803668Z,0
4.866569,101.6512817,Daerah: Kelantan<br>No:4575<br>Hex coord:(113;88),n/a,0,0,0,0,0,0,1,2022-12-30T20:33:00.3522990Z,0
4.874349,101.6648284,Daerah: Kelantan<br>No:4576<br>Hex coord:(114;88),n/a,0,0,0,0,0,0,1,2022-12-30T20:33:01.0232361Z,0
4.866569,101.6783751,Daerah: Kelantan<br>No:4577<br>Hex coord:(115;88),n/a,0,0,0,0,0,0,1,2022-12-30T20:33:01.7630154Z,0
4.874349,101.6919218,Daerah: Kelantan<br>No:4578<br>Hex coord:(116;88),n/a,0,0,0,0,0,0,1,2022-12-30T20:33:02.4327071Z,0
4.866569,101.7054685,Daerah: Kelantan<br>No:4579<br>Hex coord:(117;88),n/a,0,0,0,0,0,0,1,2022-12-30T20:33:03.1000996Z,0
4.874349,101.7190152,Daerah: Kelantan<br>No:4580<br>Hex coord:(118;88),n/a,0,0,0,0,0,0,1,2022-12-30T20:33:03.7683791Z,0
4.866569,101.7325619,Daerah: Kelantan<br>No:4581<br>Hex coord:(119;88),n/a,0,0,0,0,0,0,1,2022-12-30T20:33:04.4391249Z,0
4.874349,101.7461086,Daerah: Kelantan<br>No:4582<br>Hex coord:(120;88),n/a,0,0,0,0,0,0,1,2022-12-30T20:33:05.1209155Z,0
4.866569,101.7596554,Daerah: Kelantan<br>No:4583<br>Hex coord:(121;88),n/a,0,0,0,0,0,0,1,2022-12-30T20:33:05.7951632Z,0
4.874349,101.7732021,Daerah: Kelantan<br>No:4584<br>Hex coord:(122;88),n/a,0,0,0,0,0,0,1,2022-12-30T20:33:06.4648748Z,0
4.866569,101.7867488,Daerah: Kelantan<br>No:4585<br>Hex coord:(123;88),n/a,0,0,0,0,0,0,1,2022-12-30T20:33:07.1368683Z,0
4.874349,101.8002955,Daerah: Kelantan<br>No:4586<br>Hex coord:(124;88),n/a,0,0,0,0,0,0,1,2022-12-30T20:33:07.8269930Z,0
4.866569,101.8138422,Daerah: Kelantan<br>No:4587<br>Hex coord:(125;88),n/a,0,0,0,0,0,0,1,2022-12-30T20:33:08.5101563Z,0
4.874349,101.8273889,Daerah: Kelantan<br>No:4588<br>Hex coord:(126;88),n/a,0,0,0,0,0,0,1,2022-12-30T20:33:09.2065530Z,0
4.866569,101.8409356,Daerah: Kelantan<br>No:4589<br>Hex coord:(127;88),n/a,0,0,0,0,0,0,1,2022-12-30T20:33:09.8749939Z,0
4.874349,101.8544823,Daerah: Kelantan<br>No:4590<br>Hex coord:(128;88),n/a,0,0,0,0,0,0,1,2022-12-30T20:33:10.5517686Z,0
4.866569,101.868029,Daerah: Kelantan<br>No:4591<br>Hex coord:(129;88),n/a,0,0,0,0,0,0,1,2022-12-30T20:33:11.2297446Z,0
4.874349,101.8815757,Daerah: Kelantan<br>No:4592<br>Hex coord:(130;88),n/a,0,0,0,0,0,0,1,2022-12-30T20:33:11.9030242Z,0
4.866569,101.8951224,Daerah: Kelantan<br>No:4593<br>Hex coord:(131;88),n/a,0,0,0,0,0,0,1,2022-12-30T20:33:12.5917804Z,0
4.874349,101.9086691,Daerah: Kelantan<br>No:4594<br>Hex coord:(132;88),n/a,0,0,0,0,0,0,1,2022-12-30T20:33:13.2696437Z,0
4.866569,101.9222158,Daerah: Kelantan<br>No:4595<br>Hex coord:(133;88),n/a,0,0,0,0,0,0,1,2022-12-30T20:33:13.9405267Z,0
4.874349,101.9357625,Daerah: Kelantan<br>No:4596<br>Hex coord:(134;88),n/a,0,0,0,0,0,0,1,2022-12-30T20:33:14.6233177Z,0
4.866569,101.9493092,Daerah: Kelantan<br>No:4597<br>Hex coord:(135;88),n/a,0,0,0,0,0,0,1,2022-12-30T20:33:15.3189427Z,0
4.874349,101.9628559,Daerah: Kelantan<br>No:4598<br>Hex coord:(136;88),n/a,2,0,0,0,0,0,1,2022-12-30T20:33:16.0147313Z,0
4.866569,101.9764026,Daerah: Kelantan<br>No:4599<br>Hex coord:(137;88),n/a,0,0,0,0,0,0,1,2022-12-30T20:33:16.6974601Z,0
4.874349,101.9899493,Daerah: Kelantan<br>No:4600<br>Hex coord:(138;88),n/a,0,0,0,0,0,0,1,2022-12-30T20:33:17.3875138Z,0
4.866569,102.003496,Daerah: Kelantan<br>No:4601<br>Hex coord:(139;88),n/a,0,0,0,0,0,0,1,2022-12-30T20:33:18.1213699Z,0
4.874349,102.0170428,Daerah: Kelantan<br>No:4602<br>Hex coord:(140;88),n/a,0,0,0,0,0,0,1,2022-12-30T20:33:18.8052054Z,0
4.866569,102.0305895,Daerah: Kelantan<br>No:4603<br>Hex coord:(141;88),n/a,0,0,0,0,0,0,1,2022-12-30T20:33:19.4783867Z,0
4.874349,102.0441362,Daerah: Kelantan<br>No:4604<br>Hex coord:(142;88),n/a,0,0,0,0,0,0,1,2022-12-30T20:33:20.1659754Z,0
4.866569,102.0576829,Daerah: Kelantan<br>No:4605<br>Hex coord:(143;88),n/a,0,0,0,0,0,0,1,2022-12-30T20:33:20.8344693Z,0
4.874349,102.0712296,Daerah: Kelantan<br>No:4606<br>Hex coord:(144;88),n/a,0,0,0,0,0,0,1,2022-12-30T20:33:21.5025144Z,0
4.866569,102.0847763,Daerah: Kelantan<br>No:4607<br>Hex coord:(145;88),n/a,0,0,0,0,0,0,1,2022-12-30T20:33:22.1737675Z,0
4.874349,102.098323,Daerah: Kelantan<br>No:4608<br>Hex coord:(146;88),n/a,0,0,0,0,0,0,1,2022-12-30T20:33:22.8542506Z,0
4.866569,102.1118697,Daerah: Kelantan<br>No:4609<br>Hex coord:(147;88),n/a,0,0,0,0,0,0,1,2022-12-30T20:33:23.5208173Z,0
4.874349,102.1254164,Daerah: Kelantan<br>No:4610<br>Hex coord:(148;88),n/a,0,0,0,0,0,0,1,2022-12-30T20:33:24.1922225Z,0
4.866569,102.1389631,Daerah: Kelantan<br>No:4611<br>Hex coord:(149;88),n/a,0,0,0,0,0,0,1,2022-12-30T20:33:24.8712704Z,0
4.874349,102.1525098,Daerah: Kelantan<br>No:4612<br>Hex coord:(150;88),n/a,0,0,0,0,0,0,1,2022-12-30T20:33:25.5419224Z,0
4.866569,102.1660565,Daerah: Kelantan<br>No:4613<br>Hex coord:(151;88),n/a,0,0,0,0,0,0,1,2022-12-30T20:33:26.2142597Z,0
4.874349,102.1796032,Daerah: Kelantan<br>No:4614<br>Hex coord:(152;88),n/a,0,0,0,0,0,0,1,2022-12-30T20:33:26.8910754Z,0
4.866569,102.1931499,Daerah: Kelantan<br>No:4615<br>Hex coord:(153;88),n/a,0,0,0,0,0,0,1,2022-12-30T20:33:27.5603481Z,0
4.874349,102.2066966,Daerah: Kelantan<br>No:4616<br>Hex coord:(154;88),n/a,0,0,0,0,0,0,1,2022-12-30T20:33:28.2478449Z,0
4.866569,102.2202433,Daerah: Kelantan<br>No:4617<br>Hex coord:(155;88),n/a,0,0,0,0,0,0,1,2022-12-30T20:33:28.9166933Z,0
4.874349,102.23379,Daerah: Kelantan<br>No:4618<br>Hex coord:(156;88),n/a,0,0,0,0,0,0,1,2022-12-30T20:33:29.5857993Z,0
4.866569,102.2473367,Daerah: Kelantan<br>No:4619<br>Hex coord:(157;88),n/a,0,0,0,0,0,0,1,2022-12-30T20:33:30.2547938Z,0
4.874349,102.2608835,Daerah: Kelantan<br>No:4620<br>Hex coord:(158;88),n/a,0,0,0,0,0,0,1,2022-12-30T20:33:30.9293464Z,0
4.866569,102.2744302,Daerah: Kelantan<br>No:4621<br>Hex coord:(159;88),n/a,0,0,0,0,0,0,1,2022-12-30T20:33:31.6067597Z,0
4.874349,102.2879769,Daerah: Kelantan<br>No:4622<br>Hex coord:(160;88),n/a,0,0,0,0,0,0,1,2022-12-30T20:33:32.2778179Z,0
4.866569,102.3015236,Daerah: Kelantan<br>No:4623<br>Hex coord:(161;88),n/a,0,0,0,0,0,0,1,2022-12-30T20:33:32.9499429Z,0
4.874349,102.3150703,Daerah: Kelantan<br>No:4624<br>Hex coord:(162;88),n/a,0,0,0,0,0,0,1,2022-12-30T20:33:33.6326605Z,0
4.866569,102.328617,Daerah: Kelantan<br>No:4625<br>Hex coord:(163;88),n/a,0,0,0,0,0,0,1,2022-12-30T20:33:34.3045958Z,0
4.874349,102.3421637,Daerah: Kelantan<br>No:4626<br>Hex coord:(164;88),n/a,0,0,0,0,0,0,1,2022-12-30T20:33:34.9717496Z,0
4.866569,102.3557104,Daerah: Kelantan<br>No:4627<br>Hex coord:(165;88),n/a,0,0,0,0,0,0,1,2022-12-30T20:33:35.6556656Z,0
4.874349,102.3692571,Daerah: Kelantan<br>No:4628<br>Hex coord:(166;88),n/a,0,0,0,0,0,0,1,2022-12-30T20:33:36.3302025Z,0
4.866569,102.3828038,Daerah: Kelantan<br>No:4629<br>Hex coord:(167;88),n/a,0,0,0,0,0,0,1,2022-12-30T20:33:37.0035549Z,0
4.874349,102.3963505,Daerah: Kelantan<br>No:4630<br>Hex coord:(168;88),n/a,0,0,0,0,0,0,1,2022-12-30T20:33:37.6754229Z,0
4.866569,102.4098972,Daerah: Kelantan<br>No:4631<br>Hex coord:(169;88),n/a,0,0,0,0,0,0,1,2022-12-30T20:33:38.3452209Z,0
4.874349,102.4234439,Daerah: Kelantan<br>No:4632<br>Hex coord:(170;88),n/a,0,0,0,0,0,0,1,2022-12-30T20:33:39.0218157Z,0
4.866569,102.4369906,Daerah: Kelantan<br>No:4633<br>Hex coord:(171;88),n/a,0,0,0,0,0,0,1,2022-12-30T20:33:39.7058861Z,0
4.874349,102.4505373,Daerah: Kelantan<br>No:4634<br>Hex coord:(172;88),n/a,0,0,0,0,0,0,1,2022-12-30T20:33:40.3852150Z,0
4.866569,102.464084,Daerah: Kelantan<br>No:4635<br>Hex coord:(173;88),n/a,0,0,0,0,0,0,1,2022-12-30T20:33:41.0544166Z,0
4.874349,102.4776307,Daerah: Kelantan<br>No:4636<br>Hex coord:(174;88),n/a,0,0,0,0,0,0,1,2022-12-30T20:33:41.7298810Z,0
4.866569,102.4911774,Daerah: Kelantan<br>No:4637<br>Hex coord:(175;88),n/a,0,0,0,0,0,0,1,2022-12-30T20:33:42.4106142Z,0
4.874349,102.5047241,Daerah: Kelantan<br>No:4638<br>Hex coord:(176;88),n/a,0,0,0,0,0,0,1,2022-12-30T20:33:43.0813136Z,0
4.866569,102.5182709,Daerah: Kelantan<br>No:4639<br>Hex coord:(177;88),n/a,0,0,0,0,0,0,1,2022-12-30T20:33:43.7652253Z,0
4.874349,102.5318176,Daerah: Kelantan<br>No:4640<br>Hex coord:(178;88),n/a,0,0,0,0,0,0,1,2022-12-30T20:33:44.4361808Z,0
4.866569,102.5453643,Daerah: Kelantan<br>No:4641<br>Hex coord:(179;88),n/a,0,0,0,0,0,0,1,2022-12-30T20:33:45.1081184Z,0
4.874349,102.558911,Daerah: Kelantan<br>No:4642<br>Hex coord:(180;88),n/a,0,0,0,0,0,0,1,2022-12-30T20:33:45.7786169Z,0
4.866569,102.5724577,Daerah: Kelantan<br>No:4643<br>Hex coord:(181;88),n/a,0,0,0,0,0,0,1,2022-12-30T20:33:46.4557957Z,0
4.874349,102.5860044,Daerah: Kelantan<br>No:4644<br>Hex coord:(182;88),n/a,0,0,0,0,0,0,1,2022-12-30T20:33:47.1301111Z,0
4.866569,102.5995511,Daerah: Kelantan<br>No:4645<br>Hex coord:(183;88),n/a,0,0,0,0,0,0,1,2022-12-30T20:33:47.7998564Z,0
4.851009,101.407441,Daerah: Kelantan<br>No:4646<br>Hex coord:(95;89),n/a,0,0,0,0,0,0,1,2022-12-30T20:33:48.4723734Z,0
4.858789,101.4209877,Daerah: Kelantan<br>No:4647<br>Hex coord:(96;89),n/a,0,0,0,0,0,0,1,2022-12-30T20:33:49.1458058Z,0
4.851009,101.4345344,Daerah: Kelantan<br>No:4648<br>Hex coord:(97;89),n/a,0,0,0,0,0,0,1,2022-12-30T20:33:49.8205597Z,0
4.858789,101.4480811,Daerah: Kelantan<br>No:4649<br>Hex coord:(98;89),n/a,0,0,0,0,0,0,1,2022-12-30T20:33:50.4997729Z,0
4.851009,101.4616278,Daerah: Kelantan<br>No:4650<br>Hex coord:(99;89),n/a,0,0,0,0,0,0,1,2022-12-30T20:33:51.1672138Z,0
4.858789,101.4751745,Daerah: Kelantan<br>No:4651<br>Hex coord:(100;89),n/a,0,0,0,0,0,0,1,2022-12-30T20:33:51.8389442Z,0
4.851009,101.4887212,Daerah: Kelantan<br>No:4652<br>Hex coord:(101;89),n/a,0,0,0,0,0,0,1,2022-12-30T20:33:52.5251874Z,0
4.858789,101.502268,Daerah: Kelantan<br>No:4653<br>Hex coord:(102;89),n/a,0,0,0,0,0,0,1,2022-12-30T20:33:53.2011485Z,0
4.851009,101.5158147,Daerah: Kelantan<br>No:4654<br>Hex coord:(103;89),n/a,0,0,0,0,0,0,1,2022-12-30T20:33:53.8737065Z,0
4.858789,101.5293614,Daerah: Kelantan<br>No:4655<br>Hex coord:(104;89),n/a,0,0,0,0,0,0,1,2022-12-30T20:33:54.5413565Z,0
4.851009,101.5429081,Daerah: Kelantan<br>No:4656<br>Hex coord:(105;89),n/a,0,0,0,0,0,0,1,2022-12-30T20:33:55.2251204Z,0
4.858789,101.5564548,Daerah: Kelantan<br>No:4657<br>Hex coord:(106;89),n/a,0,0,0,0,0,0,1,2022-12-30T20:33:55.8950554Z,0
4.851009,101.5700015,Daerah: Kelantan<br>No:4658<br>Hex coord:(107;89),n/a,0,0,0,0,0,0,1,2022-12-30T20:33:56.5703962Z,0
4.858789,101.5835482,Daerah: Kelantan<br>No:4659<br>Hex coord:(108;89),n/a,0,0,0,0,0,0,1,2022-12-30T20:33:57.2516296Z,0
4.851009,101.5970949,Daerah: Kelantan<br>No:4660<br>Hex coord:(109;89),n/a,0,0,0,0,0,0,1,2022-12-30T20:33:57.9271514Z,0
4.858789,101.6106416,Daerah: Kelantan<br>No:4661<br>Hex coord:(110;89),n/a,0,0,0,0,0,0,1,2022-12-30T20:33:58.5937161Z,0
4.851009,101.6241883,Daerah: Kelantan<br>No:4662<br>Hex coord:(111;89),n/a,0,0,0,0,0,0,1,2022-12-30T20:33:59.2691816Z,0
4.858789,101.637735,Daerah: Kelantan<br>No:4663<br>Hex coord:(112;89),n/a,0,0,0,0,0,0,1,2022-12-30T20:33:59.9388896Z,0
4.851009,101.6512817,Daerah: Kelantan<br>No:4664<br>Hex coord:(113;89),n/a,0,0,0,0,0,0,1,2022-12-30T20:34:00.6086920Z,0
4.858789,101.6648284,Daerah: Kelantan<br>No:4665<br>Hex coord:(114;89),n/a,0,0,0,0,0,0,1,2022-12-30T20:34:01.2864516Z,0
4.851009,101.6783751,Daerah: Kelantan<br>No:4666<br>Hex coord:(115;89),n/a,0,0,0,0,0,0,1,2022-12-30T20:34:01.9583594Z,0
4.858789,101.6919218,Daerah: Kelantan<br>No:4667<br>Hex coord:(116;89),n/a,0,0,0,0,0,0,1,2022-12-30T20:34:02.6281043Z,0
4.851009,101.7054685,Daerah: Kelantan<br>No:4668<br>Hex coord:(117;89),n/a,0,0,0,0,0,0,1,2022-12-30T20:34:03.2941319Z,0
4.858789,101.7190152,Daerah: Kelantan<br>No:4669<br>Hex coord:(118;89),n/a,0,0,0,0,0,0,1,2022-12-30T20:34:03.9650491Z,0
4.851009,101.7325619,Daerah: Kelantan<br>No:4670<br>Hex coord:(119;89),n/a,0,0,0,0,0,0,1,2022-12-30T20:34:04.6299134Z,0
4.858789,101.7461086,Daerah: Kelantan<br>No:4671<br>Hex coord:(120;89),n/a,0,0,0,0,0,0,1,2022-12-30T20:34:05.3006092Z,0
4.851009,101.7596554,Daerah: Kelantan<br>No:4672<br>Hex coord:(121;89),n/a,0,0,0,0,0,0,1,2022-12-30T20:34:05.9800895Z,0
4.858789,101.7732021,Daerah: Kelantan<br>No:4673<br>Hex coord:(122;89),n/a,0,0,0,0,0,0,1,2022-12-30T20:34:06.6648594Z,0
4.851009,101.7867488,Daerah: Kelantan<br>No:4674<br>Hex coord:(123;89),n/a,0,0,0,0,0,0,1,2022-12-30T20:34:07.3392720Z,0
4.858789,101.8002955,Daerah: Kelantan<br>No:4675<br>Hex coord:(124;89),n/a,0,0,0,0,0,0,1,2022-12-30T20:34:08.0246036Z,0
4.851009,101.8138422,Daerah: Kelantan<br>No:4676<br>Hex coord:(125;89),n/a,0,0,0,0,0,0,1,2022-12-30T20:34:08.6918304Z,0
4.858789,101.8273889,Daerah: Kelantan<br>No:4677<br>Hex coord:(126;89),n/a,0,0,0,0,0,0,1,2022-12-30T20:34:09.3684117Z,0
4.851009,101.8409356,Daerah: Kelantan<br>No:4678<br>Hex coord:(127;89),n/a,0,0,0,0,0,0,1,2022-12-30T20:34:10.0487944Z,0
4.858789,101.8544823,Daerah: Kelantan<br>No:4679<br>Hex coord:(128;89),n/a,0,0,0,0,0,0,1,2022-12-30T20:34:10.7209134Z,0
4.851009,101.868029,Daerah: Kelantan<br>No:4680<br>Hex coord:(129;89),n/a,0,0,0,0,0,0,1,2022-12-30T20:34:11.3977884Z,0
4.858789,101.8815757,Daerah: Kelantan<br>No:4681<br>Hex coord:(130;89),n/a,0,0,0,0,0,0,1,2022-12-30T20:34:12.0806185Z,0
4.851009,101.8951224,Daerah: Kelantan<br>No:4682<br>Hex coord:(131;89),n/a,0,0,0,0,0,0,1,2022-12-30T20:34:12.7610014Z,0
4.858789,101.9086691,Daerah: Kelantan<br>No:4683<br>Hex coord:(132;89),n/a,0,0,0,0,0,0,1,2022-12-30T20:34:13.4435254Z,0
4.851009,101.9222158,Daerah: Kelantan<br>No:4684<br>Hex coord:(133;89),n/a,0,0,0,0,0,0,1,2022-12-30T20:34:14.1205289Z,0
4.858789,101.9357625,Daerah: Kelantan<br>No:4685<br>Hex coord:(134;89),n/a,0,0,0,0,0,0,1,2022-12-30T20:34:14.7993555Z,0
4.851009,101.9493092,Daerah: Kelantan<br>No:4686<br>Hex coord:(135;89),n/a,0,0,0,0,0,0,1,2022-12-30T20:34:15.4810781Z,0
4.858789,101.9628559,Daerah: Kelantan<br>No:4687<br>Hex coord:(136;89),n/a,2,0,0,0,0,0,1,2022-12-30T20:34:16.1723422Z,0
4.851009,101.9764026,Daerah: Kelantan<br>No:4688<br>Hex coord:(137;89),n/a,0,0,0,0,0,0,1,2022-12-30T20:34:16.8740068Z,0
4.858789,101.9899493,Daerah: Kelantan<br>No:4689<br>Hex coord:(138;89),n/a,0,0,0,0,0,0,1,2022-12-30T20:34:17.5612707Z,0
4.851009,102.003496,Daerah: Kelantan<br>No:4690<br>Hex coord:(139;89),n/a,0,0,0,0,0,0,1,2022-12-30T20:34:18.2440209Z,0
4.858789,102.0170428,Daerah: Kelantan<br>No:4691<br>Hex coord:(140;89),n/a,0,0,0,0,0,0,1,2022-12-30T20:34:18.9854503Z,0
4.851009,102.0305895,Daerah: Kelantan<br>No:4692<br>Hex coord:(141;89),n/a,0,0,0,0,0,0,1,2022-12-30T20:34:19.6561646Z,0
4.858789,102.0441362,Daerah: Kelantan<br>No:4693<br>Hex coord:(142;89),n/a,0,0,0,0,0,0,1,2022-12-30T20:34:20.3257332Z,0
4.851009,102.0576829,Daerah: Kelantan<br>No:4694<br>Hex coord:(143;89),n/a,0,0,0,0,0,0,1,2022-12-30T20:34:20.9964838Z,0
4.858789,102.0712296,Daerah: Kelantan<br>No:4695<br>Hex coord:(144;89),n/a,0,0,0,0,0,0,1,2022-12-30T20:34:21.6780641Z,0
4.851009,102.0847763,Daerah: Kelantan<br>No:4696<br>Hex coord:(145;89),n/a,0,0,0,0,0,0,1,2022-12-30T20:34:22.3501658Z,0
4.858789,102.098323,Daerah: Kelantan<br>No:4697<br>Hex coord:(146;89),n/a,0,0,0,0,0,0,1,2022-12-30T20:34:23.0304694Z,0
4.851009,102.1118697,Daerah: Kelantan<br>No:4698<br>Hex coord:(147;89),n/a,0,0,0,0,0,0,1,2022-12-30T20:34:23.7039751Z,0
4.858789,102.1254164,Daerah: Kelantan<br>No:4699<br>Hex coord:(148;89),n/a,0,0,0,0,0,0,1,2022-12-30T20:34:24.3950539Z,0
4.851009,102.1389631,Daerah: Kelantan<br>No:4700<br>Hex coord:(149;89),n/a,0,0,0,0,0,0,1,2022-12-30T20:34:25.0618876Z,0
4.858789,102.1525098,Daerah: Kelantan<br>No:4701<br>Hex coord:(150;89),n/a,0,0,0,0,0,0,1,2022-12-30T20:34:25.7385821Z,0
4.851009,102.1660565,Daerah: Kelantan<br>No:4702<br>Hex coord:(151;89),n/a,0,0,0,0,0,0,1,2022-12-30T20:34:26.4105020Z,0
4.858789,102.1796032,Daerah: Kelantan<br>No:4703<br>Hex coord:(152;89),n/a,0,0,0,0,0,0,1,2022-12-30T20:34:27.0809329Z,0
4.851009,102.1931499,Daerah: Kelantan<br>No:4704<br>Hex coord:(153;89),n/a,0,0,0,0,0,0,1,2022-12-30T20:34:27.7499173Z,0
4.858789,102.2066966,Daerah: Kelantan<br>No:4705<br>Hex coord:(154;89),n/a,0,0,0,0,0,0,1,2022-12-30T20:34:28.4280534Z,0
4.851009,102.2202433,Daerah: Kelantan<br>No:4706<br>Hex coord:(155;89),n/a,0,0,0,0,0,0,1,2022-12-30T20:34:29.1118513Z,0
4.858789,102.23379,Daerah: Kelantan<br>No:4707<br>Hex coord:(156;89),n/a,0,0,0,0,0,0,1,2022-12-30T20:34:29.7921607Z,0
4.851009,102.2473367,Daerah: Kelantan<br>No:4708<br>Hex coord:(157;89),n/a,0,0,0,0,0,0,1,2022-12-30T20:34:30.4642965Z,0
4.858789,102.2608835,Daerah: Kelantan<br>No:4709<br>Hex coord:(158;89),n/a,0,0,0,0,0,0,1,2022-12-30T20:34:31.1451333Z,0
4.851009,102.2744302,Daerah: Kelantan<br>No:4710<br>Hex coord:(159;89),n/a,0,0,0,0,0,0,1,2022-12-30T20:34:31.8142253Z,0
4.858789,102.2879769,Daerah: Kelantan<br>No:4711<br>Hex coord:(160;89),n/a,0,0,0,0,0,0,1,2022-12-30T20:34:32.4828428Z,0
4.851009,102.3015236,Daerah: Kelantan<br>No:4712<br>Hex coord:(161;89),n/a,0,0,0,0,0,0,1,2022-12-30T20:34:33.1559700Z,0
4.858789,102.3150703,Daerah: Kelantan<br>No:4713<br>Hex coord:(162;89),n/a,0,0,0,0,0,0,1,2022-12-30T20:34:33.8351712Z,0
4.851009,102.328617,Daerah: Kelantan<br>No:4714<br>Hex coord:(163;89),n/a,0,0,0,0,0,0,1,2022-12-30T20:34:34.5106804Z,0
4.858789,102.3421637,Daerah: Kelantan<br>No:4715<br>Hex coord:(164;89),n/a,0,0,0,0,0,0,1,2022-12-30T20:34:35.1862100Z,0
4.851009,102.3557104,Daerah: Kelantan<br>No:4716<br>Hex coord:(165;89),n/a,0,0,0,0,0,0,1,2022-12-30T20:34:35.8605965Z,0
4.858789,102.3692571,Daerah: Kelantan<br>No:4717<br>Hex coord:(166;89),n/a,0,0,0,0,0,0,1,2022-12-30T20:34:36.5387177Z,0
4.851009,102.3828038,Daerah: Kelantan<br>No:4718<br>Hex coord:(167;89),n/a,0,0,0,0,0,0,1,2022-12-30T20:34:37.2081806Z,0
4.858789,102.3963505,Daerah: Kelantan<br>No:4719<br>Hex coord:(168;89),n/a,0,0,0,0,0,0,1,2022-12-30T20:34:37.8851154Z,0
4.851009,102.4098972,Daerah: Kelantan<br>No:4720<br>Hex coord:(169;89),n/a,0,0,0,0,0,0,1,2022-12-30T20:34:38.5559531Z,0
4.858789,102.4234439,Daerah: Kelantan<br>No:4721<br>Hex coord:(170;89),n/a,0,0,0,0,0,0,1,2022-12-30T20:34:39.2360992Z,0
4.851009,102.4369906,Daerah: Kelantan<br>No:4722<br>Hex coord:(171;89),n/a,0,0,0,0,0,0,1,2022-12-30T20:34:39.9178755Z,0
4.858789,102.4505373,Daerah: Kelantan<br>No:4723<br>Hex coord:(172;89),n/a,0,0,0,0,0,0,1,2022-12-30T20:34:40.6031316Z,0
4.851009,102.464084,Daerah: Kelantan<br>No:4724<br>Hex coord:(173;89),n/a,0,0,0,0,0,0,1,2022-12-30T20:34:41.2701421Z,0
4.858789,102.4776307,Daerah: Kelantan<br>No:4725<br>Hex coord:(174;89),n/a,0,0,0,0,0,0,1,2022-12-30T20:34:41.9433868Z,0
4.851009,102.4911774,Daerah: Kelantan<br>No:4726<br>Hex coord:(175;89),n/a,0,0,0,0,0,0,1,2022-12-30T20:34:42.6190273Z,0
4.858789,102.5047241,Daerah: Kelantan<br>No:4727<br>Hex coord:(176;89),n/a,0,0,0,0,0,0,1,2022-12-30T20:34:43.3075805Z,0
4.851009,102.5182709,Daerah: Kelantan<br>No:4728<br>Hex coord:(177;89),n/a,0,0,0,0,0,0,1,2022-12-30T20:34:43.9769197Z,0
4.858789,102.5318176,Daerah: Kelantan<br>No:4729<br>Hex coord:(178;89),n/a,0,0,0,0,0,0,1,2022-12-30T20:34:54.2279411Z,0
4.851009,102.5453643,Daerah: Kelantan<br>No:4730<br>Hex coord:(179;89),n/a,0,0,0,0,0,0,1,2022-12-30T20:34:54.9142847Z,0
4.858789,102.558911,Daerah: Kelantan<br>No:4731<br>Hex coord:(180;89),n/a,0,0,0,0,0,0,1,2022-12-30T20:34:55.5827055Z,0
4.851009,102.5724577,Daerah: Kelantan<br>No:4732<br>Hex coord:(181;89),n/a,0,0,0,0,0,0,1,2022-12-30T20:34:56.2559625Z,0
4.858789,102.5860044,Daerah: Kelantan<br>No:4733<br>Hex coord:(182;89),n/a,0,0,0,0,0,0,1,2022-12-30T20:34:56.9337123Z,0
4.851009,102.5995511,Daerah: Kelantan<br>No:4734<br>Hex coord:(183;89),n/a,0,0,0,0,0,0,1,2022-12-30T20:34:57.6117453Z,0
4.858789,102.6130978,Daerah: Kelantan<br>No:4735<br>Hex coord:(184;89),n/a,0,0,0,0,0,0,1,2022-12-30T20:34:58.2885153Z,0
4.851009,102.6266445,Daerah: Kelantan<br>No:4736<br>Hex coord:(185;89),n/a,0,0,0,0,0,0,1,2022-12-30T20:34:58.9567003Z,0
4.843229,101.4209877,Daerah: Kelantan<br>No:4737<br>Hex coord:(96;90),n/a,0,0,0,0,0,0,1,2022-12-30T20:34:59.6256699Z,0
4.835449,101.4345344,Daerah: Kelantan<br>No:4738<br>Hex coord:(97;90),n/a,0,0,0,0,0,0,1,2022-12-30T20:35:00.2994014Z,0
4.843229,101.4480811,Daerah: Kelantan<br>No:4739<br>Hex coord:(98;90),n/a,0,0,0,0,0,0,1,2022-12-30T20:35:01.0231797Z,0
4.835449,101.4616278,Daerah: Kelantan<br>No:4740<br>Hex coord:(99;90),n/a,0,0,0,0,0,0,1,2022-12-30T20:35:01.6939868Z,0
4.843229,101.4751745,Daerah: Kelantan<br>No:4741<br>Hex coord:(100;90),n/a,0,0,0,0,0,0,1,2022-12-30T20:35:02.3898460Z,0
4.835449,101.4887212,Daerah: Kelantan<br>No:4742<br>Hex coord:(101;90),n/a,0,0,0,0,0,0,1,2022-12-30T20:35:03.0694747Z,0
4.843229,101.502268,Daerah: Kelantan<br>No:4743<br>Hex coord:(102;90),n/a,0,0,0,0,0,0,1,2022-12-30T20:35:03.7435255Z,0
4.835449,101.5158147,Daerah: Kelantan<br>No:4744<br>Hex coord:(103;90),n/a,0,0,0,0,0,0,1,2022-12-30T20:35:04.4320677Z,0
4.843229,101.5293614,Daerah: Kelantan<br>No:4745<br>Hex coord:(104;90),n/a,0,0,0,0,0,0,1,2022-12-30T20:35:05.1100886Z,0
4.835449,101.5429081,Daerah: Kelantan<br>No:4746<br>Hex coord:(105;90),n/a,0,0,0,0,0,0,1,2022-12-30T20:35:05.7869209Z,0
4.843229,101.5564548,Daerah: Kelantan<br>No:4747<br>Hex coord:(106;90),n/a,0,0,0,0,0,0,1,2022-12-30T20:35:06.4564728Z,0
4.835449,101.5700015,Daerah: Kelantan<br>No:4748<br>Hex coord:(107;90),n/a,0,0,0,0,0,0,1,2022-12-30T20:35:07.1273009Z,0
4.843229,101.5835482,Daerah: Kelantan<br>No:4749<br>Hex coord:(108;90),n/a,0,0,0,0,0,0,1,2022-12-30T20:35:07.8004341Z,0
4.835449,101.5970949,Daerah: Kelantan<br>No:4750<br>Hex coord:(109;90),n/a,0,0,0,0,0,0,1,2022-12-30T20:35:08.4759466Z,0
4.843229,101.6106416,Daerah: Kelantan<br>No:4751<br>Hex coord:(110;90),n/a,0,0,0,0,0,0,1,2022-12-30T20:35:09.2088768Z,0
4.835449,101.6241883,Daerah: Kelantan<br>No:4752<br>Hex coord:(111;90),n/a,0,0,0,0,0,0,1,2022-12-30T20:35:09.8821210Z,0
4.843229,101.637735,Daerah: Kelantan<br>No:4753<br>Hex coord:(112;90),n/a,0,0,0,0,0,0,1,2022-12-30T20:35:10.5530527Z,0
4.835449,101.6512817,Daerah: Kelantan<br>No:4754<br>Hex coord:(113;90),n/a,0,0,0,0,0,0,1,2022-12-30T20:35:11.2298655Z,0
4.843229,101.6648284,Daerah: Kelantan<br>No:4755<br>Hex coord:(114;90),n/a,0,0,0,0,0,0,1,2022-12-30T20:35:11.9064897Z,0
4.835449,101.6783751,Daerah: Kelantan<br>No:4756<br>Hex coord:(115;90),n/a,0,0,0,0,0,0,1,2022-12-30T20:35:12.5796717Z,0
4.843229,101.6919218,Daerah: Kelantan<br>No:4757<br>Hex coord:(116;90),n/a,0,0,0,0,0,0,1,2022-12-30T20:35:13.2505591Z,0
4.835449,101.7054685,Daerah: Kelantan<br>No:4758<br>Hex coord:(117;90),n/a,0,0,0,0,0,0,1,2022-12-30T20:35:13.9178247Z,0
4.843229,101.7190152,Daerah: Kelantan<br>No:4759<br>Hex coord:(118;90),n/a,0,0,0,0,0,0,1,2022-12-30T20:35:14.5992939Z,0
4.835449,101.7325619,Daerah: Kelantan<br>No:4760<br>Hex coord:(119;90),n/a,0,0,0,0,0,0,1,2022-12-30T20:35:15.2713051Z,0
4.843229,101.7461086,Daerah: Kelantan<br>No:4761<br>Hex coord:(120;90),n/a,0,0,0,0,0,0,1,2022-12-30T20:35:15.9444279Z,0
4.835449,101.7596554,Daerah: Kelantan<br>No:4762<br>Hex coord:(121;90),n/a,0,0,0,0,0,0,1,2022-12-30T20:35:16.6056365Z,0
4.843229,101.7732021,Daerah: Kelantan<br>No:4763<br>Hex coord:(122;90),n/a,0,0,0,0,0,0,1,2022-12-30T20:35:17.2919731Z,0
4.835449,101.7867488,Daerah: Kelantan<br>No:4764<br>Hex coord:(123;90),n/a,0,0,0,0,0,0,1,2022-12-30T20:35:17.9700916Z,0
4.843229,101.8002955,Daerah: Kelantan<br>No:4765<br>Hex coord:(124;90),n/a,0,0,0,0,0,0,1,2022-12-30T20:35:18.6422008Z,0
4.835449,101.8138422,Daerah: Kelantan<br>No:4766<br>Hex coord:(125;90),n/a,0,0,0,0,0,0,1,2022-12-30T20:35:19.3687889Z,0
4.843229,101.8273889,Daerah: Kelantan<br>No:4767<br>Hex coord:(126;90),n/a,0,0,0,0,0,0,1,2022-12-30T20:35:20.0552785Z,0
4.835449,101.8409356,Daerah: Kelantan<br>No:4768<br>Hex coord:(127;90),n/a,0,0,0,0,0,0,1,2022-12-30T20:35:20.7376881Z,0
4.843229,101.8544823,Daerah: Kelantan<br>No:4769<br>Hex coord:(128;90),n/a,0,0,0,0,0,0,1,2022-12-30T20:35:21.4147292Z,0
4.835449,101.868029,Daerah: Kelantan<br>No:4770<br>Hex coord:(129;90),n/a,0,0,0,0,0,0,1,2022-12-30T20:35:22.0926827Z,0
4.843229,101.8815757,Daerah: Kelantan<br>No:4771<br>Hex coord:(130;90),n/a,0,0,0,0,0,0,1,2022-12-30T20:35:22.7743081Z,0
4.835449,101.8951224,Daerah: Kelantan<br>No:4772<br>Hex coord:(131;90),n/a,0,0,0,0,0,0,1,2022-12-30T20:35:23.4438051Z,0
4.843229,101.9086691,Daerah: Kelantan<br>No:4773<br>Hex coord:(132;90),n/a,0,0,0,0,0,0,1,2022-12-30T20:35:24.1135019Z,0
4.835449,101.9222158,Daerah: Kelantan<br>No:4774<br>Hex coord:(133;90),n/a,0,0,0,0,0,0,1,2022-12-30T20:35:24.7891534Z,0
4.843229,101.9357625,Daerah: Kelantan<br>No:4775<br>Hex coord:(134;90),n/a,0,0,0,0,0,0,1,2022-12-30T20:35:25.4706974Z,0
4.835449,101.9493092,Daerah: Kelantan<br>No:4776<br>Hex coord:(135;90),n/a,0,0,0,0,0,0,1,2022-12-30T20:35:26.1497226Z,0
4.843229,101.9628559,Daerah: Kelantan<br>No:4777<br>Hex coord:(136;90),n/a,1,0,0,0,0,0,1,2022-12-30T20:35:26.8362847Z,0
4.835449,101.9764026,Daerah: Kelantan<br>No:4778<br>Hex coord:(137;90),n/a,0,0,0,0,0,0,1,2022-12-30T20:35:27.5176847Z,0
4.843229,101.9899493,Daerah: Kelantan<br>No:4779<br>Hex coord:(138;90),n/a,0,0,0,0,0,0,1,2022-12-30T20:35:28.1969618Z,0
4.835449,102.003496,Daerah: Kelantan<br>No:4780<br>Hex coord:(139;90),n/a,0,0,0,0,0,0,1,2022-12-30T20:35:28.8797461Z,0
4.843229,102.0170428,Daerah: Kelantan<br>No:4781<br>Hex coord:(140;90),n/a,0,0,0,0,0,0,1,2022-12-30T20:35:29.5671403Z,0
4.835449,102.0305895,Daerah: Kelantan<br>No:4782<br>Hex coord:(141;90),n/a,0,0,0,0,0,0,1,2022-12-30T20:35:30.2475909Z,0
4.843229,102.0441362,Daerah: Kelantan<br>No:4783<br>Hex coord:(142;90),n/a,0,0,0,0,0,0,1,2022-12-30T20:35:30.9217865Z,0
4.835449,102.0576829,Daerah: Kelantan<br>No:4784<br>Hex coord:(143;90),n/a,0,0,0,0,0,0,1,2022-12-30T20:35:31.5962181Z,0
4.843229,102.0712296,Daerah: Kelantan<br>No:4785<br>Hex coord:(144;90),n/a,0,0,0,0,0,0,1,2022-12-30T20:35:32.2684280Z,0
4.835449,102.0847763,Daerah: Kelantan<br>No:4786<br>Hex coord:(145;90),n/a,0,0,0,0,0,0,1,2022-12-30T20:35:32.9403345Z,0
4.843229,102.098323,Daerah: Kelantan<br>No:4787<br>Hex coord:(146;90),n/a,0,0,0,0,0,0,1,2022-12-30T20:35:33.6064240Z,0
4.835449,102.1118697,Daerah: Kelantan<br>No:4788<br>Hex coord:(147;90),n/a,0,0,0,0,0,0,1,2022-12-30T20:35:34.2877427Z,0
4.843229,102.1254164,Daerah: Kelantan<br>No:4789<br>Hex coord:(148;90),n/a,0,0,0,0,0,0,1,2022-12-30T20:35:34.9597817Z,0
4.835449,102.1389631,Daerah: Kelantan<br>No:4790<br>Hex coord:(149;90),n/a,0,0,0,0,0,0,1,2022-12-30T20:35:35.6293968Z,0
4.843229,102.1525098,Daerah: Kelantan<br>No:4791<br>Hex coord:(150;90),n/a,0,0,0,0,0,0,1,2022-12-30T20:35:36.3086278Z,0
4.835449,102.1660565,Daerah: Kelantan<br>No:4792<br>Hex coord:(151;90),n/a,0,0,0,0,0,0,1,2022-12-30T20:35:36.9807362Z,0
4.843229,102.1796032,Daerah: Kelantan<br>No:4793<br>Hex coord:(152;90),n/a,0,0,0,0,0,0,1,2022-12-30T20:35:37.6693715Z,0
4.835449,102.1931499,Daerah: Kelantan<br>No:4794<br>Hex coord:(153;90),n/a,0,0,0,0,0,0,1,2022-12-30T20:35:38.3449571Z,0
4.843229,102.2066966,Daerah: Kelantan<br>No:4795<br>Hex coord:(154;90),n/a,0,0,0,0,0,0,1,2022-12-30T20:35:39.0264919Z,0
4.835449,102.2202433,Daerah: Kelantan<br>No:4796<br>Hex coord:(155;90),n/a,0,0,0,0,0,0,1,2022-12-30T20:35:39.7030564Z,0
4.843229,102.23379,Daerah: Kelantan<br>No:4797<br>Hex coord:(156;90),n/a,0,0,0,0,0,0,1,2022-12-30T20:35:40.3707131Z,0
4.835449,102.2473367,Daerah: Kelantan<br>No:4798<br>Hex coord:(157;90),n/a,0,0,0,0,0,0,1,2022-12-30T20:35:41.0571408Z,0
4.843229,102.2608835,Daerah: Kelantan<br>No:4799<br>Hex coord:(158;90),n/a,0,0,0,0,0,0,1,2022-12-30T20:35:41.7288320Z,0
4.835449,102.2744302,Daerah: Kelantan<br>No:4800<br>Hex coord:(159;90),n/a,0,0,0,0,0,0,1,2022-12-30T20:35:42.4019481Z,0
4.843229,102.2879769,Daerah: Kelantan<br>No:4801<br>Hex coord:(160;90),n/a,0,0,0,0,0,0,1,2022-12-30T20:35:43.0694538Z,0
4.835449,102.3015236,Daerah: Kelantan<br>No:4802<br>Hex coord:(161;90),n/a,0,0,0,0,0,0,1,2022-12-30T20:35:43.7484925Z,0
4.843229,102.3150703,Daerah: Kelantan<br>No:4803<br>Hex coord:(162;90),n/a,0,0,0,0,0,0,1,2022-12-30T20:35:45.6133026Z,0
4.835449,102.328617,Daerah: Kelantan<br>No:4804<br>Hex coord:(163;90),n/a,0,0,0,0,0,0,1,2022-12-30T20:35:46.2843024Z,0
4.843229,102.3421637,Daerah: Kelantan<br>No:4805<br>Hex coord:(164;90),n/a,0,0,0,0,0,0,1,2022-12-30T20:35:46.9619231Z,0
4.835449,102.3557104,Daerah: Kelantan<br>No:4806<br>Hex coord:(165;90),n/a,0,0,0,0,0,0,1,2022-12-30T20:35:47.6427767Z,0
4.843229,102.3692571,Daerah: Kelantan<br>No:4807<br>Hex coord:(166;90),n/a,0,0,0,0,0,0,1,2022-12-30T20:35:48.3156021Z,0
4.835449,102.3828038,Daerah: Kelantan<br>No:4808<br>Hex coord:(167;90),n/a,0,0,0,0,0,0,1,2022-12-30T20:35:48.9817257Z,0
4.843229,102.3963505,Daerah: Kelantan<br>No:4809<br>Hex coord:(168;90),n/a,0,0,0,0,0,0,1,2022-12-30T20:35:49.6564019Z,0
4.835449,102.4098972,Daerah: Kelantan<br>No:4810<br>Hex coord:(169;90),n/a,0,0,0,0,0,0,1,2022-12-30T20:35:50.3257679Z,0
4.843229,102.4234439,Daerah: Kelantan<br>No:4811<br>Hex coord:(170;90),n/a,0,0,0,0,0,0,1,2022-12-30T20:35:51.0096585Z,0
4.835449,102.4369906,Daerah: Kelantan<br>No:4812<br>Hex coord:(171;90),n/a,0,0,0,0,0,0,1,2022-12-30T20:35:51.6840995Z,0
4.843229,102.4505373,Daerah: Kelantan<br>No:4813<br>Hex coord:(172;90),n/a,0,0,0,0,0,0,1,2022-12-30T20:35:52.3515198Z,0
4.835449,102.464084,Daerah: Kelantan<br>No:4814<br>Hex coord:(173;90),n/a,0,0,0,0,0,0,1,2022-12-30T20:35:53.0240448Z,0
4.843229,102.4776307,Daerah: Kelantan<br>No:4815<br>Hex coord:(174;90),n/a,0,0,0,0,0,0,1,2022-12-30T20:35:53.6961003Z,0
4.835449,102.4911774,Daerah: Kelantan<br>No:4816<br>Hex coord:(175;90),n/a,0,0,0,0,0,0,1,2022-12-30T20:35:54.3661217Z,0
4.843229,102.5047241,Daerah: Kelantan<br>No:4817<br>Hex coord:(176;90),n/a,0,0,0,0,0,0,1,2022-12-30T20:35:55.0370153Z,0
4.835449,102.5182709,Daerah: Kelantan<br>No:4818<br>Hex coord:(177;90),n/a,0,0,0,0,0,0,1,2022-12-30T20:35:55.7065857Z,0
4.843229,102.5318176,Daerah: Kelantan<br>No:4819<br>Hex coord:(178;90),n/a,0,0,0,0,0,0,1,2022-12-30T20:35:56.3893197Z,0
4.835449,102.5453643,Daerah: Kelantan<br>No:4820<br>Hex coord:(179;90),n/a,0,0,0,0,0,0,1,2022-12-30T20:35:57.0696592Z,0
4.843229,102.558911,Daerah: Kelantan<br>No:4821<br>Hex coord:(180;90),n/a,0,0,0,0,0,0,1,2022-12-30T20:35:57.7467363Z,0
4.835449,102.5724577,Daerah: Kelantan<br>No:4822<br>Hex coord:(181;90),n/a,0,0,0,0,0,0,1,2022-12-30T20:35:58.4125245Z,0
4.843229,102.5860044,Daerah: Kelantan<br>No:4823<br>Hex coord:(182;90),n/a,0,0,0,0,0,0,1,2022-12-30T20:35:59.0833387Z,0
4.835449,102.5995511,Daerah: Kelantan<br>No:4824<br>Hex coord:(183;90),n/a,0,0,0,0,0,0,1,2022-12-30T20:35:59.7661224Z,0
4.843229,102.6130978,Daerah: Kelantan<br>No:4825<br>Hex coord:(184;90),n/a,0,0,0,0,0,0,1,2022-12-30T20:36:00.4413794Z,0
4.835449,102.6266445,Daerah: Kelantan<br>No:4826<br>Hex coord:(185;90),n/a,0,0,0,0,0,0,1,2022-12-30T20:36:01.1140344Z,0
4.843229,102.6401912,Daerah: Kelantan<br>No:4827<br>Hex coord:(186;90),n/a,0,0,0,0,0,0,1,2022-12-30T20:36:01.7940046Z,0
4.827669,101.4209877,Daerah: Kelantan<br>No:4828<br>Hex coord:(96;91),n/a,0,0,0,0,0,0,1,2022-12-30T20:36:02.4650507Z,0
4.819889,101.4345344,Daerah: Kelantan<br>No:4829<br>Hex coord:(97;91),n/a,0,0,0,0,0,0,1,2022-12-30T20:36:03.1501388Z,0
4.827669,101.4480811,Daerah: Kelantan<br>No:4830<br>Hex coord:(98;91),n/a,0,0,0,0,0,0,1,2022-12-30T20:36:03.8182540Z,0
4.819889,101.4616278,Daerah: Kelantan<br>No:4831<br>Hex coord:(99;91),n/a,0,0,0,0,0,0,1,2022-12-30T20:36:04.4990895Z,0
4.827669,101.4751745,Daerah: Kelantan<br>No:4832<br>Hex coord:(100;91),n/a,0,0,0,0,0,0,1,2022-12-30T20:36:05.1657323Z,0
4.819889,101.4887212,Daerah: Kelantan<br>No:4833<br>Hex coord:(101;91),n/a,0,0,0,0,0,0,1,2022-12-30T20:36:05.8463908Z,0
4.827669,101.502268,Daerah: Kelantan<br>No:4834<br>Hex coord:(102;91),n/a,0,0,0,0,0,0,1,2022-12-30T20:36:06.5183702Z,0
4.819889,101.5158147,Daerah: Kelantan<br>No:4835<br>Hex coord:(103;91),n/a,0,0,0,0,0,0,1,2022-12-30T20:36:07.1905288Z,0
4.827669,101.5293614,Daerah: Kelantan<br>No:4836<br>Hex coord:(104;91),n/a,0,0,0,0,0,0,1,2022-12-30T20:36:07.9423160Z,0
4.819889,101.5429081,Daerah: Kelantan<br>No:4837<br>Hex coord:(105;91),n/a,0,0,0,0,0,0,1,2022-12-30T20:36:08.6167834Z,0
4.827669,101.5564548,Daerah: Kelantan<br>No:4838<br>Hex coord:(106;91),n/a,0,0,0,0,0,0,1,2022-12-30T20:36:09.2874912Z,0
4.819889,101.5700015,Daerah: Kelantan<br>No:4839<br>Hex coord:(107;91),n/a,0,0,0,0,0,0,1,2022-12-30T20:36:09.9585583Z,0
4.827669,101.5835482,Daerah: Kelantan<br>No:4840<br>Hex coord:(108;91),n/a,0,0,0,0,0,0,1,2022-12-30T20:36:10.6254774Z,0
4.819889,101.5970949,Daerah: Kelantan<br>No:4841<br>Hex coord:(109;91),n/a,0,0,0,0,0,0,1,2022-12-30T20:36:11.3046664Z,0
4.827669,101.6106416,Daerah: Kelantan<br>No:4842<br>Hex coord:(110;91),n/a,0,0,0,0,0,0,1,2022-12-30T20:36:11.9767554Z,0
4.819889,101.6241883,Daerah: Kelantan<br>No:4843<br>Hex coord:(111;91),n/a,0,0,0,0,0,0,1,2022-12-30T20:36:12.6511510Z,0
4.827669,101.637735,Daerah: Kelantan<br>No:4844<br>Hex coord:(112;91),n/a,0,0,0,0,0,0,1,2022-12-30T20:36:13.3290343Z,0
4.819889,101.6512817,Daerah: Kelantan<br>No:4845<br>Hex coord:(113;91),n/a,0,0,0,0,0,0,1,2022-12-30T20:36:14.0072236Z,0
4.827669,101.6648284,Daerah: Kelantan<br>No:4846<br>Hex coord:(114;91),n/a,0,0,0,0,0,0,1,2022-12-30T20:36:14.6694517Z,0
4.819889,101.6783751,Daerah: Kelantan<br>No:4847<br>Hex coord:(115;91),n/a,0,0,0,0,0,0,1,2022-12-30T20:36:15.3426096Z,0
4.827669,101.6919218,Daerah: Kelantan<br>No:4848<br>Hex coord:(116;91),n/a,0,0,0,0,0,0,1,2022-12-30T20:36:16.0123630Z,0
4.819889,101.7054685,Daerah: Kelantan<br>No:4849<br>Hex coord:(117;91),n/a,0,0,0,0,0,0,1,2022-12-30T20:36:16.6868643Z,0
4.827669,101.7190152,Daerah: Kelantan<br>No:4850<br>Hex coord:(118;91),n/a,0,0,0,0,0,0,1,2022-12-30T20:36:17.3706368Z,0
4.819889,101.7325619,Daerah: Kelantan<br>No:4851<br>Hex coord:(119;91),n/a,0,0,0,0,0,0,1,2022-12-30T20:36:18.0415186Z,0
4.827669,101.7461086,Daerah: Kelantan<br>No:4852<br>Hex coord:(120;91),n/a,0,0,0,0,0,0,1,2022-12-30T20:36:18.7209007Z,0
4.819889,101.7596554,Daerah: Kelantan<br>No:4853<br>Hex coord:(121;91),n/a,0,0,0,0,0,0,1,2022-12-30T20:36:19.3928685Z,0
4.827669,101.7732021,Daerah: Kelantan<br>No:4854<br>Hex coord:(122;91),n/a,0,0,0,0,0,0,1,2022-12-30T20:36:20.0706054Z,0
4.819889,101.7867488,Daerah: Kelantan<br>No:4855<br>Hex coord:(123;91),n/a,0,0,0,0,0,0,1,2022-12-30T20:36:20.7450531Z,0
4.827669,101.8002955,Daerah: Kelantan<br>No:4856<br>Hex coord:(124;91),n/a,0,0,0,0,0,0,1,2022-12-30T20:36:21.4113432Z,0
4.819889,101.8138422,Daerah: Kelantan<br>No:4857<br>Hex coord:(125;91),n/a,0,0,0,0,0,0,1,2022-12-30T20:36:22.0787115Z,0
4.827669,101.8273889,Daerah: Kelantan<br>No:4858<br>Hex coord:(126;91),n/a,0,0,0,0,0,0,1,2022-12-30T20:36:22.7488147Z,0
4.819889,101.8409356,Daerah: Kelantan<br>No:4859<br>Hex coord:(127;91),n/a,0,0,0,0,0,0,1,2022-12-30T20:36:23.4160079Z,0
4.827669,101.8544823,Daerah: Kelantan<br>No:4860<br>Hex coord:(128;91),n/a,0,0,0,0,0,0,1,2022-12-30T20:36:24.1004287Z,0
4.819889,101.868029,Daerah: Kelantan<br>No:4861<br>Hex coord:(129;91),n/a,0,0,0,0,0,0,1,2022-12-30T20:36:24.7700167Z,0
4.827669,101.8815757,Daerah: Kelantan<br>No:4862<br>Hex coord:(130;91),n/a,0,0,0,0,0,0,1,2022-12-30T20:36:25.4397137Z,0
4.819889,101.8951224,Daerah: Kelantan<br>No:4863<br>Hex coord:(131;91),n/a,0,0,0,0,0,0,1,2022-12-30T20:36:26.1283878Z,0
4.827669,101.9086691,Daerah: Kelantan<br>No:4864<br>Hex coord:(132;91),n/a,0,0,0,0,0,0,1,2022-12-30T20:36:26.8039788Z,0
4.819889,101.9222158,Daerah: Kelantan<br>No:4865<br>Hex coord:(133;91),n/a,0,0,0,0,0,0,1,2022-12-30T20:36:27.4949907Z,0
4.827669,101.9357625,Daerah: Kelantan<br>No:4866<br>Hex coord:(134;91),n/a,0,0,0,0,0,0,1,2022-12-30T20:36:28.1745523Z,0
4.819889,101.9493092,Daerah: Kelantan<br>No:4867<br>Hex coord:(135;91),n/a,0,0,0,0,0,0,1,2022-12-30T20:36:28.8603624Z,0
4.827669,101.9628559,Daerah: Kelantan<br>No:4868<br>Hex coord:(136;91),n/a,0,0,0,0,0,0,1,2022-12-30T20:36:29.5519143Z,0
4.819889,101.9764026,Daerah: Kelantan<br>No:4869<br>Hex coord:(137;91),n/a,0,0,0,0,0,0,1,2022-12-30T20:36:30.2342912Z,0
4.827669,101.9899493,Daerah: Kelantan<br>No:4870<br>Hex coord:(138;91),n/a,0,0,0,0,0,0,1,2022-12-30T20:36:30.9302783Z,0
4.819889,102.003496,Daerah: Kelantan<br>No:4871<br>Hex coord:(139;91),n/a,0,0,0,0,0,0,1,2022-12-30T20:36:31.6092903Z,0
4.827669,102.0170428,Daerah: Kelantan<br>No:4872<br>Hex coord:(140;91),n/a,0,0,0,0,0,0,1,2022-12-30T20:36:32.2849334Z,0
4.819889,102.0305895,Daerah: Kelantan<br>No:4873<br>Hex coord:(141;91),n/a,0,0,0,0,0,0,1,2022-12-30T20:36:32.9521302Z,0
4.827669,102.0441362,Daerah: Kelantan<br>No:4874<br>Hex coord:(142;91),n/a,0,0,0,0,0,0,1,2022-12-30T20:36:33.6238146Z,0
4.819889,102.0576829,Daerah: Kelantan<br>No:4875<br>Hex coord:(143;91),n/a,0,0,0,0,0,0,1,2022-12-30T20:36:34.2939100Z,0
4.827669,102.0712296,Daerah: Kelantan<br>No:4876<br>Hex coord:(144;91),n/a,0,0,0,0,0,0,1,2022-12-30T20:36:34.9621320Z,0
4.819889,102.0847763,Daerah: Kelantan<br>No:4877<br>Hex coord:(145;91),n/a,0,0,0,0,0,0,1,2022-12-30T20:36:35.6334310Z,0
4.827669,102.098323,Daerah: Kelantan<br>No:4878<br>Hex coord:(146;91),n/a,0,0,0,0,0,0,1,2022-12-30T20:36:36.3037437Z,0
4.819889,102.1118697,Daerah: Kelantan<br>No:4879<br>Hex coord:(147;91),n/a,0,0,0,0,0,0,1,2022-12-30T20:36:36.9758444Z,0
4.827669,102.1254164,Daerah: Kelantan<br>No:4880<br>Hex coord:(148;91),n/a,0,0,0,0,0,0,1,2022-12-30T20:36:37.6477287Z,0
4.819889,102.1389631,Daerah: Kelantan<br>No:4881<br>Hex coord:(149;91),n/a,0,0,0,0,0,0,1,2022-12-30T20:36:38.3163709Z,0
4.827669,102.1525098,Daerah: Kelantan<br>No:4882<br>Hex coord:(150;91),n/a,0,0,0,0,0,0,1,2022-12-30T20:36:38.9919132Z,0
4.819889,102.1660565,Daerah: Kelantan<br>No:4883<br>Hex coord:(151;91),n/a,0,0,0,0,0,0,1,2022-12-30T20:36:39.6687497Z,0
4.827669,102.1796032,Daerah: Kelantan<br>No:4884<br>Hex coord:(152;91),n/a,0,0,0,0,0,0,1,2022-12-30T20:36:40.3407388Z,0
4.819889,102.1931499,Daerah: Kelantan<br>No:4885<br>Hex coord:(153;91),n/a,0,0,0,0,0,0,1,2022-12-30T20:36:41.0125923Z,0
4.827669,102.2066966,Daerah: Kelantan<br>No:4886<br>Hex coord:(154;91),n/a,0,0,0,0,0,0,1,2022-12-30T20:36:41.6921578Z,0
4.819889,102.2202433,Daerah: Kelantan<br>No:4887<br>Hex coord:(155;91),n/a,0,0,0,0,0,0,1,2022-12-30T20:36:42.3586134Z,0
4.827669,102.23379,Daerah: Kelantan<br>No:4888<br>Hex coord:(156;91),n/a,0,0,0,0,0,0,1,2022-12-30T20:36:43.0290145Z,0
4.819889,102.2473367,Daerah: Kelantan<br>No:4889<br>Hex coord:(157;91),n/a,0,0,0,0,0,0,1,2022-12-30T20:36:43.7091536Z,0
4.827669,102.2608835,Daerah: Kelantan<br>No:4890<br>Hex coord:(158;91),n/a,0,0,0,0,0,0,1,2022-12-30T20:36:44.3780003Z,0
4.819889,102.2744302,Daerah: Kelantan<br>No:4891<br>Hex coord:(159;91),n/a,0,0,0,0,0,0,1,2022-12-30T20:36:45.0591430Z,0
4.827669,102.2879769,Daerah: Kelantan<br>No:4892<br>Hex coord:(160;91),n/a,0,0,0,0,0,0,1,2022-12-30T20:36:45.7276545Z,0
4.819889,102.3015236,Daerah: Kelantan<br>No:4893<br>Hex coord:(161;91),n/a,0,0,0,0,0,0,1,2022-12-30T20:36:46.4007574Z,0
4.827669,102.3150703,Daerah: Kelantan<br>No:4894<br>Hex coord:(162;91),n/a,0,0,0,0,0,0,1,2022-12-30T20:36:47.0847351Z,0
4.819889,102.328617,Daerah: Kelantan<br>No:4895<br>Hex coord:(163;91),n/a,0,0,0,0,0,0,1,2022-12-30T20:36:47.7640248Z,0
4.827669,102.3421637,Daerah: Kelantan<br>No:4896<br>Hex coord:(164;91),n/a,0,0,0,0,0,0,1,2022-12-30T20:36:48.4349140Z,0
4.819889,102.3557104,Daerah: Kelantan<br>No:4897<br>Hex coord:(165;91),n/a,0,0,0,0,0,0,1,2022-12-30T20:36:49.1079480Z,0
4.827669,102.3692571,Daerah: Kelantan<br>No:4898<br>Hex coord:(166;91),n/a,0,0,0,0,0,0,1,2022-12-30T20:36:49.7799921Z,0
4.819889,102.3828038,Daerah: Kelantan<br>No:4899<br>Hex coord:(167;91),n/a,0,0,0,0,0,0,1,2022-12-30T20:36:50.4504496Z,0
4.827669,102.3963505,Daerah: Kelantan<br>No:4900<br>Hex coord:(168;91),n/a,0,0,0,0,0,0,1,2022-12-30T20:36:51.1172581Z,0
4.819889,102.4098972,Daerah: Kelantan<br>No:4901<br>Hex coord:(169;91),n/a,0,0,0,0,0,0,1,2022-12-30T20:36:51.7911557Z,0
4.827669,102.4234439,Daerah: Kelantan<br>No:4902<br>Hex coord:(170;91),n/a,0,0,0,0,0,0,1,2022-12-30T20:36:52.4630385Z,0
4.819889,102.4369906,Daerah: Kelantan<br>No:4903<br>Hex coord:(171;91),n/a,0,0,0,0,0,0,1,2022-12-30T20:36:53.1423328Z,0
4.827669,102.4505373,Daerah: Kelantan<br>No:4904<br>Hex coord:(172;91),n/a,0,0,0,0,0,0,1,2022-12-30T20:36:53.8205245Z,0
4.819889,102.464084,Daerah: Kelantan<br>No:4905<br>Hex coord:(173;91),n/a,0,0,0,0,0,0,1,2022-12-30T20:36:54.5050541Z,0
4.827669,102.4776307,Daerah: Kelantan<br>No:4906<br>Hex coord:(174;91),n/a,0,0,0,0,0,0,1,2022-12-30T20:36:55.1750475Z,0
4.819889,102.4911774,Daerah: Kelantan<br>No:4907<br>Hex coord:(175;91),n/a,0,0,0,0,0,0,1,2022-12-30T20:36:55.8430718Z,0
4.827669,102.5047241,Daerah: Kelantan<br>No:4908<br>Hex coord:(176;91),n/a,0,0,0,0,0,0,1,2022-12-30T20:36:56.5251338Z,0
4.819889,102.5182709,Daerah: Kelantan<br>No:4909<br>Hex coord:(177;91),n/a,0,0,0,0,0,0,1,2022-12-30T20:36:57.1952199Z,0
4.827669,102.5318176,Daerah: Kelantan<br>No:4910<br>Hex coord:(178;91),n/a,0,0,0,0,0,0,1,2022-12-30T20:36:57.8620491Z,0
4.819889,102.5453643,Daerah: Kelantan<br>No:4911<br>Hex coord:(179;91),n/a,0,0,0,0,0,0,1,2022-12-30T20:36:58.5374905Z,0
4.827669,102.558911,Daerah: Kelantan<br>No:4912<br>Hex coord:(180;91),n/a,0,0,0,0,0,0,1,2022-12-30T20:36:59.2072501Z,0
4.819889,102.5724577,Daerah: Kelantan<br>No:4913<br>Hex coord:(181;91),n/a,0,0,0,0,0,0,1,2022-12-30T20:36:59.8776455Z,0
4.827669,102.5860044,Daerah: Kelantan<br>No:4914<br>Hex coord:(182;91),n/a,0,0,0,0,0,0,1,2022-12-30T20:37:00.5477145Z,0
4.819889,102.5995511,Daerah: Kelantan<br>No:4915<br>Hex coord:(183;91),n/a,0,0,0,0,0,0,1,2022-12-30T20:37:01.2255209Z,0
4.827669,102.6130978,Daerah: Kelantan<br>No:4916<br>Hex coord:(184;91),n/a,0,0,0,0,0,0,1,2022-12-30T20:37:01.8985738Z,0
4.819889,102.6266445,Daerah: Kelantan<br>No:4917<br>Hex coord:(185;91),n/a,0,0,0,0,0,0,1,2022-12-30T20:37:02.5685062Z,0
4.827669,102.6401912,Daerah: Kelantan<br>No:4918<br>Hex coord:(186;91),n/a,0,0,0,0,0,0,1,2022-12-30T20:37:03.2441061Z,0
4.812109,101.4209877,Daerah: Kelantan<br>No:4919<br>Hex coord:(96;92),n/a,0,0,0,0,0,0,1,2022-12-30T20:37:03.9135189Z,0
4.804329,101.4345344,Daerah: Kelantan<br>No:4920<br>Hex coord:(97;92),n/a,0,0,0,0,0,0,1,2022-12-30T20:37:04.5775622Z,0
4.812109,101.4480811,Daerah: Kelantan<br>No:4921<br>Hex coord:(98;92),n/a,0,0,0,0,0,0,1,2022-12-30T20:37:05.2625712Z,0
4.804329,101.4616278,Daerah: Kelantan<br>No:4922<br>Hex coord:(99;92),n/a,0,0,0,0,0,0,1,2022-12-30T20:37:05.9310486Z,0
4.812109,101.4751745,Daerah: Kelantan<br>No:4923<br>Hex coord:(100;92),n/a,0,0,0,0,0,0,1,2022-12-30T20:37:06.6182770Z,0
4.804329,101.4887212,Daerah: Kelantan<br>No:4924<br>Hex coord:(101;92),n/a,0,0,0,0,0,0,1,2022-12-30T20:37:07.2833564Z,0
4.812109,101.502268,Daerah: Kelantan<br>No:4925<br>Hex coord:(102;92),n/a,0,0,0,0,0,0,1,2022-12-30T20:37:07.9566069Z,0
4.804329,101.5158147,Daerah: Kelantan<br>No:4926<br>Hex coord:(103;92),n/a,0,0,0,0,0,0,1,2022-12-30T20:37:08.6310187Z,0
4.812109,101.5293614,Daerah: Kelantan<br>No:4927<br>Hex coord:(104;92),n/a,0,0,0,0,0,0,1,2022-12-30T20:37:09.2983536Z,0
4.804329,101.5429081,Daerah: Kelantan<br>No:4928<br>Hex coord:(105;92),n/a,0,0,0,0,0,0,1,2022-12-30T20:37:09.9664801Z,0
4.812109,101.5564548,Daerah: Kelantan<br>No:4929<br>Hex coord:(106;92),n/a,0,0,0,0,0,0,1,2022-12-30T20:37:10.6372885Z,0
4.804329,101.5700015,Daerah: Kelantan<br>No:4930<br>Hex coord:(107;92),n/a,0,0,0,0,0,0,1,2022-12-30T20:37:11.3094055Z,0
4.812109,101.5835482,Daerah: Kelantan<br>No:4931<br>Hex coord:(108;92),n/a,0,0,0,0,0,0,1,2022-12-30T20:37:11.9755301Z,0
4.804329,101.5970949,Daerah: Kelantan<br>No:4932<br>Hex coord:(109;92),n/a,0,0,0,0,0,0,1,2022-12-30T20:37:12.6450866Z,0
4.812109,101.6106416,Daerah: Kelantan<br>No:4933<br>Hex coord:(110;92),n/a,0,0,0,0,0,0,1,2022-12-30T20:37:13.3149381Z,0
4.804329,101.6241883,Daerah: Kelantan<br>No:4934<br>Hex coord:(111;92),n/a,0,0,0,0,0,0,1,2022-12-30T20:37:13.9857041Z,0
4.812109,101.637735,Daerah: Kelantan<br>No:4935<br>Hex coord:(112;92),n/a,0,0,0,0,0,0,1,2022-12-30T20:37:14.6694176Z,0
4.804329,101.6512817,Daerah: Kelantan<br>No:4936<br>Hex coord:(113;92),n/a,0,0,0,0,0,0,1,2022-12-30T20:37:15.3380364Z,0
4.812109,101.6648284,Daerah: Kelantan<br>No:4937<br>Hex coord:(114;92),n/a,0,0,0,0,0,0,1,2022-12-30T20:37:16.0092082Z,0
4.804329,101.6783751,Daerah: Kelantan<br>No:4938<br>Hex coord:(115;92),n/a,0,0,0,0,0,0,1,2022-12-30T20:37:16.6903378Z,0
4.812109,101.6919218,Daerah: Kelantan<br>No:4939<br>Hex coord:(116;92),n/a,0,0,0,0,0,0,1,2022-12-30T20:37:17.3671957Z,0
4.804329,101.7054685,Daerah: Kelantan<br>No:4940<br>Hex coord:(117;92),n/a,0,0,0,0,0,0,1,2022-12-30T20:37:18.0326417Z,0
4.812109,101.7190152,Daerah: Kelantan<br>No:4941<br>Hex coord:(118;92),n/a,0,0,0,0,0,0,1,2022-12-30T20:37:18.7134781Z,0
4.804329,101.7325619,Daerah: Kelantan<br>No:4942<br>Hex coord:(119;92),n/a,0,0,0,0,0,0,1,2022-12-30T20:37:19.3926868Z,0
4.812109,101.7461086,Daerah: Kelantan<br>No:4943<br>Hex coord:(120;92),n/a,0,0,0,0,0,0,1,2022-12-30T20:37:20.0646378Z,0
4.804329,101.7596554,Daerah: Kelantan<br>No:4944<br>Hex coord:(121;92),n/a,0,0,0,0,0,0,1,2022-12-30T20:37:20.7332679Z,0
4.812109,101.7732021,Daerah: Kelantan<br>No:4945<br>Hex coord:(122;92),n/a,0,0,0,0,0,0,1,2022-12-30T20:37:21.4159056Z,0
4.804329,101.7867488,Daerah: Kelantan<br>No:4946<br>Hex coord:(123;92),n/a,0,0,0,0,0,0,1,2022-12-30T20:37:22.0900494Z,0
4.812109,101.8002955,Daerah: Kelantan<br>No:4947<br>Hex coord:(124;92),n/a,0,0,0,0,0,0,1,2022-12-30T20:37:22.7574941Z,0
4.804329,101.8138422,Daerah: Kelantan<br>No:4948<br>Hex coord:(125;92),n/a,0,0,0,0,0,0,1,2022-12-30T20:37:23.4342182Z,0
4.812109,101.8273889,Daerah: Kelantan<br>No:4949<br>Hex coord:(126;92),n/a,0,0,0,0,0,0,1,2022-12-30T20:37:24.1088958Z,0
4.804329,101.8409356,Daerah: Kelantan<br>No:4950<br>Hex coord:(127;92),n/a,0,0,0,0,0,0,1,2022-12-30T20:37:24.7854980Z,0
4.812109,101.8544823,Daerah: Kelantan<br>No:4951<br>Hex coord:(128;92),n/a,0,0,0,0,0,0,1,2022-12-30T20:37:25.4577314Z,0
4.804329,101.868029,Daerah: Kelantan<br>No:4952<br>Hex coord:(129;92),n/a,0,0,0,0,0,0,1,2022-12-30T20:37:26.1234714Z,0
4.812109,101.8815757,Daerah: Kelantan<br>No:4953<br>Hex coord:(130;92),n/a,0,0,0,0,0,0,1,2022-12-30T20:37:26.7991731Z,0
4.804329,101.8951224,Daerah: Kelantan<br>No:4954<br>Hex coord:(131;92),n/a,0,0,0,0,0,0,1,2022-12-30T20:37:27.4653109Z,0
4.812109,101.9086691,Daerah: Kelantan<br>No:4955<br>Hex coord:(132;92),n/a,0,0,0,0,0,0,1,2022-12-30T20:37:28.1431369Z,0
4.804329,101.9222158,Daerah: Kelantan<br>No:4956<br>Hex coord:(133;92),n/a,0,0,0,0,0,0,1,2022-12-30T20:37:28.8081358Z,0
4.812109,101.9357625,Daerah: Kelantan<br>No:4957<br>Hex coord:(134;92),n/a,0,0,0,0,0,0,1,2022-12-30T20:37:29.4979045Z,0
4.804329,101.9493092,Daerah: Kelantan<br>No:4958<br>Hex coord:(135;92),n/a,0,0,0,0,0,0,1,2022-12-30T20:37:30.1686615Z,0
4.812109,101.9628559,Daerah: Kelantan<br>No:4959<br>Hex coord:(136;92),n/a,0,0,0,0,0,0,1,2022-12-30T20:37:30.8457932Z,0
4.804329,101.9764026,Daerah: Kelantan<br>No:4960<br>Hex coord:(137;92),n/a,0,0,0,0,0,0,1,2022-12-30T20:37:31.5435599Z,0
4.812109,101.9899493,Daerah: Kelantan<br>No:4961<br>Hex coord:(138;92),n/a,0,0,0,0,0,0,1,2022-12-30T20:37:32.2158544Z,0
4.804329,102.003496,Daerah: Kelantan<br>No:4962<br>Hex coord:(139;92),n/a,0,0,0,0,0,0,1,2022-12-30T20:37:32.8939000Z,0
4.812109,102.0170428,Daerah: Kelantan<br>No:4963<br>Hex coord:(140;92),n/a,0,0,0,0,0,0,1,2022-12-30T20:37:33.5610771Z,0
4.804329,102.0305895,Daerah: Kelantan<br>No:4964<br>Hex coord:(141;92),n/a,0,0,0,0,0,0,1,2022-12-30T20:37:34.2378378Z,0
4.812109,102.0441362,Daerah: Kelantan<br>No:4965<br>Hex coord:(142;92),n/a,0,0,0,0,0,0,1,2022-12-30T20:37:34.9180231Z,0
4.804329,102.0576829,Daerah: Kelantan<br>No:4966<br>Hex coord:(143;92),n/a,0,0,0,0,0,0,1,2022-12-30T20:37:35.5982367Z,0
4.812109,102.0712296,Daerah: Kelantan<br>No:4967<br>Hex coord:(144;92),n/a,0,0,0,0,0,0,1,2022-12-30T20:37:36.2765559Z,0
4.804329,102.0847763,Daerah: Kelantan<br>No:4968<br>Hex coord:(145;92),n/a,0,0,0,0,0,0,1,2022-12-30T20:37:36.9507124Z,0
4.812109,102.098323,Daerah: Kelantan<br>No:4969<br>Hex coord:(146;92),n/a,0,0,0,0,0,0,1,2022-12-30T20:37:37.6159150Z,0
4.804329,102.1118697,Daerah: Kelantan<br>No:4970<br>Hex coord:(147;92),n/a,0,0,0,0,0,0,1,2022-12-30T20:37:38.2984733Z,0
4.812109,102.1254164,Daerah: Kelantan<br>No:4971<br>Hex coord:(148;92),n/a,0,0,0,0,0,0,1,2022-12-30T20:37:38.9620805Z,0
4.804329,102.1389631,Daerah: Kelantan<br>No:4972<br>Hex coord:(149;92),n/a,0,0,0,0,0,0,1,2022-12-30T20:37:39.6318809Z,0
4.812109,102.1525098,Daerah: Kelantan<br>No:4973<br>Hex coord:(150;92),n/a,0,0,0,0,0,0,1,2022-12-30T20:37:40.3075767Z,0
4.804329,102.1660565,Daerah: Kelantan<br>No:4974<br>Hex coord:(151;92),n/a,0,0,0,0,0,0,1,2022-12-30T20:37:40.9891439Z,0
4.812109,102.1796032,Daerah: Kelantan<br>No:4975<br>Hex coord:(152;92),n/a,0,0,0,0,0,0,1,2022-12-30T20:37:41.6645670Z,0
4.804329,102.1931499,Daerah: Kelantan<br>No:4976<br>Hex coord:(153;92),n/a,0,0,0,0,0,0,1,2022-12-30T20:37:42.3462027Z,0
4.812109,102.2066966,Daerah: Kelantan<br>No:4977<br>Hex coord:(154;92),n/a,0,0,0,0,0,0,1,2022-12-30T20:37:43.0215866Z,0
4.804329,102.2202433,Daerah: Kelantan<br>No:4978<br>Hex coord:(155;92),n/a,0,0,0,0,0,0,1,2022-12-30T20:37:43.7000008Z,0
4.812109,102.23379,Daerah: Kelantan<br>No:4979<br>Hex coord:(156;92),n/a,0,0,0,0,0,0,1,2022-12-30T20:37:44.6171573Z,0
4.804329,102.2473367,Daerah: Kelantan<br>No:4980<br>Hex coord:(157;92),n/a,0,0,0,0,0,0,1,2022-12-30T20:37:45.2965970Z,0
4.812109,102.2608835,Daerah: Kelantan<br>No:4981<br>Hex coord:(158;92),n/a,0,0,0,0,0,0,1,2022-12-30T20:37:45.9625468Z,0
4.804329,102.2744302,Daerah: Kelantan<br>No:4982<br>Hex coord:(159;92),n/a,0,0,0,0,0,0,1,2022-12-30T20:37:46.6511539Z,0
4.812109,102.2879769,Daerah: Kelantan<br>No:4983<br>Hex coord:(160;92),n/a,0,0,0,0,0,0,1,2022-12-30T20:37:47.3218909Z,0
4.804329,102.3015236,Daerah: Kelantan<br>No:4984<br>Hex coord:(161;92),n/a,0,0,0,0,0,0,1,2022-12-30T20:37:48.0011052Z,0
4.812109,102.3150703,Daerah: Kelantan<br>No:4985<br>Hex coord:(162;92),n/a,0,0,0,0,0,0,1,2022-12-30T20:37:48.6765857Z,0
4.804329,102.328617,Daerah: Kelantan<br>No:4986<br>Hex coord:(163;92),n/a,0,0,0,0,0,0,1,2022-12-30T20:37:49.3485692Z,0
4.812109,102.3421637,Daerah: Kelantan<br>No:4987<br>Hex coord:(164;92),n/a,0,0,0,0,0,0,1,2022-12-30T20:37:50.0157808Z,0
4.804329,102.3557104,Daerah: Kelantan<br>No:4988<br>Hex coord:(165;92),n/a,0,0,0,0,0,0,1,2022-12-30T20:37:50.6843332Z,0
4.812109,102.3692571,Daerah: Kelantan<br>No:4989<br>Hex coord:(166;92),n/a,0,0,0,0,0,0,1,2022-12-30T20:37:53.5833852Z,0
4.804329,102.3828038,Daerah: Kelantan<br>No:4990<br>Hex coord:(167;92),n/a,0,0,0,0,0,0,1,2022-12-30T20:37:54.2495137Z,0
4.812109,102.3963505,Daerah: Kelantan<br>No:4991<br>Hex coord:(168;92),n/a,0,0,0,0,0,0,1,2022-12-30T20:37:54.9190209Z,0
4.804329,102.4098972,Daerah: Kelantan<br>No:4992<br>Hex coord:(169;92),n/a,0,0,0,0,0,0,1,2022-12-30T20:37:55.5923740Z,0
4.812109,102.4234439,Daerah: Kelantan<br>No:4993<br>Hex coord:(170;92),n/a,0,0,0,0,0,0,1,2022-12-30T20:37:56.2690632Z,0
4.804329,102.4369906,Daerah: Kelantan<br>No:4994<br>Hex coord:(171;92),n/a,0,0,0,0,0,0,1,2022-12-30T20:37:56.9445450Z,0
4.812109,102.4505373,Daerah: Kelantan<br>No:4995<br>Hex coord:(172;92),n/a,0,0,0,0,0,0,1,2022-12-30T20:37:57.6117255Z,0
4.804329,102.464084,Daerah: Kelantan<br>No:4996<br>Hex coord:(173;92),n/a,0,0,0,0,0,0,1,2022-12-30T20:37:58.2825470Z,0
4.812109,102.4776307,Daerah: Kelantan<br>No:4997<br>Hex coord:(174;92),n/a,0,0,0,0,0,0,1,2022-12-30T20:37:58.9533331Z,0
4.804329,102.4911774,Daerah: Kelantan<br>No:4998<br>Hex coord:(175;92),n/a,0,0,0,0,0,0,1,2022-12-30T20:37:59.6219818Z,0
4.812109,102.5047241,Daerah: Kelantan<br>No:4999<br>Hex coord:(176;92),n/a,0,0,0,0,0,0,1,2022-12-30T20:38:00.3049731Z,0
4.804329,102.5182709,Daerah: Kelantan<br>No:5000<br>Hex coord:(177;92),n/a,0,0,0,0,0,0,1,2022-12-30T20:38:00.9797292Z,0
4.812109,102.5318176,Daerah: Kelantan<br>No:5001<br>Hex coord:(178;92),n/a,0,0,0,0,0,0,1,2022-12-30T20:38:01.7737031Z,0
4.804329,102.5453643,Daerah: Kelantan<br>No:5002<br>Hex coord:(179;92),n/a,0,0,0,0,0,0,1,2022-12-30T20:38:02.4528715Z,0
4.812109,102.558911,Daerah: Kelantan<br>No:5003<br>Hex coord:(180;92),n/a,0,0,0,0,0,0,1,2022-12-30T20:38:03.1356693Z,0
4.804329,102.5724577,Daerah: Kelantan<br>No:5004<br>Hex coord:(181;92),n/a,0,0,0,0,0,0,1,2022-12-30T20:38:03.8051934Z,0
4.812109,102.5860044,Daerah: Kelantan<br>No:5005<br>Hex coord:(182;92),n/a,0,0,0,0,0,0,1,2022-12-30T20:38:04.4798232Z,0
4.804329,102.5995511,Daerah: Kelantan<br>No:5006<br>Hex coord:(183;92),n/a,0,0,0,0,0,0,1,2022-12-30T20:38:05.1515507Z,0
4.812109,102.6130978,Daerah: Kelantan<br>No:5007<br>Hex coord:(184;92),n/a,0,0,0,0,0,0,1,2022-12-30T20:38:05.8437987Z,0
4.804329,102.6266445,Daerah: Kelantan<br>No:5008<br>Hex coord:(185;92),n/a,0,0,0,0,0,0,1,2022-12-30T20:38:06.5147062Z,0
4.812109,102.6401912,Daerah: Kelantan<br>No:5009<br>Hex coord:(186;92),n/a,0,0,0,0,0,0,1,2022-12-30T20:38:07.1857765Z,0
4.804329,102.6537379,Daerah: Kelantan<br>No:5010<br>Hex coord:(187;92),n/a,0,0,0,0,0,0,1,2022-12-30T20:38:07.8516728Z,0
4.788769,101.407441,Daerah: Kelantan<br>No:5011<br>Hex coord:(95;93),n/a,0,0,0,0,0,0,1,2022-12-30T20:38:08.5372533Z,0
4.796549,101.4209877,Daerah: Kelantan<br>No:5012<br>Hex coord:(96;93),n/a,0,0,0,0,0,0,1,2022-12-30T20:38:09.2063599Z,0
4.788769,101.4345344,Daerah: Kelantan<br>No:5013<br>Hex coord:(97;93),n/a,0,0,0,0,0,0,1,2022-12-30T20:38:09.8737224Z,0
4.796549,101.4480811,Daerah: Kelantan<br>No:5014<br>Hex coord:(98;93),n/a,0,0,0,0,0,0,1,2022-12-30T20:38:10.5423589Z,0
4.788769,101.4616278,Daerah: Kelantan<br>No:5015<br>Hex coord:(99;93),n/a,0,0,0,0,0,0,1,2022-12-30T20:38:11.2189253Z,0
4.796549,101.4751745,Daerah: Kelantan<br>No:5016<br>Hex coord:(100;93),n/a,0,0,0,0,0,0,1,2022-12-30T20:38:11.8992846Z,0
4.788769,101.4887212,Daerah: Kelantan<br>No:5017<br>Hex coord:(101;93),n/a,0,0,0,0,0,0,1,2022-12-30T20:38:12.5734946Z,0
4.796549,101.502268,Daerah: Kelantan<br>No:5018<br>Hex coord:(102;93),n/a,0,0,0,0,0,0,1,2022-12-30T20:38:13.2479912Z,0
4.788769,101.5158147,Daerah: Kelantan<br>No:5019<br>Hex coord:(103;93),n/a,0,0,0,0,0,0,1,2022-12-30T20:38:13.9178499Z,0
4.796549,101.5293614,Daerah: Kelantan<br>No:5020<br>Hex coord:(104;93),n/a,0,0,0,0,0,0,1,2022-12-30T20:38:14.5931065Z,0
4.788769,101.5429081,Daerah: Kelantan<br>No:5021<br>Hex coord:(105;93),n/a,0,0,0,0,0,0,1,2022-12-30T20:38:15.2654059Z,0
4.796549,101.5564548,Daerah: Kelantan<br>No:5022<br>Hex coord:(106;93),n/a,0,0,0,0,0,0,1,2022-12-30T20:38:15.9337560Z,0
4.788769,101.5700015,Daerah: Kelantan<br>No:5023<br>Hex coord:(107;93),n/a,0,0,0,0,0,0,1,2022-12-30T20:38:16.6164093Z,0
4.796549,101.5835482,Daerah: Kelantan<br>No:5024<br>Hex coord:(108;93),n/a,0,0,0,0,0,0,1,2022-12-30T20:38:17.2849500Z,0
4.788769,101.5970949,Daerah: Kelantan<br>No:5025<br>Hex coord:(109;93),n/a,0,0,0,0,0,0,1,2022-12-30T20:38:17.9553068Z,0
4.796549,101.6106416,Daerah: Kelantan<br>No:5026<br>Hex coord:(110;93),n/a,0,0,0,0,0,0,1,2022-12-30T20:38:18.6361734Z,0
4.788769,101.6241883,Daerah: Kelantan<br>No:5027<br>Hex coord:(111;93),n/a,0,0,0,0,0,0,1,2022-12-30T20:38:19.3080626Z,0
4.796549,101.637735,Daerah: Kelantan<br>No:5028<br>Hex coord:(112;93),n/a,0,0,0,0,0,0,1,2022-12-30T20:38:19.9886690Z,0
4.788769,101.6512817,Daerah: Kelantan<br>No:5029<br>Hex coord:(113;93),n/a,0,0,0,0,0,0,1,2022-12-30T20:38:20.6553675Z,0
4.796549,101.6648284,Daerah: Kelantan<br>No:5030<br>Hex coord:(114;93),n/a,0,0,0,0,0,0,1,2022-12-30T20:38:21.3208202Z,0
4.788769,101.6783751,Daerah: Kelantan<br>No:5031<br>Hex coord:(115;93),n/a,0,0,0,0,0,0,1,2022-12-30T20:38:21.9961806Z,0
4.796549,101.6919218,Daerah: Kelantan<br>No:5032<br>Hex coord:(116;93),n/a,0,0,0,0,0,0,1,2022-12-30T20:38:22.7098774Z,0
4.788769,101.7054685,Daerah: Kelantan<br>No:5033<br>Hex coord:(117;93),n/a,0,0,0,0,0,0,1,2022-12-30T20:38:23.3808855Z,0
4.796549,101.7190152,Daerah: Kelantan<br>No:5034<br>Hex coord:(118;93),n/a,0,0,0,0,0,0,1,2022-12-30T20:38:24.0584711Z,0
4.788769,101.7325619,Daerah: Kelantan<br>No:5035<br>Hex coord:(119;93),n/a,0,0,0,0,0,0,1,2022-12-30T20:38:24.7450131Z,0
4.796549,101.7461086,Daerah: Kelantan<br>No:5036<br>Hex coord:(120;93),n/a,0,0,0,0,0,0,1,2022-12-30T20:38:25.4215948Z,0
4.788769,101.7596554,Daerah: Kelantan<br>No:5037<br>Hex coord:(121;93),n/a,0,0,0,0,0,0,1,2022-12-30T20:38:26.1081001Z,0
4.796549,101.7732021,Daerah: Kelantan<br>No:5038<br>Hex coord:(122;93),n/a,0,0,0,0,0,0,1,2022-12-30T20:38:26.7850513Z,0
4.788769,101.7867488,Daerah: Kelantan<br>No:5039<br>Hex coord:(123;93),n/a,0,0,0,0,0,0,1,2022-12-30T20:38:27.4592485Z,0
4.796549,101.8002955,Daerah: Kelantan<br>No:5040<br>Hex coord:(124;93),n/a,0,0,0,0,0,0,1,2022-12-30T20:38:28.1360760Z,0
4.788769,101.8138422,Daerah: Kelantan<br>No:5041<br>Hex coord:(125;93),n/a,0,0,0,0,0,0,1,2022-12-30T20:38:28.8187853Z,0
4.796549,101.8273889,Daerah: Kelantan<br>No:5042<br>Hex coord:(126;93),n/a,0,0,0,0,0,0,1,2022-12-30T20:38:29.4931273Z,0
4.788769,101.8409356,Daerah: Kelantan<br>No:5043<br>Hex coord:(127;93),n/a,0,0,0,0,0,0,1,2022-12-30T20:38:30.1675765Z,0
4.796549,101.8544823,Daerah: Kelantan<br>No:5044<br>Hex coord:(128;93),n/a,0,0,0,0,0,0,1,2022-12-30T20:38:30.8468154Z,0
4.788769,101.868029,Daerah: Kelantan<br>No:5045<br>Hex coord:(129;93),n/a,0,0,0,0,0,0,1,2022-12-30T20:38:31.5298347Z,0
4.796549,101.8815757,Daerah: Kelantan<br>No:5046<br>Hex coord:(130;93),n/a,0,0,0,0,0,0,1,2022-12-30T20:38:32.2086682Z,0
4.788769,101.8951224,Daerah: Kelantan<br>No:5047<br>Hex coord:(131;93),n/a,0,0,0,0,0,0,1,2022-12-30T20:38:32.8786872Z,0
4.796549,101.9086691,Daerah: Kelantan<br>No:5048<br>Hex coord:(132;93),n/a,0,0,0,0,0,0,1,2022-12-30T20:38:33.5589362Z,0
4.788769,101.9222158,Daerah: Kelantan<br>No:5049<br>Hex coord:(133;93),n/a,0,0,0,0,0,0,1,2022-12-30T20:38:34.2381439Z,0
4.796549,101.9357625,Daerah: Kelantan<br>No:5050<br>Hex coord:(134;93),n/a,0,0,0,0,0,0,1,2022-12-30T20:38:34.9055674Z,0
4.788769,101.9493092,Daerah: Kelantan<br>No:5051<br>Hex coord:(135;93),n/a,0,0,0,0,0,0,1,2022-12-30T20:38:35.5865756Z,0
4.796549,101.9628559,Daerah: Kelantan<br>No:5052<br>Hex coord:(136;93),n/a,0,0,0,0,0,0,1,2022-12-30T20:38:36.2704572Z,0
4.788769,101.9764026,Daerah: Kelantan<br>No:5053<br>Hex coord:(137;93),n/a,0,0,0,0,0,0,1,2022-12-30T20:38:36.9528057Z,0
4.796549,101.9899493,Daerah: Kelantan<br>No:5054<br>Hex coord:(138;93),n/a,0,0,0,0,0,0,1,2022-12-30T20:38:37.6310273Z,0
4.788769,102.003496,Daerah: Kelantan<br>No:5055<br>Hex coord:(139;93),n/a,0,0,0,0,0,0,1,2022-12-30T20:38:38.2985623Z,0
4.796549,102.0170428,Daerah: Kelantan<br>No:5056<br>Hex coord:(140;93),n/a,0,0,0,0,0,0,1,2022-12-30T20:38:38.9836462Z,0
4.788769,102.0305895,Daerah: Kelantan<br>No:5057<br>Hex coord:(141;93),n/a,0,0,0,0,0,0,1,2022-12-30T20:38:39.6770815Z,0
4.796549,102.0441362,Daerah: Kelantan<br>No:5058<br>Hex coord:(142;93),n/a,0,0,0,0,0,0,1,2022-12-30T20:38:40.3444555Z,0
4.788769,102.0576829,Daerah: Kelantan<br>No:5059<br>Hex coord:(143;93),n/a,0,0,0,0,0,0,1,2022-12-30T20:38:41.0269855Z,0
4.796549,102.0712296,Daerah: Kelantan<br>No:5060<br>Hex coord:(144;93),n/a,0,0,0,0,0,0,1,2022-12-30T20:38:41.7037882Z,0
4.788769,102.0847763,Daerah: Kelantan<br>No:5061<br>Hex coord:(145;93),n/a,0,0,0,0,0,0,1,2022-12-30T20:38:42.3853463Z,0
4.796549,102.098323,Daerah: Kelantan<br>No:5062<br>Hex coord:(146;93),n/a,0,0,0,0,0,0,1,2022-12-30T20:38:43.0576046Z,0
4.788769,102.1118697,Daerah: Kelantan<br>No:5063<br>Hex coord:(147;93),n/a,0,0,0,0,0,0,1,2022-12-30T20:38:43.7376477Z,0
4.796549,102.1254164,Daerah: Kelantan<br>No:5064<br>Hex coord:(148;93),n/a,0,0,0,0,0,0,1,2022-12-30T20:38:44.4132375Z,0
4.788769,102.1389631,Daerah: Kelantan<br>No:5065<br>Hex coord:(149;93),n/a,0,0,0,0,0,0,1,2022-12-30T20:38:45.1056000Z,0
4.796549,102.1525098,Daerah: Kelantan<br>No:5066<br>Hex coord:(150;93),n/a,0,0,0,0,0,0,1,2022-12-30T20:38:45.7966479Z,0
4.788769,102.1660565,Daerah: Kelantan<br>No:5067<br>Hex coord:(151;93),n/a,0,0,0,0,0,0,1,2022-12-30T20:38:46.4879894Z,0
4.796549,102.1796032,Daerah: Kelantan<br>No:5068<br>Hex coord:(152;93),n/a,0,0,0,0,0,0,1,2022-12-30T20:38:47.1672734Z,0
4.788769,102.1931499,Daerah: Kelantan<br>No:5069<br>Hex coord:(153;93),n/a,0,0,0,0,0,0,1,2022-12-30T20:38:47.8472448Z,0
4.796549,102.2066966,Daerah: Kelantan<br>No:5070<br>Hex coord:(154;93),n/a,0,0,0,0,0,0,1,2022-12-30T20:38:48.5241655Z,0
4.788769,102.2202433,Daerah: Kelantan<br>No:5071<br>Hex coord:(155;93),n/a,0,0,0,0,0,0,1,2022-12-30T20:38:49.1969211Z,0
4.796549,102.23379,Daerah: Kelantan<br>No:5072<br>Hex coord:(156;93),n/a,0,0,0,0,0,0,1,2022-12-30T20:38:49.8788637Z,0
4.788769,102.2473367,Daerah: Kelantan<br>No:5073<br>Hex coord:(157;93),n/a,0,0,0,0,0,0,1,2022-12-30T20:38:50.5591043Z,0
4.796549,102.2608835,Daerah: Kelantan<br>No:5074<br>Hex coord:(158;93),n/a,0,0,0,0,0,0,1,2022-12-30T20:38:51.2383924Z,0
4.788769,102.2744302,Daerah: Kelantan<br>No:5075<br>Hex coord:(159;93),n/a,0,0,0,0,0,0,1,2022-12-30T20:38:51.9221726Z,0
4.796549,102.2879769,Daerah: Kelantan<br>No:5076<br>Hex coord:(160;93),n/a,0,0,0,0,0,0,1,2022-12-30T20:38:52.5955198Z,0
4.788769,102.3015236,Daerah: Kelantan<br>No:5077<br>Hex coord:(161;93),n/a,0,0,0,0,0,0,1,2022-12-30T20:38:53.2656482Z,0
4.796549,102.3150703,Daerah: Kelantan<br>No:5078<br>Hex coord:(162;93),n/a,0,0,0,0,0,0,1,2022-12-30T20:38:53.9418154Z,0
4.788769,102.328617,Daerah: Kelantan<br>No:5079<br>Hex coord:(163;93),n/a,0,0,0,0,0,0,1,2022-12-30T20:38:54.6186377Z,0
4.796549,102.3421637,Daerah: Kelantan<br>No:5080<br>Hex coord:(164;93),n/a,0,0,0,0,0,0,1,2022-12-30T20:38:55.2928997Z,0
4.788769,102.3557104,Daerah: Kelantan<br>No:5081<br>Hex coord:(165;93),n/a,0,0,0,0,0,0,1,2022-12-30T20:38:55.9744349Z,0
4.796549,102.3692571,Daerah: Kelantan<br>No:5082<br>Hex coord:(166;93),n/a,0,0,0,0,0,0,1,2022-12-30T20:38:56.6381686Z,0
4.788769,102.3828038,Daerah: Kelantan<br>No:5083<br>Hex coord:(167;93),n/a,0,0,0,0,0,0,1,2022-12-30T20:38:57.3186636Z,0
4.796549,102.3963505,Daerah: Kelantan<br>No:5084<br>Hex coord:(168;93),n/a,0,0,0,0,0,0,1,2022-12-30T20:38:57.9989706Z,0
4.788769,102.4098972,Daerah: Kelantan<br>No:5085<br>Hex coord:(169;93),n/a,0,0,0,0,0,0,1,2022-12-30T20:38:58.6807188Z,0
4.796549,102.4234439,Daerah: Kelantan<br>No:5086<br>Hex coord:(170;93),n/a,0,0,0,0,0,0,1,2022-12-30T20:38:59.3584221Z,0
4.788769,102.4369906,Daerah: Kelantan<br>No:5087<br>Hex coord:(171;93),n/a,0,0,0,0,0,0,1,2022-12-30T20:39:00.0260281Z,0
4.796549,102.4505373,Daerah: Kelantan<br>No:5088<br>Hex coord:(172;93),n/a,0,0,0,0,0,0,1,2022-12-30T20:39:00.7061326Z,0
4.788769,102.464084,Daerah: Kelantan<br>No:5089<br>Hex coord:(173;93),n/a,0,0,0,0,0,0,1,2022-12-30T20:39:01.3852301Z,0
4.796549,102.4776307,Daerah: Kelantan<br>No:5090<br>Hex coord:(174;93),n/a,0,0,0,0,0,0,1,2022-12-30T20:39:02.0584846Z,0
4.788769,102.4911774,Daerah: Kelantan<br>No:5091<br>Hex coord:(175;93),n/a,0,0,0,0,0,0,1,2022-12-30T20:39:02.7365111Z,0
4.796549,102.5047241,Daerah: Kelantan<br>No:5092<br>Hex coord:(176;93),n/a,0,0,0,0,0,0,1,2022-12-30T20:39:03.4180253Z,0
4.788769,102.5182709,Daerah: Kelantan<br>No:5093<br>Hex coord:(177;93),n/a,0,0,0,0,0,0,1,2022-12-30T20:39:04.0931742Z,0
4.796549,102.5318176,Daerah: Kelantan<br>No:5094<br>Hex coord:(178;93),n/a,0,0,0,0,0,0,1,2022-12-30T20:39:04.7712541Z,0
4.788769,102.5453643,Daerah: Kelantan<br>No:5095<br>Hex coord:(179;93),n/a,0,0,0,0,0,0,1,2022-12-30T20:39:05.4505710Z,0
4.796549,102.558911,Daerah: Kelantan<br>No:5096<br>Hex coord:(180;93),n/a,0,0,0,0,0,0,1,2022-12-30T20:39:06.1262705Z,0
4.788769,102.5724577,Daerah: Kelantan<br>No:5097<br>Hex coord:(181;93),n/a,0,0,0,0,0,0,1,2022-12-30T20:39:06.8077657Z,0
4.796549,102.5860044,Daerah: Kelantan<br>No:5098<br>Hex coord:(182;93),n/a,0,0,0,0,0,0,1,2022-12-30T20:39:07.4907112Z,0
4.788769,102.5995511,Daerah: Kelantan<br>No:5099<br>Hex coord:(183;93),n/a,0,0,0,0,0,0,1,2022-12-30T20:39:08.1768257Z,0
4.796549,102.6130978,Daerah: Kelantan<br>No:5100<br>Hex coord:(184;93),n/a,0,0,0,0,0,0,1,2022-12-30T20:39:08.8488551Z,0
4.788769,102.6266445,Daerah: Kelantan<br>No:5101<br>Hex coord:(185;93),n/a,0,0,0,0,0,0,1,2022-12-30T20:39:09.5199202Z,0
4.796549,102.6401912,Daerah: Kelantan<br>No:5102<br>Hex coord:(186;93),n/a,0,0,0,0,0,0,1,2022-12-30T20:39:10.1916456Z,0
4.788769,102.6537379,Daerah: Kelantan<br>No:5103<br>Hex coord:(187;93),n/a,0,0,0,0,0,0,1,2022-12-30T20:39:10.8709060Z,0
4.773209,101.407441,Daerah: Kelantan<br>No:5104<br>Hex coord:(95;94),n/a,0,0,0,0,0,0,1,2022-12-30T20:39:11.5532460Z,0
4.780989,101.4209877,Daerah: Kelantan<br>No:5105<br>Hex coord:(96;94),n/a,0,0,0,0,0,0,1,2022-12-30T20:39:12.2294002Z,0
4.773209,101.4345344,Daerah: Kelantan<br>No:5106<br>Hex coord:(97;94),n/a,0,0,0,0,0,0,1,2022-12-30T20:39:12.9056603Z,0
4.780989,101.4480811,Daerah: Kelantan<br>No:5107<br>Hex coord:(98;94),n/a,0,0,0,0,0,0,1,2022-12-30T20:39:13.5887351Z,0
4.773209,101.4616278,Daerah: Kelantan<br>No:5108<br>Hex coord:(99;94),n/a,0,0,0,0,0,0,1,2022-12-30T20:39:14.2679702Z,0
4.780989,101.4751745,Daerah: Kelantan<br>No:5109<br>Hex coord:(100;94),n/a,0,0,0,0,0,0,1,2022-12-30T20:39:14.9387810Z,0
4.773209,101.4887212,Daerah: Kelantan<br>No:5110<br>Hex coord:(101;94),n/a,0,0,0,0,0,0,1,2022-12-30T20:39:15.6249834Z,0
4.780989,101.502268,Daerah: Kelantan<br>No:5111<br>Hex coord:(102;94),n/a,0,0,0,0,0,0,1,2022-12-30T20:39:16.2993904Z,0
4.773209,101.5158147,Daerah: Kelantan<br>No:5112<br>Hex coord:(103;94),n/a,0,0,0,0,0,0,1,2022-12-30T20:39:16.9725734Z,0
4.780989,101.5293614,Daerah: Kelantan<br>No:5113<br>Hex coord:(104;94),n/a,0,0,0,0,0,0,1,2022-12-30T20:39:17.6493100Z,0
4.773209,101.5429081,Daerah: Kelantan<br>No:5114<br>Hex coord:(105;94),n/a,0,0,0,0,0,0,1,2022-12-30T20:39:18.3213220Z,0
4.780989,101.5564548,Daerah: Kelantan<br>No:5115<br>Hex coord:(106;94),n/a,0,0,0,0,0,0,1,2022-12-30T20:39:18.9898513Z,0
4.773209,101.5700015,Daerah: Kelantan<br>No:5116<br>Hex coord:(107;94),n/a,0,0,0,0,0,0,1,2022-12-30T20:39:19.6642571Z,0
4.780989,101.5835482,Daerah: Kelantan<br>No:5117<br>Hex coord:(108;94),n/a,0,0,0,0,0,0,1,2022-12-30T20:39:20.3351673Z,0
4.773209,101.5970949,Daerah: Kelantan<br>No:5118<br>Hex coord:(109;94),n/a,0,0,0,0,0,0,1,2022-12-30T20:39:21.0153453Z,0
4.780989,101.6106416,Daerah: Kelantan<br>No:5119<br>Hex coord:(110;94),n/a,0,0,0,0,0,0,1,2022-12-30T20:39:21.6874674Z,0
4.773209,101.6241883,Daerah: Kelantan<br>No:5120<br>Hex coord:(111;94),n/a,0,0,0,0,0,0,1,2022-12-30T20:39:22.3559546Z,0
4.780989,101.637735,Daerah: Kelantan<br>No:5121<br>Hex coord:(112;94),n/a,0,0,0,0,0,0,1,2022-12-30T20:39:23.0243380Z,0
4.773209,101.6512817,Daerah: Kelantan<br>No:5122<br>Hex coord:(113;94),n/a,0,0,0,0,0,0,1,2022-12-30T20:39:23.6987657Z,0
4.780989,101.6648284,Daerah: Kelantan<br>No:5123<br>Hex coord:(114;94),n/a,0,0,0,0,0,0,1,2022-12-30T20:39:24.3720262Z,0
4.773209,101.6783751,Daerah: Kelantan<br>No:5124<br>Hex coord:(115;94),n/a,0,0,0,0,0,0,1,2022-12-30T20:39:25.0382487Z,0
4.780989,101.6919218,Daerah: Kelantan<br>No:5125<br>Hex coord:(116;94),n/a,0,0,0,0,0,0,1,2022-12-30T20:39:25.7220331Z,0
4.773209,101.7054685,Daerah: Kelantan<br>No:5126<br>Hex coord:(117;94),n/a,0,0,0,0,0,0,1,2022-12-30T20:39:26.3940024Z,0
4.780989,101.7190152,Daerah: Kelantan<br>No:5127<br>Hex coord:(118;94),n/a,0,0,0,0,0,0,1,2022-12-30T20:39:27.0766796Z,0
4.773209,101.7325619,Daerah: Kelantan<br>No:5128<br>Hex coord:(119;94),n/a,0,0,0,0,0,0,1,2022-12-30T20:39:27.7498728Z,0
4.780989,101.7461086,Daerah: Kelantan<br>No:5129<br>Hex coord:(120;94),n/a,0,0,0,0,0,0,1,2022-12-30T20:39:28.4334192Z,0
4.773209,101.7596554,Daerah: Kelantan<br>No:5130<br>Hex coord:(121;94),n/a,0,0,0,0,0,0,1,2022-12-30T20:39:29.1141666Z,0
4.780989,101.7732021,Daerah: Kelantan<br>No:5131<br>Hex coord:(122;94),n/a,0,0,0,0,0,0,1,2022-12-30T20:39:29.7921606Z,0
4.773209,101.7867488,Daerah: Kelantan<br>No:5132<br>Hex coord:(123;94),n/a,0,0,0,0,0,0,1,2022-12-30T20:39:30.4753865Z,0
4.780989,101.8002955,Daerah: Kelantan<br>No:5133<br>Hex coord:(124;94),n/a,0,0,0,0,0,0,1,2022-12-30T20:39:31.1588503Z,0
4.773209,101.8138422,Daerah: Kelantan<br>No:5134<br>Hex coord:(125;94),n/a,0,0,0,0,0,0,1,2022-12-30T20:39:31.8368505Z,0
4.780989,101.8273889,Daerah: Kelantan<br>No:5135<br>Hex coord:(126;94),n/a,0,0,0,0,0,0,1,2022-12-30T20:39:32.5136943Z,0
4.773209,101.8409356,Daerah: Kelantan<br>No:5136<br>Hex coord:(127;94),n/a,0,0,0,0,0,0,1,2022-12-30T20:39:33.1764544Z,0
4.780989,101.8544823,Daerah: Kelantan<br>No:5137<br>Hex coord:(128;94),n/a,0,0,0,0,0,0,1,2022-12-30T20:39:33.8481885Z,0
4.773209,101.868029,Daerah: Kelantan<br>No:5138<br>Hex coord:(129;94),n/a,0,0,0,0,0,0,1,2022-12-30T20:39:34.5224531Z,0
4.780989,101.8815757,Daerah: Kelantan<br>No:5139<br>Hex coord:(130;94),n/a,0,0,0,0,0,0,1,2022-12-30T20:39:35.2028316Z,0
4.773209,101.8951224,Daerah: Kelantan<br>No:5140<br>Hex coord:(131;94),n/a,0,0,0,0,0,0,1,2022-12-30T20:39:35.8736476Z,0
4.780989,101.9086691,Daerah: Kelantan<br>No:5141<br>Hex coord:(132;94),n/a,0,0,0,0,0,0,1,2022-12-30T20:39:36.5446833Z,0
4.773209,101.9222158,Daerah: Kelantan<br>No:5142<br>Hex coord:(133;94),n/a,0,0,0,0,0,0,1,2022-12-30T20:39:37.2153008Z,0
4.780989,101.9357625,Daerah: Kelantan<br>No:5143<br>Hex coord:(134;94),n/a,0,0,0,0,0,0,1,2022-12-30T20:39:37.8908824Z,0
4.773209,101.9493092,Daerah: Kelantan<br>No:5144<br>Hex coord:(135;94),n/a,0,0,0,0,0,0,1,2022-12-30T20:39:38.5627910Z,0
4.780989,101.9628559,Daerah: Kelantan<br>No:5145<br>Hex coord:(136;94),n/a,0,0,0,0,0,0,1,2022-12-30T20:39:39.2313205Z,0
4.773209,101.9764026,Daerah: Kelantan<br>No:5146<br>Hex coord:(137;94),n/a,0,0,0,0,0,0,1,2022-12-30T20:39:39.9177405Z,0
4.780989,101.9899493,Daerah: Kelantan<br>No:5147<br>Hex coord:(138;94),n/a,0,0,0,0,0,0,1,2022-12-30T20:39:40.5983768Z,0
4.773209,102.003496,Daerah: Kelantan<br>No:5148<br>Hex coord:(139;94),n/a,0,0,0,0,0,0,1,2022-12-30T20:39:41.2715971Z,0
4.780989,102.0170428,Daerah: Kelantan<br>No:5149<br>Hex coord:(140;94),n/a,0,0,0,0,0,0,1,2022-12-30T20:39:41.9503670Z,0
4.773209,102.0305895,Daerah: Kelantan<br>No:5150<br>Hex coord:(141;94),n/a,0,0,0,0,0,0,1,2022-12-30T20:39:42.6188285Z,0
4.780989,102.0441362,Daerah: Kelantan<br>No:5151<br>Hex coord:(142;94),n/a,0,0,0,0,0,0,1,2022-12-30T20:39:43.3040691Z,0
4.773209,102.0576829,Daerah: Kelantan<br>No:5152<br>Hex coord:(143;94),n/a,0,0,0,0,0,0,1,2022-12-30T20:39:43.9759422Z,0
4.780989,102.0712296,Daerah: Kelantan<br>No:5153<br>Hex coord:(144;94),n/a,0,0,0,0,0,0,1,2022-12-30T20:39:44.6574158Z,0
4.773209,102.0847763,Daerah: Kelantan<br>No:5154<br>Hex coord:(145;94),n/a,0,0,0,0,0,0,1,2022-12-30T20:39:45.3376977Z,0
4.780989,102.098323,Daerah: Kelantan<br>No:5155<br>Hex coord:(146;94),n/a,0,0,0,0,0,0,1,2022-12-30T20:39:46.0087774Z,0
4.773209,102.1118697,Daerah: Kelantan<br>No:5156<br>Hex coord:(147;94),n/a,0,0,0,0,0,0,1,2022-12-30T20:39:46.6818349Z,0
4.780989,102.1254164,Daerah: Kelantan<br>No:5157<br>Hex coord:(148;94),n/a,0,0,0,0,0,0,1,2022-12-30T20:39:47.3599524Z,0
4.773209,102.1389631,Daerah: Kelantan<br>No:5158<br>Hex coord:(149;94),n/a,0,0,0,0,0,0,1,2022-12-30T20:39:48.0306941Z,0
4.780989,102.1525098,Daerah: Kelantan<br>No:5159<br>Hex coord:(150;94),n/a,0,0,0,0,0,0,1,2022-12-30T20:39:48.7099106Z,0
4.773209,102.1660565,Daerah: Kelantan<br>No:5160<br>Hex coord:(151;94),n/a,0,0,0,0,0,0,1,2022-12-30T20:39:49.3782004Z,0
4.780989,102.1796032,Daerah: Kelantan<br>No:5161<br>Hex coord:(152;94),n/a,0,0,0,0,0,0,1,2022-12-30T20:39:50.0488468Z,0
4.773209,102.1931499,Daerah: Kelantan<br>No:5162<br>Hex coord:(153;94),n/a,0,0,0,0,0,0,1,2022-12-30T20:39:50.7283968Z,0
4.780989,102.2066966,Daerah: Kelantan<br>No:5163<br>Hex coord:(154;94),n/a,0,0,0,0,0,0,1,2022-12-30T20:39:51.4061435Z,0
4.773209,102.2202433,Daerah: Kelantan<br>No:5164<br>Hex coord:(155;94),n/a,0,0,0,0,0,0,1,2022-12-30T20:39:52.0823124Z,0
4.780989,102.23379,Daerah: Kelantan<br>No:5165<br>Hex coord:(156;94),n/a,0,0,0,0,0,0,1,2022-12-30T20:39:52.7562112Z,0
4.773209,102.2473367,Daerah: Kelantan<br>No:5166<br>Hex coord:(157;94),n/a,0,0,0,0,0,0,1,2022-12-30T20:39:53.4257196Z,0
4.780989,102.2608835,Daerah: Kelantan<br>No:5167<br>Hex coord:(158;94),n/a,0,0,0,0,0,0,1,2022-12-30T20:39:54.0908344Z,0
4.773209,102.2744302,Daerah: Kelantan<br>No:5168<br>Hex coord:(159;94),n/a,0,0,0,0,0,0,1,2022-12-30T20:39:54.7687454Z,0
4.780989,102.2879769,Daerah: Kelantan<br>No:5169<br>Hex coord:(160;94),n/a,0,0,0,0,0,0,1,2022-12-30T20:39:55.4336507Z,0
4.773209,102.3015236,Daerah: Kelantan<br>No:5170<br>Hex coord:(161;94),n/a,0,0,0,0,0,0,1,2022-12-30T20:39:56.1046613Z,0
4.780989,102.3150703,Daerah: Kelantan<br>No:5171<br>Hex coord:(162;94),n/a,0,0,0,0,0,0,1,2022-12-30T20:39:56.7918584Z,0
4.773209,102.328617,Daerah: Kelantan<br>No:5172<br>Hex coord:(163;94),n/a,0,0,0,0,0,0,1,2022-12-30T20:39:57.4724915Z,0
4.780989,102.3421637,Daerah: Kelantan<br>No:5173<br>Hex coord:(164;94),n/a,0,0,0,0,0,0,1,2022-12-30T20:39:58.1479767Z,0
4.773209,102.3557104,Daerah: Kelantan<br>No:5174<br>Hex coord:(165;94),n/a,0,0,0,0,0,0,1,2022-12-30T20:39:58.8169703Z,0
4.780989,102.3692571,Daerah: Kelantan<br>No:5175<br>Hex coord:(166;94),n/a,0,0,0,0,0,0,1,2022-12-30T20:39:59.4933581Z,0
4.773209,102.3828038,Daerah: Kelantan<br>No:5176<br>Hex coord:(167;94),n/a,0,0,0,0,0,0,1,2022-12-30T20:40:00.1661648Z,0
4.780989,102.3963505,Daerah: Kelantan<br>No:5177<br>Hex coord:(168;94),n/a,0,0,0,0,0,0,1,2022-12-30T20:40:00.8463962Z,0
4.773209,102.4098972,Daerah: Kelantan<br>No:5178<br>Hex coord:(169;94),n/a,0,0,0,0,0,0,1,2022-12-30T20:40:01.5846895Z,0
4.780989,102.4234439,Daerah: Kelantan<br>No:5179<br>Hex coord:(170;94),n/a,0,0,0,0,0,0,1,2022-12-30T20:40:02.2560269Z,0
4.773209,102.4369906,Daerah: Kelantan<br>No:5180<br>Hex coord:(171;94),n/a,0,0,0,0,0,0,1,2022-12-30T20:40:02.9280235Z,0
4.780989,102.4505373,Daerah: Kelantan<br>No:5181<br>Hex coord:(172;94),n/a,0,0,0,0,0,0,1,2022-12-30T20:40:03.6175134Z,0
4.773209,102.464084,Daerah: Kelantan<br>No:5182<br>Hex coord:(173;94),n/a,0,0,0,0,0,0,1,2022-12-30T20:40:04.2849037Z,0
4.780989,102.4776307,Daerah: Kelantan<br>No:5183<br>Hex coord:(174;94),n/a,0,0,0,0,0,0,1,2022-12-30T20:40:04.9776718Z,0
4.773209,102.4911774,Daerah: Kelantan<br>No:5184<br>Hex coord:(175;94),n/a,0,0,0,0,0,0,1,2022-12-30T20:40:05.6554440Z,0
4.780989,102.5047241,Daerah: Kelantan<br>No:5185<br>Hex coord:(176;94),n/a,0,0,0,0,0,0,1,2022-12-30T20:40:06.3246761Z,0
4.773209,102.5182709,Daerah: Kelantan<br>No:5186<br>Hex coord:(177;94),n/a,0,0,0,0,0,0,1,2022-12-30T20:40:07.0009711Z,0
4.780989,102.5318176,Daerah: Kelantan<br>No:5187<br>Hex coord:(178;94),n/a,0,0,0,0,0,0,1,2022-12-30T20:40:07.6959196Z,0
4.773209,102.5453643,Daerah: Kelantan<br>No:5188<br>Hex coord:(179;94),n/a,0,0,0,0,0,0,1,2022-12-30T20:40:08.3698043Z,0
4.780989,102.558911,Daerah: Kelantan<br>No:5189<br>Hex coord:(180;94),n/a,0,0,0,0,0,0,1,2022-12-30T20:40:09.0550745Z,0
4.773209,102.5724577,Daerah: Kelantan<br>No:5190<br>Hex coord:(181;94),n/a,0,0,0,0,0,0,1,2022-12-30T20:40:09.7240457Z,0
4.780989,102.5860044,Daerah: Kelantan<br>No:5191<br>Hex coord:(182;94),n/a,0,0,0,0,0,0,1,2022-12-30T20:40:10.3917693Z,0
4.773209,102.5995511,Daerah: Kelantan<br>No:5192<br>Hex coord:(183;94),n/a,0,0,0,0,0,0,1,2022-12-30T20:40:11.0714326Z,0
4.780989,102.6401912,Daerah: Kelantan<br>No:5193<br>Hex coord:(186;94),n/a,0,0,0,0,0,0,1,2022-12-30T20:40:11.7396502Z,0
4.765429,101.3938943,Daerah: Kelantan<br>No:5194<br>Hex coord:(94;95),n/a,0,0,0,0,0,0,1,2022-12-30T20:40:12.4088388Z,0
4.757649,101.407441,Daerah: Kelantan<br>No:5195<br>Hex coord:(95;95),n/a,0,0,0,0,0,0,1,2022-12-30T20:40:13.0801036Z,0
4.765429,101.4209877,Daerah: Kelantan<br>No:5196<br>Hex coord:(96;95),n/a,0,0,0,0,0,0,1,2022-12-30T20:40:13.7449444Z,0
4.757649,101.4345344,Daerah: Kelantan<br>No:5197<br>Hex coord:(97;95),n/a,0,0,0,0,0,0,1,2022-12-30T20:40:14.4282057Z,0
4.765429,101.4480811,Daerah: Kelantan<br>No:5198<br>Hex coord:(98;95),n/a,0,0,0,0,0,0,1,2022-12-30T20:40:15.0983911Z,0
4.757649,101.4616278,Daerah: Kelantan<br>No:5199<br>Hex coord:(99;95),n/a,0,0,0,0,0,0,1,2022-12-30T20:40:15.7709035Z,0
4.765429,101.4751745,Daerah: Kelantan<br>No:5200<br>Hex coord:(100;95),n/a,0,0,0,0,0,0,1,2022-12-30T20:40:16.4568610Z,0
4.757649,101.4887212,Daerah: Kelantan<br>No:5201<br>Hex coord:(101;95),n/a,0,0,0,0,0,0,1,2022-12-30T20:40:17.1294651Z,0
4.765429,101.502268,Daerah: Kelantan<br>No:5202<br>Hex coord:(102;95),n/a,0,0,0,0,0,0,1,2022-12-30T20:40:17.7976887Z,0
4.757649,101.5158147,Daerah: Kelantan<br>No:5203<br>Hex coord:(103;95),n/a,0,0,0,0,0,0,1,2022-12-30T20:40:18.4721207Z,0
4.765429,101.5293614,Daerah: Kelantan<br>No:5204<br>Hex coord:(104;95),n/a,0,0,0,0,0,0,1,2022-12-30T20:40:19.1439843Z,0
4.757649,101.5429081,Daerah: Kelantan<br>No:5205<br>Hex coord:(105;95),n/a,0,0,0,0,0,0,1,2022-12-30T20:40:19.8228963Z,0
4.765429,101.5564548,Daerah: Kelantan<br>No:5206<br>Hex coord:(106;95),n/a,0,0,0,0,0,0,1,2022-12-30T20:40:20.5100071Z,0
4.757649,101.5700015,Daerah: Kelantan<br>No:5207<br>Hex coord:(107;95),n/a,0,0,0,0,0,0,1,2022-12-30T20:40:21.1756263Z,0
4.765429,101.5835482,Daerah: Kelantan<br>No:5208<br>Hex coord:(108;95),n/a,0,0,0,0,0,0,1,2022-12-30T20:40:21.8436202Z,0
4.757649,101.5970949,Daerah: Kelantan<br>No:5209<br>Hex coord:(109;95),n/a,0,0,0,0,0,0,1,2022-12-30T20:40:22.5106433Z,0
4.765429,101.6106416,Daerah: Kelantan<br>No:5210<br>Hex coord:(110;95),n/a,0,0,0,0,0,0,1,2022-12-30T20:40:23.1836786Z,0
4.757649,101.6241883,Daerah: Kelantan<br>No:5211<br>Hex coord:(111;95),n/a,0,0,0,0,0,0,1,2022-12-30T20:40:23.8559383Z,0
4.765429,101.637735,Daerah: Kelantan<br>No:5212<br>Hex coord:(112;95),n/a,0,0,0,0,0,0,1,2022-12-30T20:40:24.5282479Z,0
4.757649,101.6512817,Daerah: Kelantan<br>No:5213<br>Hex coord:(113;95),n/a,0,0,0,0,0,0,1,2022-12-30T20:40:25.2089538Z,0
4.765429,101.6648284,Daerah: Kelantan<br>No:5214<br>Hex coord:(114;95),n/a,0,0,0,0,0,0,1,2022-12-30T20:40:25.8815877Z,0
4.757649,101.6783751,Daerah: Kelantan<br>No:5215<br>Hex coord:(115;95),n/a,0,0,0,0,0,0,1,2022-12-30T20:40:26.5484815Z,0
4.765429,101.6919218,Daerah: Kelantan<br>No:5216<br>Hex coord:(116;95),n/a,0,0,0,0,0,0,1,2022-12-30T20:40:27.2128567Z,0
4.757649,101.7054685,Daerah: Kelantan<br>No:5217<br>Hex coord:(117;95),n/a,0,0,0,0,0,0,1,2022-12-30T20:40:27.8841404Z,0
4.765429,101.7190152,Daerah: Kelantan<br>No:5218<br>Hex coord:(118;95),n/a,0,0,0,0,0,0,1,2022-12-30T20:40:28.5675135Z,0
4.757649,101.7325619,Daerah: Kelantan<br>No:5219<br>Hex coord:(119;95),n/a,0,0,0,0,0,0,1,2022-12-30T20:40:29.3346039Z,0
4.765429,101.7461086,Daerah: Kelantan<br>No:5220<br>Hex coord:(120;95),n/a,0,0,0,0,0,0,1,2022-12-30T20:40:30.0016161Z,0
4.757649,101.7596554,Daerah: Kelantan<br>No:5221<br>Hex coord:(121;95),n/a,0,0,0,0,0,0,1,2022-12-30T20:40:30.6769393Z,0
4.765429,101.7732021,Daerah: Kelantan<br>No:5222<br>Hex coord:(122;95),n/a,0,0,0,0,0,0,1,2022-12-30T20:40:31.3435788Z,0
4.765429,101.8273889,Daerah: Kelantan<br>No:5223<br>Hex coord:(126;95),n/a,0,0,0,0,0,0,1,2022-12-30T20:40:32.0170525Z,0
4.757649,101.8409356,Daerah: Kelantan<br>No:5224<br>Hex coord:(127;95),n/a,0,0,0,0,0,0,1,2022-12-30T20:40:32.6827593Z,0
4.765429,101.8544823,Daerah: Kelantan<br>No:5225<br>Hex coord:(128;95),n/a,0,0,0,0,0,0,1,2022-12-30T20:40:33.3797430Z,0
4.757649,101.868029,Daerah: Kelantan<br>No:5226<br>Hex coord:(129;95),n/a,0,0,0,0,0,0,1,2022-12-30T20:40:34.0429160Z,0
4.765429,101.8815757,Daerah: Kelantan<br>No:5227<br>Hex coord:(130;95),n/a,0,0,0,0,0,0,1,2022-12-30T20:40:34.7007422Z,0
4.757649,101.8951224,Daerah: Kelantan<br>No:5228<br>Hex coord:(131;95),n/a,0,0,0,0,0,0,1,2022-12-30T20:40:35.3676126Z,0
4.765429,101.9086691,Daerah: Kelantan<br>No:5229<br>Hex coord:(132;95),n/a,0,0,0,0,0,0,1,2022-12-30T20:40:36.0344939Z,0
4.757649,101.9222158,Daerah: Kelantan<br>No:5230<br>Hex coord:(133;95),n/a,0,0,0,0,0,0,1,2022-12-30T20:40:36.7009881Z,0
4.765429,101.9357625,Daerah: Kelantan<br>No:5231<br>Hex coord:(134;95),n/a,0,0,0,0,0,0,1,2022-12-30T20:40:37.3710520Z,0
4.757649,101.9764026,Daerah: Kelantan<br>No:5232<br>Hex coord:(137;95),n/a,0,0,0,0,0,0,1,2022-12-30T20:40:38.0450071Z,0
4.765429,102.0170428,Daerah: Kelantan<br>No:5233<br>Hex coord:(140;95),n/a,0,0,0,0,0,0,1,2022-12-30T20:40:38.7224636Z,0
4.757649,102.0305895,Daerah: Kelantan<br>No:5234<br>Hex coord:(141;95),n/a,0,0,0,0,0,0,1,2022-12-30T20:40:39.4553071Z,0
4.765429,102.0441362,Daerah: Kelantan<br>No:5235<br>Hex coord:(142;95),n/a,1,0,0,0,0,0,1,2022-12-30T20:40:40.1284812Z,0
4.757649,102.0576829,Daerah: Kelantan<br>No:5236<br>Hex coord:(143;95),n/a,0,0,0,0,0,0,1,2022-12-30T20:40:40.7944479Z,0
4.765429,102.0712296,Daerah: Kelantan<br>No:5237<br>Hex coord:(144;95),n/a,0,0,0,0,0,0,1,2022-12-30T20:40:41.4691918Z,0
4.765429,102.1254164,Daerah: Kelantan<br>No:5238<br>Hex coord:(148;95),n/a,0,0,0,0,0,0,1,2022-12-30T20:40:42.1393624Z,0
4.757649,102.1389631,Daerah: Kelantan<br>No:5239<br>Hex coord:(149;95),n/a,0,0,0,0,0,0,1,2022-12-30T20:40:42.8087826Z,0
4.765429,102.1525098,Daerah: Kelantan<br>No:5240<br>Hex coord:(150;95),n/a,0,0,0,0,0,0,1,2022-12-30T20:40:43.4822534Z,0
4.757649,102.1660565,Daerah: Kelantan<br>No:5241<br>Hex coord:(151;95),n/a,0,0,0,0,0,0,1,2022-12-30T20:40:44.1442198Z,0
4.765429,102.1796032,Daerah: Kelantan<br>No:5242<br>Hex coord:(152;95),n/a,0,0,0,0,0,0,1,2022-12-30T20:40:44.8187921Z,0
4.757649,102.1931499,Daerah: Kelantan<br>No:5243<br>Hex coord:(153;95),n/a,0,0,0,0,0,0,1,2022-12-30T20:40:45.4921897Z,0
4.765429,102.2066966,Daerah: Kelantan<br>No:5244<br>Hex coord:(154;95),n/a,0,0,0,0,0,0,1,2022-12-30T20:40:46.1642855Z,0
4.757649,102.2202433,Daerah: Kelantan<br>No:5245<br>Hex coord:(155;95),n/a,0,0,0,0,0,0,1,2022-12-30T20:40:46.8344262Z,0
4.765429,102.23379,Daerah: Kelantan<br>No:5246<br>Hex coord:(156;95),n/a,0,0,0,0,0,0,1,2022-12-30T20:40:47.5156256Z,0
4.757649,102.2473367,Daerah: Kelantan<br>No:5247<br>Hex coord:(157;95),n/a,0,0,0,0,0,0,1,2022-12-30T20:40:48.1857449Z,0
4.765429,102.2608835,Daerah: Kelantan<br>No:5248<br>Hex coord:(158;95),n/a,0,0,0,0,0,0,1,2022-12-30T20:40:48.8625329Z,0
4.757649,102.2744302,Daerah: Kelantan<br>No:5249<br>Hex coord:(159;95),n/a,0,0,0,0,0,0,1,2022-12-30T20:40:49.5335570Z,0
4.765429,102.2879769,Daerah: Kelantan<br>No:5250<br>Hex coord:(160;95),n/a,0,0,0,0,0,0,1,2022-12-30T20:40:50.2099926Z,0
4.757649,102.3015236,Daerah: Kelantan<br>No:5251<br>Hex coord:(161;95),n/a,0,0,0,0,0,0,1,2022-12-30T20:40:50.8930550Z,0
4.765429,102.3150703,Daerah: Kelantan<br>No:5252<br>Hex coord:(162;95),n/a,0,0,0,0,0,0,1,2022-12-30T20:40:51.5619139Z,0
4.757649,102.328617,Daerah: Kelantan<br>No:5253<br>Hex coord:(163;95),n/a,0,0,0,0,0,0,1,2022-12-30T20:40:52.2308529Z,0
4.765429,102.3421637,Daerah: Kelantan<br>No:5254<br>Hex coord:(164;95),n/a,0,0,0,0,0,0,1,2022-12-30T20:40:52.9005011Z,0
4.757649,102.3557104,Daerah: Kelantan<br>No:5255<br>Hex coord:(165;95),n/a,0,0,0,0,0,0,1,2022-12-30T20:40:53.5721641Z,0
4.765429,102.3692571,Daerah: Kelantan<br>No:5256<br>Hex coord:(166;95),n/a,0,0,0,0,0,0,1,2022-12-30T20:40:54.2569763Z,0
4.757649,102.3828038,Daerah: Kelantan<br>No:5257<br>Hex coord:(167;95),n/a,0,0,0,0,0,0,1,2022-12-30T20:40:54.9387892Z,0
4.765429,102.3963505,Daerah: Kelantan<br>No:5258<br>Hex coord:(168;95),n/a,0,0,0,0,0,0,1,2022-12-30T20:40:55.6081749Z,0
4.757649,102.4098972,Daerah: Kelantan<br>No:5259<br>Hex coord:(169;95),n/a,0,0,0,0,0,0,1,2022-12-30T20:40:56.2872073Z,0
4.765429,102.4234439,Daerah: Kelantan<br>No:5260<br>Hex coord:(170;95),n/a,0,0,0,0,0,0,1,2022-12-30T20:40:56.9553885Z,0
4.757649,102.4369906,Daerah: Kelantan<br>No:5261<br>Hex coord:(171;95),n/a,0,0,0,0,0,0,1,2022-12-30T20:40:57.6255265Z,0
4.765429,102.4505373,Daerah: Kelantan<br>No:5262<br>Hex coord:(172;95),n/a,0,0,0,0,0,0,1,2022-12-30T20:40:58.2948627Z,0
4.757649,102.464084,Daerah: Kelantan<br>No:5263<br>Hex coord:(173;95),n/a,0,0,0,0,0,0,1,2022-12-30T20:40:58.9667987Z,0
4.765429,102.4776307,Daerah: Kelantan<br>No:5264<br>Hex coord:(174;95),n/a,0,0,0,0,0,0,1,2022-12-30T20:40:59.6428299Z,0
4.757649,102.4911774,Daerah: Kelantan<br>No:5265<br>Hex coord:(175;95),n/a,0,0,0,0,0,0,1,2022-12-30T20:41:00.3179924Z,0
4.765429,102.5047241,Daerah: Kelantan<br>No:5266<br>Hex coord:(176;95),n/a,0,0,0,0,0,0,1,2022-12-30T20:41:01.0001661Z,0
4.757649,102.5182709,Daerah: Kelantan<br>No:5267<br>Hex coord:(177;95),n/a,0,0,0,0,0,0,1,2022-12-30T20:41:01.6731822Z,0
4.765429,102.5318176,Daerah: Kelantan<br>No:5268<br>Hex coord:(178;95),n/a,0,0,0,0,0,0,1,2022-12-30T20:41:02.3481901Z,0
4.757649,102.5453643,Daerah: Kelantan<br>No:5269<br>Hex coord:(179;95),n/a,0,0,0,0,0,0,1,2022-12-30T20:41:03.0234682Z,0
4.765429,102.558911,Daerah: Kelantan<br>No:5270<br>Hex coord:(180;95),n/a,0,0,0,0,0,0,1,2022-12-30T20:41:03.6933268Z,0
4.757649,102.5724577,Daerah: Kelantan<br>No:5271<br>Hex coord:(181;95),n/a,0,0,0,0,0,0,1,2022-12-30T20:41:04.3605584Z,0
4.765429,102.5860044,Daerah: Kelantan<br>No:5272<br>Hex coord:(182;95),n/a,1,0,0,0,0,0,1,2022-12-30T20:41:05.0325301Z,0
4.749869,101.3938943,Daerah: Kelantan<br>No:5273<br>Hex coord:(94;96),n/a,0,0,0,0,0,0,1,2022-12-30T20:41:05.7005443Z,0
4.742089,101.407441,Daerah: Kelantan<br>No:5274<br>Hex coord:(95;96),n/a,0,0,0,0,0,0,1,2022-12-30T20:41:06.3777683Z,0
4.749869,101.4209877,Daerah: Kelantan<br>No:5275<br>Hex coord:(96;96),n/a,0,0,0,0,0,0,1,2022-12-30T20:41:07.0501523Z,0
4.742089,101.4345344,Daerah: Kelantan<br>No:5276<br>Hex coord:(97;96),n/a,0,0,0,0,0,0,1,2022-12-30T20:41:07.7254594Z,0
4.749869,101.4480811,Daerah: Kelantan<br>No:5277<br>Hex coord:(98;96),n/a,0,0,0,0,0,0,1,2022-12-30T20:41:08.4026832Z,0
4.742089,101.4616278,Daerah: Kelantan<br>No:5278<br>Hex coord:(99;96),n/a,0,0,0,0,0,0,1,2022-12-30T20:41:09.0729950Z,0
4.749869,101.4751745,Daerah: Kelantan<br>No:5279<br>Hex coord:(100;96),n/a,0,0,0,0,0,0,1,2022-12-30T20:41:09.7428647Z,0
4.742089,101.4887212,Daerah: Kelantan<br>No:5280<br>Hex coord:(101;96),n/a,0,0,0,0,0,0,1,2022-12-30T20:41:10.4244395Z,0
4.749869,101.502268,Daerah: Kelantan<br>No:5281<br>Hex coord:(102;96),n/a,0,0,0,0,0,0,1,2022-12-30T20:41:11.0976353Z,0
4.742089,101.5158147,Daerah: Kelantan<br>No:5282<br>Hex coord:(103;96),n/a,0,0,0,0,0,0,1,2022-12-30T20:41:11.7712208Z,0
4.749869,101.5293614,Daerah: Kelantan<br>No:5283<br>Hex coord:(104;96),n/a,0,0,0,0,0,0,1,2022-12-30T20:41:12.4389080Z,0
4.742089,101.5429081,Daerah: Kelantan<br>No:5284<br>Hex coord:(105;96),n/a,0,0,0,0,0,0,1,2022-12-30T20:41:13.1131867Z,0
4.749869,101.5564548,Daerah: Kelantan<br>No:5285<br>Hex coord:(106;96),n/a,0,0,0,0,0,0,1,2022-12-30T20:41:13.7814395Z,0
4.742089,101.5700015,Daerah: Kelantan<br>No:5286<br>Hex coord:(107;96),n/a,0,0,0,0,0,0,1,2022-12-30T20:41:14.4516757Z,0
4.749869,101.5835482,Daerah: Kelantan<br>No:5287<br>Hex coord:(108;96),n/a,0,0,0,0,0,0,1,2022-12-30T20:41:15.1241225Z,0
4.742089,101.5970949,Daerah: Kelantan<br>No:5288<br>Hex coord:(109;96),n/a,0,0,0,0,0,0,1,2022-12-30T20:41:15.7977174Z,0
4.749869,101.6106416,Daerah: Kelantan<br>No:5289<br>Hex coord:(110;96),n/a,0,0,0,0,0,0,1,2022-12-30T20:41:16.4705344Z,0
4.742089,101.6241883,Daerah: Kelantan<br>No:5290<br>Hex coord:(111;96),n/a,0,0,0,0,0,0,1,2022-12-30T20:41:17.1491894Z,0
4.749869,101.637735,Daerah: Kelantan<br>No:5291<br>Hex coord:(112;96),n/a,0,0,0,0,0,0,1,2022-12-30T20:41:17.8207176Z,0
4.742089,101.6512817,Daerah: Kelantan<br>No:5292<br>Hex coord:(113;96),n/a,0,0,0,0,0,0,1,2022-12-30T20:41:18.4980036Z,0
4.749869,101.6648284,Daerah: Kelantan<br>No:5293<br>Hex coord:(114;96),n/a,0,0,0,0,0,0,1,2022-12-30T20:41:19.2273921Z,0
4.742089,101.6783751,Daerah: Kelantan<br>No:5294<br>Hex coord:(115;96),n/a,0,0,0,0,0,0,1,2022-12-30T20:41:19.8976399Z,0
4.749869,101.6919218,Daerah: Kelantan<br>No:5295<br>Hex coord:(116;96),n/a,0,0,0,0,0,0,1,2022-12-30T20:41:20.5708303Z,0
4.742089,101.7054685,Daerah: Kelantan<br>No:5296<br>Hex coord:(117;96),n/a,0,0,0,0,0,0,1,2022-12-30T20:41:21.2537563Z,0
4.749869,101.7190152,Daerah: Kelantan<br>No:5297<br>Hex coord:(118;96),n/a,0,0,0,0,0,0,1,2022-12-30T20:41:21.9204893Z,0
4.742089,101.7325619,Daerah: Kelantan<br>No:5298<br>Hex coord:(119;96),n/a,0,0,0,0,0,0,1,2022-12-30T20:41:22.5948329Z,0
4.749869,101.7461086,Daerah: Kelantan<br>No:5299<br>Hex coord:(120;96),n/a,0,0,0,0,0,0,1,2022-12-30T20:41:23.2754041Z,0
4.742089,101.7596554,Daerah: Kelantan<br>No:5300<br>Hex coord:(121;96),n/a,0,0,0,0,0,0,1,2022-12-30T20:41:23.9466837Z,0
4.749869,101.8273889,Daerah: Kelantan<br>No:5301<br>Hex coord:(126;96),n/a,0,0,0,0,0,0,1,2022-12-30T20:41:24.6295707Z,0
4.742089,101.8409356,Daerah: Kelantan<br>No:5302<br>Hex coord:(127;96),n/a,0,0,0,0,0,0,1,2022-12-30T20:41:25.3041508Z,0
4.749869,101.8544823,Daerah: Kelantan<br>No:5303<br>Hex coord:(128;96),n/a,0,0,0,0,0,0,1,2022-12-30T20:41:25.9820408Z,0
4.742089,101.868029,Daerah: Kelantan<br>No:5304<br>Hex coord:(129;96),n/a,0,0,0,0,0,0,1,2022-12-30T20:41:26.6562746Z,0
4.749869,101.8815757,Daerah: Kelantan<br>No:5305<br>Hex coord:(130;96),n/a,0,0,0,0,0,0,1,2022-12-30T20:41:27.3341637Z,0
4.742089,101.8951224,Daerah: Kelantan<br>No:5306<br>Hex coord:(131;96),n/a,0,0,0,0,0,0,1,2022-12-30T20:41:28.0021118Z,0
4.749869,101.9086691,Daerah: Kelantan<br>No:5307<br>Hex coord:(132;96),n/a,0,0,0,0,0,0,1,2022-12-30T20:41:28.6756949Z,0
4.742089,101.9222158,Daerah: Kelantan<br>No:5308<br>Hex coord:(133;96),n/a,0,0,0,0,0,0,1,2022-12-30T20:41:29.3527699Z,0
4.749869,101.9357625,Daerah: Kelantan<br>No:5309<br>Hex coord:(134;96),n/a,0,0,0,0,0,0,1,2022-12-30T20:41:30.0339883Z,0
4.742089,101.9493092,Daerah: Kelantan<br>No:5310<br>Hex coord:(135;96),n/a,0,0,0,0,0,0,1,2022-12-30T20:41:30.7073870Z,0
4.749869,102.0170428,Daerah: Kelantan<br>No:5311<br>Hex coord:(140;96),n/a,0,0,0,0,0,0,1,2022-12-30T20:41:31.3794301Z,0
4.749869,102.0441362,Daerah: Kelantan<br>No:5312<br>Hex coord:(142;96),n/a,0,0,0,0,0,0,1,2022-12-30T20:41:32.0703475Z,0
4.749869,102.1254164,Daerah: Kelantan<br>No:5313<br>Hex coord:(148;96),n/a,0,0,0,0,0,0,1,2022-12-30T20:41:32.7471211Z,0
4.742089,102.1389631,Daerah: Kelantan<br>No:5314<br>Hex coord:(149;96),n/a,0,0,0,0,0,0,1,2022-12-30T20:41:33.4310636Z,0
4.749869,102.1525098,Daerah: Kelantan<br>No:5315<br>Hex coord:(150;96),n/a,0,0,0,0,0,0,1,2022-12-30T20:41:34.1028797Z,0
4.742089,102.1660565,Daerah: Kelantan<br>No:5316<br>Hex coord:(151;96),n/a,0,0,0,0,0,0,1,2022-12-30T20:41:34.7858470Z,0
4.749869,102.1796032,Daerah: Kelantan<br>No:5317<br>Hex coord:(152;96),n/a,0,0,0,0,0,0,1,2022-12-30T20:41:35.4602154Z,0
4.742089,102.1931499,Daerah: Kelantan<br>No:5318<br>Hex coord:(153;96),n/a,0,0,0,0,0,0,1,2022-12-30T20:41:36.1714580Z,0
4.749869,102.2066966,Daerah: Kelantan<br>No:5319<br>Hex coord:(154;96),n/a,0,0,0,0,0,0,1,2022-12-30T20:41:36.8441383Z,0
4.742089,102.2202433,Daerah: Kelantan<br>No:5320<br>Hex coord:(155;96),n/a,0,0,0,0,0,0,1,2022-12-30T20:41:37.5214777Z,0
4.749869,102.23379,Daerah: Kelantan<br>No:5321<br>Hex coord:(156;96),n/a,0,0,0,0,0,0,1,2022-12-30T20:41:38.2030390Z,0
4.742089,102.2473367,Daerah: Kelantan<br>No:5322<br>Hex coord:(157;96),n/a,0,0,0,0,0,0,1,2022-12-30T20:41:38.8848674Z,0
4.749869,102.2608835,Daerah: Kelantan<br>No:5323<br>Hex coord:(158;96),n/a,0,0,0,0,0,0,1,2022-12-30T20:41:39.5614899Z,0
4.742089,102.2744302,Daerah: Kelantan<br>No:5324<br>Hex coord:(159;96),n/a,0,0,0,0,0,0,1,2022-12-30T20:41:40.2392662Z,0
4.749869,102.2879769,Daerah: Kelantan<br>No:5325<br>Hex coord:(160;96),n/a,0,0,0,0,0,0,1,2022-12-30T20:41:40.9080617Z,0
4.742089,102.3015236,Daerah: Kelantan<br>No:5326<br>Hex coord:(161;96),n/a,0,0,0,0,0,0,1,2022-12-30T20:41:41.5895397Z,0
4.749869,102.3150703,Daerah: Kelantan<br>No:5327<br>Hex coord:(162;96),n/a,0,0,0,0,0,0,1,2022-12-30T20:41:42.2710435Z,0
4.742089,102.328617,Daerah: Kelantan<br>No:5328<br>Hex coord:(163;96),n/a,0,0,0,0,0,0,1,2022-12-30T20:41:42.9454140Z,0
4.749869,102.3421637,Daerah: Kelantan<br>No:5329<br>Hex coord:(164;96),n/a,0,0,0,0,0,0,1,2022-12-30T20:41:43.6230466Z,0
4.742089,102.3557104,Daerah: Kelantan<br>No:5330<br>Hex coord:(165;96),n/a,0,0,0,0,0,0,1,2022-12-30T20:41:44.8565631Z,0
4.749869,102.3692571,Daerah: Kelantan<br>No:5331<br>Hex coord:(166;96),n/a,0,0,0,0,0,0,1,2022-12-30T20:41:45.5339787Z,0
4.742089,102.3828038,Daerah: Kelantan<br>No:5332<br>Hex coord:(167;96),n/a,0,0,0,0,0,0,1,2022-12-30T20:41:46.1995997Z,0
4.749869,102.3963505,Daerah: Kelantan<br>No:5333<br>Hex coord:(168;96),n/a,0,0,0,0,0,0,1,2022-12-30T20:41:46.8832313Z,0
4.742089,102.4098972,Daerah: Kelantan<br>No:5334<br>Hex coord:(169;96),n/a,0,0,0,0,0,0,1,2022-12-30T20:41:47.5493077Z,0
4.749869,102.4234439,Daerah: Kelantan<br>No:5335<br>Hex coord:(170;96),n/a,0,0,0,0,0,0,1,2022-12-30T20:41:48.2267795Z,0
4.742089,102.4369906,Daerah: Kelantan<br>No:5336<br>Hex coord:(171;96),n/a,0,0,0,0,0,0,1,2022-12-30T20:41:48.9039925Z,0
4.749869,102.4505373,Daerah: Kelantan<br>No:5337<br>Hex coord:(172;96),n/a,0,0,0,0,0,0,1,2022-12-30T20:41:49.5857413Z,0
4.742089,102.464084,Daerah: Kelantan<br>No:5338<br>Hex coord:(173;96),n/a,0,0,0,0,0,0,1,2022-12-30T20:41:50.2588838Z,0
4.749869,102.4776307,Daerah: Kelantan<br>No:5339<br>Hex coord:(174;96),n/a,0,0,0,0,0,0,1,2022-12-30T20:41:50.9305264Z,0
4.742089,102.4911774,Daerah: Kelantan<br>No:5340<br>Hex coord:(175;96),n/a,0,0,0,0,0,0,1,2022-12-30T20:41:51.6029895Z,0
4.749869,102.5047241,Daerah: Kelantan<br>No:5341<br>Hex coord:(176;96),n/a,0,0,0,0,0,0,1,2022-12-30T20:41:52.2759795Z,0
4.742089,102.5182709,Daerah: Kelantan<br>No:5342<br>Hex coord:(177;96),n/a,0,0,0,0,0,0,1,2022-12-30T20:41:52.9601758Z,0
4.749869,102.5318176,Daerah: Kelantan<br>No:5343<br>Hex coord:(178;96),n/a,0,0,0,0,0,0,1,2022-12-30T20:41:53.6367254Z,0
4.742089,102.5453643,Daerah: Kelantan<br>No:5344<br>Hex coord:(179;96),n/a,0,0,0,0,0,0,1,2022-12-30T20:41:54.3136562Z,0
4.749869,102.558911,Daerah: Kelantan<br>No:5345<br>Hex coord:(180;96),n/a,0,0,0,0,0,0,1,2022-12-30T20:41:54.9866187Z,0
4.742089,102.5724577,Daerah: Kelantan<br>No:5346<br>Hex coord:(181;96),n/a,0,0,0,0,0,0,1,2022-12-30T20:41:55.6554454Z,0
4.749869,102.5860044,Daerah: Kelantan<br>No:5347<br>Hex coord:(182;96),n/a,0,0,0,0,0,0,1,2022-12-30T20:41:56.3286330Z,0
4.734309,101.3938943,Daerah: Kelantan<br>No:5348<br>Hex coord:(94;97),n/a,0,0,0,0,0,0,1,2022-12-30T20:41:56.9981424Z,0
4.726529,101.407441,Daerah: Kelantan<br>No:5349<br>Hex coord:(95;97),n/a,0,0,0,0,0,0,1,2022-12-30T20:41:57.6692047Z,0
4.734309,101.4209877,Daerah: Kelantan<br>No:5350<br>Hex coord:(96;97),n/a,0,0,0,0,0,0,1,2022-12-30T20:41:58.3470147Z,0
4.726529,101.4345344,Daerah: Kelantan<br>No:5351<br>Hex coord:(97;97),n/a,0,0,0,0,0,0,1,2022-12-30T20:41:59.0190511Z,0
4.734309,101.4480811,Daerah: Kelantan<br>No:5352<br>Hex coord:(98;97),n/a,0,0,0,0,0,0,1,2022-12-30T20:41:59.7005650Z,0
4.726529,101.4616278,Daerah: Kelantan<br>No:5353<br>Hex coord:(99;97),n/a,0,0,0,0,0,0,1,2022-12-30T20:42:00.3819992Z,0
4.734309,101.4751745,Daerah: Kelantan<br>No:5354<br>Hex coord:(100;97),n/a,0,0,0,0,0,0,1,2022-12-30T20:42:01.0574981Z,0
4.726529,101.4887212,Daerah: Kelantan<br>No:5355<br>Hex coord:(101;97),n/a,0,0,0,0,0,0,1,2022-12-30T20:42:01.7212486Z,0
4.734309,101.502268,Daerah: Kelantan<br>No:5356<br>Hex coord:(102;97),n/a,0,0,0,0,0,0,1,2022-12-30T20:42:02.3991391Z,0
4.726529,101.5158147,Daerah: Kelantan<br>No:5357<br>Hex coord:(103;97),n/a,0,0,0,0,0,0,1,2022-12-30T20:42:03.0784541Z,0
4.734309,101.5293614,Daerah: Kelantan<br>No:5358<br>Hex coord:(104;97),n/a,0,0,0,0,0,0,1,2022-12-30T20:42:03.7504858Z,0
4.726529,101.5429081,Daerah: Kelantan<br>No:5359<br>Hex coord:(105;97),n/a,0,0,0,0,0,0,1,2022-12-30T20:42:04.4151370Z,0
4.734309,101.5564548,Daerah: Kelantan<br>No:5360<br>Hex coord:(106;97),n/a,0,0,0,0,0,0,1,2022-12-30T20:42:05.0991512Z,0
4.726529,101.5700015,Daerah: Kelantan<br>No:5361<br>Hex coord:(107;97),n/a,0,0,0,0,0,0,1,2022-12-30T20:42:05.7652578Z,0
4.734309,101.5835482,Daerah: Kelantan<br>No:5362<br>Hex coord:(108;97),n/a,0,0,0,0,0,0,1,2022-12-30T20:42:06.4457293Z,0
4.726529,101.5970949,Daerah: Kelantan<br>No:5363<br>Hex coord:(109;97),n/a,0,0,0,0,0,0,1,2022-12-30T20:42:07.1270785Z,0
4.734309,101.6106416,Daerah: Kelantan<br>No:5364<br>Hex coord:(110;97),n/a,0,0,0,0,0,0,1,2022-12-30T20:42:07.7931119Z,0
4.726529,101.6241883,Daerah: Kelantan<br>No:5365<br>Hex coord:(111;97),n/a,0,0,0,0,0,0,1,2022-12-30T20:42:08.4704203Z,0
4.734309,101.637735,Daerah: Kelantan<br>No:5366<br>Hex coord:(112;97),n/a,0,0,0,0,0,0,1,2022-12-30T20:42:09.1431686Z,0
4.726529,101.6512817,Daerah: Kelantan<br>No:5367<br>Hex coord:(113;97),n/a,0,0,0,0,0,0,1,2022-12-30T20:42:09.8105117Z,0
4.734309,101.6648284,Daerah: Kelantan<br>No:5368<br>Hex coord:(114;97),n/a,0,0,0,0,0,0,1,2022-12-30T20:42:10.4955570Z,0
4.726529,101.6783751,Daerah: Kelantan<br>No:5369<br>Hex coord:(115;97),n/a,0,0,0,0,0,0,1,2022-12-30T20:42:11.1674536Z,0
4.734309,101.6919218,Daerah: Kelantan<br>No:5370<br>Hex coord:(116;97),n/a,0,0,0,0,0,0,1,2022-12-30T20:42:11.8443596Z,0
4.726529,101.7054685,Daerah: Kelantan<br>No:5371<br>Hex coord:(117;97),n/a,0,0,0,0,0,0,1,2022-12-30T20:42:12.5294749Z,0
4.734309,101.7190152,Daerah: Kelantan<br>No:5372<br>Hex coord:(118;97),n/a,0,0,0,0,0,0,1,2022-12-30T20:42:13.2085088Z,0
4.726529,101.7325619,Daerah: Kelantan<br>No:5373<br>Hex coord:(119;97),n/a,0,0,0,0,0,0,1,2022-12-30T20:42:13.8737083Z,0
4.734309,101.7461086,Daerah: Kelantan<br>No:5374<br>Hex coord:(120;97),n/a,0,0,0,0,0,0,1,2022-12-30T20:42:14.5419053Z,0
4.726529,101.7596554,Daerah: Kelantan<br>No:5375<br>Hex coord:(121;97),n/a,0,0,0,0,0,0,1,2022-12-30T20:42:15.2139582Z,0
4.734309,101.8273889,Daerah: Kelantan<br>No:5376<br>Hex coord:(126;97),n/a,0,0,0,0,0,0,1,2022-12-30T20:42:15.8811697Z,0
4.734309,101.8544823,Daerah: Kelantan<br>No:5377<br>Hex coord:(128;97),n/a,0,0,0,0,0,0,1,2022-12-30T20:42:16.5484671Z,0
4.726529,101.868029,Daerah: Kelantan<br>No:5378<br>Hex coord:(129;97),n/a,0,0,0,0,0,0,1,2022-12-30T20:42:17.2265974Z,0
4.734309,101.8815757,Daerah: Kelantan<br>No:5379<br>Hex coord:(130;97),n/a,0,0,0,0,0,0,1,2022-12-30T20:42:17.9126039Z,0
4.726529,101.8951224,Daerah: Kelantan<br>No:5380<br>Hex coord:(131;97),n/a,0,0,0,0,0,0,1,2022-12-30T20:42:18.5797368Z,0
4.734309,101.9086691,Daerah: Kelantan<br>No:5381<br>Hex coord:(132;97),n/a,0,0,0,0,0,0,1,2022-12-30T20:42:19.2727507Z,0
4.726529,101.9222158,Daerah: Kelantan<br>No:5382<br>Hex coord:(133;97),n/a,0,0,0,0,0,0,1,2022-12-30T20:42:19.9570739Z,0
4.734309,101.9357625,Daerah: Kelantan<br>No:5383<br>Hex coord:(134;97),n/a,0,0,0,0,0,0,1,2022-12-30T20:42:20.6292752Z,0
4.726529,101.9493092,Daerah: Kelantan<br>No:5384<br>Hex coord:(135;97),n/a,0,0,0,0,0,0,1,2022-12-30T20:42:21.3097380Z,0
4.734309,102.1254164,Daerah: Kelantan<br>No:5385<br>Hex coord:(148;97),n/a,0,0,0,0,0,0,1,2022-12-30T20:42:21.9996357Z,0
4.726529,102.1389631,Daerah: Kelantan<br>No:5386<br>Hex coord:(149;97),n/a,0,0,0,0,0,0,1,2022-12-30T20:42:22.6775582Z,0
4.734309,102.1525098,Daerah: Kelantan<br>No:5387<br>Hex coord:(150;97),n/a,0,0,0,0,0,0,1,2022-12-30T20:42:23.3546492Z,0
4.726529,102.1660565,Daerah: Kelantan<br>No:5388<br>Hex coord:(151;97),n/a,0,0,0,0,0,0,1,2022-12-30T20:42:24.0359865Z,0
4.734309,102.1796032,Daerah: Kelantan<br>No:5389<br>Hex coord:(152;97),n/a,0,0,0,0,0,0,1,2022-12-30T20:42:24.7028501Z,0
4.726529,102.1931499,Daerah: Kelantan<br>No:5390<br>Hex coord:(153;97),n/a,0,0,0,0,0,0,1,2022-12-30T20:42:25.3729009Z,0
4.734309,102.2066966,Daerah: Kelantan<br>No:5391<br>Hex coord:(154;97),n/a,0,0,0,0,0,0,1,2022-12-30T20:42:26.0411710Z,0
4.726529,102.2202433,Daerah: Kelantan<br>No:5392<br>Hex coord:(155;97),n/a,0,0,0,0,0,0,1,2022-12-30T20:42:26.7251724Z,0
4.734309,102.23379,Daerah: Kelantan<br>No:5393<br>Hex coord:(156;97),n/a,0,0,0,0,0,0,1,2022-12-30T20:42:27.3983816Z,0
4.726529,102.2473367,Daerah: Kelantan<br>No:5394<br>Hex coord:(157;97),n/a,0,0,0,0,0,0,1,2022-12-30T20:42:28.0776887Z,0
4.734309,102.2608835,Daerah: Kelantan<br>No:5395<br>Hex coord:(158;97),n/a,0,0,0,0,0,0,1,2022-12-30T20:42:28.7566641Z,0
4.726529,102.2744302,Daerah: Kelantan<br>No:5396<br>Hex coord:(159;97),n/a,0,0,0,0,0,0,1,2022-12-30T20:42:29.4406829Z,0
4.734309,102.2879769,Daerah: Kelantan<br>No:5397<br>Hex coord:(160;97),n/a,0,0,0,0,0,0,1,2022-12-30T20:42:30.1076872Z,0
4.726529,102.3015236,Daerah: Kelantan<br>No:5398<br>Hex coord:(161;97),n/a,0,0,0,0,0,0,1,2022-12-30T20:42:30.7799033Z,0
4.734309,102.3150703,Daerah: Kelantan<br>No:5399<br>Hex coord:(162;97),n/a,0,0,0,0,0,0,1,2022-12-30T20:42:31.4520104Z,0
4.726529,102.328617,Daerah: Kelantan<br>No:5400<br>Hex coord:(163;97),n/a,0,0,0,0,0,0,1,2022-12-30T20:42:32.1330156Z,0
4.734309,102.3421637,Daerah: Kelantan<br>No:5401<br>Hex coord:(164;97),n/a,0,0,0,0,0,0,1,2022-12-30T20:42:32.8031733Z,0
4.726529,102.3557104,Daerah: Kelantan<br>No:5402<br>Hex coord:(165;97),n/a,0,0,0,0,0,0,1,2022-12-30T20:42:33.4866452Z,0
4.734309,102.3692571,Daerah: Kelantan<br>No:5403<br>Hex coord:(166;97),n/a,0,0,0,0,0,0,1,2022-12-30T20:42:34.1561948Z,0
4.726529,102.3828038,Daerah: Kelantan<br>No:5404<br>Hex coord:(167;97),n/a,0,0,0,0,0,0,1,2022-12-30T20:42:34.8215101Z,0
4.734309,102.3963505,Daerah: Kelantan<br>No:5405<br>Hex coord:(168;97),n/a,0,0,0,0,0,0,1,2022-12-30T20:42:35.5040652Z,0
4.726529,102.4098972,Daerah: Kelantan<br>No:5406<br>Hex coord:(169;97),n/a,0,0,0,0,0,0,1,2022-12-30T20:42:36.1713002Z,0
4.734309,102.4234439,Daerah: Kelantan<br>No:5407<br>Hex coord:(170;97),n/a,0,0,0,0,0,0,1,2022-12-30T20:42:36.8518843Z,0
4.726529,102.4369906,Daerah: Kelantan<br>No:5408<br>Hex coord:(171;97),n/a,0,0,0,0,0,0,1,2022-12-30T20:42:37.5321787Z,0
4.734309,102.4505373,Daerah: Kelantan<br>No:5409<br>Hex coord:(172;97),n/a,0,0,0,0,0,0,1,2022-12-30T20:42:38.2089166Z,0
4.726529,102.464084,Daerah: Kelantan<br>No:5410<br>Hex coord:(173;97),n/a,0,0,0,0,0,0,1,2022-12-30T20:42:38.8834625Z,0
4.734309,102.4776307,Daerah: Kelantan<br>No:5411<br>Hex coord:(174;97),n/a,0,0,0,0,0,0,1,2022-12-30T20:42:39.5530421Z,0
4.726529,102.4911774,Daerah: Kelantan<br>No:5412<br>Hex coord:(175;97),n/a,0,0,0,0,0,0,1,2022-12-30T20:42:40.2262813Z,0
4.734309,102.5047241,Daerah: Kelantan<br>No:5413<br>Hex coord:(176;97),n/a,0,0,0,0,0,0,1,2022-12-30T20:42:40.8902491Z,0
4.726529,102.5182709,Daerah: Kelantan<br>No:5414<br>Hex coord:(177;97),n/a,0,0,0,0,0,0,1,2022-12-30T20:42:41.5621829Z,0
4.734309,102.5318176,Daerah: Kelantan<br>No:5415<br>Hex coord:(178;97),n/a,0,0,0,0,0,0,1,2022-12-30T20:42:42.2566441Z,0
4.726529,102.5453643,Daerah: Kelantan<br>No:5416<br>Hex coord:(179;97),n/a,0,0,0,0,0,0,1,2022-12-30T20:42:42.9225356Z,0
4.734309,102.558911,Daerah: Kelantan<br>No:5417<br>Hex coord:(180;97),n/a,0,0,0,0,0,0,1,2022-12-30T20:42:43.6101503Z,0
4.726529,102.5724577,Daerah: Kelantan<br>No:5418<br>Hex coord:(181;97),n/a,0,0,0,0,0,0,1,2022-12-30T20:42:46.6816149Z,0
4.734309,102.5860044,Daerah: Kelantan<br>No:5419<br>Hex coord:(182;97),n/a,0,0,0,0,0,0,1,2022-12-30T20:42:47.3503123Z,0
4.710969,101.3532542,Daerah: Kelantan<br>No:5420<br>Hex coord:(91;98),n/a,0,0,0,0,0,0,1,2022-12-30T20:42:48.0259244Z,0
4.718749,101.3668009,Daerah: Kelantan<br>No:5421<br>Hex coord:(92;98),n/a,0,0,0,0,0,0,1,2022-12-30T20:42:48.6982093Z,0
4.710969,101.3803476,Daerah: Kelantan<br>No:5422<br>Hex coord:(93;98),n/a,0,0,0,0,0,0,1,2022-12-30T20:42:49.3817991Z,0
4.718749,101.3938943,Daerah: Kelantan<br>No:5423<br>Hex coord:(94;98),n/a,0,0,0,0,0,0,1,2022-12-30T20:42:50.0543166Z,0
4.710969,101.407441,Daerah: Kelantan<br>No:5424<br>Hex coord:(95;98),n/a,0,0,0,0,0,0,1,2022-12-30T20:42:50.7292832Z,0
4.718749,101.4209877,Daerah: Kelantan<br>No:5425<br>Hex coord:(96;98),n/a,0,0,0,0,0,0,1,2022-12-30T20:42:51.4145512Z,0
4.710969,101.4345344,Daerah: Kelantan<br>No:5426<br>Hex coord:(97;98),n/a,0,0,0,0,0,0,1,2022-12-30T20:42:52.1019091Z,0
4.718749,101.4480811,Daerah: Kelantan<br>No:5427<br>Hex coord:(98;98),n/a,0,0,0,0,0,0,1,2022-12-30T20:42:52.7787435Z,0
4.710969,101.4616278,Daerah: Kelantan<br>No:5428<br>Hex coord:(99;98),n/a,0,0,0,0,0,0,1,2022-12-30T20:42:53.4544712Z,0
4.718749,101.4751745,Daerah: Kelantan<br>No:5429<br>Hex coord:(100;98),n/a,0,0,0,0,0,0,1,2022-12-30T20:42:54.1250512Z,0
4.710969,101.4887212,Daerah: Kelantan<br>No:5430<br>Hex coord:(101;98),n/a,0,0,0,0,0,0,1,2022-12-30T20:42:54.8631106Z,0
4.718749,101.502268,Daerah: Kelantan<br>No:5431<br>Hex coord:(102;98),n/a,0,0,0,0,0,0,1,2022-12-30T20:42:55.5431468Z,0
4.710969,101.5158147,Daerah: Kelantan<br>No:5432<br>Hex coord:(103;98),n/a,0,0,0,0,0,0,1,2022-12-30T20:42:56.2237272Z,0
4.718749,101.5293614,Daerah: Kelantan<br>No:5433<br>Hex coord:(104;98),n/a,0,0,0,0,0,0,1,2022-12-30T20:42:56.8927622Z,0
4.710969,101.5429081,Daerah: Kelantan<br>No:5434<br>Hex coord:(105;98),n/a,0,0,0,0,0,0,1,2022-12-30T20:42:57.5617510Z,0
4.718749,101.5564548,Daerah: Kelantan<br>No:5435<br>Hex coord:(106;98),n/a,0,0,0,0,0,0,1,2022-12-30T20:42:58.2384148Z,0
4.710969,101.5700015,Daerah: Kelantan<br>No:5436<br>Hex coord:(107;98),n/a,0,0,0,0,0,0,1,2022-12-30T20:42:58.9090695Z,0
4.718749,101.5835482,Daerah: Kelantan<br>No:5437<br>Hex coord:(108;98),n/a,0,0,0,0,0,0,1,2022-12-30T20:42:59.5788428Z,0
4.710969,101.5970949,Daerah: Kelantan<br>No:5438<br>Hex coord:(109;98),n/a,0,0,0,0,0,0,1,2022-12-30T20:43:00.2509237Z,0
4.718749,101.6106416,Daerah: Kelantan<br>No:5439<br>Hex coord:(110;98),n/a,0,0,0,0,0,0,1,2022-12-30T20:43:00.9300899Z,0
4.710969,101.6241883,Daerah: Kelantan<br>No:5440<br>Hex coord:(111;98),n/a,0,0,0,0,0,0,1,2022-12-30T20:43:01.6091397Z,0
4.718749,101.637735,Daerah: Kelantan<br>No:5441<br>Hex coord:(112;98),n/a,0,0,0,0,0,0,1,2022-12-30T20:43:02.2835359Z,0
4.710969,101.6512817,Daerah: Kelantan<br>No:5442<br>Hex coord:(113;98),n/a,0,0,0,0,0,0,1,2022-12-30T20:43:02.9563417Z,0
4.718749,101.6648284,Daerah: Kelantan<br>No:5443<br>Hex coord:(114;98),n/a,0,0,0,0,0,0,1,2022-12-30T20:43:03.6230072Z,0
4.710969,101.6783751,Daerah: Kelantan<br>No:5444<br>Hex coord:(115;98),n/a,0,0,0,0,0,0,1,2022-12-30T20:43:04.2949648Z,0
4.718749,101.6919218,Daerah: Kelantan<br>No:5445<br>Hex coord:(116;98),n/a,0,0,0,0,0,0,1,2022-12-30T20:43:04.9775927Z,0
4.710969,101.7054685,Daerah: Kelantan<br>No:5446<br>Hex coord:(117;98),n/a,0,0,0,0,0,0,1,2022-12-30T20:43:05.6497302Z,0
4.718749,101.7190152,Daerah: Kelantan<br>No:5447<br>Hex coord:(118;98),n/a,0,0,0,0,0,0,1,2022-12-30T20:43:06.3205538Z,0
4.710969,101.7325619,Daerah: Kelantan<br>No:5448<br>Hex coord:(119;98),n/a,0,0,0,0,0,0,1,2022-12-30T20:43:06.9925647Z,0
4.718749,101.7461086,Daerah: Kelantan<br>No:5449<br>Hex coord:(120;98),n/a,0,0,0,0,0,0,1,2022-12-30T20:43:07.6657101Z,0
4.710969,101.7596554,Daerah: Kelantan<br>No:5450<br>Hex coord:(121;98),n/a,0,0,0,0,0,0,1,2022-12-30T20:43:08.3447453Z,0
4.718749,101.7732021,Daerah: Kelantan<br>No:5451<br>Hex coord:(122;98),n/a,0,0,0,0,0,0,1,2022-12-30T20:43:09.0203573Z,0
4.718749,101.8544823,Daerah: Kelantan<br>No:5452<br>Hex coord:(128;98),n/a,0,0,0,0,0,0,1,2022-12-30T20:43:09.6898520Z,0
4.710969,101.868029,Daerah: Kelantan<br>No:5453<br>Hex coord:(129;98),n/a,0,0,0,0,0,0,1,2022-12-30T20:43:10.3572996Z,0
4.718749,101.8815757,Daerah: Kelantan<br>No:5454<br>Hex coord:(130;98),n/a,0,0,0,0,0,0,1,2022-12-30T20:43:11.0317383Z,0
4.710969,101.8951224,Daerah: Kelantan<br>No:5455<br>Hex coord:(131;98),n/a,0,0,0,0,0,0,1,2022-12-30T20:43:11.7429075Z,0
4.718749,101.9086691,Daerah: Kelantan<br>No:5456<br>Hex coord:(132;98),n/a,0,0,0,0,0,0,1,2022-12-30T20:43:12.4178121Z,0
4.710969,101.9222158,Daerah: Kelantan<br>No:5457<br>Hex coord:(133;98),n/a,0,0,0,0,0,0,1,2022-12-30T20:43:13.1109180Z,0
4.718749,101.9357625,Daerah: Kelantan<br>No:5458<br>Hex coord:(134;98),n/a,0,0,0,0,0,0,1,2022-12-30T20:43:13.7842758Z,0
4.718749,102.1525098,Daerah: Kelantan<br>No:5459<br>Hex coord:(150;98),n/a,0,0,0,0,0,0,1,2022-12-30T20:43:14.4560736Z,0
4.710969,102.1660565,Daerah: Kelantan<br>No:5460<br>Hex coord:(151;98),n/a,0,0,0,0,0,0,1,2022-12-30T20:43:15.1302424Z,0
4.718749,102.1796032,Daerah: Kelantan<br>No:5461<br>Hex coord:(152;98),n/a,0,0,0,0,0,0,1,2022-12-30T20:43:15.8013922Z,0
4.710969,102.1931499,Daerah: Kelantan<br>No:5462<br>Hex coord:(153;98),n/a,0,0,0,0,0,0,1,2022-12-30T20:43:16.4792530Z,0
4.718749,102.2066966,Daerah: Kelantan<br>No:5463<br>Hex coord:(154;98),n/a,0,0,0,0,0,0,1,2022-12-30T20:43:17.1485781Z,0
4.710969,102.2202433,Daerah: Kelantan<br>No:5464<br>Hex coord:(155;98),n/a,0,0,0,0,0,0,1,2022-12-30T20:43:17.8311704Z,0
4.718749,102.23379,Daerah: Kelantan<br>No:5465<br>Hex coord:(156;98),n/a,0,0,0,0,0,0,1,2022-12-30T20:43:18.5130565Z,0
4.710969,102.2473367,Daerah: Kelantan<br>No:5466<br>Hex coord:(157;98),n/a,0,0,0,0,0,0,1,2022-12-30T20:43:19.1858034Z,0
4.718749,102.2608835,Daerah: Kelantan<br>No:5467<br>Hex coord:(158;98),n/a,0,0,0,0,0,0,1,2022-12-30T20:43:19.8719347Z,0
4.710969,102.2744302,Daerah: Kelantan<br>No:5468<br>Hex coord:(159;98),n/a,0,0,0,0,0,0,1,2022-12-30T20:43:20.5498106Z,0
4.718749,102.2879769,Daerah: Kelantan<br>No:5469<br>Hex coord:(160;98),n/a,0,0,0,0,0,0,1,2022-12-30T20:43:21.2173037Z,0
4.710969,102.3015236,Daerah: Kelantan<br>No:5470<br>Hex coord:(161;98),n/a,0,0,0,0,0,0,1,2022-12-30T20:43:21.8862008Z,0
4.718749,102.3150703,Daerah: Kelantan<br>No:5471<br>Hex coord:(162;98),n/a,0,0,0,0,0,0,1,2022-12-30T20:43:22.5580488Z,0
4.710969,102.328617,Daerah: Kelantan<br>No:5472<br>Hex coord:(163;98),n/a,0,0,0,0,0,0,1,2022-12-30T20:43:23.2246074Z,0
4.718749,102.3421637,Daerah: Kelantan<br>No:5473<br>Hex coord:(164;98),n/a,0,0,0,0,0,0,1,2022-12-30T20:43:23.9019471Z,0
4.710969,102.3557104,Daerah: Kelantan<br>No:5474<br>Hex coord:(165;98),n/a,0,0,0,0,0,0,1,2022-12-30T20:43:24.5771675Z,0
4.710969,102.464084,Daerah: Kelantan<br>No:5475<br>Hex coord:(173;98),n/a,0,0,0,0,0,0,1,2022-12-30T20:43:25.2401366Z,0
4.718749,102.4776307,Daerah: Kelantan<br>No:5476<br>Hex coord:(174;98),n/a,0,0,0,0,0,0,1,2022-12-30T20:43:25.9128728Z,0
4.710969,102.4911774,Daerah: Kelantan<br>No:5477<br>Hex coord:(175;98),n/a,0,0,0,0,0,0,1,2022-12-30T20:43:26.5854510Z,0
4.718749,102.5047241,Daerah: Kelantan<br>No:5478<br>Hex coord:(176;98),n/a,0,0,0,0,0,0,1,2022-12-30T20:43:27.2673311Z,0
4.710969,102.5182709,Daerah: Kelantan<br>No:5479<br>Hex coord:(177;98),n/a,0,0,0,0,0,0,1,2022-12-30T20:43:27.9323472Z,0
4.718749,102.5318176,Daerah: Kelantan<br>No:5480<br>Hex coord:(178;98),n/a,0,0,0,0,0,0,1,2022-12-30T20:43:28.6548976Z,0
4.718749,102.558911,Daerah: Kelantan<br>No:5481<br>Hex coord:(180;98),n/a,0,0,0,0,0,0,1,2022-12-30T20:43:29.3233886Z,0
4.710969,102.5724577,Daerah: Kelantan<br>No:5482<br>Hex coord:(181;98),n/a,0,0,0,0,0,0,1,2022-12-30T20:43:29.9963314Z,0
4.718749,102.5860044,Daerah: Kelantan<br>No:5483<br>Hex coord:(182;98),n/a,0,0,0,0,0,0,1,2022-12-30T20:43:30.6677963Z,0
4.710969,102.5995511,Daerah: Kelantan<br>No:5484<br>Hex coord:(183;98),n/a,0,0,0,0,0,0,1,2022-12-30T20:43:31.3395495Z,0
4.703189,101.3397075,Daerah: Kelantan<br>No:5485<br>Hex coord:(90;99),n/a,0,0,0,0,0,0,1,2022-12-30T20:43:32.0226275Z,0
4.695409,101.3532542,Daerah: Kelantan<br>No:5486<br>Hex coord:(91;99),n/a,0,0,0,0,0,0,1,2022-12-30T20:43:32.7002037Z,0
4.703189,101.3668009,Daerah: Kelantan<br>No:5487<br>Hex coord:(92;99),n/a,0,0,0,0,0,0,1,2022-12-30T20:43:33.3802126Z,0
4.695409,101.3803476,Daerah: Kelantan<br>No:5488<br>Hex coord:(93;99),n/a,0,0,0,0,0,0,1,2022-12-30T20:43:34.0546846Z,0
4.703189,101.3938943,Daerah: Kelantan<br>No:5489<br>Hex coord:(94;99),n/a,0,0,0,0,0,0,1,2022-12-30T20:43:34.7385308Z,0
4.695409,101.407441,Daerah: Kelantan<br>No:5490<br>Hex coord:(95;99),n/a,0,0,0,0,0,0,1,2022-12-30T20:43:35.4099118Z,0
4.703189,101.4209877,Daerah: Kelantan<br>No:5491<br>Hex coord:(96;99),n/a,0,0,0,0,0,0,1,2022-12-30T20:43:36.0778791Z,0
4.695409,101.4345344,Daerah: Kelantan<br>No:5492<br>Hex coord:(97;99),n/a,0,0,0,0,0,0,1,2022-12-30T20:43:36.7478047Z,0
4.703189,101.4480811,Daerah: Kelantan<br>No:5493<br>Hex coord:(98;99),n/a,0,0,0,0,0,0,1,2022-12-30T20:43:37.4260723Z,0
4.695409,101.4616278,Daerah: Kelantan<br>No:5494<br>Hex coord:(99;99),n/a,0,0,0,0,0,0,1,2022-12-30T20:43:38.0977898Z,0
4.703189,101.4751745,Daerah: Kelantan<br>No:5495<br>Hex coord:(100;99),n/a,0,0,0,0,0,0,1,2022-12-30T20:43:38.7757878Z,0
4.695409,101.4887212,Daerah: Kelantan<br>No:5496<br>Hex coord:(101;99),n/a,0,0,0,0,0,0,1,2022-12-30T20:43:39.4472354Z,0
4.703189,101.502268,Daerah: Kelantan<br>No:5497<br>Hex coord:(102;99),n/a,0,0,0,0,0,0,1,2022-12-30T20:43:40.1230199Z,0
4.695409,101.5158147,Daerah: Kelantan<br>No:5498<br>Hex coord:(103;99),n/a,0,0,0,0,0,0,1,2022-12-30T20:43:40.7980014Z,0
4.703189,101.5293614,Daerah: Kelantan<br>No:5499<br>Hex coord:(104;99),n/a,0,0,0,0,0,0,1,2022-12-30T20:43:41.4700414Z,0
4.695409,101.5429081,Daerah: Kelantan<br>No:5500<br>Hex coord:(105;99),n/a,0,0,0,0,0,0,1,2022-12-30T20:43:42.1473306Z,0
4.703189,101.5564548,Daerah: Kelantan<br>No:5501<br>Hex coord:(106;99),n/a,0,0,0,0,0,0,1,2022-12-30T20:43:42.8087486Z,0
4.695409,101.5700015,Daerah: Kelantan<br>No:5502<br>Hex coord:(107;99),n/a,0,0,0,0,0,0,1,2022-12-30T20:43:43.4849758Z,0
4.703189,101.5835482,Daerah: Kelantan<br>No:5503<br>Hex coord:(108;99),n/a,0,0,0,0,0,0,1,2022-12-30T20:43:44.1568293Z,0
4.695409,101.5970949,Daerah: Kelantan<br>No:5504<br>Hex coord:(109;99),n/a,0,0,0,0,0,0,1,2022-12-30T20:43:44.8259091Z,0
4.703189,101.6106416,Daerah: Kelantan<br>No:5505<br>Hex coord:(110;99),n/a,0,0,0,0,0,0,1,2022-12-30T20:43:45.4958443Z,0
4.695409,101.6241883,Daerah: Kelantan<br>No:5506<br>Hex coord:(111;99),n/a,0,0,0,0,0,0,1,2022-12-30T20:43:46.1653863Z,0
4.703189,101.637735,Daerah: Kelantan<br>No:5507<br>Hex coord:(112;99),n/a,0,0,0,0,0,0,1,2022-12-30T20:43:46.8484002Z,0
4.695409,101.6512817,Daerah: Kelantan<br>No:5508<br>Hex coord:(113;99),n/a,0,0,0,0,0,0,1,2022-12-30T20:43:47.5183637Z,0
4.703189,101.6648284,Daerah: Kelantan<br>No:5509<br>Hex coord:(114;99),n/a,0,0,0,0,0,0,1,2022-12-30T20:43:48.1832735Z,0
4.695409,101.6783751,Daerah: Kelantan<br>No:5510<br>Hex coord:(115;99),n/a,0,0,0,0,0,0,1,2022-12-30T20:43:48.8566360Z,0
4.703189,101.6919218,Daerah: Kelantan<br>No:5511<br>Hex coord:(116;99),n/a,0,0,0,0,0,0,1,2022-12-30T20:43:49.5247580Z,0
4.695409,101.7054685,Daerah: Kelantan<br>No:5512<br>Hex coord:(117;99),n/a,0,0,0,0,0,0,1,2022-12-30T20:43:50.2062767Z,0
4.703189,101.7190152,Daerah: Kelantan<br>No:5513<br>Hex coord:(118;99),n/a,0,0,0,0,0,0,1,2022-12-30T20:43:50.8849327Z,0
4.695409,101.7325619,Daerah: Kelantan<br>No:5514<br>Hex coord:(119;99),n/a,0,0,0,0,0,0,1,2022-12-30T20:43:51.5751691Z,0
4.703189,101.7461086,Daerah: Kelantan<br>No:5515<br>Hex coord:(120;99),n/a,0,0,0,0,0,0,1,2022-12-30T20:43:52.2421313Z,0
4.695409,101.7596554,Daerah: Kelantan<br>No:5516<br>Hex coord:(121;99),n/a,0,0,0,0,0,0,1,2022-12-30T20:43:52.9120708Z,0
4.703189,101.8544823,Daerah: Kelantan<br>No:5517<br>Hex coord:(128;99),n/a,0,0,0,0,0,0,1,2022-12-30T20:43:53.5961577Z,0
4.695409,101.868029,Daerah: Kelantan<br>No:5518<br>Hex coord:(129;99),n/a,0,0,0,0,0,0,1,2022-12-30T20:43:54.2679438Z,0
4.703189,101.8815757,Daerah: Kelantan<br>No:5519<br>Hex coord:(130;99),n/a,0,0,0,0,0,0,1,2022-12-30T20:43:54.9401939Z,0
4.695409,101.8951224,Daerah: Kelantan<br>No:5520<br>Hex coord:(131;99),n/a,0,0,0,0,0,0,1,2022-12-30T20:43:55.6407050Z,0
4.703189,101.9086691,Daerah: Kelantan<br>No:5521<br>Hex coord:(132;99),n/a,0,0,0,0,0,0,1,2022-12-30T20:43:56.3154373Z,0
4.695409,101.9222158,Daerah: Kelantan<br>No:5522<br>Hex coord:(133;99),n/a,0,0,0,0,0,0,1,2022-12-30T20:43:56.9872176Z,0
4.703189,101.9357625,Daerah: Kelantan<br>No:5523<br>Hex coord:(134;99),n/a,0,0,0,0,0,0,1,2022-12-30T20:43:57.8014456Z,0
4.695409,102.1660565,Daerah: Kelantan<br>No:5524<br>Hex coord:(151;99),n/a,0,0,0,0,0,0,1,2022-12-30T20:43:58.4795962Z,0
4.703189,102.1796032,Daerah: Kelantan<br>No:5525<br>Hex coord:(152;99),n/a,0,0,0,0,0,0,1,2022-12-30T20:43:59.1590146Z,0
4.695409,102.1931499,Daerah: Kelantan<br>No:5526<br>Hex coord:(153;99),n/a,0,0,0,0,0,0,1,2022-12-30T20:43:59.8274680Z,0
4.703189,102.2066966,Daerah: Kelantan<br>No:5527<br>Hex coord:(154;99),n/a,0,0,0,0,0,0,1,2022-12-30T20:44:00.5007211Z,0
4.695409,102.2202433,Daerah: Kelantan<br>No:5528<br>Hex coord:(155;99),n/a,0,0,0,0,0,0,1,2022-12-30T20:44:01.1669882Z,0
4.703189,102.23379,Daerah: Kelantan<br>No:5529<br>Hex coord:(156;99),n/a,0,0,0,0,0,0,1,2022-12-30T20:44:01.8538385Z,0
4.695409,102.2473367,Daerah: Kelantan<br>No:5530<br>Hex coord:(157;99),n/a,0,0,0,0,0,0,1,2022-12-30T20:44:02.5202290Z,0
4.703189,102.2608835,Daerah: Kelantan<br>No:5531<br>Hex coord:(158;99),n/a,0,0,0,0,0,0,1,2022-12-30T20:44:03.1881669Z,0
4.695409,102.2744302,Daerah: Kelantan<br>No:5532<br>Hex coord:(159;99),n/a,0,0,0,0,0,0,1,2022-12-30T20:44:03.8586785Z,0
4.703189,102.2879769,Daerah: Kelantan<br>No:5533<br>Hex coord:(160;99),n/a,0,0,0,0,0,0,1,2022-12-30T20:44:04.5297417Z,0
4.695409,102.3015236,Daerah: Kelantan<br>No:5534<br>Hex coord:(161;99),n/a,0,0,0,0,0,0,1,2022-12-30T20:44:05.2011090Z,0
4.703189,102.3150703,Daerah: Kelantan<br>No:5535<br>Hex coord:(162;99),n/a,0,0,0,0,0,0,1,2022-12-30T20:44:05.8719080Z,0
4.695409,102.328617,Daerah: Kelantan<br>No:5536<br>Hex coord:(163;99),n/a,0,0,0,0,0,0,1,2022-12-30T20:44:06.5398495Z,0
4.703189,102.3421637,Daerah: Kelantan<br>No:5537<br>Hex coord:(164;99),n/a,0,0,0,0,0,0,1,2022-12-30T20:44:07.2134531Z,0
4.695409,102.3557104,Daerah: Kelantan<br>No:5538<br>Hex coord:(165;99),n/a,0,0,0,0,0,0,1,2022-12-30T20:44:07.8947409Z,0
4.703189,102.4776307,Daerah: Kelantan<br>No:5539<br>Hex coord:(174;99),n/a,0,0,0,0,0,0,1,2022-12-30T20:44:08.5588073Z,0
4.695409,102.4911774,Daerah: Kelantan<br>No:5540<br>Hex coord:(175;99),n/a,0,0,0,0,0,0,1,2022-12-30T20:44:09.2323515Z,0
4.703189,102.5047241,Daerah: Kelantan<br>No:5541<br>Hex coord:(176;99),n/a,0,0,0,0,0,0,1,2022-12-30T20:44:09.9063219Z,0
4.695409,102.5182709,Daerah: Kelantan<br>No:5542<br>Hex coord:(177;99),n/a,0,0,0,0,0,0,1,2022-12-30T20:44:10.5708563Z,0
4.703189,102.5318176,Daerah: Kelantan<br>No:5543<br>Hex coord:(178;99),n/a,0,0,0,0,0,0,1,2022-12-30T20:44:11.2376029Z,0
4.703189,102.5860044,Daerah: Kelantan<br>No:5544<br>Hex coord:(182;99),n/a,0,0,0,0,0,0,1,2022-12-30T20:44:11.9102543Z,0
4.679849,101.3532542,Daerah: Kelantan<br>No:5545<br>Hex coord:(91;100),n/a,0,0,0,0,0,0,1,2022-12-30T20:44:12.5840835Z,0
4.687629,101.3668009,Daerah: Kelantan<br>No:5546<br>Hex coord:(92;100),n/a,0,0,0,0,0,0,1,2022-12-30T20:44:13.2600066Z,0
4.679849,101.3803476,Daerah: Kelantan<br>No:5547<br>Hex coord:(93;100),n/a,0,0,0,0,0,0,1,2022-12-30T20:44:13.9275076Z,0
4.687629,101.3938943,Daerah: Kelantan<br>No:5548<br>Hex coord:(94;100),n/a,0,0,0,0,0,0,1,2022-12-30T20:44:14.6026811Z,0
4.679849,101.407441,Daerah: Kelantan<br>No:5549<br>Hex coord:(95;100),n/a,0,0,0,0,0,0,1,2022-12-30T20:44:15.2799794Z,0
4.687629,101.4209877,Daerah: Kelantan<br>No:5550<br>Hex coord:(96;100),n/a,0,0,0,0,0,0,1,2022-12-30T20:44:15.9488317Z,0
4.679849,101.4345344,Daerah: Kelantan<br>No:5551<br>Hex coord:(97;100),n/a,0,0,0,0,0,0,1,2022-12-30T20:44:16.6197062Z,0
4.687629,101.4480811,Daerah: Kelantan<br>No:5552<br>Hex coord:(98;100),n/a,0,0,0,0,0,0,1,2022-12-30T20:44:17.2848995Z,0
4.679849,101.4616278,Daerah: Kelantan<br>No:5553<br>Hex coord:(99;100),n/a,0,0,0,0,0,0,1,2022-12-30T20:44:17.9565628Z,0
4.687629,101.4751745,Daerah: Kelantan<br>No:5554<br>Hex coord:(100;100),n/a,0,0,0,0,0,0,1,2022-12-30T20:44:18.6267241Z,0
4.679849,101.4887212,Daerah: Kelantan<br>No:5555<br>Hex coord:(101;100),n/a,0,0,0,0,0,0,1,2022-12-30T20:44:19.2979332Z,0
4.687629,101.502268,Daerah: Kelantan<br>No:5556<br>Hex coord:(102;100),n/a,0,0,0,0,0,0,1,2022-12-30T20:44:19.9758289Z,0
4.679849,101.5158147,Daerah: Kelantan<br>No:5557<br>Hex coord:(103;100),n/a,0,0,0,0,0,0,1,2022-12-30T20:44:20.6540910Z,0
4.687629,101.5293614,Daerah: Kelantan<br>No:5558<br>Hex coord:(104;100),n/a,0,0,0,0,0,0,1,2022-12-30T20:44:21.3302464Z,0
4.679849,101.5429081,Daerah: Kelantan<br>No:5559<br>Hex coord:(105;100),n/a,0,0,0,0,0,0,1,2022-12-30T20:44:22.0155473Z,0
4.687629,101.5564548,Daerah: Kelantan<br>No:5560<br>Hex coord:(106;100),n/a,0,0,0,0,0,0,1,2022-12-30T20:44:22.6919936Z,0
4.679849,101.5700015,Daerah: Kelantan<br>No:5561<br>Hex coord:(107;100),n/a,0,0,0,0,0,0,1,2022-12-30T20:44:23.3661448Z,0
4.687629,101.5835482,Daerah: Kelantan<br>No:5562<br>Hex coord:(108;100),n/a,0,0,0,0,0,0,1,2022-12-30T20:44:24.0422806Z,0
4.679849,101.5970949,Daerah: Kelantan<br>No:5563<br>Hex coord:(109;100),n/a,0,0,0,0,0,0,1,2022-12-30T20:44:24.7141497Z,0
4.687629,101.6106416,Daerah: Kelantan<br>No:5564<br>Hex coord:(110;100),n/a,0,0,0,0,0,0,1,2022-12-30T20:44:25.3903129Z,0
4.679849,101.6241883,Daerah: Kelantan<br>No:5565<br>Hex coord:(111;100),n/a,0,0,0,0,0,0,1,2022-12-30T20:44:26.0854826Z,0
4.687629,101.637735,Daerah: Kelantan<br>No:5566<br>Hex coord:(112;100),n/a,0,0,0,0,0,0,1,2022-12-30T20:44:26.7588264Z,0
4.679849,101.6512817,Daerah: Kelantan<br>No:5567<br>Hex coord:(113;100),n/a,0,0,0,0,0,0,1,2022-12-30T20:44:27.4409440Z,0
4.687629,101.6648284,Daerah: Kelantan<br>No:5568<br>Hex coord:(114;100),n/a,0,0,0,0,0,0,1,2022-12-30T20:44:28.1237736Z,0
4.679849,101.6783751,Daerah: Kelantan<br>No:5569<br>Hex coord:(115;100),n/a,0,0,0,0,0,0,1,2022-12-30T20:44:28.8030533Z,0
4.687629,101.6919218,Daerah: Kelantan<br>No:5570<br>Hex coord:(116;100),n/a,0,0,0,0,0,0,1,2022-12-30T20:44:29.4745231Z,0
4.679849,101.7054685,Daerah: Kelantan<br>No:5571<br>Hex coord:(117;100),n/a,0,0,0,0,0,0,1,2022-12-30T20:44:30.1409624Z,0
4.687629,101.7190152,Daerah: Kelantan<br>No:5572<br>Hex coord:(118;100),n/a,0,0,0,0,0,0,1,2022-12-30T20:44:30.8106175Z,0
4.679849,101.7325619,Daerah: Kelantan<br>No:5573<br>Hex coord:(119;100),n/a,0,0,0,0,0,0,1,2022-12-30T20:44:31.4882895Z,0
4.687629,101.7461086,Daerah: Kelantan<br>No:5574<br>Hex coord:(120;100),n/a,0,0,0,0,0,0,1,2022-12-30T20:44:32.1687677Z,0
4.679849,101.7596554,Daerah: Kelantan<br>No:5575<br>Hex coord:(121;100),n/a,0,0,0,0,0,0,1,2022-12-30T20:44:32.8386135Z,0
4.687629,101.8815757,Daerah: Kelantan<br>No:5576<br>Hex coord:(130;100),n/a,0,0,0,0,0,0,1,2022-12-30T20:44:33.5078651Z,0
4.679849,101.8951224,Daerah: Kelantan<br>No:5577<br>Hex coord:(131;100),n/a,0,0,0,0,0,0,1,2022-12-30T20:44:34.1775791Z,0
4.687629,101.9086691,Daerah: Kelantan<br>No:5578<br>Hex coord:(132;100),n/a,0,0,0,0,0,0,1,2022-12-30T20:44:34.8482021Z,0
4.679849,101.9222158,Daerah: Kelantan<br>No:5579<br>Hex coord:(133;100),n/a,0,0,0,0,0,0,1,2022-12-30T20:44:35.5177039Z,0
4.687629,101.9357625,Daerah: Kelantan<br>No:5580<br>Hex coord:(134;100),n/a,0,0,0,0,0,0,1,2022-12-30T20:44:36.1891260Z,0
4.687629,102.1796032,Daerah: Kelantan<br>No:5581<br>Hex coord:(152;100),n/a,0,0,0,0,0,0,1,2022-12-30T20:44:36.8600538Z,0
4.679849,102.1931499,Daerah: Kelantan<br>No:5582<br>Hex coord:(153;100),n/a,0,0,0,0,0,0,1,2022-12-30T20:44:37.5349156Z,0
4.687629,102.2066966,Daerah: Kelantan<br>No:5583<br>Hex coord:(154;100),n/a,0,0,0,0,0,0,1,2022-12-30T20:44:38.2050488Z,0
4.679849,102.2202433,Daerah: Kelantan<br>No:5584<br>Hex coord:(155;100),n/a,0,0,0,0,0,0,1,2022-12-30T20:44:38.8880625Z,0
4.687629,102.23379,Daerah: Kelantan<br>No:5585<br>Hex coord:(156;100),n/a,0,0,0,0,0,0,1,2022-12-30T20:44:39.5682708Z,0
4.679849,102.2473367,Daerah: Kelantan<br>No:5586<br>Hex coord:(157;100),n/a,0,0,0,0,0,0,1,2022-12-30T20:44:40.2401132Z,0
4.687629,102.2608835,Daerah: Kelantan<br>No:5587<br>Hex coord:(158;100),n/a,0,0,0,0,0,0,1,2022-12-30T20:44:40.9206971Z,0
4.679849,102.2744302,Daerah: Kelantan<br>No:5588<br>Hex coord:(159;100),n/a,0,0,0,0,0,0,1,2022-12-30T20:44:41.5910303Z,0
4.687629,102.2879769,Daerah: Kelantan<br>No:5589<br>Hex coord:(160;100),n/a,0,0,0,0,0,0,1,2022-12-30T20:44:42.2696563Z,0
4.679849,102.3015236,Daerah: Kelantan<br>No:5590<br>Hex coord:(161;100),n/a,0,0,0,0,0,0,1,2022-12-30T20:44:42.9407731Z,0
4.687629,102.3150703,Daerah: Kelantan<br>No:5591<br>Hex coord:(162;100),n/a,0,0,0,0,0,0,1,2022-12-30T20:44:43.6117299Z,0
4.679849,102.328617,Daerah: Kelantan<br>No:5592<br>Hex coord:(163;100),n/a,0,0,0,0,0,0,1,2022-12-30T20:44:46.6572243Z,0
4.687629,102.3421637,Daerah: Kelantan<br>No:5593<br>Hex coord:(164;100),n/a,0,0,0,0,0,0,1,2022-12-30T20:44:47.3310506Z,0
4.679849,102.3557104,Daerah: Kelantan<br>No:5594<br>Hex coord:(165;100),n/a,0,0,0,0,0,0,1,2022-12-30T20:44:48.0093281Z,0
4.687629,102.5047241,Daerah: Kelantan<br>No:5595<br>Hex coord:(176;100),n/a,0,0,0,0,0,0,1,2022-12-30T20:44:48.6785925Z,0
4.672069,101.3668009,Daerah: Kelantan<br>No:5596<br>Hex coord:(92;101),n/a,0,0,0,0,0,0,1,2022-12-30T20:44:49.3510785Z,0
4.664289,101.3803476,Daerah: Kelantan<br>No:5597<br>Hex coord:(93;101),n/a,0,0,0,0,0,0,1,2022-12-30T20:44:50.0172220Z,0
4.672069,101.3938943,Daerah: Kelantan<br>No:5598<br>Hex coord:(94;101),n/a,0,0,0,0,0,0,1,2022-12-30T20:44:50.6960859Z,0
4.664289,101.407441,Daerah: Kelantan<br>No:5599<br>Hex coord:(95;101),n/a,0,0,0,0,0,0,1,2022-12-30T20:44:51.3624418Z,0
4.672069,101.4209877,Daerah: Kelantan<br>No:5600<br>Hex coord:(96;101),n/a,0,0,0,0,0,0,1,2022-12-30T20:44:52.0427160Z,0
4.664289,101.4345344,Daerah: Kelantan<br>No:5601<br>Hex coord:(97;101),n/a,0,0,0,0,0,0,1,2022-12-30T20:44:52.7158800Z,0
4.672069,101.4480811,Daerah: Kelantan<br>No:5602<br>Hex coord:(98;101),n/a,0,0,0,0,0,0,1,2022-12-30T20:44:53.3880822Z,0
4.664289,101.4616278,Daerah: Kelantan<br>No:5603<br>Hex coord:(99;101),n/a,0,0,0,0,0,0,1,2022-12-30T20:44:54.0565282Z,0
4.672069,101.4751745,Daerah: Kelantan<br>No:5604<br>Hex coord:(100;101),n/a,0,0,0,0,0,0,1,2022-12-30T20:44:54.7362872Z,0
4.664289,101.4887212,Daerah: Kelantan<br>No:5605<br>Hex coord:(101;101),n/a,0,0,0,0,0,0,1,2022-12-30T20:44:55.4074262Z,0
4.672069,101.502268,Daerah: Kelantan<br>No:5606<br>Hex coord:(102;101),n/a,0,0,0,0,0,0,1,2022-12-30T20:44:56.0773526Z,0
4.664289,101.5158147,Daerah: Kelantan<br>No:5607<br>Hex coord:(103;101),n/a,0,0,0,0,0,0,1,2022-12-30T20:44:56.7455773Z,0
4.672069,101.5293614,Daerah: Kelantan<br>No:5608<br>Hex coord:(104;101),n/a,0,0,0,0,0,0,1,2022-12-30T20:44:57.4131423Z,0
4.664289,101.5429081,Daerah: Kelantan<br>No:5609<br>Hex coord:(105;101),n/a,0,0,0,0,0,0,1,2022-12-30T20:44:58.1003895Z,0
4.672069,101.5564548,Daerah: Kelantan<br>No:5610<br>Hex coord:(106;101),n/a,0,0,0,0,0,0,1,2022-12-30T20:44:58.7715592Z,0
4.664289,101.5700015,Daerah: Kelantan<br>No:5611<br>Hex coord:(107;101),n/a,0,0,0,0,0,0,1,2022-12-30T20:44:59.4442068Z,0
4.672069,101.5835482,Daerah: Kelantan<br>No:5612<br>Hex coord:(108;101),n/a,0,0,0,0,0,0,1,2022-12-30T20:45:00.1281990Z,0
4.664289,101.5970949,Daerah: Kelantan<br>No:5613<br>Hex coord:(109;101),n/a,0,0,0,0,0,0,1,2022-12-30T20:45:00.8171039Z,0
4.672069,101.6106416,Daerah: Kelantan<br>No:5614<br>Hex coord:(110;101),n/a,0,0,0,0,0,0,1,2022-12-30T20:45:01.4938908Z,0
4.664289,101.6241883,Daerah: Kelantan<br>No:5615<br>Hex coord:(111;101),n/a,0,0,0,0,0,0,1,2022-12-30T20:45:02.1653759Z,0
4.672069,101.637735,Daerah: Kelantan<br>No:5616<br>Hex coord:(112;101),n/a,0,0,0,0,0,0,1,2022-12-30T20:45:02.8378016Z,0
4.664289,101.6512817,Daerah: Kelantan<br>No:5617<br>Hex coord:(113;101),n/a,0,0,0,0,0,0,1,2022-12-30T20:45:03.5091938Z,0
4.672069,101.6648284,Daerah: Kelantan<br>No:5618<br>Hex coord:(114;101),n/a,0,0,0,0,0,0,1,2022-12-30T20:45:04.1948547Z,0
4.664289,101.6783751,Daerah: Kelantan<br>No:5619<br>Hex coord:(115;101),n/a,0,0,0,0,0,0,1,2022-12-30T20:45:04.8645886Z,0
4.672069,101.6919218,Daerah: Kelantan<br>No:5620<br>Hex coord:(116;101),n/a,0,0,0,0,0,0,1,2022-12-30T20:45:05.5389382Z,0
4.664289,101.7054685,Daerah: Kelantan<br>No:5621<br>Hex coord:(117;101),n/a,0,0,0,0,0,0,1,2022-12-30T20:45:06.2134342Z,0
4.672069,101.7190152,Daerah: Kelantan<br>No:5622<br>Hex coord:(118;101),n/a,0,0,0,0,0,0,1,2022-12-30T20:45:06.8886955Z,0
4.664289,101.7325619,Daerah: Kelantan<br>No:5623<br>Hex coord:(119;101),n/a,0,0,0,0,0,0,1,2022-12-30T20:45:07.5632384Z,0
4.672069,101.7461086,Daerah: Kelantan<br>No:5624<br>Hex coord:(120;101),n/a,0,0,0,0,0,0,1,2022-12-30T20:45:08.2354151Z,0
4.664289,101.7596554,Daerah: Kelantan<br>No:5625<br>Hex coord:(121;101),n/a,0,0,0,0,0,0,1,2022-12-30T20:45:08.9060460Z,0
4.664289,101.8951224,Daerah: Kelantan<br>No:5626<br>Hex coord:(131;101),n/a,0,0,0,0,0,0,1,2022-12-30T20:45:09.5744504Z,0
4.672069,101.9086691,Daerah: Kelantan<br>No:5627<br>Hex coord:(132;101),n/a,0,0,0,0,0,0,1,2022-12-30T20:45:10.2490814Z,0
4.664289,101.9222158,Daerah: Kelantan<br>No:5628<br>Hex coord:(133;101),n/a,0,0,0,0,0,0,1,2022-12-30T20:45:10.9473328Z,0
4.672069,101.9357625,Daerah: Kelantan<br>No:5629<br>Hex coord:(134;101),n/a,0,0,0,0,0,0,1,2022-12-30T20:45:11.6218488Z,0
4.672069,102.1796032,Daerah: Kelantan<br>No:5630<br>Hex coord:(152;101),n/a,0,0,0,0,0,0,1,2022-12-30T20:45:12.2962546Z,0
4.664289,102.1931499,Daerah: Kelantan<br>No:5631<br>Hex coord:(153;101),n/a,0,0,0,0,0,0,1,2022-12-30T20:45:12.9680354Z,0
4.672069,102.2066966,Daerah: Kelantan<br>No:5632<br>Hex coord:(154;101),n/a,0,0,0,0,0,0,1,2022-12-30T20:45:13.6436101Z,0
4.664289,102.2202433,Daerah: Kelantan<br>No:5633<br>Hex coord:(155;101),n/a,0,0,0,0,0,0,1,2022-12-30T20:45:14.3251919Z,0
4.672069,102.23379,Daerah: Kelantan<br>No:5634<br>Hex coord:(156;101),n/a,0,0,0,0,0,0,1,2022-12-30T20:45:14.9947720Z,0
4.672069,102.2608835,Daerah: Kelantan<br>No:5635<br>Hex coord:(158;101),n/a,0,0,0,0,0,0,1,2022-12-30T20:45:15.6692444Z,0
4.672069,102.2879769,Daerah: Kelantan<br>No:5636<br>Hex coord:(160;101),n/a,0,0,0,0,0,0,1,2022-12-30T20:45:16.3508846Z,0
4.664289,102.3015236,Daerah: Kelantan<br>No:5637<br>Hex coord:(161;101),n/a,0,0,0,0,0,0,1,2022-12-30T20:45:17.0322808Z,0
4.672069,102.3150703,Daerah: Kelantan<br>No:5638<br>Hex coord:(162;101),n/a,0,0,0,0,0,0,1,2022-12-30T20:45:17.7140484Z,0
4.664289,102.328617,Daerah: Kelantan<br>No:5639<br>Hex coord:(163;101),n/a,0,0,0,0,0,0,1,2022-12-30T20:45:18.3828933Z,0
4.672069,102.3421637,Daerah: Kelantan<br>No:5640<br>Hex coord:(164;101),n/a,0,0,0,0,0,0,1,2022-12-30T20:45:19.0649517Z,0
4.656509,101.3668009,Daerah: Kelantan<br>No:5641<br>Hex coord:(92;102),n/a,0,0,0,0,0,0,1,2022-12-30T20:45:19.7333551Z,0
4.648729,101.3803476,Daerah: Kelantan<br>No:5642<br>Hex coord:(93;102),n/a,0,0,0,0,0,0,1,2022-12-30T20:45:20.3996231Z,0
4.656509,101.3938943,Daerah: Kelantan<br>No:5643<br>Hex coord:(94;102),n/a,0,0,0,0,0,0,1,2022-12-30T20:45:21.1455010Z,0
4.648729,101.407441,Daerah: Kelantan<br>No:5644<br>Hex coord:(95;102),n/a,0,0,0,0,0,0,1,2022-12-30T20:45:21.8245036Z,0
4.656509,101.4209877,Daerah: Kelantan<br>No:5645<br>Hex coord:(96;102),n/a,0,0,0,0,0,0,1,2022-12-30T20:45:22.5055887Z,0
4.648729,101.4345344,Daerah: Kelantan<br>No:5646<br>Hex coord:(97;102),n/a,0,0,0,0,0,0,1,2022-12-30T20:45:23.1885814Z,0
4.656509,101.4480811,Daerah: Kelantan<br>No:5647<br>Hex coord:(98;102),n/a,0,0,0,0,0,0,1,2022-12-30T20:45:23.8641893Z,0
4.648729,101.4616278,Daerah: Kelantan<br>No:5648<br>Hex coord:(99;102),n/a,0,0,0,0,0,0,1,2022-12-30T20:45:24.5401721Z,0
4.656509,101.4751745,Daerah: Kelantan<br>No:5649<br>Hex coord:(100;102),n/a,0,0,0,0,0,0,1,2022-12-30T20:45:25.2139158Z,0
4.648729,101.4887212,Daerah: Kelantan<br>No:5650<br>Hex coord:(101;102),n/a,0,0,0,0,0,0,1,2022-12-30T20:45:25.8959907Z,0
4.656509,101.502268,Daerah: Kelantan<br>No:5651<br>Hex coord:(102;102),n/a,0,0,0,0,0,0,1,2022-12-30T20:45:26.5668791Z,0
4.648729,101.5158147,Daerah: Kelantan<br>No:5652<br>Hex coord:(103;102),n/a,0,0,0,0,0,0,1,2022-12-30T20:45:27.2410962Z,0
4.656509,101.5293614,Daerah: Kelantan<br>No:5653<br>Hex coord:(104;102),n/a,0,0,0,0,0,0,1,2022-12-30T20:45:27.9121105Z,0
4.648729,101.5429081,Daerah: Kelantan<br>No:5654<br>Hex coord:(105;102),n/a,0,0,0,0,0,0,1,2022-12-30T20:45:28.5857773Z,0
4.656509,101.5564548,Daerah: Kelantan<br>No:5655<br>Hex coord:(106;102),n/a,0,0,0,0,0,0,1,2022-12-30T20:45:29.2679788Z,0
4.648729,101.5700015,Daerah: Kelantan<br>No:5656<br>Hex coord:(107;102),n/a,0,0,0,0,0,0,1,2022-12-30T20:45:29.9412390Z,0
4.656509,101.5835482,Daerah: Kelantan<br>No:5657<br>Hex coord:(108;102),n/a,0,0,0,0,0,0,1,2022-12-30T20:45:30.6048885Z,0
4.648729,101.5970949,Daerah: Kelantan<br>No:5658<br>Hex coord:(109;102),n/a,0,0,0,0,0,0,1,2022-12-30T20:45:31.2744882Z,0
4.656509,101.6106416,Daerah: Kelantan<br>No:5659<br>Hex coord:(110;102),n/a,0,0,0,0,0,0,1,2022-12-30T20:45:31.9475725Z,0
4.648729,101.6241883,Daerah: Kelantan<br>No:5660<br>Hex coord:(111;102),n/a,0,0,0,0,0,0,1,2022-12-30T20:45:32.6292127Z,0
4.656509,101.637735,Daerah: Kelantan<br>No:5661<br>Hex coord:(112;102),n/a,0,0,0,0,0,0,1,2022-12-30T20:45:33.3565879Z,0
4.648729,101.6512817,Daerah: Kelantan<br>No:5662<br>Hex coord:(113;102),n/a,0,0,0,0,0,0,1,2022-12-30T20:45:34.0340456Z,0
4.656509,101.6648284,Daerah: Kelantan<br>No:5663<br>Hex coord:(114;102),n/a,0,0,0,0,0,0,1,2022-12-30T20:45:34.7061663Z,0
4.648729,101.6783751,Daerah: Kelantan<br>No:5664<br>Hex coord:(115;102),n/a,0,0,0,0,0,0,1,2022-12-30T20:45:35.3790220Z,0
4.656509,101.6919218,Daerah: Kelantan<br>No:5665<br>Hex coord:(116;102),n/a,0,0,0,0,0,0,1,2022-12-30T20:45:36.0536358Z,0
4.648729,101.7054685,Daerah: Kelantan<br>No:5666<br>Hex coord:(117;102),n/a,0,0,0,0,0,0,1,2022-12-30T20:45:36.7364968Z,0
4.656509,101.7190152,Daerah: Kelantan<br>No:5667<br>Hex coord:(118;102),n/a,0,0,0,0,0,0,1,2022-12-30T20:45:37.4202842Z,0
4.648729,101.7325619,Daerah: Kelantan<br>No:5668<br>Hex coord:(119;102),n/a,0,0,0,0,0,0,1,2022-12-30T20:45:38.0882390Z,0
4.656509,101.7461086,Daerah: Kelantan<br>No:5669<br>Hex coord:(120;102),n/a,0,0,0,0,0,0,1,2022-12-30T20:45:38.7728095Z,0
4.648729,101.7596554,Daerah: Kelantan<br>No:5670<br>Hex coord:(121;102),n/a,0,0,0,0,0,0,1,2022-12-30T20:45:39.4421922Z,0
4.648729,101.8951224,Daerah: Kelantan<br>No:5671<br>Hex coord:(131;102),n/a,0,0,0,0,0,0,1,2022-12-30T20:45:40.1095996Z,0
4.656509,101.9086691,Daerah: Kelantan<br>No:5672<br>Hex coord:(132;102),n/a,0,0,0,0,0,0,1,2022-12-30T20:45:40.7910396Z,0
4.656509,102.2066966,Daerah: Kelantan<br>No:5673<br>Hex coord:(154;102),n/a,0,0,0,0,0,0,1,2022-12-30T20:45:41.4630909Z,0
4.648729,102.2202433,Daerah: Kelantan<br>No:5674<br>Hex coord:(155;102),n/a,0,0,0,0,0,0,1,2022-12-30T20:45:42.1385586Z,0
4.656509,102.3150703,Daerah: Kelantan<br>No:5675<br>Hex coord:(162;102),n/a,0,0,0,0,0,0,1,2022-12-30T20:45:42.8108370Z,0
4.648729,102.328617,Daerah: Kelantan<br>No:5676<br>Hex coord:(163;102),n/a,0,0,0,0,0,0,1,2022-12-30T20:45:43.4790289Z,0
4.633169,101.3803476,Daerah: Kelantan<br>No:5677<br>Hex coord:(93;103),n/a,0,0,0,0,0,0,1,2022-12-30T20:45:44.1479086Z,0
4.640949,101.3938943,Daerah: Kelantan<br>No:5678<br>Hex coord:(94;103),n/a,0,0,0,0,0,0,1,2022-12-30T20:45:49.6373714Z,0
4.633169,101.407441,Daerah: Kelantan<br>No:5679<br>Hex coord:(95;103),n/a,0,0,0,0,0,0,1,2022-12-30T20:45:50.3078295Z,0
4.640949,101.4209877,Daerah: Kelantan<br>No:5680<br>Hex coord:(96;103),n/a,0,0,0,0,0,0,1,2022-12-30T20:45:51.0098959Z,0
4.633169,101.4345344,Daerah: Kelantan<br>No:5681<br>Hex coord:(97;103),n/a,0,0,0,0,0,0,1,2022-12-30T20:45:51.6900543Z,0
4.640949,101.4480811,Daerah: Kelantan<br>No:5682<br>Hex coord:(98;103),n/a,0,0,0,0,0,0,1,2022-12-30T20:45:52.3773976Z,0
4.633169,101.4616278,Daerah: Kelantan<br>No:5683<br>Hex coord:(99;103),n/a,0,0,0,0,0,0,1,2022-12-30T20:45:53.0482646Z,0
4.640949,101.4751745,Daerah: Kelantan<br>No:5684<br>Hex coord:(100;103),n/a,0,0,0,0,0,0,1,2022-12-30T20:45:53.7334084Z,0
4.633169,101.4887212,Daerah: Kelantan<br>No:5685<br>Hex coord:(101;103),n/a,0,0,0,0,0,0,1,2022-12-30T20:45:54.3994346Z,0
4.640949,101.502268,Daerah: Kelantan<br>No:5686<br>Hex coord:(102;103),n/a,0,0,0,0,0,0,1,2022-12-30T20:45:55.0690852Z,0
4.633169,101.5158147,Daerah: Kelantan<br>No:5687<br>Hex coord:(103;103),n/a,0,0,0,0,0,0,1,2022-12-30T20:45:55.7456188Z,0
4.640949,101.5293614,Daerah: Kelantan<br>No:5688<br>Hex coord:(104;103),n/a,0,0,0,0,0,0,1,2022-12-30T20:45:56.4165193Z,0
4.633169,101.5429081,Daerah: Kelantan<br>No:5689<br>Hex coord:(105;103),n/a,0,0,0,0,0,0,1,2022-12-30T20:45:57.0851134Z,0
4.640949,101.5564548,Daerah: Kelantan<br>No:5690<br>Hex coord:(106;103),n/a,0,0,0,0,0,0,1,2022-12-30T20:45:57.7696588Z,0
4.633169,101.5700015,Daerah: Kelantan<br>No:5691<br>Hex coord:(107;103),n/a,0,0,0,0,0,0,1,2022-12-30T20:45:58.4453225Z,0
4.640949,101.5835482,Daerah: Kelantan<br>No:5692<br>Hex coord:(108;103),n/a,0,0,0,0,0,0,1,2022-12-30T20:45:59.1331940Z,0
4.633169,101.5970949,Daerah: Kelantan<br>No:5693<br>Hex coord:(109;103),n/a,0,0,0,0,0,0,1,2022-12-30T20:45:59.7982378Z,0
4.640949,101.6106416,Daerah: Kelantan<br>No:5694<br>Hex coord:(110;103),n/a,0,0,0,0,0,0,1,2022-12-30T20:46:00.4690800Z,0
4.633169,101.6241883,Daerah: Kelantan<br>No:5695<br>Hex coord:(111;103),n/a,0,0,0,0,0,0,1,2022-12-30T20:46:01.1399225Z,0
4.640949,101.637735,Daerah: Kelantan<br>No:5696<br>Hex coord:(112;103),n/a,0,0,0,0,0,0,1,2022-12-30T20:46:01.8141470Z,0
4.633169,101.6512817,Daerah: Kelantan<br>No:5697<br>Hex coord:(113;103),n/a,0,0,0,0,0,0,1,2022-12-30T20:46:02.4919972Z,0
4.640949,101.6648284,Daerah: Kelantan<br>No:5698<br>Hex coord:(114;103),n/a,0,0,0,0,0,0,1,2022-12-30T20:46:03.1677725Z,0
4.633169,101.6783751,Daerah: Kelantan<br>No:5699<br>Hex coord:(115;103),n/a,0,0,0,0,0,0,1,2022-12-30T20:46:03.8505343Z,0
4.640949,101.6919218,Daerah: Kelantan<br>No:5700<br>Hex coord:(116;103),n/a,0,0,0,0,0,0,1,2022-12-30T20:46:04.5214053Z,0
4.633169,101.7054685,Daerah: Kelantan<br>No:5701<br>Hex coord:(117;103),n/a,0,0,0,0,0,0,1,2022-12-30T20:46:05.1935530Z,0
4.640949,101.7190152,Daerah: Kelantan<br>No:5702<br>Hex coord:(118;103),n/a,0,0,0,0,0,0,1,2022-12-30T20:46:05.8628862Z,0
4.640949,101.7461086,Daerah: Kelantan<br>No:5703<br>Hex coord:(120;103),n/a,0,0,0,0,0,0,1,2022-12-30T20:46:06.5325986Z,0
4.633169,101.8951224,Daerah: Kelantan<br>No:5704<br>Hex coord:(131;103),n/a,0,0,0,0,0,0,1,2022-12-30T20:46:07.1999901Z,0
4.640949,101.9086691,Daerah: Kelantan<br>No:5705<br>Hex coord:(132;103),n/a,0,0,0,0,0,0,1,2022-12-30T20:46:07.8738635Z,0
4.625389,101.3938943,Daerah: Kelantan<br>No:5706<br>Hex coord:(94;104),n/a,0,0,0,0,0,0,1,2022-12-30T20:46:08.5463454Z,0
4.625389,101.4209877,Daerah: Kelantan<br>No:5707<br>Hex coord:(96;104),n/a,0,0,0,0,0,0,1,2022-12-30T20:46:09.2196879Z,0
4.617609,101.4345344,Daerah: Kelantan<br>No:5708<br>Hex coord:(97;104),n/a,0,0,0,0,0,0,1,2022-12-30T20:46:09.8927274Z,0
4.625389,101.4480811,Daerah: Kelantan<br>No:5709<br>Hex coord:(98;104),n/a,0,0,0,0,0,0,1,2022-12-30T20:46:10.5611730Z,0
4.617609,101.4616278,Daerah: Kelantan<br>No:5710<br>Hex coord:(99;104),n/a,0,0,0,0,0,0,1,2022-12-30T20:46:11.2355607Z,0
4.625389,101.4751745,Daerah: Kelantan<br>No:5711<br>Hex coord:(100;104),n/a,0,0,0,0,0,0,1,2022-12-30T20:46:11.9122112Z,0
4.617609,101.4887212,Daerah: Kelantan<br>No:5712<br>Hex coord:(101;104),n/a,0,0,0,0,0,0,1,2022-12-30T20:46:12.5914936Z,0
4.625389,101.502268,Daerah: Kelantan<br>No:5713<br>Hex coord:(102;104),n/a,0,0,0,0,0,0,1,2022-12-30T20:46:13.2698036Z,0
4.625389,101.5293614,Daerah: Kelantan<br>No:5714<br>Hex coord:(104;104),n/a,0,0,0,0,0,0,1,2022-12-30T20:46:13.9411367Z,0
4.617609,101.5429081,Daerah: Kelantan<br>No:5715<br>Hex coord:(105;104),n/a,0,0,0,0,0,0,1,2022-12-30T20:46:14.6172180Z,0
4.625389,101.5564548,Daerah: Kelantan<br>No:5716<br>Hex coord:(106;104),n/a,0,0,0,0,0,0,1,2022-12-30T20:46:15.2891136Z,0
4.617609,101.5700015,Daerah: Kelantan<br>No:5717<br>Hex coord:(107;104),n/a,0,0,0,0,0,0,1,2022-12-30T20:46:15.9704654Z,0
4.625389,101.5835482,Daerah: Kelantan<br>No:5718<br>Hex coord:(108;104),n/a,0,0,0,0,0,0,1,2022-12-30T20:46:16.6454210Z,0
4.617609,101.5970949,Daerah: Kelantan<br>No:5719<br>Hex coord:(109;104),n/a,0,0,0,0,0,0,1,2022-12-30T20:46:17.3230842Z,0
4.625389,101.6106416,Daerah: Kelantan<br>No:5720<br>Hex coord:(110;104),n/a,0,0,0,0,0,0,1,2022-12-30T20:46:17.9974703Z,0
4.617609,101.6241883,Daerah: Kelantan<br>No:5721<br>Hex coord:(111;104),n/a,0,0,0,0,0,0,1,2022-12-30T20:46:18.6724491Z,0
4.625389,101.637735,Daerah: Kelantan<br>No:5722<br>Hex coord:(112;104),n/a,0,0,0,0,0,0,1,2022-12-30T20:46:19.6933107Z,0
4.617609,101.6512817,Daerah: Kelantan<br>No:5723<br>Hex coord:(113;104),n/a,0,0,0,0,0,0,1,2022-12-30T20:46:20.3682135Z,0
4.625389,101.6648284,Daerah: Kelantan<br>No:5724<br>Hex coord:(114;104),n/a,0,0,0,0,0,0,1,2022-12-30T20:46:21.0353105Z,0
4.617609,101.6783751,Daerah: Kelantan<br>No:5725<br>Hex coord:(115;104),n/a,0,0,0,0,0,0,1,2022-12-30T20:46:21.7076838Z,0
4.625389,101.6919218,Daerah: Kelantan<br>No:5726<br>Hex coord:(116;104),n/a,0,0,0,0,0,0,1,2022-12-30T20:46:22.3819997Z,0
4.617609,101.7054685,Daerah: Kelantan<br>No:5727<br>Hex coord:(117;104),n/a,0,0,0,0,0,0,1,2022-12-30T20:46:23.0509315Z,0
4.625389,101.7190152,Daerah: Kelantan<br>No:5728<br>Hex coord:(118;104),n/a,0,0,0,0,0,0,1,2022-12-30T20:46:23.7360779Z,0
4.625389,101.7461086,Daerah: Kelantan<br>No:5729<br>Hex coord:(120;104),n/a,0,0,0,0,0,0,1,2022-12-30T20:46:24.4045019Z,0
4.625389,101.9086691,Daerah: Kelantan<br>No:5730<br>Hex coord:(132;104),n/a,0,0,0,0,0,0,1,2022-12-30T20:46:25.0828682Z,0
4.609829,101.4480811,Daerah: Kelantan<br>No:5731<br>Hex coord:(98;105),n/a,0,0,0,0,0,0,1,2022-12-30T20:46:25.7546338Z,0
4.602049,101.4616278,Daerah: Kelantan<br>No:5732<br>Hex coord:(99;105),n/a,0,0,0,0,0,0,1,2022-12-30T20:46:26.4264753Z,0
4.609829,101.4751745,Daerah: Kelantan<br>No:5733<br>Hex coord:(100;105),n/a,0,0,0,0,0,0,1,2022-12-30T20:46:27.0927343Z,0
4.609829,101.5564548,Daerah: Kelantan<br>No:5734<br>Hex coord:(106;105),n/a,0,0,0,0,0,0,1,2022-12-30T20:46:27.7680970Z,0
4.602049,101.5700015,Daerah: Kelantan<br>No:5735<br>Hex coord:(107;105),n/a,0,0,0,0,0,0,1,2022-12-30T20:46:28.4445330Z,0
4.609829,101.5835482,Daerah: Kelantan<br>No:5736<br>Hex coord:(108;105),n/a,0,0,0,0,0,0,1,2022-12-30T20:46:29.1110854Z,0
4.602049,101.5970949,Daerah: Kelantan<br>No:5737<br>Hex coord:(109;105),n/a,0,0,0,0,0,0,1,2022-12-30T20:46:29.7759826Z,0
4.609829,101.6106416,Daerah: Kelantan<br>No:5738<br>Hex coord:(110;105),n/a,0,0,0,0,0,0,1,2022-12-30T20:46:30.4490497Z,0
4.602049,101.6241883,Daerah: Kelantan<br>No:5739<br>Hex coord:(111;105),n/a,0,0,0,0,0,0,1,2022-12-30T20:46:31.1310124Z,0
4.609829,101.637735,Daerah: Kelantan<br>No:5740<br>Hex coord:(112;105),n/a,0,0,0,0,0,0,1,2022-12-30T20:46:31.8043583Z,0
4.602049,101.6512817,Daerah: Kelantan<br>No:5741<br>Hex coord:(113;105),n/a,0,0,0,0,0,0,1,2022-12-30T20:46:32.4741187Z,0
4.609829,101.6648284,Daerah: Kelantan<br>No:5742<br>Hex coord:(114;105),n/a,0,0,0,0,0,0,1,2022-12-30T20:46:33.1431819Z,0
4.594269,101.4480811,Daerah: Kelantan<br>No:5743<br>Hex coord:(98;106),n/a,0,0,0,0,0,0,1,2022-12-30T20:46:33.8188694Z,0
4.594269,101.5564548,Daerah: Kelantan<br>No:5744<br>Hex coord:(106;106),n/a,0,0,0,0,0,0,1,2022-12-30T20:46:34.4844190Z,0
4.594269,101.5835482,Daerah: Kelantan<br>No:5745<br>Hex coord:(108;106),n/a,0,0,0,0,0,0,1,2022-12-30T20:46:35.1544439Z,0
4.586489,101.5970949,Daerah: Kelantan<br>No:5746<br>Hex coord:(109;106),n/a,0,0,0,0,0,0,1,2022-12-30T20:46:35.8377768Z,0
4.594269,101.6106416,Daerah: Kelantan<br>No:5747<br>Hex coord:(110;106),n/a,0,0,0,0,0,0,1,2022-12-30T20:46:36.5193107Z,0
4.586489,101.6241883,Daerah: Kelantan<br>No:5748<br>Hex coord:(111;106),n/a,0,0,0,0,0,0,1,2022-12-30T20:46:37.1921971Z,0
4.594269,101.637735,Daerah: Kelantan<br>No:5749<br>Hex coord:(112;106),n/a,0,0,0,0,0,0,1,2022-12-30T20:46:37.8629280Z,0
4.586489,101.6512817,Daerah: Kelantan<br>No:5750<br>Hex coord:(113;106),n/a,0,0,0,0,0,0,1,2022-12-30T20:46:38.5302583Z,0
4.594269,101.6648284,Daerah: Kelantan<br>No:5751<br>Hex coord:(114;106),n/a,0,0,0,0,0,0,1,2022-12-30T20:46:39.2006378Z,0
4.578709,101.5835482,Daerah: Kelantan<br>No:5752<br>Hex coord:(108;107),n/a,0,0,0,0,0,0,1,2022-12-30T20:46:39.8746285Z,0
4.578709,101.6106416,Daerah: Kelantan<br>No:5753<br>Hex coord:(110;107),n/a,0,0,0,0,0,0,1,2022-12-30T20:46:40.5392603Z,0
4.570929,101.6241883,Daerah: Kelantan<br>No:5754<br>Hex coord:(111;107),n/a,0,0,0,0,0,0,1,2022-12-30T20:46:41.2156512Z,0
4.578709,101.637735,Daerah: Kelantan<br>No:5755<br>Hex coord:(112;107),n/a,0,0,0,0,0,0,1,2022-12-30T20:46:41.8846147Z,0
4.570929,101.6512817,Daerah: Kelantan<br>No:5756<br>Hex coord:(113;107),n/a,0,0,0,0,0,0,1,2022-12-30T20:46:42.5658901Z,0