lat,lon,label,placename,weeklyactive,totalactive,weeklyrecovered,totalrecovered,weeklydeaths,totaldeaths,weight,timestamp,reserved
3.081137,101.583322,Daerah: Subang Jaya<br>No:1<br>Hex coord:(5;0),7. Jalan SS 16/1. SS 16. 47500 Subang Jaya. Selangor. Malaysia,50 ,0,0,0,0,0,1,2022-04-27T02:30:17.6685018Z,0
3.081137,101.596812,Daerah: Subang Jaya<br>No:2<br>Hex coord:(7;0),Grand Dorsett Hotel Subang. Ss 12. 47500 Petaling Jaya. Selangor. Malaysia,60 ,0,0,0,0,0,1,2022-04-27T02:30:19.4273976Z,0
3.073357,101.569832,Daerah: Subang Jaya<br>No:3<br>Hex coord:(3;1),Unnamed Road. Subang Hi-tech Industrial Park. 40150 Shah Alam. Selangor. Malaysia,34 ,0,0,0,0,0,1,2022-04-27T02:30:21.3457261Z,0
3.077247,101.576577,Daerah: Subang Jaya<br>No:4<br>Hex coord:(4;1),138. Jalan SS 19/1f. Ss 19. 47500 Subang Jaya. Selangor. Malaysia,24 ,0,0,0,0,0,1,2022-04-27T02:30:22.6262324Z,0
3.073357,101.583322,Daerah: Subang Jaya<br>No:5<br>Hex coord:(5;1),27. Jalan SS 17/2. Ss 17. 47500 Subang Jaya. Selangor. Malaysia,59 ,0,0,0,0,0,1,2022-04-27T02:30:24.4067127Z,0
3.077247,101.590067,Daerah: Subang Jaya<br>No:6<br>Hex coord:(6;1),CT06-17. Corporate Tower Subang Suqare. Jla SS 15/4G. Ss 15. 47500 Subang Jaya. Selangor. Malaysia,68 ,0,0,0,0,0,1,2022-04-27T02:30:25.5722120Z,0
3.073357,101.596812,Daerah: Subang Jaya<br>No:7<br>Hex coord:(7;1),45. Jalan SS 12/4. Ss 12. 47500 Subang Jaya. Selangor. Malaysia,69 ,0,0,0,0,0,1,2022-04-27T02:30:26.7366161Z,0
3.073357,101.610302,Daerah: Subang Jaya<br>No:8<br>Hex coord:(9;1),NO 22. 2 & 22-3. Jalan PJS 11/28a. Bandar Sunway. 47500 Subang Jaya. Selangor. Malaysia,109 ,0,0,0,0,0,1,2022-04-27T02:30:28.5242018Z,0
3.065577,101.556342,Daerah: Subang Jaya<br>No:9<br>Hex coord:(1;2),KG Kebun Bunga Seksyen 22. Kampung Kebun Bunga. 40300 Shah Alam. Selangor. Malaysia,59 ,0,0,0,0,0,1,2022-04-27T02:30:30.4438331Z,0
3.069467,101.563087,Daerah: Subang Jaya<br>No:10<br>Hex coord:(2;2),175. Persiaran Teknologi Subang. Taman Teknologi Tinggi Subang. 40400 Shah Alam. Selangor. Malaysia,57 ,0,0,0,0,0,1,2022-04-27T02:30:31.5884907Z,0
3.065577,101.569832,Daerah: Subang Jaya<br>No:11<br>Hex coord:(3;2),38. Jalan Delima 1/1. Subang Hi-tech Industrial Park. 40000 Shah Alam. Selangor. Malaysia,42 ,0,0,0,0,0,1,2022-04-27T02:30:33.3181668Z,0
3.069467,101.576577,Daerah: Subang Jaya<br>No:12<br>Hex coord:(4;2),56. Jalan SS 19/5b. Ss 19. 47500 Subang Jaya. Selangor. Malaysia,44 ,0,0,0,0,0,1,2022-04-27T02:30:34.6484282Z,0
3.065577,101.583322,Daerah: Subang Jaya<br>No:13<br>Hex coord:(5;2),37. Jalan SS 18/5. Ss18. 47500 Subang Jaya. Selangor. Malaysia,70 ,0,0,0,0,0,1,2022-04-27T02:30:35.9627276Z,0
3.069467,101.590067,Daerah: Subang Jaya<br>No:14<br>Hex coord:(6;2),78. Jalan SS 14. Ss 14. 47500 Subang Jaya. Selangor. Malaysia,57 ,0,0,0,0,0,1,2022-04-27T02:30:37.7228193Z,0
3.065577,101.596812,Daerah: Subang Jaya<br>No:15<br>Hex coord:(7;2),8. Jalan SS 13/7. Subang Jaya Industrial Estate. 47500 Subang Jaya. Selangor. Malaysia,39 ,0,0,0,0,0,1,2022-04-27T02:30:39.4600102Z,0
3.069467,101.603557,Daerah: Subang Jaya<br>No:16<br>Hex coord:(8;2),1. Jalan PJS 11/7. Bandar Sunway. 47500 Petaling Jaya. Selangor. Malaysia,70 ,0,0,0,0,0,1,2022-04-27T02:30:40.6084453Z,0
3.065577,101.610302,Daerah: Subang Jaya<br>No:17<br>Hex coord:(9;2),E-06-09. Sunway Geo Avenue. 2. Jalan Lagoon Selatan. Bandar Sunway. 47500 Subang Jaya. Selangor. Malaysia,70 ,0,0,0,0,0,1,2022-04-27T02:30:41.8970617Z,0
3.069467,101.617047,Daerah: Subang Jaya<br>No:18<br>Hex coord:(10;2),3. Lorong PJS 7/15f. Bandar Sunway. 47500 Petaling Jaya. Selangor. Malaysia,78 ,0,0,0,0,0,1,2022-04-27T02:30:43.6640055Z,0
3.065577,101.623792,Daerah: Subang Jaya<br>No:19<br>Hex coord:(11;2),14. Jalan Tiong 2. Bandar Puchong Jaya. 47100 Puchong. Selangor. Malaysia,86 ,0,0,0,0,0,1,2022-04-27T02:30:45.4434230Z,0
3.069467,101.630537,Daerah: Subang Jaya<br>No:20<br>Hex coord:(12;2),38. Jalan TK 5/15. Taman Kinrara. 47190 Puchong. Selangor. Malaysia,128 ,0,0,0,0,0,1,2022-04-27T02:30:47.3971594Z,0
3.065577,101.637282,Daerah: Subang Jaya<br>No:21<br>Hex coord:(13;2),2. Jalan TK 4/8. Taman Kinrara. 47190 Puchong. Selangor. Malaysia,129 ,0,0,0,0,0,1,2022-04-27T02:30:49.3427319Z,0
3.069467,101.644027,Daerah: Subang Jaya<br>No:22<br>Hex coord:(14;2),31. Jalan TK 2/1d. Taman Kinrara. 47180 Puchong. Selangor. Malaysia,104 ,0,0,0,0,0,1,2022-04-27T02:30:50.5279583Z,0
3.061687,101.563087,Daerah: Subang Jaya<br>No:23<br>Hex coord:(2;3),1. Persiaran Teknologi Subang. Subang Hi-tech Industrial Park. 40150 Subang Jaya. Selangor. Malaysia,25 ,0,0,0,0,0,1,2022-04-27T02:30:52.3278327Z,0
3.057797,101.569832,Daerah: Subang Jaya<br>No:24<br>Hex coord:(3;3),12. Jalan USJ 3c/6. Usj 3. 47600 Subang Jaya. Selangor. Malaysia,47 ,0,0,0,0,0,1,2022-04-27T02:30:54.1001499Z,0
3.061687,101.576577,Daerah: Subang Jaya<br>No:25<br>Hex coord:(4;3),3. Jalan USJ 3/2c. Usj 3. 47600 Subang Jaya. Selangor. Malaysia,66 ,0,0,0,0,0,1,2022-04-27T02:30:55.4592848Z,0
3.057797,101.583322,Daerah: Subang Jaya<br>No:26<br>Hex coord:(5;3),36. Jalan USJ 2/5l. Usj 2. 47600 Subang Jaya. Selangor. Malaysia,82 ,0,0,0,0,0,1,2022-04-27T02:30:56.6123767Z,0
3.061687,101.590067,Daerah: Subang Jaya<br>No:27<br>Hex coord:(6;3),86. Jalan USJ 2/2m. Usj 2. 47600 Subang Jaya. Selangor. Malaysia,57 ,0,0,0,0,0,1,2022-04-27T02:30:57.7686778Z,0
3.057797,101.596812,Daerah: Subang Jaya<br>No:28<br>Hex coord:(7;3),672. Persiaran Subang Permai. Subang Light Industrial Park. 47500 Subang Jaya. Selangor. Malaysia,66 ,0,0,0,0,0,1,2022-04-27T02:30:59.7711822Z,0
3.061687,101.603557,Daerah: Subang Jaya<br>No:29<br>Hex coord:(8;3),Jalan Tasik Selatan. 47500 Subang Jaya. Selangor. Malaysia,59 ,0,0,0,0,0,1,2022-04-27T02:31:02.1329317Z,0
3.057797,101.610302,Daerah: Subang Jaya<br>No:30<br>Hex coord:(9;3),Lebuhraya Shah Alam. 47500 Subang Jaya. Selangor. Malaysia,34 ,0,0,0,0,0,1,2022-04-27T02:31:03.3296829Z,0
3.061687,101.617047,Daerah: Subang Jaya<br>No:31<br>Hex coord:(10;3),Jalan Taylors. 47500 Petaling Jaya. Selangor. Malaysia,89 ,0,0,0,0,0,1,2022-04-27T02:31:04.5667030Z,0
3.057797,101.623792,Daerah: Subang Jaya<br>No:32<br>Hex coord:(11;3),72. Jalan Merak 7. Bandar Puchong Jaya. 47100 Puchong. Selangor. Malaysia,77 ,0,0,0,0,0,1,2022-04-27T02:31:06.7710872Z,0
3.061687,101.630537,Daerah: Subang Jaya<br>No:33<br>Hex coord:(12;3),8. Jalan BK1/17. Taman Perindustrian Bandar Kinrara. 6 1/2 Jalan Puchong. Puchong. 47100. Puchong. Selangor. Bandar Puchong Jaya. 47100 Puchong. Selangor. Malaysia,90 ,0,0,0,0,0,1,2022-04-27T02:31:08.7185481Z,0
3.057797,101.637282,Daerah: Subang Jaya<br>No:34<br>Hex coord:(13;3),8. Jalan 24. Taman Bukit Kuchai. 47100 Puchong. Selangor. Malaysia,88 ,0,0,0,0,0,1,2022-04-27T02:31:10.6621044Z,0
3.061687,101.644027,Daerah: Subang Jaya<br>No:35<br>Hex coord:(14;3),Batu 8 3498. Jalan Puchong. Taman Paik Siong. 47180 Puchong. Selangor. Malaysia,118 ,0,0,0,0,0,1,2022-04-27T02:31:11.9543873Z,0
3.050017,101.556342,Daerah: Subang Jaya<br>No:36<br>Hex coord:(1;4),3. Jalan Pinggiran USJ 1/11. Taman Pinggiran Usj. 47630 Subang Jaya. Selangor. Malaysia,52 ,0,0,0,0,0,1,2022-04-27T02:31:14.2749960Z,0
3.053907,101.563087,Daerah: Subang Jaya<br>No:37<br>Hex coord:(2;4),22. Jalan Usj Heights 3/2g. Usj Heights. 47600 Subang Jaya. Selangor. Malaysia,54 ,0,0,0,0,0,1,2022-04-27T02:31:16.4663765Z,0
3.050017,101.569832,Daerah: Subang Jaya<br>No:38<br>Hex coord:(3;4),USJ 3A Lake and Park. 1. Jalan USJ 3a/8. Usj 3. 47600 Subang Jaya. Selangor. Malaysia,28 ,0,0,0,0,0,1,2022-04-27T02:31:19.7555648Z,0
3.053907,101.576577,Daerah: Subang Jaya<br>No:39<br>Hex coord:(4;4),Tadika Cerdik. 47610 Subang Jaya. Selangor. Malaysia,55 ,0,0,0,0,0,1,2022-04-27T02:31:22.1797533Z,0
3.050017,101.583322,Daerah: Subang Jaya<br>No:40<br>Hex coord:(5;4),Wisma Uep. Jalan USJ 10/1a. Usj 10. 47620 Subang Jaya. Selangor. Malaysia,75 ,0,0,0,0,0,1,2022-04-27T02:31:24.2225417Z,0
3.053907,101.590067,Daerah: Subang Jaya<br>No:41<br>Hex coord:(6;4),12. Jalan USJ 6/1b. Usj 6. 47610 Subang Jaya. Selangor. Malaysia,61 ,0,0,0,0,0,1,2022-04-27T02:31:25.6905938Z,0
3.050017,101.596812,Daerah: Subang Jaya<br>No:42<br>Hex coord:(7;4),15. Jalan Subang 3. Ultramine Industrial Park. 47500 Subang Jaya. Selangor. Malaysia,54 ,0,0,0,0,0,1,2022-04-27T02:31:27.8989144Z,0
3.053907,101.603557,Daerah: Subang Jaya<br>No:43<br>Hex coord:(8;4),88. Jalan USJ 1/2a. Taman Subang Permai. 47600 Subang Jaya. Selangor. Malaysia,38 ,0,0,0,0,0,1,2022-04-27T02:31:30.1112194Z,0
3.050017,101.610302,Daerah: Subang Jaya<br>No:44<br>Hex coord:(9;4),Unnamed Road. Bandar Puchong Jaya. 47100 Puchong. Selangor. Malaysia,10 ,0,0,0,0,0,1,2022-04-27T02:31:32.2007081Z,0
3.053907,101.617047,Daerah: Subang Jaya<br>No:45<br>Hex coord:(10;4),l6. Lebuhraya Damansara - Puchong. Bandar Puchong Jaya. 47100 Puchong. Selangor. Malaysia,46 ,0,0,0,0,0,1,2022-04-27T02:31:34.2221073Z,0
3.050017,101.623792,Daerah: Subang Jaya<br>No:46<br>Hex coord:(11;4),11. Jalan Kenari 12b. Bandar Puchong Jaya. 47100 Puchong. Selangor. Malaysia,86 ,0,0,0,0,0,1,2022-04-27T02:31:35.8251626Z,0
3.053907,101.630537,Daerah: Subang Jaya<br>No:47<br>Hex coord:(12;4),75. Jalan 3. Taman Tenaga. 47100 Puchong. Selangor. Malaysia,94 ,0,0,0,0,0,1,2022-04-27T02:31:37.5767862Z,0
3.050017,101.637282,Daerah: Subang Jaya<br>No:48<br>Hex coord:(13;4),20. Jalan BK 3/8f. Bandar Kinrara 3. 47180 Puchong. Selangor. Malaysia,73 ,0,0,0,0,0,1,2022-04-27T02:31:39.3310483Z,0
3.053907,101.644027,Daerah: Subang Jaya<br>No:49<br>Hex coord:(14;4),63. Jalan BK 2/10. Bandar Kinrara 2. 47180 Puchong. Selangor. Malaysia,96 ,0,0,0,0,0,1,2022-04-27T02:31:41.0832096Z,0
3.050017,101.650772,Daerah: Subang Jaya<br>No:50<br>Hex coord:(15;4),4. JALN. Jalan BK 9/1d. Bandar Kinrara 9. 47180 Puchong. Selangor. Malaysia,79 ,0,0,0,0,0,1,2022-04-27T02:31:42.8672837Z,0
3.053907,101.657517,Daerah: Subang Jaya<br>No:51<br>Hex coord:(16;4),26. Jalan BK 9/5b. Bandar Kinrara 9. 47180 Puchong. Selangor. Malaysia,87 ,0,0,0,0,0,1,2022-04-27T02:31:44.6494563Z,0
3.042237,101.556342,Daerah: Subang Jaya<br>No:52<br>Hex coord:(1;5),17. Jalan TP 7/7. Taman Perindustrian Uep. 40400 Shah Alam. Selangor. Malaysia,28 ,0,0,0,0,0,1,2022-04-27T02:31:45.7941764Z,0
3.046127,101.563087,Daerah: Subang Jaya<br>No:53<br>Hex coord:(2;5),No 20. Jalan TP 5. Taman Perindustrian UEP. 47600. Subang Jaya. Selangor,35 ,0,0,0,0,0,1,2022-04-27T02:31:46.9453071Z,0
3.042237,101.569832,Daerah: Subang Jaya<br>No:54<br>Hex coord:(3;5),9. Jalan TP 3. Taman Perindustrian Uep. 47600 Subang Jaya. Selangor. Malaysia,28 ,0,0,0,0,0,1,2022-04-27T02:31:48.0948538Z,0
3.046127,101.576577,Daerah: Subang Jaya<br>No:55<br>Hex coord:(4;5),81. Jalan USJ 11/4j. Usj 2. 47620 Subang Jaya. Selangor. Malaysia,47 ,0,0,0,0,0,1,2022-04-27T02:31:49.2494349Z,0
3.042237,101.583322,Daerah: Subang Jaya<br>No:56<br>Hex coord:(5;5),6. Jalan USJ 9/3k. Usj 9. 47620 Subang Jaya. Selangor. Malaysia,80 ,0,0,0,0,0,1,2022-04-27T02:31:51.0028759Z,0
3.046127,101.590067,Daerah: Subang Jaya<br>No:57<br>Hex coord:(6;5),Suite 1.123. Persiaran Kewajipan. Usj 8. Selangor. Usj 8. 47610 Subang Jaya. Selangor. Malaysia,71 ,0,0,0,0,0,1,2022-04-27T02:31:52.7869522Z,0
3.042237,101.596812,Daerah: Subang Jaya<br>No:58<br>Hex coord:(7;5),11742. Persiaran Subang Indah. Taman Indah Subang Uep. 47500 Subang Jaya. Selangor. Malaysia,61 ,0,0,0,0,0,1,2022-04-27T02:31:53.9336738Z,0
3.046127,101.603557,Daerah: Subang Jaya<br>No:59<br>Hex coord:(8;5),30. Jalan Industri USJ 1/1. Subang Jaya Industrial Estate. 47600 Subang Jaya. Selangor. Malaysia,25 ,0,0,0,0,0,1,2022-04-27T02:31:55.0807099Z,0
3.042237,101.610302,Daerah: Subang Jaya<br>No:60<br>Hex coord:(9;5),Jalan Perindustrian Puchong. 47100 Puchong. Selangor. Malaysia,25 ,0,0,0,0,0,1,2022-04-27T02:31:56.6245597Z,0
3.046127,101.617047,Daerah: Subang Jaya<br>No:61<br>Hex coord:(10;5),23. Lebuhraya Damansara - Puchong. Bandar Puchong Jaya. 47100 Puchong. Selangor. Malaysia,37 ,0,0,0,0,0,1,2022-04-27T02:31:57.7801028Z,0
3.042237,101.623792,Daerah: Subang Jaya<br>No:62<br>Hex coord:(11;5),8a. Jalan Tempua 2. Bandar Puchong Jaya. 47100 Puchong. Selangor. Malaysia,71 ,0,0,0,0,0,1,2022-04-27T02:31:58.9475351Z,0
3.046127,101.630537,Daerah: Subang Jaya<br>No:63<br>Hex coord:(12;5),5. Jalan Tempua 17. Bandar Puchong Jaya. 47100 Puchong. Selangor. Malaysia,84 ,0,0,0,0,0,1,2022-04-27T02:32:00.7092361Z,0
3.042237,101.637282,Daerah: Subang Jaya<br>No:64<br>Hex coord:(13;5),20. Jalan Tbk 1/4. Taman Bukit Kinrara. 47100 Puchong. Selangor. Malaysia,76 ,0,0,0,0,0,1,2022-04-27T02:32:01.8710944Z,0
3.046127,101.644027,Daerah: Subang Jaya<br>No:65<br>Hex coord:(14;5),33. Jalan BK 5a/1. Bandar Kinrara 5. 47180 Puchong. Selangor. Malaysia,72 ,0,0,0,0,0,1,2022-04-27T02:32:03.0328114Z,0
3.042237,101.650772,Daerah: Subang Jaya<br>No:66<br>Hex coord:(15;5),Jalan BK 6a/2c. Bandar Kinrara 6. 47180 Puchong. Selangor. Malaysia,64 ,0,0,0,0,0,1,2022-04-27T02:32:04.3149909Z,0
3.042237,101.664262,Daerah: Subang Jaya<br>No:67<br>Hex coord:(17;5),6. Jalan BK 6b/1c. Bandar Kinrara. 47180 Puchong. Selangor. Malaysia,23 ,0,0,0,0,0,1,2022-04-27T02:32:05.4556795Z,0
3.042237,101.691242,Daerah: Subang Jaya<br>No:68<br>Hex coord:(21;5),Dewan Serbaguna MPSJ. 43300 Seri Kembangan. Selangor. Malaysia,54 ,0,0,0,0,0,1,2022-04-27T02:32:07.2173179Z,0
3.042237,101.704732,Daerah: Subang Jaya<br>No:69<br>Hex coord:(23;5),7. Jalan Utama. Taman Serdang Raya. 43300 Seri Kembangan. Selangor. Malaysia,42 ,0,0,0,0,0,1,2022-04-27T02:32:09.1558923Z,0
3.046127,101.711477,Daerah: Subang Jaya<br>No:70<br>Hex coord:(24;5),Unnamed Road. Mines Wellness City. 43300 Seri Kembangan. Selangor. Malaysia,24 ,0,0,0,0,0,1,2022-04-27T02:32:10.4146767Z,0
3.042237,101.718222,Daerah: Subang Jaya<br>No:71<br>Hex coord:(25;5),Jalan Kedua Emas 1. Mines Wellness City. 43300 Seri Kembangan. Selangor. Malaysia,4 ,0,0,0,0,0,1,2022-04-27T02:32:12.1829599Z,0
3.038347,101.576577,Daerah: Subang Jaya<br>No:72<br>Hex coord:(4;6),9. Jalan USJ 12/3. Usj 12. 47630 Subang Jaya. Selangor. Malaysia,54 ,0,0,0,0,0,1,2022-04-27T02:32:13.9342921Z,0
3.034457,101.583322,Daerah: Subang Jaya<br>No:73<br>Hex coord:(5;6),50. Jalan USJ 18/2c. Usj 18. 47630 Subang Jaya. Selangor. Malaysia,59 ,0,0,0,0,0,1,2022-04-27T02:32:16.6843400Z,0
3.038347,101.590067,Daerah: Subang Jaya<br>No:74<br>Hex coord:(6;6),V1-00-11. Good Year Court 9. Jln USJ 14/1. 47630 Subang Jaya. Selangor. Usj 14. 47630 Subang Jaya. Selangor. Malaysia,74 ,0,0,0,0,0,1,2022-04-27T02:32:18.4664438Z,0
3.034457,101.596812,Daerah: Subang Jaya<br>No:75<br>Hex coord:(7;6),8. Jalan Subang 6. Taman Indah Subang Uep. 47630 Subang Jaya. Selangor. Malaysia,42 ,0,0,0,0,0,1,2022-04-27T02:32:20.2401879Z,0
3.038347,101.603557,Daerah: Subang Jaya<br>No:76<br>Hex coord:(8;6),Jalan Metro 1/12. 47100 Puchong. Selangor. Malaysia,24 ,0,0,0,0,0,1,2022-04-27T02:32:21.9846411Z,0
3.034457,101.610302,Daerah: Subang Jaya<br>No:77<br>Hex coord:(9;6),32a. Jalan Tmp 7c. Mutiara Puchong. 47100 Puchong. Selangor. Malaysia,50 ,0,0,0,0,0,1,2022-04-27T02:32:23.1442361Z,0
3.038347,101.617047,Daerah: Subang Jaya<br>No:78<br>Hex coord:(10;6),262. Jalan Perindustrian Puchong. Pusat Bandar Puchong. 47100 Puchong. Selangor. Malaysia,61 ,0,0,0,0,0,1,2022-04-27T02:32:24.8836590Z,0
3.034457,101.623792,Daerah: Subang Jaya<br>No:79<br>Hex coord:(11;6),3. Jalan Wawasan 3/1. Pusat Bandar Puchong. 47100 Puchong. Selangor. Malaysia,102 ,0,0,0,0,0,1,2022-04-27T02:32:26.6589914Z,0
3.038347,101.630537,Daerah: Subang Jaya<br>No:80<br>Hex coord:(12;6),90a. Jalan Bayan. Bandar Puchong Jaya. 47100 Puchong. Selangor. Malaysia,80 ,0,0,0,0,0,1,2022-04-27T02:32:28.4238073Z,0
3.034457,101.637282,Daerah: Subang Jaya<br>No:81<br>Hex coord:(13;6),32. Jalan BK 5b/1. Bandar Kinrara 5. 47180 Puchong. Selangor. Malaysia,29 ,0,0,0,0,0,1,2022-04-27T02:32:29.5715156Z,0
3.038347,101.644027,Daerah: Subang Jaya<br>No:82<br>Hex coord:(14;6),77. Jalan BK 5/11e. Bandar Kinrara 5. 47180 Puchong. Selangor. Malaysia,55 ,0,0,0,0,0,1,2022-04-27T02:32:31.3325855Z,0
3.034457,101.650772,Daerah: Subang Jaya<br>No:83<br>Hex coord:(15;6),30. Jalan BK 5d/2c. 47180 Puchong. Selangor. Malaysia,16 ,0,0,0,0,0,1,2022-04-27T02:32:32.5484963Z,0
3.038347,101.657517,Daerah: Subang Jaya<br>No:84<br>Hex coord:(16;6),44. Jalan BK 6b/11. Bandar Kinrara. 47180 Puchong. Selangor. Malaysia,26 ,0,0,0,0,0,1,2022-04-27T02:32:33.6974087Z,0
3.034457,101.664262,Daerah: Subang Jaya<br>No:85<br>Hex coord:(17;6),6. Jalan Damai Utama 1. Taman Damai Utama. 47180 Puchong. Selangor. Malaysia,33 ,0,0,0,0,0,1,2022-04-27T02:32:35.4544857Z,0
3.038347,101.671007,Daerah: Subang Jaya<br>No:86<br>Hex coord:(18;6),2a. Jln BK 8A/3B. 43300 Puchong. Selangor. Malaysia,43 ,0,0,0,0,0,1,2022-04-27T02:32:37.2077605Z,0
3.034457,101.677752,Daerah: Subang Jaya<br>No:87<br>Hex coord:(19;6),No. 30-1. Bandar Putra Permai. Taman Puncak Jalil. Persiaran Puncak Jalil. 43300. Seri Kembangan. Selangor. Malaysia. 43300 Seri Kembangan. Selangor. Malaysia,56 ,0,0,0,0,0,1,2022-04-27T02:32:38.9571697Z,0
3.038347,101.684497,Daerah: Subang Jaya<br>No:88<br>Hex coord:(20;6),15. Jalan PUJ 9/27a. Taman Puncak Jalil. 43300 Seri Kembangan. Selangor. Malaysia,59 ,0,0,0,0,0,1,2022-04-27T02:32:40.6956139Z,0
3.034457,101.691242,Daerah: Subang Jaya<br>No:89<br>Hex coord:(21;6),Jln BS 9/12. Taman Bukit Serdang. 43300 Seri Kembangan. Selangor. Malaysia,73 ,0,0,0,0,0,1,2022-04-27T02:32:42.5934174Z,0
3.038347,101.697987,Daerah: Subang Jaya<br>No:90<br>Hex coord:(22;6),22. Jalan PBS 14/16. Taman Perindustrian Bukit Serdang. 43300 Seri Kembangan. Selangor. Malaysia,57 ,0,0,0,0,0,1,2022-04-27T02:32:44.4799247Z,0
3.034457,101.704732,Daerah: Subang Jaya<br>No:91<br>Hex coord:(23;6),3. Jalan SR 3/1. Taman Serdang Raya. 43300 Seri Kembangan. Selangor. Malaysia,52 ,0,0,0,0,0,1,2022-04-27T02:32:46.2659908Z,0
3.038347,101.711477,Daerah: Subang Jaya<br>No:92<br>Hex coord:(24;6),A-9-1 Block A. The Mines Waterfront. Business Park. No.3. Jalan Tasik. The Mines Resort City. 43300 Seri Kembangan S'go. Seri Kembangan. Selangor. Mines Wellness City. 43300 Seri Kembangan. Selangor. Malaysia,26 ,0,0,0,0,0,1,2022-04-27T02:32:48.1679463Z,0
3.034457,101.718222,Daerah: Subang Jaya<br>No:93<br>Hex coord:(25;6),108. Jalan Timah 3. Mines Wellness City. 43300 Seri Kembangan. Selangor. Malaysia,15 ,0,0,0,0,0,1,2022-04-27T02:32:49.3110479Z,0
3.030567,101.576577,Daerah: Subang Jaya<br>No:94<br>Hex coord:(4;7),3. Jalan USJ 16/2n. Usj 16. 47630 Subang Jaya. Selangor. Malaysia,38 ,0,0,0,0,0,1,2022-04-27T02:32:51.0987905Z,0
3.026677,101.583322,Daerah: Subang Jaya<br>No:95<br>Hex coord:(5;7),36. Jalan USJ 20/1F. Usj 20. 47630 Subang Jaya. Selangor. Malaysia,25 ,0,0,0,0,0,1,2022-04-27T02:32:52.2497518Z,0
3.030567,101.590067,Daerah: Subang Jaya<br>No:96<br>Hex coord:(6;7),5. Persiaran Subang Damai. Taman Indah Subang Uep. 47630 Subang Jaya. Selangor. Malaysia,38 ,0,0,0,0,0,1,2022-04-27T02:32:54.1531444Z,0
3.026677,101.596812,Daerah: Subang Jaya<br>No:97<br>Hex coord:(7;7),18. Lorong Kenangan 4. Kampung Kenangan. 47100 Puchong. Selangor. Malaysia,19 ,0,0,0,0,0,1,2022-04-27T02:32:55.9142749Z,0
3.030567,101.603557,Daerah: Subang Jaya<br>No:98<br>Hex coord:(8;7),6. Jalan TPP 5/7. Taman Perindustrian Puchong 5&6. 47100 Puchong. Selangor. Malaysia,22 ,0,0,0,0,0,1,2022-04-27T02:32:57.0514135Z,0
3.026677,101.610302,Daerah: Subang Jaya<br>No:99<br>Hex coord:(9;7),22. Jalan TPP 1/19. Taman Perindustrian Puchong. 47100 Puchong. Selangor. Malaysia,49 ,0,0,0,0,0,1,2022-04-27T02:32:58.8050143Z,0
3.030567,101.617047,Daerah: Subang Jaya<br>No:100<br>Hex coord:(10;7),Jalan Wawasan. Pusat Bandar Puchong. 47100 Puchong. Selangor. Malaysia,77 ,0,0,0,0,0,1,2022-04-27T02:32:59.9601509Z,0
3.026677,101.623792,Daerah: Subang Jaya<br>No:101<br>Hex coord:(11;7),No. 44. Jalan Puteri 7/7. Bandar Puteri. 47100 Puchong. Selangor. Malaysia,104 ,0,0,0,0,0,1,2022-04-27T02:33:01.1257979Z,0
3.030567,101.630537,Daerah: Subang Jaya<br>No:102<br>Hex coord:(12;7),SJ 662 Pangsapuri Saraka. Jalan Wawasan 4/12. Taman Wawasan. 47100 Puchong. Selangor. Malaysia,65 ,0,0,0,0,0,1,2022-04-27T02:33:02.9087896Z,0
3.026677,101.637282,Daerah: Subang Jaya<br>No:103<br>Hex coord:(13;7),Wawasan Trail. Taman Wawasan. 47100 Puchong. Selangor. Malaysia,3 ,0,0,0,0,0,1,2022-04-27T02:33:04.6539403Z,0
3.030567,101.644027,Daerah: Subang Jaya<br>No:104<br>Hex coord:(14;7),47180 Puchong. Selangor. Malaysia,10 ,0,0,0,0,0,1,2022-04-27T02:33:05.8099005Z,0
3.026677,101.650772,Daerah: Subang Jaya<br>No:105<br>Hex coord:(15;7),Empty. 47180 Puchong. Selangor. Malaysia,0,0,0,0,0,0,1,2022-04-27T02:33:06.9429666Z,0
3.030567,101.657517,Daerah: Subang Jaya<br>No:106<br>Hex coord:(16;7),43300. Selangor. Malaysia,4 ,0,0,0,0,0,1,2022-04-27T02:33:08.0829632Z,0
3.026677,101.664262,Daerah: Subang Jaya<br>No:107<br>Hex coord:(17;7),Jalan Kinrara 6e. Taman Damai Utama. 47180 Puchong. Selangor. Malaysia,20 ,0,0,0,0,0,1,2022-04-27T02:33:09.2225656Z,0
3.030567,101.671007,Daerah: Subang Jaya<br>No:108<br>Hex coord:(18;7),Jalan DU 4/7. Taman Damai Utama. 47180 Puchong. Selangor. Malaysia,65 ,0,0,0,0,0,1,2022-04-27T02:33:10.3733669Z,0
3.026677,101.677752,Daerah: Subang Jaya<br>No:109<br>Hex coord:(19;7),4. Jalan PUJ 6/12. Taman Puncak Jalil. 43300 Seri Kembangan. Selangor. Malaysia,70 ,0,0,0,0,0,1,2022-04-27T02:33:11.5358356Z,0
3.030567,101.684497,Daerah: Subang Jaya<br>No:110<br>Hex coord:(20;7),95. Jalan PUJ 9/2. Taman Puncak Jalil. 43300 Seri Kembangan. Selangor. Malaysia,55 ,0,0,0,0,0,1,2022-04-27T02:33:14.3101599Z,0
3.026677,101.691242,Daerah: Subang Jaya<br>No:111<br>Hex coord:(21;7),27. Jln Sejahtera 5/1. Taman Bukit Serdang. 43300 Seri Kembangan. Selangor. Malaysia,62 ,0,0,0,0,0,1,2022-04-27T02:33:16.0851137Z,0
3.030567,101.697987,Daerah: Subang Jaya<br>No:112<br>Hex coord:(22;7),1. Jalan 14/2A. Taman Serdang Utama. 43300 Seri Kembangan. Selangor. Malaysia,82 ,0,0,0,0,0,1,2022-04-27T02:33:18.8762069Z,0
3.026677,101.704732,Daerah: Subang Jaya<br>No:113<br>Hex coord:(23;7),1316. Jalan SK 9/6. Kampung Baru Seri Kembangan. 43300 Seri Kembangan. Selangor. Malaysia,98 ,0,0,0,0,0,1,2022-04-27T02:33:20.6468348Z,0
3.030567,101.711477,Daerah: Subang Jaya<br>No:114<br>Hex coord:(24;7),No. 01-01. First Floor. Lebuhraya Sungai Besi. Selangor. 43300 Seri Kembangan. Selangor. Malaysia,37 ,0,0,0,0,0,1,2022-04-27T02:33:22.5267590Z,0
3.026677,101.718222,Daerah: Subang Jaya<br>No:115<br>Hex coord:(25;7),8820. Lebuhraya Sungai Besi. 43300 Seri Kembangan. Selangor. Malaysia,42 ,0,0,0,0,0,1,2022-04-27T02:33:24.3022595Z,0
3.030567,101.724967,Daerah: Subang Jaya<br>No:116<br>Hex coord:(26;7),39. Jalan Sb Indah 1/7. Taman Sungai Besi Indah. 43300 Seri Kembangan. Selangor. Malaysia,66 ,0,0,0,0,0,1,2022-04-27T02:33:25.4495299Z,0
3.022787,101.576577,Daerah: Subang Jaya<br>No:117<br>Hex coord:(4;8),52. Jalan Putra Bistari 2/4c. Putra Heights. 47650 Subang Jaya. Selangor. Malaysia,37 ,0,0,0,0,0,1,2022-04-27T02:33:27.2260525Z,0
3.018897,101.583322,Daerah: Subang Jaya<br>No:118<br>Hex coord:(5;8),7. Jalan USJ 23/5a. Usj 23. 47630 Subang Jaya. Selangor. Malaysia,28 ,0,0,0,0,0,1,2022-04-27T02:33:28.9798295Z,0
3.022787,101.590067,Daerah: Subang Jaya<br>No:119<br>Hex coord:(6;8),Unnamed Road. Taman Indah Subang Uep. 47630 Subang Jaya. Selangor. Malaysia,27 ,0,0,0,0,0,1,2022-04-27T02:33:30.7228014Z,0
3.018897,101.596812,Daerah: Subang Jaya<br>No:120<br>Hex coord:(7;8),8336. Jalan Jurutera. Kampung Sri Puchong. 47100 Puchong. Selangor. Malaysia,30 ,0,0,0,0,0,1,2022-04-27T02:33:32.4921622Z,0
3.022787,101.603557,Daerah: Subang Jaya<br>No:121<br>Hex coord:(8;8),11. Jalan TPP 6/6. Taman Perindustrian Puchong 5&6. 47100 Puchong. Selangor. Malaysia,25 ,0,0,0,0,0,1,2022-04-27T02:33:34.2407471Z,0
3.018897,101.610302,Daerah: Subang Jaya<br>No:122<br>Hex coord:(9;8),100. Jalan Intan 1. Taman Puchong Intan. 47100 Puchong. Selangor. Malaysia,55 ,0,0,0,0,0,1,2022-04-27T02:33:36.0216912Z,0
3.022787,101.617047,Daerah: Subang Jaya<br>No:123<br>Hex coord:(10;8),No. 3. 5. Jalan Puteri 2/2c. Bandar Puteri. 47100 Puchong. Selangor. Malaysia,52 ,0,0,0,0,0,1,2022-04-27T02:33:37.1722519Z,0
3.018897,101.623792,Daerah: Subang Jaya<br>No:124<br>Hex coord:(11;8),Lot 5465. Persiaran Lebuh Puteri. Bandar Puteri Puchong. 47100 Puchong. Selangor. Malaysia,63 ,0,0,0,0,0,1,2022-04-27T02:33:38.9498631Z,0
3.022787,101.630537,Daerah: Subang Jaya<br>No:125<br>Hex coord:(12;8),Wawasan Trail. Taman Wawasan. 47100 Puchong. Selangor. Malaysia,48 ,0,0,0,0,0,1,2022-04-27T02:33:40.7258077Z,0
3.018897,101.637282,Daerah: Subang Jaya<br>No:126<br>Hex coord:(13;8),Wawasan Trail. Taman Wawasan. 47100 Puchong. Selangor. Malaysia,5 ,0,0,0,0,0,1,2022-04-27T02:33:42.7188775Z,0
3.022787,101.644027,Daerah: Subang Jaya<br>No:127<br>Hex coord:(14;8),Wawasan Trail. Taman Wawasan. 47100 Puchong. Selangor. Malaysia,0,0,0,0,0,0,1,2022-04-27T02:33:44.4856191Z,0
3.018897,101.650772,Daerah: Subang Jaya<br>No:128<br>Hex coord:(15;8),47100. Selangor. Malaysia,0,0,0,0,0,0,1,2022-04-27T02:33:46.2434510Z,0
3.022787,101.657517,Daerah: Subang Jaya<br>No:129<br>Hex coord:(16;8),Jalan Kinrara 6e. 43300 Puchong. Selangor. Malaysia,0,0,0,0,0,0,1,2022-04-27T02:33:47.9943494Z,0
3.018897,101.664262,Daerah: Subang Jaya<br>No:130<br>Hex coord:(17;8),43300. Selangor. Malaysia,7 ,0,0,0,0,0,1,2022-04-27T02:33:49.2543908Z,0
3.022787,101.671007,Daerah: Subang Jaya<br>No:131<br>Hex coord:(18;8),16. Jalan PUJ 6/1. Taman Puncak Jalil. 43300 Seri Kembangan. Selangor. Malaysia,57 ,0,0,0,0,0,1,2022-04-27T02:33:51.0113105Z,0
3.018897,101.677752,Daerah: Subang Jaya<br>No:132<br>Hex coord:(19;8),No 72G. Puj 3. 43300 Seri Kembangan. Selangor. Malaysia,90 ,0,0,0,0,0,1,2022-04-27T02:33:53.0957726Z,0
3.022787,101.684497,Daerah: Subang Jaya<br>No:133<br>Hex coord:(20;8),Lebuhraya Kuala Lumpur - Putrajaya. Rizab Melayu Sungai Kuyoh. 43300 Seri Kembangan. Selangor. Malaysia,39 ,0,0,0,0,0,1,2022-04-27T02:33:54.8576896Z,0
3.018897,101.691242,Daerah: Subang Jaya<br>No:134<br>Hex coord:(21;8),22. Jalan BS 5/27. Taman Bukit Serdang. 43300 Seri Kembangan. Selangor. Malaysia,77 ,0,0,0,0,0,1,2022-04-27T02:33:56.6287396Z,0
3.022787,101.697987,Daerah: Subang Jaya<br>No:135<br>Hex coord:(22;8),Apartment Sri Mewah. Taman Bukit Serdang. 43300 Seri Kembangan. Selangor. Malaysia,108 ,0,0,0,0,0,1,2022-04-27T02:33:58.3781473Z,0
3.018897,101.704732,Daerah: Subang Jaya<br>No:136<br>Hex coord:(23;8),Wisma Boston. Kampung Baru Seri Kembangan. 43300 Seri Kembangan. Selangor. Malaysia,113 ,0,0,0,0,0,1,2022-04-27T02:34:00.1588959Z,0
3.022787,101.711477,Daerah: Subang Jaya<br>No:137<br>Hex coord:(24;8),Unnamed Road. 43300 Seri Kembangan. Selangor. Malaysia,69 ,0,0,0,0,0,1,2022-04-27T02:34:01.3303260Z,0
3.018897,101.718222,Daerah: Subang Jaya<br>No:138<br>Hex coord:(25;8),SBE. Serdang Lama. 43300 Seri Kembangan. Selangor. Malaysia,39 ,0,0,0,0,0,1,2022-04-27T02:34:03.0995121Z,0
3.022787,101.724967,Daerah: Subang Jaya<br>No:139<br>Hex coord:(26;8),25. Jalan Cempaka. Bluwater Estate. 43300 Seri Kembangan. Selangor. Malaysia,52 ,0,0,0,0,0,1,2022-04-27T02:34:04.2591639Z,0
3.015007,101.576577,Daerah: Subang Jaya<br>No:140<br>Hex coord:(4;9),44. Jalan Putra Murni 3/2c. Putra Heights. 47650 Subang Jaya. Selangor. Malaysia,30 ,0,0,0,0,0,1,2022-04-27T02:34:05.4144788Z,0
3.011117,101.583322,Daerah: Subang Jaya<br>No:141<br>Hex coord:(5;9),5. Jalan Putra Harmoni 1/1a. Putra Crest. 47500 Subang Jaya. Selangor. Malaysia,35 ,0,0,0,0,0,1,2022-04-27T02:34:07.7270960Z,0
3.015007,101.590067,Daerah: Subang Jaya<br>No:142<br>Hex coord:(6;9),25. Lrg 3. Kampung Tengah A. 47100 Puchong. Selangor. Malaysia,39 ,0,0,0,0,0,1,2022-04-27T02:34:08.8767315Z,0
3.011117,101.596812,Daerah: Subang Jaya<br>No:143<br>Hex coord:(7;9),45. Jalan Permai 2. Taman Puchong Permai. 47100 Puchong. Selangor. Malaysia,74 ,0,0,0,0,0,1,2022-04-27T02:34:10.6816856Z,0
3.015007,101.603557,Daerah: Subang Jaya<br>No:144<br>Hex coord:(8;9),47. Jalan Intan 3. Taman Puchong Intan. 47100 Puchong. Selangor. Malaysia,81 ,0,0,0,0,0,1,2022-04-27T02:34:12.4211892Z,0
3.011117,101.610302,Daerah: Subang Jaya<br>No:145<br>Hex coord:(9;9),29. Jalan Indah 1/7. Taman Puchong Indah. 47100 Puchong. Selangor. Malaysia,91 ,0,0,0,0,0,1,2022-04-27T02:34:13.5982534Z,0
3.015007,101.617047,Daerah: Subang Jaya<br>No:146<br>Hex coord:(10;9),48. Jalan Puteri 5/16. Bandar Puteri. 47100 Puchong. Selangor. Malaysia,60 ,0,0,0,0,0,1,2022-04-27T02:34:15.3466121Z,0
3.011117,101.623792,Daerah: Subang Jaya<br>No:147<br>Hex coord:(11;9),55. Jalan Puteri 10/5. Bandar Puteri. 47100 Puchong. Selangor. Malaysia,89 ,0,0,0,0,0,1,2022-04-27T02:34:16.4970482Z,0
3.015007,101.630537,Daerah: Subang Jaya<br>No:148<br>Hex coord:(12;9),45. Jalan Puteri 12/26. Bandar Puteri. 47100 Puchong. Selangor. Malaysia,51 ,0,0,0,0,0,1,2022-04-27T02:34:17.6500691Z,0
3.011117,101.637282,Daerah: Subang Jaya<br>No:149<br>Hex coord:(13;9),Wawasan Trail. Taman Wawasan. 47100 Puchong. Selangor. Malaysia,14 ,0,0,0,0,0,1,2022-04-27T02:34:19.4151509Z,0
3.015007,101.644027,Daerah: Subang Jaya<br>No:150<br>Hex coord:(14;9),Wawasan Trail. Taman Wawasan. 47100 Puchong. Selangor. Malaysia,0,0,0,0,0,0,1,2022-04-27T02:34:20.5514222Z,0
3.011117,101.650772,Daerah: Subang Jaya<br>No:151<br>Hex coord:(15;9),18. Jalan LEP 7/33. Lestari Putra. 43300 Seri Kembangan. Selangor. Malaysia,2 ,0,0,0,0,0,1,2022-04-27T02:34:22.2991031Z,0
3.015007,101.657517,Daerah: Subang Jaya<br>No:152<br>Hex coord:(16;9),43300. Selangor. Malaysia,3 ,0,0,0,0,0,1,2022-04-27T02:34:24.0474525Z,0
3.011117,101.664262,Daerah: Subang Jaya<br>No:153<br>Hex coord:(17;9),No. 7. Ground Floor. Sapura. Jalan Tasik 1. Mines Resort. Selangor. Taman Desaminium. 43300 Seri Kembangan. Selangor. Malaysia,12 ,0,0,0,0,0,1,2022-04-27T02:34:25.9512299Z,0
3.015007,101.671007,Daerah: Subang Jaya<br>No:154<br>Hex coord:(18;9),29. Jalan LP 8/12. Lestari Perdana. 43300 Seri Kembangan. Selangor. Malaysia,68 ,0,0,0,0,0,1,2022-04-27T02:34:27.8935019Z,0
3.011117,101.677752,Daerah: Subang Jaya<br>No:155<br>Hex coord:(19;9),38. Jalan PUJ 1/9. Taman Puncak Jalil. 43300 Seri Kembangan. Selangor. Malaysia,62 ,0,0,0,0,0,1,2022-04-27T02:34:29.6475764Z,0
3.015007,101.684497,Daerah: Subang Jaya<br>No:156<br>Hex coord:(20;9),Bukit serdang Hill Peak. MEX. Rizab Melayu Sungai Kuyoh. 43300 Seri Kembangan. Selangor. Malaysia,64 ,0,0,0,0,0,1,2022-04-27T02:34:31.4032824Z,0
3.011117,101.691242,Daerah: Subang Jaya<br>No:157<br>Hex coord:(21;9),16. Jalan Indah 1/12. Taman Universiti Indah. 43300 Seri Kembangan. Selangor. Malaysia,68 ,0,0,0,0,0,1,2022-04-27T02:34:33.3242517Z,0
3.015007,101.697987,Daerah: Subang Jaya<br>No:158<br>Hex coord:(22;9),2a. Jalan PSK 8. Pusat Perdagangan Seri Kembangan. 43300 Seri Kembangan. Selangor. Malaysia,85 ,0,0,0,0,0,1,2022-04-27T02:34:35.0966375Z,0
3.011117,101.704732,Daerah: Subang Jaya<br>No:159<br>Hex coord:(23;9),16. Jalan 5/3. Taman Serdang Jaya. 43300 Seri Kembangan. Selangor. Malaysia,67 ,0,0,0,0,0,1,2022-04-27T02:34:36.8512863Z,0
3.015007,101.711477,Daerah: Subang Jaya<br>No:160<br>Hex coord:(24;9),3. Jalan 6/2. Kawasan Perindustrian Seri Kembangan. 43300 Seri Kembangan. Selangor. Malaysia,89 ,0,0,0,0,0,1,2022-04-27T02:34:38.6148508Z,0
3.011117,101.718222,Daerah: Subang Jaya<br>No:161<br>Hex coord:(25;9),3682. Jalan 18/54. Taman Sri Serdang. 43300 Seri Kembangan. Selangor. Malaysia,48 ,0,0,0,0,0,1,2022-04-27T02:34:40.3528286Z,0
3.007227,101.576577,Daerah: Subang Jaya<br>No:162<br>Hex coord:(4;10),Jln Kingsley 1. 40400 Subang Jaya. Selangor. Malaysia,32 ,0,0,0,0,0,1,2022-04-27T02:34:42.1307525Z,0
3.003337,101.583322,Daerah: Subang Jaya<br>No:163<br>Hex coord:(5;10),11c. Jalan Kampung Kuala Sungai Baru. Kampung Kuala Sungai Baru. 47150 Puchong. Selangor. Malaysia,27 ,0,0,0,0,0,1,2022-04-27T02:34:43.8859678Z,0
3.007227,101.590067,Daerah: Subang Jaya<br>No:164<br>Hex coord:(6;10),25. Jalan Jurutera. Kampung Seri Aman Luar. 47100 Puchong. Selangor. Malaysia,61 ,0,0,0,0,0,1,2022-04-27T02:34:45.6517957Z,0
3.003337,101.596812,Daerah: Subang Jaya<br>No:165<br>Hex coord:(7;10),25. Jalan Prima 1/4. Taman Puchong Prima. 47100 Puchong. Selangor. Malaysia,89 ,0,0,0,0,0,1,2022-04-27T02:34:47.4310183Z,0
3.007227,101.603557,Daerah: Subang Jaya<br>No:166<br>Hex coord:(8;10),21. Jalan Perdana 4/6. Taman Puchong Perdana. 47100 Puchong. Selangor. Malaysia,111 ,0,0,0,0,0,1,2022-04-27T02:34:49.2085397Z,0
3.003337,101.610302,Daerah: Subang Jaya<br>No:167<br>Hex coord:(9;10),20. Jalan Utama 1/2. Taman Perindustrian Puchong Utama. 47100 Puchong. Selangor. Malaysia,58 ,0,0,0,0,0,1,2022-04-27T02:34:50.9827501Z,0
3.007227,101.617047,Daerah: Subang Jaya<br>No:168<br>Hex coord:(10;10),25. Lorong 3/H. Kampung Pasir Bahru Puchong. 47100 Puchong. Selangor. Malaysia,79 ,0,0,0,0,0,1,2022-04-27T02:34:52.8539479Z,0
3.003337,101.623792,Daerah: Subang Jaya<br>No:169<br>Hex coord:(11;10),21. Jln PH 2/3. Puchong Hartamas. 47100 Puchong. Selangor. Malaysia,65 ,0,0,0,0,0,1,2022-04-27T02:34:54.0125564Z,0
3.007227,101.630537,Daerah: Subang Jaya<br>No:170<br>Hex coord:(12;10),23. Jalan Puteri 12/8. Bandar Puteri. 47100 Puchong. Selangor. Malaysia,63 ,0,0,0,0,0,1,2022-04-27T02:34:55.9311970Z,0
3.003337,101.637282,Daerah: Subang Jaya<br>No:171<br>Hex coord:(13;10),30. Jalan SP 6/4. Taman Saujana Puchong. 47100 Puchong. Selangor. Malaysia,60 ,0,0,0,0,0,1,2022-04-27T02:34:57.0810066Z,0
3.007227,101.644027,Daerah: Subang Jaya<br>No:172<br>Hex coord:(14;10),Unnamed Road. Taman Saujana Puchong. 47100 Puchong. Selangor. Malaysia,28 ,0,0,0,0,0,1,2022-04-27T02:34:58.8442393Z,0
3.003337,101.650772,Daerah: Subang Jaya<br>No:173<br>Hex coord:(15;10),15. Jalan LEP 6/2. Lestari Putra. 43300 Seri Kembangan. Selangor. Malaysia,37 ,0,0,0,0,0,1,2022-04-27T02:35:00.6092622Z,0
3.007227,101.657517,Daerah: Subang Jaya<br>No:174<br>Hex coord:(16;10),Persiaran Desaminium 1. Taman Desaminium. 43300 Seri Kembangan. Selangor. Malaysia,24 ,0,0,0,0,0,1,2022-04-27T02:35:01.7841179Z,0
3.003337,101.664262,Daerah: Subang Jaya<br>No:175<br>Hex coord:(17;10),8. Jalan LP 3/9. Lestari Perdana. 43300 Seri Kembangan. Selangor. Malaysia,24 ,0,0,0,0,0,1,2022-04-27T02:35:02.9385891Z,0
3.007227,101.671007,Daerah: Subang Jaya<br>No:176<br>Hex coord:(18;10),24. Jalan LP 5/1. Lestari Perdana. 43300 Seri Kembangan. Selangor. Malaysia,35 ,0,0,0,0,0,1,2022-04-27T02:35:04.6923799Z,0
3.003337,101.677752,Daerah: Subang Jaya<br>No:177<br>Hex coord:(19;10),G18. Ground Floor. No. 2. Jalan Equine. Taman Putra Permai. 43300. Seri Kembangan. Selangor. Taman Equine. 43300 Seri Kembangan. Selangor. Malaysia,37 ,0,0,0,0,0,1,2022-04-27T02:35:06.4715382Z,0
3.007227,101.684497,Daerah: Subang Jaya<br>No:178<br>Hex coord:(20;10),Lebuhraya Kuala Lumpur - Putrajaya. Rizab Melayu Sungai Kuyoh. 43300 Seri Kembangan. Selangor. Malaysia,68 ,0,0,0,0,0,1,2022-04-27T02:35:08.2354307Z,0
3.003337,101.691242,Daerah: Subang Jaya<br>No:179<br>Hex coord:(21;10),no 30&32. Jalan Indah 2/16. Taman Universiti Indah. 43300 Seri Kembangan. Selangor. Malaysia,53 ,0,0,0,0,0,1,2022-04-27T02:35:09.9867710Z,0
3.007227,101.697987,Daerah: Subang Jaya<br>No:180<br>Hex coord:(22;10),to MRT Kompleks Serdang. 43400 Serdang. Selangor. Malaysia,50 ,0,0,0,0,0,1,2022-04-27T02:35:11.7561154Z,0
3.003337,101.704732,Daerah: Subang Jaya<br>No:181<br>Hex coord:(23;10),Jalan Asam Jawa. 43400 Serdang. Selangor. Malaysia,41 ,0,0,0,0,0,1,2022-04-27T02:35:13.5273146Z,0
3.007227,101.711477,Daerah: Subang Jaya<br>No:182<br>Hex coord:(24;10),1506. Jalan 18/27. Taman Sri Serdang. 43300 Seri Kembangan. Selangor. Malaysia,79 ,0,0,0,0,0,1,2022-04-27T02:35:14.6875708Z,0
3.003337,101.718222,Daerah: Subang Jaya<br>No:183<br>Hex coord:(25;10),635. Jalan 18/7. Taman Sri Serdang. 43300 Seri Kembangan. Selangor. Malaysia,28 ,0,0,0,0,0,1,2022-04-27T02:35:15.8324149Z,0
2.995557,101.556342,Daerah: Subang Jaya<br>No:184<br>Hex coord:(1;11),Lot 3637. Jalan Ikan Seluang. Kampung Bukit Lanchung. 40400 Subang Jaya. Selangor. Malaysia,35 ,0,0,0,0,0,1,2022-04-27T02:35:16.9972123Z,0
2.999447,101.563087,Daerah: Subang Jaya<br>No:185<br>Hex coord:(2;11),358. Jalan Putra Bahagia 8/2l. Putra Heights. 47650 Subang Jaya. Selangor. Malaysia,59 ,0,0,0,0,0,1,2022-04-27T02:35:18.1697263Z,0
2.995557,101.569832,Daerah: Subang Jaya<br>No:186<br>Hex coord:(3;11),2. Jalan Putra Mahkota 7/2c. Putra Heights. 47650 Subang Jaya. Selangor. Malaysia,36 ,0,0,0,0,0,1,2022-04-27T02:35:19.9429353Z,0
2.999447,101.576577,Daerah: Subang Jaya<br>No:187<br>Hex coord:(4;11),ELITE. Subang Jaya. Selangor. Malaysia,21 ,0,0,0,0,0,1,2022-04-27T02:35:21.1000702Z,0
2.995557,101.583322,Daerah: Subang Jaya<br>No:188<br>Hex coord:(5;11),39. Jalan Kampung Kuala Sungai Baru. Kampung Kuala Sungai Baru. 47100 Puchong. Selangor. Malaysia,20 ,0,0,0,0,0,1,2022-04-27T02:35:22.2424036Z,0
2.999447,101.590067,Daerah: Subang Jaya<br>No:189<br>Hex coord:(6;11),116. Lorong Bistari 3. Kampung Sri Aman Bistari. 47100 Puchong. Selangor. Malaysia,50 ,0,0,0,0,0,1,2022-04-27T02:35:23.3946544Z,0
2.995557,101.596812,Daerah: Subang Jaya<br>No:190<br>Hex coord:(7;11),47100. Jalan Prima Utama 1. Taman Puchong Prima. 47150 Puchong. Selangor. Malaysia,50 ,0,0,0,0,0,1,2022-04-27T02:35:25.1817496Z,0
2.999447,101.603557,Daerah: Subang Jaya<br>No:191<br>Hex coord:(8;11),Jalan Utama 1/10a. Taman Perindustrian Puchong Utama. 47100 Puchong. Selangor. Malaysia,65 ,0,0,0,0,0,1,2022-04-27T02:35:26.9534360Z,0
2.995557,101.610302,Daerah: Subang Jaya<br>No:192<br>Hex coord:(9;11),3. Jalan Utama 2/18. Taman Perindustrian Puchong Utama. 47100 Puchong. Selangor. Malaysia,59 ,0,0,0,0,0,1,2022-04-27T02:35:28.8625346Z,0
2.999447,101.617047,Daerah: Subang Jaya<br>No:193<br>Hex coord:(10;11),7. Jalan PU 3/2A. Taman Puchong Utama. 47100 Puchong. Selangor. Malaysia,66 ,0,0,0,0,0,1,2022-04-27T02:35:30.6139077Z,0
2.995557,101.623792,Daerah: Subang Jaya<br>No:194<br>Hex coord:(11;11),Depan Balai JKK Batu 14. Depan SK Puchong. Kampung Baru Puchong. 47100 Puchong. Selangor. Malaysia,64 ,0,0,0,0,0,1,2022-04-27T02:35:32.4873696Z,0
2.999447,101.630537,Daerah: Subang Jaya<br>No:195<br>Hex coord:(12;11),1. Jalan Puteri 11/17. Bandar Puteri. 47100 Puchong. Selangor. Malaysia,63 ,0,0,0,0,0,1,2022-04-27T02:35:34.2587605Z,0
2.995557,101.637282,Daerah: Subang Jaya<br>No:196<br>Hex coord:(13;11),Saujana Puchong Three Sisters Hill 1. Persiaran Saujana Puchong 1. Taman Saujana Puchong. 47100 Puchong. Selangor. Malaysia,76 ,0,0,0,0,0,1,2022-04-27T02:35:35.9994128Z,0
2.999447,101.644027,Daerah: Subang Jaya<br>No:197<br>Hex coord:(14;11),47. Jalan SP 10/13. Taman Saujana Puchong. 47100 Puchong. Selangor. Malaysia,59 ,0,0,0,0,0,1,2022-04-27T02:35:37.1867299Z,0
2.995557,101.650772,Daerah: Subang Jaya<br>No:198<br>Hex coord:(15;11),22. Jalan LEP 6/14. Lestari Putra. 43300 Seri Kembangan. Selangor. Malaysia,62 ,0,0,0,0,0,1,2022-04-27T02:35:38.3396373Z,0
2.999447,101.657517,Daerah: Subang Jaya<br>No:199<br>Hex coord:(16;11),45. Jalan LEP 4/22. Lestari Putra. 43300 Seri Kembangan. Selangor. Malaysia,56 ,0,0,0,0,0,1,2022-04-27T02:35:39.4871648Z,0
2.995557,101.664262,Daerah: Subang Jaya<br>No:200<br>Hex coord:(17;11),Unnamed Road. Lestari Perdana. 43300 Seri Kembangan. Selangor. Malaysia,47 ,0,0,0,0,0,1,2022-04-27T02:35:41.2711427Z,0
2.999447,101.671007,Daerah: Subang Jaya<br>No:201<br>Hex coord:(18;11),48. Jalan Putra Permai 8h. Taman Putra Permai. 43300 Seri Kembangan. Selangor. Malaysia,39 ,0,0,0,0,0,1,2022-04-27T02:35:43.0250423Z,0
2.995557,101.677752,Daerah: Subang Jaya<br>No:202<br>Hex coord:(19;11),Jalan Pinggiran 1/2. Taman Pinggiran Putra. 43300 Seri Kembangan. Selangor. Malaysia,74 ,0,0,0,0,0,1,2022-04-27T02:35:44.7999681Z,0
2.999447,101.684497,Daerah: Subang Jaya<br>No:203<br>Hex coord:(20;11),3215. 43300 Seri Kembangan. Selangor. Malaysia,29 ,0,0,0,0,0,1,2022-04-27T02:35:46.5753411Z,0
2.995557,101.691242,Daerah: Subang Jaya<br>No:204<br>Hex coord:(21;11),to MRT Kompleks Serdang. 43400 Serdang. Selangor. Malaysia,7 ,0,0,0,0,0,1,2022-04-27T02:35:48.4723046Z,0
2.999447,101.697987,Daerah: Subang Jaya<br>No:205<br>Hex coord:(22;11),Jalan Kejuruteraan. 43400 Serdang. Selangor. Malaysia,18 ,0,0,0,0,0,1,2022-04-27T02:35:50.2481181Z,0
2.995557,101.704732,Daerah: Subang Jaya<br>No:206<br>Hex coord:(23;11),Arts Pavlion. 43400 Serdang. Selangor. Malaysia,56 ,0,0,0,0,0,1,2022-04-27T02:35:51.4135501Z,0
2.999447,101.711477,Daerah: Subang Jaya<br>No:207<br>Hex coord:(24;11),Persiaran Universiti 1. 43400 Serdang. Selangor. Malaysia,78 ,0,0,0,0,0,1,2022-04-27T02:35:52.5586242Z,0
2.995557,101.718222,Daerah: Subang Jaya<br>No:208<br>Hex coord:(25;11),Lebuh Silikon. 43400 Serdang. Selangor. Malaysia,15 ,0,0,0,0,0,1,2022-04-27T02:35:54.3006538Z,0
2.987777,101.556342,Daerah: Subang Jaya<br>No:209<br>Hex coord:(1;12),13. Lorong Ikan Keli 2. Kampung Bukit Lanchung. 40400 Subang Jaya. Selangor. Malaysia,34 ,0,0,0,0,0,1,2022-04-27T02:35:55.4963094Z,0
2.991667,101.563087,Daerah: Subang Jaya<br>No:210<br>Hex coord:(2;12),27. Jalan Putra Indah 9/7. Putra Heights. 47650 Subang Jaya. Selangor. Malaysia,44 ,0,0,0,0,0,1,2022-04-27T02:35:57.2619985Z,0
2.987777,101.569832,Daerah: Subang Jaya<br>No:211<br>Hex coord:(3;12),69. Jalan Putra Permai 10/2d. Putra Heights. 47650 Subang Jaya. Selangor. Malaysia,25 ,0,0,0,0,0,1,2022-04-27T02:35:59.0116644Z,0
2.991667,101.576577,Daerah: Subang Jaya<br>No:212<br>Hex coord:(4;12),E6. 47650 Subang Jaya. Selangor. Malaysia,17 ,0,0,0,0,0,1,2022-04-27T02:36:00.7664814Z,0
2.987777,101.583322,Daerah: Subang Jaya<br>No:213<br>Hex coord:(5;12),Lorong Berkat 1. Kampung Seri Aman. 47100 Puchong. Selangor. Malaysia,12 ,0,0,0,0,0,1,2022-04-27T02:36:01.9455063Z,0
2.991667,101.590067,Daerah: Subang Jaya<br>No:214<br>Hex coord:(6;12),135. Lorong Berkat 5. Kampung Seri Aman. 47100 Puchong. Selangor. Malaysia,35 ,0,0,0,0,0,1,2022-04-27T02:36:03.7336290Z,0
2.987777,101.596812,Daerah: Subang Jaya<br>No:215<br>Hex coord:(7;12),Jalan Tpt 1. Taman Puchong Tekali. 47150 Puchong. Selangor. Malaysia,52 ,0,0,0,0,0,1,2022-04-27T02:36:05.4688514Z,0
2.991667,101.603557,Daerah: Subang Jaya<br>No:216<br>Hex coord:(8;12),39. Jln Tasik Prima 2/1. Taman Tasik Prima. 47100 Puchong. Selangor. Malaysia,56 ,0,0,0,0,0,1,2022-04-27T02:36:07.2292016Z,0
2.987777,101.610302,Daerah: Subang Jaya<br>No:217<br>Hex coord:(9;12),Unnamed Road. Taman Puchong Utama. 47100 Puchong. Selangor. Malaysia,122 ,0,0,0,0,0,1,2022-04-27T02:36:08.9894678Z,0
2.991667,101.617047,Daerah: Subang Jaya<br>No:218<br>Hex coord:(10;12),No. 68. Jalan PU 7/3. Taman Puchong Utama. 47100 Puchong. Selangor. Malaysia,93 ,0,0,0,0,0,1,2022-04-27T02:36:10.7369433Z,0
2.987777,101.623792,Daerah: Subang Jaya<br>No:219<br>Hex coord:(11;12),PT 7470.Batu 14. 7469. Lebuhraya Damansara - Puchong. Kampung Baru Puchong. 47200 Puchong. Selangor. Malaysia,97 ,0,0,0,0,0,1,2022-04-27T02:36:11.9061010Z,0
2.991667,101.630537,Daerah: Subang Jaya<br>No:220<br>Hex coord:(12;12),27. Jalan BP 3. Bandar Bukit Puchong. 47100 Puchong. Selangor. Malaysia,79 ,0,0,0,0,0,1,2022-04-27T02:36:13.6841283Z,0
2.987777,101.637282,Daerah: Subang Jaya<br>No:221<br>Hex coord:(13;12),16. Jalan Mutiara 1/16. Taman Mutiara Indah. 47100 Puchong. Selangor. Malaysia,63 ,0,0,0,0,0,1,2022-04-27T02:36:15.5905932Z,0
2.991667,101.644027,Daerah: Subang Jaya<br>No:222<br>Hex coord:(14;12),3. Jalan SP 9/9. Taman Saujana Puchong. 47100 Puchong. Selangor. Malaysia,45 ,0,0,0,0,0,1,2022-04-27T02:36:17.3571176Z,0
2.987777,101.650772,Daerah: Subang Jaya<br>No:223<br>Hex coord:(15;12),Unnamed Road. 47100 Seri Kembangan. Selangor. Malaysia,17 ,0,0,0,0,0,1,2022-04-27T02:36:19.1426606Z,0
2.991667,101.657517,Daerah: Subang Jaya<br>No:224<br>Hex coord:(16;12),6. Jalan LEP 1/1. Lestari Putra. 43300 Seri Kembangan. Selangor. Malaysia,52 ,0,0,0,0,0,1,2022-04-27T02:36:20.2845159Z,0
2.987777,101.664262,Daerah: Subang Jaya<br>No:225<br>Hex coord:(17;12),No.2. Jalan KP 2/2. Kota Perdana. 43300 Seri Kembangan. Selangor. Malaysia,64 ,0,0,0,0,0,1,2022-04-27T02:36:22.0646075Z,0
2.991667,101.671007,Daerah: Subang Jaya<br>No:226<br>Hex coord:(18;12),Persiaran Lestari Perdana 2. Lestari Perdana. 43300 Seri Kembangan. Selangor. Malaysia,86 ,0,0,0,0,0,1,2022-04-27T02:36:23.2250804Z,0
2.987777,101.677752,Daerah: Subang Jaya<br>No:227<br>Hex coord:(19;12),8. Jalan PP 14. Taman Pinggiran Putra. 43300 Seri Kembangan. Selangor. Malaysia,83 ,0,0,0,0,0,1,2022-04-27T02:36:25.0136194Z,0
2.991667,101.684497,Daerah: Subang Jaya<br>No:228<br>Hex coord:(20;12),Lebuhraya Kuala Lumpur - Putrajaya. 43400 Seri Kembangan. Selangor. Malaysia,43 ,0,0,0,0,0,1,2022-04-27T02:36:27.1766725Z,0
2.987777,101.691242,Daerah: Subang Jaya<br>No:229<br>Hex coord:(21;12),Jalan Teknologi. 43400 Serdang. Selangor. Malaysia,1 ,0,0,0,0,0,1,2022-04-27T02:36:28.8942552Z,0
2.991667,101.697987,Daerah: Subang Jaya<br>No:230<br>Hex coord:(22;12),Jalan Mardi. 43400 Serdang. Selangor. Malaysia,9 ,0,0,0,0,0,1,2022-04-27T02:36:30.6270900Z,0
2.987777,101.704732,Daerah: Subang Jaya<br>No:231<br>Hex coord:(23;12),Mardi. 43400 Serdang. Selangor. Malaysia,35 ,0,0,0,0,0,1,2022-04-27T02:36:31.7570633Z,0
2.991667,101.711477,Daerah: Subang Jaya<br>No:232<br>Hex coord:(24;12),13th College Bus Stop. Jalan Maklumat. 43400 Serdang. Selangor. Malaysia,63 ,0,0,0,0,0,1,2022-04-27T02:36:32.9017546Z,0
2.983887,101.563087,Daerah: Subang Jaya<br>No:233<br>Hex coord:(2;13),28. Jalan Putra Permai 10/1q. Putra Heights. 47650 Subang Jaya. Selangor. Malaysia,24 ,0,0,0,0,0,1,2022-04-27T02:36:34.6512984Z,0
2.979997,101.569832,Daerah: Subang Jaya<br>No:234<br>Hex coord:(3;13),171. Jalan Kampung Kuala Sungai Baru. Kampung Kuala Sungai Baru. 47100 Puchong. Selangor. Malaysia,31 ,0,0,0,0,0,1,2022-04-27T02:36:36.3868378Z,0
2.983887,101.576577,Daerah: Subang Jaya<br>No:235<br>Hex coord:(4;13),Lot 186-A. Jalan Kampung Kuala Sungai Baru. Kampung Kuala Sungai Baru. 47100 Subang Jaya. Selangor. Malaysia,28 ,0,0,0,0,0,1,2022-04-27T02:36:38.1535708Z,0
2.983887,101.590067,Daerah: Subang Jaya<br>No:236<br>Hex coord:(6;13),119A. Lorong Aman 3a. Kampung Seri Aman. 47100 Puchong. Selangor. Malaysia,50 ,0,0,0,0,0,1,2022-04-27T02:36:39.3416025Z,0
2.983887,101.603557,Daerah: Subang Jaya<br>No:237<br>Hex coord:(8;13),19. Jalan Tasik Prima 6/2. Taman Tasik Prima. 47100 Puchong. Selangor. Malaysia,94 ,0,0,0,0,0,1,2022-04-27T02:36:41.2462798Z,0
2.983887,101.617047,Daerah: Subang Jaya<br>No:238<br>Hex coord:(10;13),SJ 232 Puchong Utama 9 (Utara). Jalan Puchong. 47140 Puchong. Selangor. Malaysia,75 ,0,0,0,0,0,1,2022-04-27T02:36:42.4025068Z,0
2.983887,101.630537,Daerah: Subang Jaya<br>No:239<br>Hex coord:(12;13),No. 3. Jalan BP 4/5. Bandar Bukit Puchong. Selangor. Bandar Bukit. 47100 Puchong. Selangor. Malaysia,85 ,0,0,0,0,0,1,2022-04-27T02:36:43.5413292Z,0
2.979997,101.637282,Daerah: Subang Jaya<br>No:240<br>Hex coord:(13;13),Plaza Toll Puchong Selatan. Lebuhraya Damansara - Puchong. 47100 Puchong. Selangor. Malaysia,26 ,0,0,0,0,0,1,2022-04-27T02:36:44.6737822Z,0
2.983887,101.644027,Daerah: Subang Jaya<br>No:241<br>Hex coord:(14;13),62. Jalan Suria Puchong 4. Puchong Gateway. 47110 Puchong. Selangor. Malaysia,16 ,0,0,0,0,0,1,2022-04-27T02:36:46.4250012Z,0
2.983887,101.657517,Daerah: Subang Jaya<br>No:242<br>Hex coord:(16;13),Makmal Teknologi Akuatik. Jalan Ladang Universiti Putra. 47100. Puchong. Selangor. 43300 Seri Kembangan. Selangor. Malaysia,38 ,0,0,0,0,0,1,2022-04-27T02:36:48.2917815Z,0
2.983887,101.671007,Daerah: Subang Jaya<br>No:243<br>Hex coord:(18;13),PKPS Agro Blok B4. Blok B4 Lot 14. Pusat Bandar Putra Permai. 43400 Seri Kembangan. Selangor. Malaysia,100 ,0,0,0,0,0,1,2022-04-27T02:36:50.0834189Z,0
2.983887,101.684497,Daerah: Subang Jaya<br>No:244<br>Hex coord:(20;13),Lebuhraya Kuala Lumpur - Putrajaya. 43400 Seri Kembangan. Selangor. Malaysia,35 ,0,0,0,0,0,1,2022-04-27T02:36:51.8239319Z,0
2.983887,101.697987,Daerah: Subang Jaya<br>No:245<br>Hex coord:(22;13),Jalan MARDI. 43000 Kajang. Selangor. Malaysia,0,0,0,0,0,0,1,2022-04-27T02:36:52.9519789Z,0
2.983887,101.711477,Daerah: Subang Jaya<br>No:246<br>Hex coord:(24;13),Biorefinery Pilot Plant. Faculty of Biotechnology and Biomolecular Sciences. Jalan Satelit. 43400 Serdang. Selangor. Malaysia,11 ,0,0,0,0,0,1,2022-04-27T02:36:54.7133455Z,0