lat,lon,label,placename,weeklyactive,totalactive,weeklyrecovered,totalrecovered,weeklydeaths,totaldeaths,weight,timestamp,reserved
2.996479,101.724853,Daerah: Sepang<br>No:1<br>Hex coord:(10;1),CWorks Systems Berhad. D-G-1. UPM-MTDC TIC III Lebuh Silikon. 43400 Serdang. Selangor. Malaysia,0,0,0,0,0,0,1,2022-12-06T18:01:15.3318178Z,0
2.988699,101.738343,Daerah: Sepang<br>No:2<br>Hex coord:(11;1),408 Lorong Bayu Nyaman A. 43000 KAJANG Kajang. Selangor. Malaysia,0,0,0,0,0,0,1,2022-12-06T18:01:16.3174542Z,0
2.973139,101.603443,Daerah: Sepang<br>No:3<br>Hex coord:(1;2),D'Island. 47120 Sepang. Selangor. Malaysia,1,0,0,0,0,0,1,2022-12-06T18:01:17.1764369Z,0
2.973139,101.630423,Daerah: Sepang<br>No:4<br>Hex coord:(3;2),Ladang Bukit Hitam. Puchong. Petaling. Malaysia,4,0,0,0,0,0,1,2022-12-06T18:01:18.0271077Z,0
2.973139,101.657403,Daerah: Sepang<br>No:5<br>Hex coord:(5;2),16 Sierra. 62300 Sepang. Selangor. Malaysia,3,0,0,0,0,0,1,2022-12-06T18:01:19.0265391Z,0
2.973139,101.684383,Daerah: Sepang<br>No:6<br>Hex coord:(7;2),South Klang Valley Expressway. 62300 Sepang. Selangor. Malaysia,0,0,0,0,0,0,1,2022-12-06T18:01:19.9527124Z,0
2.980919,101.697873,Daerah: Sepang<br>No:7<br>Hex coord:(8;2),Hall A. Serdang. Selangor. Malaysia,0,0,0,0,0,0,1,2022-12-06T18:01:20.8784890Z,0
2.973139,101.711363,Daerah: Sepang<br>No:8<br>Hex coord:(9;2),Vet Cafe. Serdang. Selangor. Malaysia,0,0,0,0,0,0,1,2022-12-06T18:01:21.7891555Z,0
2.980919,101.724853,Daerah: Sepang<br>No:9<br>Hex coord:(10;2),Beryani Gam Putrajaya. Kajang. Ulu Langat. Malaysia,0,0,0,0,0,0,1,2022-12-06T18:01:22.6502288Z,0
2.973139,101.738343,Daerah: Sepang<br>No:10<br>Hex coord:(11;2),Universiti Tenaga Nasional. Jalan Kajang-Puchong. Seksyen 11. 43000 KAJANG Sepang. Selangor. Malaysia,1,0,0,0,0,0,1,2022-12-06T18:01:23.4734186Z,0
2.965359,101.589953,Daerah: Sepang<br>No:11<br>Hex coord:(0;3),42610 Sepang. Selangor. Malaysia,2,0,0,0,0,0,1,2022-12-06T18:01:24.3040278Z,0
2.957579,101.603443,Daerah: Sepang<br>No:12<br>Hex coord:(1;3),Bandar Putra Perdana. 47130 Sepang. Selangor. Malaysia,1,0,0,0,0,0,1,2022-12-06T18:01:25.1379752Z,0
2.965359,101.616933,Daerah: Sepang<br>No:13<br>Hex coord:(2;3),Jalan BP 10/16. D'Island. 47120 Puchong. Selangor. Malaysia,4,0,0,0,0,0,1,2022-12-06T18:01:26.0161261Z,0
2.957579,101.630423,Daerah: Sepang<br>No:14<br>Hex coord:(3;3),Rizab Melayu Puchong. Puchong. Petaling. Malaysia,1,0,0,0,0,0,1,2022-12-06T18:01:26.9419679Z,0
2.965359,101.643913,Daerah: Sepang<br>No:15<br>Hex coord:(4;3),Cyber 3. 62300 Cyberjaya. Selangor. Malaysia,3,0,0,0,0,0,1,2022-12-06T18:01:27.8558426Z,0
2.957579,101.657403,Daerah: Sepang<br>No:16<br>Hex coord:(5;3),Ladang Eu Tong Sen. Putrajaya. Sepang. Malaysia,26,0,0,0,0,0,1,2022-12-06T18:01:28.7412946Z,0
2.965359,101.724853,Daerah: Sepang<br>No:21<br>Hex coord:(10;3),Cendekiawan Apartments. Kajang. Selangor. Malaysia,0,0,0,0,0,0,1,2022-12-06T18:01:29.5654768Z,0
2.957579,101.738343,Daerah: Sepang<br>No:22<br>Hex coord:(11;3),Taman Air Hitam Permai. 43000 KAJANG Sepang. Selangor. Malaysia,1,0,0,0,0,0,1,2022-12-06T18:01:30.3987107Z,0
2.942019,101.603443,Daerah: Sepang<br>No:23<br>Hex coord:(1;4),Bandar Putra Perdana. 47130 Sepang. Selangor. Malaysia,14,0,0,0,0,0,1,2022-12-06T18:01:31.2115396Z,0
2.949799,101.616933,Daerah: Sepang<br>No:24<br>Hex coord:(2;4),Tuck Heng Hardware Trading. 12 Jalan Putra Perdana 2/2. 47100 Puchong. Selangor. Malaysia,8,0,0,0,0,0,1,2022-12-06T18:01:32.0535336Z,0
2.942019,101.630423,Daerah: Sepang<br>No:25<br>Hex coord:(3;4),Jalan NPT 7/4M. Puchong. Selangor. Malaysia,7,0,0,0,0,0,1,2022-12-06T18:01:32.9591153Z,0
2.949799,101.643913,Daerah: Sepang<br>No:26<br>Hex coord:(4;4),Cyber 1. 63200 Sepang. Selangor. Malaysia,0,0,0,0,0,0,1,2022-12-06T18:01:33.8538951Z,0
2.942019,101.657403,Daerah: Sepang<br>No:27<br>Hex coord:(5;4),MAMPU. 3200 Jalan Teknokrat 2. 63000 Cyberjaya. Selangor. Malaysia,4,0,0,0,0,0,1,2022-12-06T18:01:34.7641954Z,0
2.949799,101.670893,Daerah: Sepang<br>No:28<br>Hex coord:(6;4),62250 Cyberjaya. Selangor. Malaysia,73,0,0,0,0,0,1,2022-12-06T18:01:35.7852684Z,0
2.942019,101.738343,Daerah: Sepang<br>No:33<br>Hex coord:(11;4),Desa Sri Melor 2. 62050 Sepang. Selangor. Malaysia,3,0,0,0,0,0,1,2022-12-06T18:01:36.6397502Z,0
2.926459,101.603443,Daerah: Sepang<br>No:34<br>Hex coord:(1;5),Lebuhraya Utara�Selatan Hubungan Tengah. Puchong. Selangor. Malaysia,1,0,0,0,0,0,1,2022-12-06T18:01:37.4117682Z,0
2.934239,101.616933,Daerah: Sepang<br>No:35<br>Hex coord:(2;5),Lot 1 Amanputra 1/3. 2-12 Jalan Amanputra 1/3. 47130 Puchong. Selangor. Malaysia,14,0,0,0,0,0,1,2022-12-06T18:01:38.2140680Z,0
2.926459,101.630423,Daerah: Sepang<br>No:36<br>Hex coord:(3;5),SJK (C) Union. Cyberjaya. Jalan Union. Cyber 11. 63200 Cyberjaya. Selangor. Malaysia,15,0,0,0,0,0,1,2022-12-06T18:01:39.0536995Z,0
2.934239,101.643913,Daerah: Sepang<br>No:37<br>Hex coord:(4;5),Cyber 1. 63200 Cyberjaya. Selangor. Malaysia,1,0,0,0,0,0,1,2022-12-06T18:01:39.9390357Z,0
2.926459,101.657403,Daerah: Sepang<br>No:38<br>Hex coord:(5;5),Persiaran APEC. Cyber 6. 63000 Cyberjaya. Selangor. Malaysia,10,0,0,0,0,0,1,2022-12-06T18:01:40.8732017Z,0
2.934239,101.670893,Daerah: Sepang<br>No:39<br>Hex coord:(6;5),Precinct 7. 62250 Putrajaya. Putrajaya. Malaysia,73,0,0,0,0,0,1,2022-12-06T18:01:41.8359702Z,0
2.926459,101.738343,Daerah: Sepang<br>No:44<br>Hex coord:(11;5),Desa Intan Putra. 63450 Sepang. Selangor. Malaysia,0,0,0,0,0,0,1,2022-12-06T18:01:42.6485460Z,0
2.934239,101.751833,Daerah: Sepang<br>No:45<br>Hex coord:(12;5),Kedai Tok Aba. 63450 Bangi. Selangor. Malaysia,5,0,0,0,0,0,1,2022-12-06T18:01:43.4669626Z,0
2.918679,101.616933,Daerah: Sepang<br>No:46<br>Hex coord:(2;6),Bandar Nusaputra. 47130 Sepang. Selangor. Malaysia,0,0,0,0,0,0,1,2022-12-06T18:01:44.2593427Z,0
2.910899,101.630423,Daerah: Sepang<br>No:47<br>Hex coord:(3;6),Bandar Nusaputra. 63000 Sepang. Selangor. Malaysia,3,0,0,0,0,0,1,2022-12-06T18:01:45.0367164Z,0
2.918679,101.643913,Daerah: Sepang<br>No:48<br>Hex coord:(4;6),Symphony HIlls. 18 Jalan Schubert 1C. Cyberjaya. Selangor. Malaysia,11,0,0,0,0,0,1,2022-12-06T18:01:45.8623240Z,0
2.910899,101.657403,Daerah: Sepang<br>No:49<br>Hex coord:(5;6),Dell Global Business Centre. Cyberjaya. Selangor. Malaysia,8,0,0,0,0,0,1,2022-12-06T18:01:46.7830975Z,0
2.918679,101.670893,Daerah: Sepang<br>No:50<br>Hex coord:(6;6),Perdana Lakeview East. 62100 Cyberjaya. Selangor. Malaysia,5,0,0,0,0,0,1,2022-12-06T18:01:47.7219670Z,0
2.910899,101.711363,Daerah: Sepang<br>No:53<br>Hex coord:(9;6),Jalan Pinggiran Putra 1/6. Pinggiran Putra. 62150 Putrajaya. Selangor. Malaysia,2,0,0,0,0,0,1,2022-12-06T18:01:48.5762453Z,0
2.918679,101.724853,Daerah: Sepang<br>No:54<br>Hex coord:(10;6),B13 Limau Manis. Kampung Desa Putra. 63450 Putrajaya. Selangor. Malaysia,3,0,0,0,0,0,1,2022-12-06T18:01:49.3935849Z,0
2.910899,101.738343,Daerah: Sepang<br>No:55<br>Hex coord:(11;6),Kampung Desa Putra. 63450 Sepang. Selangor. Malaysia,5,0,0,0,0,0,1,2022-12-06T18:01:50.2145245Z,0
2.918679,101.751833,Daerah: Sepang<br>No:56<br>Hex coord:(12;6),Bawal. Jalan Jati. Alam Sentosa. 63450 Sepang. Selangor. Malaysia,4,0,0,0,0,0,1,2022-12-06T18:01:50.9931561Z,0
2.903119,101.616933,Daerah: Sepang<br>No:57<br>Hex coord:(2;7),Dengkil Rest Area. Bandar Nusaputra. Sepang. Selangor. Malaysia,0,0,0,0,0,0,1,2022-12-06T18:01:51.7659855Z,0
2.895339,101.630423,Daerah: Sepang<br>No:58<br>Hex coord:(3;7),Masjid Cyber10. Cyberjaya. Selangor. Malaysia,2,0,0,0,0,0,1,2022-12-06T18:01:52.5618128Z,0
2.903119,101.643913,Daerah: Sepang<br>No:59<br>Hex coord:(4;7),Cyber 9. 63000 SEPANG Cyberjaya. Selangor. Malaysia,10,0,0,0,0,0,1,2022-12-06T18:01:53.3722005Z,0
2.895339,101.657403,Daerah: Sepang<br>No:60<br>Hex coord:(5;7),Persimpangan Cyberjaya Selatan. 62200 Putrajaya. Selangor. Malaysia,54,0,0,0,0,0,1,2022-12-06T18:01:54.2538224Z,0
2.895339,101.711363,Daerah: Sepang<br>No:64<br>Hex coord:(9;7),Persiaran Timur. Kajang. Selangor. Malaysia,2,0,0,0,0,0,1,2022-12-06T18:01:55.0807032Z,0
2.903119,101.724853,Daerah: Sepang<br>No:65<br>Hex coord:(10;7),Taman Nusa Idaman. 43800 DENGKIL Sepang. Selangor. Malaysia,1,0,0,0,0,0,1,2022-12-06T18:01:55.9147987Z,0
2.895339,101.738343,Daerah: Sepang<br>No:66<br>Hex coord:(11;7),BMSM Dhammavijaya Meditation Center. Lot 850 Jalan Besar. 43800 Dengkil. Selangor. Malaysia,1,0,0,0,0,0,1,2022-12-06T18:01:56.7940293Z,0
2.903119,101.751833,Daerah: Sepang<br>No:67<br>Hex coord:(12;7),Ladang Broome. Dengkil. Sepang. Malaysia,0,0,0,0,0,0,1,2022-12-06T18:01:57.5407002Z,0
2.895339,101.765323,Daerah: Sepang<br>No:68<br>Hex coord:(13;7),Southville City. 43600 Sepang. Selangor. Malaysia,4,0,0,0,0,0,1,2022-12-06T18:01:58.2858872Z,0
2.879779,101.630423,Daerah: Sepang<br>No:69<br>Hex coord:(3;8),Taman Arked. 43800 Sepang. Selangor. Malaysia,0,0,0,0,0,0,1,2022-12-06T18:01:59.0496266Z,0
2.887559,101.643913,Daerah: Sepang<br>No:70<br>Hex coord:(4;8),Cyber 10. 62200 Sepang. Selangor. Malaysia,0,0,0,0,0,0,1,2022-12-06T18:01:59.8345889Z,0
2.879779,101.657403,Daerah: Sepang<br>No:71<br>Hex coord:(5;8),SO CAB SERVICE. 31 Lebuhraya Damansara Puchong ? Putrajaya dan Cyberjaya. 43800 Dengkil. Selangor. Malaysia,2,0,0,0,0,0,1,2022-12-06T18:02:00.6140368Z,0
2.879779,101.684383,Daerah: Sepang<br>No:73<br>Hex coord:(7;8),Taman Jenderam Harmoni. 62100 Sepang. Selangor. Malaysia,0,0,0,0,0,0,1,2022-12-06T18:02:01.4237840Z,0
2.887559,101.697873,Daerah: Sepang<br>No:74<br>Hex coord:(8;8),Desa Pinggiran Putra. 62100 Sepang. Selangor. Malaysia,0,0,0,0,0,0,1,2022-12-06T18:02:02.2536150Z,0
2.879779,101.711363,Daerah: Sepang<br>No:75<br>Hex coord:(9;8),Jalan Banting-Semenyih. Dengkil. Selangor. Malaysia,0,0,0,0,0,0,1,2022-12-06T18:02:03.0387796Z,0
2.887559,101.724853,Daerah: Sepang<br>No:76<br>Hex coord:(10;8),28 Jalan Jenderam - Bangi. Dengkil. Selangor. Malaysia,4,0,0,0,0,0,1,2022-12-06T18:02:03.8311536Z,0
2.879779,101.738343,Daerah: Sepang<br>No:77<br>Hex coord:(11;8),Southville City. 43800 DENGKIL Sepang. Selangor. Malaysia,0,0,0,0,0,0,1,2022-12-06T18:02:04.5891084Z,0
2.887559,101.751833,Daerah: Sepang<br>No:78<br>Hex coord:(12;8),Pusat Penjaja Bukit Unggul. Dengkil. Selangor. Malaysia,0,0,0,0,0,0,1,2022-12-06T18:02:05.3373462Z,0
2.879779,101.765323,Daerah: Sepang<br>No:79<br>Hex coord:(13;8),Lot 20 Jalan Durian 1. Dengkil. Selangor. Malaysia,1,0,0,0,0,0,1,2022-12-06T18:02:06.1224352Z,0
2.871999,101.643913,Daerah: Sepang<br>No:80<br>Hex coord:(4;9),Cybersouth City. 43800 Sepang. Selangor. Malaysia,4,0,0,0,0,0,1,2022-12-06T18:02:06.8636533Z,0
2.864219,101.657403,Daerah: Sepang<br>No:81<br>Hex coord:(5;9),Ladang Lee Cheng Chin. Dengkil. Sepang. Malaysia,0,0,0,0,0,0,1,2022-12-06T18:02:07.6192178Z,0
2.871999,101.670893,Daerah: Sepang<br>No:82<br>Hex coord:(6;9),Jalan Kenanga 4. 43800 Dengkil. Selangor. Malaysia,9,0,0,0,0,0,1,2022-12-06T18:02:08.4079377Z,0
2.864219,101.684383,Daerah: Sepang<br>No:83<br>Hex coord:(7;9),Sekolah Permata. Dengkil. Sepang. Malaysia,9,0,0,0,0,0,1,2022-12-06T18:02:09.1953631Z,0
2.871999,101.697873,Daerah: Sepang<br>No:84<br>Hex coord:(8;9),Taman Jenderam Harmoni. 62100 Sepang. Selangor. Malaysia,9,0,0,0,0,0,1,2022-12-06T18:02:10.0103969Z,0
2.864219,101.711363,Daerah: Sepang<br>No:85<br>Hex coord:(9;9),Kampung Jenderam Hulu. 43900 Sepang. Selangor. Malaysia,0,0,0,0,0,0,1,2022-12-06T18:02:10.7667392Z,0
2.871999,101.724853,Daerah: Sepang<br>No:86<br>Hex coord:(10;9),Kampung Jenderam Hulu. 43800 DENGKIL Sepang. Selangor. Malaysia,0,0,0,0,0,0,1,2022-12-06T18:02:11.5264870Z,0
2.864219,101.738343,Daerah: Sepang<br>No:87<br>Hex coord:(11;9),Southville City. 43900 Sepang. Selangor. Malaysia,0,0,0,0,0,0,1,2022-12-06T18:02:12.2648864Z,0
2.871999,101.751833,Daerah: Sepang<br>No:88<br>Hex coord:(12;9),Bukit Tunggul. Sepang. Malaysia,0,0,0,0,0,0,1,2022-12-06T18:02:13.0166463Z,0
2.871999,101.778813,Daerah: Sepang<br>No:89<br>Hex coord:(14;9),77188 Sepang. Negeri Sembilan. Malaysia,0,0,0,0,0,0,1,2022-12-06T18:02:13.7671881Z,0
2.856439,101.643913,Daerah: Sepang<br>No:90<br>Hex coord:(4;10),Monier Malaysia Sdn Bhd. Jalan Selangor Dredging. Kampung Selangor Dredging. 43800 Sepang. Selangor. Malaysia,1,0,0,0,0,0,1,2022-12-06T18:02:14.5322518Z,0
2.848659,101.657403,Daerah: Sepang<br>No:91<br>Hex coord:(5;10),Intercontinental Specialty Fats Sdn Bhd. Dengkil. Sepang. Malaysia,0,0,0,0,0,0,1,2022-12-06T18:02:15.2985903Z,0
2.856439,101.670893,Daerah: Sepang<br>No:92<br>Hex coord:(6;10),Taman Intan. 43800 Sepang. Selangor. Malaysia,6,0,0,0,0,0,1,2022-12-06T18:02:16.0870939Z,0
2.848659,101.684383,Daerah: Sepang<br>No:93<br>Hex coord:(7;10),Kampung Sri Tanjung. 43800 Sepang. Selangor. Malaysia,0,0,0,0,0,0,1,2022-12-06T18:02:16.8156358Z,0
2.856439,101.697873,Daerah: Sepang<br>No:94<br>Hex coord:(8;10),Taman Gemilang. 43900 Sepang. Selangor. Malaysia,7,0,0,0,0,0,1,2022-12-06T18:02:17.5821720Z,0
2.848659,101.711363,Daerah: Sepang<br>No:95<br>Hex coord:(9;10),Kampung Kelinsing. 43900 Sepang. Selangor. Malaysia,0,0,0,0,0,0,1,2022-12-06T18:02:18.3318791Z,0
2.856439,101.724853,Daerah: Sepang<br>No:96<br>Hex coord:(10;10),North�South Expressway Central Link. Kampung Jenderam Hulu. 43900 Sepang. Selangor. Malaysia,0,0,0,0,0,0,1,2022-12-06T18:02:19.1052686Z,0
2.848659,101.738343,Daerah: Sepang<br>No:97<br>Hex coord:(11;10),Putt and Dine. B48. Kampung Jenderam Hulu. 43900 Sepang. Selangor. Malaysia,0,0,0,0,0,0,1,2022-12-06T18:02:19.8367137Z,0
2.856439,101.751833,Daerah: Sepang<br>No:98<br>Hex coord:(12;10),North�South Expressway Central Link. 77188 Sepang. Negeri Sembilan. Malaysia,0,0,0,0,0,0,1,2022-12-06T18:02:20.5777224Z,0
2.833099,101.657403,Daerah: Sepang<br>No:99<br>Hex coord:(5;11),Toll KLIA Expressway. 43800 Sepang. Selangor. Malaysia,0,0,0,0,0,0,1,2022-12-06T18:02:21.3262634Z,0
2.840879,101.670893,Daerah: Sepang<br>No:100<br>Hex coord:(6;11),Kampung Cemperai. 43800 Sepang. Selangor. Malaysia,0,0,0,0,0,0,1,2022-12-06T18:02:22.1005344Z,0
2.833099,101.684383,Daerah: Sepang<br>No:101<br>Hex coord:(7;11),Warisan Puteri. 43800 Sepang. Selangor. Malaysia,3,0,0,0,0,0,1,2022-12-06T18:02:22.8487756Z,0
2.840879,101.697873,Daerah: Sepang<br>No:102<br>Hex coord:(8;11),Sime Darby Property at Serenia City. Lot 27999 Lebuhraya Damansara Puchong ? Putrajaya dan Cyberjaya. 43900 Sepang. Selangor. Malaysia,0,0,0,0,0,0,1,2022-12-06T18:02:23.6174078Z,0
2.833099,101.711363,Daerah: Sepang<br>No:103<br>Hex coord:(9;11),16 Jalan Dahlia 3/10. Sepang. Selangor. Malaysia,1,0,0,0,0,0,1,2022-12-06T18:02:24.3895772Z,0
2.840879,101.724853,Daerah: Sepang<br>No:104<br>Hex coord:(10;11),1 Jalan SP 4/8. 43900 Sepang. Selangor. Malaysia,6,0,0,0,0,0,1,2022-12-06T18:02:25.1664915Z,0
2.833099,101.738343,Daerah: Sepang<br>No:105<br>Hex coord:(11;11),Jalan Mawar 4B. Taman Mawar. 43900 Sepang. Selangor. Malaysia,3,0,0,0,0,0,1,2022-12-06T18:02:25.9398758Z,0
2.840879,101.751833,Daerah: Sepang<br>No:106<br>Hex coord:(12;11),Surau Al-Ikhsan. Sepang. Malaysia,2,0,0,0,0,0,1,2022-12-06T18:02:26.6928538Z,0
2.825319,101.670893,Daerah: Sepang<br>No:107<br>Hex coord:(6;12),Langat River. Banting. Selangor. Malaysia,0,0,0,0,0,0,1,2022-12-06T18:02:27.4280563Z,0
2.817539,101.684383,Daerah: Sepang<br>No:108<br>Hex coord:(7;12),Jalan Saujana KLIA 2/3. 64000 Sepang. Selangor. Malaysia,9,0,0,0,0,0,1,2022-12-06T18:02:28.1630524Z,0
2.825319,101.697873,Daerah: Sepang<br>No:109<br>Hex coord:(8;12),Kolam Tadahan. Persiaran Warisan Permai. Kota Warisan. 43900 Sepang. Selangor. Malaysia,7,0,0,0,0,0,1,2022-12-06T18:02:28.9209704Z,0
2.817539,101.711363,Daerah: Sepang<br>No:110<br>Hex coord:(9;12),Warisan Puteri. 43900 Sepang. Selangor. Malaysia,1,0,0,0,0,0,1,2022-12-06T18:02:29.6764729Z,0
2.825319,101.724853,Daerah: Sepang<br>No:111<br>Hex coord:(10;12),Jalan Seroja 20. Taman Seroja. 43900 Sepang. Selangor. Malaysia,15,0,0,0,0,0,1,2022-12-06T18:02:30.4473298Z,0
2.817539,101.738343,Daerah: Sepang<br>No:112<br>Hex coord:(11;12),Ehsan Residence. 43900 Sepang. Selangor. Malaysia,13,0,0,0,0,0,1,2022-12-06T18:02:31.2098239Z,0
2.825319,101.751833,Daerah: Sepang<br>No:113<br>Hex coord:(12;12),Salak. 43900 Sepang. Selangor. Malaysia,0,0,0,0,0,0,1,2022-12-06T18:02:31.9891334Z,0
2.801979,101.684383,Daerah: Sepang<br>No:114<br>Hex coord:(7;13),Jalan Labohan Dagang ? Nilai. Sepang. Selangor. Malaysia,0,0,0,0,0,0,1,2022-12-06T18:02:32.7171432Z,0
2.809759,101.697873,Daerah: Sepang<br>No:115<br>Hex coord:(8;13),Perodua. Putrajaya�Cyberjaya Expressway. Warisan Puteri. 64000 Sepang. Selangor. Malaysia,3,0,0,0,0,0,1,2022-12-06T18:02:33.4558794Z,0
2.801979,101.711363,Daerah: Sepang<br>No:116<br>Hex coord:(9;13),Jalan Indah KLIA 3. 43900 Sepang. Selangor. Malaysia,9,0,0,0,0,0,1,2022-12-06T18:02:34.2106008Z,0
2.809759,101.724853,Daerah: Sepang<br>No:117<br>Hex coord:(10;13),Sri Langit Hotel. 2 - 10 Jalan 11. Medan 120. Sepang. Selangor. Malaysia,3,0,0,0,0,0,1,2022-12-06T18:02:34.9870041Z,0
2.801979,101.738343,Daerah: Sepang<br>No:118<br>Hex coord:(11;13),Ehsan Residence. 43900 Sepang. Selangor. Malaysia,8,0,0,0,0,0,1,2022-12-06T18:02:35.7578819Z,0
2.809759,101.751833,Daerah: Sepang<br>No:119<br>Hex coord:(12;13),Salak. 43900 Sepang. Selangor. Malaysia,3,0,0,0,0,0,1,2022-12-06T18:02:36.5287232Z,0
2.794199,101.670893,Daerah: Sepang<br>No:120<br>Hex coord:(6;14),Jalan Labohan Dagang ? Nilai. Sepang. Selangor. Malaysia,0,0,0,0,0,0,1,2022-12-06T18:02:37.2523577Z,0
2.786419,101.684383,Daerah: Sepang<br>No:121<br>Hex coord:(7;14),Bukit Gadong. Sepang. Malaysia,0,0,0,0,0,0,1,2022-12-06T18:02:37.9681365Z,0
2.794199,101.697873,Daerah: Sepang<br>No:122<br>Hex coord:(8;14),Kampung Labu Lanjut. 64000 Sepang. Selangor. Malaysia,3,0,0,0,0,0,1,2022-12-06T18:02:38.7090059Z,0
2.786419,101.711363,Daerah: Sepang<br>No:123<br>Hex coord:(9;14),Kampung Labu Lanjut. 64000 Sepang. Selangor. Malaysia,1,0,0,0,0,0,1,2022-12-06T18:02:39.4506956Z,0
2.794199,101.724853,Daerah: Sepang<br>No:124<br>Hex coord:(10;14),Jalan Labu Lanjut. Kampung Labu Lanjut. 43900 Sepang. Selangor. Malaysia,3,0,0,0,0,0,1,2022-12-06T18:02:40.2059023Z,0
2.786419,101.738343,Daerah: Sepang<br>No:125<br>Hex coord:(11;14),Sungai Labu WTP ORS Pumping Station. 43900 Sepang. Selangor. Malaysia,1,0,0,0,0,0,1,2022-12-06T18:02:40.9529303Z,0
2.794199,101.751833,Daerah: Sepang<br>No:126<br>Hex coord:(12;14),Salak. 43900 Sepang. Selangor. Malaysia,4,0,0,0,0,0,1,2022-12-06T18:02:41.7274216Z,0
2.770859,101.657403,Daerah: Sepang<br>No:127<br>Hex coord:(5;15),Sepang. Selangor. Malaysia,0,0,0,0,0,0,1,2022-12-06T18:02:42.4304223Z,0
2.778639,101.670893,Daerah: Sepang<br>No:128<br>Hex coord:(6;15),64000 Sepang. Selangor. Malaysia,0,0,0,0,0,0,1,2022-12-06T18:02:43.1463555Z,0
2.770859,101.684383,Daerah: Sepang<br>No:129<br>Hex coord:(7;15),KLIA Expressway. Kampung Kelinsing. 64000 Sepang. Selangor. Malaysia,0,0,0,0,0,0,1,2022-12-06T18:02:43.8471242Z,0
2.778639,101.697873,Daerah: Sepang<br>No:130<br>Hex coord:(8;15),Sungai Labu. Sepang. Selangor. Malaysia,0,0,0,0,0,0,1,2022-12-06T18:02:44.5798598Z,0
2.770859,101.711363,Daerah: Sepang<br>No:131<br>Hex coord:(9;15),Sungai Ayer Hitam. Sepang. Malaysia,0,0,0,0,0,0,1,2022-12-06T18:02:45.3080663Z,0
2.778639,101.724853,Daerah: Sepang<br>No:132<br>Hex coord:(10;15),Kampung Labu Lanjut. 64000 Sepang. Selangor. Malaysia,0,0,0,0,0,0,1,2022-12-06T18:02:46.0788822Z,0
2.770859,101.738343,Daerah: Sepang<br>No:133<br>Hex coord:(11;15),G2. Sepang. Malaysia,0,0,0,0,0,0,1,2022-12-06T18:02:46.8201178Z,0
2.778639,101.751833,Daerah: Sepang<br>No:134<br>Hex coord:(12;15),Restoran Tomyam Haji Din. B48. Salak. Sepang. Selangor. Malaysia,2,0,0,0,0,0,1,2022-12-06T18:02:47.5657401Z,0
2.763079,101.643913,Daerah: Sepang<br>No:135<br>Hex coord:(4;16),64000 Sepang. Selangor. Malaysia,4,0,0,0,0,0,1,2022-12-06T18:02:48.2614022Z,0
2.755299,101.657403,Daerah: Sepang<br>No:136<br>Hex coord:(5;16),64000 Sepang. Selangor. Malaysia,0,0,0,0,0,0,1,2022-12-06T18:02:48.9575310Z,0
2.763079,101.670893,Daerah: Sepang<br>No:137<br>Hex coord:(6;16),Sepang. Selangor. Malaysia,0,0,0,0,0,0,1,2022-12-06T18:02:49.6545233Z,0
2.755299,101.684383,Daerah: Sepang<br>No:138<br>Hex coord:(7;16),Kampung Labu Lanjut. 64000 Sepang. Selangor. Malaysia,0,0,0,0,0,0,1,2022-12-06T18:02:50.3628495Z,0
2.763079,101.697873,Daerah: Sepang<br>No:139<br>Hex coord:(8;16),Jalan KLIA 1. Sepang. Selangor. Malaysia,0,0,0,0,0,0,1,2022-12-06T18:02:51.0818648Z,0
2.755299,101.711363,Daerah: Sepang<br>No:140<br>Hex coord:(9;16),Main East (ME) Apron. KLIA Departure. Kampung Labu Lanjut. 64000 Sepang. Selangor. Malaysia,2,0,0,0,0,0,1,2022-12-06T18:02:51.7870685Z,0
2.763079,101.724853,Daerah: Sepang<br>No:141<br>Hex coord:(10;16),Jalan Kuarters KLIA. Sepang. Selangor. Malaysia,0,0,0,0,0,0,1,2022-12-06T18:02:52.5009474Z,0
2.755299,101.738343,Daerah: Sepang<br>No:142<br>Hex coord:(11;16),Sepang International Circuit. Jalan Pekeliling KLIA. Kampung Labu Lanjut. 64000 Sepang. Selangor. Malaysia,0,0,0,0,0,0,1,2022-12-06T18:02:53.2220539Z,0
2.763079,101.751833,Daerah: Sepang<br>No:143<br>Hex coord:(12;16),Sungai Chincang. Kampung Baharu Nilai. Negeri Sembilan. Malaysia,4,0,0,0,0,0,1,2022-12-06T18:02:53.9558674Z,0
2.747519,101.643913,Daerah: Sepang<br>No:144<br>Hex coord:(4;17),Sepang. Selangor. Malaysia,0,0,0,0,0,0,1,2022-12-06T18:02:54.6419176Z,0
2.739739,101.657403,Daerah: Sepang<br>No:145<br>Hex coord:(5;17),Sepang. Selangor. Malaysia,0,0,0,0,0,0,1,2022-12-06T18:02:55.3287404Z,0
2.747519,101.670893,Daerah: Sepang<br>No:146<br>Hex coord:(6;17),64000 Sepang. Selangor. Malaysia,0,0,0,0,0,0,1,2022-12-06T18:02:56.0314427Z,0
2.739739,101.684383,Daerah: Sepang<br>No:147<br>Hex coord:(7;17),K14 / L14. Bas Teksi. 64000 Sepang. Selangor. Malaysia,0,0,0,0,0,0,1,2022-12-06T18:02:56.7142622Z,0
2.747519,101.697873,Daerah: Sepang<br>No:148<br>Hex coord:(8;17),Bunga Raya VIP Complex. KLIA Arrival. Kampung Labu Lanjut. 64000 Sepang. Selangor. Malaysia,0,0,0,0,0,0,1,2022-12-06T18:02:57.4100697Z,0
2.739739,101.711363,Daerah: Sepang<br>No:149<br>Hex coord:(9;17),Cargo West (CW) Apron. Jalan KLIA S3. Kampung Chincang. Sepang. Selangor. Malaysia,0,0,0,0,0,0,1,2022-12-06T18:02:58.1063765Z,0
2.747519,101.724853,Daerah: Sepang<br>No:150<br>Hex coord:(10;17),Jalan Pekeliling KLIA. Kampung Labu Lanjut. 64000 Sepang. Selangor. Malaysia,0,0,0,0,0,0,1,2022-12-06T18:02:58.8185107Z,0
2.739739,101.738343,Daerah: Sepang<br>No:151<br>Hex coord:(11;17),Jalan Pekeliling 4. Depot Imigresen KLIA FAMA Kompleks Kuarantin. 71760 Sepang. Selangor. Malaysia,0,0,0,0,0,0,1,2022-12-06T18:02:59.5159101Z,0
2.747519,101.751833,Daerah: Sepang<br>No:152<br>Hex coord:(12;17),Kampung Chincang. 71760 Sepang. Selangor. Malaysia,0,0,0,0,0,0,1,2022-12-06T18:03:00.2316088Z,0
2.724179,101.603443,Daerah: Sepang<br>No:153<br>Hex coord:(1;18),Sepang. Selangor. Malaysia,0,0,0,0,0,0,1,2022-12-06T18:03:00.9225631Z,0
2.724179,101.630423,Daerah: Sepang<br>No:154<br>Hex coord:(3;18),64000 Sepang. Selangor. Malaysia,0,0,0,0,0,0,1,2022-12-06T18:03:01.6125405Z,0
2.731959,101.643913,Daerah: Sepang<br>No:155<br>Hex coord:(4;18),Sepang. Selangor. Malaysia,0,0,0,0,0,0,1,2022-12-06T18:03:02.3068108Z,0
2.724179,101.657403,Daerah: Sepang<br>No:156<br>Hex coord:(5;18),Sepang. Selangor. Malaysia,0,0,0,0,0,0,1,2022-12-06T18:03:02.9936072Z,0
2.731959,101.670893,Daerah: Sepang<br>No:157<br>Hex coord:(6;18),Sepang. Selangor. Malaysia,0,0,0,0,0,0,1,2022-12-06T18:03:03.6739605Z,0
2.724179,101.684383,Daerah: Sepang<br>No:158<br>Hex coord:(7;18),64000 Sepang. Selangor. Malaysia,0,0,0,0,0,0,1,2022-12-06T18:03:04.3554127Z,0
2.731959,101.697873,Daerah: Sepang<br>No:159<br>Hex coord:(8;18),Sepang. Malaysia,0,0,0,0,0,0,1,2022-12-06T18:03:05.0275849Z,0
2.724179,101.711363,Daerah: Sepang<br>No:160<br>Hex coord:(9;18),Sepang. Selangor. Malaysia,0,0,0,0,0,0,1,2022-12-06T18:03:05.7149449Z,0
2.731959,101.724853,Daerah: Sepang<br>No:161<br>Hex coord:(10;18),Jalan KLIA S3. Kampung Chincang. Sepang. Selangor. Malaysia,0,0,0,0,0,0,1,2022-12-06T18:03:06.4000658Z,0
2.724179,101.738343,Daerah: Sepang<br>No:162<br>Hex coord:(11;18),Kuala Lumpur VKL. Jalan Pekeliling KLIA. Kampung Labu Lanjut. 64000 Sepang. Selangor. Malaysia,0,0,0,0,0,0,1,2022-12-06T18:03:07.0946556Z,0
2.731959,101.751833,Daerah: Sepang<br>No:163<br>Hex coord:(12;18),B48. Taman Desa Indah. 71760 Sepang. Selangor. Malaysia,0,0,0,0,0,0,1,2022-12-06T18:03:07.7844108Z,0
2.708619,101.603443,Daerah: Sepang<br>No:164<br>Hex coord:(1;19),Sepang. Selangor. Malaysia,0,0,0,0,0,0,1,2022-12-06T18:03:08.4693779Z,0
2.716399,101.616933,Daerah: Sepang<br>No:165<br>Hex coord:(2;19),Sepang. Selangor. Malaysia,0,0,0,0,0,0,1,2022-12-06T18:03:09.1502961Z,0
2.708619,101.630423,Daerah: Sepang<br>No:166<br>Hex coord:(3;19),Sepang. Selangor. Malaysia,0,0,0,0,0,0,1,2022-12-06T18:03:09.8472311Z,0
2.716399,101.643913,Daerah: Sepang<br>No:167<br>Hex coord:(4;19),Sepang. Selangor. Malaysia,5,0,0,0,0,0,1,2022-12-06T18:03:10.5263643Z,0
2.708619,101.657403,Daerah: Sepang<br>No:168<br>Hex coord:(5;19),Sungai Pelek. Sepang. Selangor. Malaysia,0,0,0,0,0,0,1,2022-12-06T18:03:11.2150206Z,0
2.716399,101.670893,Daerah: Sepang<br>No:169<br>Hex coord:(6;19),Sepang. Selangor. Malaysia,0,0,0,0,0,0,1,2022-12-06T18:03:11.8966054Z,0
2.708619,101.684383,Daerah: Sepang<br>No:170<br>Hex coord:(7;19),Pekan Sepang. Sepang. Selangor. Malaysia,0,0,0,0,0,0,1,2022-12-06T18:03:12.5803487Z,0
2.716399,101.697873,Daerah: Sepang<br>No:171<br>Hex coord:(8;19),Pekan Sepang. Sepang. Selangor. Malaysia,0,0,0,0,0,0,1,2022-12-06T18:03:13.2751248Z,0
2.708619,101.711363,Daerah: Sepang<br>No:172<br>Hex coord:(9;19),Sepang. Selangor. Malaysia,0,0,0,0,0,0,1,2022-12-06T18:03:13.9589567Z,0
2.716399,101.724853,Daerah: Sepang<br>No:173<br>Hex coord:(10;19),Kampung Chincang. Sepang. Selangor. Malaysia,0,0,0,0,0,0,1,2022-12-06T18:03:14.6607249Z,0
2.708619,101.738343,Daerah: Sepang<br>No:174<br>Hex coord:(11;19),Taman Desa Indah. 71760 Sepang. Selangor. Malaysia,3,0,0,0,0,0,1,2022-12-06T18:03:15.3745413Z,0
2.716399,101.751833,Daerah: Sepang<br>No:175<br>Hex coord:(12;19),Taman Desa Indah. 71760 Sepang. Selangor. Malaysia,0,0,0,0,0,0,1,2022-12-06T18:03:16.0755154Z,0
2.693059,101.603443,Daerah: Sepang<br>No:176<br>Hex coord:(1;20),Sepang. Selangor. Malaysia,0,0,0,0,0,0,1,2022-12-06T18:03:16.7722555Z,0
2.700839,101.616933,Daerah: Sepang<br>No:177<br>Hex coord:(2;20),Sepang. Selangor. Malaysia,0,0,0,0,0,0,1,2022-12-06T18:03:17.4512577Z,0
2.693059,101.630423,Daerah: Sepang<br>No:178<br>Hex coord:(3;20),Sepang. Selangor. Malaysia,0,0,0,0,0,0,1,2022-12-06T18:03:18.1282708Z,0
2.700839,101.643913,Daerah: Sepang<br>No:179<br>Hex coord:(4;20),Sepang. Selangor. Malaysia,0,0,0,0,0,0,1,2022-12-06T18:03:18.8132142Z,0
2.693059,101.657403,Daerah: Sepang<br>No:180<br>Hex coord:(5;20),Sungai Pelek. Sepang. Selangor. Malaysia,0,0,0,0,0,0,1,2022-12-06T18:03:20.1573497Z,0
2.700839,101.670893,Daerah: Sepang<br>No:181<br>Hex coord:(6;20),Sepang. Selangor. Malaysia,0,0,0,0,0,0,1,2022-12-06T18:03:20.8350309Z,0
2.693059,101.684383,Daerah: Sepang<br>No:182<br>Hex coord:(7;20),Sepang. Selangor. Malaysia,1,0,0,0,0,0,1,2022-12-06T18:03:21.5191656Z,0
2.700839,101.697873,Daerah: Sepang<br>No:183<br>Hex coord:(8;20),Sepang. Selangor. Malaysia,0,0,0,0,0,0,1,2022-12-06T18:03:22.2197039Z,0
2.693059,101.711363,Daerah: Sepang<br>No:184<br>Hex coord:(9;20),Pekan Sepang. Sepang. Selangor. Malaysia,0,0,0,0,0,0,1,2022-12-06T18:03:22.9251209Z,0
2.700839,101.724853,Daerah: Sepang<br>No:185<br>Hex coord:(10;20),Pekan Sepang. Sepang. Selangor. Malaysia,0,0,0,0,0,0,1,2022-12-06T18:03:23.6187486Z,0
2.693059,101.738343,Daerah: Sepang<br>No:186<br>Hex coord:(11;20),Kampung Sepang Jaya. 45950 Sepang. Selangor. Malaysia,0,0,0,0,0,0,1,2022-12-06T18:03:24.3075669Z,0
2.700839,101.751833,Daerah: Sepang<br>No:187<br>Hex coord:(12;20),Sepang Estate D Division. Sepang. Malaysia,0,0,0,0,0,0,1,2022-12-06T18:03:25.0020052Z,0
2.677499,101.603443,Daerah: Sepang<br>No:188<br>Hex coord:(1;21),Sepang. Selangor. Malaysia,0,0,0,0,0,0,1,2022-12-06T18:03:26.6057234Z,0
2.685279,101.616933,Daerah: Sepang<br>No:189<br>Hex coord:(2;21),Sepang. Selangor. Malaysia,0,0,0,0,0,0,1,2022-12-06T18:03:27.2873289Z,0
2.677499,101.630423,Daerah: Sepang<br>No:190<br>Hex coord:(3;21),Sepang. Selangor. Malaysia,0,0,0,0,0,0,1,2022-12-06T18:03:27.9725861Z,0
2.685279,101.643913,Daerah: Sepang<br>No:191<br>Hex coord:(4;21),Sepang. Selangor. Malaysia,0,0,0,0,0,0,1,2022-12-06T18:03:28.6660233Z,0
2.677499,101.657403,Daerah: Sepang<br>No:192<br>Hex coord:(5;21),Sepang. Selangor. Malaysia,0,0,0,0,0,0,1,2022-12-06T18:03:29.3892366Z,0
2.685279,101.670893,Daerah: Sepang<br>No:193<br>Hex coord:(6;21),Sepang. Selangor. Malaysia,0,0,0,0,0,0,1,2022-12-06T18:03:30.0734752Z,0
2.677499,101.684383,Daerah: Sepang<br>No:194<br>Hex coord:(7;21),Sungai Pelek. 45950 Sepang. Selangor. Malaysia,2,0,0,0,0,0,1,2022-12-06T18:03:30.7634204Z,0
2.685279,101.697873,Daerah: Sepang<br>No:195<br>Hex coord:(8;21),Sungai Pelek. 45950 Sepang. Selangor. Malaysia,1,0,0,0,0,0,1,2022-12-06T18:03:31.4506364Z,0
2.677499,101.711363,Daerah: Sepang<br>No:196<br>Hex coord:(9;21),Ladang Sepang Bahagian Sungai Linau. Sepang. Malaysia,0,0,0,0,0,0,1,2022-12-06T18:03:32.1519692Z,0
2.685279,101.724853,Daerah: Sepang<br>No:197<br>Hex coord:(10;21),Sungai Pelek. 45950 Sepang. Selangor. Malaysia,0,0,0,0,0,0,1,2022-12-06T18:03:32.8541692Z,0
2.677499,101.738343,Daerah: Sepang<br>No:198<br>Hex coord:(11;21),Wanlly Dragon Fruit. 3782 Jalan Besar Batu 1. 43900. Selangor. Malaysia,0,0,0,0,0,0,1,2022-12-06T18:03:33.5460988Z,0
2.685279,101.751833,Daerah: Sepang<br>No:199<br>Hex coord:(12;21),Taman Murni 2. 45950 Sepang. Selangor. Malaysia,2,0,0,0,0,0,1,2022-12-06T18:03:34.2458408Z,0
2.661939,101.603443,Daerah: Sepang<br>No:200<br>Hex coord:(1;22),Jalan Tumbuk Sempadan. Selangor. Malaysia,0,0,0,0,0,0,1,2022-12-06T18:03:35.1581015Z,0
2.669719,101.616933,Daerah: Sepang<br>No:201<br>Hex coord:(2;22),Sepang. Selangor. Malaysia,0,0,0,0,0,0,1,2022-12-06T18:03:35.8435031Z,0
2.661939,101.630423,Daerah: Sepang<br>No:202<br>Hex coord:(3;22),Sepang. Selangor. Malaysia,0,0,0,0,0,0,1,2022-12-06T18:03:36.5382618Z,0
2.669719,101.643913,Daerah: Sepang<br>No:203<br>Hex coord:(4;22),Sepang. Selangor. Malaysia,0,0,0,0,0,0,1,2022-12-06T18:03:37.2157232Z,0
2.661939,101.657403,Daerah: Sepang<br>No:204<br>Hex coord:(5;22),Ladang Sungai Rawang. Sepang. Malaysia,0,0,0,0,0,0,1,2022-12-06T18:03:37.9107946Z,0
2.669719,101.670893,Daerah: Sepang<br>No:205<br>Hex coord:(6;22),AIDIB'S HOUSE. JALAN SEMPADAN.KAMPUNG BUKIT BANGKONG. 43950. Selangor. Malaysia,3,0,0,0,0,0,1,2022-12-06T18:03:38.6091220Z,0
2.661939,101.684383,Daerah: Sepang<br>No:206<br>Hex coord:(7;22),Sungai Pelek. 43950 Sepang. Selangor. Malaysia,10,0,0,0,0,0,1,2022-12-06T18:03:39.3239840Z,0
2.669719,101.697873,Daerah: Sepang<br>No:207<br>Hex coord:(8;22),Sungai Pelek. 45950 Sepang. Selangor. Malaysia,1,0,0,0,0,0,1,2022-12-06T18:03:40.0174215Z,0
2.661939,101.711363,Daerah: Sepang<br>No:208<br>Hex coord:(9;22),Sonia Estate. Sepang. Malaysia,0,0,0,0,0,0,1,2022-12-06T18:03:40.7239506Z,0
2.669719,101.724853,Daerah: Sepang<br>No:209<br>Hex coord:(10;22),Sungai Pelek. 45950 Sepang. Selangor. Malaysia,1,0,0,0,0,0,1,2022-12-06T18:03:41.4174355Z,0
2.661939,101.738343,Daerah: Sepang<br>No:210<br>Hex coord:(11;22),Ladang Tanjung Mas. Sepang. Malaysia,2,0,0,0,0,0,1,2022-12-06T18:03:42.1323997Z,0
2.646379,101.603443,Daerah: Sepang<br>No:211<br>Hex coord:(1;23),Jalan Banting - Port Dickson. Taman Teluk Merbau. 43950 Sepang. Selangor. Malaysia,0,0,0,0,0,0,1,2022-12-06T18:03:42.8150157Z,0
2.654159,101.616933,Daerah: Sepang<br>No:212<br>Hex coord:(2;23),Ladang Telok Merbau. Sepang. Malaysia,0,0,0,0,0,0,1,2022-12-06T18:03:43.5074211Z,0
2.646379,101.630423,Daerah: Sepang<br>No:213<br>Hex coord:(3;23),Sepang. Selangor. Malaysia,0,0,0,0,0,0,1,2022-12-06T18:03:44.1808656Z,0
2.654159,101.643913,Daerah: Sepang<br>No:214<br>Hex coord:(4;23),Sepang. Selangor. Malaysia,0,0,0,0,0,0,1,2022-12-06T18:03:44.8623277Z,0
2.646379,101.657403,Daerah: Sepang<br>No:215<br>Hex coord:(5;23),Taman Teluk Merbau. 43950 Sepang. Selangor. Malaysia,1,0,0,0,0,0,1,2022-12-06T18:03:45.5616223Z,0
2.654159,101.670893,Daerah: Sepang<br>No:216<br>Hex coord:(6;23),Sungai Pelek. 43950 Sepang. Selangor. Malaysia,4,0,0,0,0,0,1,2022-12-06T18:03:46.2681908Z,0
2.646379,101.684383,Daerah: Sepang<br>No:217<br>Hex coord:(7;23),Ladang Long Chooi Teik. Sepang. Malaysia,0,0,0,0,0,0,1,2022-12-06T18:03:46.9664520Z,0
2.654159,101.697873,Daerah: Sepang<br>No:218<br>Hex coord:(8;23),Sungai Pelek. 45950 Sepang. Selangor. Malaysia,0,0,0,0,0,0,1,2022-12-06T18:03:47.6609670Z,0
2.646379,101.711363,Daerah: Sepang<br>No:219<br>Hex coord:(9;23),Feng Restaurant. lot 4485 jalan bukit bang?kong. 43950 Sungai Pelek. Selangor. Malaysia,8,0,0,0,0,0,1,2022-12-06T18:03:48.3581115Z,0
2.654159,101.724853,Daerah: Sepang<br>No:220<br>Hex coord:(10;23),Sungai Pelek. 45950 Sepang. Selangor. Malaysia,1,0,0,0,0,0,1,2022-12-06T18:03:49.0633782Z,0
2.638599,101.616933,Daerah: Sepang<br>No:221<br>Hex coord:(2;24),Sungai Berangan,0,0,0,0,0,0,1,2022-12-06T18:03:49.7592714Z,0
2.630819,101.630423,Daerah: Sepang<br>No:222<br>Hex coord:(3;24),Tanjung Rhu,0,0,0,0,0,0,1,2022-12-06T18:03:50.4324259Z,0
2.638599,101.643913,Daerah: Sepang<br>No:223<br>Hex coord:(4;24),Jalan Banting - Port Dickson. Taman Teluk Merbau. 43950 Sepang. Selangor. Malaysia,0,0,0,0,0,0,1,2022-12-06T18:03:51.1129181Z,0
2.630819,101.657403,Daerah: Sepang<br>No:224<br>Hex coord:(5;24),Ladang Telok Merbau Bahagian Pengkalan Manggis. Sepang. Malaysia,0,0,0,0,0,0,1,2022-12-06T18:03:51.8039254Z,0
2.638599,101.670893,Daerah: Sepang<br>No:225<br>Hex coord:(6;24),Sungai Pelek. 43950 Sepang. Selangor. Malaysia,0,0,0,0,0,0,1,2022-12-06T18:03:52.4985845Z,0
2.630819,101.684383,Daerah: Sepang<br>No:226<br>Hex coord:(7;24),Jalan Banting - Port Dickson. Sungai Pelek. 43950 Sepang. Selangor. Malaysia,0,0,0,0,0,0,1,2022-12-06T18:03:53.2050999Z,0
2.638599,101.697873,Daerah: Sepang<br>No:227<br>Hex coord:(8;24),Sungai Pelek. 43950 Sepang. Selangor. Malaysia,2,0,0,0,0,0,1,2022-12-06T18:03:53.9105102Z,0
2.630819,101.711363,Daerah: Sepang<br>No:228<br>Hex coord:(9;24),Ladang Teluk Merbau. Sungai Pelek. Sepang. Malaysia,8,0,0,0,0,0,1,2022-12-06T18:03:54.6169840Z,0
2.638599,101.724853,Daerah: Sepang<br>No:229<br>Hex coord:(10;24),Sungai Pelek. 45950 Sepang. Selangor. Malaysia,6,0,0,0,0,0,1,2022-12-06T18:03:55.3128365Z,0
2.623039,101.670893,Daerah: Sepang<br>No:230<br>Hex coord:(6;25),Sungai Rawang,0,0,0,0,0,0,1,2022-12-06T18:03:56.0065722Z,0
2.615259,101.684383,Daerah: Sepang<br>No:231<br>Hex coord:(7;25),Parit Arshad,3,0,0,0,0,0,1,2022-12-06T18:03:56.6941724Z,0
2.623039,101.697873,Daerah: Sepang<br>No:232<br>Hex coord:(8;25),Sungai Pelek. 43950 Sepang. Selangor. Malaysia,3,0,0,0,0,0,1,2022-12-06T18:03:57.4421663Z,0
2.623039,101.724853,Daerah: Sepang<br>No:233<br>Hex coord:(10;25),Hutan Rizab Kuala Sepang. Sungai Pelek. Sepang. Malaysia,0,0,0,0,0,0,1,2022-12-06T18:03:58.1414931Z,0
2.607479,101.697873,Daerah: Sepang<br>No:234<br>Hex coord:(8;26),LOT 1115 KAMPUNG BAGAN LALANG. Selangor. Malaysia,8,0,0,0,0,0,1,2022-12-06T18:03:58.8421219Z,0