lat,lon,label,placename,weeklyactive,totalactive,weeklyrecovered,totalrecovered,weeklydeaths,totaldeaths,weight,timestamp,reserved
3.081137,101.583322,Daerah: Subang Jaya<br>No:1<br>Hex coord:(5;0),7. Jalan SS 16/1. SS 16. 47500 Subang Jaya. Selangor. Malaysia,20 ,0,0,0,0,0,1,2022-01-29T06:35:10.1577092Z,0
3.081137,101.596812,Daerah: Subang Jaya<br>No:2<br>Hex coord:(7;0),Grand Dorsett Hotel Subang. Ss 12. 47500 Petaling Jaya. Selangor. Malaysia,24 ,0,0,0,0,0,1,2022-01-29T06:35:11.8244021Z,0
3.073357,101.569832,Daerah: Subang Jaya<br>No:3<br>Hex coord:(3;1),Unnamed Road. Subang Hi-tech Industrial Park. 40150 Shah Alam. Selangor. Malaysia,4 ,0,0,0,0,0,1,2022-01-29T06:35:12.9239694Z,0
3.077247,101.576577,Daerah: Subang Jaya<br>No:4<br>Hex coord:(4;1),138. Jalan SS 19/1f. Ss 19. 47500 Subang Jaya. Selangor. Malaysia,8 ,0,0,0,0,0,1,2022-01-29T06:35:14.0141902Z,0
3.073357,101.583322,Daerah: Subang Jaya<br>No:5<br>Hex coord:(5;1),27. Jalan SS 17/2. Ss 17. 47500 Subang Jaya. Selangor. Malaysia,25 ,0,0,0,0,0,1,2022-01-29T06:35:15.1126536Z,0
3.077247,101.590067,Daerah: Subang Jaya<br>No:6<br>Hex coord:(6;1),CT06-17. Corporate Tower Subang Suqare. Jla SS 15/4G. Ss 15. 47500 Subang Jaya. Selangor. Malaysia,37 ,0,0,0,0,0,1,2022-01-29T06:35:16.7679617Z,0
3.073357,101.596812,Daerah: Subang Jaya<br>No:7<br>Hex coord:(7;1),45. Jalan SS 12/4. Ss 12. 47500 Subang Jaya. Selangor. Malaysia,37 ,0,0,0,0,0,1,2022-01-29T06:35:17.8639855Z,0
3.073357,101.610302,Daerah: Subang Jaya<br>No:8<br>Hex coord:(9;1),NO 22. 2 & 22-3. Jalan PJS 11/28a. Bandar Sunway. 47500 Subang Jaya. Selangor. Malaysia,27 ,0,0,0,0,0,1,2022-01-29T06:35:18.9850848Z,0
3.065577,101.556342,Daerah: Subang Jaya<br>No:9<br>Hex coord:(1;2),KG Kebun Bunga Seksyen 22. Kampung Kebun Bunga. 40300 Shah Alam. Selangor. Malaysia,10 ,0,0,0,0,0,1,2022-01-29T06:35:20.6928106Z,0
3.069467,101.563087,Daerah: Subang Jaya<br>No:10<br>Hex coord:(2;2),175. Persiaran Teknologi Subang. Taman Teknologi Tinggi Subang. 40400 Shah Alam. Selangor. Malaysia,8 ,0,0,0,0,0,1,2022-01-29T06:35:21.7828024Z,0
3.065577,101.569832,Daerah: Subang Jaya<br>No:11<br>Hex coord:(3;2),38. Jalan Delima 1/1. Subang Hi-tech Industrial Park. 40000 Shah Alam. Selangor. Malaysia,16 ,0,0,0,0,0,1,2022-01-29T06:35:23.4501382Z,0
3.069467,101.576577,Daerah: Subang Jaya<br>No:12<br>Hex coord:(4;2),56. Jalan SS 19/5b. Ss 19. 47500 Subang Jaya. Selangor. Malaysia,9 ,0,0,0,0,0,1,2022-01-29T06:35:24.8865776Z,0
3.065577,101.583322,Daerah: Subang Jaya<br>No:13<br>Hex coord:(5;2),37. Jalan SS 18/5. Ss18. 47500 Subang Jaya. Selangor. Malaysia,14 ,0,0,0,0,0,1,2022-01-29T06:35:26.5942271Z,0
3.069467,101.590067,Daerah: Subang Jaya<br>No:14<br>Hex coord:(6;2),78. Jalan SS 14. Ss 14. 47500 Subang Jaya. Selangor. Malaysia,15 ,0,0,0,0,0,1,2022-01-29T06:35:28.3161459Z,0
3.065577,101.596812,Daerah: Subang Jaya<br>No:15<br>Hex coord:(7;2),8. Jalan SS 13/7. Subang Jaya Industrial Estate. 47500 Subang Jaya. Selangor. Malaysia,50 ,0,0,0,0,0,1,2022-01-29T06:35:29.9959565Z,0
3.069467,101.603557,Daerah: Subang Jaya<br>No:16<br>Hex coord:(8;2),1. Jalan PJS 11/7. Bandar Sunway. 47500 Petaling Jaya. Selangor. Malaysia,15 ,0,0,0,0,0,1,2022-01-29T06:35:31.0992424Z,0
3.065577,101.610302,Daerah: Subang Jaya<br>No:17<br>Hex coord:(9;2),E-06-09. Sunway Geo Avenue. 2. Jalan Lagoon Selatan. Bandar Sunway. 47500 Subang Jaya. Selangor. Malaysia,15 ,0,0,0,0,0,1,2022-01-29T06:35:32.7843329Z,0
3.069467,101.617047,Daerah: Subang Jaya<br>No:18<br>Hex coord:(10;2),3. Lorong PJS 7/15f. Bandar Sunway. 47500 Petaling Jaya. Selangor. Malaysia,8 ,0,0,0,0,0,1,2022-01-29T06:35:34.4724364Z,0
3.065577,101.623792,Daerah: Subang Jaya<br>No:19<br>Hex coord:(11;2),14. Jalan Tiong 2. Bandar Puchong Jaya. 47100 Puchong. Selangor. Malaysia,7 ,0,0,0,0,0,1,2022-01-29T06:35:35.5782897Z,0
3.069467,101.630537,Daerah: Subang Jaya<br>No:20<br>Hex coord:(12;2),38. Jalan TK 5/15. Taman Kinrara. 47190 Puchong. Selangor. Malaysia,18 ,0,0,0,0,0,1,2022-01-29T06:35:37.3264449Z,0
3.065577,101.637282,Daerah: Subang Jaya<br>No:21<br>Hex coord:(13;2),2. Jalan TK 4/8. Taman Kinrara. 47190 Puchong. Selangor. Malaysia,24 ,0,0,0,0,0,1,2022-01-29T06:35:38.4293680Z,0
3.069467,101.644027,Daerah: Subang Jaya<br>No:22<br>Hex coord:(14;2),31. Jalan TK 2/1d. Taman Kinrara. 47180 Puchong. Selangor. Malaysia,18 ,0,0,0,0,0,1,2022-01-29T06:35:40.1440878Z,0
3.061687,101.563087,Daerah: Subang Jaya<br>No:23<br>Hex coord:(2;3),1. Persiaran Teknologi Subang. Subang Hi-tech Industrial Park. 40150 Subang Jaya. Selangor. Malaysia,5 ,0,0,0,0,0,1,2022-01-29T06:35:42.8643545Z,0
3.057797,101.569832,Daerah: Subang Jaya<br>No:24<br>Hex coord:(3;3),12. Jalan USJ 3c/6. Usj 3. 47600 Subang Jaya. Selangor. Malaysia,17 ,0,0,0,0,0,1,2022-01-29T06:35:43.9448979Z,0
3.061687,101.576577,Daerah: Subang Jaya<br>No:25<br>Hex coord:(4;3),3. Jalan USJ 3/2c. Usj 3. 47600 Subang Jaya. Selangor. Malaysia,19 ,0,0,0,0,0,1,2022-01-29T06:35:45.6679175Z,0
3.057797,101.583322,Daerah: Subang Jaya<br>No:26<br>Hex coord:(5;3),36. Jalan USJ 2/5l. Usj 2. 47600 Subang Jaya. Selangor. Malaysia,22 ,0,0,0,0,0,1,2022-01-29T06:35:46.7664035Z,0
3.061687,101.590067,Daerah: Subang Jaya<br>No:27<br>Hex coord:(6;3),86. Jalan USJ 2/2m. Usj 2. 47600 Subang Jaya. Selangor. Malaysia,55 ,0,0,0,0,0,1,2022-01-29T06:35:49.4677399Z,0
3.057797,101.596812,Daerah: Subang Jaya<br>No:28<br>Hex coord:(7;3),672. Persiaran Subang Permai. Subang Light Industrial Park. 47500 Subang Jaya. Selangor. Malaysia,59 ,0,0,0,0,0,1,2022-01-29T06:35:50.5483764Z,0
3.061687,101.603557,Daerah: Subang Jaya<br>No:29<br>Hex coord:(8;3),Jalan Tasik Selatan. 47500 Subang Jaya. Selangor. Malaysia,27 ,0,0,0,0,0,1,2022-01-29T06:35:52.2282805Z,0
3.057797,101.610302,Daerah: Subang Jaya<br>No:30<br>Hex coord:(9;3),Lebuhraya Shah Alam. 47500 Subang Jaya. Selangor. Malaysia,16 ,0,0,0,0,0,1,2022-01-29T06:35:53.4926761Z,0
3.061687,101.617047,Daerah: Subang Jaya<br>No:31<br>Hex coord:(10;3),Jalan Taylors. 47500 Petaling Jaya. Selangor. Malaysia,16 ,0,0,0,0,0,1,2022-01-29T06:35:55.2384391Z,0
3.057797,101.623792,Daerah: Subang Jaya<br>No:32<br>Hex coord:(11;3),72. Jalan Merak 7. Bandar Puchong Jaya. 47100 Puchong. Selangor. Malaysia,6 ,0,0,0,0,0,1,2022-01-29T06:35:56.9145843Z,0
3.061687,101.630537,Daerah: Subang Jaya<br>No:33<br>Hex coord:(12;3),8. Jalan BK1/17. Taman Perindustrian Bandar Kinrara. 6 1/2 Jalan Puchong. Puchong. 47100. Puchong. Selangor. Bandar Puchong Jaya. 47100 Puchong. Selangor. Malaysia,10 ,0,0,0,0,0,1,2022-01-29T06:35:58.6518447Z,0
3.057797,101.637282,Daerah: Subang Jaya<br>No:34<br>Hex coord:(13;3),8. Jalan 24. Taman Bukit Kuchai. 47100 Puchong. Selangor. Malaysia,10 ,0,0,0,0,0,1,2022-01-29T06:36:00.2508116Z,0
3.061687,101.644027,Daerah: Subang Jaya<br>No:35<br>Hex coord:(14;3),Batu 8 3498. Jalan Puchong. Taman Paik Siong. 47180 Puchong. Selangor. Malaysia,19 ,0,0,0,0,0,1,2022-01-29T06:36:01.9975945Z,0
3.050017,101.556342,Daerah: Subang Jaya<br>No:36<br>Hex coord:(1;4),3. Jalan Pinggiran USJ 1/11. Taman Pinggiran Usj. 47630 Subang Jaya. Selangor. Malaysia,10 ,0,0,0,0,0,1,2022-01-29T06:36:03.1306769Z,0
3.053907,101.563087,Daerah: Subang Jaya<br>No:37<br>Hex coord:(2;4),22. Jalan Usj Heights 3/2g. Usj Heights. 47600 Subang Jaya. Selangor. Malaysia,10 ,0,0,0,0,0,1,2022-01-29T06:36:04.2268829Z,0
3.050017,101.569832,Daerah: Subang Jaya<br>No:38<br>Hex coord:(3;4),USJ 3A Lake and Park. 1. Jalan USJ 3a/8. Usj 3. 47600 Subang Jaya. Selangor. Malaysia,16 ,0,0,0,0,0,1,2022-01-29T06:36:05.9439357Z,0
3.053907,101.576577,Daerah: Subang Jaya<br>No:39<br>Hex coord:(4;4),Tadika Cerdik. 47610 Subang Jaya. Selangor. Malaysia,22 ,0,0,0,0,0,1,2022-01-29T06:36:07.0221895Z,0
3.050017,101.583322,Daerah: Subang Jaya<br>No:40<br>Hex coord:(5;4),Wisma Uep. Jalan USJ 10/1a. Usj 10. 47620 Subang Jaya. Selangor. Malaysia,26 ,0,0,0,0,0,1,2022-01-29T06:36:08.7534664Z,0
3.053907,101.590067,Daerah: Subang Jaya<br>No:41<br>Hex coord:(6;4),12. Jalan USJ 6/1b. Usj 6. 47610 Subang Jaya. Selangor. Malaysia,56 ,0,0,0,0,0,1,2022-01-29T06:36:09.8520606Z,0
3.050017,101.596812,Daerah: Subang Jaya<br>No:42<br>Hex coord:(7;4),15. Jalan Subang 3. Ultramine Industrial Park. 47500 Subang Jaya. Selangor. Malaysia,26 ,0,0,0,0,0,1,2022-01-29T06:36:10.9364654Z,0
3.053907,101.603557,Daerah: Subang Jaya<br>No:43<br>Hex coord:(8;4),88. Jalan USJ 1/2a. Taman Subang Permai. 47600 Subang Jaya. Selangor. Malaysia,19 ,0,0,0,0,0,1,2022-01-29T06:36:13.0941984Z,0
3.050017,101.610302,Daerah: Subang Jaya<br>No:44<br>Hex coord:(9;4),Unnamed Road. Bandar Puchong Jaya. 47100 Puchong. Selangor. Malaysia,10 ,0,0,0,0,0,1,2022-01-29T06:36:14.1821132Z,0
3.053907,101.617047,Daerah: Subang Jaya<br>No:45<br>Hex coord:(10;4),l6. Lebuhraya Damansara - Puchong. Bandar Puchong Jaya. 47100 Puchong. Selangor. Malaysia,6 ,0,0,0,0,0,1,2022-01-29T06:36:15.2854213Z,0
3.050017,101.623792,Daerah: Subang Jaya<br>No:46<br>Hex coord:(11;4),11. Jalan Kenari 12b. Bandar Puchong Jaya. 47100 Puchong. Selangor. Malaysia,5 ,0,0,0,0,0,1,2022-01-29T06:36:16.3732162Z,0
3.053907,101.630537,Daerah: Subang Jaya<br>No:47<br>Hex coord:(12;4),75. Jalan 3. Taman Tenaga. 47100 Puchong. Selangor. Malaysia,9 ,0,0,0,0,0,1,2022-01-29T06:36:17.4717954Z,0
3.050017,101.637282,Daerah: Subang Jaya<br>No:48<br>Hex coord:(13;4),20. Jalan BK 3/8f. Bandar Kinrara 3. 47180 Puchong. Selangor. Malaysia,12 ,0,0,0,0,0,1,2022-01-29T06:36:19.1398307Z,0
3.053907,101.644027,Daerah: Subang Jaya<br>No:49<br>Hex coord:(14;4),63. Jalan BK 2/10. Bandar Kinrara 2. 47180 Puchong. Selangor. Malaysia,9 ,0,0,0,0,0,1,2022-01-29T06:36:20.3123350Z,0
3.050017,101.650772,Daerah: Subang Jaya<br>No:50<br>Hex coord:(15;4),4. JALN. Jalan BK 9/1d. Bandar Kinrara 9. 47180 Puchong. Selangor. Malaysia,12 ,0,0,0,0,0,1,2022-01-29T06:36:22.0129141Z,0
3.053907,101.657517,Daerah: Subang Jaya<br>No:51<br>Hex coord:(16;4),26. Jalan BK 9/5b. Bandar Kinrara 9. 47180 Puchong. Selangor. Malaysia,12 ,0,0,0,0,0,1,2022-01-29T06:36:23.1183609Z,0
3.042237,101.556342,Daerah: Subang Jaya<br>No:52<br>Hex coord:(1;5),17. Jalan TP 7/7. Taman Perindustrian Uep. 40400 Shah Alam. Selangor. Malaysia,4 ,0,0,0,0,0,1,2022-01-29T06:36:25.2095254Z,0
3.046127,101.563087,Daerah: Subang Jaya<br>No:53<br>Hex coord:(2;5),No 20. Jalan TP 5. Taman Perindustrian UEP. 47600. Subang Jaya. Selangor,8 ,0,0,0,0,0,1,2022-01-29T06:36:26.9254916Z,0
3.042237,101.569832,Daerah: Subang Jaya<br>No:54<br>Hex coord:(3;5),9. Jalan TP 3. Taman Perindustrian Uep. 47600 Subang Jaya. Selangor. Malaysia,11 ,0,0,0,0,0,1,2022-01-29T06:36:28.0132831Z,0
3.046127,101.576577,Daerah: Subang Jaya<br>No:55<br>Hex coord:(4;5),81. Jalan USJ 11/4j. Usj 2. 47620 Subang Jaya. Selangor. Malaysia,14 ,0,0,0,0,0,1,2022-01-29T06:36:29.1440090Z,0
3.042237,101.583322,Daerah: Subang Jaya<br>No:56<br>Hex coord:(5;5),6. Jalan USJ 9/3k. Usj 9. 47620 Subang Jaya. Selangor. Malaysia,14 ,0,0,0,0,0,1,2022-01-29T06:36:30.8669679Z,0
3.046127,101.590067,Daerah: Subang Jaya<br>No:57<br>Hex coord:(6;5),Suite 1.123. Persiaran Kewajipan. Usj 8. Selangor. Usj 8. 47610 Subang Jaya. Selangor. Malaysia,24 ,0,0,0,0,0,1,2022-01-29T06:36:32.5612375Z,0
3.042237,101.596812,Daerah: Subang Jaya<br>No:58<br>Hex coord:(7;5),11742. Persiaran Subang Indah. Taman Indah Subang Uep. 47500 Subang Jaya. Selangor. Malaysia,13 ,0,0,0,0,0,1,2022-01-29T06:36:33.6931871Z,0
3.046127,101.603557,Daerah: Subang Jaya<br>No:59<br>Hex coord:(8;5),30. Jalan Industri USJ 1/1. Subang Jaya Industrial Estate. 47600 Subang Jaya. Selangor. Malaysia,9 ,0,0,0,0,0,1,2022-01-29T06:36:35.4137165Z,0
3.042237,101.610302,Daerah: Subang Jaya<br>No:60<br>Hex coord:(9;5),Jalan Perindustrian Puchong. 47100 Puchong. Selangor. Malaysia,4 ,0,0,0,0,0,1,2022-01-29T06:36:37.1258421Z,0
3.046127,101.617047,Daerah: Subang Jaya<br>No:61<br>Hex coord:(10;5),23. Lebuhraya Damansara - Puchong. Bandar Puchong Jaya. 47100 Puchong. Selangor. Malaysia,3 ,0,0,0,0,0,1,2022-01-29T06:36:38.8178538Z,0
3.042237,101.623792,Daerah: Subang Jaya<br>No:62<br>Hex coord:(11;5),8a. Jalan Tempua 2. Bandar Puchong Jaya. 47100 Puchong. Selangor. Malaysia,10 ,0,0,0,0,0,1,2022-01-29T06:36:40.9006260Z,0
3.046127,101.630537,Daerah: Subang Jaya<br>No:63<br>Hex coord:(12;5),5. Jalan Tempua 17. Bandar Puchong Jaya. 47100 Puchong. Selangor. Malaysia,11 ,0,0,0,0,0,1,2022-01-29T06:36:41.9993965Z,0
3.042237,101.637282,Daerah: Subang Jaya<br>No:64<br>Hex coord:(13;5),20. Jalan Tbk 1/4. Taman Bukit Kinrara. 47100 Puchong. Selangor. Malaysia,11 ,0,0,0,0,0,1,2022-01-29T06:36:43.6745319Z,0
3.046127,101.644027,Daerah: Subang Jaya<br>No:65<br>Hex coord:(14;5),33. Jalan BK 5a/1. Bandar Kinrara 5. 47180 Puchong. Selangor. Malaysia,16 ,0,0,0,0,0,1,2022-01-29T06:36:45.3856894Z,0
3.042237,101.650772,Daerah: Subang Jaya<br>No:66<br>Hex coord:(15;5),Jalan BK 6a/2c. Bandar Kinrara 6. 47180 Puchong. Selangor. Malaysia,12 ,0,0,0,0,0,1,2022-01-29T06:36:47.4766171Z,0
3.042237,101.664262,Daerah: Subang Jaya<br>No:67<br>Hex coord:(17;5),6. Jalan BK 6b/1c. Bandar Kinrara. 47180 Puchong. Selangor. Malaysia,10 ,0,0,0,0,0,1,2022-01-29T06:36:49.1554793Z,0
3.042237,101.691242,Daerah: Subang Jaya<br>No:68<br>Hex coord:(21;5),Dewan Serbaguna MPSJ. 43300 Seri Kembangan. Selangor. Malaysia,6 ,0,0,0,0,0,1,2022-01-29T06:36:50.8726359Z,0
3.042237,101.704732,Daerah: Subang Jaya<br>No:69<br>Hex coord:(23;5),7. Jalan Utama. Taman Serdang Raya. 43300 Seri Kembangan. Selangor. Malaysia,4 ,0,0,0,0,0,1,2022-01-29T06:36:51.9652616Z,0
3.046127,101.711477,Daerah: Subang Jaya<br>No:70<br>Hex coord:(24;5),Unnamed Road. Mines Wellness City. 43300 Seri Kembangan. Selangor. Malaysia,4 ,0,0,0,0,0,1,2022-01-29T06:36:53.0495572Z,0
3.042237,101.718222,Daerah: Subang Jaya<br>No:71<br>Hex coord:(25;5),Jalan Kedua Emas 1. Mines Wellness City. 43300 Seri Kembangan. Selangor. Malaysia,0,0,0,0,0,0,1,2022-01-29T06:36:54.1302506Z,0
3.038347,101.576577,Daerah: Subang Jaya<br>No:72<br>Hex coord:(4;6),9. Jalan USJ 12/3. Usj 12. 47630 Subang Jaya. Selangor. Malaysia,16 ,0,0,0,0,0,1,2022-01-29T06:36:55.8352938Z,0
3.034457,101.583322,Daerah: Subang Jaya<br>No:73<br>Hex coord:(5;6),50. Jalan USJ 18/2c. Usj 18. 47630 Subang Jaya. Selangor. Malaysia,22 ,0,0,0,0,0,1,2022-01-29T06:36:57.5355754Z,0
3.038347,101.590067,Daerah: Subang Jaya<br>No:74<br>Hex coord:(6;6),V1-00-11. Good Year Court 9. Jln USJ 14/1. 47630 Subang Jaya. Selangor. Usj 14. 47630 Subang Jaya. Selangor. Malaysia,17 ,0,0,0,0,0,1,2022-01-29T06:36:58.6248653Z,0
3.034457,101.596812,Daerah: Subang Jaya<br>No:75<br>Hex coord:(7;6),8. Jalan Subang 6. Taman Indah Subang Uep. 47630 Subang Jaya. Selangor. Malaysia,11 ,0,0,0,0,0,1,2022-01-29T06:37:00.3332938Z,0
3.038347,101.603557,Daerah: Subang Jaya<br>No:76<br>Hex coord:(8;6),Jalan Metro 1/12. 47100 Puchong. Selangor. Malaysia,6 ,0,0,0,0,0,1,2022-01-29T06:37:01.4604652Z,0
3.034457,101.610302,Daerah: Subang Jaya<br>No:77<br>Hex coord:(9;6),32a. Jalan Tmp 7c. Mutiara Puchong. 47100 Puchong. Selangor. Malaysia,5 ,0,0,0,0,0,1,2022-01-29T06:37:02.5471165Z,0
3.038347,101.617047,Daerah: Subang Jaya<br>No:78<br>Hex coord:(10;6),262. Jalan Perindustrian Puchong. Pusat Bandar Puchong. 47100 Puchong. Selangor. Malaysia,6 ,0,0,0,0,0,1,2022-01-29T06:37:03.6361791Z,0
3.034457,101.623792,Daerah: Subang Jaya<br>No:79<br>Hex coord:(11;6),3. Jalan Wawasan 3/1. Pusat Bandar Puchong. 47100 Puchong. Selangor. Malaysia,14 ,0,0,0,0,0,1,2022-01-29T06:37:04.7418996Z,0
3.038347,101.630537,Daerah: Subang Jaya<br>No:80<br>Hex coord:(12;6),90a. Jalan Bayan. Bandar Puchong Jaya. 47100 Puchong. Selangor. Malaysia,9 ,0,0,0,0,0,1,2022-01-29T06:37:06.4314696Z,0
3.034457,101.637282,Daerah: Subang Jaya<br>No:81<br>Hex coord:(13;6),32. Jalan BK 5b/1. Bandar Kinrara 5. 47180 Puchong. Selangor. Malaysia,6 ,0,0,0,0,0,1,2022-01-29T06:37:08.1232417Z,0
3.038347,101.644027,Daerah: Subang Jaya<br>No:82<br>Hex coord:(14;6),77. Jalan BK 5/11e. Bandar Kinrara 5. 47180 Puchong. Selangor. Malaysia,15 ,0,0,0,0,0,1,2022-01-29T06:37:09.8127777Z,0
3.034457,101.650772,Daerah: Subang Jaya<br>No:83<br>Hex coord:(15;6),30. Jalan BK 5d/2c. 47180 Puchong. Selangor. Malaysia,6 ,0,0,0,0,0,1,2022-01-29T06:37:11.8259816Z,0
3.038347,101.657517,Daerah: Subang Jaya<br>No:84<br>Hex coord:(16;6),44. Jalan BK 6b/11. Bandar Kinrara. 47180 Puchong. Selangor. Malaysia,1 ,0,0,0,0,0,1,2022-01-29T06:37:13.5317543Z,0
3.034457,101.664262,Daerah: Subang Jaya<br>No:85<br>Hex coord:(17;6),6. Jalan Damai Utama 1. Taman Damai Utama. 47180 Puchong. Selangor. Malaysia,4 ,0,0,0,0,0,1,2022-01-29T06:37:15.2176201Z,0
3.038347,101.671007,Daerah: Subang Jaya<br>No:86<br>Hex coord:(18;6),2a. Jln BK 8A/3B. 43300 Puchong. Selangor. Malaysia,6 ,0,0,0,0,0,1,2022-01-29T06:37:16.9086558Z,0
3.034457,101.677752,Daerah: Subang Jaya<br>No:87<br>Hex coord:(19;6),No. 30-1. Bandar Putra Permai. Taman Puncak Jalil. Persiaran Puncak Jalil. 43300. Seri Kembangan. Selangor. Malaysia. 43300 Seri Kembangan. Selangor. Malaysia,6 ,0,0,0,0,0,1,2022-01-29T06:37:18.8648274Z,0
3.038347,101.684497,Daerah: Subang Jaya<br>No:88<br>Hex coord:(20;6),15. Jalan PUJ 9/27a. Taman Puncak Jalil. 43300 Seri Kembangan. Selangor. Malaysia,8 ,0,0,0,0,0,1,2022-01-29T06:37:19.9534559Z,0
3.034457,101.691242,Daerah: Subang Jaya<br>No:89<br>Hex coord:(21;6),Jln BS 9/12. Taman Bukit Serdang. 43300 Seri Kembangan. Selangor. Malaysia,7 ,0,0,0,0,0,1,2022-01-29T06:37:21.6457548Z,0
3.038347,101.697987,Daerah: Subang Jaya<br>No:90<br>Hex coord:(22;6),22. Jalan PBS 14/16. Taman Perindustrian Bukit Serdang. 43300 Seri Kembangan. Selangor. Malaysia,5 ,0,0,0,0,0,1,2022-01-29T06:37:22.7288874Z,0
3.034457,101.704732,Daerah: Subang Jaya<br>No:91<br>Hex coord:(23;6),3. Jalan SR 3/1. Taman Serdang Raya. 43300 Seri Kembangan. Selangor. Malaysia,6 ,0,0,0,0,0,1,2022-01-29T06:37:23.8190808Z,0
3.038347,101.711477,Daerah: Subang Jaya<br>No:92<br>Hex coord:(24;6),A-9-1 Block A. The Mines Waterfront. Business Park. No.3. Jalan Tasik. The Mines Resort City. 43300 Seri Kembangan S'go. Seri Kembangan. Selangor. Mines Wellness City. 43300 Seri Kembangan. Selangor. Malaysia,2 ,0,0,0,0,0,1,2022-01-29T06:37:24.9083399Z,0
3.034457,101.718222,Daerah: Subang Jaya<br>No:93<br>Hex coord:(25;6),108. Jalan Timah 3. Mines Wellness City. 43300 Seri Kembangan. Selangor. Malaysia,1 ,0,0,0,0,0,1,2022-01-29T06:37:26.6060697Z,0
3.030567,101.576577,Daerah: Subang Jaya<br>No:94<br>Hex coord:(4;7),3. Jalan USJ 16/2n. Usj 16. 47630 Subang Jaya. Selangor. Malaysia,17 ,0,0,0,0,0,1,2022-01-29T06:37:28.3554455Z,0
3.026677,101.583322,Daerah: Subang Jaya<br>No:95<br>Hex coord:(5;7),36. Jalan USJ 20/1F. Usj 20. 47630 Subang Jaya. Selangor. Malaysia,18 ,0,0,0,0,0,1,2022-01-29T06:37:29.4578955Z,0
3.030567,101.590067,Daerah: Subang Jaya<br>No:96<br>Hex coord:(6;7),5. Persiaran Subang Damai. Taman Indah Subang Uep. 47630 Subang Jaya. Selangor. Malaysia,20 ,0,0,0,0,0,1,2022-01-29T06:37:30.5597281Z,0
3.026677,101.596812,Daerah: Subang Jaya<br>No:97<br>Hex coord:(7;7),18. Lorong Kenangan 4. Kampung Kenangan. 47100 Puchong. Selangor. Malaysia,7 ,0,0,0,0,0,1,2022-01-29T06:37:32.2585957Z,0
3.030567,101.603557,Daerah: Subang Jaya<br>No:98<br>Hex coord:(8;7),6. Jalan TPP 5/7. Taman Perindustrian Puchong 5&6. 47100 Puchong. Selangor. Malaysia,4 ,0,0,0,0,0,1,2022-01-29T06:37:33.9470312Z,0
3.026677,101.610302,Daerah: Subang Jaya<br>No:99<br>Hex coord:(9;7),22. Jalan TPP 1/19. Taman Perindustrian Puchong. 47100 Puchong. Selangor. Malaysia,3 ,0,0,0,0,0,1,2022-01-29T06:37:35.6365166Z,0
3.030567,101.617047,Daerah: Subang Jaya<br>No:100<br>Hex coord:(10;7),Jalan Wawasan. Pusat Bandar Puchong. 47100 Puchong. Selangor. Malaysia,11 ,0,0,0,0,0,1,2022-01-29T06:37:37.3759097Z,0
3.026677,101.623792,Daerah: Subang Jaya<br>No:101<br>Hex coord:(11;7),No. 44. Jalan Puteri 7/7. Bandar Puteri. 47100 Puchong. Selangor. Malaysia,14 ,0,0,0,0,0,1,2022-01-29T06:37:39.7998045Z,0
3.030567,101.630537,Daerah: Subang Jaya<br>No:102<br>Hex coord:(12;7),SJ 662 Pangsapuri Saraka. Jalan Wawasan 4/12. Taman Wawasan. 47100 Puchong. Selangor. Malaysia,14 ,0,0,0,0,0,1,2022-01-29T06:37:41.0818035Z,0
3.026677,101.637282,Daerah: Subang Jaya<br>No:103<br>Hex coord:(13;7),Wawasan Trail. Taman Wawasan. 47100 Puchong. Selangor. Malaysia,0,0,0,0,0,0,1,2022-01-29T06:37:42.9776637Z,0
3.030567,101.644027,Daerah: Subang Jaya<br>No:104<br>Hex coord:(14;7),47180 Puchong. Selangor. Malaysia,4 ,0,0,0,0,0,1,2022-01-29T06:37:44.7363931Z,0
3.026677,101.650772,Daerah: Subang Jaya<br>No:105<br>Hex coord:(15;7),Empty. 47180 Puchong. Selangor. Malaysia,0,0,0,0,0,0,1,2022-01-29T06:37:45.8932840Z,0
3.030567,101.657517,Daerah: Subang Jaya<br>No:106<br>Hex coord:(16;7),43300. Selangor. Malaysia,1 ,0,0,0,0,0,1,2022-01-29T06:37:47.6949045Z,0
3.026677,101.664262,Daerah: Subang Jaya<br>No:107<br>Hex coord:(17;7),Jalan Kinrara 6e. Taman Damai Utama. 47180 Puchong. Selangor. Malaysia,2 ,0,0,0,0,0,1,2022-01-29T06:37:48.9923099Z,0
3.030567,101.671007,Daerah: Subang Jaya<br>No:108<br>Hex coord:(18;7),Jalan DU 4/7. Taman Damai Utama. 47180 Puchong. Selangor. Malaysia,5 ,0,0,0,0,0,1,2022-01-29T06:37:50.8593267Z,0
3.026677,101.677752,Daerah: Subang Jaya<br>No:109<br>Hex coord:(19;7),4. Jalan PUJ 6/12. Taman Puncak Jalil. 43300 Seri Kembangan. Selangor. Malaysia,6 ,0,0,0,0,0,1,2022-01-29T06:37:53.1626135Z,0
3.030567,101.684497,Daerah: Subang Jaya<br>No:110<br>Hex coord:(20;7),95. Jalan PUJ 9/2. Taman Puncak Jalil. 43300 Seri Kembangan. Selangor. Malaysia,6 ,0,0,0,0,0,1,2022-01-29T06:37:54.9118399Z,0
3.026677,101.691242,Daerah: Subang Jaya<br>No:111<br>Hex coord:(21;7),27. Jln Sejahtera 5/1. Taman Bukit Serdang. 43300 Seri Kembangan. Selangor. Malaysia,7 ,0,0,0,0,0,1,2022-01-29T06:37:56.6549031Z,0
3.030567,101.697987,Daerah: Subang Jaya<br>No:112<br>Hex coord:(22;7),1. Jalan 14/2A. Taman Serdang Utama. 43300 Seri Kembangan. Selangor. Malaysia,9 ,0,0,0,0,0,1,2022-01-29T06:37:57.9787604Z,0
3.026677,101.704732,Daerah: Subang Jaya<br>No:113<br>Hex coord:(23;7),1316. Jalan SK 9/6. Kampung Baru Seri Kembangan. 43300 Seri Kembangan. Selangor. Malaysia,7 ,0,0,0,0,0,1,2022-01-29T06:38:00.1188666Z,0
3.030567,101.711477,Daerah: Subang Jaya<br>No:114<br>Hex coord:(24;7),No. 01-01. First Floor. Lebuhraya Sungai Besi. Selangor. 43300 Seri Kembangan. Selangor. Malaysia,3 ,0,0,0,0,0,1,2022-01-29T06:38:02.8991071Z,0
3.026677,101.718222,Daerah: Subang Jaya<br>No:115<br>Hex coord:(25;7),8820. Lebuhraya Sungai Besi. 43300 Seri Kembangan. Selangor. Malaysia,3 ,0,0,0,0,0,1,2022-01-29T06:38:04.6642425Z,0
3.030567,101.724967,Daerah: Subang Jaya<br>No:116<br>Hex coord:(26;7),39. Jalan Sb Indah 1/7. Taman Sungai Besi Indah. 43300 Seri Kembangan. Selangor. Malaysia,10 ,0,0,0,0,0,1,2022-01-29T06:38:06.4993299Z,0
3.022787,101.576577,Daerah: Subang Jaya<br>No:117<br>Hex coord:(4;8),52. Jalan Putra Bistari 2/4c. Putra Heights. 47650 Subang Jaya. Selangor. Malaysia,7 ,0,0,0,0,0,1,2022-01-29T06:38:08.2996277Z,0
3.018897,101.583322,Daerah: Subang Jaya<br>No:118<br>Hex coord:(5;8),7. Jalan USJ 23/5a. Usj 23. 47630 Subang Jaya. Selangor. Malaysia,7 ,0,0,0,0,0,1,2022-01-29T06:38:10.1060318Z,0
3.022787,101.590067,Daerah: Subang Jaya<br>No:119<br>Hex coord:(6;8),Unnamed Road. Taman Indah Subang Uep. 47630 Subang Jaya. Selangor. Malaysia,12 ,0,0,0,0,0,1,2022-01-29T06:38:11.8397821Z,0
3.018897,101.596812,Daerah: Subang Jaya<br>No:120<br>Hex coord:(7;8),8336. Jalan Jurutera. Kampung Sri Puchong. 47100 Puchong. Selangor. Malaysia,8 ,0,0,0,0,0,1,2022-01-29T06:38:13.6434881Z,0
3.022787,101.603557,Daerah: Subang Jaya<br>No:121<br>Hex coord:(8;8),11. Jalan TPP 6/6. Taman Perindustrian Puchong 5&6. 47100 Puchong. Selangor. Malaysia,4 ,0,0,0,0,0,1,2022-01-29T06:38:16.4105770Z,0
3.018897,101.610302,Daerah: Subang Jaya<br>No:122<br>Hex coord:(9;8),100. Jalan Intan 1. Taman Puchong Intan. 47100 Puchong. Selangor. Malaysia,4 ,0,0,0,0,0,1,2022-01-29T06:38:18.2024289Z,0
3.022787,101.617047,Daerah: Subang Jaya<br>No:123<br>Hex coord:(10;8),No. 3. 5. Jalan Puteri 2/2c. Bandar Puteri. 47100 Puchong. Selangor. Malaysia,7 ,0,0,0,0,0,1,2022-01-29T06:38:19.9835998Z,0
3.018897,101.623792,Daerah: Subang Jaya<br>No:124<br>Hex coord:(11;8),Lot 5465. Persiaran Lebuh Puteri. Bandar Puteri Puchong. 47100 Puchong. Selangor. Malaysia,7 ,0,0,0,0,0,1,2022-01-29T06:38:21.2002758Z,0
3.022787,101.630537,Daerah: Subang Jaya<br>No:125<br>Hex coord:(12;8),Wawasan Trail. Taman Wawasan. 47100 Puchong. Selangor. Malaysia,6 ,0,0,0,0,0,1,2022-01-29T06:38:22.9600594Z,0
3.018897,101.637282,Daerah: Subang Jaya<br>No:126<br>Hex coord:(13;8),Wawasan Trail. Taman Wawasan. 47100 Puchong. Selangor. Malaysia,2 ,0,0,0,0,0,1,2022-01-29T06:38:24.1230483Z,0
3.022787,101.644027,Daerah: Subang Jaya<br>No:127<br>Hex coord:(14;8),Wawasan Trail. Taman Wawasan. 47100 Puchong. Selangor. Malaysia,0,0,0,0,0,0,1,2022-01-29T06:38:25.9305809Z,0
3.018897,101.650772,Daerah: Subang Jaya<br>No:128<br>Hex coord:(15;8),47100. Selangor. Malaysia,0,0,0,0,0,0,1,2022-01-29T06:38:27.7060470Z,0
3.022787,101.657517,Daerah: Subang Jaya<br>No:129<br>Hex coord:(16;8),Jalan Kinrara 6e. 43300 Puchong. Selangor. Malaysia,0,0,0,0,0,0,1,2022-01-29T06:38:28.8534006Z,0
3.018897,101.664262,Daerah: Subang Jaya<br>No:130<br>Hex coord:(17;8),43300. Selangor. Malaysia,2 ,0,0,0,0,0,1,2022-01-29T06:38:30.0307009Z,0
3.022787,101.671007,Daerah: Subang Jaya<br>No:131<br>Hex coord:(18;8),16. Jalan PUJ 6/1. Taman Puncak Jalil. 43300 Seri Kembangan. Selangor. Malaysia,5 ,0,0,0,0,0,1,2022-01-29T06:38:31.9134394Z,0
3.018897,101.677752,Daerah: Subang Jaya<br>No:132<br>Hex coord:(19;8),No 72G. Puj 3. 43300 Seri Kembangan. Selangor. Malaysia,5 ,0,0,0,0,0,1,2022-01-29T06:38:33.6873464Z,0
3.022787,101.684497,Daerah: Subang Jaya<br>No:133<br>Hex coord:(20;8),Lebuhraya Kuala Lumpur - Putrajaya. Rizab Melayu Sungai Kuyoh. 43300 Seri Kembangan. Selangor. Malaysia,4 ,0,0,0,0,0,1,2022-01-29T06:38:35.6105627Z,0
3.018897,101.691242,Daerah: Subang Jaya<br>No:134<br>Hex coord:(21;8),22. Jalan BS 5/27. Taman Bukit Serdang. 43300 Seri Kembangan. Selangor. Malaysia,8 ,0,0,0,0,0,1,2022-01-29T06:38:36.7805448Z,0
3.022787,101.697987,Daerah: Subang Jaya<br>No:135<br>Hex coord:(22;8),Apartment Sri Mewah. Taman Bukit Serdang. 43300 Seri Kembangan. Selangor. Malaysia,9 ,0,0,0,0,0,1,2022-01-29T06:38:38.7227379Z,0
3.018897,101.704732,Daerah: Subang Jaya<br>No:136<br>Hex coord:(23;8),Wisma Boston. Kampung Baru Seri Kembangan. 43300 Seri Kembangan. Selangor. Malaysia,7 ,0,0,0,0,0,1,2022-01-29T06:38:39.9023016Z,0
3.022787,101.711477,Daerah: Subang Jaya<br>No:137<br>Hex coord:(24;8),Unnamed Road. 43300 Seri Kembangan. Selangor. Malaysia,6 ,0,0,0,0,0,1,2022-01-29T06:38:42.6666742Z,0
3.018897,101.718222,Daerah: Subang Jaya<br>No:138<br>Hex coord:(25;8),SBE. Serdang Lama. 43300 Seri Kembangan. Selangor. Malaysia,10 ,0,0,0,0,0,1,2022-01-29T06:38:44.4491184Z,0
3.022787,101.724967,Daerah: Subang Jaya<br>No:139<br>Hex coord:(26;8),25. Jalan Cempaka. Bluwater Estate. 43300 Seri Kembangan. Selangor. Malaysia,8 ,0,0,0,0,0,1,2022-01-29T06:38:45.6322592Z,0
3.015007,101.576577,Daerah: Subang Jaya<br>No:140<br>Hex coord:(4;9),44. Jalan Putra Murni 3/2c. Putra Heights. 47650 Subang Jaya. Selangor. Malaysia,3 ,0,0,0,0,0,1,2022-01-29T06:38:47.4592131Z,0
3.011117,101.583322,Daerah: Subang Jaya<br>No:141<br>Hex coord:(5;9),5. Jalan Putra Harmoni 1/1a. Putra Crest. 47500 Subang Jaya. Selangor. Malaysia,1 ,0,0,0,0,0,1,2022-01-29T06:38:49.2939835Z,0
3.015007,101.590067,Daerah: Subang Jaya<br>No:142<br>Hex coord:(6;9),25. Lrg 3. Kampung Tengah A. 47100 Puchong. Selangor. Malaysia,6 ,0,0,0,0,0,1,2022-01-29T06:38:50.4830896Z,0
3.011117,101.596812,Daerah: Subang Jaya<br>No:143<br>Hex coord:(7;9),45. Jalan Permai 2. Taman Puchong Permai. 47100 Puchong. Selangor. Malaysia,14 ,0,0,0,0,0,1,2022-01-29T06:38:52.2499898Z,0
3.015007,101.603557,Daerah: Subang Jaya<br>No:144<br>Hex coord:(8;9),47. Jalan Intan 3. Taman Puchong Intan. 47100 Puchong. Selangor. Malaysia,13 ,0,0,0,0,0,1,2022-01-29T06:38:53.4439674Z,0
3.011117,101.610302,Daerah: Subang Jaya<br>No:145<br>Hex coord:(9;9),29. Jalan Indah 1/7. Taman Puchong Indah. 47100 Puchong. Selangor. Malaysia,14 ,0,0,0,0,0,1,2022-01-29T06:38:55.4005579Z,0
3.015007,101.617047,Daerah: Subang Jaya<br>No:146<br>Hex coord:(10;9),48. Jalan Puteri 5/16. Bandar Puteri. 47100 Puchong. Selangor. Malaysia,7 ,0,0,0,0,0,1,2022-01-29T06:38:56.5908547Z,0
3.011117,101.623792,Daerah: Subang Jaya<br>No:147<br>Hex coord:(11;9),55. Jalan Puteri 10/5. Bandar Puteri. 47100 Puchong. Selangor. Malaysia,10 ,0,0,0,0,0,1,2022-01-29T06:38:58.3529861Z,0
3.015007,101.630537,Daerah: Subang Jaya<br>No:148<br>Hex coord:(12;9),45. Jalan Puteri 12/26. Bandar Puteri. 47100 Puchong. Selangor. Malaysia,6 ,0,0,0,0,0,1,2022-01-29T06:39:00.1664498Z,0
3.011117,101.637282,Daerah: Subang Jaya<br>No:149<br>Hex coord:(13;9),Wawasan Trail. Taman Wawasan. 47100 Puchong. Selangor. Malaysia,2 ,0,0,0,0,0,1,2022-01-29T06:39:01.9942288Z,0
3.015007,101.644027,Daerah: Subang Jaya<br>No:150<br>Hex coord:(14;9),Wawasan Trail. Taman Wawasan. 47100 Puchong. Selangor. Malaysia,0,0,0,0,0,0,1,2022-01-29T06:39:03.8032492Z,0
3.011117,101.650772,Daerah: Subang Jaya<br>No:151<br>Hex coord:(15;9),18. Jalan LEP 7/33. Lestari Putra. 43300 Seri Kembangan. Selangor. Malaysia,1 ,0,0,0,0,0,1,2022-01-29T06:39:05.5927080Z,0
3.015007,101.657517,Daerah: Subang Jaya<br>No:152<br>Hex coord:(16;9),43300. Selangor. Malaysia,1 ,0,0,0,0,0,1,2022-01-29T06:39:07.3860247Z,0
3.011117,101.664262,Daerah: Subang Jaya<br>No:153<br>Hex coord:(17;9),No. 7. Ground Floor. Sapura. Jalan Tasik 1. Mines Resort. Selangor. Taman Desaminium. 43300 Seri Kembangan. Selangor. Malaysia,25 ,0,0,0,0,0,1,2022-01-29T06:39:09.1983773Z,0
3.015007,101.671007,Daerah: Subang Jaya<br>No:154<br>Hex coord:(18;9),29. Jalan LP 8/12. Lestari Perdana. 43300 Seri Kembangan. Selangor. Malaysia,19 ,0,0,0,0,0,1,2022-01-29T06:39:11.3239960Z,0
3.011117,101.677752,Daerah: Subang Jaya<br>No:155<br>Hex coord:(19;9),38. Jalan PUJ 1/9. Taman Puncak Jalil. 43300 Seri Kembangan. Selangor. Malaysia,15 ,0,0,0,0,0,1,2022-01-29T06:39:13.1170595Z,0
3.015007,101.684497,Daerah: Subang Jaya<br>No:156<br>Hex coord:(20;9),Bukit serdang Hill Peak. MEX. Rizab Melayu Sungai Kuyoh. 43300 Seri Kembangan. Selangor. Malaysia,5 ,0,0,0,0,0,1,2022-01-29T06:39:14.2740490Z,0
3.011117,101.691242,Daerah: Subang Jaya<br>No:157<br>Hex coord:(21;9),16. Jalan Indah 1/12. Taman Universiti Indah. 43300 Seri Kembangan. Selangor. Malaysia,5 ,0,0,0,0,0,1,2022-01-29T06:39:15.4596585Z,0
3.015007,101.697987,Daerah: Subang Jaya<br>No:158<br>Hex coord:(22;9),2a. Jalan PSK 8. Pusat Perdagangan Seri Kembangan. 43300 Seri Kembangan. Selangor. Malaysia,4 ,0,0,0,0,0,1,2022-01-29T06:39:17.2482318Z,0
3.011117,101.704732,Daerah: Subang Jaya<br>No:159<br>Hex coord:(23;9),16. Jalan 5/3. Taman Serdang Jaya. 43300 Seri Kembangan. Selangor. Malaysia,7 ,0,0,0,0,0,1,2022-01-29T06:39:19.2319822Z,0
3.015007,101.711477,Daerah: Subang Jaya<br>No:160<br>Hex coord:(24;9),3. Jalan 6/2. Kawasan Perindustrian Seri Kembangan. 43300 Seri Kembangan. Selangor. Malaysia,16 ,0,0,0,0,0,1,2022-01-29T06:39:21.0246588Z,0
3.011117,101.718222,Daerah: Subang Jaya<br>No:161<br>Hex coord:(25;9),3682. Jalan 18/54. Taman Sri Serdang. 43300 Seri Kembangan. Selangor. Malaysia,19 ,0,0,0,0,0,1,2022-01-29T06:39:22.8404989Z,0
3.007227,101.576577,Daerah: Subang Jaya<br>No:162<br>Hex coord:(4;10),Jln Kingsley 1. 40400 Subang Jaya. Selangor. Malaysia,5 ,0,0,0,0,0,1,2022-01-29T06:39:24.6390101Z,0
3.003337,101.583322,Daerah: Subang Jaya<br>No:163<br>Hex coord:(5;10),11c. Jalan Kampung Kuala Sungai Baru. Kampung Kuala Sungai Baru. 47150 Puchong. Selangor. Malaysia,2 ,0,0,0,0,0,1,2022-01-29T06:39:26.4298714Z,0
3.007227,101.590067,Daerah: Subang Jaya<br>No:164<br>Hex coord:(6;10),25. Jalan Jurutera. Kampung Seri Aman Luar. 47100 Puchong. Selangor. Malaysia,6 ,0,0,0,0,0,1,2022-01-29T06:39:28.3876927Z,0
3.003337,101.596812,Daerah: Subang Jaya<br>No:165<br>Hex coord:(7;10),25. Jalan Prima 1/4. Taman Puchong Prima. 47100 Puchong. Selangor. Malaysia,37 ,0,0,0,0,0,1,2022-01-29T06:39:30.1950579Z,0
3.007227,101.603557,Daerah: Subang Jaya<br>No:166<br>Hex coord:(8;10),21. Jalan Perdana 4/6. Taman Puchong Perdana. 47100 Puchong. Selangor. Malaysia,44 ,0,0,0,0,0,1,2022-01-29T06:39:32.1094663Z,0
3.003337,101.610302,Daerah: Subang Jaya<br>No:167<br>Hex coord:(9;10),20. Jalan Utama 1/2. Taman Perindustrian Puchong Utama. 47100 Puchong. Selangor. Malaysia,32 ,0,0,0,0,0,1,2022-01-29T06:39:33.8733196Z,0
3.007227,101.617047,Daerah: Subang Jaya<br>No:168<br>Hex coord:(10;10),25. Lorong 3/H. Kampung Pasir Bahru Puchong. 47100 Puchong. Selangor. Malaysia,8 ,0,0,0,0,0,1,2022-01-29T06:39:35.6409345Z,0
3.003337,101.623792,Daerah: Subang Jaya<br>No:169<br>Hex coord:(11;10),21. Jln PH 2/3. Puchong Hartamas. 47100 Puchong. Selangor. Malaysia,7 ,0,0,0,0,0,1,2022-01-29T06:39:36.8319931Z,0
3.007227,101.630537,Daerah: Subang Jaya<br>No:170<br>Hex coord:(12;10),23. Jalan Puteri 12/8. Bandar Puteri. 47100 Puchong. Selangor. Malaysia,6 ,0,0,0,0,0,1,2022-01-29T06:39:38.6264184Z,0
3.003337,101.637282,Daerah: Subang Jaya<br>No:171<br>Hex coord:(13;10),30. Jalan SP 6/4. Taman Saujana Puchong. 47100 Puchong. Selangor. Malaysia,1 ,0,0,0,0,0,1,2022-01-29T06:39:39.7822745Z,0
3.007227,101.644027,Daerah: Subang Jaya<br>No:172<br>Hex coord:(14;10),Unnamed Road. Taman Saujana Puchong. 47100 Puchong. Selangor. Malaysia,8 ,0,0,0,0,0,1,2022-01-29T06:39:41.2596295Z,0
3.003337,101.650772,Daerah: Subang Jaya<br>No:173<br>Hex coord:(15;10),15. Jalan LEP 6/2. Lestari Putra. 43300 Seri Kembangan. Selangor. Malaysia,26 ,0,0,0,0,0,1,2022-01-29T06:39:43.0384734Z,0
3.007227,101.657517,Daerah: Subang Jaya<br>No:174<br>Hex coord:(16;10),Persiaran Desaminium 1. Taman Desaminium. 43300 Seri Kembangan. Selangor. Malaysia,22 ,0,0,0,0,0,1,2022-01-29T06:39:44.2050721Z,0
3.003337,101.664262,Daerah: Subang Jaya<br>No:175<br>Hex coord:(17;10),8. Jalan LP 3/9. Lestari Perdana. 43300 Seri Kembangan. Selangor. Malaysia,28 ,0,0,0,0,0,1,2022-01-29T06:39:45.9720562Z,0
3.007227,101.671007,Daerah: Subang Jaya<br>No:176<br>Hex coord:(18;10),24. Jalan LP 5/1. Lestari Perdana. 43300 Seri Kembangan. Selangor. Malaysia,26 ,0,0,0,0,0,1,2022-01-29T06:39:47.1468578Z,0
3.003337,101.677752,Daerah: Subang Jaya<br>No:177<br>Hex coord:(19;10),G18. Ground Floor. No. 2. Jalan Equine. Taman Putra Permai. 43300. Seri Kembangan. Selangor. Taman Equine. 43300 Seri Kembangan. Selangor. Malaysia,3 ,0,0,0,0,0,1,2022-01-29T06:39:48.4348994Z,0
3.007227,101.684497,Daerah: Subang Jaya<br>No:178<br>Hex coord:(20;10),Lebuhraya Kuala Lumpur - Putrajaya. Rizab Melayu Sungai Kuyoh. 43300 Seri Kembangan. Selangor. Malaysia,6 ,0,0,0,0,0,1,2022-01-29T06:39:50.2354794Z,0
3.003337,101.691242,Daerah: Subang Jaya<br>No:179<br>Hex coord:(21;10),no 30&32. Jalan Indah 2/16. Taman Universiti Indah. 43300 Seri Kembangan. Selangor. Malaysia,4 ,0,0,0,0,0,1,2022-01-29T06:39:51.6557562Z,0
3.007227,101.697987,Daerah: Subang Jaya<br>No:180<br>Hex coord:(22;10),to MRT Kompleks Serdang. 43400 Serdang. Selangor. Malaysia,5 ,0,0,0,0,0,1,2022-01-29T06:39:53.4535352Z,0
3.003337,101.704732,Daerah: Subang Jaya<br>No:181<br>Hex coord:(23;10),Jalan Asam Jawa. 43400 Serdang. Selangor. Malaysia,11 ,0,0,0,0,0,1,2022-01-29T06:39:55.3195840Z,0
3.007227,101.711477,Daerah: Subang Jaya<br>No:182<br>Hex coord:(24;10),1506. Jalan 18/27. Taman Sri Serdang. 43300 Seri Kembangan. Selangor. Malaysia,23 ,0,0,0,0,0,1,2022-01-29T06:39:56.5076644Z,0
3.003337,101.718222,Daerah: Subang Jaya<br>No:183<br>Hex coord:(25;10),635. Jalan 18/7. Taman Sri Serdang. 43300 Seri Kembangan. Selangor. Malaysia,15 ,0,0,0,0,0,1,2022-01-29T06:39:57.6743722Z,0
2.995557,101.556342,Daerah: Subang Jaya<br>No:184<br>Hex coord:(1;11),Lot 3637. Jalan Ikan Seluang. Kampung Bukit Lanchung. 40400 Subang Jaya. Selangor. Malaysia,10 ,0,0,0,0,0,1,2022-01-29T06:39:58.8403586Z,0
2.999447,101.563087,Daerah: Subang Jaya<br>No:185<br>Hex coord:(2;11),358. Jalan Putra Bahagia 8/2l. Putra Heights. 47650 Subang Jaya. Selangor. Malaysia,20 ,0,0,0,0,0,1,2022-01-29T06:40:00.6061020Z,0
2.995557,101.569832,Daerah: Subang Jaya<br>No:186<br>Hex coord:(3;11),2. Jalan Putra Mahkota 7/2c. Putra Heights. 47650 Subang Jaya. Selangor. Malaysia,7 ,0,0,0,0,0,1,2022-01-29T06:40:02.4154092Z,0
2.999447,101.576577,Daerah: Subang Jaya<br>No:187<br>Hex coord:(4;11),ELITE. Subang Jaya. Selangor. Malaysia,2 ,0,0,0,0,0,1,2022-01-29T06:40:03.7242186Z,0
2.995557,101.583322,Daerah: Subang Jaya<br>No:188<br>Hex coord:(5;11),39. Jalan Kampung Kuala Sungai Baru. Kampung Kuala Sungai Baru. 47100 Puchong. Selangor. Malaysia,4 ,0,0,0,0,0,1,2022-01-29T06:40:05.6020452Z,0
2.999447,101.590067,Daerah: Subang Jaya<br>No:189<br>Hex coord:(6;11),116. Lorong Bistari 3. Kampung Sri Aman Bistari. 47100 Puchong. Selangor. Malaysia,7 ,0,0,0,0,0,1,2022-01-29T06:40:07.5088026Z,0
2.995557,101.596812,Daerah: Subang Jaya<br>No:190<br>Hex coord:(7;11),47100. Jalan Prima Utama 1. Taman Puchong Prima. 47150 Puchong. Selangor. Malaysia,16 ,0,0,0,0,0,1,2022-01-29T06:40:09.2898856Z,0
2.999447,101.603557,Daerah: Subang Jaya<br>No:191<br>Hex coord:(8;11),Jalan Utama 1/10a. Taman Perindustrian Puchong Utama. 47100 Puchong. Selangor. Malaysia,36 ,0,0,0,0,0,1,2022-01-29T06:40:11.0485296Z,0
2.995557,101.610302,Daerah: Subang Jaya<br>No:192<br>Hex coord:(9;11),3. Jalan Utama 2/18. Taman Perindustrian Puchong Utama. 47100 Puchong. Selangor. Malaysia,6 ,0,0,0,0,0,1,2022-01-29T06:40:12.8428431Z,0
2.999447,101.617047,Daerah: Subang Jaya<br>No:193<br>Hex coord:(10;11),7. Jalan PU 3/2A. Taman Puchong Utama. 47100 Puchong. Selangor. Malaysia,8 ,0,0,0,0,0,1,2022-01-29T06:40:14.0052042Z,0
2.995557,101.623792,Daerah: Subang Jaya<br>No:194<br>Hex coord:(11;11),Depan Balai JKK Batu 14. Depan SK Puchong. Kampung Baru Puchong. 47100 Puchong. Selangor. Malaysia,7 ,0,0,0,0,0,1,2022-01-29T06:40:15.1804392Z,0
2.999447,101.630537,Daerah: Subang Jaya<br>No:195<br>Hex coord:(12;11),1. Jalan Puteri 11/17. Bandar Puteri. 47100 Puchong. Selangor. Malaysia,4 ,0,0,0,0,0,1,2022-01-29T06:40:16.3575949Z,0
2.995557,101.637282,Daerah: Subang Jaya<br>No:196<br>Hex coord:(13;11),Saujana Puchong Three Sisters Hill 1. Persiaran Saujana Puchong 1. Taman Saujana Puchong. 47100 Puchong. Selangor. Malaysia,4 ,0,0,0,0,0,1,2022-01-29T06:40:18.3732889Z,0
2.999447,101.644027,Daerah: Subang Jaya<br>No:197<br>Hex coord:(14;11),47. Jalan SP 10/13. Taman Saujana Puchong. 47100 Puchong. Selangor. Malaysia,17 ,0,0,0,0,0,1,2022-01-29T06:40:20.2886559Z,0
2.995557,101.650772,Daerah: Subang Jaya<br>No:198<br>Hex coord:(15;11),22. Jalan LEP 6/14. Lestari Putra. 43300 Seri Kembangan. Selangor. Malaysia,29 ,0,0,0,0,0,1,2022-01-29T06:40:22.0661003Z,0
2.999447,101.657517,Daerah: Subang Jaya<br>No:199<br>Hex coord:(16;11),45. Jalan LEP 4/22. Lestari Putra. 43300 Seri Kembangan. Selangor. Malaysia,26 ,0,0,0,0,0,1,2022-01-29T06:40:23.8747961Z,0
2.995557,101.664262,Daerah: Subang Jaya<br>No:200<br>Hex coord:(17;11),Unnamed Road. Lestari Perdana. 43300 Seri Kembangan. Selangor. Malaysia,14 ,0,0,0,0,0,1,2022-01-29T06:40:25.6376025Z,0
2.999447,101.671007,Daerah: Subang Jaya<br>No:201<br>Hex coord:(18;11),48. Jalan Putra Permai 8h. Taman Putra Permai. 43300 Seri Kembangan. Selangor. Malaysia,12 ,0,0,0,0,0,1,2022-01-29T06:40:28.0939883Z,0
2.995557,101.677752,Daerah: Subang Jaya<br>No:202<br>Hex coord:(19;11),Jalan Pinggiran 1/2. Taman Pinggiran Putra. 43300 Seri Kembangan. Selangor. Malaysia,19 ,0,0,0,0,0,1,2022-01-29T06:40:29.4191859Z,0
2.999447,101.684497,Daerah: Subang Jaya<br>No:203<br>Hex coord:(20;11),3215. 43300 Seri Kembangan. Selangor. Malaysia,5 ,0,0,0,0,0,1,2022-01-29T06:40:31.2314951Z,0
2.995557,101.691242,Daerah: Subang Jaya<br>No:204<br>Hex coord:(21;11),to MRT Kompleks Serdang. 43400 Serdang. Selangor. Malaysia,2 ,0,0,0,0,0,1,2022-01-29T06:40:33.1295576Z,0
2.999447,101.697987,Daerah: Subang Jaya<br>No:205<br>Hex coord:(22;11),Jalan Kejuruteraan. 43400 Serdang. Selangor. Malaysia,3 ,0,0,0,0,0,1,2022-01-29T06:40:34.9220285Z,0
2.995557,101.704732,Daerah: Subang Jaya<br>No:206<br>Hex coord:(23;11),Arts Pavlion. 43400 Serdang. Selangor. Malaysia,11 ,0,0,0,0,0,1,2022-01-29T06:40:36.7161770Z,0
2.999447,101.711477,Daerah: Subang Jaya<br>No:207<br>Hex coord:(24;11),Persiaran Universiti 1. 43400 Serdang. Selangor. Malaysia,15 ,0,0,0,0,0,1,2022-01-29T06:40:38.6218037Z,0
2.995557,101.718222,Daerah: Subang Jaya<br>No:208<br>Hex coord:(25;11),Lebuh Silikon. 43400 Serdang. Selangor. Malaysia,2 ,0,0,0,0,0,1,2022-01-29T06:40:41.3846368Z,0
2.987777,101.556342,Daerah: Subang Jaya<br>No:209<br>Hex coord:(1;12),13. Lorong Ikan Keli 2. Kampung Bukit Lanchung. 40400 Subang Jaya. Selangor. Malaysia,8 ,0,0,0,0,0,1,2022-01-29T06:40:43.1856557Z,0
2.991667,101.563087,Daerah: Subang Jaya<br>No:210<br>Hex coord:(2;12),27. Jalan Putra Indah 9/7. Putra Heights. 47650 Subang Jaya. Selangor. Malaysia,7 ,0,0,0,0,0,1,2022-01-29T06:40:44.9649044Z,0
2.987777,101.569832,Daerah: Subang Jaya<br>No:211<br>Hex coord:(3;12),69. Jalan Putra Permai 10/2d. Putra Heights. 47650 Subang Jaya. Selangor. Malaysia,4 ,0,0,0,0,0,1,2022-01-29T06:40:46.7690426Z,0
2.991667,101.576577,Daerah: Subang Jaya<br>No:212<br>Hex coord:(4;12),E6. 47650 Subang Jaya. Selangor. Malaysia,3 ,0,0,0,0,0,1,2022-01-29T06:40:48.2099090Z,0
2.987777,101.583322,Daerah: Subang Jaya<br>No:213<br>Hex coord:(5;12),Lorong Berkat 1. Kampung Seri Aman. 47100 Puchong. Selangor. Malaysia,6 ,0,0,0,0,0,1,2022-01-29T06:40:50.0114154Z,0
2.991667,101.590067,Daerah: Subang Jaya<br>No:214<br>Hex coord:(6;12),135. Lorong Berkat 5. Kampung Seri Aman. 47100 Puchong. Selangor. Malaysia,12 ,0,0,0,0,0,1,2022-01-29T06:40:51.2003111Z,0
2.987777,101.596812,Daerah: Subang Jaya<br>No:215<br>Hex coord:(7;12),Jalan Tpt 1. Taman Puchong Tekali. 47150 Puchong. Selangor. Malaysia,15 ,0,0,0,0,0,1,2022-01-29T06:40:52.9447005Z,0
2.991667,101.603557,Daerah: Subang Jaya<br>No:216<br>Hex coord:(8;12),39. Jln Tasik Prima 2/1. Taman Tasik Prima. 47100 Puchong. Selangor. Malaysia,10 ,0,0,0,0,0,1,2022-01-29T06:40:54.1109055Z,0
2.987777,101.610302,Daerah: Subang Jaya<br>No:217<br>Hex coord:(9;12),Unnamed Road. Taman Puchong Utama. 47100 Puchong. Selangor. Malaysia,12 ,0,0,0,0,0,1,2022-01-29T06:40:55.2789951Z,0
2.991667,101.617047,Daerah: Subang Jaya<br>No:218<br>Hex coord:(10;12),No. 68. Jalan PU 7/3. Taman Puchong Utama. 47100 Puchong. Selangor. Malaysia,6 ,0,0,0,0,0,1,2022-01-29T06:40:57.0468084Z,0
2.987777,101.623792,Daerah: Subang Jaya<br>No:219<br>Hex coord:(11;12),PT 7470.Batu 14. 7469. Lebuhraya Damansara - Puchong. Kampung Baru Puchong. 47200 Puchong. Selangor. Malaysia,8 ,0,0,0,0,0,1,2022-01-29T06:40:58.2153385Z,0
2.991667,101.630537,Daerah: Subang Jaya<br>No:220<br>Hex coord:(12;12),27. Jalan BP 3. Bandar Bukit Puchong. 47100 Puchong. Selangor. Malaysia,7 ,0,0,0,0,0,1,2022-01-29T06:40:59.3832044Z,0
2.987777,101.637282,Daerah: Subang Jaya<br>No:221<br>Hex coord:(13;12),16. Jalan Mutiara 1/16. Taman Mutiara Indah. 47100 Puchong. Selangor. Malaysia,5 ,0,0,0,0,0,1,2022-01-29T06:41:00.5458757Z,0
2.991667,101.644027,Daerah: Subang Jaya<br>No:222<br>Hex coord:(14;12),3. Jalan SP 9/9. Taman Saujana Puchong. 47100 Puchong. Selangor. Malaysia,6 ,0,0,0,0,0,1,2022-01-29T06:41:02.3395715Z,0
2.987777,101.650772,Daerah: Subang Jaya<br>No:223<br>Hex coord:(15;12),Unnamed Road. 47100 Seri Kembangan. Selangor. Malaysia,4 ,0,0,0,0,0,1,2022-01-29T06:41:03.5090241Z,0
2.991667,101.657517,Daerah: Subang Jaya<br>No:224<br>Hex coord:(16;12),6. Jalan LEP 1/1. Lestari Putra. 43300 Seri Kembangan. Selangor. Malaysia,17 ,0,0,0,0,0,1,2022-01-29T06:41:05.2632757Z,0
2.987777,101.664262,Daerah: Subang Jaya<br>No:225<br>Hex coord:(17;12),No.2. Jalan KP 2/2. Kota Perdana. 43300 Seri Kembangan. Selangor. Malaysia,16 ,0,0,0,0,0,1,2022-01-29T06:41:06.4405675Z,0
2.991667,101.671007,Daerah: Subang Jaya<br>No:226<br>Hex coord:(18;12),Persiaran Lestari Perdana 2. Lestari Perdana. 43300 Seri Kembangan. Selangor. Malaysia,21 ,0,0,0,0,0,1,2022-01-29T06:41:07.6325355Z,0
2.987777,101.677752,Daerah: Subang Jaya<br>No:227<br>Hex coord:(19;12),8. Jalan PP 14. Taman Pinggiran Putra. 43300 Seri Kembangan. Selangor. Malaysia,18 ,0,0,0,0,0,1,2022-01-29T06:41:08.9376626Z,0
2.991667,101.684497,Daerah: Subang Jaya<br>No:228<br>Hex coord:(20;12),Lebuhraya Kuala Lumpur - Putrajaya. 43400 Seri Kembangan. Selangor. Malaysia,10 ,0,0,0,0,0,1,2022-01-29T06:41:10.1133064Z,0
2.987777,101.691242,Daerah: Subang Jaya<br>No:229<br>Hex coord:(21;12),Jalan Teknologi. 43400 Serdang. Selangor. Malaysia,0,0,0,0,0,0,1,2022-01-29T06:41:11.9141060Z,0
2.991667,101.697987,Daerah: Subang Jaya<br>No:230<br>Hex coord:(22;12),Jalan Mardi. 43400 Serdang. Selangor. Malaysia,0,0,0,0,0,0,1,2022-01-29T06:41:13.7984752Z,0
2.987777,101.704732,Daerah: Subang Jaya<br>No:231<br>Hex coord:(23;12),Mardi. 43400 Serdang. Selangor. Malaysia,2 ,0,0,0,0,0,1,2022-01-29T06:41:15.5671857Z,0
2.991667,101.711477,Daerah: Subang Jaya<br>No:232<br>Hex coord:(24;12),13th College Bus Stop. Jalan Maklumat. 43400 Serdang. Selangor. Malaysia,11 ,0,0,0,0,0,1,2022-01-29T06:41:16.7400218Z,0
2.983887,101.563087,Daerah: Subang Jaya<br>No:233<br>Hex coord:(2;13),28. Jalan Putra Permai 10/1q. Putra Heights. 47650 Subang Jaya. Selangor. Malaysia,3 ,0,0,0,0,0,1,2022-01-29T06:41:18.4896821Z,0
2.979997,101.569832,Daerah: Subang Jaya<br>No:234<br>Hex coord:(3;13),171. Jalan Kampung Kuala Sungai Baru. Kampung Kuala Sungai Baru. 47100 Puchong. Selangor. Malaysia,1 ,0,0,0,0,0,1,2022-01-29T06:41:20.2800220Z,0
2.983887,101.576577,Daerah: Subang Jaya<br>No:235<br>Hex coord:(4;13),Lot 186-A. Jalan Kampung Kuala Sungai Baru. Kampung Kuala Sungai Baru. 47100 Subang Jaya. Selangor. Malaysia,3 ,0,0,0,0,0,1,2022-01-29T06:41:21.5818449Z,0
2.983887,101.590067,Daerah: Subang Jaya<br>No:236<br>Hex coord:(6;13),119A. Lorong Aman 3a. Kampung Seri Aman. 47100 Puchong. Selangor. Malaysia,15 ,0,0,0,0,0,1,2022-01-29T06:41:23.3732060Z,0
2.983887,101.603557,Daerah: Subang Jaya<br>No:237<br>Hex coord:(8;13),19. Jalan Tasik Prima 6/2. Taman Tasik Prima. 47100 Puchong. Selangor. Malaysia,15 ,0,0,0,0,0,1,2022-01-29T06:41:25.1250480Z,0
2.983887,101.617047,Daerah: Subang Jaya<br>No:238<br>Hex coord:(10;13),SJ 232 Puchong Utama 9 (Utara). Jalan Puchong. 47140 Puchong. Selangor. Malaysia,4 ,0,0,0,0,0,1,2022-01-29T06:41:26.9062827Z,0
2.983887,101.630537,Daerah: Subang Jaya<br>No:239<br>Hex coord:(12;13),No. 3. Jalan BP 4/5. Bandar Bukit Puchong. Selangor. Bandar Bukit. 47100 Puchong. Selangor. Malaysia,6 ,0,0,0,0,0,1,2022-01-29T06:41:28.6921896Z,0
2.979997,101.637282,Daerah: Subang Jaya<br>No:240<br>Hex coord:(13;13),Plaza Toll Puchong Selatan. Lebuhraya Damansara - Puchong. 47100 Puchong. Selangor. Malaysia,5 ,0,0,0,0,0,1,2022-01-29T06:41:30.5161333Z,0
2.983887,101.644027,Daerah: Subang Jaya<br>No:241<br>Hex coord:(14;13),62. Jalan Suria Puchong 4. Puchong Gateway. 47110 Puchong. Selangor. Malaysia,3 ,0,0,0,0,0,1,2022-01-29T06:41:31.6790656Z,0
2.983887,101.657517,Daerah: Subang Jaya<br>No:242<br>Hex coord:(16;13),Makmal Teknologi Akuatik. Jalan Ladang Universiti Putra. 47100. Puchong. Selangor. 43300 Seri Kembangan. Selangor. Malaysia,8 ,0,0,0,0,0,1,2022-01-29T06:41:33.5700666Z,0
2.983887,101.671007,Daerah: Subang Jaya<br>No:243<br>Hex coord:(18;13),PKPS Agro Blok B4. Blok B4 Lot 14. Pusat Bandar Putra Permai. 43400 Seri Kembangan. Selangor. Malaysia,16 ,0,0,0,0,0,1,2022-01-29T06:41:34.7518902Z,0
2.983887,101.684497,Daerah: Subang Jaya<br>No:244<br>Hex coord:(20;13),Lebuhraya Kuala Lumpur - Putrajaya. 43400 Seri Kembangan. Selangor. Malaysia,5 ,0,0,0,0,0,1,2022-01-29T06:41:35.9091511Z,0
2.983887,101.697987,Daerah: Subang Jaya<br>No:245<br>Hex coord:(22;13),Jalan MARDI. 43000 Kajang. Selangor. Malaysia,0,0,0,0,0,0,1,2022-01-29T06:41:38.1843129Z,0
2.983887,101.711477,Daerah: Subang Jaya<br>No:246<br>Hex coord:(24;13),Biorefinery Pilot Plant. Faculty of Biotechnology and Biomolecular Sciences. Jalan Satelit. 43400 Serdang. Selangor. Malaysia,0,0,0,0,0,0,1,2022-01-29T06:41:39.9774519Z,0