lat,lon,label,placename,weeklyactive,totalactive,weeklyrecovered,totalrecovered,weeklydeaths,totaldeaths,weight,timestamp,reserved
3.57666,101.30315,Daerah: Kuala Selangor<br>No:1<br>Hex coord:(15;1),Kuala Selangor. Selangor. Malaysia,0,0,0,0,0,0,1,2022-03-21T06:35:06.2396193Z,0
3.58444,101.31664,Daerah: Kuala Selangor<br>No:2<br>Hex coord:(16;1),Kuala Selangor. Selangor. Malaysia,0,0,0,0,0,0,1,2022-03-21T06:35:06.9708083Z,0
3.57666,101.33013,Daerah: Kuala Selangor<br>No:3<br>Hex coord:(17;1),Kuala Selangor. Selangor. Malaysia,0,0,0,0,0,0,1,2022-03-21T06:35:07.8047440Z,0
3.58444,101.34362,Daerah: Kuala Selangor<br>No:4<br>Hex coord:(18;1),Kuala Selangor. Selangor. Malaysia,0,0,0,0,0,0,1,2022-03-21T06:35:08.6437508Z,0
3.57666,101.35711,Daerah: Kuala Selangor<br>No:5<br>Hex coord:(19;1),Kuala Selangor. Selangor. Malaysia,0,0,0,0,0,0,1,2022-03-21T06:35:09.3751632Z,0
3.5611,101.24919,Daerah: Kuala Selangor<br>No:6<br>Hex coord:(11;2),Kuala Selangor. Selangor. Malaysia,0,0,0,0,0,0,1,2022-03-21T06:35:10.1093032Z,0
3.5611,101.27617,Daerah: Kuala Selangor<br>No:7<br>Hex coord:(13;2),Kuala Selangor. Selangor. Malaysia,0,0,0,0,0,0,1,2022-03-21T06:35:10.8266087Z,0
3.56888,101.28966,Daerah: Kuala Selangor<br>No:8<br>Hex coord:(14;2),Kuala Selangor. Selangor. Malaysia,0,0,0,0,0,0,1,2022-03-21T06:35:11.6487179Z,0
3.5611,101.30315,Daerah: Kuala Selangor<br>No:9<br>Hex coord:(15;2),Kuala Selangor. Selangor. Malaysia,0,0,0,0,0,0,1,2022-03-21T06:35:12.4575957Z,0
3.56888,101.31664,Daerah: Kuala Selangor<br>No:10<br>Hex coord:(16;2),Kuala Selangor. Selangor. Malaysia,0,0,0,0,0,0,1,2022-03-21T06:35:13.1783747Z,0
3.5611,101.33013,Daerah: Kuala Selangor<br>No:11<br>Hex coord:(17;2),Kuala Selangor. Selangor. Malaysia,0,0,0,0,0,0,1,2022-03-21T06:35:13.8993977Z,0
3.56888,101.34362,Daerah: Kuala Selangor<br>No:12<br>Hex coord:(18;2),Kuala Selangor. Selangor. Malaysia,0,0,0,0,0,0,1,2022-03-21T06:35:14.6227453Z,0
3.5611,101.35711,Daerah: Kuala Selangor<br>No:13<br>Hex coord:(19;2),Kuala Selangor. Selangor. Malaysia,0,0,0,0,0,0,1,2022-03-21T06:35:15.3340759Z,0
3.56888,101.3706,Daerah: Kuala Selangor<br>No:14<br>Hex coord:(20;2),Kuala Selangor. Selangor. Malaysia,0,0,0,0,0,0,1,2022-03-21T06:35:16.1597971Z,0
3.5611,101.38409,Daerah: Kuala Selangor<br>No:15<br>Hex coord:(21;2),Kuala Selangor. Selangor. Malaysia,0,0,0,0,0,0,1,2022-03-21T06:35:17.8791408Z,0
3.54554,101.22221,Daerah: Kuala Selangor<br>No:16<br>Hex coord:(9;3),Kuala Selangor. Selangor. Malaysia,0,0,0,0,0,0,1,2022-03-21T06:35:18.6013098Z,0
3.55332,101.2357,Daerah: Kuala Selangor<br>No:17<br>Hex coord:(10;3),Kuala Selangor. Selangor. Malaysia,0,0,0,0,0,0,1,2022-03-21T06:35:19.3328619Z,0
3.54554,101.24919,Daerah: Kuala Selangor<br>No:18<br>Hex coord:(11;3),Kuala Selangor. Selangor. Malaysia,0,0,0,0,0,0,1,2022-03-21T06:35:20.0500940Z,0
3.55332,101.26268,Daerah: Kuala Selangor<br>No:19<br>Hex coord:(12;3),Kuala Selangor. Selangor. Malaysia,0,0,0,0,0,0,1,2022-03-21T06:35:20.7768617Z,0
3.54554,101.27617,Daerah: Kuala Selangor<br>No:20<br>Hex coord:(13;3),Kuala Selangor. Selangor. Malaysia,0,0,0,0,0,0,1,2022-03-21T06:35:21.5063663Z,0
3.55332,101.28966,Daerah: Kuala Selangor<br>No:21<br>Hex coord:(14;3),Kuala Selangor. Selangor. Malaysia,0,0,0,0,0,0,1,2022-03-21T06:35:23.2290343Z,0
3.54554,101.30315,Daerah: Kuala Selangor<br>No:22<br>Hex coord:(15;3),Kuala Selangor. Selangor. Malaysia,0,0,0,0,0,0,1,2022-03-21T06:35:23.9473735Z,0
3.55332,101.31664,Daerah: Kuala Selangor<br>No:23<br>Hex coord:(16;3),Kuala Selangor. Selangor. Malaysia,0,0,0,0,0,0,1,2022-03-21T06:35:24.6623735Z,0
3.54554,101.33013,Daerah: Kuala Selangor<br>No:24<br>Hex coord:(17;3),Kuala Selangor. Selangor. Malaysia,0,0,0,0,0,0,1,2022-03-21T06:35:25.3858953Z,0
3.55332,101.34362,Daerah: Kuala Selangor<br>No:25<br>Hex coord:(18;3),Kuala Selangor. Selangor. Malaysia,0,0,0,0,0,0,1,2022-03-21T06:35:26.1338237Z,0
3.54554,101.35711,Daerah: Kuala Selangor<br>No:26<br>Hex coord:(19;3),Kuala Selangor. Selangor. Malaysia,0,0,0,0,0,0,1,2022-03-21T06:35:26.9334382Z,0
3.55332,101.3706,Daerah: Kuala Selangor<br>No:27<br>Hex coord:(20;3),Kuala Selangor. Selangor. Malaysia,0,0,0,0,0,0,1,2022-03-21T06:35:27.7139079Z,0
3.54554,101.38409,Daerah: Kuala Selangor<br>No:28<br>Hex coord:(21;3),Hutan Rizab Raja Musa. Selangor. Malaysia,0,0,0,0,0,0,1,2022-03-21T06:35:28.4763406Z,0
3.55332,101.39758,Daerah: Kuala Selangor<br>No:29<br>Hex coord:(22;3),Kuala Selangor. Selangor. Malaysia,0,0,0,0,0,0,1,2022-03-21T06:35:29.2058206Z,0
3.52998,101.16825,Daerah: Kuala Selangor<br>No:30<br>Hex coord:(5;4),Kuala Selangor. Selangor. Malaysia,0,0,0,0,0,0,1,2022-03-21T06:35:29.9478856Z,0
3.52998,101.19523,Daerah: Kuala Selangor<br>No:31<br>Hex coord:(7;4),Kuala Selangor. Selangor. Malaysia,0,0,0,0,0,0,1,2022-03-21T06:35:30.6857750Z,0
3.53776,101.20872,Daerah: Kuala Selangor<br>No:32<br>Hex coord:(8;4),Kuala Selangor. Selangor. Malaysia,0,0,0,0,0,0,1,2022-03-21T06:35:31.4110228Z,0
3.52998,101.22221,Daerah: Kuala Selangor<br>No:33<br>Hex coord:(9;4),Kuala Selangor. Selangor. Malaysia,0,0,0,0,0,0,1,2022-03-21T06:35:32.1485125Z,0
3.53776,101.2357,Daerah: Kuala Selangor<br>No:34<br>Hex coord:(10;4),Kuala Selangor. Selangor. Malaysia,0,0,0,0,0,0,1,2022-03-21T06:35:32.8753175Z,0
3.52998,101.24919,Daerah: Kuala Selangor<br>No:35<br>Hex coord:(11;4),Kuala Selangor. Selangor. Malaysia,0,0,0,0,0,0,1,2022-03-21T06:35:33.5785608Z,0
3.53776,101.26268,Daerah: Kuala Selangor<br>No:36<br>Hex coord:(12;4),Kuala Selangor. Selangor. Malaysia,0,0,0,0,0,0,1,2022-03-21T06:35:34.3229837Z,0
3.52998,101.27617,Daerah: Kuala Selangor<br>No:37<br>Hex coord:(13;4),Kuala Selangor. Selangor. Malaysia,0,0,0,0,0,0,1,2022-03-21T06:35:35.0415966Z,0
3.53776,101.28966,Daerah: Kuala Selangor<br>No:38<br>Hex coord:(14;4),Kuala Selangor. Selangor. Malaysia,0,0,0,0,0,0,1,2022-03-21T06:35:35.7508377Z,0
3.52998,101.30315,Daerah: Kuala Selangor<br>No:39<br>Hex coord:(15;4),Kuala Selangor. Selangor. Malaysia,0,0,0,0,0,0,1,2022-03-21T06:35:36.4725155Z,0
3.53776,101.31664,Daerah: Kuala Selangor<br>No:40<br>Hex coord:(16;4),Kuala Selangor. Selangor. Malaysia,0,0,0,0,0,0,1,2022-03-21T06:35:37.1995883Z,0
3.52998,101.33013,Daerah: Kuala Selangor<br>No:41<br>Hex coord:(17;4),Kuala Selangor. Selangor. Malaysia,0,0,0,0,0,0,1,2022-03-21T06:35:37.9226872Z,0
3.53776,101.34362,Daerah: Kuala Selangor<br>No:42<br>Hex coord:(18;4),Kuala Selangor. Selangor. Malaysia,0,0,0,0,0,0,1,2022-03-21T06:35:38.6315648Z,0
3.52998,101.35711,Daerah: Kuala Selangor<br>No:43<br>Hex coord:(19;4),Kuala Selangor. Selangor. Malaysia,0,0,0,0,0,0,1,2022-03-21T06:35:39.3619419Z,0
3.53776,101.3706,Daerah: Kuala Selangor<br>No:44<br>Hex coord:(20;4),Kuala Selangor. Selangor. Malaysia,0,0,0,0,0,0,1,2022-03-21T06:35:40.1019016Z,0
3.52998,101.38409,Daerah: Kuala Selangor<br>No:45<br>Hex coord:(21;4),Kuala Selangor. Selangor. Malaysia,0,0,0,0,0,0,1,2022-03-21T06:35:40.8215798Z,0
3.53776,101.39758,Daerah: Kuala Selangor<br>No:46<br>Hex coord:(22;4),Kuala Selangor. Selangor. Malaysia,0,0,0,0,0,0,1,2022-03-21T06:35:42.5599980Z,0
3.52998,101.41107,Daerah: Kuala Selangor<br>No:47<br>Hex coord:(23;4),Kuala Selangor. Selangor. Malaysia,0,0,0,0,0,0,1,2022-03-21T06:35:43.2810347Z,0
3.51442,101.16825,Daerah: Kuala Selangor<br>No:48<br>Hex coord:(5;5),Kuala Selangor. 45400. Selangor. Malaysia,0,0,0,0,0,0,1,2022-03-21T06:35:44.0029942Z,0
3.5222,101.18174,Daerah: Kuala Selangor<br>No:49<br>Hex coord:(6;5),Kuala Selangor. Selangor. Malaysia,0,0,0,0,0,0,1,2022-03-21T06:35:44.7228317Z,0
3.51442,101.19523,Daerah: Kuala Selangor<br>No:50<br>Hex coord:(7;5),Kuala Selangor. Selangor. Malaysia,0,0,0,0,0,0,1,2022-03-21T06:35:45.4445938Z,0
3.5222,101.20872,Daerah: Kuala Selangor<br>No:51<br>Hex coord:(8;5),Kuala Selangor. Selangor. Malaysia,0,0,0,0,0,0,1,2022-03-21T06:35:46.1739425Z,0
3.51442,101.22221,Daerah: Kuala Selangor<br>No:52<br>Hex coord:(9;5),Kuala Selangor. Selangor. Malaysia,0,0,0,0,0,0,1,2022-03-21T06:35:46.8913826Z,0
3.5222,101.2357,Daerah: Kuala Selangor<br>No:53<br>Hex coord:(10;5),Kuala Selangor. Selangor. Malaysia,0,0,0,0,0,0,1,2022-03-21T06:35:47.6155881Z,0
3.51442,101.24919,Daerah: Kuala Selangor<br>No:54<br>Hex coord:(11;5),Kuala Selangor. Selangor. Malaysia,0,0,0,0,0,0,1,2022-03-21T06:35:48.4438511Z,0
3.5222,101.26268,Daerah: Kuala Selangor<br>No:55<br>Hex coord:(12;5),Kuala Selangor. Selangor. Malaysia,0,0,0,0,0,0,1,2022-03-21T06:35:49.1755204Z,0
3.51442,101.27617,Daerah: Kuala Selangor<br>No:56<br>Hex coord:(13;5),Kuala Selangor. Selangor. Malaysia,0,0,0,0,0,0,1,2022-03-21T06:35:49.9033367Z,0
3.5222,101.28966,Daerah: Kuala Selangor<br>No:57<br>Hex coord:(14;5),Kuala Selangor. Selangor. Malaysia,0,0,0,0,0,0,1,2022-03-21T06:35:50.6540850Z,0
3.51442,101.30315,Daerah: Kuala Selangor<br>No:58<br>Hex coord:(15;5),Kuala Selangor. Selangor. Malaysia,0,0,0,0,0,0,1,2022-03-21T06:35:51.3724804Z,0
3.5222,101.31664,Daerah: Kuala Selangor<br>No:59<br>Hex coord:(16;5),Kuala Selangor. Selangor. Malaysia,0,0,0,0,0,0,1,2022-03-21T06:35:52.0971182Z,0
3.51442,101.33013,Daerah: Kuala Selangor<br>No:60<br>Hex coord:(17;5),Kuala Selangor. Selangor. Malaysia,0,0,0,0,0,0,1,2022-03-21T06:35:52.8206210Z,0
3.5222,101.34362,Daerah: Kuala Selangor<br>No:61<br>Hex coord:(18;5),Kuala Selangor. Selangor. Malaysia,0,0,0,0,0,0,1,2022-03-21T06:35:53.5448254Z,0
3.51442,101.35711,Daerah: Kuala Selangor<br>No:62<br>Hex coord:(19;5),Kuala Selangor. Selangor. Malaysia,0,0,0,0,0,0,1,2022-03-21T06:35:54.2585372Z,0
3.5222,101.3706,Daerah: Kuala Selangor<br>No:63<br>Hex coord:(20;5),Kuala Selangor. Selangor. Malaysia,0,0,0,0,0,0,1,2022-03-21T06:35:55.9826254Z,0
3.51442,101.38409,Daerah: Kuala Selangor<br>No:64<br>Hex coord:(21;5),Kuala Selangor. Selangor. Malaysia,0,0,0,0,0,0,1,2022-03-21T06:35:56.7082691Z,0
3.5222,101.39758,Daerah: Kuala Selangor<br>No:65<br>Hex coord:(22;5),Kuala Selangor. Selangor. Malaysia,0,0,0,0,0,0,1,2022-03-21T06:35:58.4502930Z,0
3.51442,101.41107,Daerah: Kuala Selangor<br>No:66<br>Hex coord:(23;5),Kuala Selangor. Selangor. Malaysia,0,0,0,0,0,0,1,2022-03-21T06:35:59.1652030Z,0
3.5222,101.42456,Daerah: Kuala Selangor<br>No:67<br>Hex coord:(24;5),Kuala Selangor. Selangor. Malaysia,0,0,0,0,0,0,1,2022-03-21T06:35:59.8789141Z,0
3.51442,101.43805,Daerah: Kuala Selangor<br>No:68<br>Hex coord:(25;5),Kuala Selangor. Selangor. Malaysia,0,0,0,0,0,0,1,2022-03-21T06:36:00.6033687Z,0
3.49886,101.14127,Daerah: Kuala Selangor<br>No:69<br>Hex coord:(3;6),LN Pt. 4 Sungai Burung. Selangor. Malaysia,6 ,0,0,0,0,0,1,2022-03-21T06:36:01.3158943Z,0
3.50664,101.15476,Daerah: Kuala Selangor<br>No:70<br>Hex coord:(4;6),Kuala Selangor. 45400. Selangor. Malaysia,2 ,0,0,0,0,0,1,2022-03-21T06:36:02.0367801Z,0
3.49886,101.16825,Daerah: Kuala Selangor<br>No:71<br>Hex coord:(5;6),45400 Sekinchan. Selangor. Malaysia,7 ,0,0,0,0,0,1,2022-03-21T06:36:02.7597883Z,0
3.50664,101.18174,Daerah: Kuala Selangor<br>No:72<br>Hex coord:(6;6),Kuala Selangor. 45400. Selangor. Malaysia,4 ,0,0,0,0,0,1,2022-03-21T06:36:03.4865980Z,0
3.49886,101.19523,Daerah: Kuala Selangor<br>No:73<br>Hex coord:(7;6),Kuala Selangor. Selangor. Malaysia,9 ,0,0,0,0,0,1,2022-03-21T06:36:04.2146086Z,0
3.50664,101.20872,Daerah: Kuala Selangor<br>No:74<br>Hex coord:(8;6),Kuala Selangor. Selangor. Malaysia,0,0,0,0,0,0,1,2022-03-21T06:36:04.9333548Z,0
3.49886,101.22221,Daerah: Kuala Selangor<br>No:75<br>Hex coord:(9;6),Kuala Selangor. Selangor. Malaysia,0,0,0,0,0,0,1,2022-03-21T06:36:05.6426862Z,0
3.50664,101.2357,Daerah: Kuala Selangor<br>No:76<br>Hex coord:(10;6),Kuala Selangor. Selangor. Malaysia,0,0,0,0,0,0,1,2022-03-21T06:36:06.3665822Z,0
3.49886,101.24919,Daerah: Kuala Selangor<br>No:77<br>Hex coord:(11;6),Kuala Selangor. Selangor. Malaysia,0,0,0,0,0,0,1,2022-03-21T06:36:07.0976855Z,0
3.50664,101.26268,Daerah: Kuala Selangor<br>No:78<br>Hex coord:(12;6),Kuala Selangor. Selangor. Malaysia,0,0,0,0,0,0,1,2022-03-21T06:36:07.8312819Z,0
3.49886,101.27617,Daerah: Kuala Selangor<br>No:79<br>Hex coord:(13;6),Kuala Selangor. Selangor. Malaysia,0,0,0,0,0,0,1,2022-03-21T06:36:08.5472295Z,0
3.50664,101.28966,Daerah: Kuala Selangor<br>No:80<br>Hex coord:(14;6),Kuala Selangor. Selangor. Malaysia,0,0,0,0,0,0,1,2022-03-21T06:36:09.2820908Z,0
3.49886,101.30315,Daerah: Kuala Selangor<br>No:81<br>Hex coord:(15;6),Kuala Selangor. Selangor. Malaysia,0,0,0,0,0,0,1,2022-03-21T06:36:10.0020404Z,0
3.50664,101.31664,Daerah: Kuala Selangor<br>No:82<br>Hex coord:(16;6),Kuala Selangor. Selangor. Malaysia,0,0,0,0,0,0,1,2022-03-21T06:36:10.7169871Z,0
3.49886,101.33013,Daerah: Kuala Selangor<br>No:83<br>Hex coord:(17;6),Kuala Selangor. Selangor. Malaysia,0,0,0,0,0,0,1,2022-03-21T06:36:11.4341252Z,0
3.50664,101.34362,Daerah: Kuala Selangor<br>No:84<br>Hex coord:(18;6),Kuala Selangor. Selangor. Malaysia,0,0,0,0,0,0,1,2022-03-21T06:36:12.1501754Z,0
3.49886,101.35711,Daerah: Kuala Selangor<br>No:85<br>Hex coord:(19;6),Kuala Selangor. Selangor. Malaysia,0,0,0,0,0,0,1,2022-03-21T06:36:12.8629177Z,0
3.50664,101.3706,Daerah: Kuala Selangor<br>No:86<br>Hex coord:(20;6),Kuala Selangor. Selangor. Malaysia,0,0,0,0,0,0,1,2022-03-21T06:36:13.7336433Z,0
3.49886,101.38409,Daerah: Kuala Selangor<br>No:87<br>Hex coord:(21;6),Kuala Selangor. Selangor. Malaysia,0,0,0,0,0,0,1,2022-03-21T06:36:14.4688932Z,0
3.50664,101.39758,Daerah: Kuala Selangor<br>No:88<br>Hex coord:(22;6),Kuala Selangor. Selangor. Malaysia,0,0,0,0,0,0,1,2022-03-21T06:36:15.2280357Z,0
3.49886,101.41107,Daerah: Kuala Selangor<br>No:89<br>Hex coord:(23;6),Kuala Selangor. Selangor. Malaysia,0,0,0,0,0,0,1,2022-03-21T06:36:15.9798901Z,0
3.50664,101.42456,Daerah: Kuala Selangor<br>No:90<br>Hex coord:(24;6),Kuala Selangor. Selangor. Malaysia,0,0,0,0,0,0,1,2022-03-21T06:36:16.7029146Z,0
3.49886,101.43805,Daerah: Kuala Selangor<br>No:91<br>Hex coord:(25;6),Kuala Selangor. Selangor. Malaysia,0,0,0,0,0,0,1,2022-03-21T06:36:17.4226044Z,0
3.4833,101.11429,Daerah: Kuala Selangor<br>No:92<br>Hex coord:(1;7),Kuala Selangor. 45400. Selangor. Malaysia,12 ,0,0,0,0,0,1,2022-03-21T06:36:18.1553276Z,0
3.49108,101.12778,Daerah: Kuala Selangor<br>No:93<br>Hex coord:(2;7),Jalan Taliair 3. Selangor. Malaysia,2 ,0,0,0,0,0,1,2022-03-21T06:36:18.8917320Z,0
3.4833,101.14127,Daerah: Kuala Selangor<br>No:94<br>Hex coord:(3;7),Rizab Melayu Sungai Burong. Kuala Selangor. Malaysia,4 ,0,0,0,0,0,1,2022-03-21T06:36:19.6138497Z,0
3.49108,101.15476,Daerah: Kuala Selangor<br>No:95<br>Hex coord:(4;7),Jalan Parit 3. Selangor. Malaysia,5 ,0,0,0,0,0,1,2022-03-21T06:36:20.3406995Z,0
3.4833,101.16825,Daerah: Kuala Selangor<br>No:96<br>Hex coord:(5;7),Kuala Selangor. 45400. Selangor. Malaysia,2 ,0,0,0,0,0,1,2022-03-21T06:36:21.0711201Z,0
3.49108,101.18174,Daerah: Kuala Selangor<br>No:97<br>Hex coord:(6;7),d'Bendang Homestay. Tanjung Karang. Kuala Selangor. Malaysia,3 ,0,0,0,0,0,1,2022-03-21T06:36:21.7811855Z,0
3.4833,101.19523,Daerah: Kuala Selangor<br>No:98<br>Hex coord:(7;7),Kuala Selangor. Selangor. Malaysia,1 ,0,0,0,0,0,1,2022-03-21T06:36:22.5116661Z,0
3.49108,101.20872,Daerah: Kuala Selangor<br>No:99<br>Hex coord:(8;7),Tanjung Karang. Kuala Selangor. Malaysia,3 ,0,0,0,0,0,1,2022-03-21T06:36:23.2327675Z,0
3.4833,101.22221,Daerah: Kuala Selangor<br>No:100<br>Hex coord:(9;7),Kuala Selangor. Selangor. Malaysia,0,0,0,0,0,0,1,2022-03-21T06:36:23.9719767Z,0
3.49108,101.2357,Daerah: Kuala Selangor<br>No:101<br>Hex coord:(10;7),Kuala Selangor. Selangor. Malaysia,0,0,0,0,0,0,1,2022-03-21T06:36:24.7683801Z,0
3.4833,101.24919,Daerah: Kuala Selangor<br>No:102<br>Hex coord:(11;7),Kuala Selangor. Selangor. Malaysia,0,0,0,0,0,0,1,2022-03-21T06:36:25.6166664Z,0
3.49108,101.26268,Daerah: Kuala Selangor<br>No:103<br>Hex coord:(12;7),Kuala Selangor. Selangor. Malaysia,0,0,0,0,0,0,1,2022-03-21T06:36:26.3745379Z,0
3.4833,101.27617,Daerah: Kuala Selangor<br>No:104<br>Hex coord:(13;7),Kuala Selangor. Selangor. Malaysia,0,0,0,0,0,0,1,2022-03-21T06:36:27.0991927Z,0
3.49108,101.28966,Daerah: Kuala Selangor<br>No:105<br>Hex coord:(14;7),Kuala Selangor. Selangor. Malaysia,0,0,0,0,0,0,1,2022-03-21T06:36:27.8079431Z,0
3.4833,101.30315,Daerah: Kuala Selangor<br>No:106<br>Hex coord:(15;7),Kuala Selangor. Selangor. Malaysia,0,0,0,0,0,0,1,2022-03-21T06:36:28.5312537Z,0
3.49108,101.31664,Daerah: Kuala Selangor<br>No:107<br>Hex coord:(16;7),Kuala Selangor. Selangor. Malaysia,0,0,0,0,0,0,1,2022-03-21T06:36:29.2532709Z,0
3.4833,101.33013,Daerah: Kuala Selangor<br>No:108<br>Hex coord:(17;7),Kuala Selangor. Selangor. Malaysia,0,0,0,0,0,0,1,2022-03-21T06:36:30.0122248Z,0
3.49108,101.34362,Daerah: Kuala Selangor<br>No:109<br>Hex coord:(18;7),Kuala Selangor. Selangor. Malaysia,0,0,0,0,0,0,1,2022-03-21T06:36:30.7415933Z,0
3.4833,101.35711,Daerah: Kuala Selangor<br>No:110<br>Hex coord:(19;7),Kuala Selangor. Selangor. Malaysia,0,0,0,0,0,0,1,2022-03-21T06:36:31.5063646Z,0
3.49108,101.3706,Daerah: Kuala Selangor<br>No:111<br>Hex coord:(20;7),Kuala Selangor. Selangor. Malaysia,0,0,0,0,0,0,1,2022-03-21T06:36:32.2643171Z,0
3.4833,101.38409,Daerah: Kuala Selangor<br>No:112<br>Hex coord:(21;7),Kuala Selangor. Selangor. Malaysia,0,0,0,0,0,0,1,2022-03-21T06:36:32.9982134Z,0
3.49108,101.39758,Daerah: Kuala Selangor<br>No:113<br>Hex coord:(22;7),Kuala Selangor. Selangor. Malaysia,0,0,0,0,0,0,1,2022-03-21T06:36:33.7381712Z,0
3.4833,101.41107,Daerah: Kuala Selangor<br>No:114<br>Hex coord:(23;7),Kuala Selangor. Selangor. Malaysia,0,0,0,0,0,0,1,2022-03-21T06:36:34.4685712Z,0
3.49108,101.42456,Daerah: Kuala Selangor<br>No:115<br>Hex coord:(24;7),Kuala Selangor. Selangor. Malaysia,0,0,0,0,0,0,1,2022-03-21T06:36:35.2000280Z,0
3.4833,101.43805,Daerah: Kuala Selangor<br>No:116<br>Hex coord:(25;7),Kuala Selangor. Selangor. Malaysia,0,0,0,0,0,0,1,2022-03-21T06:36:35.9316956Z,0
3.49108,101.45154,Daerah: Kuala Selangor<br>No:117<br>Hex coord:(26;7),B74. Kuala Selangor. Selangor. Malaysia,0,0,0,0,0,0,1,2022-03-21T06:36:37.6523319Z,0
3.4833,101.46503,Daerah: Kuala Selangor<br>No:118<br>Hex coord:(27;7),Kuala Selangor. Selangor. Malaysia,0,0,0,0,0,0,1,2022-03-21T06:36:38.3793102Z,0
3.46774,101.11429,Daerah: Kuala Selangor<br>No:119<br>Hex coord:(1;8),Jeti Nelayan Kampung Parit 3 Burong,0,0,0,0,0,0,1,2022-03-21T06:36:39.1356952Z,0
3.47552,101.12778,Daerah: Kuala Selangor<br>No:120<br>Hex coord:(2;8),Surau Parit 3. Jalan Parit 3. 45400. Selangor. Malaysia,3 ,0,0,0,0,0,1,2022-03-21T06:36:39.8612364Z,0
3.46774,101.14127,Daerah: Kuala Selangor<br>No:121<br>Hex coord:(3;8),Masjid Sungai Burung. Jalan Kuala Selangor - Teluk Intan. 45400. Selangor. Malaysia,11 ,0,0,0,0,0,1,2022-03-21T06:36:40.5798176Z,0
3.47552,101.15476,Daerah: Kuala Selangor<br>No:122<br>Hex coord:(4;8),Kuala Selangor. 45400. Selangor. Malaysia,0,0,0,0,0,0,1,2022-03-21T06:36:41.2982532Z,0
3.46774,101.16825,Daerah: Kuala Selangor<br>No:123<br>Hex coord:(5;8),Kuala Selangor. Selangor. Malaysia,16 ,0,0,0,0,0,1,2022-03-21T06:36:42.0191587Z,0
3.47552,101.18174,Daerah: Kuala Selangor<br>No:124<br>Hex coord:(6;8),Kuala Selangor. Selangor. Malaysia,19 ,0,0,0,0,0,1,2022-03-21T06:36:42.7531356Z,0
3.46774,101.19523,Daerah: Kuala Selangor<br>No:125<br>Hex coord:(7;8),Kuala Selangor. Selangor. Malaysia,2 ,0,0,0,0,0,1,2022-03-21T06:36:43.4679854Z,0
3.47552,101.20872,Daerah: Kuala Selangor<br>No:126<br>Hex coord:(8;8),Kuala Selangor. Selangor. Malaysia,3 ,0,0,0,0,0,1,2022-03-21T06:36:44.1947447Z,0
3.46774,101.22221,Daerah: Kuala Selangor<br>No:127<br>Hex coord:(9;8),Kuala Selangor. Selangor. Malaysia,14 ,0,0,0,0,0,1,2022-03-21T06:36:44.9383894Z,0
3.47552,101.2357,Daerah: Kuala Selangor<br>No:128<br>Hex coord:(10;8),Terusan Besar. Kuala Selangor. Malaysia,0,0,0,0,0,0,1,2022-03-21T06:36:45.7809723Z,0
3.46774,101.24919,Daerah: Kuala Selangor<br>No:129<br>Hex coord:(11;8),Kuala Selangor. Selangor. Malaysia,0,0,0,0,0,0,1,2022-03-21T06:36:46.5016847Z,0
3.47552,101.26268,Daerah: Kuala Selangor<br>No:130<br>Hex coord:(12;8),Kuala Selangor. Selangor. Malaysia,0,0,0,0,0,0,1,2022-03-21T06:36:47.2332129Z,0
3.46774,101.27617,Daerah: Kuala Selangor<br>No:131<br>Hex coord:(13;8),Kuala Selangor. Selangor. Malaysia,0,0,0,0,0,0,1,2022-03-21T06:36:47.9708002Z,0
3.47552,101.28966,Daerah: Kuala Selangor<br>No:132<br>Hex coord:(14;8),Kuala Selangor. Selangor. Malaysia,0,0,0,0,0,0,1,2022-03-21T06:36:48.7060292Z,0
3.46774,101.30315,Daerah: Kuala Selangor<br>No:133<br>Hex coord:(15;8),Kuala Selangor. Selangor. Malaysia,0,0,0,0,0,0,1,2022-03-21T06:36:49.5352613Z,0
3.47552,101.31664,Daerah: Kuala Selangor<br>No:134<br>Hex coord:(16;8),Kuala Selangor. Selangor. Malaysia,0,0,0,0,0,0,1,2022-03-21T06:36:50.3025863Z,0
3.46774,101.33013,Daerah: Kuala Selangor<br>No:135<br>Hex coord:(17;8),Kuala Selangor. Selangor. Malaysia,0,0,0,0,0,0,1,2022-03-21T06:36:51.0294071Z,0
3.47552,101.34362,Daerah: Kuala Selangor<br>No:136<br>Hex coord:(18;8),Kuala Selangor. Selangor. Malaysia,0,0,0,0,0,0,1,2022-03-21T06:36:52.7589576Z,0
3.46774,101.35711,Daerah: Kuala Selangor<br>No:137<br>Hex coord:(19;8),Kuala Selangor. Selangor. Malaysia,0,0,0,0,0,0,1,2022-03-21T06:36:53.4817268Z,0
3.47552,101.3706,Daerah: Kuala Selangor<br>No:138<br>Hex coord:(20;8),Kuala Selangor. Selangor. Malaysia,0,0,0,0,0,0,1,2022-03-21T06:36:54.1965714Z,0
3.46774,101.38409,Daerah: Kuala Selangor<br>No:139<br>Hex coord:(21;8),Kuala Selangor. Selangor. Malaysia,0,0,0,0,0,0,1,2022-03-21T06:36:54.9102344Z,0
3.47552,101.39758,Daerah: Kuala Selangor<br>No:140<br>Hex coord:(22;8),Kuala Selangor. Selangor. Malaysia,0,0,0,0,0,0,1,2022-03-21T06:36:55.6550181Z,0
3.46774,101.41107,Daerah: Kuala Selangor<br>No:141<br>Hex coord:(23;8),Kuala Selangor. Selangor. Malaysia,0,0,0,0,0,0,1,2022-03-21T06:36:56.3865787Z,0
3.47552,101.42456,Daerah: Kuala Selangor<br>No:142<br>Hex coord:(24;8),Kuala Selangor. Selangor. Malaysia,0,0,0,0,0,0,1,2022-03-21T06:36:57.2943779Z,0
3.46774,101.43805,Daerah: Kuala Selangor<br>No:143<br>Hex coord:(25;8),Kuala Selangor. Selangor. Malaysia,0,0,0,0,0,0,1,2022-03-21T06:36:58.0105827Z,0
3.47552,101.45154,Daerah: Kuala Selangor<br>No:144<br>Hex coord:(26;8),B74. Kuala Selangor. Selangor. Malaysia,0,0,0,0,0,0,1,2022-03-21T06:36:58.7373392Z,0
3.46774,101.46503,Daerah: Kuala Selangor<br>No:145<br>Hex coord:(27;8),Kuala Selangor. Selangor. Malaysia,0,0,0,0,0,0,1,2022-03-21T06:36:59.4440723Z,0
3.45996,101.12778,Daerah: Kuala Selangor<br>No:146<br>Hex coord:(2;9),Kuala Selangor. 45400. Selangor. Malaysia,12 ,0,0,0,0,0,1,2022-03-21T06:37:00.3001055Z,0
3.45218,101.14127,Daerah: Kuala Selangor<br>No:147<br>Hex coord:(3;9),Kuala Selangor. 45400. Selangor. Malaysia,11 ,0,0,0,0,0,1,2022-03-21T06:37:01.2478627Z,0
3.45996,101.15476,Daerah: Kuala Selangor<br>No:148<br>Hex coord:(4;9),Parit Satu. Kuala Selangor. Malaysia,2 ,0,0,0,0,0,1,2022-03-21T06:37:01.9628408Z,0
3.45218,101.16825,Daerah: Kuala Selangor<br>No:149<br>Hex coord:(5;9),Kuala Selangor. Selangor. Malaysia,25 ,0,0,0,0,0,1,2022-03-21T06:37:02.6931541Z,0
3.45996,101.18174,Daerah: Kuala Selangor<br>No:150<br>Hex coord:(6;9),Kuala Selangor. Selangor. Malaysia,4 ,0,0,0,0,0,1,2022-03-21T06:37:03.4331760Z,0
3.45218,101.19523,Daerah: Kuala Selangor<br>No:151<br>Hex coord:(7;9),Parit Satu. Tanjung Karang. Kuala Selangor. Malaysia,12 ,0,0,0,0,0,1,2022-03-21T06:37:04.1634737Z,0
3.45996,101.20872,Daerah: Kuala Selangor<br>No:152<br>Hex coord:(8;9),Kuala Selangor. Selangor. Malaysia,28 ,0,0,0,0,0,1,2022-03-21T06:37:04.9010615Z,0
3.45218,101.22221,Daerah: Kuala Selangor<br>No:153<br>Hex coord:(9;9),Kuala Selangor. Selangor. Malaysia,12 ,0,0,0,0,0,1,2022-03-21T06:37:05.6148417Z,0
3.45996,101.2357,Daerah: Kuala Selangor<br>No:154<br>Hex coord:(10;9),Kuala Selangor. Selangor. Malaysia,0,0,0,0,0,0,1,2022-03-21T06:37:06.3381484Z,0
3.45218,101.24919,Daerah: Kuala Selangor<br>No:155<br>Hex coord:(11;9),Kuala Selangor. Selangor. Malaysia,25 ,0,0,0,0,0,1,2022-03-21T06:37:07.1125077Z,0
3.45996,101.26268,Daerah: Kuala Selangor<br>No:156<br>Hex coord:(12;9),Kuala Selangor. Selangor. Malaysia,0,0,0,0,0,0,1,2022-03-21T06:37:07.8430457Z,0
3.45218,101.27617,Daerah: Kuala Selangor<br>No:157<br>Hex coord:(13;9),Kuala Selangor. Selangor. Malaysia,0,0,0,0,0,0,1,2022-03-21T06:37:09.5934251Z,0
3.45996,101.28966,Daerah: Kuala Selangor<br>No:158<br>Hex coord:(14;9),Kuala Selangor. Selangor. Malaysia,0,0,0,0,0,0,1,2022-03-21T06:37:10.3227955Z,0
3.45218,101.30315,Daerah: Kuala Selangor<br>No:159<br>Hex coord:(15;9),Kuala Selangor. Selangor. Malaysia,0,0,0,0,0,0,1,2022-03-21T06:37:11.0457156Z,0
3.45996,101.31664,Daerah: Kuala Selangor<br>No:160<br>Hex coord:(16;9),Kuala Selangor. Selangor. Malaysia,0,0,0,0,0,0,1,2022-03-21T06:37:11.7678089Z,0
3.45218,101.33013,Daerah: Kuala Selangor<br>No:161<br>Hex coord:(17;9),Kuala Selangor. Selangor. Malaysia,0,0,0,0,0,0,1,2022-03-21T06:37:12.5315648Z,0
3.45996,101.34362,Daerah: Kuala Selangor<br>No:162<br>Hex coord:(18;9),Kuala Selangor. Selangor. Malaysia,0,0,0,0,0,0,1,2022-03-21T06:37:13.2655441Z,0
3.45218,101.35711,Daerah: Kuala Selangor<br>No:163<br>Hex coord:(19;9),Kuala Selangor. Selangor. Malaysia,0,0,0,0,0,0,1,2022-03-21T06:37:13.9780673Z,0
3.45996,101.3706,Daerah: Kuala Selangor<br>No:164<br>Hex coord:(20;9),Kuala Selangor. Selangor. Malaysia,0,0,0,0,0,0,1,2022-03-21T06:37:14.7073510Z,0
3.45218,101.38409,Daerah: Kuala Selangor<br>No:165<br>Hex coord:(21;9),Kuala Selangor. 45600 Bestari Jaya. Selangor. Malaysia,0,0,0,0,0,0,1,2022-03-21T06:37:15.5127870Z,0
3.45996,101.39758,Daerah: Kuala Selangor<br>No:166<br>Hex coord:(22;9),Kuala Selangor. Selangor. Malaysia,0,0,0,0,0,0,1,2022-03-21T06:37:16.2455638Z,0
3.45218,101.41107,Daerah: Kuala Selangor<br>No:167<br>Hex coord:(23;9),Kuala Selangor. 45600 Bestari Jaya. Selangor. Malaysia,0,0,0,0,0,0,1,2022-03-21T06:37:16.9735039Z,0
3.45996,101.42456,Daerah: Kuala Selangor<br>No:168<br>Hex coord:(24;9),Kuala Selangor. Selangor. Malaysia,0,0,0,0,0,0,1,2022-03-21T06:37:17.6860727Z,0
3.45218,101.43805,Daerah: Kuala Selangor<br>No:169<br>Hex coord:(25;9),Kuala Selangor. 45600 Bestari Jaya. Selangor. Malaysia,0,0,0,0,0,0,1,2022-03-21T06:37:18.4306577Z,0
3.45996,101.45154,Daerah: Kuala Selangor<br>No:170<br>Hex coord:(26;9),B74. Bestari Jaya. Selangor. Malaysia,0,0,0,0,0,0,1,2022-03-21T06:37:19.1588225Z,0
3.43662,101.14127,Daerah: Kuala Selangor<br>No:171<br>Hex coord:(3;10),Kuala Selangor. Selangor. Malaysia,0,0,0,0,0,0,1,2022-03-21T06:37:19.8748610Z,0
3.4444,101.15476,Daerah: Kuala Selangor<br>No:172<br>Hex coord:(4;10),Kuala Selangor. Selangor. Malaysia,9 ,0,0,0,0,0,1,2022-03-21T06:37:20.6220907Z,0
3.43662,101.16825,Daerah: Kuala Selangor<br>No:173<br>Hex coord:(5;10),Lorong Menanti 1. Tanjung Karang. Selangor. Malaysia,26 ,0,0,0,0,0,1,2022-03-21T06:37:21.3571151Z,0
3.4444,101.18174,Daerah: Kuala Selangor<br>No:174<br>Hex coord:(6;10),Sungai Tengi. Tanjung Karang. Selangor. Malaysia,2 ,0,0,0,0,0,1,2022-03-21T06:37:22.0898848Z,0
3.43662,101.19523,Daerah: Kuala Selangor<br>No:175<br>Hex coord:(7;10),Kampung Sungai Tengi Kanan. Selangor. Malaysia,15 ,0,0,0,0,0,1,2022-03-21T06:37:22.8155530Z,0
3.4444,101.20872,Daerah: Kuala Selangor<br>No:176<br>Hex coord:(8;10),Kuala Selangor. Selangor. Malaysia,4 ,0,0,0,0,0,1,2022-03-21T06:37:23.5327967Z,0
3.43662,101.22221,Daerah: Kuala Selangor<br>No:177<br>Hex coord:(9;10),Kuala Selangor. Selangor. Malaysia,0,0,0,0,0,0,1,2022-03-21T06:37:24.2549116Z,0
3.4444,101.2357,Daerah: Kuala Selangor<br>No:178<br>Hex coord:(10;10),Futsal Court Sri Tiram. Tanjung Karang. Selangor. Malaysia,12 ,0,0,0,0,0,1,2022-03-21T06:37:24.9974725Z,0
3.43662,101.24919,Daerah: Kuala Selangor<br>No:179<br>Hex coord:(11;10),Taman Seri Tiram. Selangor. Malaysia,3 ,0,0,0,0,0,1,2022-03-21T06:37:25.7621704Z,0
3.4444,101.26268,Daerah: Kuala Selangor<br>No:180<br>Hex coord:(12;10),Kuala Selangor. Selangor. Malaysia,10 ,0,0,0,0,0,1,2022-03-21T06:37:26.4867642Z,0
3.43662,101.27617,Daerah: Kuala Selangor<br>No:181<br>Hex coord:(13;10),Kuala Selangor. Selangor. Malaysia,0,0,0,0,0,0,1,2022-03-21T06:37:27.2146660Z,0
3.4444,101.28966,Daerah: Kuala Selangor<br>No:182<br>Hex coord:(14;10),Kuala Selangor. Selangor. Malaysia,0,0,0,0,0,0,1,2022-03-21T06:37:27.9450358Z,0
3.43662,101.30315,Daerah: Kuala Selangor<br>No:183<br>Hex coord:(15;10),Kuala Selangor. Kampung Raja Musa. Selangor. Malaysia,0,0,0,0,0,0,1,2022-03-21T06:37:28.6671719Z,0
3.4444,101.31664,Daerah: Kuala Selangor<br>No:184<br>Hex coord:(16;10),Kuala Selangor. Kampung Raja Musa. Selangor. Malaysia,0,0,0,0,0,0,1,2022-03-21T06:37:29.3950564Z,0
3.43662,101.33013,Daerah: Kuala Selangor<br>No:185<br>Hex coord:(17;10),Kuala Selangor. Kampung Raja Musa. Selangor. Malaysia,0,0,0,0,0,0,1,2022-03-21T06:37:30.1255405Z,0
3.4444,101.34362,Daerah: Kuala Selangor<br>No:186<br>Hex coord:(18;10),Kuala Selangor. Selangor. Malaysia,0,0,0,0,0,0,1,2022-03-21T06:37:30.8788072Z,0
3.43662,101.35711,Daerah: Kuala Selangor<br>No:187<br>Hex coord:(19;10),Kuala Selangor. Malaysia,0,0,0,0,0,0,1,2022-03-21T06:37:31.7222274Z,0
3.4444,101.3706,Daerah: Kuala Selangor<br>No:188<br>Hex coord:(20;10),Kuala Selangor. Malaysia,0,0,0,0,0,0,1,2022-03-21T06:37:32.4418157Z,0
3.43662,101.38409,Daerah: Kuala Selangor<br>No:189<br>Hex coord:(21;10),Kuala Selangor. 45600 Bestari Jaya. Selangor. Malaysia,0,0,0,0,0,0,1,2022-03-21T06:37:33.1781814Z,0
3.4444,101.39758,Daerah: Kuala Selangor<br>No:190<br>Hex coord:(22;10),Kuala Selangor. 45600 Bestari Jaya. Selangor. Malaysia,0,0,0,0,0,0,1,2022-03-21T06:37:33.8919603Z,0
3.43662,101.41107,Daerah: Kuala Selangor<br>No:191<br>Hex coord:(23;10),Kampung Rantau Panjang. Selangor. Malaysia,0,0,0,0,0,0,1,2022-03-21T06:37:34.6164406Z,0
3.4444,101.42456,Daerah: Kuala Selangor<br>No:192<br>Hex coord:(24;10),Kampung Rantau Panjang. 45600. Selangor. Malaysia,0,0,0,0,0,0,1,2022-03-21T06:37:35.3324733Z,0
3.43662,101.43805,Daerah: Kuala Selangor<br>No:193<br>Hex coord:(25;10),Kuala Selangor. 45600 Bestari Jaya. Selangor. Malaysia,0,0,0,0,0,0,1,2022-03-21T06:37:36.0854739Z,0
3.4444,101.45154,Daerah: Kuala Selangor<br>No:194<br>Hex coord:(26;10),B74. Kampung Rantau Panjang. Selangor. Malaysia,2 ,0,0,0,0,0,1,2022-03-21T06:37:36.8206146Z,0
3.42884,101.15476,Daerah: Kuala Selangor<br>No:195<br>Hex coord:(4;11),Kuala Selangor. Selangor. Malaysia,22 ,0,0,0,0,0,1,2022-03-21T06:37:37.5582485Z,0
3.42106,101.16825,Daerah: Kuala Selangor<br>No:196<br>Hex coord:(5;11),Taman Mahsuri. Selangor. Malaysia,85 ,0,0,0,0,0,1,2022-03-21T06:37:38.2993274Z,0
3.42884,101.18174,Daerah: Kuala Selangor<br>No:197<br>Hex coord:(6;11),Taman Mahsuri. Selangor. Malaysia,73 ,0,0,0,0,0,1,2022-03-21T06:37:39.0249909Z,0
3.42106,101.19523,Daerah: Kuala Selangor<br>No:198<br>Hex coord:(7;11),Jalan SGG 7/2. Taman Mahsuri. Selangor. Malaysia,43 ,0,0,0,0,0,1,2022-03-21T06:37:39.7530026Z,0
3.42884,101.20872,Daerah: Kuala Selangor<br>No:199<br>Hex coord:(8;11),Tali Air Tiga. Tanjung Karang. Kuala Selangor. Malaysia,6 ,0,0,0,0,0,1,2022-03-21T06:37:40.4764509Z,0
3.42106,101.22221,Daerah: Kuala Selangor<br>No:200<br>Hex coord:(9;11),Kuala Selangor. Selangor. Malaysia,8 ,0,0,0,0,0,1,2022-03-21T06:37:41.1998190Z,0
3.42884,101.2357,Daerah: Kuala Selangor<br>No:201<br>Hex coord:(10;11),Sekolah Menengah Kebangsaan Tiram Jaya. Tanjung Karang. Selangor. Malaysia,5 ,0,0,0,0,0,1,2022-03-21T06:37:42.1235814Z,0
3.42106,101.24919,Daerah: Kuala Selangor<br>No:202<br>Hex coord:(11;11),Kuala Selangor. Selangor. Malaysia,11 ,0,0,0,0,0,1,2022-03-21T06:37:42.8533185Z,0
3.42884,101.26268,Daerah: Kuala Selangor<br>No:203<br>Hex coord:(12;11),Jalan Mawar. Kuala Selangor. Selangor. Malaysia,6 ,0,0,0,0,0,1,2022-03-21T06:37:43.5851761Z,0
3.42106,101.27617,Daerah: Kuala Selangor<br>No:204<br>Hex coord:(13;11),Kuala Selangor. Selangor. Malaysia,0,0,0,0,0,0,1,2022-03-21T06:37:44.3032258Z,0
3.42884,101.28966,Daerah: Kuala Selangor<br>No:205<br>Hex coord:(14;11),Kuala Selangor. Kampung Raja Musa. Selangor. Malaysia,0,0,0,0,0,0,1,2022-03-21T06:37:45.0318461Z,0
3.42106,101.30315,Daerah: Kuala Selangor<br>No:206<br>Hex coord:(15;11),Kuala Selangor. Selangor. Malaysia,0,0,0,0,0,0,1,2022-03-21T06:37:45.7486687Z,0
3.42884,101.31664,Daerah: Kuala Selangor<br>No:207<br>Hex coord:(16;11),Kuala Selangor. Kampung Raja Musa. Selangor. Malaysia,0,0,0,0,0,0,1,2022-03-21T06:37:47.4752333Z,0
3.42106,101.33013,Daerah: Kuala Selangor<br>No:208<br>Hex coord:(17;11),Raja Musa Malay Reservation. Kuala Selangor. Malaysia,0,0,0,0,0,0,1,2022-03-21T06:37:48.1936085Z,0
3.42884,101.34362,Daerah: Kuala Selangor<br>No:209<br>Hex coord:(18;11),Kuala Selangor. Kampung Raja Musa. Selangor. Malaysia,0,0,0,0,0,0,1,2022-03-21T06:37:48.9147619Z,0
3.42106,101.35711,Daerah: Kuala Selangor<br>No:210<br>Hex coord:(19;11),Kuala Selangor. Selangor. Malaysia,0,0,0,0,0,0,1,2022-03-21T06:37:50.6565003Z,0
3.42884,101.3706,Daerah: Kuala Selangor<br>No:211<br>Hex coord:(20;11),Kuala Selangor. Malaysia,0,0,0,0,0,0,1,2022-03-21T06:37:51.4621230Z,0
3.42106,101.38409,Daerah: Kuala Selangor<br>No:212<br>Hex coord:(21;11),Kuala Selangor. 45600. Selangor. Malaysia,0,0,0,0,0,0,1,2022-03-21T06:37:52.1948015Z,0
3.42884,101.39758,Daerah: Kuala Selangor<br>No:213<br>Hex coord:(22;11),Kuala Selangor. 45600 Bestari Jaya. Selangor. Malaysia,0,0,0,0,0,0,1,2022-03-21T06:37:52.9216303Z,0
3.42106,101.41107,Daerah: Kuala Selangor<br>No:214<br>Hex coord:(23;11),Kampung Rantau Panjang. Selangor. Malaysia,0,0,0,0,0,0,1,2022-03-21T06:37:53.6390085Z,0
3.42884,101.42456,Daerah: Kuala Selangor<br>No:215<br>Hex coord:(24;11),Kampung Rantau Panjang. 45600. Selangor. Malaysia,0,0,0,0,0,0,1,2022-03-21T06:37:54.3563018Z,0
3.42106,101.43805,Daerah: Kuala Selangor<br>No:216<br>Hex coord:(25;11),UNISEL Bestari Jaya. Jalan Timur Tambahan. Kampung Rantau Panjang. Selangor. Malaysia,18 ,0,0,0,0,0,1,2022-03-21T06:37:55.0866358Z,0
3.42884,101.45154,Daerah: Kuala Selangor<br>No:217<br>Hex coord:(26;11),Kampung Rantau Panjang. Selangor. Malaysia,9 ,0,0,0,0,0,1,2022-03-21T06:37:55.8672439Z,0
3.41328,101.15476,Daerah: Kuala Selangor<br>No:218<br>Hex coord:(4;12),Taman Mahsuri. Selangor. Malaysia,5 ,0,0,0,0,0,1,2022-03-21T06:37:56.5975398Z,0
3.4055,101.16825,Daerah: Kuala Selangor<br>No:219<br>Hex coord:(5;12),Taman Mahsuri. Selangor. Malaysia,9 ,0,0,0,0,0,1,2022-03-21T06:37:57.4269849Z,0
3.41328,101.18174,Daerah: Kuala Selangor<br>No:220<br>Hex coord:(6;12),Taman Mahsuri. Selangor. Malaysia,54 ,0,0,0,0,0,1,2022-03-21T06:37:58.1428612Z,0
3.4055,101.19523,Daerah: Kuala Selangor<br>No:221<br>Hex coord:(7;12),Ladang Banjar. Tanjung Karang. Kuala Selangor. Malaysia,19 ,0,0,0,0,0,1,2022-03-21T06:37:58.8863918Z,0
3.41328,101.20872,Daerah: Kuala Selangor<br>No:222<br>Hex coord:(8;12),Jalan Sungai Gulang-Gulang. Kuala Selangor. Selangor. Malaysia,13 ,0,0,0,0,0,1,2022-03-21T06:37:59.6183638Z,0
3.4055,101.22221,Daerah: Kuala Selangor<br>No:223<br>Hex coord:(9;12),Sungai Tunggol. Tanjung Karang. Kuala Selangor. Malaysia,1 ,0,0,0,0,0,1,2022-03-21T06:38:00.3341163Z,0
3.41328,101.2357,Daerah: Kuala Selangor<br>No:224<br>Hex coord:(10;12),Kuala Selangor. Selangor. Malaysia,2 ,0,0,0,0,0,1,2022-03-21T06:38:01.1943918Z,0
3.4055,101.24919,Daerah: Kuala Selangor<br>No:225<br>Hex coord:(11;12),Kuala Selangor Group of Estates. Kuala Selangor. Malaysia,0,0,0,0,0,0,1,2022-03-21T06:38:02.0748813Z,0
3.41328,101.26268,Daerah: Kuala Selangor<br>No:226<br>Hex coord:(12;12),Jalan Raja Musa. Kuala Selangor. Selangor. Malaysia,0,0,0,0,0,0,1,2022-03-21T06:38:02.8053205Z,0
3.4055,101.27617,Daerah: Kuala Selangor<br>No:227<br>Hex coord:(13;12),Jalan Bukit Belimbing. Kampung Tanjong Keramat. Selangor. Malaysia,8 ,0,0,0,0,0,1,2022-03-21T06:38:03.5224687Z,0
3.41328,101.28966,Daerah: Kuala Selangor<br>No:228<br>Hex coord:(14;12),Raja Musa Estate. Kuala Selangor. Malaysia,0,0,0,0,0,0,1,2022-03-21T06:38:04.2514203Z,0
3.4055,101.30315,Daerah: Kuala Selangor<br>No:229<br>Hex coord:(15;12),Jalan Kampung Lubuk Jaya. Kuala Selangor. Selangor. Malaysia,4 ,0,0,0,0,0,1,2022-03-21T06:38:04.9742117Z,0
3.41328,101.31664,Daerah: Kuala Selangor<br>No:230<br>Hex coord:(16;12),Masjid. Selangor. Malaysia,31 ,0,0,0,0,0,1,2022-03-21T06:38:05.6995647Z,0
3.4055,101.33013,Daerah: Kuala Selangor<br>No:231<br>Hex coord:(17;12),Jalan Raja Musa. Selangor. Malaysia,2 ,0,0,0,0,0,1,2022-03-21T06:38:06.4309350Z,0
3.41328,101.34362,Daerah: Kuala Selangor<br>No:232<br>Hex coord:(18;12),Kuala Selangor. Malaysia,1 ,0,0,0,0,0,1,2022-03-21T06:38:07.1704156Z,0
3.4055,101.35711,Daerah: Kuala Selangor<br>No:233<br>Hex coord:(19;12),Jalan Raja Musa. Kampung Sungai Darah. 45600. Selangor. Malaysia,0,0,0,0,0,0,1,2022-03-21T06:38:07.8994366Z,0
3.41328,101.3706,Daerah: Kuala Selangor<br>No:234<br>Hex coord:(20;12),Kuala Selangor. Malaysia,0,0,0,0,0,0,1,2022-03-21T06:38:08.6164093Z,0
3.4055,101.38409,Daerah: Kuala Selangor<br>No:235<br>Hex coord:(21;12),Kuala Selangor. 45600. Selangor. Malaysia,1 ,0,0,0,0,0,1,2022-03-21T06:38:10.3445609Z,0
3.41328,101.39758,Daerah: Kuala Selangor<br>No:236<br>Hex coord:(22;12),Kuala Selangor. 45600 Bestari Jaya. Selangor. Malaysia,1 ,0,0,0,0,0,1,2022-03-21T06:38:11.0737417Z,0
3.4055,101.41107,Daerah: Kuala Selangor<br>No:237<br>Hex coord:(23;12),Kampung Rantau Panjang. 45600. Selangor. Malaysia,16 ,0,0,0,0,0,1,2022-03-21T06:38:11.7912826Z,0
3.41328,101.42456,Daerah: Kuala Selangor<br>No:238<br>Hex coord:(24;12),Kampung Rantau Panjang. 45600. Selangor. Malaysia,0,0,0,0,0,0,1,2022-03-21T06:38:12.5159025Z,0
3.4055,101.43805,Daerah: Kuala Selangor<br>No:239<br>Hex coord:(25;12),Jalan Rantau Panjang Kiri. Kampung Rantau Panjang. Bestari Jaya. Selangor. Malaysia,7 ,0,0,0,0,0,1,2022-03-21T06:38:13.2497388Z,0
3.41328,101.45154,Daerah: Kuala Selangor<br>No:240<br>Hex coord:(26;12),Kampung Rantau Panjang. Selangor. Malaysia,5 ,0,0,0,0,0,1,2022-03-21T06:38:13.9737070Z,0
3.39772,101.18174,Daerah: Kuala Selangor<br>No:241<br>Hex coord:(6;13),Desa Mawar Leisure Park. Tanjung Karang. Selangor. Malaysia,17 ,0,0,0,0,0,1,2022-03-21T06:38:14.6957420Z,0
3.38994,101.19523,Daerah: Kuala Selangor<br>No:242<br>Hex coord:(7;13),MiniMart & Restaurant. Tanjung Karang. Kuala Selangor. Malaysia,18 ,0,0,0,0,0,1,2022-03-21T06:38:15.4104590Z,0
3.39772,101.20872,Daerah: Kuala Selangor<br>No:243<br>Hex coord:(8;13),Ladang Nazirabad. Tanjung Karang. Kuala Selangor. Malaysia,7 ,0,0,0,0,0,1,2022-03-21T06:38:16.1281862Z,0
3.38994,101.22221,Daerah: Kuala Selangor<br>No:244<br>Hex coord:(9;13),Jalan Kuala Selangor-Teluk Intan. Taman Intan. Selangor. Malaysia,6 ,0,0,0,0,0,1,2022-03-21T06:38:16.8528805Z,0
3.39772,101.2357,Daerah: Kuala Selangor<br>No:245<br>Hex coord:(10;13),Ladang Sungai Terap. Tanjung Karang. Kuala Selangor. Malaysia,0,0,0,0,0,0,1,2022-03-21T06:38:17.5700045Z,0
3.38994,101.24919,Daerah: Kuala Selangor<br>No:246<br>Hex coord:(11;13),Kampung Tanjong Keramat. 45000. Selangor. Malaysia,8 ,0,0,0,0,0,1,2022-03-21T06:38:18.2899002Z,0
3.39772,101.26268,Daerah: Kuala Selangor<br>No:247<br>Hex coord:(12;13),West Coast Expressway. Taman Intan. Selangor. Malaysia,0,0,0,0,0,0,1,2022-03-21T06:38:19.0133297Z,0
3.38994,101.27617,Daerah: Kuala Selangor<br>No:248<br>Hex coord:(13;13),Kuala Selangor. Selangor. Malaysia,22 ,0,0,0,0,0,1,2022-03-21T06:38:19.8537594Z,0
3.39772,101.28966,Daerah: Kuala Selangor<br>No:249<br>Hex coord:(14;13),Kuala Selangor. Selangor. Malaysia,0,0,0,0,0,0,1,2022-03-21T06:38:20.5696786Z,0
3.38994,101.30315,Daerah: Kuala Selangor<br>No:250<br>Hex coord:(15;13),Kuala Selangor. Selangor. Malaysia,1 ,0,0,0,0,0,1,2022-03-21T06:38:21.2885291Z,0
3.39772,101.31664,Daerah: Kuala Selangor<br>No:251<br>Hex coord:(16;13),Eng Hong Estate. Kuala Selangor. Malaysia,20 ,0,0,0,0,0,1,2022-03-21T06:38:22.0096750Z,0
3.38994,101.33013,Daerah: Kuala Selangor<br>No:252<br>Hex coord:(17;13),Sungai Selangor Estate. Kuala Selangor. Malaysia,0,0,0,0,0,0,1,2022-03-21T06:38:22.7466576Z,0
3.39772,101.34362,Daerah: Kuala Selangor<br>No:253<br>Hex coord:(18;13),Kuala Selangor. Selangor. Malaysia,1 ,0,0,0,0,0,1,2022-03-21T06:38:23.4648451Z,0
3.38994,101.35711,Daerah: Kuala Selangor<br>No:254<br>Hex coord:(19;13),Kuala Selangor. 45600. Selangor. Malaysia,0,0,0,0,0,0,1,2022-03-21T06:38:24.1790837Z,0
3.39772,101.3706,Daerah: Kuala Selangor<br>No:255<br>Hex coord:(20;13),Kuala Selangor. Malaysia,0,0,0,0,0,0,1,2022-03-21T06:38:24.8983778Z,0
3.38994,101.38409,Daerah: Kuala Selangor<br>No:256<br>Hex coord:(21;13),Sungai Tebing Tinggi. Kuala Selangor. Malaysia,0,0,0,0,0,0,1,2022-03-21T06:38:25.6065380Z,0
3.39772,101.39758,Daerah: Kuala Selangor<br>No:257<br>Hex coord:(22;13),Tennamaram Estate. Bestari Jaya. Kuala Selangor. Malaysia,4 ,0,0,0,0,0,1,2022-03-21T06:38:26.3369489Z,0
3.38994,101.41107,Daerah: Kuala Selangor<br>No:258<br>Hex coord:(23;13),Jalan Raja Musa. Taman Seri Indah. 45600. Selangor. Malaysia,5 ,0,0,0,0,0,1,2022-03-21T06:38:27.0627620Z,0
3.39772,101.42456,Daerah: Kuala Selangor<br>No:259<br>Hex coord:(24;13),HORAS 600 (Hybrid Off River Augmentation System). Jalan Timur Tambahan. Kampung Rantau Panjang. 45600. Selangor. Malaysia,1 ,0,0,0,0,0,1,2022-03-21T06:38:27.7896756Z,0
3.38994,101.43805,Daerah: Kuala Selangor<br>No:260<br>Hex coord:(25;13),Kampung Sungai Darah. 45600 Bestari Jaya. Selangor. Malaysia,12 ,0,0,0,0,0,1,2022-03-21T06:38:28.6177978Z,0
3.38216,101.18174,Daerah: Kuala Selangor<br>No:261<br>Hex coord:(6;14),Kuala Selangor. Bagan Pasir. Selangor. Malaysia,1 ,0,0,0,0,0,1,2022-03-21T06:38:29.3665681Z,0
3.37438,101.19523,Daerah: Kuala Selangor<br>No:262<br>Hex coord:(7;14),Kuala Selangor. Selangor. Malaysia,1 ,0,0,0,0,0,1,2022-03-21T06:38:30.0889600Z,0
3.38216,101.20872,Daerah: Kuala Selangor<br>No:263<br>Hex coord:(8;14),Taman Intan. Selangor. Malaysia,9 ,0,0,0,0,0,1,2022-03-21T06:38:30.8089621Z,0
3.37438,101.22221,Daerah: Kuala Selangor<br>No:264<br>Hex coord:(9;14),Taman Intan. Selangor. Malaysia,16 ,0,0,0,0,0,1,2022-03-21T06:38:31.5298627Z,0
3.38216,101.2357,Daerah: Kuala Selangor<br>No:265<br>Hex coord:(10;14),Rizab Melayu Ujong Permatang. Kuala Selangor. Malaysia,29 ,0,0,0,0,0,1,2022-03-21T06:38:32.2753877Z,0
3.37438,101.24919,Daerah: Kuala Selangor<br>No:266<br>Hex coord:(11;14),Taman Intan. Selangor. Malaysia,23 ,0,0,0,0,0,1,2022-03-21T06:38:33.0049512Z,0
3.38216,101.26268,Daerah: Kuala Selangor<br>No:267<br>Hex coord:(12;14),Bukit Belimbing. Kuala Selangor. Malaysia,6 ,0,0,0,0,0,1,2022-03-21T06:38:33.7161748Z,0
3.37438,101.27617,Daerah: Kuala Selangor<br>No:268<br>Hex coord:(13;14),Kampung Tanjong Keramat. Selangor. Malaysia,11 ,0,0,0,0,0,1,2022-03-21T06:38:34.4344608Z,0
3.38216,101.28966,Daerah: Kuala Selangor<br>No:269<br>Hex coord:(14;14),Sungai Bukit Belimbing. Kuala Selangor. Malaysia,1 ,0,0,0,0,0,1,2022-03-21T06:38:35.1782493Z,0
3.37438,101.30315,Daerah: Kuala Selangor<br>No:270<br>Hex coord:(15;14),Kuala Selangor. Selangor. Malaysia,1 ,0,0,0,0,0,1,2022-03-21T06:38:35.8802006Z,0
3.38216,101.31664,Daerah: Kuala Selangor<br>No:271<br>Hex coord:(16;14),Sungai Kampong Lubok. Kuala Selangor. Malaysia,1 ,0,0,0,0,0,1,2022-03-21T06:38:36.5941752Z,0
3.37438,101.33013,Daerah: Kuala Selangor<br>No:272<br>Hex coord:(17;14),Tanjong Putus. Kuala Selangor. Malaysia,0,0,0,0,0,0,1,2022-03-21T06:38:37.3198591Z,0
3.38216,101.34362,Daerah: Kuala Selangor<br>No:273<br>Hex coord:(18;14),Kuala Selangor. Selangor. Malaysia,0,0,0,0,0,0,1,2022-03-21T06:38:38.0546495Z,0
3.37438,101.35711,Daerah: Kuala Selangor<br>No:274<br>Hex coord:(19;14),Kuala Selangor. 45600. Selangor. Malaysia,1 ,0,0,0,0,0,1,2022-03-21T06:38:38.7957320Z,0
3.38216,101.3706,Daerah: Kuala Selangor<br>No:275<br>Hex coord:(20;14),Tanjong Pasir Estate. Kuala Selangor. Malaysia,0,0,0,0,0,0,1,2022-03-21T06:38:39.5157608Z,0
3.37438,101.38409,Daerah: Kuala Selangor<br>No:276<br>Hex coord:(21;14),Taman Seri Indah. 45600. Selangor. Malaysia,22 ,0,0,0,0,0,1,2022-03-21T06:38:40.2382094Z,0
3.38216,101.39758,Daerah: Kuala Selangor<br>No:277<br>Hex coord:(22;14),SMT Kuala Selangor. Jalan Seri Indah 2. Taman Seri Indah. 45600. Selangor. Malaysia,25 ,0,0,0,0,0,1,2022-03-21T06:38:40.9553046Z,0
3.37438,101.41107,Daerah: Kuala Selangor<br>No:278<br>Hex coord:(23;14),Taman Seri Indah. 45600. Selangor. Malaysia,42 ,0,0,0,0,0,1,2022-03-21T06:38:41.6773086Z,0
3.38216,101.42456,Daerah: Kuala Selangor<br>No:279<br>Hex coord:(24;14),sya. Bestari Jaya. Selangor. Malaysia,11 ,0,0,0,0,0,1,2022-03-21T06:38:42.3926132Z,0
3.37438,101.43805,Daerah: Kuala Selangor<br>No:280<br>Hex coord:(25;14),Kampung Sungai Darah. 45600. Selangor. Malaysia,0,0,0,0,0,0,1,2022-03-21T06:38:43.1244690Z,0
3.3666,101.18174,Daerah: Kuala Selangor<br>No:281<br>Hex coord:(6;15),Sungai Tunggol,0,0,0,0,0,0,1,2022-03-21T06:38:43.8570103Z,0
3.35882,101.19523,Daerah: Kuala Selangor<br>No:282<br>Hex coord:(7;15),Sungai Pak Kalong,0,0,0,0,0,0,1,2022-03-21T06:38:44.5849159Z,0
3.3666,101.20872,Daerah: Kuala Selangor<br>No:283<br>Hex coord:(8;15),Jalan Sungai Terap. Taman Intan. Selangor. Malaysia,0,0,0,0,0,0,1,2022-03-21T06:38:45.3051245Z,0
3.35882,101.22221,Daerah: Kuala Selangor<br>No:284<br>Hex coord:(9;15),Sungai Ular. Kuala Selangor. Malaysia,5 ,0,0,0,0,0,1,2022-03-21T06:38:46.0227215Z,0
3.3666,101.2357,Daerah: Kuala Selangor<br>No:285<br>Hex coord:(10;15),Cendol Durian Borhan. Jalan Kuala Selangor - Teluk Intan. 45000 Kuala Selangor. Selangor. Malaysia,1 ,0,0,0,0,0,1,2022-03-21T06:38:46.7618597Z,0
3.35882,101.24919,Daerah: Kuala Selangor<br>No:286<br>Hex coord:(11;15),Jalan Kuala Selangor-Teluk Intan. Kampung Tanjong Keramat. 45000. Selangor. Malaysia,41 ,0,0,0,0,0,1,2022-03-21T06:38:47.7856736Z,0
3.3666,101.26268,Daerah: Kuala Selangor<br>No:287<br>Hex coord:(12;15),Sungai Telok Penyamun. Kuala Selangor. Malaysia,2 ,0,0,0,0,0,1,2022-03-21T06:38:48.6164113Z,0
3.35882,101.27617,Daerah: Kuala Selangor<br>No:288<br>Hex coord:(13;15),Kampung Teluk Penyamun. 45000. Selangor. Malaysia,2 ,0,0,0,0,0,1,2022-03-21T06:38:49.3332302Z,0
3.3666,101.28966,Daerah: Kuala Selangor<br>No:289<br>Hex coord:(14;15),Kuala Selangor. 45000. Selangor. Malaysia,0,0,0,0,0,0,1,2022-03-21T06:38:50.0831868Z,0
3.35882,101.30315,Daerah: Kuala Selangor<br>No:290<br>Hex coord:(15;15),Kuala Selangor. 45500. Selangor. Malaysia,27 ,0,0,0,0,0,1,2022-03-21T06:38:51.0051569Z,0
3.3666,101.31664,Daerah: Kuala Selangor<br>No:291<br>Hex coord:(16;15),Tanjong Labak. Kuala Selangor. Malaysia,2 ,0,0,0,0,0,1,2022-03-21T06:38:51.7453849Z,0
3.35882,101.33013,Daerah: Kuala Selangor<br>No:292<br>Hex coord:(17;15),Tanjong Putus. Kuala Selangor. Malaysia,12 ,0,0,0,0,0,1,2022-03-21T06:38:52.4673765Z,0
3.3666,101.34362,Daerah: Kuala Selangor<br>No:293<br>Hex coord:(18;15),Kuala Selangor. Selangor. Malaysia,2 ,0,0,0,0,0,1,2022-03-21T06:38:53.1908985Z,0
3.35882,101.35711,Daerah: Kuala Selangor<br>No:294<br>Hex coord:(19;15),Kuala Selangor. 45600. Selangor. Malaysia,0,0,0,0,0,0,1,2022-03-21T06:38:53.9372556Z,0
3.3666,101.3706,Daerah: Kuala Selangor<br>No:295<br>Hex coord:(20;15),Tanjong Rambai. Kuala Selangor. Malaysia,4 ,0,0,0,0,0,1,2022-03-21T06:38:54.9093461Z,0
3.35882,101.38409,Daerah: Kuala Selangor<br>No:296<br>Hex coord:(21;15),Taman Seri Indah. 45600. Selangor. Malaysia,0,0,0,0,0,0,1,2022-03-21T06:38:55.6468462Z,0
3.3666,101.39758,Daerah: Kuala Selangor<br>No:297<br>Hex coord:(22;15),Taman Seri Indah. 45600. Selangor. Malaysia,1 ,0,0,0,0,0,1,2022-03-21T06:38:56.4574160Z,0
3.35882,101.41107,Daerah: Kuala Selangor<br>No:298<br>Hex coord:(23;15),Jalan Bukit Badong. Taman Ijok Jaya Seksyen 1. 45600. Selangor. Malaysia,5 ,0,0,0,0,0,1,2022-03-21T06:38:57.1862092Z,0
3.3666,101.42456,Daerah: Kuala Selangor<br>No:299<br>Hex coord:(24;15),45600 Kampung Jaya Setia. Selangor. Malaysia,22 ,0,0,0,0,0,1,2022-03-21T06:38:57.9209852Z,0
3.35882,101.43805,Daerah: Kuala Selangor<br>No:300<br>Hex coord:(25;15),Kampung Sungai Darah. 45600. Selangor. Malaysia,0,0,0,0,0,0,1,2022-03-21T06:38:58.6706372Z,0
3.35104,101.20872,Daerah: Kuala Selangor<br>No:301<br>Hex coord:(8;16),Hutan Rizab Banjar Utara,0,0,0,0,0,0,1,2022-03-21T06:38:59.4375338Z,0
3.34326,101.22221,Daerah: Kuala Selangor<br>No:302<br>Hex coord:(9;16),Kampung Tanjong Keramat. Selangor. Malaysia,0,0,0,0,0,0,1,2022-03-21T06:39:00.1718710Z,0
3.35104,101.2357,Daerah: Kuala Selangor<br>No:303<br>Hex coord:(10;16),Kuala Selangor Fort. Kuala Selangor. Malaysia,10 ,0,0,0,0,0,1,2022-03-21T06:39:00.8854969Z,0
3.34326,101.24919,Daerah: Kuala Selangor<br>No:304<br>Hex coord:(11;16),Taman Melawati. Selangor. Malaysia,73 ,0,0,0,0,0,1,2022-03-21T06:39:01.6156178Z,0
3.35104,101.26268,Daerah: Kuala Selangor<br>No:305<br>Hex coord:(12;16),Kampung Sepakat. 45000. Selangor. Malaysia,6 ,0,0,0,0,0,1,2022-03-21T06:39:02.3383306Z,0
3.34326,101.27617,Daerah: Kuala Selangor<br>No:306<br>Hex coord:(13;16),Kampung Sepakat. Selangor. Malaysia,21 ,0,0,0,0,0,1,2022-03-21T06:39:03.0673991Z,0
3.35104,101.28966,Daerah: Kuala Selangor<br>No:307<br>Hex coord:(14;16),Jalan Rawang. Kampung Teluk Penyamun. 45000. Selangor. Malaysia,5 ,0,0,0,0,0,1,2022-03-21T06:39:03.7857600Z,0
3.34326,101.30315,Daerah: Kuala Selangor<br>No:308<br>Hex coord:(15;16),Kampong Kuatan Estate. Kuala Selangor. Malaysia,4 ,0,0,0,0,0,1,2022-03-21T06:39:04.5209727Z,0
3.35104,101.31664,Daerah: Kuala Selangor<br>No:309<br>Hex coord:(16;16),Kuala Selangor. Malaysia,0,0,0,0,0,0,1,2022-03-21T06:39:05.2365542Z,0
3.34326,101.33013,Daerah: Kuala Selangor<br>No:310<br>Hex coord:(17;16),Kuala Selangor. Selangor. Malaysia,0,0,0,0,0,0,1,2022-03-21T06:39:05.9467000Z,0
3.35104,101.34362,Daerah: Kuala Selangor<br>No:311<br>Hex coord:(18;16),Kempsey Estate. Kuala Selangor. Malaysia,0,0,0,0,0,0,1,2022-03-21T06:39:06.6778431Z,0
3.34326,101.35711,Daerah: Kuala Selangor<br>No:312<br>Hex coord:(19;16),West Coast Expressway. Kampung Bukit Badong. 45500. Selangor. Malaysia,0,0,0,0,0,0,1,2022-03-21T06:39:07.5326157Z,0
3.35104,101.3706,Daerah: Kuala Selangor<br>No:313<br>Hex coord:(20;16),Jany Estate. Kuala Selangor. Malaysia,0,0,0,0,0,0,1,2022-03-21T06:39:08.2446538Z,0
3.34326,101.38409,Daerah: Kuala Selangor<br>No:314<br>Hex coord:(21;16),Sungai Rawang. Kuala Selangor. Malaysia,0,0,0,0,0,0,1,2022-03-21T06:39:09.0991133Z,0
3.35104,101.39758,Daerah: Kuala Selangor<br>No:315<br>Hex coord:(22;16),Jawa Selangor Estate. Kuala Selangor. Malaysia,0,0,0,0,0,0,1,2022-03-21T06:39:09.8328073Z,0
3.34326,101.41107,Daerah: Kuala Selangor<br>No:316<br>Hex coord:(23;16),Masjid Ar - Rahman. Jalan Bukit Badong. 46000 Bestari Jaya. Selangor. Malaysia,39 ,0,0,0,0,0,1,2022-03-21T06:39:11.5601174Z,0
3.35104,101.42456,Daerah: Kuala Selangor<br>No:317<br>Hex coord:(24;16),Kampung Bukit Badong. Selangor. Malaysia,1 ,0,0,0,0,0,1,2022-03-21T06:39:12.2965160Z,0
3.34326,101.43805,Daerah: Kuala Selangor<br>No:318<br>Hex coord:(25;16),Bukit Badong Water Treatment Plant. Jalan Warisan. Taman Ijok Jaya Seksyen 1. 48100. Selangor. Malaysia,0,0,0,0,0,0,1,2022-03-21T06:39:13.0412266Z,0
3.33548,101.2357,Daerah: Kuala Selangor<br>No:319<br>Hex coord:(10;17),Kuala Selangor Nature Park. Jalan Kota. Taman Melawati. 45000. Selangor. Malaysia,0,0,0,0,0,0,1,2022-03-21T06:39:13.7781692Z,0
3.3277,101.24919,Daerah: Kuala Selangor<br>No:320<br>Hex coord:(11;17),Jalan Kemajuan. Bandar Baharu Malawati. 45000 Kuala Selangor. Selangor. Malaysia,112 ,0,0,0,0,0,1,2022-03-21T06:39:14.5236342Z,0
3.33548,101.26268,Daerah: Kuala Selangor<br>No:321<br>Hex coord:(12;17),Sea Lion Firefly Concept Hotel. 21 Jalan Seri Temenggung 3. Kuala Selangor. Selangor. Malaysia,102 ,0,0,0,0,0,1,2022-03-21T06:39:15.3559184Z,0
3.3277,101.27617,Daerah: Kuala Selangor<br>No:322<br>Hex coord:(13;17),森林餐厅 - Xing's Restaurant. 17 Jalan Medan Niaga 7. 45000 Kuala Selangor. Selangor. Malaysia,44 ,0,0,0,0,0,1,2022-03-21T06:39:16.0740027Z,0
3.33548,101.28966,Daerah: Kuala Selangor<br>No:323<br>Hex coord:(14;17),Lapanutan Estate. Kuala Selangor. Malaysia,0,0,0,0,0,0,1,2022-03-21T06:39:16.7936030Z,0
3.3277,101.30315,Daerah: Kuala Selangor<br>No:324<br>Hex coord:(15;17),Kuala Selangor. Malaysia,0,0,0,0,0,0,1,2022-03-21T06:39:17.4937407Z,0
3.33548,101.31664,Daerah: Kuala Selangor<br>No:325<br>Hex coord:(16;17),Kuala Selangor Estate. Kuala Selangor. Malaysia,0,0,0,0,0,0,1,2022-03-21T06:39:18.2111473Z,0
3.3277,101.33013,Daerah: Kuala Selangor<br>No:326<br>Hex coord:(17;17),Kuala Selangor. Selangor. Malaysia,0,0,0,0,0,0,1,2022-03-21T06:39:18.9348253Z,0
3.33548,101.34362,Daerah: Kuala Selangor<br>No:327<br>Hex coord:(18;17),Rosevale Estate. Kuala Selangor. Malaysia,0,0,0,0,0,0,1,2022-03-21T06:39:19.6583342Z,0
3.3277,101.35711,Daerah: Kuala Selangor<br>No:328<br>Hex coord:(19;17),Kuala Selangor. 48100 Ijok. Selangor. Malaysia,0,0,0,0,0,0,1,2022-03-21T06:39:20.3637145Z,0
3.33548,101.3706,Daerah: Kuala Selangor<br>No:329<br>Hex coord:(20;17),West Coast Expressway. Kampung Ijok. 45500. Selangor. Malaysia,0,0,0,0,0,0,1,2022-03-21T06:39:21.0885752Z,0
3.3277,101.38409,Daerah: Kuala Selangor<br>No:330<br>Hex coord:(21;17),Jalan Saga. 45600 Kampung Masjid. Selangor. Malaysia,0,0,0,0,0,0,1,2022-03-21T06:39:21.8385144Z,0
3.33548,101.39758,Daerah: Kuala Selangor<br>No:331<br>Hex coord:(22;17),Kampung Bukit Badong. 45600. Selangor. Malaysia,8 ,0,0,0,0,0,1,2022-03-21T06:39:22.5728254Z,0
3.3277,101.41107,Daerah: Kuala Selangor<br>No:332<br>Hex coord:(23;17),Dewan Rafulin SK Bukit Badong. Batu 3 Jalan Bukit Badong. 45000 Kampung Masjid. Selangor. Malaysia,68 ,0,0,0,0,0,1,2022-03-21T06:39:23.2998464Z,0
3.33548,101.42456,Daerah: Kuala Selangor<br>No:333<br>Hex coord:(24;17),Taman Ijok Jaya Seksyen 1. 45600. Selangor. Malaysia,6 ,0,0,0,0,0,1,2022-03-21T06:39:24.0311405Z,0
3.3277,101.43805,Daerah: Kuala Selangor<br>No:334<br>Hex coord:(25;17),Hutan Simpan Bukit Badong. Kampung Masjid. Kuala Selangor. Malaysia,0,0,0,0,0,0,1,2022-03-21T06:39:24.7424840Z,0
3.31992,101.26268,Daerah: Kuala Selangor<br>No:335<br>Hex coord:(12;18),Lorong M.U 3C. Kuala Selangor. Selangor. Malaysia,242 ,0,0,0,0,0,1,2022-03-21T06:39:25.4872303Z,0
3.31214,101.27617,Daerah: Kuala Selangor<br>No:336<br>Hex coord:(13;18),Assam Jawa. 45000. Selangor. Malaysia,89 ,0,0,0,0,0,1,2022-03-21T06:39:26.2161532Z,0
3.31992,101.28966,Daerah: Kuala Selangor<br>No:337<br>Hex coord:(14;18),Assam Jawa. 45000. Selangor. Malaysia,8 ,0,0,0,0,0,1,2022-03-21T06:39:26.9282700Z,0
3.31214,101.30315,Daerah: Kuala Selangor<br>No:338<br>Hex coord:(15;18),Bukit Rotan. 45700. Selangor. Malaysia,13 ,0,0,0,0,0,1,2022-03-21T06:39:27.6598899Z,0
3.31992,101.31664,Daerah: Kuala Selangor<br>No:339<br>Hex coord:(16;18),Bukit Rotan. 45700. Selangor. Malaysia,0,0,0,0,0,0,1,2022-03-21T06:39:28.3728051Z,0
3.31214,101.33013,Daerah: Kuala Selangor<br>No:340<br>Hex coord:(17;18),Shalimar Estate. Kuala Selangor. Malaysia,0,0,0,0,0,0,1,2022-03-21T06:39:29.0964878Z,0
3.31992,101.34362,Daerah: Kuala Selangor<br>No:341<br>Hex coord:(18;18),Kuala Selangor. 48100 Ijok. Selangor. Malaysia,0,0,0,0,0,0,1,2022-03-21T06:39:29.8276838Z,0
3.31214,101.35711,Daerah: Kuala Selangor<br>No:342<br>Hex coord:(19;18),Bukit Rotan. 45700. Selangor. Malaysia,0,0,0,0,0,0,1,2022-03-21T06:39:30.5466271Z,0
3.31992,101.3706,Daerah: Kuala Selangor<br>No:343<br>Hex coord:(20;18),Raja Ghiri Estate. Kampung Masjid. Kuala Selangor. Malaysia,0,0,0,0,0,0,1,2022-03-21T06:39:31.2628491Z,0
3.31214,101.38409,Daerah: Kuala Selangor<br>No:344<br>Hex coord:(21;18),Kampung Ijok. Selangor. Malaysia,7 ,0,0,0,0,0,1,2022-03-21T06:39:31.9848498Z,0
3.31992,101.39758,Daerah: Kuala Selangor<br>No:345<br>Hex coord:(22;18),Taman Ijok Jaya Seksyen 1. 45600. Selangor. Malaysia,9 ,0,0,0,0,0,1,2022-03-21T06:39:32.7049919Z,0
3.31214,101.41107,Daerah: Kuala Selangor<br>No:346<br>Hex coord:(23;18),Taman Ijok Utama. Kampung Ijok. 48100 Kampung Masjid. Selangor. Malaysia,142 ,0,0,0,0,0,1,2022-03-21T06:39:33.4347560Z,0
3.31992,101.42456,Daerah: Kuala Selangor<br>No:347<br>Hex coord:(24;18),Taman Ijok Jaya Seksyen 1. 48100. Selangor. Malaysia,19 ,0,0,0,0,0,1,2022-03-21T06:39:34.1853707Z,0
3.30436,101.26268,Daerah: Kuala Selangor<br>No:348<br>Hex coord:(12;19),Sungai Banjar,0,0,0,0,0,0,1,2022-03-21T06:39:35.0458473Z,0
3.29658,101.27617,Daerah: Kuala Selangor<br>No:349<br>Hex coord:(13;19),Assam Jawa. 45000. Selangor. Malaysia,0,0,0,0,0,0,1,2022-03-21T06:39:35.7763847Z,0
3.30436,101.28966,Daerah: Kuala Selangor<br>No:350<br>Hex coord:(14;19),Assam Jawa. Selangor. Malaysia,26 ,0,0,0,0,0,1,2022-03-21T06:39:37.5051073Z,0
3.29658,101.30315,Daerah: Kuala Selangor<br>No:351<br>Hex coord:(15;19),Kampung Api-Api. 45700. Selangor. Malaysia,2 ,0,0,0,0,0,1,2022-03-21T06:39:38.2248797Z,0
3.30436,101.31664,Daerah: Kuala Selangor<br>No:352<br>Hex coord:(16;19),Bukit Rotan. 45700. Selangor. Malaysia,27 ,0,0,0,0,0,1,2022-03-21T06:39:39.1041224Z,0
3.29658,101.33013,Daerah: Kuala Selangor<br>No:353<br>Hex coord:(17;19),Bukit Rotan. 45700. Selangor. Malaysia,0,0,0,0,0,0,1,2022-03-21T06:39:39.8356891Z,0
3.30436,101.34362,Daerah: Kuala Selangor<br>No:354<br>Hex coord:(18;19),Jalan Kepong - Kuala Selangor. Assam Jawa. 45700. Selangor. Malaysia,1 ,0,0,0,0,0,1,2022-03-21T06:39:40.5578344Z,0
3.29658,101.35711,Daerah: Kuala Selangor<br>No:355<br>Hex coord:(19;19),Kampung Masjid. Kuala Selangor. Malaysia,0,0,0,0,0,0,1,2022-03-21T06:39:41.2907373Z,0
3.30436,101.3706,Daerah: Kuala Selangor<br>No:356<br>Hex coord:(20;19),Kampung Ijok. 45500. Selangor. Malaysia,1 ,0,0,0,0,0,1,2022-03-21T06:39:42.0390353Z,0
3.29658,101.38409,Daerah: Kuala Selangor<br>No:357<br>Hex coord:(21;19),Woodlake Estate. Kampung Masjid. Kuala Selangor. Malaysia,1 ,0,0,0,0,0,1,2022-03-21T06:39:42.7732246Z,0
3.30436,101.39758,Daerah: Kuala Selangor<br>No:358<br>Hex coord:(22;19),Taman Ijok Jaya Seksyen 1. Selangor. Malaysia,14 ,0,0,0,0,0,1,2022-03-21T06:39:43.5097436Z,0
3.29658,101.41107,Daerah: Kuala Selangor<br>No:359<br>Hex coord:(23;19),Taman Ijok Jaya Seksyen 1. 45620. Selangor. Malaysia,0,0,0,0,0,0,1,2022-03-21T06:39:44.3339935Z,0
3.30436,101.42456,Daerah: Kuala Selangor<br>No:360<br>Hex coord:(24;19),Jalan Kepong - Kuala Selangor. Taman Ijok Jaya Seksyen 1. 45620 Kampung Masjid. Selangor. Malaysia,12 ,0,0,0,0,0,1,2022-03-21T06:39:45.0661951Z,0
3.29658,101.43805,Daerah: Kuala Selangor<br>No:361<br>Hex coord:(25;19),Kuala Selangor Chinese Cemetery. Kampung Masjid. Selangor. Malaysia,1 ,0,0,0,0,0,1,2022-03-21T06:39:45.7769525Z,0
3.2888,101.28966,Daerah: Kuala Selangor<br>No:362<br>Hex coord:(14;20),Kampung Api-Api. 45700. Selangor. Malaysia,16 ,0,0,0,0,0,1,2022-03-21T06:39:46.4978038Z,0
3.28102,101.30315,Daerah: Kuala Selangor<br>No:363<br>Hex coord:(15;20),Kampung Api-Api. 45700. Selangor. Malaysia,27 ,0,0,0,0,0,1,2022-03-21T06:39:47.2177210Z,0
3.2888,101.31664,Daerah: Kuala Selangor<br>No:364<br>Hex coord:(16;20),Kampung Api-Api. 45700. Selangor. Malaysia,7 ,0,0,0,0,0,1,2022-03-21T06:39:47.9461213Z,0
3.28102,101.33013,Daerah: Kuala Selangor<br>No:365<br>Hex coord:(17;20),Rothiemay Estate. Kuala Selangor. Malaysia,7 ,0,0,0,0,0,1,2022-03-21T06:39:48.6676947Z,0
3.2888,101.34362,Daerah: Kuala Selangor<br>No:366<br>Hex coord:(18;20),Parit Chabang. Jeram. Kuala Selangor. Malaysia,0,0,0,0,0,0,1,2022-03-21T06:39:49.3881251Z,0
3.28102,101.35711,Daerah: Kuala Selangor<br>No:367<br>Hex coord:(19;20),Kampung Bukit Kuching. 45500. Selangor. Malaysia,19 ,0,0,0,0,0,1,2022-03-21T06:39:50.1134755Z,0
3.2888,101.3706,Daerah: Kuala Selangor<br>No:368<br>Hex coord:(20;20),Kampung Ijok. 45500. Selangor. Malaysia,16 ,0,0,0,0,0,1,2022-03-21T06:39:50.8597580Z,0
3.28102,101.38409,Daerah: Kuala Selangor<br>No:369<br>Hex coord:(21;20),Kampung Bukit Hijau. Selangor. Malaysia,17 ,0,0,0,0,0,1,2022-03-21T06:39:51.5857167Z,0
3.2888,101.39758,Daerah: Kuala Selangor<br>No:370<br>Hex coord:(22;20),Plaza Tol Ijok. Kampung Masjid. Selangor. Malaysia,1 ,0,0,0,0,0,1,2022-03-21T06:39:52.3117435Z,0
3.28102,101.41107,Daerah: Kuala Selangor<br>No:371<br>Hex coord:(23;20),Kuala Selangor. 48100 Ijok. Selangor. Malaysia,0,0,0,0,0,0,1,2022-03-21T06:39:53.0336404Z,0
3.2888,101.42456,Daerah: Kuala Selangor<br>No:372<br>Hex coord:(24;20),Lebuhraya LATAR. Kampung Masjid. Selangor. Malaysia,0,0,0,0,0,0,1,2022-03-21T06:39:53.7480785Z,0
3.28102,101.43805,Daerah: Kuala Selangor<br>No:373<br>Hex coord:(25;20),Bukit Mayong. Kampung Masjid. Kuala Selangor. Malaysia,1 ,0,0,0,0,0,1,2022-03-21T06:39:54.4856549Z,0
3.2888,101.45154,Daerah: Kuala Selangor<br>No:374<br>Hex coord:(26;20),Kuala Selangor. 45620. Selangor. Malaysia,0,0,0,0,0,0,1,2022-03-21T06:39:55.2048306Z,0
3.27324,101.28966,Daerah: Kuala Selangor<br>No:375<br>Hex coord:(14;21),Jalan pt 4. Kuala Selangor. Selangor. Malaysia,1 ,0,0,0,0,0,1,2022-03-21T06:39:55.9591879Z,0
3.26546,101.30315,Daerah: Kuala Selangor<br>No:376<br>Hex coord:(15;21),Kuala Sungai Buloh. 45700. Selangor. Malaysia,30 ,0,0,0,0,0,1,2022-03-21T06:39:56.7069151Z,0
3.27324,101.31664,Daerah: Kuala Selangor<br>No:377<br>Hex coord:(16;21),Braunston Estate. Kuala Selangor. Malaysia,0,0,0,0,0,0,1,2022-03-21T06:39:57.4215377Z,0
3.26546,101.33013,Daerah: Kuala Selangor<br>No:378<br>Hex coord:(17;21),Parit Gajah. Jeram. Kuala Selangor. Malaysia,23 ,0,0,0,0,0,1,2022-03-21T06:39:58.1331023Z,0
3.27324,101.34362,Daerah: Kuala Selangor<br>No:379<br>Hex coord:(18;21),Kampung Bukit Kuching. 45700 Jeram. Selangor. Malaysia,35 ,0,0,0,0,0,1,2022-03-21T06:39:58.8529949Z,0
3.26546,101.35711,Daerah: Kuala Selangor<br>No:380<br>Hex coord:(19;21),Jalan Rizab Haji Ali 1. Jeram. Selangor. Malaysia,24 ,0,0,0,0,0,1,2022-03-21T06:39:59.5963374Z,0
3.27324,101.3706,Daerah: Kuala Selangor<br>No:381<br>Hex coord:(20;21),Kampung Bukit Hijau. 42300. Selangor. Malaysia,33 ,0,0,0,0,0,1,2022-03-21T06:40:00.3225746Z,0
3.26546,101.38409,Daerah: Kuala Selangor<br>No:382<br>Hex coord:(21;21),Bukit Cherakah Malay Reservation. Jeram. Kuala Selangor. Malaysia,11 ,0,0,0,0,0,1,2022-03-21T06:40:01.2022634Z,0
3.27324,101.39758,Daerah: Kuala Selangor<br>No:383<br>Hex coord:(22;21),Kampung Bukit Hijau. 42300. Selangor. Malaysia,0,0,0,0,0,0,1,2022-03-21T06:40:01.9260917Z,0
3.26546,101.41107,Daerah: Kuala Selangor<br>No:384<br>Hex coord:(23;21),Bukit Ijok Estate. Kuala Selangor. Malaysia,0,0,0,0,0,0,1,2022-03-21T06:40:02.6513386Z,0
3.27324,101.42456,Daerah: Kuala Selangor<br>No:385<br>Hex coord:(24;21),Kampung Ijok. 42300 Bandar Puncak Alam. Selangor. Malaysia,0,0,0,0,0,0,1,2022-03-21T06:40:03.3692140Z,0
3.26546,101.43805,Daerah: Kuala Selangor<br>No:386<br>Hex coord:(25;21),Kampung Bukit Hijau. 42300 Bandar Puncak Alam. Selangor. Malaysia,7 ,0,0,0,0,0,1,2022-03-21T06:40:04.0891307Z,0
3.27324,101.45154,Daerah: Kuala Selangor<br>No:387<br>Hex coord:(26;21),UPP PULP & PAPER (M) SDN BHD. Lot 225. Batang Berjuntai. 45620. Selangor. Jalan Kuala Selangor. Ijok. 45600 Bestari Jaya. Selangor Jalan Platinum. 45620 Rawang. Selangor. Malaysia,1 ,0,0,0,0,0,1,2022-03-21T06:40:04.8277746Z,0
3.26546,101.46503,Daerah: Kuala Selangor<br>No:388<br>Hex coord:(27;21),Tuan Mee Estate. Rawang. Gombak. Malaysia,4 ,0,0,0,0,0,1,2022-03-21T06:40:05.5262919Z,0
3.27324,101.47852,Daerah: Kuala Selangor<br>No:389<br>Hex coord:(28;21),Kuang West Toll Plaza. Rawang. Selangor. Malaysia,80 ,0,0,0,0,0,1,2022-03-21T06:40:06.3827674Z,0
3.26546,101.49201,Daerah: Kuala Selangor<br>No:390<br>Hex coord:(29;21),Kuala Selangor. Selangor. Malaysia,1 ,0,0,0,0,0,1,2022-03-21T06:40:07.1072303Z,0
3.2499,101.30315,Daerah: Kuala Selangor<br>No:391<br>Hex coord:(15;22),Jalan Tok Wahid. Kuala Selangor. Selangor. Malaysia,17 ,0,0,0,0,0,1,2022-03-21T06:40:07.8414716Z,0
3.25768,101.31664,Daerah: Kuala Selangor<br>No:392<br>Hex coord:(16;22),SJK (C) Chung Wah. Sasaran. Kuala Selangor. Selangor. Malaysia,16 ,0,0,0,0,0,1,2022-03-21T06:40:08.5781418Z,0
3.2499,101.33013,Daerah: Kuala Selangor<br>No:393<br>Hex coord:(17;22),Kenny Estate. Kuala Selangor. Malaysia,3 ,0,0,0,0,0,1,2022-03-21T06:40:09.3261173Z,0
3.25768,101.34362,Daerah: Kuala Selangor<br>No:394<br>Hex coord:(18;22),Kampung Bukit Kuching. 45700. Selangor. Malaysia,24 ,0,0,0,0,0,1,2022-03-21T06:40:10.0684383Z,0
3.2499,101.35711,Daerah: Kuala Selangor<br>No:395<br>Hex coord:(19;22),Kampung Bukit Hijau. Selangor. Malaysia,2 ,0,0,0,0,0,1,2022-03-21T06:40:11.8004649Z,0
3.25768,101.3706,Daerah: Kuala Selangor<br>No:396<br>Hex coord:(20;22),Jalan Rizab Zazuli. Jeram. Selangor. Malaysia,14 ,0,0,0,0,0,1,2022-03-21T06:40:12.5732317Z,0
3.2499,101.38409,Daerah: Kuala Selangor<br>No:397<br>Hex coord:(21;22),Kampung Bukit Hijau. 42300. Selangor. Malaysia,12 ,0,0,0,0,0,1,2022-03-21T06:40:13.2973535Z,0
3.25768,101.39758,Daerah: Kuala Selangor<br>No:398<br>Hex coord:(22;22),Kampung Bukit Hijau. 42300. Selangor. Malaysia,5 ,0,0,0,0,0,1,2022-03-21T06:40:14.0181941Z,0
3.2499,101.41107,Daerah: Kuala Selangor<br>No:399<br>Hex coord:(23;22),Jalan Ambang Suria 16/13. Kuala Selangor. Selangor. Malaysia,25 ,0,0,0,0,0,1,2022-03-21T06:40:14.7562985Z,0
3.25768,101.42456,Daerah: Kuala Selangor<br>No:400<br>Hex coord:(24;22),Lorong Cindai - Jentayu. Kuala Selangor. Selangor. Malaysia,9 ,0,0,0,0,0,1,2022-03-21T06:40:15.4801217Z,0
3.2499,101.43805,Daerah: Kuala Selangor<br>No:401<br>Hex coord:(25;22),Kuala Selangor. 42300 Bandar Puncak Alam. Selangor. Malaysia,25 ,0,0,0,0,0,1,2022-03-21T06:40:16.3856880Z,0
3.25768,101.45154,Daerah: Kuala Selangor<br>No:402<br>Hex coord:(26;22),Jalan A.P. 2E/2. 42300 Kuala Selangor. Selangor. Malaysia,94 ,0,0,0,0,0,1,2022-03-21T06:40:17.1288037Z,0
3.2499,101.46503,Daerah: Kuala Selangor<br>No:403<br>Hex coord:(27;22),Kuala Selangor. 45620. Selangor. Malaysia,66 ,0,0,0,0,0,1,2022-03-21T06:40:17.8573912Z,0
3.25768,101.47852,Daerah: Kuala Selangor<br>No:404<br>Hex coord:(28;22),Kuala Selangor. Selangor. Malaysia,8 ,0,0,0,0,0,1,2022-03-21T06:40:19.5819241Z,0
3.2499,101.49201,Daerah: Kuala Selangor<br>No:405<br>Hex coord:(29;22),Kuala Selangor. 47000. Selangor. Malaysia,28 ,0,0,0,0,0,1,2022-03-21T06:40:20.3112453Z,0
3.23434,101.30315,Daerah: Kuala Selangor<br>No:406<br>Hex coord:(15;23),Bukit Jeram. 45000. Selangor. Malaysia,3 ,0,0,0,0,0,1,2022-03-21T06:40:21.0307569Z,0
3.24212,101.31664,Daerah: Kuala Selangor<br>No:407<br>Hex coord:(16;23),Bukit Jeram. Selangor. Malaysia,15 ,0,0,0,0,0,1,2022-03-21T06:40:21.9482736Z,0
3.23434,101.33013,Daerah: Kuala Selangor<br>No:408<br>Hex coord:(17;23),Simpang Tiga. 45800. Selangor. Malaysia,5 ,0,0,0,0,0,1,2022-03-21T06:40:22.6581212Z,0
3.24212,101.34362,Daerah: Kuala Selangor<br>No:409<br>Hex coord:(18;23),Bukit Jeram. Selangor. Malaysia,0,0,0,0,0,0,1,2022-03-21T06:40:23.3904337Z,0
3.23434,101.35711,Daerah: Kuala Selangor<br>No:410<br>Hex coord:(19;23),Jalan Mat Sah Estate. Kuala Selangor. Malaysia,0,0,0,0,0,0,1,2022-03-21T06:40:24.1139742Z,0
3.24212,101.3706,Daerah: Kuala Selangor<br>No:411<br>Hex coord:(20;23),Jalan 1 Rizab Balai Raya. Kampung Bukit Hijau. Jeram. Selangor. Malaysia,0,0,0,0,0,0,1,2022-03-21T06:40:24.8414748Z,0
3.23434,101.38409,Daerah: Kuala Selangor<br>No:412<br>Hex coord:(21;23),Bukit Cerakah. Kuala Selangor. Malaysia,1 ,0,0,0,0,0,1,2022-03-21T06:40:25.5785701Z,0
3.24212,101.39758,Daerah: Kuala Selangor<br>No:413<br>Hex coord:(22;23),Kampung Bukit Hijau. 42300. Selangor. Malaysia,23 ,0,0,0,0,0,1,2022-03-21T06:40:27.3039488Z,0
3.23434,101.41107,Daerah: Kuala Selangor<br>No:414<br>Hex coord:(23;23),Tadika Sayang Manja. 1 Jalan Alam Suria 16/24. 42300 Kuala Selangor. Selangor. Malaysia,299 ,0,0,0,0,0,1,2022-03-21T06:40:28.0424605Z,0
3.24212,101.42456,Daerah: Kuala Selangor<br>No:415<br>Hex coord:(24;23),Residensi Warnasari 2. Kuala Selangor. Selangor. Malaysia,271 ,0,0,0,0,0,1,2022-03-21T06:40:28.7696784Z,0
3.23434,101.43805,Daerah: Kuala Selangor<br>No:416<br>Hex coord:(25;23),Kedai Serbaneka Nt Puncak Alam Jaya. 38 Jalan Puncak Alam Jaya 14. 42300 Kuala Selangor. Selangor. Malaysia,34 ,0,0,0,0,0,1,2022-03-21T06:40:29.4915410Z,0
3.24212,101.45154,Daerah: Kuala Selangor<br>No:417<br>Hex coord:(26;23),Jalan Tiaj 2/3. Kuala Selangor. 42300 Bandar Puncak Alam. Selangor. Malaysia,28 ,0,0,0,0,0,1,2022-03-21T06:40:30.2091308Z,0
3.23434,101.46503,Daerah: Kuala Selangor<br>No:418<br>Hex coord:(27;23),Kuala Selangor. 42300. Selangor. Malaysia,17 ,0,0,0,0,0,1,2022-03-21T06:40:30.9390362Z,0
3.24212,101.47852,Daerah: Kuala Selangor<br>No:419<br>Hex coord:(28;23),Bandar Seri Coalfields. 47000. Selangor. Malaysia,73 ,0,0,0,0,0,1,2022-03-21T06:40:31.6694514Z,0
3.23434,101.49201,Daerah: Kuala Selangor<br>No:420<br>Hex coord:(29;23),Kuala Selangor. 47000 Sungai Buloh. Selangor. Malaysia,131 ,0,0,0,0,0,1,2022-03-21T06:40:32.4043276Z,0
3.22656,101.31664,Daerah: Kuala Selangor<br>No:421<br>Hex coord:(16;24),Bukit Jeram. 45800. Selangor. Malaysia,19 ,0,0,0,0,0,1,2022-03-21T06:40:33.1333005Z,0
3.21878,101.33013,Daerah: Kuala Selangor<br>No:422<br>Hex coord:(17;24),Simpang Tiga. 45800. Selangor. Malaysia,7 ,0,0,0,0,0,1,2022-03-21T06:40:33.8637685Z,0
3.22656,101.34362,Daerah: Kuala Selangor<br>No:423<br>Hex coord:(18;24),Simpang Tiga. Selangor. Malaysia,1 ,0,0,0,0,0,1,2022-03-21T06:40:34.5850391Z,0
3.21878,101.35711,Daerah: Kuala Selangor<br>No:424<br>Hex coord:(19;24),Simpang Tiga. Selangor. Malaysia,1 ,0,0,0,0,0,1,2022-03-21T06:40:35.3101800Z,0
3.22656,101.3706,Daerah: Kuala Selangor<br>No:425<br>Hex coord:(20;24),Kampung Bukit Hijau. Selangor. Malaysia,5 ,0,0,0,0,0,1,2022-03-21T06:40:37.0374295Z,0
3.21878,101.38409,Daerah: Kuala Selangor<br>No:426<br>Hex coord:(21;24),Guernsey Estate. Kuala Selangor. Malaysia,0,0,0,0,0,0,1,2022-03-21T06:40:37.7607909Z,0
3.22656,101.39758,Daerah: Kuala Selangor<br>No:427<br>Hex coord:(22;24),Bukit Cerakah Trail. Kampung Bukit Hijau. 42300. Selangor. Malaysia,0,0,0,0,0,0,1,2022-03-21T06:40:38.4798725Z,0
3.21878,101.41107,Daerah: Kuala Selangor<br>No:428<br>Hex coord:(23;24),Kampung Bukit Hijau. 42300. Selangor. Malaysia,1 ,0,0,0,0,0,1,2022-03-21T06:40:39.2064550Z,0
3.22656,101.42456,Daerah: Kuala Selangor<br>No:429<br>Hex coord:(24;24),Lorong Naluri Sukma 8/24. Kuala Selangor. Selangor. Malaysia,160 ,0,0,0,0,0,1,2022-03-21T06:40:39.9386462Z,0
3.21878,101.43805,Daerah: Kuala Selangor<br>No:430<br>Hex coord:(25;24),Lorong Mahkota Impian 2/31. Kuala Selangor. Selangor. Malaysia,51 ,0,0,0,0,0,1,2022-03-21T06:40:40.6832133Z,0
3.22656,101.45154,Daerah: Kuala Selangor<br>No:431<br>Hex coord:(26;24),Laluan 1210. Kuala Selangor. Selangor. Malaysia,58 ,0,0,0,0,0,1,2022-03-21T06:40:41.5232235Z,0
3.21878,101.46503,Daerah: Kuala Selangor<br>No:432<br>Hex coord:(27;24),Eco Grandeur. Selangor. Malaysia,127 ,0,0,0,0,0,1,2022-03-21T06:40:42.4154482Z,0
3.22656,101.47852,Daerah: Kuala Selangor<br>No:433<br>Hex coord:(28;24),Eco Grandeur. 42300 Bandar Puncak Alam. Selangor. Malaysia,45 ,0,0,0,0,0,1,2022-03-21T06:40:43.1315019Z,0
3.21878,101.49201,Daerah: Kuala Selangor<br>No:434<br>Hex coord:(29;24),Eco Grandeur. 42300 Bandar Puncak Alam. Selangor. Malaysia,45 ,0,0,0,0,0,1,2022-03-21T06:40:43.8475858Z,0
3.211,101.31664,Daerah: Kuala Selangor<br>No:435<br>Hex coord:(16;25),Sungai Sembilang. 45800. Selangor. Malaysia,6 ,0,0,0,0,0,1,2022-03-21T06:40:44.5972857Z,0
3.20322,101.33013,Daerah: Kuala Selangor<br>No:436<br>Hex coord:(17;25),Sungai Sembilang. 45800. Selangor. Malaysia,0,0,0,0,0,0,1,2022-03-21T06:40:45.3732177Z,0
3.211,101.34362,Daerah: Kuala Selangor<br>No:437<br>Hex coord:(18;25),Simpang Tiga. Selangor. Malaysia,0,0,0,0,0,0,1,2022-03-21T06:40:46.0977154Z,0
3.20322,101.35711,Daerah: Kuala Selangor<br>No:438<br>Hex coord:(19;25),Kuala Selangor. Selangor. Malaysia,0,0,0,0,0,0,1,2022-03-21T06:40:46.8038047Z,0
3.211,101.3706,Daerah: Kuala Selangor<br>No:439<br>Hex coord:(20;25),Jalan Bukit Kerayong. Kampung Bukit Hijau. Selangor. Malaysia,3 ,0,0,0,0,0,1,2022-03-21T06:40:47.5282616Z,0
3.20322,101.38409,Daerah: Kuala Selangor<br>No:440<br>Hex coord:(21;25),Bukit Cherakah Estate. Klang. Malaysia,0,0,0,0,0,0,1,2022-03-21T06:40:48.2419116Z,0
3.211,101.39758,Daerah: Kuala Selangor<br>No:441<br>Hex coord:(22;25),West Coast Expressway. Kampung Bukit Hijau. 42300. Selangor. Malaysia,7 ,0,0,0,0,0,1,2022-03-21T06:40:49.0030660Z,0
3.20322,101.41107,Daerah: Kuala Selangor<br>No:442<br>Hex coord:(23;25),Kampung Bukit Hijau. 42300. Selangor. Malaysia,17 ,0,0,0,0,0,1,2022-03-21T06:40:49.7193982Z,0
3.211,101.42456,Daerah: Kuala Selangor<br>No:443<br>Hex coord:(24;25),SMK Puncak Alam. Jalan Mahkota Impian 2/1. Kuala Selangor. 42300 Bandar Puncak Alam. Selangor. Malaysia,8 ,0,0,0,0,0,1,2022-03-21T06:40:50.4350909Z,0
3.20322,101.43805,Daerah: Kuala Selangor<br>No:444<br>Hex coord:(25;25),Qawwan. Kuala Selangor. Malaysia,26 ,0,0,0,0,0,1,2022-03-21T06:40:51.1785724Z,0
3.211,101.45154,Daerah: Kuala Selangor<br>No:445<br>Hex coord:(26;25),Bulatan Akademik. Kuala Selangor. Selangor. Malaysia,27 ,0,0,0,0,0,1,2022-03-21T06:40:51.9088063Z,0
3.20322,101.46503,Daerah: Kuala Selangor<br>No:446<br>Hex coord:(27;25),Persiaran Mokhtar Dahari. Sungai Buloh. Selangor. Malaysia,111 ,0,0,0,0,0,1,2022-03-21T06:40:52.6261690Z,0
3.211,101.47852,Daerah: Kuala Selangor<br>No:447<br>Hex coord:(28;25),Jalan Seri Pagi 1. Bandar Saujana Utama. 47000. Selangor. Malaysia,252 ,0,0,0,0,0,1,2022-03-21T06:40:53.3581639Z,0
3.20322,101.49201,Daerah: Kuala Selangor<br>No:448<br>Hex coord:(29;25),Bandar Saujana Utama. 47000. Selangor. Malaysia,115 ,0,0,0,0,0,1,2022-03-21T06:40:54.0957582Z,0
3.19544,101.31664,Daerah: Kuala Selangor<br>No:449<br>Hex coord:(16;26),Jalan Sungai Sembilang. Sungai Sembilang. 45800. Selangor. Malaysia,18 ,0,0,0,0,0,1,2022-03-21T06:40:54.9122394Z,0
3.18766,101.33013,Daerah: Kuala Selangor<br>No:450<br>Hex coord:(17;26),Athlone Estate. Kuala Selangor. Malaysia,0,0,0,0,0,0,1,2022-03-21T06:40:55.6598480Z,0
3.19544,101.34362,Daerah: Kuala Selangor<br>No:451<br>Hex coord:(18;26),Kuala Selangor. Selangor. Malaysia,0,0,0,0,0,0,1,2022-03-21T06:40:56.5478108Z,0
3.18766,101.35711,Daerah: Kuala Selangor<br>No:452<br>Hex coord:(19;26),Kuala Selangor. Selangor. Malaysia,0,0,0,0,0,0,1,2022-03-21T06:40:57.2738840Z,0
3.19544,101.3706,Daerah: Kuala Selangor<br>No:453<br>Hex coord:(20;26),JSL Leachate Treatment Plant. Selangor. Malaysia,1 ,0,0,0,0,0,1,2022-03-21T06:40:58.0083525Z,0
3.18766,101.38409,Daerah: Kuala Selangor<br>No:454<br>Hex coord:(21;26),Jalan Mohamed Ikram. Klang. Selangor. Malaysia,0,0,0,0,0,0,1,2022-03-21T06:40:58.7856277Z,0
3.19544,101.39758,Daerah: Kuala Selangor<br>No:455<br>Hex coord:(22;26),Jalan Bukit Kerayong. Klang. Selangor. Malaysia,23 ,0,0,0,0,0,1,2022-03-21T06:40:59.5060981Z,0
3.19544,101.42456,Daerah: Kuala Selangor<br>No:456<br>Hex coord:(24;26),Kuala Selangor. 42300 Bandar Puncak Alam. Selangor. Malaysia,14 ,0,0,0,0,0,1,2022-03-21T06:41:00.2318991Z,0
3.19544,101.45154,Daerah: Kuala Selangor<br>No:457<br>Hex coord:(26;26),Jalan Kolej. 42300 Kuala Selangor. Selangor. Malaysia,6 ,0,0,0,0,0,1,2022-03-21T06:41:00.9632388Z,0
3.19544,101.47852,Daerah: Kuala Selangor<br>No:458<br>Hex coord:(28;26),Bandar Saujana Utama. 47000. Selangor. Malaysia,43 ,0,0,0,0,0,1,2022-03-21T06:41:01.7009315Z,0
3.18766,101.49201,Daerah: Kuala Selangor<br>No:459<br>Hex coord:(29;26),Water Balancing Tank. Persiaran Shorea. Elmina. 40160 Shah Alam. Selangor. Malaysia,0,0,0,0,0,0,1,2022-03-21T06:41:02.4207265Z,0
3.17988,101.31664,Daerah: Kuala Selangor<br>No:460<br>Hex coord:(16;27),KM 26 SK Tambak Jawa. 45800. Selangor. Malaysia,8 ,0,0,0,0,0,1,2022-03-21T06:41:03.1448288Z,0
3.1721,101.33013,Daerah: Kuala Selangor<br>No:461<br>Hex coord:(17;27),Kampung Bagan Sungai Janggut. 45800. Selangor. Malaysia,4 ,0,0,0,0,0,1,2022-03-21T06:41:03.8633285Z,0
3.17988,101.34362,Daerah: Kuala Selangor<br>No:462<br>Hex coord:(18;27),SJK(T) Ladang Brafferton. Klang. Malaysia,0,0,0,0,0,0,1,2022-03-21T06:41:04.5775545Z,0