lat,lon,label,placename,weeklyactive,DENGUE,RABIES,ANIMAL_RABIES,MEASLES,HFMD,weight,timestamp,TB
3.18511,101.374373,Daerah: Klang<br>No:1<br>Hex coord:(13;0),Kilang Kelapa Sawit Bukit Kerayong Sime Darby. Jalan Bukit Kerayong. Selangor. Malaysia,0,0,0,0,0,0,1,2023-03-31T18:01:07.0587634Z,0
3.18511,101.401353,Daerah: Klang<br>No:2<br>Hex coord:(15;0),Klang. Klang Municipal Council. Selangor. Malaysia,0,0,0,0,0,0,1,2023-03-31T18:01:07.8663166Z,0
3.18511,101.428333,Daerah: Klang<br>No:3<br>Hex coord:(17;0),Lorong Kepunden. Klang. Selangor. Malaysia,0,0,0,0,0,0,1,2023-03-31T18:01:08.6641616Z,0
3.16955,101.347393,Daerah: Klang<br>No:4<br>Hex coord:(11;1),Brafferton Estate. Klang. Malaysia,0,0,0,0,0,0,1,2023-03-31T18:01:09.4769624Z,0
3.16955,101.374373,Daerah: Klang<br>No:5<br>Hex coord:(13;1),B1. Klang. Klang Municipal Council. Selangor. Malaysia,0,0,0,0,0,0,1,2023-03-31T18:01:10.2710969Z,0
3.17733,101.387863,Daerah: Klang<br>No:6<br>Hex coord:(14;1),Bukit Kerayong Estate. Klang. Malaysia,0,0,0,0,0,0,1,2023-03-31T18:01:11.0976535Z,0
3.16955,101.401353,Daerah: Klang<br>No:7<br>Hex coord:(15;1),Bukit Kapar. Klang. Malaysia,0,0,0,0,0,0,1,2023-03-31T18:01:12.0926643Z,0
3.17733,101.414843,Daerah: Klang<br>No:8<br>Hex coord:(16;1),Klang. 41050 KLANG Klang Municipal Council. Selangor. Malaysia,0,0,0,0,0,0,1,2023-03-31T18:01:12.8104977Z,0
3.16955,101.428333,Daerah: Klang<br>No:9<br>Hex coord:(17;1),Klang. 41050 KLANG Klang Municipal Council. Selangor. Malaysia,1,0,0,0,0,0,1,2023-03-31T18:01:13.5451685Z,3
3.17733,101.441823,Daerah: Klang<br>No:10<br>Hex coord:(18;1),Lorong Tangki Air. 41050 KLANG Klang. Selangor. Malaysia,0,0,0,0,0,0,1,2023-03-31T18:01:14.2957979Z,0
3.16955,101.455313,Daerah: Klang<br>No:11<br>Hex coord:(19;1),Jalan Bukit Cerakah 2. Klang. Selangor. Malaysia,0,0,0,0,0,0,1,2023-03-31T18:01:15.0955977Z,0
3.15399,101.320413,Daerah: Klang<br>No:12<br>Hex coord:(9;2),Deswell Packaging (M) Sdn. Bhd. lot 1261 batu 14. Jalan Kapar. Kampung Sungai Serdang. 45600 Kapar. Selangor Jalan Kapar - Kuala Selangor. Kapar. Selangor. Malaysia,0,0,0,0,0,0,1,2023-03-31T18:01:15.7717088Z,1
3.16177,101.333903,Daerah: Klang<br>No:13<br>Hex coord:(10;2),Jalan Sempadan BT. 14. 45800 Kapar. Selangor. Malaysia,0,0,0,0,0,0,1,2023-03-31T18:01:16.4568524Z,1
3.15399,101.347393,Daerah: Klang<br>No:14<br>Hex coord:(11;2),Sungai Serdang Estate. Kapar. Klang. Malaysia,0,0,0,0,0,0,1,2023-03-31T18:01:17.1472655Z,0
3.16177,101.360883,Daerah: Klang<br>No:15<br>Hex coord:(12;2),Eng Soon Estate. Klang. Malaysia,0,0,0,0,0,0,1,2023-03-31T18:01:17.8421410Z,0
3.15399,101.374373,Daerah: Klang<br>No:16<br>Hex coord:(13;2),Jalan Kampung Bukit Kerayong. Taman Khoo Kek Keng. 42200 Klang Municipal Council. Selangor. Malaysia,0,0,0,0,0,0,1,2023-03-31T18:01:18.5564618Z,1
3.16177,101.387863,Daerah: Klang<br>No:17<br>Hex coord:(14;2),Parit Jalan Ladang. Selangor. Malaysia,1,0,0,0,0,0,1,2023-03-31T18:01:19.2723195Z,0
3.15399,101.401353,Daerah: Klang<br>No:18<br>Hex coord:(15;2),West Coast Expressway. Klang. 42200 Klang Municipal Council. Selangor. Malaysia,0,0,0,0,0,0,1,2023-03-31T18:01:20.0137173Z,0
3.16177,101.414843,Daerah: Klang<br>No:19<br>Hex coord:(16;2),Masjid At-Taqwa. Klang. Selangor. Malaysia,0,0,0,0,0,0,1,2023-03-31T18:01:20.8218675Z,0
3.15399,101.428333,Daerah: Klang<br>No:20<br>Hex coord:(17;2),Taman Meru Putra. 41050 KLANG Klang Municipal Council. Selangor. Malaysia,1,0,0,0,0,0,1,2023-03-31T18:01:21.5799356Z,0
3.16177,101.441823,Daerah: Klang<br>No:21<br>Hex coord:(18;2),Solok Iskandar 4. Klang. Selangor. Malaysia,0,0,0,0,0,0,1,2023-03-31T18:01:22.3253941Z,0
3.15399,101.455313,Daerah: Klang<br>No:22<br>Hex coord:(19;2),Kampung Haji Mohamad Shariff. 41050 KLANG Klang Municipal Council. Selangor. Malaysia,0,0,0,0,0,0,1,2023-03-31T18:01:23.0950638Z,0
3.16177,101.468803,Daerah: Klang<br>No:23<br>Hex coord:(20;2),Kampung Budiman. 40710 Shah Alam. Selangor. Malaysia,0,0,0,0,0,0,1,2023-03-31T18:01:23.8928902Z,0
3.13843,101.320413,Daerah: Klang<br>No:24<br>Hex coord:(9;3),Klang. 45800 Klang Municipal Council. Selangor. Malaysia,0,0,0,0,0,0,1,2023-03-31T18:01:24.5616904Z,0
3.14621,101.333903,Daerah: Klang<br>No:25<br>Hex coord:(10;3),SK Sungai Serdang. Kapar. Selangor. Malaysia,0,0,0,0,0,0,1,2023-03-31T18:01:25.2682561Z,0
3.13843,101.347393,Daerah: Klang<br>No:26<br>Hex coord:(11;3),Klang. 45800 Klang Municipal Council. Selangor. Malaysia,0,0,0,0,0,0,1,2023-03-31T18:01:25.9690438Z,0
3.14621,101.360883,Daerah: Klang<br>No:27<br>Hex coord:(12;3),Taman Khoo Kek Keng. 42200 Klang Municipal Council. Selangor. Malaysia,0,0,0,0,0,0,1,2023-03-31T18:01:26.6636102Z,1
3.13843,101.374373,Daerah: Klang<br>No:28<br>Hex coord:(13;3),7-Eleven. Klang. Malaysia,2,0,0,0,0,0,1,2023-03-31T18:01:27.4220611Z,1
3.14621,101.387863,Daerah: Klang<br>No:29<br>Hex coord:(14;3),Jalan Bukit Kapar Kuari. Taman Khoo Kek Keng. 42200 Klang Municipal Council. Selangor. Malaysia,0,0,0,0,0,0,1,2023-03-31T18:01:28.1583307Z,0
3.13843,101.401353,Daerah: Klang<br>No:30<br>Hex coord:(15;3),West Coast Expressway. Klang. 42200 Klang Municipal Council. Selangor. Malaysia,0,0,0,0,0,0,1,2023-03-31T18:01:28.9508101Z,1
3.14621,101.414843,Daerah: Klang<br>No:31<br>Hex coord:(16;3),Surau Darul Muslimin. Jalan Kopi. Klang. 41050 KLANG Klang Municipal Council. Selangor. Malaysia,0,0,0,0,0,0,1,2023-03-31T18:01:29.6993564Z,0
3.13843,101.428333,Daerah: Klang<br>No:32<br>Hex coord:(17;3),Jalan Nenas Madu KU2/6. Klang. Selangor. Malaysia,4,0,0,0,0,0,1,2023-03-31T18:01:30.5129010Z,1
3.14621,101.441823,Daerah: Klang<br>No:33<br>Hex coord:(18;3),My House Seafood. Jalan Meru Tambahan. Klang. Selangor. Malaysia,0,0,0,0,0,0,1,2023-03-31T18:01:31.2935721Z,0
3.12287,101.320413,Daerah: Klang<br>No:34<br>Hex coord:(9;4),Sultan Salahuddin Abdul Aziz Power Station. Klang Municipal Council. Selangor. Malaysia,0,0,0,0,0,0,1,2023-03-31T18:01:31.9563826Z,0
3.13065,101.333903,Daerah: Klang<br>No:35<br>Hex coord:(10;4),Klang. Klang Municipal Council. Selangor. Malaysia,0,0,0,0,0,0,1,2023-03-31T18:01:32.6465374Z,1
3.12287,101.347393,Daerah: Klang<br>No:36<br>Hex coord:(11;4),Sungai Kapar Besar. Klang. Selangor. Malaysia,0,0,0,0,0,0,1,2023-03-31T18:01:33.3584978Z,0
3.13065,101.360883,Daerah: Klang<br>No:37<br>Hex coord:(12;4),Taman Khoo Kek Keng. 42200 Klang Municipal Council. Selangor. Malaysia,1,0,0,0,0,0,1,2023-03-31T18:01:34.0666626Z,0
3.12287,101.374373,Daerah: Klang<br>No:38<br>Hex coord:(13;4),Taman Khoo Kek Keng. 42200 Klang Municipal Council. Selangor. Malaysia,0,0,0,0,0,0,1,2023-03-31T18:01:34.8034205Z,2
3.13065,101.387863,Daerah: Klang<br>No:39<br>Hex coord:(14;4),Taman Khoo Kek Keng. 42200 Klang Municipal Council. Selangor. Malaysia,3,0,0,0,0,0,1,2023-03-31T18:01:35.5450688Z,1
3.12287,101.401353,Daerah: Klang<br>No:40<br>Hex coord:(15;4),Taman Klang Utama. 42200 Klang Municipal Council. Selangor. Malaysia,0,0,0,0,0,0,1,2023-03-31T18:01:36.3327909Z,0
3.13065,101.414843,Daerah: Klang<br>No:41<br>Hex coord:(16;4),Taman Klang Utama. 41050 KLANG Klang Municipal Council. Selangor. Malaysia,0,0,0,0,0,0,1,2023-03-31T18:01:37.0970600Z,1
3.12287,101.428333,Daerah: Klang<br>No:42<br>Hex coord:(17;4),Jalan Jabar 10/KU 8. Taman Klang Utama. 41050 KLANG Klang Municipal Council. Selangor. Malaysia,0,0,0,0,0,0,1,2023-03-31T18:01:37.9204457Z,1
3.13065,101.441823,Daerah: Klang<br>No:43<br>Hex coord:(18;4),Taman Meru Putra. 41050 KLANG Klang Municipal Council. Selangor. Malaysia,3,0,0,0,0,0,1,2023-03-31T18:01:38.7222855Z,4
3.11509,101.333903,Daerah: Klang<br>No:44<br>Hex coord:(10;5),Sungai Kapar Besar. Kapar. Klang. Malaysia,0,0,0,0,0,0,1,2023-03-31T18:01:39.4204509Z,0
3.10731,101.347393,Daerah: Klang<br>No:45<br>Hex coord:(11;5),Klang. 42200 Klang Municipal Council. Selangor. Malaysia,0,0,0,0,0,0,1,2023-03-31T18:01:40.1482774Z,0
3.11509,101.360883,Daerah: Klang<br>No:46<br>Hex coord:(12;5),Klang. 42200 Klang Municipal Council. Selangor. Malaysia,0,0,0,0,0,0,1,2023-03-31T18:01:40.8695669Z,0
3.10731,101.374373,Daerah: Klang<br>No:47<br>Hex coord:(13;5),Taman Klang Utama. 42200 Klang Municipal Council. Selangor. Malaysia,0,0,0,0,0,0,1,2023-03-31T18:01:41.6040949Z,1
3.11509,101.387863,Daerah: Klang<br>No:48<br>Hex coord:(14;5),Jalan Haji Abdul Manan. Taman Klang Utama. 42200 Klang Municipal Council. Selangor. Malaysia,2,0,0,0,0,0,1,2023-03-31T18:01:42.3601238Z,0
3.10731,101.401353,Daerah: Klang<br>No:49<br>Hex coord:(15;5),Top Glove Factory 31. Lorong Sungai Puloh. Taman Klang Utama. 42200 Klang Municipal Council. Selangor. Malaysia,3,3,0,0,0,0,1,2023-03-31T18:01:43.1316243Z,0
3.11509,101.414843,Daerah: Klang<br>No:50<br>Hex coord:(16;5),Harpenden Estate. Klang. Malaysia,0,0,0,0,0,0,1,2023-03-31T18:01:43.9780717Z,0
3.10731,101.428333,Daerah: Klang<br>No:51<br>Hex coord:(17;5),Jalan Haji Abdul Manan. Taman Klang Utama. 41050 Klang Municipal Council. Selangor. Malaysia,0,0,0,0,0,0,1,2023-03-31T18:01:44.8354035Z,0
3.11509,101.441823,Daerah: Klang<br>No:52<br>Hex coord:(18;5),Edde Interior Design and Supplies. 12-2 Jalan Klang Sentral 8/KU5. 41050 Shah Alam. Selangor. Malaysia,0,0,0,0,0,0,1,2023-03-31T18:01:45.6527881Z,0
3.09175,101.347393,Daerah: Klang<br>No:53<br>Hex coord:(11;6),Klang. 42200 Klang Municipal Council. Selangor. Malaysia,0,0,0,0,0,0,1,2023-03-31T18:01:46.3755338Z,0
3.09953,101.360883,Daerah: Klang<br>No:54<br>Hex coord:(12;6),Homestay Rumah Wangian. Lot 12681B Jalan Perepat 9. 42200. Selangor. Malaysia,0,0,0,0,0,0,1,2023-03-31T18:01:47.0908396Z,1
3.09175,101.374373,Daerah: Klang<br>No:55<br>Hex coord:(13;6),cycle eighty eight. 12 jalan harapan. 42200 Klang. Selangor. Malaysia,0,0,0,0,0,0,1,2023-03-31T18:01:47.8670044Z,2
3.09953,101.387863,Daerah: Klang<br>No:56<br>Hex coord:(14;6),Persiaran Sungai Kapar Indah. Taman Klang Utama. 42200 Klang Municipal Council. Selangor. Malaysia,0,0,0,0,0,0,1,2023-03-31T18:01:48.6396355Z,1
3.09175,101.401353,Daerah: Klang<br>No:57<br>Hex coord:(15;6),Jalan Sungai Puloh. Klang. Selangor. Malaysia,0,0,0,0,0,0,1,2023-03-31T18:01:49.4222954Z,1
3.09953,101.414843,Daerah: Klang<br>No:58<br>Hex coord:(16;6),Bandar Bukit Raja. 41050 Klang Municipal Council. Selangor. Malaysia,0,0,0,0,0,0,1,2023-03-31T18:01:50.2232033Z,0
3.09175,101.428333,Daerah: Klang<br>No:59<br>Hex coord:(17;6),Bandar Bukit Raja. 41050 Klang Municipal Council. Selangor. Malaysia,7,0,0,0,0,0,1,2023-03-31T18:01:51.0795909Z,0
3.09953,101.441823,Daerah: Klang<br>No:60<br>Hex coord:(18;6),Jalan Meru. Taman Klang Utama. 41050 Klang Municipal Council. Selangor. Malaysia,4,0,0,0,0,0,1,2023-03-31T18:01:51.9455544Z,0
3.09175,101.455313,Daerah: Klang<br>No:61<br>Hex coord:(19;6),Jalan Astaka. Bandar Bukit Raja. 41050 Shah Alam. Selangor. Malaysia,2,0,0,0,0,0,1,2023-03-31T18:01:52.8325609Z,3
3.08397,101.360883,Daerah: Klang<br>No:62<br>Hex coord:(12;7),Klang. 42200 Klang Municipal Council. Selangor. Malaysia,0,0,0,0,0,0,1,2023-03-31T18:01:53.5526283Z,0
3.07619,101.374373,Daerah: Klang<br>No:63<br>Hex coord:(13;7),Taman Klang Utama. 42200 Klang Municipal Council. Selangor. Malaysia,0,0,0,0,0,0,1,2023-03-31T18:01:54.3282780Z,0
3.08397,101.387863,Daerah: Klang<br>No:64<br>Hex coord:(14;7),Taman Klang Utama. 42200 Klang Municipal Council. Selangor. Malaysia,1,0,0,0,0,0,1,2023-03-31T18:01:55.1032355Z,1
3.07619,101.401353,Daerah: Klang<br>No:65<br>Hex coord:(15;7),rumah omaroo. 28 perumahan ikhtiar 3. 42100 Klang. Selangor. Malaysia,0,0,0,0,0,0,1,2023-03-31T18:01:55.9320103Z,1
3.08397,101.414843,Daerah: Klang<br>No:66<br>Hex coord:(16;7),15 Lintang Sungai Keramat 7C. 42100 Klang. Selangor. Malaysia,3,0,0,0,0,0,1,2023-03-31T18:01:56.8285962Z,4
3.07619,101.428333,Daerah: Klang<br>No:67<br>Hex coord:(17;7),Jalan Haji Sirat. Klang. Selangor. Malaysia,1,0,0,0,0,0,1,2023-03-31T18:01:57.7382886Z,1
3.08397,101.441823,Daerah: Klang<br>No:68<br>Hex coord:(18;7),Nasi Ayam Hainan Ikhwan. Klang. Malaysia,1,0,0,0,0,0,1,2023-03-31T18:01:58.6363304Z,2
3.07619,101.455313,Daerah: Klang<br>No:69<br>Hex coord:(19;7),MHE-Demag. 15 Persiaran Astana / KU 2. 41050 Klang. Selangor. Malaysia,0,0,0,0,0,0,1,2023-03-31T18:01:59.5325310Z,3
3.08397,101.468803,Daerah: Klang<br>No:70<br>Hex coord:(20;7),Taman Eng Ann. 41150 KLANG Klang Municipal Council. Selangor. Malaysia,0,0,0,0,0,0,1,2023-03-31T18:02:00.4580172Z,1
3.06063,101.320413,Daerah: Klang<br>No:71<br>Hex coord:(9;8),Klang. Selangor. Malaysia,0,0,0,0,0,0,1,2023-03-31T18:02:01.1142763Z,0
3.06841,101.360883,Daerah: Klang<br>No:72<br>Hex coord:(12;8),Sungai Sementa Kecil. Jalan Sementa Permai 1. Taman Klang Utama. 42200 Klang Municipal Council. Selangor. Malaysia,0,0,0,0,0,0,1,2023-03-31T18:02:01.8408312Z,0
3.06063,101.374373,Daerah: Klang<br>No:73<br>Hex coord:(13;8),Kapar Forest Reserve. New North Klang Straits Bypass. Taman Klang Utama. 42100 Klang Municipal Council. Selangor. Malaysia,0,0,0,0,0,0,1,2023-03-31T18:02:02.6177702Z,0
3.06841,101.387863,Daerah: Klang<br>No:74<br>Hex coord:(14;8),Sungai Beting. Klang. Malaysia,0,0,0,0,0,0,1,2023-03-31T18:02:03.4110942Z,0
3.06063,101.401353,Daerah: Klang<br>No:75<br>Hex coord:(15;8),Taman Klang Utama. 42100 Klang Municipal Council. Selangor. Malaysia,1,0,0,0,0,0,1,2023-03-31T18:02:04.2780770Z,4
3.06841,101.414843,Daerah: Klang<br>No:76<br>Hex coord:(16;8),Park Grocery. Jalan Sungai Nibong 14A/KU4. 42100 Klang. Selangor. Malaysia,0,4,0,0,0,0,1,2023-03-31T18:02:05.1695061Z,0
3.06063,101.428333,Daerah: Klang<br>No:77<br>Hex coord:(17;8),Kampung Tanjung Syawal. 41400 Klang Municipal Council. Selangor. Malaysia,0,0,0,0,0,0,1,2023-03-31T18:02:06.0944794Z,1
3.06841,101.441823,Daerah: Klang<br>No:78<br>Hex coord:(18;8),Kampung Tanjung Syawal. 41400 Klang Municipal Council. Selangor. Malaysia,2,0,0,0,0,0,1,2023-03-31T18:02:07.0325707Z,3
3.06063,101.455313,Daerah: Klang<br>No:79<br>Hex coord:(19;8),2 Jalan Pekan Baru 34. 41150 Klang. Selangor. Malaysia,1,0,0,0,0,0,1,2023-03-31T18:02:07.9972386Z,1
3.06841,101.468803,Daerah: Klang<br>No:80<br>Hex coord:(20;8),IDS Bukit Raja. Shah Alam. Petaling. Malaysia,0,0,0,0,0,0,1,2023-03-31T18:02:08.8794502Z,1
3.04507,101.239473,Daerah: Klang<br>No:81<br>Hex coord:(3;9),Sungai Pulau Ketam Luar,0,0,0,0,0,0,1,2023-03-31T18:02:09.5464380Z,0
3.05285,101.252963,Daerah: Klang<br>No:82<br>Hex coord:(4;9),Pulau Ketam. Klang. Klang Municipal Council. Selangor. Malaysia,0,0,0,0,0,0,1,2023-03-31T18:02:10.2182538Z,0
3.04507,101.266453,Daerah: Klang<br>No:83<br>Hex coord:(5;9),五條港. Klang. Malaysia,0,0,0,0,0,0,1,2023-03-31T18:02:10.8813586Z,0
3.05285,101.306923,Daerah: Klang<br>No:84<br>Hex coord:(8;9),Klang. Selangor. Malaysia,0,0,0,0,0,0,1,2023-03-31T18:02:11.5436656Z,0
3.04507,101.320413,Daerah: Klang<br>No:85<br>Hex coord:(9;9),Klang. Selangor. Malaysia,0,0,0,0,0,0,1,2023-03-31T18:02:12.1942097Z,0
3.05285,101.333903,Daerah: Klang<br>No:86<br>Hex coord:(10;9),Klang. Selangor. Malaysia,0,0,0,0,0,0,1,2023-03-31T18:02:12.8517193Z,0
3.05285,101.360883,Daerah: Klang<br>No:87<br>Hex coord:(12;9),Sungai Puloh. Port Klang. Klang. Malaysia,0,0,0,0,0,0,1,2023-03-31T18:02:13.6190670Z,0
3.04507,101.374373,Daerah: Klang<br>No:88<br>Hex coord:(13;9),Pandamaran. 42009 Klang Municipal Council. Selangor. Malaysia,0,0,0,0,0,0,1,2023-03-31T18:02:14.4007449Z,0
3.05285,101.387863,Daerah: Klang<br>No:89<br>Hex coord:(14;9),Teluk Pulai. 42100 Klang Municipal Council. Selangor. Malaysia,1,0,0,0,0,0,1,2023-03-31T18:02:15.2085319Z,1
3.04507,101.401353,Daerah: Klang<br>No:90<br>Hex coord:(15;9),Teluk Pulai. 42100 Klang Municipal Council. Selangor. Malaysia,0,0,0,0,0,0,1,2023-03-31T18:02:16.1093361Z,0
3.05285,101.414843,Daerah: Klang<br>No:91<br>Hex coord:(16;9),Teluk Pulai. 42100 Klang Municipal Council. Selangor. Malaysia,1,0,0,0,0,0,1,2023-03-31T18:02:17.0407823Z,1
3.04507,101.428333,Daerah: Klang<br>No:92<br>Hex coord:(17;9),Teluk Pulai. 41400 Klang Municipal Council. Selangor. Malaysia,3,1,0,0,0,0,1,2023-03-31T18:02:18.0733468Z,2
3.05285,101.441823,Daerah: Klang<br>No:93<br>Hex coord:(18;9),Pin Hwa High School. No. 13 Jalan Goh Hock Huat. 41400 Klang. Selangor. Malaysia,3,0,0,0,0,0,1,2023-03-31T18:02:19.0462357Z,8
3.04507,101.455313,Daerah: Klang<br>No:94<br>Hex coord:(19;9),Taman Eng Ann. 41300 Klang Municipal Council. Selangor. Malaysia,1,0,0,0,0,0,1,2023-03-31T18:02:20.0576068Z,6
3.05285,101.468803,Daerah: Klang<br>No:95<br>Hex coord:(20;9),Akram Lagenda Ent. Klang. Malaysia,1,0,0,0,0,0,1,2023-03-31T18:02:20.9801183Z,4
3.02951,101.239473,Daerah: Klang<br>No:96<br>Hex coord:(3;10),Pulau Ketam Forest. 2nd bridge. Sungai Lima. Klang Municipal Council. Selangor. Malaysia,0,0,0,0,0,0,1,2023-03-31T18:02:21.6479085Z,0
3.03729,101.252963,Daerah: Klang<br>No:97<br>Hex coord:(4;10),Pulau Ketam. Klang. Malaysia,0,0,0,0,0,0,1,2023-03-31T18:02:22.3124046Z,0
3.02951,101.266453,Daerah: Klang<br>No:98<br>Hex coord:(5;10),Sungai Empat. Klang. Malaysia,0,0,0,0,0,0,1,2023-03-31T18:02:22.9803545Z,0
3.02951,101.293433,Daerah: Klang<br>No:99<br>Hex coord:(7;10),Sungai Lang Kechil. Klang. Malaysia,0,0,0,0,0,0,1,2023-03-31T18:02:23.6454342Z,0
3.03729,101.306923,Daerah: Klang<br>No:100<br>Hex coord:(8;10),Klang. Selangor. Malaysia,0,0,0,0,0,0,1,2023-03-31T18:02:24.3084464Z,0
3.02951,101.320413,Daerah: Klang<br>No:101<br>Hex coord:(9;10),Klang. Selangor. Malaysia,0,0,0,0,0,0,1,2023-03-31T18:02:24.9623700Z,0
3.03729,101.333903,Daerah: Klang<br>No:102<br>Hex coord:(10;10),Klang. Malaysia,0,0,0,0,0,0,1,2023-03-31T18:02:25.6352825Z,0
3.03729,101.360883,Daerah: Klang<br>No:103<br>Hex coord:(12;10),North Port. Port Klang. Selangor. Malaysia,0,0,0,0,0,0,1,2023-03-31T18:02:26.3532087Z,0
3.02951,101.374373,Daerah: Klang<br>No:104<br>Hex coord:(13;10),Lebuhraya Baru Selat Klang Utara. Port Klang. Selangor. Malaysia,0,0,0,0,0,0,1,2023-03-31T18:02:27.1230078Z,4
3.03729,101.387863,Daerah: Klang<br>No:105<br>Hex coord:(14;10),Lebuhraya Baru Selat Klang Utara. Port Klang. Selangor. Malaysia,0,0,0,0,0,0,1,2023-03-31T18:02:27.9125807Z,6
3.02951,101.401353,Daerah: Klang<br>No:106<br>Hex coord:(15;10),Pandamaran. 42000 Klang Municipal Council. Selangor. Malaysia,1,0,0,0,0,0,1,2023-03-31T18:02:28.7820921Z,0
3.03729,101.414843,Daerah: Klang<br>No:107<br>Hex coord:(16;10),Teluk Pulai. 42000 Klang Municipal Council. Selangor. Malaysia,3,0,0,0,0,0,1,2023-03-31T18:02:29.7524643Z,1
3.02951,101.428333,Daerah: Klang<br>No:108<br>Hex coord:(17;10),Butang. Teluk Pulai. 42000 Klang Municipal Council. Selangor. Malaysia,3,0,0,0,0,0,1,2023-03-31T18:02:30.7888093Z,1
3.03729,101.441823,Daerah: Klang<br>No:109<br>Hex coord:(18;10),Taman Gembira. 41400 Klang Municipal Council. Selangor. Malaysia,5,1,0,0,0,0,1,2023-03-31T18:02:31.7922925Z,4
3.02951,101.455313,Daerah: Klang<br>No:110<br>Hex coord:(19;10),Taman Sri Andalas. 41300 Klang Municipal Council. Selangor. Malaysia,3,0,0,0,0,0,1,2023-03-31T18:02:32.8048717Z,0
3.03729,101.468803,Daerah: Klang<br>No:111<br>Hex coord:(20;10),Bukit Badak. Klang. Selangor. Malaysia,0,0,0,0,0,0,1,2023-03-31T18:02:33.8337155Z,3
3.02173,101.225983,Daerah: Klang<br>No:112<br>Hex coord:(2;11),Tanjung Tenteram,0,0,0,0,0,0,1,2023-03-31T18:02:34.4971996Z,0
3.02173,101.252963,Daerah: Klang<br>No:113<br>Hex coord:(4;11),福龍宮. Malaysia,0,0,0,0,0,0,1,2023-03-31T18:02:35.1694541Z,0
3.01395,101.293433,Daerah: Klang<br>No:114<br>Hex coord:(7;11),Klang. Selangor. Malaysia,0,0,0,0,0,0,1,2023-03-31T18:02:35.8359757Z,0
3.02173,101.306923,Daerah: Klang<br>No:115<br>Hex coord:(8;11),Klang. Selangor. Malaysia,0,0,0,0,0,0,1,2023-03-31T18:02:36.4962878Z,0
3.01395,101.320413,Daerah: Klang<br>No:116<br>Hex coord:(9;11),Sungai Terusan Tiram. Klang. Malaysia,0,0,0,0,0,0,1,2023-03-31T18:02:37.1659976Z,0
3.02173,101.333903,Daerah: Klang<br>No:117<br>Hex coord:(10;11),Sungai Tiram Besar. Klang. Malaysia,0,0,0,0,0,0,1,2023-03-31T18:02:37.8392829Z,0
3.02173,101.360883,Daerah: Klang<br>No:118<br>Hex coord:(12;11),North Port. 42009 Klang Municipal Council. Selangor. Malaysia,0,0,0,0,0,0,1,2023-03-31T18:02:38.5395224Z,0
3.01395,101.374373,Daerah: Klang<br>No:119<br>Hex coord:(13;11),Northport Highway. Pandamaran. 42009 Klang Municipal Council. Selangor. Malaysia,0,0,0,0,0,0,1,2023-03-31T18:02:39.2678796Z,0
3.02173,101.387863,Daerah: Klang<br>No:120<br>Hex coord:(14;11),Rein Packaging Industrial Sdn Bhd. Kawasan Perindustrian Fasa 4. Bandar Sultan Suleiman. 42000 Port Klang. Selangor Jalan Sultan Abdul Samad 40. 42000 Port Klang. Selangor. Malaysia,0,0,0,0,0,0,1,2023-03-31T18:02:40.0504503Z,0
3.01395,101.401353,Daerah: Klang<br>No:121<br>Hex coord:(15;11),64 Jalan Gelam. 42000 Port Klang. Selangor. Malaysia,1,1,0,0,0,0,1,2023-03-31T18:02:40.9695559Z,1
3.02173,101.414843,Daerah: Klang<br>No:122<br>Hex coord:(16;11),Jalan Melikai. Pandamaran. 42000 Port Klang. Selangor. Malaysia,3,0,0,0,0,0,1,2023-03-31T18:02:41.9940542Z,3
3.01395,101.428333,Daerah: Klang<br>No:123<br>Hex coord:(17;11),Lorong Sentosa 2. Pandamaran. 42000 Klang Municipal Council. Selangor. Malaysia,2,1,0,0,0,0,1,2023-03-31T18:02:43.0224955Z,13
3.02173,101.441823,Daerah: Klang<br>No:124<br>Hex coord:(18;11),Bagor Leboh. Klang. Selangor. Malaysia,3,0,0,0,0,0,1,2023-03-31T18:02:44.0820132Z,4
3.01395,101.455313,Daerah: Klang<br>No:125<br>Hex coord:(19;11),Taman Sri Andalas. 41200 Klang Municipal Council. Selangor. Malaysia,2,4,0,0,0,0,1,2023-03-31T18:02:45.1078983Z,3
3.02173,101.468803,Daerah: Klang<br>No:126<br>Hex coord:(20;11),Taman Sentosa. 41300 Klang Municipal Council. Selangor. Malaysia,0,0,0,0,0,0,1,2023-03-31T18:02:46.0964234Z,3
3.01395,101.482293,Daerah: Klang<br>No:127<br>Hex coord:(21;11),Lorong Temenggung 39F. Klang. Selangor. Malaysia,1,0,0,0,0,0,1,2023-03-31T18:02:47.1515653Z,1
2.99839,101.239473,Daerah: Klang<br>No:128<br>Hex coord:(3;12),Pulau Ketam. Klang. Klang Municipal Council. Selangor. Malaysia,0,0,0,0,0,0,1,2023-03-31T18:02:47.8154173Z,0
3.00617,101.252963,Daerah: Klang<br>No:129<br>Hex coord:(4;12),Pulau Tengah. Klang. Malaysia,0,0,0,0,0,0,1,2023-03-31T18:02:48.4802753Z,0
3.00617,101.279943,Daerah: Klang<br>No:130<br>Hex coord:(6;12),Sungai Mat Darus Kechil. Klang. Malaysia,0,0,0,0,0,0,1,2023-03-31T18:02:49.1444010Z,0
2.99839,101.293433,Daerah: Klang<br>No:131<br>Hex coord:(7;12),Klang. Selangor. Malaysia,0,0,0,0,0,0,1,2023-03-31T18:02:49.8145526Z,0
3.00617,101.306923,Daerah: Klang<br>No:132<br>Hex coord:(8;12),Klang. Selangor. Malaysia,0,0,0,0,0,0,1,2023-03-31T18:02:50.4864271Z,0
2.99839,101.320413,Daerah: Klang<br>No:133<br>Hex coord:(9;12),Sungai Terusan Bagan. Klang. Malaysia,0,0,0,0,0,0,1,2023-03-31T18:02:51.1556234Z,0
3.00617,101.333903,Daerah: Klang<br>No:134<br>Hex coord:(10;12),Sungai Melaka. Klang. Malaysia,0,0,0,0,0,0,1,2023-03-31T18:02:51.8222665Z,0
3.00617,101.387863,Daerah: Klang<br>No:135<br>Hex coord:(14;12),Royal Yacht Club. Jalan Syahbandar. Pandamaran. 42009 Klang Municipal Council. Selangor. Malaysia,0,0,0,0,0,0,1,2023-03-31T18:02:52.6168084Z,0
2.99839,101.401353,Daerah: Klang<br>No:136<br>Hex coord:(15;12),FELDA IFFCO. 596 Lebuh Raja Lumu. 42009 Port Klang. Selangor. Malaysia,0,0,0,0,0,0,1,2023-03-31T18:02:53.4862456Z,0
3.00617,101.414843,Daerah: Klang<br>No:137<br>Hex coord:(16;12),Signmastr Advertising Sdn Bhd. No 31 Jalan Ehsan Perdana 4. 42000 Port Klang. Selangor. Malaysia,0,1,0,0,0,0,1,2023-03-31T18:02:54.4201935Z,8
2.99839,101.428333,Daerah: Klang<br>No:138<br>Hex coord:(17;12),DNA Herbal Pride. 12 Jalan Perusahaan 22/KS5. Klang. Selangor. Malaysia,4,1,0,0,0,0,1,2023-03-31T18:02:55.4099311Z,7
3.00617,101.441823,Daerah: Klang<br>No:139<br>Hex coord:(18;12),Jalan Langat. Taman Klang Jaya. 41200 Klang. Selangor. Malaysia,2,0,0,0,0,0,1,2023-03-31T18:02:56.4319474Z,5
2.99839,101.455313,Daerah: Klang<br>No:140<br>Hex coord:(19;12),Jalan Kantan 8. Bandar Botanic. 41200 Klang Municipal Council. Selangor. Malaysia,1,0,0,0,0,0,1,2023-03-31T18:02:57.4278907Z,1
3.00617,101.468803,Daerah: Klang<br>No:141<br>Hex coord:(20;12),Taman Sentosa. 41200 Klang Municipal Council. Selangor. Malaysia,4,0,0,0,0,0,1,2023-03-31T18:02:58.4570787Z,3
2.99839,101.482293,Daerah: Klang<br>No:142<br>Hex coord:(21;12),Jalan Hulubalang 10. 40470 Klang. Selangor. Malaysia,1,2,0,0,0,0,1,2023-03-31T18:02:59.4072465Z,4
2.99061,101.225983,Daerah: Klang<br>No:143<br>Hex coord:(2;13),Pulau Ketam. Klang. Klang Municipal Council. Selangor. Malaysia,0,0,0,0,0,0,1,2023-03-31T18:03:00.1267503Z,0
2.98283,101.239473,Daerah: Klang<br>No:144<br>Hex coord:(3;13),Klang. Selangor. Malaysia,0,0,0,0,0,0,1,2023-03-31T18:03:00.7800461Z,0
2.98283,101.266453,Daerah: Klang<br>No:145<br>Hex coord:(5;13),Klang. Selangor. Malaysia,0,0,0,0,0,0,1,2023-03-31T18:03:01.4463774Z,0
2.99061,101.279943,Daerah: Klang<br>No:146<br>Hex coord:(6;13),Klang. Selangor. Malaysia,0,0,0,0,0,0,1,2023-03-31T18:03:02.1170856Z,0
2.98283,101.293433,Daerah: Klang<br>No:147<br>Hex coord:(7;13),Klang. Selangor. Malaysia,0,0,0,0,0,0,1,2023-03-31T18:03:02.7848916Z,0
2.99061,101.306923,Daerah: Klang<br>No:148<br>Hex coord:(8;13),Klang. Selangor. Malaysia,0,0,0,0,0,0,1,2023-03-31T18:03:03.4498954Z,0
2.98283,101.347393,Daerah: Klang<br>No:149<br>Hex coord:(11;13),Bandar Armada Putra. Klang Municipal Council. Selangor. Malaysia,0,0,0,0,0,0,1,2023-03-31T18:03:04.1495191Z,1
2.99061,101.360883,Daerah: Klang<br>No:150<br>Hex coord:(12;13),Tanjung Harapan. 42009 Klang Municipal Council. Selangor. Malaysia,0,0,0,0,0,0,1,2023-03-31T18:03:04.8537926Z,0
2.98283,101.374373,Daerah: Klang<br>No:151<br>Hex coord:(13;13),Pulau Indah Expressway. Pandamaran. 42009 Klang Municipal Council. Selangor. Malaysia,0,0,0,0,0,0,1,2023-03-31T18:03:05.5839341Z,0
2.99061,101.387863,Daerah: Klang<br>No:152<br>Hex coord:(14;13),Pandamaran. 42009 Klang Municipal Council. Selangor. Malaysia,0,0,0,0,0,0,1,2023-03-31T18:03:06.3438290Z,0
2.98283,101.401353,Daerah: Klang<br>No:153<br>Hex coord:(15;13),Lorong Sama Gagah 18d. 42009 Port Klang. Selangor. Malaysia,0,0,0,0,0,0,1,2023-03-31T18:03:07.1427185Z,1
2.99061,101.414843,Daerah: Klang<br>No:154<br>Hex coord:(16;13),Persiaran Selat Selatan. Pandamaran. 42009 Klang Municipal Council. Selangor. Malaysia,0,1,0,0,0,0,1,2023-03-31T18:03:08.0324461Z,2
2.98283,101.428333,Daerah: Klang<br>No:155<br>Hex coord:(17;13),One Kesas Commercial Area. Klang. Selangor. Malaysia,2,0,0,0,0,0,1,2023-03-31T18:03:08.9719572Z,2
2.99061,101.441823,Daerah: Klang<br>No:156<br>Hex coord:(18;13),Lengkuk Rhu 1/KS 6. Bandar Botanic. 41200 Klang Municipal Council. Selangor. Malaysia,2,0,0,0,0,0,1,2023-03-31T18:03:09.9879771Z,4
2.98283,101.455313,Daerah: Klang<br>No:157<br>Hex coord:(19;13),Jalan Johan Setia 1. 41200 Klang. Selangor. Malaysia,1,0,0,0,0,0,1,2023-03-31T18:03:10.9478427Z,1
2.99061,101.468803,Daerah: Klang<br>No:158<br>Hex coord:(20;13),Jalan Pending 2. 41200 Klang. Selangor. Malaysia,4,0,0,0,0,0,1,2023-03-31T18:03:11.9855374Z,4
2.98283,101.482293,Daerah: Klang<br>No:159<br>Hex coord:(21;13),Shah Alam Expressway. Taman Setia. 41200 Klang Municipal Council. Selangor. Malaysia,0,0,0,0,0,0,1,2023-03-31T18:03:12.8705446Z,1
2.99061,101.495783,Daerah: Klang<br>No:160<br>Hex coord:(22;13),Jalan Kebun Nenas 2R/KS7. Klang. Selangor. Malaysia,1,0,0,0,0,0,1,2023-03-31T18:03:13.7606654Z,1
2.97505,101.225983,Daerah: Klang<br>No:161<br>Hex coord:(2;14),Klang. Selangor. Malaysia,0,0,0,0,0,0,1,2023-03-31T18:03:14.4107831Z,0
2.96727,101.266453,Daerah: Klang<br>No:162<br>Hex coord:(5;14),Klang. Selangor. Malaysia,0,0,0,0,0,0,1,2023-03-31T18:03:15.0660806Z,0
2.97505,101.279943,Daerah: Klang<br>No:163<br>Hex coord:(6;14),Klang. Selangor. Malaysia,0,0,0,0,0,0,1,2023-03-31T18:03:15.7383748Z,0
2.96727,101.293433,Daerah: Klang<br>No:164<br>Hex coord:(7;14),Pulau Selat Mahang. Lebuhraya Pulau Indah. Klang. Klang Municipal Council. Selangor. Malaysia,0,0,0,0,0,0,1,2023-03-31T18:03:16.4075776Z,0
2.96727,101.320413,Daerah: Klang<br>No:165<br>Hex coord:(9;14),Klang. Klang Municipal Council. Selangor. Malaysia,0,0,0,0,0,0,1,2023-03-31T18:03:17.0771606Z,0
2.97505,101.333903,Daerah: Klang<br>No:166<br>Hex coord:(10;14),Persiaran Sungai Pinang. Selangor. Malaysia,0,0,0,0,0,0,1,2023-03-31T18:03:17.7432867Z,0
2.96727,101.347393,Daerah: Klang<br>No:167<br>Hex coord:(11;14),Jalan Sungai Pinang 4/20. Selangor. Malaysia,0,0,0,0,0,0,1,2023-03-31T18:03:18.4163445Z,0
2.97505,101.360883,Daerah: Klang<br>No:168<br>Hex coord:(12;14),Bandar Armada Putra. 42009 Klang Municipal Council. Selangor. Malaysia,0,0,0,0,0,0,1,2023-03-31T18:03:19.1121118Z,0
2.97505,101.387863,Daerah: Klang<br>No:169<br>Hex coord:(14;14),Jalan Pengkalan 1J/KS 10. Pandamaran. 42009 Klang Municipal Council. Selangor. Malaysia,0,0,0,0,0,0,1,2023-03-31T18:03:19.8567421Z,1
2.96727,101.401353,Daerah: Klang<br>No:170<br>Hex coord:(15;14),Pacific Metal Industry Sdn Bhd. Port Klang. Selangor. Malaysia,0,0,0,0,0,0,1,2023-03-31T18:03:20.5928122Z,0
2.97505,101.441823,Daerah: Klang<br>No:171<br>Hex coord:(18;14),Bayu Impian /KS 9. Presint Bidara. 41200 Klang Municipal Council. Selangor. Malaysia,0,0,0,0,0,0,1,2023-03-31T18:03:21.4883431Z,0
2.96727,101.455313,Daerah: Klang<br>No:172<br>Hex coord:(19;14),Bandar Bukit Tinggi. 41200 Klang Municipal Council. Selangor. Malaysia,1,0,0,0,0,0,1,2023-03-31T18:03:22.3621084Z,3
2.97505,101.468803,Daerah: Klang<br>No:173<br>Hex coord:(20;14),Taman Setia. 41200 Klang Municipal Council. Selangor. Malaysia,0,0,0,0,0,0,1,2023-03-31T18:03:23.2627942Z,1
2.96727,101.482293,Daerah: Klang<br>No:174<br>Hex coord:(21;14),Telok Forest Reserve. Klang. Malaysia,0,0,0,0,0,0,1,2023-03-31T18:03:24.1320400Z,1
2.97505,101.495783,Daerah: Klang<br>No:175<br>Hex coord:(22;14),West Coast Expressway. Alam Impian. 40470 Klang Municipal Council. Selangor. Malaysia,1,0,0,0,0,0,1,2023-03-31T18:03:24.9829386Z,0
2.96727,101.509273,Daerah: Klang<br>No:176<br>Hex coord:(23;14),Kota Kemuning. 40460 Klang Municipal Council. Selangor. Malaysia,3,0,0,0,0,0,1,2023-03-31T18:03:25.8384808Z,3
2.95171,101.239473,Daerah: Klang<br>No:177<br>Hex coord:(3;15),Klang. Selangor. Malaysia,0,0,0,0,0,0,1,2023-03-31T18:03:26.4868554Z,0
2.95949,101.252963,Daerah: Klang<br>No:178<br>Hex coord:(4;15),Klang. Selangor. Malaysia,0,0,0,0,0,0,1,2023-03-31T18:03:27.1434578Z,0
2.95171,101.266453,Daerah: Klang<br>No:179<br>Hex coord:(5;15),Klang. Selangor. Malaysia,0,0,0,0,0,0,1,2023-03-31T18:03:27.8048342Z,0
2.95949,101.279943,Daerah: Klang<br>No:180<br>Hex coord:(6;15),Klang. Selangor. Malaysia,0,0,0,0,0,0,1,2023-03-31T18:03:28.4728743Z,0
2.95171,101.293433,Daerah: Klang<br>No:181<br>Hex coord:(7;15),Klang. Selangor. Malaysia,0,0,0,0,0,0,1,2023-03-31T18:03:29.1399420Z,0
2.95171,101.320413,Daerah: Klang<br>No:182<br>Hex coord:(9;15),Jalan Perigi Nanas 8/9. Selangor. Malaysia,0,0,0,0,0,0,1,2023-03-31T18:03:29.8159633Z,0
2.95949,101.333903,Daerah: Klang<br>No:183<br>Hex coord:(10;15),Klang. Klang Municipal Council. Selangor. Malaysia,0,0,0,0,0,0,1,2023-03-31T18:03:30.4972528Z,2
2.95171,101.347393,Daerah: Klang<br>No:184<br>Hex coord:(11;15),Jalan Imam Haji Omar. Selangor. Malaysia,0,0,0,0,0,0,1,2023-03-31T18:03:31.1801836Z,0
2.95949,101.360883,Daerah: Klang<br>No:185<br>Hex coord:(12;15),Pulau Indah Expressway. Bandar Armada Putra. Klang. Selangor. Malaysia,0,0,0,0,0,0,1,2023-03-31T18:03:31.8764293Z,0
2.95171,101.374373,Daerah: Klang<br>No:186<br>Hex coord:(13;15),Klang. Klang Municipal Council. Selangor. Malaysia,0,0,0,0,0,0,1,2023-03-31T18:03:32.5654863Z,0
2.95949,101.387863,Daerah: Klang<br>No:187<br>Hex coord:(14;15),SJKC Lee Min. Port Klang. Selangor. Malaysia,0,0,0,0,0,0,1,2023-03-31T18:03:33.2936097Z,1
2.95171,101.401353,Daerah: Klang<br>No:188<br>Hex coord:(15;15),Teluk Gong. Klang. Klang Municipal Council. Selangor. Malaysia,0,0,0,0,0,0,1,2023-03-31T18:03:34.0145654Z,0
2.95171,101.428333,Daerah: Klang<br>No:189<br>Hex coord:(17;15),Klang. 41200 Klang Municipal Council. Selangor. Malaysia,0,0,0,0,0,0,1,2023-03-31T18:03:34.7913742Z,0
2.95949,101.441823,Daerah: Klang<br>No:190<br>Hex coord:(18;15),Kampung Pendamar. 41200 Klang Municipal Council. Selangor. Malaysia,2,0,0,0,0,0,1,2023-03-31T18:03:35.6312581Z,0
2.95949,101.468803,Daerah: Klang<br>No:191<br>Hex coord:(20;15),KSL Bandar Bestari Show Village. Klang. Selangor. Malaysia,0,0,0,0,0,0,1,2023-03-31T18:03:36.4784381Z,0
2.95171,101.482293,Daerah: Klang<br>No:192<br>Hex coord:(21;15),Tropicana Aman. 42500. Selangor. Malaysia,0,0,0,0,0,0,1,2023-03-31T18:03:37.3456289Z,0
2.95949,101.495783,Daerah: Klang<br>No:193<br>Hex coord:(22;15),West Coast Expressway. Taman Setia. 42500 Klang Municipal Council. Selangor. Malaysia,0,0,0,0,0,0,1,2023-03-31T18:03:38.2475685Z,0
2.95171,101.509273,Daerah: Klang<br>No:194<br>Hex coord:(23;15),Tropicana Aman. 42500. Selangor. Malaysia,0,0,0,0,0,0,1,2023-03-31T18:03:39.0628420Z,0
2.93615,101.239473,Daerah: Klang<br>No:195<br>Hex coord:(3;16),Klang. Selangor. Malaysia,0,0,0,0,0,0,1,2023-03-31T18:03:39.7264827Z,0
2.94393,101.252963,Daerah: Klang<br>No:196<br>Hex coord:(4;16),Klang. Selangor. Malaysia,0,0,0,0,0,0,1,2023-03-31T18:03:40.3923340Z,0
2.93615,101.266453,Daerah: Klang<br>No:197<br>Hex coord:(5;16),Klang. Selangor. Malaysia,0,0,0,0,0,0,1,2023-03-31T18:03:41.0505401Z,0
2.94393,101.279943,Daerah: Klang<br>No:198<br>Hex coord:(6;16),Pulau Che Mat Zin. Lebuhraya Pulau Indah. Klang. Klang Municipal Council. Selangor. Malaysia,0,0,0,0,0,0,1,2023-03-31T18:03:41.7424289Z,0
2.94393,101.306923,Daerah: Klang<br>No:199<br>Hex coord:(8;16),Lebuhraya Pulau Indah. Klang. Klang Municipal Council. Selangor. Malaysia,0,0,0,0,0,0,1,2023-03-31T18:03:42.4066794Z,0
2.93615,101.320413,Daerah: Klang<br>No:200<br>Hex coord:(9;16),Klang. Klang Municipal Council. Selangor. Malaysia,0,0,0,0,0,0,1,2023-03-31T18:03:43.0893843Z,5
2.94393,101.333903,Daerah: Klang<br>No:201<br>Hex coord:(10;16),Klang. Klang Municipal Council. Selangor. Malaysia,0,0,0,0,0,0,1,2023-03-31T18:03:43.7689352Z,0
2.93615,101.347393,Daerah: Klang<br>No:202<br>Hex coord:(11;16),Sungai Pinang Laut. Klang. Malaysia,0,0,0,0,0,0,1,2023-03-31T18:03:44.4601702Z,0
2.93615,101.374373,Daerah: Klang<br>No:203<br>Hex coord:(13;16),Klang. Klang Municipal Council. Selangor. Malaysia,0,0,0,0,0,0,1,2023-03-31T18:03:45.1268767Z,0
2.94393,101.387863,Daerah: Klang<br>No:204<br>Hex coord:(14;16),Klang. Klang Municipal Council. Selangor. Malaysia,0,0,0,0,0,0,1,2023-03-31T18:03:45.8301852Z,0
2.92059,101.239473,Daerah: Klang<br>No:205<br>Hex coord:(3;17),Klang. Selangor. Malaysia,0,0,0,0,0,0,1,2023-03-31T18:03:46.4977439Z,0
2.92837,101.252963,Daerah: Klang<br>No:206<br>Hex coord:(4;17),OVR Pure Land Tower. 888 Jalan FZ 5-P5. Port Klang Free Zone. OVR6668 Klang Municipal Council. Selangor. Malaysia,0,0,0,0,0,0,1,2023-03-31T18:03:47.1630586Z,0
2.92059,101.266453,Daerah: Klang<br>No:207<br>Hex coord:(5;17),Klang. Selangor. Malaysia,0,0,0,0,0,0,1,2023-03-31T18:03:47.8342413Z,0
2.92837,101.279943,Daerah: Klang<br>No:208<br>Hex coord:(6;17),Klang. Selangor. Malaysia,0,0,0,0,0,0,1,2023-03-31T18:03:48.5030791Z,0
2.92059,101.293433,Daerah: Klang<br>No:209<br>Hex coord:(7;17),Jalan FZ 5-P5. Selangor. Malaysia,0,0,0,0,0,0,1,2023-03-31T18:03:49.1802258Z,0
2.92837,101.306923,Daerah: Klang<br>No:210<br>Hex coord:(8;17),Klang. Klang Municipal Council. Selangor. Malaysia,0,0,0,0,0,0,1,2023-03-31T18:03:49.8705929Z,1
2.92059,101.320413,Daerah: Klang<br>No:211<br>Hex coord:(9;17),Sungai Brigg,0,0,0,0,0,0,1,2023-03-31T18:03:50.5430022Z,1
2.92837,101.333903,Daerah: Klang<br>No:212<br>Hex coord:(10;17),Jalan Tan Sri Mohamad Taib. Klang Municipal Council. Selangor. Malaysia,0,0,0,0,0,0,1,2023-03-31T18:03:51.2196449Z,0
2.92837,101.360883,Daerah: Klang<br>No:213<br>Hex coord:(12;17),Klang. Klang Municipal Council. Selangor. Malaysia,0,0,0,0,0,0,1,2023-03-31T18:03:51.9217120Z,0
2.92059,101.374373,Daerah: Klang<br>No:214<br>Hex coord:(13;17),Klang. Klang Municipal Council. Selangor. Malaysia,0,0,0,0,0,0,1,2023-03-31T18:03:52.5955093Z,1
2.90503,101.239473,Daerah: Klang<br>No:215<br>Hex coord:(3;18),OVR City Port. Klang Municipal Council. Selangor. Malaysia,0,0,0,0,0,0,1,2023-03-31T18:03:53.2649034Z,0
2.91281,101.252963,Daerah: Klang<br>No:216<br>Hex coord:(4;18),Klang. Selangor. Malaysia,0,0,0,0,0,0,1,2023-03-31T18:03:53.9299079Z,0
2.90503,101.293433,Daerah: Klang<br>No:217<br>Hex coord:(7;18),Port Klang Free Zone. Klang Municipal Council. Selangor. Malaysia,0,0,0,0,0,0,1,2023-03-31T18:03:54.6140144Z,0
2.91281,101.306923,Daerah: Klang<br>No:218<br>Hex coord:(8;18),Port Klang Free Zone. Klang Municipal Council. Selangor. Malaysia,0,0,0,0,0,0,1,2023-03-31T18:03:55.2957346Z,0
2.91281,101.333903,Daerah: Klang<br>No:219<br>Hex coord:(10;18),Tanjong Segan. Klang. Malaysia,0,0,0,0,0,0,1,2023-03-31T18:03:56.0530258Z,0
2.90503,101.374373,Daerah: Klang<br>No:220<br>Hex coord:(13;18),Kuala Langat. Malaysia,0,0,0,0,0,0,1,2023-03-31T18:03:56.7195562Z,0
2.89725,101.279943,Daerah: Klang<br>No:221<br>Hex coord:(6;19),Klang. Selangor. Malaysia,0,0,0,0,0,0,1,2023-03-31T18:03:57.3842296Z,0