lat,lon,label,placename,weeklyactive,totalactive,weeklyrecovered,totalrecovered,weeklydeaths,totaldeaths,weight,timestamp,reserved
2.970883,101.569703,Daerah: Kuala Langat<br>No:1<br>Hex coord:(21;0),3168 Shah Alam. Selangor. Malaysia,0,0,0,0,0,0,1,2023-01-08T18:01:12.5130671Z,0
2.955323,101.407823,Daerah: Kuala Langat<br>No:2<br>Hex coord:(9;1),Kuala Langat. Teluk Panglima Garang. Selangor. Malaysia,0,0,0,0,0,0,1,2023-01-08T18:01:13.2973207Z,0
2.963103,101.421313,Daerah: Kuala Langat<br>No:3<br>Hex coord:(10;1),Sungai Dua. Klang. Malaysia,0,0,0,0,0,0,1,2023-01-08T18:01:14.1514505Z,0
2.955323,101.542723,Daerah: Kuala Langat<br>No:4<br>Hex coord:(19;1),Tropicana Aman. 40460. Selangor. Malaysia,0,0,0,0,0,0,1,2023-01-08T18:01:14.9954232Z,0
2.955323,101.569703,Daerah: Kuala Langat<br>No:5<br>Hex coord:(21;1),Bandar Saujana Putra. 42610. Selangor. Malaysia,0,0,0,0,0,0,1,2023-01-08T18:01:15.8241829Z,0
2.963103,101.583193,Daerah: Kuala Langat<br>No:6<br>Hex coord:(22;1),Bandar Saujana Putra. 42610. Selangor. Malaysia,0,0,0,0,0,0,1,2023-01-08T18:01:16.6514406Z,0
2.939763,101.407823,Daerah: Kuala Langat<br>No:7<br>Hex coord:(9;2),Langat River. Kuala Langat. Malaysia,0,0,0,0,0,0,1,2023-01-08T18:01:17.3854463Z,0
2.947543,101.421313,Daerah: Kuala Langat<br>No:8<br>Hex coord:(10;2),Jalan Sempadan Batu 7. Sijangkang. Selangor. Malaysia,0,0,0,0,0,0,1,2023-01-08T18:01:18.1657089Z,0
2.939763,101.434803,Daerah: Kuala Langat<br>No:9<br>Hex coord:(11;2),Sijangkang. Selangor. Malaysia,0,0,0,0,0,0,1,2023-01-08T18:01:18.9317380Z,0
2.947543,101.448293,Daerah: Kuala Langat<br>No:10<br>Hex coord:(12;2),Sijangkang. Selangor. Malaysia,1,0,0,0,0,0,1,2023-01-08T18:01:19.7348378Z,0
2.939763,101.461783,Daerah: Kuala Langat<br>No:11<br>Hex coord:(13;2),Taman Desa Sijangkang. Klang. Selangor. Malaysia,0,0,0,0,0,0,1,2023-01-08T18:01:20.5150057Z,0
2.947543,101.475273,Daerah: Kuala Langat<br>No:12<br>Hex coord:(14;2),Nestle Warehouse. Jalan Klang Banting. Kampung Kebun Baru. 42500 Teluk Panglima Garang. Selangor. Malaysia,1,0,0,0,0,0,1,2023-01-08T18:01:21.3429976Z,0
2.939763,101.488763,Daerah: Kuala Langat<br>No:13<br>Hex coord:(15;2),Banting. Teluk Panglima Garang. Kuala Langat. Malaysia,0,0,0,0,0,0,1,2023-01-08T18:01:22.1663023Z,0
2.947543,101.502253,Daerah: Kuala Langat<br>No:14<br>Hex coord:(16;2),Tropicana Aman. 42500. Selangor. Malaysia,0,0,0,0,0,0,1,2023-01-08T18:01:22.9721096Z,0
2.939763,101.515743,Daerah: Kuala Langat<br>No:15<br>Hex coord:(17;2),Tropicana Aman. 42500. Selangor. Malaysia,0,0,0,0,0,0,1,2023-01-08T18:01:23.7656883Z,0
2.947543,101.529233,Daerah: Kuala Langat<br>No:16<br>Hex coord:(18;2),Chemieconnex. 20G Jalan Aman Sinaria 4. 42500 Shah Alam. Selangor. Malaysia,0,0,0,0,0,0,1,2023-01-08T18:01:24.5649957Z,0
2.939763,101.542723,Daerah: Kuala Langat<br>No:17<br>Hex coord:(19;2),Jalan Flora 3G/3. Eco Sanctuary. 42500. Selangor. Malaysia,1,0,0,0,0,0,1,2023-01-08T18:01:25.3924799Z,0
2.947543,101.556213,Daerah: Kuala Langat<br>No:18<br>Hex coord:(20;2),Bandar Rimbayu. 42500. Selangor. Malaysia,0,0,0,0,0,0,1,2023-01-08T18:01:26.2026772Z,0
2.939763,101.569703,Daerah: Kuala Langat<br>No:19<br>Hex coord:(21;2),Bandar Saujana Putra. 42610. Selangor. Malaysia,0,0,0,0,0,0,1,2023-01-08T18:01:26.9837113Z,0
2.947543,101.583193,Daerah: Kuala Langat<br>No:20<br>Hex coord:(22;2),Jalan Saujana Putra. Bandar Saujana Putra. 42610. Selangor. Malaysia,3,0,0,0,0,0,1,2023-01-08T18:01:27.8108414Z,0
2.931983,101.394333,Daerah: Kuala Langat<br>No:21<br>Hex coord:(8;3),Kuala Langat. Teluk Panglima Garang. Selangor. Malaysia,0,0,0,0,0,0,1,2023-01-08T18:01:28.5130213Z,0
2.924203,101.407823,Daerah: Kuala Langat<br>No:22<br>Hex coord:(9;3),Kuala Langat. Teluk Panglima Garang. Selangor. Malaysia,0,0,0,0,0,0,1,2023-01-08T18:01:29.2121124Z,0
2.931983,101.421313,Daerah: Kuala Langat<br>No:23<br>Hex coord:(10;3),Sijangkang. Selangor. Malaysia,0,0,0,0,0,0,1,2023-01-08T18:01:29.9497021Z,0
2.924203,101.434803,Daerah: Kuala Langat<br>No:24<br>Hex coord:(11;3),SK Jalan Tanjung. Klang. Malaysia,0,0,0,0,0,0,1,2023-01-08T18:01:30.7038880Z,0
2.931983,101.448293,Daerah: Kuala Langat<br>No:25<br>Hex coord:(12;3),Jalan Melati. Klang. Selangor. Malaysia,0,0,0,0,0,0,1,2023-01-08T18:01:31.4545949Z,0
2.924203,101.461783,Daerah: Kuala Langat<br>No:26<br>Hex coord:(13;3),Kohoku Electronics (M) Sdn. Bhd. LOT2 Jalan Waja 15. 42500 Teluk Panglima Garang. Selangor. Malaysia,0,0,0,0,0,0,1,2023-01-08T18:01:32.2207174Z,0
2.931983,101.475273,Daerah: Kuala Langat<br>No:27<br>Hex coord:(14;3),SMK Sijangkang Jaya. Jalan Klang Banting. Kampung Kebun Baru. 42500. Selangor. Malaysia,0,0,0,0,0,0,1,2023-01-08T18:01:32.9997744Z,0
2.924203,101.488763,Daerah: Kuala Langat<br>No:28<br>Hex coord:(15;3),Taman Desa Wira. 42500. Selangor. Malaysia,0,0,0,0,0,0,1,2023-01-08T18:01:33.7816212Z,0
2.931983,101.502253,Daerah: Kuala Langat<br>No:29<br>Hex coord:(16;3),Taman Bentara. 42500. Selangor. Malaysia,0,0,0,0,0,0,1,2023-01-08T18:01:34.5955374Z,0
2.924203,101.515743,Daerah: Kuala Langat<br>No:30<br>Hex coord:(17;3),Jalan Merbuk. Kampung Kebun Baru. 42500. Selangor. Malaysia,0,0,0,0,0,0,1,2023-01-08T18:01:35.3734860Z,0
2.931983,101.529233,Daerah: Kuala Langat<br>No:31<br>Hex coord:(18;3),Eco Sanctuary. 42500. Selangor. Malaysia,0,0,0,0,0,0,1,2023-01-08T18:01:36.2101682Z,0
2.924203,101.542723,Daerah: Kuala Langat<br>No:32<br>Hex coord:(19;3),Lebuhraya Lembah Klang Selatan. Selangor. Malaysia,0,0,0,0,0,0,1,2023-01-08T18:01:36.9904967Z,0
2.931983,101.556213,Daerah: Kuala Langat<br>No:33<br>Hex coord:(20;3),Oasis International School (Kuala Lumpur). No. 1 Jalan Flora 2. 42500 Jenjarom. Selangor. Malaysia,0,0,0,0,0,0,1,2023-01-08T18:01:37.7674334Z,0
2.924203,101.569703,Daerah: Kuala Langat<br>No:34<br>Hex coord:(21;3),Bandar Rimbayu. 42500. Selangor. Malaysia,0,0,0,0,0,0,1,2023-01-08T18:01:38.5320242Z,0
2.931983,101.583193,Daerah: Kuala Langat<br>No:35<br>Hex coord:(22;3),Jalan SP 7/18. 42610 Jenjarom. Selangor. Malaysia,1,0,0,0,0,0,1,2023-01-08T18:01:39.3450100Z,0
2.924203,101.596683,Daerah: Kuala Langat<br>No:36<br>Hex coord:(23;3),Exit 607 Putrajaya. Puchong. Selangor. Malaysia,0,0,0,0,0,0,1,2023-01-08T18:01:40.1254564Z,0
2.908643,101.353863,Daerah: Kuala Langat<br>No:37<br>Hex coord:(5;4),Kuala Langat. Selangor. Malaysia,0,0,0,0,0,0,1,2023-01-08T18:01:40.8031460Z,0
2.916423,101.394333,Daerah: Kuala Langat<br>No:38<br>Hex coord:(8;4),Kuala Langat. Selangor. Malaysia,0,0,0,0,0,0,1,2023-01-08T18:01:41.4966511Z,0
2.908643,101.407823,Daerah: Kuala Langat<br>No:39<br>Hex coord:(9;4),Sijangkang. Selangor. Malaysia,0,0,0,0,0,0,1,2023-01-08T18:01:42.1892118Z,0
2.916423,101.421313,Daerah: Kuala Langat<br>No:40<br>Hex coord:(10;4),Kuala Langat. Teluk Panglima Garang. Selangor. Malaysia,0,0,0,0,0,0,1,2023-01-08T18:01:42.9037930Z,0
2.908643,101.434803,Daerah: Kuala Langat<br>No:41<br>Hex coord:(11;4),Sijangkang. Selangor. Malaysia,0,0,0,0,0,0,1,2023-01-08T18:01:43.6317912Z,0
2.916423,101.448293,Daerah: Kuala Langat<br>No:42<br>Hex coord:(12;4),Sijangkang. Selangor. Malaysia,0,0,0,0,0,0,1,2023-01-08T18:01:44.3729200Z,0
2.908643,101.461783,Daerah: Kuala Langat<br>No:43<br>Hex coord:(13;4),Sijangkang. Selangor. Malaysia,1,0,0,0,0,0,1,2023-01-08T18:01:45.1545684Z,0
2.916423,101.475273,Daerah: Kuala Langat<br>No:44<br>Hex coord:(14;4),Surau. 42500 Teluk Panglima Garang. Selangor. Malaysia,2,0,0,0,0,0,1,2023-01-08T18:01:45.9328677Z,0
2.908643,101.488763,Daerah: Kuala Langat<br>No:45<br>Hex coord:(15;4),Jalan Sekolah. 42600 Teluk Panglima Garang. Selangor. Malaysia,4,0,0,0,0,0,1,2023-01-08T18:01:46.7027303Z,0
2.916423,101.502253,Daerah: Kuala Langat<br>No:46<br>Hex coord:(16;4),Kampung Kebun Baru. 42500. Selangor. Malaysia,0,0,0,0,0,0,1,2023-01-08T18:01:47.4760062Z,0
2.908643,101.515743,Daerah: Kuala Langat<br>No:47<br>Hex coord:(17;4),Kampung Kebun Baru. 42500. Selangor. Malaysia,0,0,0,0,0,0,1,2023-01-08T18:01:48.2431493Z,0
2.916423,101.529233,Daerah: Kuala Langat<br>No:48<br>Hex coord:(18;4),Kawasan Rehat Tanjung Dua Belas. Bandar Rimbayu. 42500. Selangor. Malaysia,0,0,0,0,0,0,1,2023-01-08T18:01:49.0084627Z,0
2.908643,101.542723,Daerah: Kuala Langat<br>No:49<br>Hex coord:(19;4),West Coast Expressway. Bandar Rimbayu. 42500. Selangor. Malaysia,0,0,0,0,0,0,1,2023-01-08T18:01:49.7493675Z,0
2.916423,101.556213,Daerah: Kuala Langat<br>No:50<br>Hex coord:(20;4),Bandar Rimbayu. 42500. Selangor. Malaysia,0,0,0,0,0,0,1,2023-01-08T18:01:50.5166697Z,0
2.908643,101.569703,Daerah: Kuala Langat<br>No:51<br>Hex coord:(21;4),Bandar Rimbayu. 42500. Selangor. Malaysia,0,0,0,0,0,0,1,2023-01-08T18:01:51.2709552Z,0
2.916423,101.583193,Daerah: Kuala Langat<br>No:52<br>Hex coord:(22;4),Bandar Saujana Putra. 42610. Selangor. Malaysia,0,0,0,0,0,0,1,2023-01-08T18:01:52.0560754Z,0
2.908643,101.596683,Daerah: Kuala Langat<br>No:53<br>Hex coord:(23;4),Hutan Rizab Kuala Langat Utara. Kuala Langat. Malaysia,0,0,0,0,0,0,1,2023-01-08T18:01:52.8306047Z,0
2.900863,101.313393,Daerah: Kuala Langat<br>No:54<br>Hex coord:(2;5),Kuala Langat. Selangor. Malaysia,0,0,0,0,0,0,1,2023-01-08T18:01:53.5204554Z,0
2.893083,101.326883,Daerah: Kuala Langat<br>No:55<br>Hex coord:(3;5),Kuala Langat. Selangor. Malaysia,0,0,0,0,0,0,1,2023-01-08T18:01:54.2005256Z,0
2.893083,101.353863,Daerah: Kuala Langat<br>No:56<br>Hex coord:(5;5),Kuala Langat. Selangor. Malaysia,0,0,0,0,0,0,1,2023-01-08T18:01:54.8799376Z,0
2.900863,101.367353,Daerah: Kuala Langat<br>No:57<br>Hex coord:(6;5),Kuala Langat. Selangor. Malaysia,0,0,0,0,0,0,1,2023-01-08T18:01:55.5684028Z,0
2.893083,101.380843,Daerah: Kuala Langat<br>No:58<br>Hex coord:(7;5),Kuala Langat. Selangor. Malaysia,0,0,0,0,0,0,1,2023-01-08T18:01:56.2558893Z,0
2.900863,101.394333,Daerah: Kuala Langat<br>No:59<br>Hex coord:(8;5),Kuala Langat. Selangor. Malaysia,0,0,0,0,0,0,1,2023-01-08T18:01:56.9353289Z,0
2.893083,101.407823,Daerah: Kuala Langat<br>No:60<br>Hex coord:(9;5),Sijangkang. 42960. Selangor. Malaysia,0,0,0,0,0,0,1,2023-01-08T18:01:57.6204904Z,0
2.900863,101.421313,Daerah: Kuala Langat<br>No:61<br>Hex coord:(10;5),Sijangkang. 42960. Selangor. Malaysia,0,0,0,0,0,0,1,2023-01-08T18:01:58.3338938Z,0
2.893083,101.434803,Daerah: Kuala Langat<br>No:62<br>Hex coord:(11;5),Lebuhraya Lembah Klang Selatan. Chodoi / Sungai Buaya. 42960. Selangor. Malaysia,0,0,0,0,0,0,1,2023-01-08T18:01:59.0551161Z,0
2.900863,101.448293,Daerah: Kuala Langat<br>No:63<br>Hex coord:(12;5),Sijangkang. Selangor. Malaysia,0,0,0,0,0,0,1,2023-01-08T18:01:59.7973634Z,0
2.893083,101.461783,Daerah: Kuala Langat<br>No:64<br>Hex coord:(13;5),Sijangkang. 42600. Selangor. Malaysia,0,0,0,0,0,0,1,2023-01-08T18:02:00.5487637Z,0
2.900863,101.475273,Daerah: Kuala Langat<br>No:65<br>Hex coord:(14;5),Taman Jaya Utama. 42600. Selangor. Malaysia,2,0,0,0,0,0,1,2023-01-08T18:02:01.3402775Z,0
2.893083,101.488763,Daerah: Kuala Langat<br>No:66<br>Hex coord:(15;5),Mansion 1969. Lot 389 Jalan Klang Banting. 42600 Teluk Panglima Garang. Selangor. Malaysia,0,0,0,0,0,0,1,2023-01-08T18:02:02.0872015Z,0
2.900863,101.502253,Daerah: Kuala Langat<br>No:67<br>Hex coord:(16;5),Sungai Jarum. Teluk Panglima Garang. Selangor. Malaysia,0,0,0,0,0,0,1,2023-01-08T18:02:02.8487908Z,0
2.893083,101.515743,Daerah: Kuala Langat<br>No:68<br>Hex coord:(17;5),Kampung Kebun Baru. 42600. Selangor. Malaysia,0,0,0,0,0,0,1,2023-01-08T18:02:03.6181919Z,0
2.900863,101.529233,Daerah: Kuala Langat<br>No:69<br>Hex coord:(18;5),muadz'house. 5811 jalan rancangan.kampung jenjarom. 42600 Teluk Panglima Garang. Selangor. Malaysia,0,0,0,0,0,0,1,2023-01-08T18:02:04.3775097Z,0
2.893083,101.542723,Daerah: Kuala Langat<br>No:70<br>Hex coord:(19;5),Jalan Helang. Bandar Rimbayu. 42500. Selangor. Malaysia,0,0,0,0,0,0,1,2023-01-08T18:02:05.1374593Z,0
2.900863,101.556213,Daerah: Kuala Langat<br>No:71<br>Hex coord:(20;5),Bandar Rimbayu. 42500. Selangor. Malaysia,0,0,0,0,0,0,1,2023-01-08T18:02:05.8943540Z,0
2.893083,101.569703,Daerah: Kuala Langat<br>No:72<br>Hex coord:(21;5),Bandar Rimbayu. 42500. Selangor. Malaysia,0,0,0,0,0,0,1,2023-01-08T18:02:06.6064905Z,0
2.900863,101.583193,Daerah: Kuala Langat<br>No:73<br>Hex coord:(22;5),Bandar Saujana Putra. 42610. Selangor. Malaysia,0,0,0,0,0,0,1,2023-01-08T18:02:07.3516225Z,0
2.893083,101.596683,Daerah: Kuala Langat<br>No:74<br>Hex coord:(23;5),Payah Indah MTB Trail. Kuala Langat. 63000 SEPANG. Selangor. Malaysia,0,0,0,0,0,0,1,2023-01-08T18:02:08.0867945Z,0
2.900863,101.610173,Daerah: Kuala Langat<br>No:75<br>Hex coord:(24;5),Petron. Cyberjaya. Sepang. Malaysia,0,0,0,0,0,0,1,2023-01-08T18:02:08.8364752Z,0
2.877523,101.299903,Daerah: Kuala Langat<br>No:76<br>Hex coord:(1;6),Kuala Langat. Selangor. Malaysia,0,0,0,0,0,0,1,2023-01-08T18:02:09.5165879Z,0
2.885303,101.313393,Daerah: Kuala Langat<br>No:77<br>Hex coord:(2;6),Kuala Langat. Selangor. Malaysia,0,0,0,0,0,0,1,2023-01-08T18:02:10.1991518Z,0
2.877523,101.326883,Daerah: Kuala Langat<br>No:78<br>Hex coord:(3;6),Kuala Langat. Selangor. Malaysia,0,0,0,0,0,0,1,2023-01-08T18:02:10.8805511Z,0
2.885303,101.340373,Daerah: Kuala Langat<br>No:79<br>Hex coord:(4;6),Kuala Langat. Selangor. Malaysia,0,0,0,0,0,0,1,2023-01-08T18:02:11.5835524Z,0
2.877523,101.353863,Daerah: Kuala Langat<br>No:80<br>Hex coord:(5;6),Lebuhraya Lembah Klang Selatan. Kuala Langat. Selangor. Malaysia,0,0,0,0,0,0,1,2023-01-08T18:02:12.2630629Z,0
2.885303,101.367353,Daerah: Kuala Langat<br>No:81<br>Hex coord:(6;6),Kuala Langat. Malaysia,0,0,0,0,0,0,1,2023-01-08T18:02:12.9490016Z,0
2.877523,101.380843,Daerah: Kuala Langat<br>No:82<br>Hex coord:(7;6),Carey Island. Kuala Langat. Malaysia,0,0,0,0,0,0,1,2023-01-08T18:02:13.6317572Z,0
2.885303,101.394333,Daerah: Kuala Langat<br>No:83<br>Hex coord:(8;6),Kuala Langat. 42960. Selangor. Malaysia,0,0,0,0,0,0,1,2023-01-08T18:02:14.3133062Z,0
2.877523,101.407823,Daerah: Kuala Langat<br>No:84<br>Hex coord:(9;6),Chodoi / Sungai Buaya. 42960. Selangor. Malaysia,0,0,0,0,0,0,1,2023-01-08T18:02:14.9998702Z,0
2.885303,101.421313,Daerah: Kuala Langat<br>No:85<br>Hex coord:(10;6),Kuala Langat. Teluk Panglima Garang. Selangor. Malaysia,0,0,0,0,0,0,1,2023-01-08T18:02:15.7029330Z,0
2.877523,101.434803,Daerah: Kuala Langat<br>No:86<br>Hex coord:(11;6),Chodoi / Sungai Buaya. 42960. Selangor. Malaysia,0,0,0,0,0,0,1,2023-01-08T18:02:16.4118578Z,0
2.885303,101.448293,Daerah: Kuala Langat<br>No:87<br>Hex coord:(12;6),Kolam Memancing Ikan LS. 2148 Jalan Bandar Lama. 42500 Teluk Panglima Garang. Selangor. Malaysia,0,0,0,0,0,0,1,2023-01-08T18:02:17.1601532Z,0
2.877523,101.461783,Daerah: Kuala Langat<br>No:88<br>Hex coord:(13;6),Bandar Estate. Teluk Panglima Garang. Kuala Langat. Malaysia,0,0,0,0,0,0,1,2023-01-08T18:02:17.9122002Z,0
2.885303,101.475273,Daerah: Kuala Langat<br>No:89<br>Hex coord:(14;6),Taman Jaya Utama. 42600. Selangor. Malaysia,0,0,0,0,0,0,1,2023-01-08T18:02:18.6709154Z,0
2.877523,101.488763,Daerah: Kuala Langat<br>No:90<br>Hex coord:(15;6),Taman Ria. 42600 Jenjarom. Selangor. Malaysia,1,0,0,0,0,0,1,2023-01-08T18:02:19.4349960Z,0
2.885303,101.502253,Daerah: Kuala Langat<br>No:91<br>Hex coord:(16;6),Zeally Sdn Bhd. 5.7 Jalan 3/1. 42600 Jenjarom. Selangor. Malaysia,0,0,0,0,0,0,1,2023-01-08T18:02:20.1848785Z,0
2.877523,101.515743,Daerah: Kuala Langat<br>No:92<br>Hex coord:(17;6),Taman Seri Jaromas. 42600. Selangor. Malaysia,0,0,0,0,0,0,1,2023-01-08T18:02:20.9201253Z,0
2.885303,101.529233,Daerah: Kuala Langat<br>No:93<br>Hex coord:(18;6),rumah orang kayo aiman. lot 5577 lorong nenas.jalan haji yusof 2.kampong jenjarom. 42600. Selangor. Malaysia,0,0,0,0,0,0,1,2023-01-08T18:02:21.6589796Z,0
2.877523,101.542723,Daerah: Kuala Langat<br>No:94<br>Hex coord:(19;6),Jalan Bukit Perah. Selangor. Malaysia,0,0,0,0,0,0,1,2023-01-08T18:02:22.3736211Z,0
2.885303,101.556213,Daerah: Kuala Langat<br>No:95<br>Hex coord:(20;6),Jalan Camar Putih. Bandar Rimbayu. 42500. Selangor. Malaysia,0,0,0,0,0,0,1,2023-01-08T18:02:23.0792746Z,0
2.877523,101.569703,Daerah: Kuala Langat<br>No:96<br>Hex coord:(21;6),Tanjong Duablas Malay Reservation Extension. Kuala Langat. Malaysia,0,0,0,0,0,0,1,2023-01-08T18:02:23.7870302Z,0
2.885303,101.583193,Daerah: Kuala Langat<br>No:97<br>Hex coord:(22;6),Payah Indah MTB Trail. Selangor. Malaysia,0,0,0,0,0,0,1,2023-01-08T18:02:24.4768380Z,0
2.877523,101.596683,Daerah: Kuala Langat<br>No:98<br>Hex coord:(23;6),Kuala Langat. Selangor. Malaysia,0,0,0,0,0,0,1,2023-01-08T18:02:25.1885821Z,0
2.885303,101.610173,Daerah: Kuala Langat<br>No:99<br>Hex coord:(24;6),Kuala Langat. 63000 SEPANG. Selangor. Malaysia,0,0,0,0,0,0,1,2023-01-08T18:02:25.9081199Z,0
2.877523,101.623663,Daerah: Kuala Langat<br>No:100<br>Hex coord:(25;6),Kuala Langat. 43800. Selangor. Malaysia,0,0,0,0,0,0,1,2023-01-08T18:02:26.6493970Z,0
2.869743,101.286413,Daerah: Kuala Langat<br>No:101<br>Hex coord:(0;7),Kuala Langat. Selangor. Malaysia,0,0,0,0,0,0,1,2023-01-08T18:02:27.3268966Z,0
2.861963,101.299903,Daerah: Kuala Langat<br>No:102<br>Hex coord:(1;7),Kuala Langat. Selangor. Malaysia,0,0,0,0,0,0,1,2023-01-08T18:02:28.0215236Z,0
2.869743,101.313393,Daerah: Kuala Langat<br>No:103<br>Hex coord:(2;7),Kuala Langat. Selangor. Malaysia,0,0,0,0,0,0,1,2023-01-08T18:02:28.6933872Z,0
2.861963,101.326883,Daerah: Kuala Langat<br>No:104<br>Hex coord:(3;7),Kuala Langat. 42960 Pulau Carey. Selangor. Malaysia,0,0,0,0,0,0,1,2023-01-08T18:02:29.3801703Z,0
2.869743,101.340373,Daerah: Kuala Langat<br>No:105<br>Hex coord:(4;7),Jugra Land and Carey Estate Limited Forest Reserve. Kuala Langat. Malaysia,0,0,0,0,0,0,1,2023-01-08T18:02:30.0619178Z,0
2.861963,101.353863,Daerah: Kuala Langat<br>No:106<br>Hex coord:(5;7),Kuala Langat. 42960 Pulau Carey. Selangor. Malaysia,0,0,0,0,0,0,1,2023-01-08T18:02:30.7455889Z,0
2.869743,101.367353,Daerah: Kuala Langat<br>No:107<br>Hex coord:(6;7),Lebuhraya Lembah Klang Selatan. Kuala Langat. 42960. Selangor. Malaysia,0,0,0,0,0,0,1,2023-01-08T18:02:31.4350870Z,0
2.861963,101.380843,Daerah: Kuala Langat<br>No:108<br>Hex coord:(7;7),Kuala Langat. 42960 Pulau Carey. Selangor. Malaysia,0,0,0,0,0,0,1,2023-01-08T18:02:32.1147746Z,0
2.869743,101.394333,Daerah: Kuala Langat<br>No:109<br>Hex coord:(8;7),Lebuhraya Lembah Klang Selatan. Kuala Langat. 42960. Selangor. Malaysia,0,0,0,0,0,0,1,2023-01-08T18:02:32.7976254Z,0
2.861963,101.407823,Daerah: Kuala Langat<br>No:110<br>Hex coord:(9;7),Permatang Pasir. 42960. Selangor. Malaysia,0,0,0,0,0,0,1,2023-01-08T18:02:33.4859724Z,0
2.869743,101.421313,Daerah: Kuala Langat<br>No:111<br>Hex coord:(10;7),Sungai Keluang. Banting. Kuala Langat. Malaysia,0,0,0,0,0,0,1,2023-01-08T18:02:34.1746716Z,0
2.861963,101.434803,Daerah: Kuala Langat<br>No:112<br>Hex coord:(11;7),MITIB. Banting. Kuala Langat. Malaysia,0,0,0,0,0,0,1,2023-01-08T18:02:34.8787589Z,0
2.869743,101.448293,Daerah: Kuala Langat<br>No:113<br>Hex coord:(12;7),Jalan Bandar Lama. Chodoi / Sungai Buaya. 42960. Selangor. Malaysia,0,0,0,0,0,0,1,2023-01-08T18:02:35.6057014Z,0
2.861963,101.461783,Daerah: Kuala Langat<br>No:114<br>Hex coord:(13;7),Chodoi / Sungai Buaya. 42700 BANTING. Selangor. Malaysia,0,0,0,0,0,0,1,2023-01-08T18:02:36.3390051Z,0
2.869743,101.475273,Daerah: Kuala Langat<br>No:115<br>Hex coord:(14;7),Telok Gong Estate. Jenjarom. Kuala Langat. Malaysia,0,0,0,0,0,0,1,2023-01-08T18:02:37.0628876Z,0
2.861963,101.488763,Daerah: Kuala Langat<br>No:116<br>Hex coord:(15;7),Taman Ria. 42600. Selangor. Malaysia,0,0,0,0,0,0,1,2023-01-08T18:02:37.8423989Z,0
2.869743,101.502253,Daerah: Kuala Langat<br>No:117<br>Hex coord:(16;7),Taman Seri Jaromas. 42600. Selangor. Malaysia,0,0,0,0,0,0,1,2023-01-08T18:02:38.5704742Z,0
2.861963,101.515743,Daerah: Kuala Langat<br>No:118<br>Hex coord:(17;7),Ladang Tanjong Dua Belas. Jenjarom. Kuala Langat. Malaysia,0,0,0,0,0,0,1,2023-01-08T18:02:39.3130645Z,0
2.869743,101.529233,Daerah: Kuala Langat<br>No:119<br>Hex coord:(18;7),Kuala Langat. 42600. Selangor. Malaysia,0,0,0,0,0,0,1,2023-01-08T18:02:40.0324915Z,0
2.861963,101.542723,Daerah: Kuala Langat<br>No:120<br>Hex coord:(19;7),Kota Seri Langat. Teluk Datok. Selangor. Malaysia,0,0,0,0,0,0,1,2023-01-08T18:02:40.7508726Z,0
2.869743,101.556213,Daerah: Kuala Langat<br>No:121<br>Hex coord:(20;7),Kuala Langat. 42600. Selangor. Malaysia,0,0,0,0,0,0,1,2023-01-08T18:02:41.4503821Z,0
2.861963,101.569703,Daerah: Kuala Langat<br>No:122<br>Hex coord:(21;7),Kuala Langat. Selangor. Malaysia,0,0,0,0,0,0,1,2023-01-08T18:02:42.1483117Z,0
2.869743,101.583193,Daerah: Kuala Langat<br>No:123<br>Hex coord:(22;7),Kampung Olak Lempit. Selangor. Malaysia,0,0,0,0,0,0,1,2023-01-08T18:02:42.8503215Z,0
2.861963,101.596683,Daerah: Kuala Langat<br>No:124<br>Hex coord:(23;7),Kuala Langat. Selangor. Malaysia,0,0,0,0,0,0,1,2023-01-08T18:02:43.5581760Z,0
2.869743,101.610173,Daerah: Kuala Langat<br>No:125<br>Hex coord:(24;7),Jalan Ladang. 43800 Dengkil. Selangor. Malaysia,0,0,0,0,0,0,1,2023-01-08T18:02:44.2600542Z,0
2.861963,101.623663,Daerah: Kuala Langat<br>No:126<br>Hex coord:(25;7),Paya Indah Wetlands Observation Tower. Paya Indah MTB Trail. Bukit Changgang. 43800 Dengkil. Selangor. Malaysia,0,0,0,0,0,0,1,2023-01-08T18:02:44.9914910Z,0
2.846403,101.299903,Daerah: Kuala Langat<br>No:127<br>Hex coord:(1;8),Kuala Langat. Selangor. Malaysia,0,0,0,0,0,0,1,2023-01-08T18:02:45.6601912Z,0
2.854183,101.313393,Daerah: Kuala Langat<br>No:128<br>Hex coord:(2;8),Kuala Langat. Selangor. Malaysia,0,0,0,0,0,0,1,2023-01-08T18:02:46.3472289Z,0
2.846403,101.326883,Daerah: Kuala Langat<br>No:129<br>Hex coord:(3;8),Kuala Langat. Selangor. Malaysia,0,0,0,0,0,0,1,2023-01-08T18:02:47.0268832Z,0
2.854183,101.340373,Daerah: Kuala Langat<br>No:130<br>Hex coord:(4;8),Kuala Langat. Selangor. Malaysia,0,0,0,0,0,0,1,2023-01-08T18:02:47.7138389Z,0
2.846403,101.353863,Daerah: Kuala Langat<br>No:131<br>Hex coord:(5;8),Kuala Langat. Selangor. Malaysia,0,0,0,0,0,0,1,2023-01-08T18:02:48.4016811Z,0
2.854183,101.367353,Daerah: Kuala Langat<br>No:132<br>Hex coord:(6;8),Kuala Langat. 42960. Selangor. Malaysia,0,0,0,0,0,0,1,2023-01-08T18:02:49.0792015Z,0
2.846403,101.380843,Daerah: Kuala Langat<br>No:133<br>Hex coord:(7;8),Jalan Pulau Carey. Chodoi / Sungai Buaya. 42960. Selangor. Malaysia,0,0,0,0,0,0,1,2023-01-08T18:02:49.7633330Z,0
2.854183,101.394333,Daerah: Kuala Langat<br>No:134<br>Hex coord:(8;8),Jalan Pulau Carey. Chodoi / Sungai Buaya. 42960. Selangor. Malaysia,0,0,0,0,0,0,1,2023-01-08T18:02:50.5022114Z,0
2.846403,101.407823,Daerah: Kuala Langat<br>No:135<br>Hex coord:(9;8),Amverton Cove Golf & Island Resort. Stone Steps. Permatang Pasir. 42960. Selangor. Malaysia,0,0,0,0,0,0,1,2023-01-08T18:02:51.1969860Z,0
2.854183,101.421313,Daerah: Kuala Langat<br>No:136<br>Hex coord:(10;8),Permatang Pasir. 42960. Selangor. Malaysia,0,0,0,0,0,0,1,2023-01-08T18:02:51.8912033Z,0
2.846403,101.434803,Daerah: Kuala Langat<br>No:137<br>Hex coord:(11;8),Chodoi / Sungai Buaya. 42960. Selangor. Malaysia,0,0,0,0,0,0,1,2023-01-08T18:02:52.5775734Z,0
2.854183,101.448293,Daerah: Kuala Langat<br>No:138<br>Hex coord:(12;8),Chodoi / Sungai Buaya. 42700 BANTING. Selangor. Malaysia,2,0,0,0,0,0,1,2023-01-08T18:02:53.2973030Z,0
2.846403,101.461783,Daerah: Kuala Langat<br>No:139<br>Hex coord:(13;8),Haizol's house. lot 294c Jalan Sungai Buaya. 42700 Banting. Selangor. Malaysia,1,0,0,0,0,0,1,2023-01-08T18:02:54.0321630Z,0
2.854183,101.475273,Daerah: Kuala Langat<br>No:140<br>Hex coord:(14;8),Jalan Sungai Buaya. Selangor. Malaysia,0,0,0,0,0,0,1,2023-01-08T18:02:54.7810624Z,0
2.846403,101.488763,Daerah: Kuala Langat<br>No:141<br>Hex coord:(15;8),Kuala Langat. Malaysia,0,0,0,0,0,0,1,2023-01-08T18:02:55.5349536Z,0
2.854183,101.502253,Daerah: Kuala Langat<br>No:142<br>Hex coord:(16;8),Langat River. Jenjarom. Selangor. Malaysia,0,0,0,0,0,0,1,2023-01-08T18:02:56.2716580Z,0
2.846403,101.515743,Daerah: Kuala Langat<br>No:143<br>Hex coord:(17;8),Teluk Datok. 42700. Selangor. Malaysia,0,0,0,0,0,0,1,2023-01-08T18:02:57.0175037Z,0
2.854183,101.529233,Daerah: Kuala Langat<br>No:144<br>Hex coord:(18;8),Teluk Datok. 42700. Selangor. Malaysia,0,0,0,0,0,0,1,2023-01-08T18:02:57.7456973Z,0
2.846403,101.542723,Daerah: Kuala Langat<br>No:145<br>Hex coord:(19;8),Persiaran Kota Seri Langat. Teluk Datok. 42700. Selangor. Malaysia,0,0,0,0,0,0,1,2023-01-08T18:02:58.4676003Z,0
2.854183,101.556213,Daerah: Kuala Langat<br>No:146<br>Hex coord:(20;8),West Coast Expressway. Teluk Datok. Selangor. Malaysia,0,0,0,0,0,0,1,2023-01-08T18:02:59.1664828Z,0
2.846403,101.569703,Daerah: Kuala Langat<br>No:147<br>Hex coord:(21;8),Jalan Bukit Perah. Teluk Datok. Banting. Selangor. Malaysia,0,0,0,0,0,0,1,2023-01-08T18:02:59.8684974Z,0
2.854183,101.583193,Daerah: Kuala Langat<br>No:148<br>Hex coord:(22;8),Kampung Olak Lempit. Selangor. Malaysia,0,0,0,0,0,0,1,2023-01-08T18:03:00.5766772Z,0
2.846403,101.596683,Daerah: Kuala Langat<br>No:149<br>Hex coord:(23;8),Kuala Langat. Selangor. Malaysia,0,0,0,0,0,0,1,2023-01-08T18:03:01.2974682Z,0
2.854183,101.610173,Daerah: Kuala Langat<br>No:150<br>Hex coord:(24;8),Paya Indah MTB Trail. Selangor. Malaysia,0,0,0,0,0,0,1,2023-01-08T18:03:02.0116874Z,0
2.846403,101.623663,Daerah: Kuala Langat<br>No:151<br>Hex coord:(25;8),Cheah Wan Sang Orchid Farm. Banting. Kuala Langat. Malaysia,0,0,0,0,0,0,1,2023-01-08T18:03:02.7368000Z,0
2.854183,101.637153,Daerah: Kuala Langat<br>No:152<br>Hex coord:(26;8),Typha Lake. Jalan Paya Indah. Bukit Changgang. 43800. Selangor. Malaysia,0,0,0,0,0,0,1,2023-01-08T18:03:03.4871233Z,0
2.838623,101.313393,Daerah: Kuala Langat<br>No:153<br>Hex coord:(2;9),Kuala Langat. Selangor. Malaysia,0,0,0,0,0,0,1,2023-01-08T18:03:04.1794077Z,0
2.830843,101.326883,Daerah: Kuala Langat<br>No:154<br>Hex coord:(3;9),Kuala Langat. Selangor. Malaysia,0,0,0,0,0,0,1,2023-01-08T18:03:04.8620286Z,0
2.838623,101.340373,Daerah: Kuala Langat<br>No:155<br>Hex coord:(4;9),Jalan Pulau Carey. Kuala Langat. 42960. Selangor. Malaysia,0,0,0,0,0,0,1,2023-01-08T18:03:05.5461360Z,0
2.830843,101.353863,Daerah: Kuala Langat<br>No:156<br>Hex coord:(5;9),Jalan Pulau Carey. Kuala Langat. 42960. Selangor. Malaysia,0,0,0,0,0,0,1,2023-01-08T18:03:06.2305932Z,0
2.838623,101.367353,Daerah: Kuala Langat<br>No:157<br>Hex coord:(6;9),Sungai Junus. Kuala Langat. Malaysia,0,0,0,0,0,0,1,2023-01-08T18:03:06.9130987Z,0
2.830843,101.380843,Daerah: Kuala Langat<br>No:158<br>Hex coord:(7;9),Sungai Ibu Tangan. Kuala Langat. Malaysia,0,0,0,0,0,0,1,2023-01-08T18:03:07.5969942Z,0
2.838623,101.394333,Daerah: Kuala Langat<br>No:159<br>Hex coord:(8;9),Jugra Forest Reserve Block One. Kuala Langat. Malaysia,0,0,0,0,0,0,1,2023-01-08T18:03:08.2821209Z,0
2.830843,101.407823,Daerah: Kuala Langat<br>No:160<br>Hex coord:(9;9),Bukit Jugra Paragliding (landing area). Banting. Selangor. Malaysia,0,0,0,0,0,0,1,2023-01-08T18:03:08.9737347Z,0
2.838623,101.421313,Daerah: Kuala Langat<br>No:161<br>Hex coord:(10;9),Bukit Jugra Uphill Road. Permatang Pasir. 42960 Banting. Selangor. Malaysia,0,0,0,0,0,0,1,2023-01-08T18:03:09.6624346Z,0
2.830843,101.434803,Daerah: Kuala Langat<br>No:162<br>Hex coord:(11;9),Jalan Simpang Jugra. Kampung Kathong. 42700 BANTING Banting. Selangor. Malaysia,0,0,0,0,0,0,1,2023-01-08T18:03:10.4230176Z,0
2.838623,101.448293,Daerah: Kuala Langat<br>No:163<br>Hex coord:(12;9),Jalan Sultan Suleiman Shah. Chodoi / Sungai Buaya. 42700 BANTING Banting. Selangor. Malaysia,0,0,0,0,0,0,1,2023-01-08T18:03:11.1346380Z,0
2.830843,101.461783,Daerah: Kuala Langat<br>No:164<br>Hex coord:(13;9),ladang kelapa sawit. Banting. Selangor. Malaysia,0,0,0,0,0,0,1,2023-01-08T18:03:11.8658502Z,0
2.838623,101.475273,Daerah: Kuala Langat<br>No:165<br>Hex coord:(14;9),Jalan Serdang Belah. Banting Baru. 42700. Selangor. Malaysia,0,0,0,0,0,0,1,2023-01-08T18:03:12.6156594Z,0
2.830843,101.488763,Daerah: Kuala Langat<br>No:166<br>Hex coord:(15;9),Serdang Belah Estate. Banting. Kuala Langat. Malaysia,0,0,0,0,0,0,1,2023-01-08T18:03:13.3674775Z,0
2.838623,101.502253,Daerah: Kuala Langat<br>No:167<br>Hex coord:(16;9),Teluk Datok. 42700. Selangor. Malaysia,0,0,0,0,0,0,1,2023-01-08T18:03:14.1133208Z,0
2.830843,101.515743,Daerah: Kuala Langat<br>No:168<br>Hex coord:(17;9),Teluk Datok. 42700 Banting. Selangor. Malaysia,0,0,0,0,0,0,1,2023-01-08T18:03:14.8530786Z,0
2.838623,101.529233,Daerah: Kuala Langat<br>No:169<br>Hex coord:(18;9),Giant Hypermarket. Jalan Klang Banting. Teluk Datok. 42700. Selangor. Malaysia,1,0,0,0,0,0,1,2023-01-08T18:03:15.5919354Z,0
2.830843,101.542723,Daerah: Kuala Langat<br>No:170<br>Hex coord:(19;9),BERT- SITE2. Banting. Selangor. Malaysia,0,0,0,0,0,0,1,2023-01-08T18:03:16.3055494Z,0
2.838623,101.556213,Daerah: Kuala Langat<br>No:171<br>Hex coord:(20;9),Showa Denko Carbon Malaysia. Banting. Selangor. Malaysia,0,0,0,0,0,0,1,2023-01-08T18:03:17.0166546Z,0
2.830843,101.569703,Daerah: Kuala Langat<br>No:172<br>Hex coord:(21;9),Bandar Mahkota Banting. Selangor. Malaysia,1,0,0,0,0,0,1,2023-01-08T18:03:17.7260518Z,0
2.838623,101.583193,Daerah: Kuala Langat<br>No:173<br>Hex coord:(22;9),Kuala Langat. Selangor. Malaysia,0,0,0,0,0,0,1,2023-01-08T18:03:18.4406557Z,0
2.830843,101.596683,Daerah: Kuala Langat<br>No:174<br>Hex coord:(23;9),Kampung Labohan Dagang. Selangor. Malaysia,2,0,0,0,0,0,1,2023-01-08T18:03:19.1475079Z,0
2.838623,101.610173,Daerah: Kuala Langat<br>No:175<br>Hex coord:(24;9),Kampung Labohan Dagang. Selangor. Malaysia,0,0,0,0,0,0,1,2023-01-08T18:03:19.8636355Z,0
2.830843,101.623663,Daerah: Kuala Langat<br>No:176<br>Hex coord:(25;9),Bukit Changgang. 43800. Selangor. Malaysia,0,0,0,0,0,0,1,2023-01-08T18:03:20.5859346Z,0
2.838623,101.637153,Daerah: Kuala Langat<br>No:177<br>Hex coord:(26;9),Jalan Muis. Bukit Changgang. 43800. Selangor. Malaysia,0,0,0,0,0,0,1,2023-01-08T18:03:21.3125612Z,0
2.830843,101.650643,Daerah: Kuala Langat<br>No:178<br>Hex coord:(27;9),Bukit Changgang. 43800. Selangor. Malaysia,0,0,0,0,0,0,1,2023-01-08T18:03:22.0448116Z,0
2.823063,101.367353,Daerah: Kuala Langat<br>No:179<br>Hex coord:(6;10),Kuala Langat. 42960. Selangor. Malaysia,0,0,0,0,0,0,1,2023-01-08T18:03:22.7923863Z,0
2.815283,101.380843,Daerah: Kuala Langat<br>No:180<br>Hex coord:(7;10),Sungai Pasir. Kuala Langat. Malaysia,0,0,0,0,0,0,1,2023-01-08T18:03:23.4595981Z,0
2.823063,101.394333,Daerah: Kuala Langat<br>No:181<br>Hex coord:(8;10),Kuala Langat. Selangor. Malaysia,0,0,0,0,0,0,1,2023-01-08T18:03:24.1569682Z,0
2.815283,101.407823,Daerah: Kuala Langat<br>No:182<br>Hex coord:(9;10),Kuala Langat. Selangor. Malaysia,0,0,0,0,0,0,1,2023-01-08T18:03:24.8426604Z,0
2.823063,101.421313,Daerah: Kuala Langat<br>No:183<br>Hex coord:(10;10),Permatang Pasir. 42700 BANTING. Selangor. Malaysia,0,0,0,0,0,0,1,2023-01-08T18:03:25.5461684Z,0
2.815283,101.434803,Daerah: Kuala Langat<br>No:184<br>Hex coord:(11;10),Sungai Tampoi. Banting. Kuala Langat. Malaysia,0,0,0,0,0,0,1,2023-01-08T18:03:26.2665231Z,0
2.823063,101.448293,Daerah: Kuala Langat<br>No:185<br>Hex coord:(12;10),Kuala Langat Community College. Jalan Sultan Suleiman Shah. 42700 Banting Banting. Selangor. Malaysia,0,0,0,0,0,0,1,2023-01-08T18:03:26.9923803Z,0
2.815283,101.461783,Daerah: Kuala Langat<br>No:186<br>Hex coord:(13;10),Banting Baru. 42700 BANTING. Selangor. Malaysia,0,0,0,0,0,0,1,2023-01-08T18:03:27.7203894Z,0
2.823063,101.475273,Daerah: Kuala Langat<br>No:187<br>Hex coord:(14;10),Banting Baru. 42700 BANTING. Selangor. Malaysia,0,0,0,0,0,0,1,2023-01-08T18:03:28.4639777Z,0
2.815283,101.488763,Daerah: Kuala Langat<br>No:188<br>Hex coord:(15;10),Teluk Datok. 42700 Banting. Selangor. Malaysia,4,0,0,0,0,0,1,2023-01-08T18:03:29.2396445Z,0
2.823063,101.502253,Daerah: Kuala Langat<br>No:189<br>Hex coord:(16;10),SJK(C) Kah Wah. Banting. Selangor. Malaysia,2,0,0,0,0,0,1,2023-01-08T18:03:29.9827329Z,0
2.815283,101.515743,Daerah: Kuala Langat<br>No:190<br>Hex coord:(17;10),Teluk Datok. 42700. Selangor. Malaysia,1,0,0,0,0,0,1,2023-01-08T18:03:30.7398121Z,0
2.823063,101.529233,Daerah: Kuala Langat<br>No:191<br>Hex coord:(18;10),31. Banting. Selangor. Malaysia,0,0,0,0,0,0,1,2023-01-08T18:03:31.4819946Z,0
2.815283,101.542723,Daerah: Kuala Langat<br>No:192<br>Hex coord:(19;10),Langat River (bypass). Banting. Selangor. Malaysia,0,0,0,0,0,0,1,2023-01-08T18:03:32.2154731Z,0
2.823063,101.556213,Daerah: Kuala Langat<br>No:193<br>Hex coord:(20;10),Teluk Datok. Selangor. Malaysia,1,0,0,0,0,0,1,2023-01-08T18:03:32.9332774Z,0
2.815283,101.569703,Daerah: Kuala Langat<br>No:194<br>Hex coord:(21;10),Langat River. Banting. Selangor. Malaysia,0,0,0,0,0,0,1,2023-01-08T18:03:33.6399787Z,0
2.823063,101.583193,Daerah: Kuala Langat<br>No:195<br>Hex coord:(22;10),Bandar Mahkota Banting. Selangor. Malaysia,0,0,0,0,0,0,1,2023-01-08T18:03:34.3496651Z,0
2.815283,101.596683,Daerah: Kuala Langat<br>No:196<br>Hex coord:(23;10),Lion Group Megasteel Production Complex. Selangor. Malaysia,0,0,0,0,0,0,1,2023-01-08T18:03:35.0745154Z,0
2.823063,101.610173,Daerah: Kuala Langat<br>No:197<br>Hex coord:(24;10),Jalan Labohan Dagang ? Nilai. Kampung Bukit Changgang. Selangor. Malaysia,0,0,0,0,0,0,1,2023-01-08T18:03:35.7818525Z,0
2.815283,101.623663,Daerah: Kuala Langat<br>No:198<br>Hex coord:(25;10),Jalan Labohan Dagang. Banting. Selangor. Malaysia,0,0,0,0,0,0,1,2023-01-08T18:03:36.5122582Z,0
2.823063,101.637153,Daerah: Kuala Langat<br>No:199<br>Hex coord:(26;10),Jalan Emas Kiri. 43800 Banting. Selangor. Malaysia,0,0,0,0,0,0,1,2023-01-08T18:03:37.2403606Z,0
2.815283,101.650643,Daerah: Kuala Langat<br>No:200<br>Hex coord:(27;10),Jalan Sempadan RTB. Taman D' Menara. 64000 Banting. Selangor. Malaysia,0,0,0,0,0,0,1,2023-01-08T18:03:37.9588210Z,0
2.823063,101.664133,Daerah: Kuala Langat<br>No:201<br>Hex coord:(28;10),Maju Expressway. 43800 Sepang. Selangor. Malaysia,0,0,0,0,0,0,1,2023-01-08T18:03:38.6918520Z,0
2.815283,101.677623,Daerah: Kuala Langat<br>No:202<br>Hex coord:(29;10),Kampung Kelinsing. 64000 Sepang. Selangor. Malaysia,0,0,0,0,0,0,1,2023-01-08T18:03:39.4232198Z,0
2.807503,101.394333,Daerah: Kuala Langat<br>No:203<br>Hex coord:(8;11),Kuala Langat. Selangor. Malaysia,0,0,0,0,0,0,1,2023-01-08T18:03:40.1003224Z,0
2.799723,101.407823,Daerah: Kuala Langat<br>No:204<br>Hex coord:(9;11),Kuala Langat,0,0,0,0,0,0,1,2023-01-08T18:03:40.7901275Z,0
2.807503,101.421313,Daerah: Kuala Langat<br>No:205<br>Hex coord:(10;11),Kampung Kathong. 42700 BANTING. Selangor. Malaysia,0,0,0,0,0,0,1,2023-01-08T18:03:41.4824762Z,0
2.799723,101.434803,Daerah: Kuala Langat<br>No:206<br>Hex coord:(11;11),Banting Baru. 42700 BANTING. Selangor. Malaysia,0,0,0,0,0,0,1,2023-01-08T18:03:42.1854744Z,0
2.807503,101.448293,Daerah: Kuala Langat<br>No:207<br>Hex coord:(12;11),Banting Baru. 42700 BANTING. Selangor. Malaysia,0,0,0,0,0,0,1,2023-01-08T18:03:42.9178148Z,0
2.799723,101.461783,Daerah: Kuala Langat<br>No:208<br>Hex coord:(13;11),Simpang Morib. 42700 BANTING. Selangor. Malaysia,0,0,0,0,0,0,1,2023-01-08T18:03:43.6378481Z,0
2.807503,101.475273,Daerah: Kuala Langat<br>No:209<br>Hex coord:(14;11),Banting casket. Jalan Sempadan. Banting. Selangor. Malaysia,0,0,0,0,0,0,1,2023-01-08T18:03:44.3707110Z,0
2.799723,101.488763,Daerah: Kuala Langat<br>No:210<br>Hex coord:(15;11),Taman Baiduri. 42700. Selangor. Malaysia,2,0,0,0,0,0,1,2023-01-08T18:03:45.1293282Z,0
2.807503,101.502253,Daerah: Kuala Langat<br>No:211<br>Hex coord:(16;11),Teluk Datok. 42700 Banting. Selangor. Malaysia,2,0,0,0,0,0,1,2023-01-08T18:03:45.9017685Z,0
2.799723,101.515743,Daerah: Kuala Langat<br>No:212<br>Hex coord:(17;11),Sungai Buaia Estate Telok Datok Division. Banting. Kuala Langat. Malaysia,0,0,0,0,0,0,1,2023-01-08T18:03:46.6393101Z,0
2.807503,101.529233,Daerah: Kuala Langat<br>No:213<br>Hex coord:(18;11),Langat River. Banting. Selangor. Malaysia,0,0,0,0,0,0,1,2023-01-08T18:03:47.3923401Z,0
2.799723,101.542723,Daerah: Kuala Langat<br>No:214<br>Hex coord:(19;11),Teluk Datok. 42700. Selangor. Malaysia,0,0,0,0,0,0,1,2023-01-08T18:03:48.1155233Z,0
2.807503,101.556213,Daerah: Kuala Langat<br>No:215<br>Hex coord:(20;11),Teluk Datok. Selangor. Malaysia,0,0,0,0,0,0,1,2023-01-08T18:03:48.8480826Z,0
2.799723,101.569703,Daerah: Kuala Langat<br>No:216<br>Hex coord:(21;11),Kemajuan Tanah Sungai Kelambu. Kuala Langat. Malaysia,0,0,0,0,0,0,1,2023-01-08T18:03:49.5570324Z,0
2.807503,101.583193,Daerah: Kuala Langat<br>No:217<br>Hex coord:(22;11),Langat River. Banting. Selangor. Malaysia,0,0,0,0,0,0,1,2023-01-08T18:03:50.2627083Z,0
2.799723,101.596683,Daerah: Kuala Langat<br>No:218<br>Hex coord:(23;11),Langat River. Banting. Selangor. Malaysia,0,0,0,0,0,0,1,2023-01-08T18:03:50.9743015Z,0
2.807503,101.610173,Daerah: Kuala Langat<br>No:219<br>Hex coord:(24;11),Kampung Labohan Dagang. Selangor. Malaysia,0,0,0,0,0,0,1,2023-01-08T18:03:51.6969863Z,0
2.799723,101.623663,Daerah: Kuala Langat<br>No:220<br>Hex coord:(25;11),Kampung Labohan Dagang. Selangor. Malaysia,0,0,0,0,0,0,1,2023-01-08T18:03:52.4169259Z,0
2.807503,101.637153,Daerah: Kuala Langat<br>No:221<br>Hex coord:(26;11),Taman D' Menara. 64000. Selangor. Malaysia,3,0,0,0,0,0,1,2023-01-08T18:04:29.1797858Z,0
2.799723,101.650643,Daerah: Kuala Langat<br>No:222<br>Hex coord:(27;11),GS Paper & Packaging. Lebuhraya Nilai-KLIA. Banting. Selangor. Malaysia,0,0,0,0,0,0,1,2023-01-08T18:04:30.4370545Z,0
2.807503,101.664133,Daerah: Kuala Langat<br>No:223<br>Hex coord:(28;11),Taman Langat Murni. 42700. Selangor. Malaysia,0,0,0,0,0,0,1,2023-01-08T18:04:31.1650056Z,0
2.791943,101.421313,Daerah: Kuala Langat<br>No:224<br>Hex coord:(10;12),Jalan Pantai Baru. 42700 BANTING Banting. Selangor. Malaysia,0,0,0,0,0,0,1,2023-01-08T18:04:31.8594938Z,0
2.784163,101.434803,Daerah: Kuala Langat<br>No:225<br>Hex coord:(11;12),Changkat Estate. Banting. Kuala Langat. Malaysia,0,0,0,0,0,0,1,2023-01-08T18:04:32.5603712Z,0
2.791943,101.448293,Daerah: Kuala Langat<br>No:226<br>Hex coord:(12;12),Jalan Kelanang. Simpang Morib. 42700 BANTING. Selangor. Malaysia,0,0,0,0,0,0,1,2023-01-08T18:04:33.2895329Z,0
2.784163,101.461783,Daerah: Kuala Langat<br>No:227<br>Hex coord:(13;12),Simpang Morib. 42700 BANTING Banting. Selangor. Malaysia,0,0,0,0,0,0,1,2023-01-08T18:04:34.0175031Z,0
2.791943,101.475273,Daerah: Kuala Langat<br>No:228<br>Hex coord:(14;12),Taman Baiduri. 42700. Selangor. Malaysia,0,0,0,0,0,0,1,2023-01-08T18:04:34.7526640Z,0
2.784163,101.488763,Daerah: Kuala Langat<br>No:229<br>Hex coord:(15;12),Taman Baiduri. 42700. Selangor. Malaysia,0,0,0,0,0,0,1,2023-01-08T18:04:35.5127331Z,0
2.791943,101.502253,Daerah: Kuala Langat<br>No:230<br>Hex coord:(16;12),Rumah Bungalow Dr. Ravi. 12 Jalan Cempaka Kuning. Taman Cempaka. 42700 Banting. Selangor. Malaysia,0,0,0,0,0,0,1,2023-01-08T18:04:36.2646857Z,0
2.784163,101.515743,Daerah: Kuala Langat<br>No:231<br>Hex coord:(17;12),Mistjuicey Vapestore. 34 Jalan Bersatu Kampung Sungai Lang. 42700 Banting. Selangor. Malaysia,0,0,0,0,0,0,1,2023-01-08T18:04:37.0022300Z,0
2.791943,101.529233,Daerah: Kuala Langat<br>No:232<br>Hex coord:(18;12),Teluk Datok. 42700. Selangor. Malaysia,0,0,0,0,0,0,1,2023-01-08T18:04:37.7326296Z,0
2.784163,101.542723,Daerah: Kuala Langat<br>No:233<br>Hex coord:(19;12),Teluk Datok. Selangor. Malaysia,0,0,0,0,0,0,1,2023-01-08T18:04:38.4517543Z,0
2.791943,101.556213,Daerah: Kuala Langat<br>No:234<br>Hex coord:(20;12),Teluk Datok. Selangor. Malaysia,0,0,0,0,0,0,1,2023-01-08T18:04:39.1609124Z,0
2.784163,101.569703,Daerah: Kuala Langat<br>No:235<br>Hex coord:(21;12),Kemajuan Tanah Sungai Kelambu. Kuala Langat. Malaysia,0,0,0,0,0,0,1,2023-01-08T18:04:39.8595410Z,0
2.791943,101.583193,Daerah: Kuala Langat<br>No:236<br>Hex coord:(22;12),Loji Rawatan Air Labohan Dagang. 42700. Selangor. Malaysia,0,0,0,0,0,0,1,2023-01-08T18:04:40.5715028Z,0
2.784163,101.596683,Daerah: Kuala Langat<br>No:237<br>Hex coord:(23;12),Kuala Langat. Selangor. Malaysia,0,0,0,0,0,0,1,2023-01-08T18:04:41.2652200Z,0
2.791943,101.610173,Daerah: Kuala Langat<br>No:238<br>Hex coord:(24;12),Labohan Dagang Off River Storage. Selangor. Malaysia,0,0,0,0,0,0,1,2023-01-08T18:04:41.9612154Z,0
2.784163,101.623663,Daerah: Kuala Langat<br>No:239<br>Hex coord:(25;12),Sungai Kelembau. Banting. Kuala Langat. Malaysia,0,0,0,0,0,0,1,2023-01-08T18:04:42.6727203Z,0
2.791943,101.637153,Daerah: Kuala Langat<br>No:240<br>Hex coord:(26;12),Bukit Changgang. 64000. Selangor. Malaysia,0,0,0,0,0,0,1,2023-01-08T18:04:43.3923829Z,0
2.784163,101.650643,Daerah: Kuala Langat<br>No:241<br>Hex coord:(27;12),64000 Sepang. Selangor. Malaysia,0,0,0,0,0,0,1,2023-01-08T18:04:44.0968231Z,0
2.768603,101.434803,Daerah: Kuala Langat<br>No:242<br>Hex coord:(11;13),Tanjung Tongkah,0,0,0,0,0,0,1,2023-01-08T18:04:44.7959943Z,0
2.776383,101.448293,Daerah: Kuala Langat<br>No:243<br>Hex coord:(12;13),Simpang Morib. Selangor. Malaysia,1,0,0,0,0,0,1,2023-01-08T18:04:45.5095277Z,0
2.768603,101.461783,Daerah: Kuala Langat<br>No:244<br>Hex coord:(13;13),Jalan Tali Air. Kanchong Darat. Selangor. Malaysia,1,0,0,0,0,0,1,2023-01-08T18:04:46.2267429Z,0
2.776383,101.475273,Daerah: Kuala Langat<br>No:245<br>Hex coord:(14;13),Kanchong Darat. 42700. Selangor. Malaysia,0,0,0,0,0,0,1,2023-01-08T18:04:46.9739628Z,0
2.768603,101.488763,Daerah: Kuala Langat<br>No:246<br>Hex coord:(15;13),B121. Kanchong Darat. Selangor. Malaysia,1,0,0,0,0,0,1,2023-01-08T18:04:47.6969951Z,0
2.776383,101.502253,Daerah: Kuala Langat<br>No:247<br>Hex coord:(16;13),Kanchong Darat. 42700. Selangor. Malaysia,0,0,0,0,0,0,1,2023-01-08T18:04:48.4325062Z,0
2.768603,101.515743,Daerah: Kuala Langat<br>No:248<br>Hex coord:(17;13),Jalan Durian. Kanchong Darat. 42700. Selangor. Malaysia,0,0,0,0,0,0,1,2023-01-08T18:04:49.1640517Z,0
2.776383,101.529233,Daerah: Kuala Langat<br>No:249<br>Hex coord:(18;13),Teluk Datok. Selangor. Malaysia,0,0,0,0,0,0,1,2023-01-08T18:04:49.8837152Z,0
2.768603,101.542723,Daerah: Kuala Langat<br>No:250<br>Hex coord:(19;13),Kuala Langat. Selangor. Malaysia,0,0,0,0,0,0,1,2023-01-08T18:04:50.5780065Z,0
2.776383,101.556213,Daerah: Kuala Langat<br>No:251<br>Hex coord:(20;13),Teluk Datok. Selangor. Malaysia,0,0,0,0,0,0,1,2023-01-08T18:04:51.2706261Z,0
2.768603,101.569703,Daerah: Kuala Langat<br>No:252<br>Hex coord:(21;13),Kuala Langat. Selangor. Malaysia,0,0,0,0,0,0,1,2023-01-08T18:04:51.9486585Z,0
2.776383,101.583193,Daerah: Kuala Langat<br>No:253<br>Hex coord:(22;13),Kuala Langat. Selangor. Malaysia,0,0,0,0,0,0,1,2023-01-08T18:04:52.6421177Z,0
2.768603,101.596683,Daerah: Kuala Langat<br>No:254<br>Hex coord:(23;13),Kuala Langat. Selangor. Malaysia,0,0,0,0,0,0,1,2023-01-08T18:04:53.3320246Z,0
2.776383,101.610173,Daerah: Kuala Langat<br>No:255<br>Hex coord:(24;13),Kuala Langat. Selangor. Malaysia,0,0,0,0,0,0,1,2023-01-08T18:04:54.0302222Z,0
2.768603,101.623663,Daerah: Kuala Langat<br>No:256<br>Hex coord:(25;13),Jalan BSE 4/36. 42700 Banting. Selangor. Malaysia,1,0,0,0,0,0,1,2023-01-08T18:04:54.7391778Z,0
2.776383,101.637153,Daerah: Kuala Langat<br>No:257<br>Hex coord:(26;13),Persiaran Hulu Selangor. Kampung Labohan Dagang. 64000. Selangor. Malaysia,0,0,0,0,0,0,1,2023-01-08T18:04:55.4373937Z,0
2.760823,101.448293,Daerah: Kuala Langat<br>No:258<br>Hex coord:(12;14),Jalan Banting - Port Dickson. Simpang Morib. 42700 BANTING. Selangor. Malaysia,0,0,0,0,0,0,1,2023-01-08T18:04:56.1463114Z,0
2.753043,101.461783,Daerah: Kuala Langat<br>No:259<br>Hex coord:(13;14),Kanchong Darat. Selangor. Malaysia,0,0,0,0,0,0,1,2023-01-08T18:04:56.8493475Z,0
2.760823,101.475273,Daerah: Kuala Langat<br>No:260<br>Hex coord:(14;14),Kanchong Laut. Selangor. Malaysia,0,0,0,0,0,0,1,2023-01-08T18:04:57.5856674Z,0
2.753043,101.488763,Daerah: Kuala Langat<br>No:261<br>Hex coord:(15;14),Kanchong Darat. Selangor. Malaysia,1,0,0,0,0,0,1,2023-01-08T18:04:58.2839448Z,0
2.760823,101.502253,Daerah: Kuala Langat<br>No:262<br>Hex coord:(16;14),B121. Kanchong Darat. Selangor. Malaysia,0,0,0,0,0,0,1,2023-01-08T18:04:59.0058851Z,0
2.753043,101.515743,Daerah: Kuala Langat<br>No:263<br>Hex coord:(17;14),B121. Kanchong Darat. Selangor. Malaysia,0,0,0,0,0,0,1,2023-01-08T18:04:59.7021018Z,0
2.760823,101.529233,Daerah: Kuala Langat<br>No:264<br>Hex coord:(18;14),Jalan Durian. Kanchong Darat. 42700. Selangor. Malaysia,0,0,0,0,0,0,1,2023-01-08T18:05:00.3929648Z,0
2.753043,101.542723,Daerah: Kuala Langat<br>No:265<br>Hex coord:(19;14),Kuala Langat. Selangor. Malaysia,0,0,0,0,0,0,1,2023-01-08T18:05:01.0860168Z,0
2.760823,101.556213,Daerah: Kuala Langat<br>No:266<br>Hex coord:(20;14),Kuala Langat. Selangor. Malaysia,0,0,0,0,0,0,1,2023-01-08T18:05:01.7666835Z,0
2.753043,101.569703,Daerah: Kuala Langat<br>No:267<br>Hex coord:(21;14),Kuala Langat. Selangor. Malaysia,0,0,0,0,0,0,1,2023-01-08T18:05:02.4453398Z,0
2.760823,101.583193,Daerah: Kuala Langat<br>No:268<br>Hex coord:(22;14),Kuala Langat. Selangor. Malaysia,0,0,0,0,0,0,1,2023-01-08T18:05:03.1369738Z,0
2.753043,101.596683,Daerah: Kuala Langat<br>No:269<br>Hex coord:(23;14),Kuala Langat. Selangor. Malaysia,0,0,0,0,0,0,1,2023-01-08T18:05:03.8194330Z,0
2.760823,101.610173,Daerah: Kuala Langat<br>No:270<br>Hex coord:(24;14),Kuala Langat. Selangor. Malaysia,0,0,0,0,0,0,1,2023-01-08T18:05:04.5023734Z,0
2.753043,101.623663,Daerah: Kuala Langat<br>No:271<br>Hex coord:(25;14),Kuala Langat. Selangor. Malaysia,0,0,0,0,0,0,1,2023-01-08T18:05:05.1922744Z,0
2.745263,101.448293,Daerah: Kuala Langat<br>No:272<br>Hex coord:(12;15),Kanchong Laut. Selangor. Malaysia,0,0,0,0,0,0,1,2023-01-08T18:05:05.8727153Z,0
2.737483,101.461783,Daerah: Kuala Langat<br>No:273<br>Hex coord:(13;15),1002 Jalan Besar. 42700 Banting. Selangor. Malaysia,0,0,0,0,0,0,1,2023-01-08T18:05:06.5533546Z,0
2.745263,101.475273,Daerah: Kuala Langat<br>No:274<br>Hex coord:(14;15),Morib. Selangor. Malaysia,0,0,0,0,0,0,1,2023-01-08T18:05:07.2448806Z,0
2.737483,101.488763,Daerah: Kuala Langat<br>No:275<br>Hex coord:(15;15),Kanchong Laut. Selangor. Malaysia,0,0,0,0,0,0,1,2023-01-08T18:05:07.9370925Z,0
2.745263,101.502253,Daerah: Kuala Langat<br>No:276<br>Hex coord:(16;15),Kanchong Darat. Selangor. Malaysia,0,0,0,0,0,0,1,2023-01-08T18:05:08.6376937Z,0
2.737483,101.515743,Daerah: Kuala Langat<br>No:277<br>Hex coord:(17;15),Kuala Langat. Selangor. Malaysia,0,0,0,0,0,0,1,2023-01-08T18:05:09.3325376Z,0
2.745263,101.529233,Daerah: Kuala Langat<br>No:278<br>Hex coord:(18;15),Hutan Rizab Kuala Langat Selatan. Kuala Langat. Malaysia,0,0,0,0,0,0,1,2023-01-08T18:05:10.0190506Z,0
2.737483,101.542723,Daerah: Kuala Langat<br>No:279<br>Hex coord:(19;15),Kuala Langat. Selangor. Malaysia,0,0,0,0,0,0,1,2023-01-08T18:05:10.6956065Z,0
2.745263,101.556213,Daerah: Kuala Langat<br>No:280<br>Hex coord:(20;15),Kuala Langat. Selangor. Malaysia,0,0,0,0,0,0,1,2023-01-08T18:05:11.3748472Z,0
2.737483,101.569703,Daerah: Kuala Langat<br>No:281<br>Hex coord:(21;15),Kuala Langat. Selangor. Malaysia,0,0,0,0,0,0,1,2023-01-08T18:05:12.0558225Z,0
2.745263,101.583193,Daerah: Kuala Langat<br>No:282<br>Hex coord:(22;15),Kuala Langat. Selangor. Malaysia,0,0,0,0,0,0,1,2023-01-08T18:05:12.7333156Z,0
2.737483,101.596683,Daerah: Kuala Langat<br>No:283<br>Hex coord:(23;15),Kuala Langat. Selangor. Malaysia,0,0,0,0,0,0,1,2023-01-08T18:05:13.4215451Z,0
2.745263,101.610173,Daerah: Kuala Langat<br>No:284<br>Hex coord:(24;15),Kuala Langat. Selangor. Malaysia,0,0,0,0,0,0,1,2023-01-08T18:05:14.1031537Z,0
2.737483,101.623663,Daerah: Kuala Langat<br>No:285<br>Hex coord:(25;15),Kuala Langat. Selangor. Malaysia,0,0,0,0,0,0,1,2023-01-08T18:05:14.7861224Z,0
2.721923,101.461783,Daerah: Kuala Langat<br>No:286<br>Hex coord:(13;16),Kanchong Laut. Selangor. Malaysia,0,0,0,0,0,0,1,2023-01-08T18:05:51.5038148Z,0
2.729703,101.475273,Daerah: Kuala Langat<br>No:287<br>Hex coord:(14;16),Kanchong Laut. Selangor. Malaysia,0,0,0,0,0,0,1,2023-01-08T18:05:52.2983442Z,0
2.721923,101.488763,Daerah: Kuala Langat<br>No:288<br>Hex coord:(15;16),Kanchong Laut. Selangor. Malaysia,0,0,0,0,0,0,1,2023-01-08T18:05:53.0835344Z,0
2.729703,101.502253,Daerah: Kuala Langat<br>No:289<br>Hex coord:(16;16),Kuala Langat. Selangor. Malaysia,0,0,0,0,0,0,1,2023-01-08T18:05:53.7640584Z,0
2.721923,101.515743,Daerah: Kuala Langat<br>No:290<br>Hex coord:(17;16),Kuala Langat. Selangor. Malaysia,0,0,0,0,0,0,1,2023-01-08T18:05:54.4515000Z,0
2.729703,101.529233,Daerah: Kuala Langat<br>No:291<br>Hex coord:(18;16),Kemajuan Tanah Darat Batu. Kuala Langat. Malaysia,0,0,0,0,0,0,1,2023-01-08T18:05:55.1351701Z,0
2.721923,101.542723,Daerah: Kuala Langat<br>No:292<br>Hex coord:(19;16),Kuala Langat. Selangor. Malaysia,0,0,0,0,0,0,1,2023-01-08T18:05:55.8170056Z,0
2.729703,101.556213,Daerah: Kuala Langat<br>No:293<br>Hex coord:(20;16),Kuala Langat. Selangor. Malaysia,0,0,0,0,0,0,1,2023-01-08T18:05:56.4976798Z,0
2.721923,101.569703,Daerah: Kuala Langat<br>No:294<br>Hex coord:(21;16),Kuala Langat. Selangor. Malaysia,0,0,0,0,0,0,1,2023-01-08T18:05:57.1835668Z,0
2.729703,101.583193,Daerah: Kuala Langat<br>No:295<br>Hex coord:(22;16),Kuala Langat. Selangor. Malaysia,0,0,0,0,0,0,1,2023-01-08T18:05:57.9009221Z,0
2.729703,101.610173,Daerah: Kuala Langat<br>No:296<br>Hex coord:(24;16),64000 Sepang. Selangor. Malaysia,0,0,0,0,0,0,1,2023-01-08T18:05:58.7528495Z,0
2.714143,101.475273,Daerah: Kuala Langat<br>No:297<br>Hex coord:(14;17),Kelang Estate. Kuala Langat. Malaysia,1,0,0,0,0,0,1,2023-01-08T18:05:59.5772902Z,0
2.706363,101.488763,Daerah: Kuala Langat<br>No:298<br>Hex coord:(15;17),Kanchong Laut. Selangor. Malaysia,0,0,0,0,0,0,1,2023-01-08T18:06:00.4709492Z,0
2.714143,101.502253,Daerah: Kuala Langat<br>No:299<br>Hex coord:(16;17),Ladang Jugra. Kuala Langat. Malaysia,0,0,0,0,0,0,1,2023-01-08T18:06:01.4504716Z,0
2.706363,101.515743,Daerah: Kuala Langat<br>No:300<br>Hex coord:(17;17),Kuala Langat. Selangor. Malaysia,0,0,0,0,0,0,1,2023-01-08T18:06:02.2786042Z,0
2.714143,101.529233,Daerah: Kuala Langat<br>No:301<br>Hex coord:(18;17),Kuala Langat. Selangor. Malaysia,0,0,0,0,0,0,1,2023-01-08T18:06:03.0946170Z,0
2.706363,101.542723,Daerah: Kuala Langat<br>No:302<br>Hex coord:(19;17),Kuala Langat. Selangor. Malaysia,0,0,0,0,0,0,1,2023-01-08T18:06:03.7833645Z,0
2.714143,101.556213,Daerah: Kuala Langat<br>No:303<br>Hex coord:(20;17),Kuala Langat. Selangor. Malaysia,0,0,0,0,0,0,1,2023-01-08T18:06:04.4638520Z,0
2.706363,101.569703,Daerah: Kuala Langat<br>No:304<br>Hex coord:(21;17),Kuala Langat. Selangor. Malaysia,0,0,0,0,0,0,1,2023-01-08T18:06:05.1658128Z,0
2.714143,101.583193,Daerah: Kuala Langat<br>No:305<br>Hex coord:(22;17),Kuala Langat. Selangor. Malaysia,0,0,0,0,0,0,1,2023-01-08T18:06:05.8460874Z,0
2.698583,101.475273,Daerah: Kuala Langat<br>No:306<br>Hex coord:(14;18),Ladang Gadong. Banting. Kuala Langat. Malaysia,0,0,0,0,0,0,1,2023-01-08T18:06:06.5288932Z,0
2.690803,101.488763,Daerah: Kuala Langat<br>No:307<br>Hex coord:(15;18),Kanchong Laut. Selangor. Malaysia,0,0,0,0,0,0,1,2023-01-08T18:06:07.2150010Z,0
2.698583,101.502253,Daerah: Kuala Langat<br>No:308<br>Hex coord:(16;18),Kanchong Laut. Selangor. Malaysia,0,0,0,0,0,0,1,2023-01-08T18:06:07.9048668Z,0
2.690803,101.515743,Daerah: Kuala Langat<br>No:309<br>Hex coord:(17;18),Kuala Langat. Selangor. Malaysia,0,0,0,0,0,0,1,2023-01-08T18:06:08.5932718Z,0
2.698583,101.529233,Daerah: Kuala Langat<br>No:310<br>Hex coord:(18;18),Kuala Langat. Selangor. Malaysia,0,0,0,0,0,0,1,2023-01-08T18:06:09.2956616Z,0
2.690803,101.542723,Daerah: Kuala Langat<br>No:311<br>Hex coord:(19;18),Kuala Langat. Selangor. Malaysia,0,0,0,0,0,0,1,2023-01-08T18:06:10.0244744Z,0
2.698583,101.556213,Daerah: Kuala Langat<br>No:312<br>Hex coord:(20;18),Kuala Langat. Selangor. Malaysia,0,0,0,0,0,0,1,2023-01-08T18:06:10.7144107Z,0
2.690803,101.569703,Daerah: Kuala Langat<br>No:313<br>Hex coord:(21;18),Kuala Langat. Selangor. Malaysia,0,0,0,0,0,0,1,2023-01-08T18:06:11.4079641Z,0
2.698583,101.583193,Daerah: Kuala Langat<br>No:314<br>Hex coord:(22;18),Kuala Langat. Selangor. Malaysia,0,0,0,0,0,0,1,2023-01-08T18:06:12.0862379Z,0
2.683023,101.502253,Daerah: Kuala Langat<br>No:315<br>Hex coord:(16;19),Sungai Giling. Tanjung Sepat,0,0,0,0,0,0,1,2023-01-08T18:06:12.7623518Z,0
2.675243,101.515743,Daerah: Kuala Langat<br>No:316<br>Hex coord:(17;19),Sungai Batu. Tanjung Sepat,0,0,0,0,0,0,1,2023-01-08T18:06:13.4419006Z,0
2.683023,101.529233,Daerah: Kuala Langat<br>No:317<br>Hex coord:(18;19),Kuala Langat. Selangor. Malaysia,1,0,0,0,0,0,1,2023-01-08T18:06:14.1184918Z,0
2.675243,101.542723,Daerah: Kuala Langat<br>No:318<br>Hex coord:(19;19),Kuala Langat. Selangor. Malaysia,0,0,0,0,0,0,1,2023-01-08T18:06:14.8049094Z,0
2.683023,101.556213,Daerah: Kuala Langat<br>No:319<br>Hex coord:(20;19),Kuala Langat. Selangor. Malaysia,0,0,0,0,0,0,1,2023-01-08T18:06:15.4875910Z,0
2.675243,101.569703,Daerah: Kuala Langat<br>No:320<br>Hex coord:(21;19),Kuala Langat. Selangor. Malaysia,0,0,0,0,0,0,1,2023-01-08T18:06:16.1679680Z,0
2.683023,101.583193,Daerah: Kuala Langat<br>No:321<br>Hex coord:(22;19),Kuala Langat. Selangor. Malaysia,0,0,0,0,0,0,1,2023-01-08T18:06:16.8520083Z,0
2.667463,101.556213,Daerah: Kuala Langat<br>No:322<br>Hex coord:(20;20),Kuala Langat. Selangor. Malaysia,0,0,0,0,0,0,1,2023-01-08T18:06:17.5408044Z,0
2.659683,101.569703,Daerah: Kuala Langat<br>No:323<br>Hex coord:(21;20),Jalan Parit A. Tanjung Sepat. Selangor. Malaysia,0,0,0,0,0,0,1,2023-01-08T18:06:18.2483674Z,0
2.667463,101.583193,Daerah: Kuala Langat<br>No:324<br>Hex coord:(22;20),Ladang Tanjung Sepat Bahagian Jugra. Kuala Langat. Malaysia,0,0,0,0,0,0,1,2023-01-08T18:06:19.0289759Z,0
2.659683,101.596683,Daerah: Kuala Langat<br>No:325<br>Hex coord:(23;20),Jalan Tumbuk Sempadan. Kuala Langat. Selangor. Malaysia,0,0,0,0,0,0,1,2023-01-08T18:06:19.7175647Z,0
2.651903,101.583193,Daerah: Kuala Langat<br>No:326<br>Hex coord:(22;21),Kuala Langat. Selangor. Malaysia,0,0,0,0,0,0,1,2023-01-08T18:06:20.4122490Z,0