lat,lon,label,placename,weeklyactive,DENGUE,RABIES,ANIMAL_RABIES,MEASLES,HFMD,weight,timestamp,TB
5.57822,100.3515345,Daerah: Kuala Muda<br>No:x<br>Hex coord:(1;0),Kampung Hujung Tepi Sungai. Kedah. Malaysia,0,0,0,0,0,0,1,2023-02-11T18:41:46.0896866Z,0
5.586,100.3650689,Daerah: Kuala Muda<br>No:x<br>Hex coord:(2;0),Kampung Permatang Kelompang. Kedah. Malaysia,0,0,0,0,0,0,1,2023-02-11T18:41:46.8176951Z,0
5.57822,100.3786034,Daerah: Seberang Perai Utara<br>No:1<br>Hex coord:(3;0),Permatang Bendahari. Seberang Perai. Malaysia,0,0,0,0,0,0,1,2023-02-11T18:41:47.4785423Z,1
5.57822,100.4056724,Daerah: Kuala Muda<br>No:x<br>Hex coord:(5;0),Sekolah Kebangsaan Rantau Panjang. Kedah. Malaysia,0,0,0,0,0,0,1,2023-02-11T18:41:48.1540708Z,0
5.57044,100.3380001,Daerah: Seberang Perai Utara<br>No:x<br>Hex coord:(0;1),North Seberang Perai District. Seberang Perai. Malaysia,0,0,0,0,0,0,1,2023-02-11T18:41:48.8377762Z,0
5.56266,100.3515345,Daerah: Seberang Perai Utara<br>No:2<br>Hex coord:(1;1),Kampung Bakau Tua. Seberang Perai. Malaysia,0,0,0,0,0,0,1,2023-02-11T18:41:49.5030121Z,0
5.57044,100.3650689,Daerah: Seberang Perai Utara<br>No:3<br>Hex coord:(2;1),Pulau Mertajam. Seberang Perai. Malaysia,0,0,0,0,0,0,1,2023-02-11T18:41:50.1752910Z,1
5.56266,100.3786034,Daerah: Seberang Perai Utara<br>No:4<br>Hex coord:(3;1),Kampung Permatang Kabu. Seberang Perai. Malaysia,0,0,0,0,0,0,1,2023-02-11T18:41:50.8421982Z,0
5.57044,100.3921379,Daerah: Seberang Perai Utara<br>No:5<br>Hex coord:(4;1),Kampung Permatang Kabu. Seberang Perai. Malaysia,0,0,0,0,0,0,1,2023-02-11T18:41:51.5108783Z,0
5.56266,100.4056724,Daerah: Seberang Perai Utara<br>No:6<br>Hex coord:(5;1),Taman Bongor Muda. 08600. Penang. Malaysia,0,0,0,0,0,0,1,2023-02-11T18:41:52.1843532Z,0
5.57044,100.4192068,Daerah: Kuala Muda<br>No:x<br>Hex coord:(6;1),Kampung Sungai Korok. 08600. Kedah. Malaysia,0,0,0,0,0,0,1,2023-02-11T18:41:52.8664536Z,0
5.56266,100.4327413,Daerah: Seberang Perai Utara<br>No:x<br>Hex coord:(7;1),Taman Bongor Muda. 08600. Penang. Malaysia,0,0,0,0,0,0,1,2023-02-11T18:41:53.5364349Z,0
5.57044,100.4462758,Daerah: Kuala Muda<br>No:x<br>Hex coord:(8;1),Taman Seri Pekula 1. 08600. Kedah. Malaysia,0,0,0,0,0,0,1,2023-02-11T18:41:54.2092617Z,1
5.56266,100.4598103,Daerah: Seberang Perai Utara<br>No:7<br>Hex coord:(9;1),Lahar Tiang. 08600. Penang. Malaysia,0,0,0,0,0,0,1,2023-02-11T18:41:54.9032578Z,0
5.57044,100.4733447,Daerah: Kuala Muda<br>No:x<br>Hex coord:(10;1),Kampung Kepala Bukit. 08600. Kedah. Malaysia,0,0,0,0,0,0,1,2023-02-11T18:41:55.5946770Z,0
5.56266,100.4868792,Daerah: Seberang Perai Utara<br>No:8<br>Hex coord:(11;1),Lahar Tiang. 08600. Penang. Malaysia,0,0,0,0,0,0,1,2023-02-11T18:41:56.2929085Z,0
5.57044,100.5004137,Daerah: Kuala Muda<br>No:x<br>Hex coord:(12;1),Kuala Muda. Kedah. Malaysia,0,0,0,0,0,0,1,2023-02-11T18:41:56.9798473Z,0
5.56266,100.5139482,Daerah: Kuala Muda<br>No:x<br>Hex coord:(13;1),Kampung Pantai Perai. Kedah. Malaysia,0,0,0,0,0,0,1,2023-02-11T18:41:57.6788796Z,0
5.55488,100.3650689,Daerah: Seberang Perai Utara<br>No:9<br>Hex coord:(2;2),Jalan Pasir Gebu. Kota Kuala Muda. Seberang Perai Utara. Malaysia,0,0,0,0,0,0,1,2023-02-11T18:41:58.3410635Z,0
5.5471,100.3786034,Daerah: Seberang Perai Utara<br>No:10<br>Hex coord:(3;2),Pusat Tuisyen Aura Berjaya. Jalan Penaga. Taman Penaga Permai. 13100 Penaga. Penang. Malaysia,0,0,0,0,0,0,1,2023-02-11T18:41:59.0093189Z,0
5.55488,100.3921379,Daerah: Seberang Perai Utara<br>No:11<br>Hex coord:(4;2),P102. Kampung Permatang Kabu. 13100. Penang. Malaysia,0,0,0,0,0,0,1,2023-02-11T18:41:59.6982034Z,0
5.5471,100.4056724,Daerah: Seberang Perai Utara<br>No:12<br>Hex coord:(5;2),Kampung Permatang Kabu. 13100. Penang. Malaysia,0,0,0,0,0,0,1,2023-02-11T18:42:00.3806829Z,0
5.55488,100.4192068,Daerah: Seberang Perai Utara<br>No:13<br>Hex coord:(6;2),Durian Wenny Kg. Guar Kepah. 1421 Guar Kepah. 13200 Kepala Batas. Penang. Malaysia,0,0,0,0,0,0,1,2023-02-11T18:42:01.0640864Z,0
5.5471,100.4327413,Daerah: Seberang Perai Utara<br>No:14<br>Hex coord:(7;2),Euan Auto Centre. Kepala Batas. Seberang Perai Utara. Malaysia,0,0,0,0,0,0,1,2023-02-11T18:42:01.7425896Z,0
5.55488,100.4462758,Daerah: Seberang Perai Utara<br>No:15<br>Hex coord:(8;2),Permatang Tinggi Bakar Bata. 08600. Penang. Malaysia,0,0,0,0,0,0,1,2023-02-11T18:42:02.4287538Z,0
5.5471,100.4598103,Daerah: Seberang Perai Utara<br>No:16<br>Hex coord:(9;2),Jalan Paya Keladi. Kepala Batas. Penang. Malaysia,0,0,0,0,0,0,1,2023-02-11T18:42:03.1135719Z,0
5.55488,100.4733447,Daerah: Seberang Perai Utara<br>No:17<br>Hex coord:(10;2),Lahar Tiang. 08600. Penang. Malaysia,0,0,0,0,0,0,1,2023-02-11T18:42:03.7941342Z,0
5.5471,100.4868792,Daerah: Seberang Perai Utara<br>No:18<br>Hex coord:(11;2),Pangkalan Udara JBPM Bertam. Kepala Batas. Penang. Malaysia,0,0,0,0,0,0,1,2023-02-11T18:42:04.4847516Z,0
5.55488,100.5004137,Daerah: Seberang Perai Utara<br>No:19<br>Hex coord:(12;2),Pinang Tunggal. Seberang Perai. Malaysia,0,0,0,0,0,0,1,2023-02-11T18:42:05.1753225Z,0
5.5471,100.5139482,Daerah: Seberang Perai Utara<br>No:20<br>Hex coord:(13;2),Kampung Lembah Raja. Seberang Perai. Malaysia,0,0,0,0,0,0,1,2023-02-11T18:42:05.8583256Z,0
5.55488,100.5274826,Daerah: Kuala Muda<br>No:x<br>Hex coord:(14;2),Kampung Pantai Perai. Kedah. Malaysia,0,0,0,0,0,0,1,2023-02-11T18:42:06.5461002Z,0
5.53932,100.3650689,Daerah: Seberang Perai Utara<br>No:x<br>Hex coord:(2;3),Kuala Sungai Tembus. 13100 Penaga. Penang. Malaysia,0,0,0,0,0,0,1,2023-02-11T18:42:07.2181175Z,0
5.53154,100.3786034,Daerah: Seberang Perai Utara<br>No:21<br>Hex coord:(3;3),Taman Penaga Permai. 13100. Penang. Malaysia,0,0,0,0,0,0,1,2023-02-11T18:42:07.9002554Z,1
5.53932,100.3921379,Daerah: Seberang Perai Utara<br>No:22<br>Hex coord:(4;3),Taman Penaga Permai. 13100. Penang. Malaysia,0,0,0,0,0,0,1,2023-02-11T18:42:08.5721987Z,0
5.53154,100.4056724,Daerah: Seberang Perai Utara<br>No:23<br>Hex coord:(5;3),460 Jalan Permatang Kuang. 13100 Kepala Batas. Penang. Malaysia,0,0,0,0,0,0,1,2023-02-11T18:42:09.2538325Z,0
5.53932,100.4192068,Daerah: Seberang Perai Utara<br>No:24<br>Hex coord:(6;3),Kampung Padang. 13200. Penang. Malaysia,0,0,0,0,0,0,1,2023-02-11T18:42:09.9357005Z,0
5.53154,100.4327413,Daerah: Seberang Perai Utara<br>No:25<br>Hex coord:(7;3),Taman Bertam Indah. 13200 Kepala Batas. Penang. Malaysia,0,0,0,0,0,0,1,2023-02-11T18:42:10.6421642Z,0
5.53932,100.4462758,Daerah: Seberang Perai Utara<br>No:26<br>Hex coord:(8;3),SK Paya Keladi. 13200 Kepala Batas. Penang. Malaysia,0,0,0,0,0,0,1,2023-02-11T18:42:11.3254269Z,0
5.53154,100.4598103,Daerah: Seberang Perai Utara<br>No:27<br>Hex coord:(9;3),Paya Keladi Hujung. 13200. Penang. Malaysia,0,0,0,0,0,0,1,2023-02-11T18:42:12.0262348Z,1
5.53932,100.4733447,Daerah: Seberang Perai Utara<br>No:28<br>Hex coord:(10;3),Bertam Perdana. 13200. Penang. Malaysia,0,0,0,0,0,0,1,2023-02-11T18:42:12.7266010Z,1
5.53154,100.4868792,Daerah: Seberang Perai Utara<br>No:29<br>Hex coord:(11;3),Lahar Tiang. 13200. Penang. Malaysia,0,0,0,0,0,0,1,2023-02-11T18:42:13.4042610Z,0
5.53932,100.5004137,Daerah: Seberang Perai Utara<br>No:30<br>Hex coord:(12;3),Kampung Padang Beka. Seberang Perai. Malaysia,0,0,0,0,0,0,1,2023-02-11T18:42:14.1013259Z,0
5.53154,100.5139482,Daerah: Seberang Perai Utara<br>No:31<br>Hex coord:(13;3),Sungai Korok. 13300. Penang. Malaysia,0,0,0,0,0,0,1,2023-02-11T18:42:14.7832681Z,0
5.53932,100.5274826,Daerah: Seberang Perai Utara<br>No:32<br>Hex coord:(14;3),North Seberang Perai District. 09400. Penang. Malaysia,0,0,0,0,0,0,1,2023-02-11T18:42:15.4783267Z,0
5.52376,100.3650689,Daerah: Seberang Perai Utara<br>No:x<br>Hex coord:(2;4),Taman Bekah Indah. 13100. Penang. Malaysia,0,0,0,0,0,0,1,2023-02-11T18:42:16.1412186Z,0
5.51598,100.3786034,Daerah: Seberang Perai Utara<br>No:33<br>Hex coord:(3;4),Taman Bekah Indah. 13100. Penang. Malaysia,0,0,0,0,0,0,1,2023-02-11T18:42:16.8180260Z,0
5.52376,100.3921379,Daerah: Seberang Perai Utara<br>No:34<br>Hex coord:(4;4),Taman Penaga Permai. 13100. Penang. Malaysia,0,0,0,0,0,0,1,2023-02-11T18:42:17.4998360Z,0
5.51598,100.4056724,Daerah: Seberang Perai Utara<br>No:35<br>Hex coord:(5;4),Taman Sepakat. 13100. Penang. Malaysia,0,0,0,0,0,0,1,2023-02-11T18:42:18.1784931Z,0
5.52376,100.4192068,Daerah: Seberang Perai Utara<br>No:36<br>Hex coord:(6;4),Taliair Utama. Kepala Batas. Penang. Malaysia,0,0,0,0,0,0,1,2023-02-11T18:42:18.8695020Z,0
5.51598,100.4327413,Daerah: Seberang Perai Utara<br>No:37<br>Hex coord:(7;4),Pusat Fesyen Ekonomi V Jaya. 13200 Kepala Batas. Penang. Malaysia,0,0,0,0,0,0,1,2023-02-11T18:42:19.5638575Z,1
5.52376,100.4462758,Daerah: Seberang Perai Utara<br>No:38<br>Hex coord:(8;4),Penang Golf Resort. 1687 Jalan Tun Hamdan Sheikh Tahir. Bertam. 13200. Penang. Malaysia,0,0,0,0,0,0,1,2023-02-11T18:42:20.2453096Z,0
5.51598,100.4598103,Daerah: Seberang Perai Utara<br>No:39<br>Hex coord:(9;4),Bertam. 13200. Penang. Malaysia,0,0,0,0,0,0,1,2023-02-11T18:42:20.9248944Z,1
5.52376,100.4733447,Daerah: Seberang Perai Utara<br>No:40<br>Hex coord:(10;4),Giatmara Kepala Batas. Kepala Batas. Penang. Malaysia,0,0,0,0,0,0,1,2023-02-11T18:42:21.6172403Z,2
5.51598,100.4868792,Daerah: Seberang Perai Utara<br>No:41<br>Hex coord:(11;4),SK Bertam Putra. Persiaran Perindustrian Bertam Perdana. Bandar Putra Bertam. 13200. Penang. Malaysia,0,0,0,0,0,0,1,2023-02-11T18:42:22.3103801Z,0
5.52376,100.5004137,Daerah: Seberang Perai Utara<br>No:42<br>Hex coord:(12;4),Pokok Jenerih. 13300. Penang. Malaysia,0,0,0,0,0,0,1,2023-02-11T18:42:23.0163765Z,1
5.51598,100.5139482,Daerah: Seberang Perai Utara<br>No:43<br>Hex coord:(13;4),Hock Eng Estate. Tasek Gelugor. Seberang Perai Utara. Malaysia,0,0,0,0,0,0,1,2023-02-11T18:42:23.7072611Z,0
5.52376,100.5274826,Daerah: Kuala Muda<br>No:44<br>Hex coord:(14;4),3456 Lorong Serai Wangi 15/11. Padang Serai. Kedah. Malaysia,0,0,0,0,0,0,1,2023-02-11T18:42:24.3844692Z,0
5.50042,100.3786034,Daerah: Seberang Perai Utara<br>No:45<br>Hex coord:(3;5),Titi Mukim. 13100. Penang. Malaysia,0,0,0,0,0,0,1,2023-02-11T18:42:25.0597413Z,1
5.5082,100.3921379,Daerah: Seberang Perai Utara<br>No:46<br>Hex coord:(4;5),Titi Mukim. 13100. Penang. Malaysia,0,0,0,0,0,0,1,2023-02-11T18:42:25.7487772Z,0
5.50042,100.4056724,Daerah: Seberang Perai Utara<br>No:47<br>Hex coord:(5;5),Masjid Al-Mubarak Permatang Bogak. Butterworth. Penang. Malaysia,0,0,0,0,0,0,1,2023-02-11T18:42:26.4338417Z,0
5.5082,100.4192068,Daerah: Seberang Perai Utara<br>No:48<br>Hex coord:(6;5),Taman Sepakat. 13200. Penang. Malaysia,0,0,0,0,0,0,1,2023-02-11T18:42:27.1189600Z,0
5.50042,100.4327413,Daerah: Seberang Perai Utara<br>No:49<br>Hex coord:(7;5),Lorong Seri Indah 7. Kepala Batas. Penang. Malaysia,0,0,0,0,0,0,1,2023-02-11T18:42:27.8040881Z,2
5.5082,100.4462758,Daerah: Seberang Perai Utara<br>No:50<br>Hex coord:(8;5),Bertam. 13200. Penang. Malaysia,0,0,0,0,0,0,1,2023-02-11T18:42:28.5056273Z,0
5.50042,100.4598103,Daerah: Seberang Perai Utara<br>No:51<br>Hex coord:(9;5),Kampung Tersusun Pongsu Seribu. 13200. Penang. Malaysia,0,0,0,0,0,0,1,2023-02-11T18:42:29.1925803Z,0
5.5082,100.4733447,Daerah: Seberang Perai Utara<br>No:52<br>Hex coord:(10;5),Kampung Tok Bedu. 13200. Penang. Malaysia,0,0,0,0,0,0,1,2023-02-11T18:42:29.8789378Z,0
5.50042,100.4868792,Daerah: Seberang Perai Utara<br>No:53<br>Hex coord:(11;5),Taman Sepadu Baru. 13300. Penang. Malaysia,0,0,0,0,0,0,1,2023-02-11T18:42:30.5654174Z,0
5.5082,100.5004137,Daerah: Seberang Perai Utara<br>No:54<br>Hex coord:(12;5),Taman Sepadu Baru. 13300. Penang. Malaysia,0,0,0,0,0,0,1,2023-02-11T18:42:31.2610123Z,1
5.50042,100.5139482,Daerah: Seberang Perai Utara<br>No:55<br>Hex coord:(13;5),Kampung Tasek. 13300. Penang. Malaysia,0,0,0,0,0,0,1,2023-02-11T18:42:31.9414630Z,0
5.5082,100.5274826,Daerah: Seberang Perai Utara<br>No:56<br>Hex coord:(14;5),Kampung Baharu. 13300. Penang. Malaysia,0,0,0,0,0,0,1,2023-02-11T18:42:32.6339388Z,0
5.48486,100.3786034,Daerah: Seberang Perai Utara<br>No:57<br>Hex coord:(3;6),Pekan Baru. 13050. Penang. Malaysia,0,0,0,0,0,0,1,2023-02-11T18:42:33.3273802Z,0
5.49264,100.3921379,Daerah: Seberang Perai Utara<br>No:58<br>Hex coord:(4;6),Jalan Permatang Tok Gelam. 13050 Butterworth. Penang. Malaysia,0,0,0,0,0,0,1,2023-02-11T18:42:34.0292399Z,0
5.48486,100.4056724,Daerah: Seberang Perai Utara<br>No:59<br>Hex coord:(5;6),Kampung Paya. 13050. Penang. Malaysia,0,0,0,0,0,0,1,2023-02-11T18:42:34.7277513Z,2
5.49264,100.4192068,Daerah: Seberang Perai Utara<br>No:60<br>Hex coord:(6;6),Permatang Tiga. 13220. Penang. Malaysia,0,0,0,0,0,0,1,2023-02-11T18:42:35.4369151Z,0
5.48486,100.4327413,Daerah: Seberang Perai Utara<br>No:61<br>Hex coord:(7;6),Kampung Telor. 13220. Penang. Malaysia,0,0,0,0,0,0,1,2023-02-11T18:42:36.1355713Z,0
5.49264,100.4462758,Daerah: Seberang Perai Utara<br>No:62<br>Hex coord:(8;6),Taman Orkid Indah. 13220. Penang. Malaysia,0,0,0,0,0,0,1,2023-02-11T18:42:36.8360870Z,2
5.48486,100.4598103,Daerah: Seberang Perai Utara<br>No:63<br>Hex coord:(9;6),Taman Desa Sena. 13220. Penang. Malaysia,0,0,0,0,0,0,1,2023-02-11T18:42:37.5308849Z,0
5.49264,100.4733447,Daerah: Seberang Perai Utara<br>No:64<br>Hex coord:(10;6),Pokok Machang. 13300. Penang. Malaysia,0,0,0,0,0,0,1,2023-02-11T18:42:38.2228228Z,0
5.48486,100.4868792,Daerah: Seberang Perai Utara<br>No:65<br>Hex coord:(11;6),Jalan Hashim Awang. 13300 Tasek Gelugor. Penang. Malaysia,0,0,0,0,0,0,1,2023-02-11T18:42:38.9144146Z,0
5.49264,100.5004137,Daerah: Seberang Perai Utara<br>No:66<br>Hex coord:(12;6),Taman Sepadu Baru. 13300. Penang. Malaysia,0,0,0,0,0,0,1,2023-02-11T18:42:39.5934340Z,1
5.48486,100.5139482,Daerah: Seberang Perai Utara<br>No:67<br>Hex coord:(13;6),Mayfield Estate. Tasek Gelugor. Seberang Perai Utara. Malaysia,0,0,0,0,0,0,1,2023-02-11T18:42:40.2887721Z,0
5.49264,100.5274826,Daerah: Kulim<br>No:x<br>Hex coord:(14;6),Taman Lagenda. 13300. Kedah. Malaysia,0,0,0,0,0,0,1,2023-02-11T18:42:40.9672823Z,0
5.4693,100.3786034,Daerah: Seberang Perai Utara<br>No:x<br>Hex coord:(3;7),Teluk Air Tawar. 13050. Penang. Malaysia,0,0,0,0,0,0,1,2023-02-11T18:42:41.6732571Z,0
5.47708,100.3921379,Daerah: Seberang Perai Utara<br>No:68<br>Hex coord:(4;7),Taman Air Tawar Indah. 13050 Butterworth. Penang. Malaysia,0,0,0,0,0,0,1,2023-02-11T18:42:42.3696602Z,0
5.4693,100.4056724,Daerah: Seberang Perai Utara<br>No:69<br>Hex coord:(5;7),UMNO Cawangan Pekan Darat. 1199 Jalan Pekan Darat. 13800 Butterworth. Penang. Malaysia,0,0,0,0,0,0,1,2023-02-11T18:42:43.0583220Z,0
5.47708,100.4192068,Daerah: Seberang Perai Utara<br>No:70<br>Hex coord:(6;7),North�South Expressway. Pokok Simpor. 13220. Penang. Malaysia,0,0,0,0,0,0,1,2023-02-11T18:42:43.7730117Z,0
5.4693,100.4327413,Daerah: Seberang Perai Utara<br>No:71<br>Hex coord:(7;7),Kampung Tobiar. 13220. Penang. Malaysia,0,0,0,0,0,0,1,2023-02-11T18:42:44.4760129Z,0
5.47708,100.4462758,Daerah: Seberang Perai Utara<br>No:72<br>Hex coord:(8;7),Ara Rendang. 13220. Penang. Malaysia,0,0,0,0,0,0,1,2023-02-11T18:42:45.1782090Z,0
5.4693,100.4598103,Daerah: Seberang Perai Utara<br>No:73<br>Hex coord:(9;7),Lubuk Meriam. 13220. Penang. Malaysia,0,0,0,0,0,0,1,2023-02-11T18:42:45.8666849Z,0
5.47708,100.4733447,Daerah: Seberang Perai Utara<br>No:74<br>Hex coord:(10;7),Lahar Tambun. 13300. Penang. Malaysia,0,0,0,0,0,0,1,2023-02-11T18:42:46.5437181Z,0
5.4693,100.4868792,Daerah: Seberang Perai Utara<br>No:75<br>Hex coord:(11;7),Taman Saga. 13300. Penang. Malaysia,0,0,0,0,0,0,1,2023-02-11T18:42:47.2281551Z,0
5.47708,100.5004137,Daerah: Seberang Perai Utara<br>No:76<br>Hex coord:(12;7),Taman Haji Ahmad Jamil. 13300 Tasek Gelugor. Penang. Malaysia,0,0,0,0,0,0,1,2023-02-11T18:42:47.9137336Z,0
5.4693,100.5139482,Daerah: Seberang Perai Utara<br>No:77<br>Hex coord:(13;7),Jalan Desa Rakyat. Tasek Gelugor. Penang. Malaysia,0,0,0,0,0,0,1,2023-02-11T18:42:48.6053589Z,0
5.47708,100.5274826,Daerah: Seberang Perai Utara<br>No:x<br>Hex coord:(14;7),Ladang Eng Choon. Kulim. Malaysia,0,0,0,0,0,0,1,2023-02-11T18:42:49.2847904Z,0
5.45374,100.3786034,Daerah: Seberang Perai Utara<br>No:x<br>Hex coord:(3;8),Bagan Lebai Tahir. 13000. Penang. Malaysia,0,0,0,0,0,0,1,2023-02-11T18:42:49.9941971Z,0
5.46152,100.3921379,Daerah: Seberang Perai Utara<br>No:78<br>Hex coord:(4;8),Butterworth Air Force Base. Tingkat Pahlawan 10. Teluk Air Tawar. 13050. Penang. Malaysia,0,0,0,0,0,0,1,2023-02-11T18:42:50.7054069Z,0
5.45374,100.4056724,Daerah: Seberang Perai Utara<br>No:79<br>Hex coord:(5;8),Kampung Alor Merah. 13800. Penang. Malaysia,0,0,0,0,0,0,1,2023-02-11T18:42:51.4271595Z,0
5.46152,100.4192068,Daerah: Seberang Perai Utara<br>No:80<br>Hex coord:(6;8),North�South Expressway. Kampung Tok Rai. 13800. Penang. Malaysia,0,0,0,0,0,0,1,2023-02-11T18:42:52.1316002Z,0
5.45374,100.4327413,Daerah: Seberang Perai Utara<br>No:81<br>Hex coord:(7;8),Sungai Dua Water Treatment Plant. Lorong Merbau Indah 5. Sungai Dua. 13800. Penang. Malaysia,0,0,0,0,0,0,1,2023-02-11T18:42:52.8260672Z,0
5.46152,100.4462758,Daerah: Seberang Perai Utara<br>No:82<br>Hex coord:(8;8),Jalan Pokok Sena. Tasek Gelugor. Seberang Perai Utara. Malaysia,0,0,0,0,0,0,1,2023-02-11T18:42:53.5409335Z,0
5.45374,100.4598103,Daerah: Seberang Perai Utara<br>No:83<br>Hex coord:(9;8),Sungai Tongkat. Tasek Gelugor. Seberang Perai Utara. Malaysia,0,0,0,0,0,0,1,2023-02-11T18:42:54.2245643Z,0
5.46152,100.4733447,Daerah: Seberang Perai Utara<br>No:84<br>Hex coord:(10;8),Padang Tonson. 13300. Penang. Malaysia,0,0,0,0,0,0,1,2023-02-11T18:42:54.9058923Z,0
5.45374,100.4868792,Daerah: Seberang Perai Utara<br>No:85<br>Hex coord:(11;8),P127. Bukit Mertajam. Penang. Malaysia,0,0,0,0,0,0,1,2023-02-11T18:42:55.5952679Z,0
5.46152,100.5004137,Daerah: Seberang Perai Utara<br>No:86<br>Hex coord:(12;8),Taman Saga. 13300. Penang. Malaysia,0,0,0,0,0,0,1,2023-02-11T18:42:56.2762406Z,0
5.45374,100.5139482,Daerah: Lunas<br>No:87<br>Hex coord:(13;8),Institut Kemahiran MARA Seberang Perai Utara. Lot 398 Jalan Ara Kuda. 13300 Lunas. Kedah. Malaysia,0,0,0,0,0,0,1,2023-02-11T18:42:56.9639863Z,0
5.46152,100.5274826,Daerah: Kulim<br>No:x<br>Hex coord:(14;8),Ladang Wellesley. Kulim. Kedah. Malaysia,0,0,0,0,0,0,1,2023-02-11T18:42:57.6562292Z,0
5.43818,100.3786034,Daerah: Seberang Perai Utara<br>No:88<br>Hex coord:(3;9),1816 Taman Pantai Intan. Bagan Ajam. 13000 Butterworth. Penang. Malaysia,0,0,0,0,0,0,1,2023-02-11T18:42:58.4124029Z,1
5.44596,100.3921379,Daerah: Seberang Perai Utara<br>No:89<br>Hex coord:(4;9),Sungai Puyu. Butterworth Outer Ring Road. Sungai Puyu. 13020 Butterworth. Penang. Malaysia,0,0,0,0,0,0,1,2023-02-11T18:42:59.1418470Z,2
5.43818,100.4056724,Daerah: Seberang Perai Utara<br>No:90<br>Hex coord:(5;9),Kampung Tok Sani. 13400. Penang. Malaysia,0,0,0,0,0,0,1,2023-02-11T18:42:59.8851612Z,0
5.44596,100.4192068,Daerah: Seberang Perai Utara<br>No:91<br>Hex coord:(6;9),581 Kampung Teluk. Jalan Sungai Dua. 13800 Butterworth. Penang. Malaysia,0,0,0,0,0,0,1,2023-02-11T18:43:00.6026736Z,0
5.43818,100.4327413,Daerah: Seberang Perai Utara<br>No:92<br>Hex coord:(7;9),Taman Desa Murni. 13800 Butterworth. Penang. Malaysia,0,0,0,0,0,0,1,2023-02-11T18:43:01.3320629Z,2
5.44596,100.4733447,Daerah: Seberang Perai Utara<br>No:93<br>Hex coord:(10;9),Jalan Padang Menora. Kampung Guar Petai. 14400. Penang. Malaysia,0,0,0,0,0,0,1,2023-02-11T18:43:02.0179754Z,0
5.43818,100.4868792,Daerah: Seberang Perai Utara<br>No:94<br>Hex coord:(11;9),Frog Lake. P116. Kampung Guar Petai. 14400 Bukit Mertajam. Penang. Malaysia,0,0,0,0,0,0,1,2023-02-11T18:43:02.7172970Z,0
5.44596,100.5004137,Daerah: Seberang Perai Utara<br>No:95<br>Hex coord:(12;9),Kampung Guar Petai. 13300. Penang. Malaysia,0,0,0,0,0,0,1,2023-02-11T18:43:03.4101471Z,0
5.43818,100.5139482,Daerah: Lunas<br>No:96<br>Hex coord:(13;9),Institut Kemahiran MARA Seberang Perai Utara. Lot 398 Jalan Ara Kuda. 13300 Lunas. Kedah. Malaysia,0,0,0,0,0,0,1,2023-02-11T18:43:04.0933698Z,0
5.44596,100.5274826,Daerah: Lunas<br>No:x<br>Hex coord:(14;9),Bandar Permata Lunas. Lunas. Kedah. Malaysia,0,0,0,0,0,0,1,2023-02-11T18:43:04.7894214Z,0
5.42262,100.3786034,Daerah: Seberang Perai Utara<br>No:97<br>Hex coord:(3;10),Medan Riang. Taman Riang 12200 Butterworth. Penang. Malaysia,0,0,0,0,0,0,1,2023-02-11T18:43:05.5296894Z,5
5.4304,100.3921379,Daerah: Seberang Perai Utara<br>No:98<br>Hex coord:(4;10),Royaltea. 2 Lorong Mesra Permai 6. 13400 Butterworth. Penang. Malaysia,0,1,0,0,0,0,1,2023-02-11T18:43:06.2892239Z,1
5.41484,100.3650689,Daerah: Seberang Perai Utara<br>No:99<br>Hex coord:(2;11),North Butterwoth Container Terminal. Butterworth. Penang. Malaysia,0,0,0,0,0,0,1,2023-02-11T18:43:07.0300003Z,1
5.40706,100.3786034,Daerah: Seberang Perai Utara<br>No:100<br>Hex coord:(3;11),Sungai Nyior. 12000. Penang. Malaysia,0,0,0,0,0,0,1,2023-02-11T18:43:07.7775179Z,3
5.41484,100.3921379,Daerah: Seberang Perai Utara<br>No:101<br>Hex coord:(4;11),Mak Mandin Industrial Area. 12300 Butterworth. Penang. Malaysia,0,0,0,0,0,0,1,2023-02-11T18:43:08.5198867Z,0
5.39928,100.3650689,Daerah: Seberang Perai Utara<br>No:102<br>Hex coord:(2;12),Malaysia Smelting Corporation Berhad. Jalan Pantai. Butterworth. Penang. Malaysia,0,0,0,0,0,0,1,2023-02-11T18:43:09.2715244Z,0
5.44596,100.4462758,Daerah: Seberang Perai Tengah<br>No:1<br>Hex coord:(8;9),Kampung Kota. 13800. Penang. Malaysia,0,0,0,0,0,0,1,2023-02-11T18:43:09.9653503Z,0
5.43818,100.4598103,Daerah: Seberang Perai Tengah<br>No:2<br>Hex coord:(9;9),North Seberang Perai District. 14400. Penang. Malaysia,0,0,0,0,0,0,1,2023-02-11T18:43:10.6719332Z,0
5.42262,100.4056724,Daerah: Seberang Perai Tengah<br>No:3<br>Hex coord:(5;10),Kampong Tanjong Putus. 13400. Penang. Malaysia,0,0,0,0,0,0,1,2023-02-11T18:43:11.4188948Z,0
5.4304,100.4192068,Daerah: Seberang Perai Tengah<br>No:4<br>Hex coord:(6;10),Sungai Sintok. Permatang Pauh. Seberang Perai Tengah. Malaysia,0,0,0,0,0,0,1,2023-02-11T18:43:12.1871343Z,0
5.42262,100.4327413,Daerah: Seberang Perai Tengah<br>No:5<br>Hex coord:(7;10),Permatang Pasir. 13500. Penang. Malaysia,0,0,0,0,0,0,1,2023-02-11T18:43:12.9320815Z,1
5.4304,100.4462758,Daerah: Seberang Perai Tengah<br>No:6<br>Hex coord:(8;10),Permatang Pasir. 14400. Penang. Malaysia,0,0,0,0,0,0,1,2023-02-11T18:43:13.6332398Z,0
5.42262,100.4598103,Daerah: Seberang Perai Tengah<br>No:7<br>Hex coord:(9;10),Kampung Padang Tembusu. 14400. Penang. Malaysia,0,0,0,0,0,0,1,2023-02-11T18:43:14.3315437Z,0
5.4304,100.4733447,Daerah: Seberang Perai Tengah<br>No:8<br>Hex coord:(10;10),Pusat Khidmat Ahli Parlimen Permatang Pauh P044. Lot 1612 Jalan Guar Perahu. 14400 Bukit Mertajam. Penang. Malaysia,0,0,0,0,0,0,1,2023-02-11T18:43:15.0325106Z,0
5.42262,100.4868792,Daerah: Seberang Perai Tengah<br>No:9<br>Hex coord:(11;10),Taman Mengkuang Indah. 14400. Penang. Malaysia,0,0,0,0,0,0,1,2023-02-11T18:43:15.7390505Z,0
5.4304,100.5004137,Daerah: Seberang Perai Tengah<br>No:10<br>Hex coord:(12;10),Huap Kean Choong Estate. Lunas. Kulim. Malaysia,0,0,0,0,0,0,1,2023-02-11T18:43:16.4200313Z,0
5.42262,100.5139482,Daerah: Seberang Perai Tengah<br>No:11<br>Hex coord:(13;10),Kampung Telok Wang. 09000. Penang. Malaysia,0,0,0,0,0,0,1,2023-02-11T18:43:17.1274877Z,0
5.4304,100.5274826,Daerah: Kulim<br>No:x<br>Hex coord:(14;10),Taman Desa Sentosa. 09600. Kedah. Malaysia,0,0,0,0,0,0,1,2023-02-11T18:43:17.8313685Z,0
5.40706,100.4056724,Daerah: Seberang Perai Tengah<br>No:12<br>Hex coord:(5;11),River Tropics Condominium. Seberang Jaya. Penang. Malaysia,0,0,0,0,0,0,1,2023-02-11T18:43:18.6056159Z,1
5.41484,100.4192068,Daerah: Seberang Perai Tengah<br>No:13<br>Hex coord:(6;11),Permatang Pasir. 13500. Penang. Malaysia,0,0,0,0,0,0,1,2023-02-11T18:43:19.3562034Z,0
5.40706,100.4327413,Daerah: Seberang Perai Tengah<br>No:14<br>Hex coord:(7;11),Permatang Pasir. 13500. Penang. Malaysia,0,0,0,0,0,0,1,2023-02-11T18:43:20.1338284Z,0
5.41484,100.4462758,Daerah: Seberang Perai Tengah<br>No:15<br>Hex coord:(8;11),Permatang Pasir. 14400. Penang. Malaysia,0,0,0,0,0,0,1,2023-02-11T18:43:20.8446181Z,0
5.40706,100.4598103,Daerah: Seberang Perai Tengah<br>No:16<br>Hex coord:(9;11),Kampung Petani. 14400. Penang. Malaysia,0,0,0,0,0,0,1,2023-02-11T18:43:21.5697908Z,1
5.41484,100.4733447,Daerah: Seberang Perai Tengah<br>No:17<br>Hex coord:(10;11),Bukit Gua Ipoh. Bukit Mertajam. Seberang Perai Tengah. Malaysia,0,0,0,0,0,0,1,2023-02-11T18:43:22.2601550Z,0
5.40706,100.4868792,Daerah: Seberang Perai Tengah<br>No:18<br>Hex coord:(11;11),Jalan Mengkuang. Taman Mengkuang Indah. 14400 Bukit Mertajam. Penang. Malaysia,0,0,0,0,0,0,1,2023-02-11T18:43:22.9586529Z,0
5.41484,100.5004137,Daerah: Seberang Perai Tengah<br>No:19<br>Hex coord:(12;11),Ladang Bukit Langkap. Bukit Mertajam. Seberang Perai Tengah. Malaysia,0,0,0,0,0,0,1,2023-02-11T18:43:23.6576699Z,0
5.40706,100.5139482,Daerah: Seberang Perai Tengah<br>No:20<br>Hex coord:(13;11),Ladang Ken Tong Ung. Seberang Perai Tengah. Malaysia,0,0,0,0,0,0,1,2023-02-11T18:43:24.3728800Z,0
5.41484,100.5274826,Daerah: Seberang Perai Utara<br>No:x<br>Hex coord:(14;11),Butterworth Kulim Expressway. Kampung Telok Wang. 09000. Penang. Malaysia,0,0,0,0,0,0,1,2023-02-11T18:43:25.0843837Z,0
5.3915,100.3786034,Daerah: Seberang Perai Tengah<br>No:21<br>Hex coord:(3;12),Taman Perai Utama. Butterworth. Penang. Malaysia,0,0,0,0,0,0,1,2023-02-11T18:43:25.8334384Z,1
5.39928,100.3921379,Daerah: Seberang Perai Tengah<br>No:22<br>Hex coord:(4;12),Lorong Jelawat 2. Seberang Jaya Industrial Area. Butterworth. Penang. Malaysia,0,0,0,0,0,0,1,2023-02-11T18:43:26.5731266Z,0
5.3915,100.4056724,Daerah: Seberang Perai Tengah<br>No:23<br>Hex coord:(5;12),Pangsapuri B3. Seberang Jaya. Seberang Perai Tengah. Malaysia,0,2,0,0,0,0,1,2023-02-11T18:43:27.3345578Z,5
5.39928,100.4192068,Daerah: Seberang Perai Tengah<br>No:24<br>Hex coord:(6;12),Permatang Janggus. 13500. Penang. Malaysia,0,0,0,0,0,0,1,2023-02-11T18:43:28.0800684Z,0
5.3915,100.4327413,Daerah: Seberang Perai Tengah<br>No:25<br>Hex coord:(7;12),Sungai Hutan Nibung. Bukit Mertajam. Seberang Perai Tengah. Malaysia,0,0,0,0,0,0,1,2023-02-11T18:43:28.8244955Z,0
5.39928,100.4462758,Daerah: Seberang Perai Tengah<br>No:26<br>Hex coord:(8;12),Butterworth Kulim Expressway. Permatang Pasir. 13500. Penang. Malaysia,0,0,0,0,0,0,1,2023-02-11T18:43:29.5617502Z,0
5.3915,100.4598103,Daerah: Seberang Perai Tengah<br>No:27<br>Hex coord:(9;12),Parit Tepi TNB. Bukit Mertajam. Penang. Malaysia,0,0,0,0,0,0,1,2023-02-11T18:43:30.2907100Z,0
5.39928,100.4733447,Daerah: Seberang Perai Tengah<br>No:28<br>Hex coord:(10;12),Payung Sejahtera. 1593 Jalan Abdul Kadir. 14000 Bukit Mertajam. Penang. Malaysia,0,0,0,0,0,0,1,2023-02-11T18:43:30.9990103Z,0
5.3915,100.4868792,Daerah: Seberang Perai Tengah<br>No:29<br>Hex coord:(11;12),Hock Teik Cheng Sin Berapit Cemetery ??????. Bukit Mertajam. Penang. Malaysia,0,0,0,0,0,0,1,2023-02-11T18:43:31.7217587Z,0
5.39928,100.5004137,Daerah: Seberang Perai Tengah<br>No:30<br>Hex coord:(12;12),Taman Seri Akasia. 09000. Penang. Malaysia,0,0,0,0,0,0,1,2023-02-11T18:43:32.4498294Z,0
5.3915,100.5139482,Daerah: Seberang Perai Tengah<br>No:31<br>Hex coord:(13;12),Arch Perkampungan Sungai Lembu ???????. Kulim. Malaysia,0,0,0,0,0,0,1,2023-02-11T18:43:33.1666335Z,0
5.39928,100.5274826,Daerah: Seberang Perai Utara<br>No:x<br>Hex coord:(14;12),Paya Tok Chagar. Kulim. Malaysia,0,0,0,0,0,0,1,2023-02-11T18:43:33.8872963Z,0
5.38372,100.3650689,Daerah: Seberang Perai Tengah<br>No:x<br>Hex coord:(2;13),Kuala Perai. Butterworth. Seberang Perai Utara. Malaysia,0,0,0,0,0,0,1,2023-02-11T18:43:34.6474547Z,0
5.37594,100.3786034,Daerah: Seberang Perai Tengah<br>No:32<br>Hex coord:(3;13),Prai. 13600. Penang. Malaysia,0,0,0,0,0,0,1,2023-02-11T18:43:35.3805640Z,0
5.38372,100.3921379,Daerah: Seberang Perai Tengah<br>No:33<br>Hex coord:(4;13),Hong Leong Bank. Lebuh Kurau 1. Prai. 13700 Perai. Penang. Malaysia,0,0,0,0,0,0,1,2023-02-11T18:43:36.1220757Z,3
5.37594,100.4056724,Daerah: Seberang Perai Tengah<br>No:34<br>Hex coord:(5;13),Tiles City. Lorong Irama 1. Prai. 13600 Perai. Penang. Malaysia,0,0,0,0,0,0,1,2023-02-11T18:43:36.8726445Z,5
5.38372,100.4192068,Daerah: Seberang Perai Tengah<br>No:35<br>Hex coord:(6;13),Jalan Permatang Pauh. Kampung Pertama. 13500 Permatang Pauh. Penang. Malaysia,0,0,0,0,0,0,1,2023-02-11T18:43:37.6414856Z,4
5.37594,100.4327413,Daerah: Seberang Perai Tengah<br>No:36<br>Hex coord:(7;13),Bukit Tengah. 13500. Penang. Malaysia,0,0,0,0,0,0,1,2023-02-11T18:43:38.3834009Z,1
5.38372,100.4462758,Daerah: Seberang Perai Tengah<br>No:37<br>Hex coord:(8;13),Taman Tan Sai Gin. 13500. Penang. Malaysia,0,0,0,0,0,0,1,2023-02-11T18:43:39.1447093Z,0
5.37594,100.4598103,Daerah: Seberang Perai Tengah<br>No:38<br>Hex coord:(9;13),Sekolah Islam Al-Masriyah (SABK). 1267 Jalan Abdul Kadir. 14000 Bukit Mertajam. Penang. Malaysia,0,0,0,0,0,0,1,2023-02-11T18:43:39.8694056Z,0
5.38372,100.4733447,Daerah: Seberang Perai Tengah<br>No:39<br>Hex coord:(10;13),Taman Berapit Indah. 14400. Penang. Malaysia,0,1,0,0,0,0,1,2023-02-11T18:43:40.6011863Z,1
5.37594,100.4868792,Daerah: Seberang Perai Tengah<br>No:40<br>Hex coord:(11;13),Cherok To'kun. 14400. Penang. Malaysia,0,0,0,0,0,0,1,2023-02-11T18:43:41.3164106Z,0
5.38372,100.5004137,Daerah: Seberang Perai Tengah<br>No:41<br>Hex coord:(12;13),Mengkuang Reservoir. Jalan Berapit. Taman Mutiara Jaya. 09000. Penang. Malaysia,0,0,0,0,0,0,1,2023-02-11T18:43:42.0420795Z,0
5.37594,100.5139482,Daerah: Seberang Perai Tengah<br>No:42<br>Hex coord:(13;13),Blissful Memorial Park. Kulim. Malaysia,0,0,0,0,0,0,1,2023-02-11T18:43:42.7618838Z,0
5.38372,100.5274826,Daerah: Kulim<br>No:x<br>Hex coord:(14;13),Jl. Ara 7. Kulim. Kedah. Malaysia,0,0,0,0,0,0,1,2023-02-11T18:43:43.4742735Z,0
5.36038,100.3786034,Daerah: Seberang Perai Tengah<br>No:x<br>Hex coord:(3;14),Prai. 13600. Penang. Malaysia,0,0,0,0,0,0,1,2023-02-11T18:43:44.1746062Z,0
5.36816,100.3921379,Daerah: Seberang Perai Tengah<br>No:43<br>Hex coord:(4;14),NSTP. Jalan Perusahaan. Prai. 13600 Perai. Penang. Malaysia,0,0,0,0,0,0,1,2023-02-11T18:43:44.9070903Z,0
5.36038,100.4056724,Daerah: Seberang Perai Tengah<br>No:44<br>Hex coord:(5;14),Jalan Perusahaan. Perai,0,0,0,0,0,0,1,2023-02-11T18:43:45.6398944Z,0
5.36816,100.4192068,Daerah: Seberang Perai Tengah<br>No:45<br>Hex coord:(6;14),Kampung Tersusun Jalan Pauh. Bukit Mertajam. Penang. Malaysia,0,0,0,0,0,0,1,2023-02-11T18:43:46.3863767Z,1
5.36038,100.4327413,Daerah: Seberang Perai Tengah<br>No:46<br>Hex coord:(7;14),Kampung Siam. 13600. Penang. Malaysia,0,0,0,0,0,0,1,2023-02-11T18:43:47.1375057Z,2
5.36816,100.4462758,Daerah: Seberang Perai Tengah<br>No:47<br>Hex coord:(8;14),Ren Ci Global Village Sdn. Bhd. Bukit Mertajam. Penang. Malaysia,0,0,0,0,0,0,1,2023-02-11T18:43:47.9070081Z,1
5.36038,100.4598103,Daerah: Seberang Perai Tengah<br>No:48<br>Hex coord:(9;14),440 Jalan Chan Ewe Pin. 14000 Bukit Mertajam. Penang. Malaysia,0,0,0,0,0,0,1,2023-02-11T18:43:48.6519385Z,3
5.36816,100.4733447,Daerah: Seberang Perai Tengah<br>No:49<br>Hex coord:(10;14),Kampung Besar. 14000. Penang. Malaysia,0,0,0,0,0,0,1,2023-02-11T18:43:49.4007901Z,0
5.36038,100.4868792,Daerah: Seberang Perai Tengah<br>No:50<br>Hex coord:(11;14),Ladang Saint Annes. Bukit Mertajam. Seberang Perai Tengah. Malaysia,0,0,0,0,0,0,1,2023-02-11T18:43:50.1316791Z,0
5.36816,100.5004137,Daerah: Seberang Perai Tengah<br>No:51<br>Hex coord:(12;14),Bukit Mertajam Recreational Forest. Bukit Mertajam. Seberang Perai Tengah. Malaysia,0,0,0,0,0,0,1,2023-02-11T18:43:50.8624443Z,0
5.36038,100.5139482,Daerah: Seberang Perai Tengah<br>No:52<br>Hex coord:(13;14),Kampung Pulau Pisang. 14020. Penang. Malaysia,0,0,0,0,0,0,1,2023-02-11T18:43:53.8356473Z,0
5.36816,100.5274826,Daerah: Kulim<br>No:x<br>Hex coord:(14;14),Lor. Angsana 17/2. 09000 Kulim. Kedah. Malaysia,0,0,0,0,0,0,1,2023-02-11T18:43:54.5645897Z,2
5.3526,100.3921379,Daerah: Seberang Perai Tengah<br>No:53<br>Hex coord:(4;15),Jalan Perusahaan Maju 4 574. 13600 Perai,0,0,0,0,0,0,1,2023-02-11T18:43:55.2777496Z,1
5.34482,100.4056724,Daerah: Seberang Perai Tengah<br>No:54<br>Hex coord:(5;15),Lorong Perusahaan 8. Prai Industrial Estate. 13600 Perai. Penang. Malaysia,0,0,0,0,0,0,1,2023-02-11T18:43:55.9942945Z,0
5.3526,100.4192068,Daerah: Seberang Perai Tengah<br>No:55<br>Hex coord:(6;15),Kenny Rogers Roaster. No.8 Lorong Setia Sentral 2. 14000 Bukit Mertajam. Penang. Malaysia,0,0,0,0,0,0,1,2023-02-11T18:43:56.7231624Z,1
5.34482,100.4327413,Daerah: Seberang Perai Tengah<br>No:56<br>Hex coord:(7;15),Jooi Brothers Sdn. Bhd.. Jalan Pengkalan. Bukit Tengah. 13600. Penang. Malaysia,0,0,0,0,0,0,1,2023-02-11T18:43:57.4588307Z,2
5.3526,100.4462758,Daerah: Seberang Perai Tengah<br>No:57<br>Hex coord:(8;15),Lintang Tembikai. Bukit Mertajam. Penang. Malaysia,0,0,0,0,0,0,1,2023-02-11T18:43:58.2049740Z,2
5.34482,100.4598103,Daerah: Seberang Perai Tengah<br>No:58<br>Hex coord:(9;15),Lorong Saujana Permai 5. Bukit Mertajam. Penang. Malaysia,0,0,0,0,0,0,1,2023-02-11T18:43:58.9676680Z,1
5.3526,100.4733447,Daerah: Seberang Perai Tengah<br>No:59<br>Hex coord:(10;15),2285 Jalan Kulim. 14000 Bukit Mertajam. Penang. Malaysia,0,0,0,0,0,0,1,2023-02-11T18:43:59.7088078Z,0
5.34482,100.4868792,Daerah: Seberang Perai Tengah<br>No:60<br>Hex coord:(11;15),SK Juara. Lorong Masjid. Kampung Jalan Kilang Ubi. 14000. Penang. Malaysia,0,0,0,0,0,0,1,2023-02-11T18:44:00.4807981Z,2
5.3526,100.5004137,Daerah: Seberang Perai Tengah<br>No:61<br>Hex coord:(12;15),60178771250 Nandaka Vihara Meditation Society. Bukit Mertajam. Penang. Malaysia,0,0,0,0,0,0,1,2023-02-11T18:44:01.2207649Z,0
5.34482,100.5139482,Daerah: Seberang Perai Tengah<br>No:62<br>Hex coord:(13;15),Kampung Pulau Pisang. 14020. Penang. Malaysia,0,0,0,0,0,0,1,2023-02-11T18:44:01.9432041Z,0
5.3526,100.5274826,Daerah: Kulim<br>No:x<br>Hex coord:(14;15),Jl. Cengal 1a. Kulim. Kedah. Malaysia,0,0,0,0,0,0,1,2023-02-11T18:44:02.6858756Z,0
5.32926,100.4056724,Daerah: Seberang Perai Tengah<br>No:63<br>Hex coord:(5;16),Bukit Juru Forest Reserve. Jalan Juru. Taman Mengkudu. 14100. Penang. Malaysia,0,0,0,0,0,0,1,2023-02-11T18:44:03.3877234Z,1
5.33704,100.4192068,Daerah: Seberang Perai Tengah<br>No:64<br>Hex coord:(6;16),Lorong Perusahaan Maju 6. Prai Industrial Estate. 13600 Perai. Penang. Malaysia,0,0,0,0,0,0,1,2023-02-11T18:44:04.1064125Z,0
5.32926,100.4327413,Daerah: Seberang Perai Tengah<br>No:65<br>Hex coord:(7;16),Premium Sound Solutions Sdn. Bhd. 1552(A) Jalan Perusahaan. 13600 Bukit Mertajam. Penang. Malaysia,0,0,0,0,0,0,1,2023-02-11T18:44:04.8996517Z,0
5.33704,100.4462758,Daerah: Seberang Perai Tengah<br>No:66<br>Hex coord:(8;16),Lorong Titi Panjang 5. Bukit Minyak. 14000 Bukit Mertajam. Penang. Malaysia,0,0,0,0,0,0,1,2023-02-11T18:44:05.6286232Z,0
5.32926,100.4598103,Daerah: Seberang Perai Tengah<br>No:67<br>Hex coord:(9;16),Lorong Bukit Minyak Utama 30. Bukit Mertajam. Penang. Malaysia,0,0,0,0,0,0,1,2023-02-11T18:44:06.3619434Z,1
5.33704,100.4733447,Daerah: Seberang Perai Tengah<br>No:68<br>Hex coord:(10;16),Solok Damai. Bukit Mertajam. Penang. Malaysia,0,0,0,0,0,0,1,2023-02-11T18:44:07.1159061Z,3
5.32926,100.4868792,Daerah: Seberang Perai Tengah<br>No:69<br>Hex coord:(11;16),26 Halaman Rusa. 14000 Bukit Mertajam. Penang. Malaysia,0,1,0,0,0,0,1,2023-02-11T18:44:07.8503024Z,1
5.33704,100.5004137,Daerah: Seberang Perai Tengah<br>No:70<br>Hex coord:(12;16),Lorong Machang Bubok 33. Bukit Mertajam. Penang. Malaysia,0,0,0,0,0,0,1,2023-02-11T18:44:08.5831921Z,0
5.32926,100.5139482,Daerah: Seberang Perai Tengah<br>No:71<br>Hex coord:(13;16),17 Lorong Jambu 6. Bukit Mertajam. Penang. Malaysia,0,0,0,0,0,0,1,2023-02-11T18:44:09.3109105Z,0
5.33704,100.5274826,Daerah: Seberang Perai Tengah<br>No:72<br>Hex coord:(14;16),Bukit Machang Bubok. Bukit Mertajam. Seberang Perai Tengah. Malaysia,0,0,0,0,0,0,1,2023-02-11T18:44:10.0316231Z,0
5.3137,100.4056724,Daerah: Seberang Perai Tengah<br>No:x<br>Hex coord:(5;17),Dataran Semilang. Sungai Sembilang. Perai. Penang. Malaysia,0,0,0,0,0,0,1,2023-02-11T18:44:10.7189967Z,0
5.32148,100.4192068,Daerah: Seberang Perai Tengah<br>No:73<br>Hex coord:(6;17),11 Jalan Juru Indah. Juru. Penang. Malaysia,0,0,0,0,0,0,1,2023-02-11T18:44:11.4204740Z,3
5.3137,100.4327413,Daerah: Seberang Perai Tengah<br>No:74<br>Hex coord:(7;17),2604 Jalan IKS Juru. Juru. 14100. Penang. Malaysia,0,0,0,0,0,0,1,2023-02-11T18:44:12.1551358Z,2
5.32148,100.4462758,Daerah: Seberang Perai Tengah<br>No:75<br>Hex coord:(8;17),Jalan Juru 2. 14100 Bukit Mertajam. Penang. Malaysia,0,0,0,0,0,0,1,2023-02-11T18:44:12.8890714Z,2
5.3137,100.4598103,Daerah: Seberang Perai Tengah<br>No:76<br>Hex coord:(9;17),Lorong Asas Jaya 19. Bukit Mertajam. Penang. Malaysia,0,0,0,0,0,0,1,2023-02-11T18:44:13.6394916Z,0
5.32148,100.4733447,Daerah: Seberang Perai Tengah<br>No:77<br>Hex coord:(10;17),Lorong Seri Kijang 8. Taman Seri Kijang. 14000 Bukit Mertajam. Penang. Malaysia,0,0,0,0,0,0,1,2023-02-11T18:44:14.3962077Z,0
5.3137,100.4868792,Daerah: Seberang Perai Tengah<br>No:78<br>Hex coord:(11;17),Impian Residence. Bukit Mertajam. Penang. Malaysia,0,0,0,0,0,0,1,2023-02-11T18:44:15.1363470Z,0
5.32148,100.5004137,Daerah: Seberang Perai Tengah<br>No:79<br>Hex coord:(12;17),Ladang Alma. Bukit Mertajam. Seberang Perai Tengah. Malaysia,0,0,0,0,0,0,1,2023-02-11T18:44:15.8642928Z,0
5.3137,100.5139482,Daerah: Seberang Perai Tengah<br>No:80<br>Hex coord:(13;17),Kampung Berangan Sembilan. 14020. Penang. Malaysia,0,0,0,0,0,0,1,2023-02-11T18:44:16.5773491Z,0
5.32148,100.5274826,Daerah: Seberang Perai Tengah<br>No:81<br>Hex coord:(14;17),Ladang Macang Bubuk. Seberang Perai Tengah. Malaysia,0,0,0,0,0,0,1,2023-02-11T18:44:17.2940868Z,0
5.30592,100.4192068,Daerah: Seberang Perai Tengah<br>No:82<br>Hex coord:(6;18),27 Lorong Juru Indah 11. Juru. Penang. Malaysia,0,0,0,0,0,0,1,2023-02-11T18:44:17.9931443Z,0
5.29814,100.4327413,Daerah: Seberang Perai Tengah<br>No:83<br>Hex coord:(7;18),Juru. 14100. Penang. Malaysia,0,0,0,0,0,0,1,2023-02-11T18:44:18.6915942Z,0
5.30592,100.4462758,Daerah: Seberang Perai Tengah<br>No:84<br>Hex coord:(8;18),Lorong Perindustrian Bukit Minyak 15. Bukit Mertajam. Penang. Malaysia,0,0,0,0,0,0,1,2023-02-11T18:44:19.4266667Z,0
5.29814,100.4598103,Daerah: Seberang Perai Tengah<br>No:85<br>Hex coord:(9;18),Lengkok Perindustrian Bukit Minyak 3. 14100 Bukit Mertajam. Penang. Malaysia,0,0,0,0,0,0,1,2023-02-11T18:44:20.1614885Z,0
5.30592,100.4733447,Daerah: Seberang Perai Tengah<br>No:86<br>Hex coord:(10;18),Essex Malaysia Sdn Bhd. Lot 1192 Jalan Permatang Tinggi. 14000 Bukit Mertajam. Penang. Malaysia,0,0,0,0,0,0,1,2023-02-11T18:44:20.9201044Z,0
5.29814,100.4868792,Daerah: Seberang Perai Tengah<br>No:87<br>Hex coord:(11;18),Permatang Tinggi. 14120. Penang. Malaysia,0,0,0,0,0,0,1,2023-02-11T18:44:21.6446216Z,0
5.30592,100.5004137,Daerah: Seberang Perai Tengah<br>No:88<br>Hex coord:(12;18),Bukit Teh. 14020. Penang. Malaysia,0,0,0,0,0,0,1,2023-02-11T18:44:22.3765400Z,1
5.30592,100.5274826,Daerah: Seberang Perai Tengah<br>No:89<br>Hex coord:(14;18),Ladang Sim Lee. Seberang Perai Tengah. Malaysia,0,0,0,0,0,0,1,2023-02-11T18:44:23.0833445Z,0
5.29036,100.4192068,Daerah: Seberang Perai Tengah<br>No:90<br>Hex coord:(6;19),Juru. 14100. Penang. Malaysia,0,0,0,0,0,0,1,2023-02-11T18:44:23.7595841Z,0
5.29036,100.4462758,Daerah: Seberang Perai Tengah<br>No:91<br>Hex coord:(8;19),Lorong Perindustrian Bukit Minyak 19. Bukit Mertajam. Penang. Malaysia,0,0,0,0,0,0,1,2023-02-11T18:44:24.4753467Z,0
5.29036,100.4733447,Daerah: Seberang Perai Tengah<br>No:92<br>Hex coord:(10;19),Permatang Tinggi. Simpang Ampat. Seberang Perai. Malaysia,0,0,0,0,0,0,1,2023-02-11T18:44:25.1902728Z,0
5.29814,100.5139482,Daerah: Seberang Perai Selatan<br>No:1<br>Hex coord:(13;18),Kampung Seberang Tasik. Simpang Ampat. Seberang Perai. Malaysia,0,0,0,0,0,0,1,2023-02-11T18:44:25.9006458Z,0
5.28258,100.4327413,Daerah: Seberang Perai Selatan<br>No:2<br>Hex coord:(7;19),Sungai Jawi. Batu Kawan. Penang. Malaysia,0,0,0,0,0,0,1,2023-02-11T18:44:26.5927901Z,0
5.28258,100.4598103,Daerah: Seberang Perai Selatan<br>No:3<br>Hex coord:(9;19),Jalan Seri Tambun 1. Simpang Ampat. Penang. Malaysia,0,0,0,0,0,0,1,2023-02-11T18:44:27.3144734Z,0
5.28258,100.4868792,Daerah: Seberang Perai Selatan<br>No:4<br>Hex coord:(11;19),Indah Water. Simpang Ampat. Penang. Malaysia,0,0,0,0,0,0,1,2023-02-11T18:44:28.0425554Z,0
5.29036,100.5004137,Daerah: Seberang Perai Selatan<br>No:5<br>Hex coord:(12;19),P125. Simpang Ampat. Penang. Malaysia,0,0,0,0,0,0,1,2023-02-11T18:44:28.7427018Z,1
5.28258,100.5139482,Daerah: Seberang Perai Selatan<br>No:6<br>Hex coord:(13;19),Lorong IKS Tasek 4. Taman IKS Tasek. Simpang Ampat. Penang. Malaysia,0,0,0,0,0,0,1,2023-02-11T18:44:29.4366990Z,1
5.29036,100.5274826,Daerah: Seberang Perai Selatan<br>No:7<br>Hex coord:(14;19),Sungai Jawi. Seberang Perai. Malaysia,0,0,0,0,0,0,1,2023-02-11T18:44:30.1391217Z,0
5.28258,100.5410171,Daerah: Seberang Perai Selatan<br>No:x<br>Hex coord:(15;19),Sungai Junjong. Simpang Ampat. Penang. Malaysia,0,0,0,0,0,0,1,2023-02-11T18:44:30.8234395Z,0
5.26702,100.4056724,Daerah: Seberang Perai Selatan<br>No:x<br>Hex coord:(5;20),Jeti Pulau Aman. Pengkalan Cassia. Bandar Cassia. 14110. Penang. Malaysia,0,0,0,0,0,0,1,2023-02-11T18:44:31.4960705Z,0
5.2748,100.4192068,Daerah: Seberang Perai Selatan<br>No:8<br>Hex coord:(6;20),Bukit Batu Kawan Forest. Jalan Pengkalan Batu Kawan. Pengkalan Batu Kawan. 14110. Penang. Malaysia,0,0,0,0,0,0,1,2023-02-11T18:44:32.1776218Z,0
5.26702,100.4327413,Daerah: Seberang Perai Selatan<br>No:9<br>Hex coord:(7;20),Hong Seng Estate. Batu Kawan. Seberang Perai Selatan. Malaysia,0,0,0,0,0,0,1,2023-02-11T18:44:32.8673959Z,0
5.2748,100.4462758,Daerah: Seberang Perai Selatan<br>No:10<br>Hex coord:(8;20),Bukit Tambun. Simpang Ampat. Seberang Perai. Malaysia,0,0,0,0,0,0,1,2023-02-11T18:44:33.5748042Z,0
5.26702,100.4598103,Daerah: Seberang Perai Selatan<br>No:11<br>Hex coord:(9;20),North�South Expressway. Bukit Tambun. Simpang Ampat. Penang. Malaysia,0,0,0,0,0,0,1,2023-02-11T18:44:34.2737493Z,0
5.2748,100.4733447,Daerah: Seberang Perai Selatan<br>No:12<br>Hex coord:(10;20),Lorong Cegar 1. Bukit Tambun. Simpang Ampat. Penang. Malaysia,0,0,0,0,0,0,1,2023-02-11T18:44:34.9806752Z,2
5.26702,100.4868792,Daerah: Seberang Perai Selatan<br>No:13<br>Hex coord:(11;20),Akademi Memandu Berjaya Sdn. Bhd.. 2402 Pergerakan Selekoh Z. Bukit Tambun. 14100 Simpang Ampat. Penang. Malaysia,0,0,0,0,0,0,1,2023-02-11T18:44:35.6796992Z,0
5.2748,100.5004137,Daerah: Seberang Perai Selatan<br>No:14<br>Hex coord:(12;20),Jalan Tasek Mutiara 10. Simpang Ampat. Penang. Malaysia,0,0,0,0,0,0,1,2023-02-11T18:44:36.3924783Z,1
5.26702,100.5139482,Daerah: Seberang Perai Selatan<br>No:15<br>Hex coord:(13;20),Jalan Valdor. Sungai Jawi. Simpang Ampat. Penang. Malaysia,0,0,0,0,0,0,1,2023-02-11T18:44:37.0776874Z,0
5.2748,100.5274826,Daerah: Seberang Perai Selatan<br>No:16<br>Hex coord:(14;20),Sungai Jawi. Seberang Perai. Malaysia,0,0,0,0,0,0,1,2023-02-11T18:44:37.7589565Z,0
5.26702,100.5410171,Daerah: Seberang Perai Selatan<br>No:x<br>Hex coord:(15;20),Ladang Ayer Puteh. Kulim. Malaysia,0,0,0,0,0,0,1,2023-02-11T18:44:38.4317392Z,0
5.25924,100.4192068,Daerah: Seberang Perai Selatan<br>No:17<br>Hex coord:(6;21),Jalan Batu Kawan. Bandar Cassia. 14110. Penang. Malaysia,0,0,0,0,0,0,1,2023-02-11T18:44:39.0960928Z,1
5.25146,100.4327413,Daerah: Seberang Perai Selatan<br>No:18<br>Hex coord:(7;21),Pulau Batu Kawan. Batu Kawan. Seberang Perai Selatan. Malaysia,0,0,0,0,0,0,1,2023-02-11T18:44:39.7655474Z,0
5.25924,100.4462758,Daerah: Seberang Perai Selatan<br>No:19<br>Hex coord:(8;21),Sungai Binjai. Batu Kawan. Seberang Perai Selatan. Malaysia,0,0,0,0,0,0,1,2023-02-11T18:44:40.4532806Z,0
5.25146,100.4598103,Daerah: Seberang Perai Selatan<br>No:20<br>Hex coord:(9;21),Sungai Jawi. Penang. Malaysia,0,0,0,0,0,0,1,2023-02-11T18:44:41.1444405Z,0
5.25924,100.4733447,Daerah: Seberang Perai Selatan<br>No:21<br>Hex coord:(10;21),Jalan Paboi. Simpang Ampat. Penang. Malaysia,0,0,0,0,0,0,1,2023-02-11T18:44:41.8307559Z,1
5.25146,100.4868792,Daerah: Seberang Perai Selatan<br>No:22<br>Hex coord:(11;21),Hijauan Valdor. Simpang Ampat. Seberang Perai. Malaysia,0,0,0,0,0,0,1,2023-02-11T18:44:42.5260708Z,1
5.25924,100.5004137,Daerah: Seberang Perai Selatan<br>No:23<br>Hex coord:(12;21),?????????. Penang. Malaysia,0,0,0,0,0,0,1,2023-02-11T18:44:43.2196842Z,0
5.25146,100.5139482,Daerah: Seberang Perai Selatan<br>No:24<br>Hex coord:(13;21),Sungai Jawi. Kampung Sethu. 14200. Penang. Malaysia,0,0,0,0,0,0,1,2023-02-11T18:44:43.9109768Z,0
5.25924,100.5274826,Daerah: Seberang Perai Selatan<br>No:25<br>Hex coord:(14;21),Sungai Jawi. Seberang Perai. Malaysia,0,0,0,0,0,0,1,2023-02-11T18:44:44.5990422Z,0
5.25146,100.5410171,Daerah: Seberang Perai Selatan<br>No:x<br>Hex coord:(15;21),Bukit Cempedak. Kulim. Malaysia,0,0,0,0,0,0,1,2023-02-11T18:44:45.2715949Z,0
5.24368,100.4192068,Daerah: Seberang Perai Selatan<br>No:26<br>Hex coord:(6;22),Bandar Cassia. 14110. Penang. Malaysia,0,0,0,0,0,0,1,2023-02-11T18:44:45.9385779Z,0
5.2359,100.4327413,Daerah: Seberang Perai Selatan<br>No:27<br>Hex coord:(7;22),Persiaran Cassia Barat 8. Batu Kawan. Penang. Malaysia,0,0,0,0,0,0,1,2023-02-11T18:44:46.6081175Z,0
5.24368,100.4462758,Daerah: Seberang Perai Selatan<br>No:28<br>Hex coord:(8;22),Bandar Cassia. 14110. Penang. Malaysia,0,0,0,0,0,0,1,2023-02-11T18:44:47.2962709Z,0
5.2359,100.4598103,Daerah: Seberang Perai Selatan<br>No:29<br>Hex coord:(9;22),Bose Malaysia. 719 Lingkaran Cassia Selatan. 14100 Simpang Ampat. Penang. Malaysia,0,0,0,0,0,0,1,2023-02-11T18:44:47.9854338Z,0
5.24368,100.4733447,Daerah: Seberang Perai Selatan<br>No:30<br>Hex coord:(10;22),Lebuhraya Utara�Selatan. Simpang Ampat. Penang. Malaysia,0,0,0,0,0,0,1,2023-02-11T18:44:48.6750979Z,1
5.2359,100.4868792,Daerah: Seberang Perai Selatan<br>No:31<br>Hex coord:(11;22),Sungai Jawi. Seberang Perai. Malaysia,0,0,0,0,0,0,1,2023-02-11T18:44:49.3759688Z,0
5.24368,100.5004137,Daerah: Seberang Perai Selatan<br>No:32<br>Hex coord:(12;22),Sungai Jawi. Seberang Perai. Malaysia,0,0,0,0,0,0,1,2023-02-11T18:44:50.0731843Z,1
5.2359,100.5139482,Daerah: Seberang Perai Selatan<br>No:33<br>Hex coord:(13;22),?????. Sungai Jawi. Penang. Malaysia,0,0,0,0,0,0,1,2023-02-11T18:44:50.7456620Z,0
5.24368,100.5274826,Daerah: Seberang Perai Selatan<br>No:34<br>Hex coord:(14;22),Sungai Jawi. Kampung Sethu. 14200. Penang. Malaysia,0,0,0,0,0,0,1,2023-02-11T18:44:51.4257533Z,0
5.2359,100.5410171,Daerah: Bandar Baharu<br>No:x<br>Hex coord:(15;22),Bandar Baharu. 14200. Kedah. Malaysia,0,0,0,0,0,0,1,2023-02-11T18:44:52.0999475Z,0
5.22812,100.4192068,Daerah: Seberang Perai Selatan<br>No:x<br>Hex coord:(6;23),Batu Kawan. Seberang Perai Selatan. Malaysia,0,0,0,0,0,0,1,2023-02-11T18:44:52.7578700Z,0
5.22034,100.4327413,Daerah: Seberang Perai Selatan<br>No:35<br>Hex coord:(7;23),Persiaran Cassia Selatan 3. Batu Kawan. Penang. Malaysia,0,0,0,0,0,0,1,2023-02-11T18:44:53.4230251Z,0
5.22812,100.4462758,Daerah: Seberang Perai Selatan<br>No:36<br>Hex coord:(8;23),Honda. Lebuhraya Bandar Cassia. Batu Kawan Industrial Park. 14110. Penang. Malaysia,0,0,0,0,0,0,1,2023-02-11T18:44:54.1053840Z,0
5.22034,100.4598103,Daerah: Seberang Perai Selatan<br>No:37<br>Hex coord:(9;23),Kampung Bagan Buaya. Nibong Tebal. Seberang Perai. Malaysia,0,0,0,0,0,0,1,2023-02-11T18:44:54.7918177Z,0
5.22812,100.4733447,Daerah: Seberang Perai Selatan<br>No:38<br>Hex coord:(10;23),Kampung Bagan Buaya. Simpang Ampat. Seberang Perai. Malaysia,0,0,0,0,0,0,1,2023-02-11T18:44:55.4850798Z,0
5.22034,100.4868792,Daerah: Seberang Perai Selatan<br>No:39<br>Hex coord:(11;23),Sungai Jawi. Seberang Perai. Malaysia,0,0,0,0,0,0,1,2023-02-11T18:44:56.1775502Z,1
5.22812,100.5004137,Daerah: Seberang Perai Selatan<br>No:40<br>Hex coord:(12;23),Sungai Jawi. Seberang Perai. Malaysia,0,0,0,0,0,0,1,2023-02-11T18:44:56.8641151Z,3
5.22034,100.5139482,Daerah: Seberang Perai Selatan<br>No:41<br>Hex coord:(13;23),Ladang Wee Lee. Jawi. Seberang Perai Selatan. Malaysia,0,0,0,0,0,0,1,2023-02-11T18:44:57.5356431Z,0
5.22812,100.5274826,Daerah: Seberang Perai Selatan<br>No:42<br>Hex coord:(14;23),Sungai Jawi. Seberang Perai. Malaysia,0,0,0,0,0,0,1,2023-02-11T18:44:58.2089058Z,0
5.22034,100.5410171,Daerah: Seberang Perai Selatan<br>No:43<br>Hex coord:(15;23),Ladang Sungai Duri. Jawi. Seberang Perai Selatan. Malaysia,0,0,0,0,0,0,1,2023-02-11T18:44:58.8703835Z,0
5.21256,100.4192068,Daerah: Seberang Perai Selatan<br>No:x<br>Hex coord:(6;24),Kuala Tengah. Sungai Jawi. Seberang Perai Selatan. Malaysia,0,0,0,0,0,0,1,2023-02-11T18:44:59.5285792Z,0
5.20478,100.4327413,Daerah: Seberang Perai Selatan<br>No:44<br>Hex coord:(7;24),Ladang Byram. Sungai Jawi. Seberang Perai Selatan. Malaysia,0,0,0,0,0,0,1,2023-02-11T18:45:00.2022813Z,0
5.21256,100.4462758,Daerah: Seberang Perai Selatan<br>No:45<br>Hex coord:(8;24),Jeti Pangkalan Nelayan Changkat. Sungai Jawi. Penang. Malaysia,0,0,0,0,0,0,1,2023-02-11T18:45:00.8721412Z,0
5.20478,100.4598103,Daerah: Seberang Perai Selatan<br>No:46<br>Hex coord:(9;24),Kampung Bagan Buaya. Nibong Tebal. Seberang Perai. Malaysia,0,0,0,0,0,0,1,2023-02-11T18:45:01.5484130Z,0
5.21256,100.4733447,Daerah: Seberang Perai Selatan<br>No:47<br>Hex coord:(10;24),P170. Nibong Tebal. Penang. Malaysia,0,0,0,0,0,0,1,2023-02-11T18:45:02.2261060Z,0
5.20478,100.4868792,Daerah: Seberang Perai Selatan<br>No:48<br>Hex coord:(11;24),Sungai Jawi. Seberang Perai. Malaysia,0,0,0,0,0,0,1,2023-02-11T18:45:02.9035479Z,1
5.21256,100.5004137,Daerah: Seberang Perai Selatan<br>No:49<br>Hex coord:(12;24),Sungai Jawi. Seberang Perai. Malaysia,0,0,0,0,0,0,1,2023-02-11T18:45:03.5920430Z,1
5.20478,100.5139482,Daerah: Seberang Perai Selatan<br>No:50<br>Hex coord:(13;24),Sungai Jawi. Seberang Perai. Malaysia,0,0,0,0,0,0,1,2023-02-11T18:45:04.2891057Z,0
5.21256,100.5274826,Daerah: Seberang Perai Selatan<br>No:51<br>Hex coord:(14;24),Sungai Jawi. Seberang Perai. Malaysia,0,0,0,0,0,0,1,2023-02-11T18:45:04.9964737Z,0
5.20478,100.5410171,Daerah: Seberang Perai Selatan<br>No:52<br>Hex coord:(15;24),Sungai Jawi. Seberang Perai. Malaysia,0,0,0,0,0,0,1,2023-02-11T18:45:05.6729790Z,0
5.197,100.4192068,Daerah: Seberang Perai Selatan<br>No:x<br>Hex coord:(6;25),Pulau Burong Landfill. Sungai Jawi. Penang. Malaysia,0,0,0,0,0,0,1,2023-02-11T18:45:06.3290639Z,0
5.18922,100.4327413,Daerah: Seberang Perai Selatan<br>No:53<br>Hex coord:(7;25),Jalan Byram. Nibong Tebal. Penang. Malaysia,0,0,0,0,0,0,1,2023-02-11T18:45:06.9952850Z,0
5.197,100.4462758,Daerah: Seberang Perai Selatan<br>No:54<br>Hex coord:(8;25),P164. Kampung Bagan Buaya. Nibong Tebal. Penang. Malaysia,0,0,0,0,0,0,1,2023-02-11T18:45:07.6676610Z,0
5.18922,100.4598103,Daerah: Seberang Perai Selatan<br>No:55<br>Hex coord:(9;25),P166. Penang. Malaysia,0,0,0,0,0,0,1,2023-02-11T18:45:08.3603531Z,0
5.197,100.4733447,Daerah: Seberang Perai Selatan<br>No:56<br>Hex coord:(10;25),Kampung Bagan Buaya. Nibong Tebal. Seberang Perai. Malaysia,0,0,0,0,0,0,1,2023-02-11T18:45:09.0397416Z,0
5.18922,100.4868792,Daerah: Seberang Perai Selatan<br>No:57<br>Hex coord:(11;25),Jalan Nibong Tebal. Kampung Sethu. Nibong Tebal. Penang. Malaysia,0,0,0,0,0,0,1,2023-02-11T18:45:09.7289092Z,2
5.197,100.5004137,Daerah: Seberang Perai Selatan<br>No:58<br>Hex coord:(12;25),Lorong Jawi Permai 4. Sungai Jawi. Jawi. Penang. Malaysia,0,0,0,0,0,0,1,2023-02-11T18:45:10.4147530Z,1
5.18922,100.5139482,Daerah: Seberang Perai Selatan<br>No:59<br>Hex coord:(13;25),Ladang Chain Paik Sin. Jawi. Seberang Perai Selatan. Malaysia,0,0,0,0,0,0,1,2023-02-11T18:45:11.0916629Z,0
5.197,100.5274826,Daerah: Seberang Perai Selatan<br>No:60<br>Hex coord:(14;25),Lorong Widuri 26. Sungai Jawi. Jawi. Penang. Malaysia,0,0,0,0,0,0,1,2023-02-11T18:45:11.7702194Z,2
5.18922,100.5410171,Daerah: Jawi<br>No:61<br>Hex coord:(15;25),Ladang Kerian Kedah. Jawi. Seberang Perai Selatan. Malaysia,0,0,0,0,0,0,1,2023-02-11T18:45:12.4449929Z,2
5.18144,100.4192068,Daerah: Seberang Perai Selatan<br>No:62<br>Hex coord:(6;26),Hutan Rizab Byran. Seberang Perai Selatan. Malaysia,0,0,0,0,0,0,1,2023-02-11T18:45:13.1109005Z,0
5.17366,100.4327413,Daerah: Seberang Perai Selatan<br>No:63<br>Hex coord:(7;26),Kampung Haji Omar. Nibong Tebal. Seberang Perai. Malaysia,0,0,0,0,0,0,1,2023-02-11T18:45:13.7818465Z,0
5.18144,100.4462758,Daerah: Seberang Perai Selatan<br>No:64<br>Hex coord:(8;26),Jalan Byram. Kampung Pengkalan. Nibong Tebal. Penang. Malaysia,0,0,0,0,0,0,1,2023-02-11T18:45:14.4577502Z,0
5.17366,100.4598103,Daerah: Seberang Perai Selatan<br>No:65<br>Hex coord:(9;26),99 Door Mansion. Nibong Tebal. Penang. Malaysia,0,0,0,0,0,0,1,2023-02-11T18:45:15.1404930Z,1
5.18144,100.4733447,Daerah: Seberang Perai Selatan<br>No:66<br>Hex coord:(10;26),Kampung Haji Omar. Nibong Tebal. Seberang Perai. Malaysia,0,0,0,0,0,0,1,2023-02-11T18:45:15.8398537Z,0
5.17366,100.4868792,Daerah: Seberang Perai Selatan<br>No:67<br>Hex coord:(11;26),Lorong Panchur Mutiara 12. Taman Panchor Mutiara. Nibong Tebal. Penang. Malaysia,0,0,0,0,0,0,1,2023-02-11T18:45:16.5394484Z,2
5.18144,100.5004137,Daerah: Seberang Perai Selatan<br>No:68<br>Hex coord:(12;26),Ladang Abdul Hamid. Nibong Tebal. Seberang Perai Selatan. Malaysia,0,0,0,0,0,0,1,2023-02-11T18:45:17.2200200Z,0
5.17366,100.5139482,Daerah: Seberang Perai Selatan<br>No:69<br>Hex coord:(13;26),P156. Sungai Jawi. Nibong Tebal. Penang. Malaysia,0,0,0,0,0,0,1,2023-02-11T18:45:17.9143871Z,0
5.18144,100.5274826,Daerah: Seberang Perai Selatan<br>No:70<br>Hex coord:(14;26),Sungai Jawi. Seberang Perai. Malaysia,0,0,0,0,0,0,1,2023-02-11T18:45:18.5898592Z,0
5.17366,100.5410171,Daerah: Seberang Perai Selatan<br>No:71<br>Hex coord:(15;26),South Seberang Perai District. Nibong Tebal. Seberang Perai. Malaysia,0,0,0,0,0,0,1,2023-02-11T18:45:19.2641514Z,0
5.1581,100.4056724,Daerah: Seberang Perai Selatan<br>No:x<br>Hex coord:(5;27),South Seberang Perai District. Sungai Acheh. Seberang Perai. Malaysia,0,0,0,0,0,0,1,2023-02-11T18:45:19.9359307Z,0
5.16588,100.4192068,Daerah: Seberang Perai Selatan<br>No:x<br>Hex coord:(6;27),Kuala Kerian. Pulau Pinang. Seberang Perai Selatan. Malaysia,0,0,0,0,0,0,1,2023-02-11T18:45:20.6370119Z,0
5.1581,100.4327413,Daerah: Seberang Perai Selatan<br>No:72<br>Hex coord:(7;27),Kampung Sungai Air Itam. Nibong Tebal. Seberang Perai. Malaysia,0,0,0,0,0,0,1,2023-02-11T18:45:21.3089343Z,0
5.16588,100.4462758,Daerah: Seberang Perai Selatan<br>No:73<br>Hex coord:(8;27),Kampung Haji Omar. Nibong Tebal. Seberang Perai. Malaysia,0,0,0,0,0,0,1,2023-02-11T18:45:21.9897265Z,0
5.1581,100.4598103,Daerah: Seberang Perai Selatan<br>No:74<br>Hex coord:(9;27),Kampung Haji Omar. Nibong Tebal. Seberang Perai. Malaysia,0,0,0,0,0,0,1,2023-02-11T18:45:22.6702476Z,0
5.16588,100.4733447,Daerah: Seberang Perai Selatan<br>No:75<br>Hex coord:(10;27),Jalan Nuri 1. Nibong Tebal. Penang. Malaysia,0,0,0,0,0,0,1,2023-02-11T18:45:23.3754638Z,1
5.1581,100.4868792,Daerah: Seberang Perai Selatan<br>No:76<br>Hex coord:(11;27),Kampung Haji Omar. Nibong Tebal. Seberang Perai. Malaysia,0,0,0,0,0,0,1,2023-02-11T18:45:24.0746561Z,1
5.16588,100.5004137,Daerah: Seberang Perai Selatan<br>No:77<br>Hex coord:(12;27),Jishan Pack Sdn Bhd. Lot 20384. Jalan Bukit Panchor. 14300 Nibong Tebal. Penang Jalan Bukit Panchor. 14300 Nibong Tebal. Penang. Malaysia,0,0,0,0,0,0,1,2023-02-11T18:45:24.7667117Z,0
5.1581,100.5139482,Daerah: Seberang Perai Selatan<br>No:78<br>Hex coord:(13;27),Perkampungan Sungai Kechil. Nibong Tebal. Seberang Perai. Malaysia,0,0,0,0,0,0,1,2023-02-11T18:45:25.4488731Z,0
5.16588,100.5274826,Daerah: Seberang Perai Selatan<br>No:79<br>Hex coord:(14;27),Lorong Pancor Utama 12. Perkampungan Sungai Kechil. Nibong Tebal. Penang. Malaysia,0,0,0,0,0,0,1,2023-02-11T18:45:26.1309304Z,0
5.1581,100.5410171,Daerah: Seberang Perai Selatan<br>No:80<br>Hex coord:(15;27),Bukit Panchor Reservoir. Jalan Loji Bukit Panchor. Perkampungan Sungai Kechil. Nibong Tebal. Penang. Malaysia,0,0,0,0,0,0,1,2023-02-11T18:45:26.8020784Z,0
5.16588,100.5545516,Daerah: Bandar Baharu<br>No:x<br>Hex coord:(16;27),Sungai Kechil Hilir. 34950. Kedah. Malaysia,0,0,0,0,0,0,1,2023-02-11T18:45:27.4606271Z,0
5.14254,100.4056724,Daerah: Seberang Perai Selatan<br>No:81<br>Hex coord:(5;28),Sungai Chenaam. Nibong Tebal. Penang. Malaysia,0,0,0,0,0,0,1,2023-02-11T18:45:28.1226163Z,0
5.15032,100.4192068,Daerah: Seberang Perai Selatan<br>No:82<br>Hex coord:(6;28),Masjid Jamek Sungai Acheh. Nibong Tebal. Penang. Malaysia,0,0,0,0,0,0,1,2023-02-11T18:45:28.7931995Z,0
5.14254,100.4327413,Daerah: Seberang Perai Selatan<br>No:83<br>Hex coord:(7;28),Kampung Batas Pinang. Nibong Tebal. Seberang Perai. Malaysia,0,0,0,0,0,0,1,2023-02-11T18:45:29.4618454Z,0
5.15032,100.4462758,Daerah: Seberang Perai Selatan<br>No:84<br>Hex coord:(8;28),Kampung Tanjong Beremban. Nibong Tebal. Seberang Perai. Malaysia,0,0,0,0,0,0,1,2023-02-11T18:45:30.1329851Z,0
5.14254,100.4598103,Daerah: Seberang Perai Selatan<br>No:85<br>Hex coord:(9;28),Masjid Al-Amin. Nibong Tebal. Seberang Perai Selatan. Malaysia,0,0,0,0,0,0,1,2023-02-11T18:45:30.8119910Z,0
5.15032,100.4733447,Daerah: Seberang Perai Selatan<br>No:86<br>Hex coord:(10;28),Taman Keramat Permai. Nibong Tebal. Seberang Perai. Malaysia,0,0,0,0,0,0,1,2023-02-11T18:45:31.5223367Z,0
5.14254,100.4868792,Daerah: Seberang Perai Selatan<br>No:87<br>Hex coord:(11;28),Taman Pekaka. Nibong Tebal. Seberang Perai. Malaysia,0,0,0,0,0,0,1,2023-02-11T18:45:32.2103029Z,1
5.15032,100.5004137,Daerah: Seberang Perai Selatan<br>No:88<br>Hex coord:(12;28),Sungai Kecil. Nibong Tebal. Seberang Perai Selatan. Malaysia,0,0,0,0,0,0,1,2023-02-11T18:45:32.8898833Z,0
5.14254,100.5139482,Daerah: Seberang Perai Selatan<br>No:x<br>Hex coord:(13;28),Perkampungan Sungai Kechil. Nibong Tebal. Seberang Perai. Malaysia,0,0,0,0,0,0,1,2023-02-11T18:45:33.5739897Z,0
5.15032,100.5274826,Daerah: Seberang Perai Selatan<br>No:89<br>Hex coord:(14;28),Bukit Rantai. Seberang Perai Selatan. Malaysia,0,0,0,0,0,0,1,2023-02-11T18:45:34.2482902Z,0
5.14254,100.5410171,Daerah: Seberang Perai Selatan<br>No:90<br>Hex coord:(15;28),South Seberang Perai District. Seberang Perai. Malaysia,0,0,0,0,0,0,1,2023-02-11T18:45:34.9173378Z,0
5.15032,100.5545516,Daerah: Bandar Baharu<br>No:x<br>Hex coord:(16;28),Bandar Baharu. 34950 Kampung Permatang Simpor. Kedah. Malaysia,0,0,0,0,0,0,1,2023-02-11T18:45:35.5769616Z,0
5.13476,100.3921379,Daerah: Seberang Perai Selatan<br>No:x<br>Hex coord:(4;29),Sungai Bakau,0,0,0,0,0,0,1,2023-02-11T18:45:36.2437986Z,0
5.12698,100.4056724,Daerah: Seberang Perai Selatan<br>No:91<br>Hex coord:(5;29),Jalan Sungai Bakau Baru. Kampung Sungai Tongkang. Nibong Tebal. Penang. Malaysia,0,0,0,0,0,0,1,2023-02-11T18:45:36.9162593Z,0
5.13476,100.4192068,Daerah: Seberang Perai Selatan<br>No:92<br>Hex coord:(6;29),Jalan Sungai Bakau. Kampung Sungai Tongkang. Nibong Tebal. Penang. Malaysia,0,0,0,0,0,0,1,2023-02-11T18:45:37.5783508Z,0
5.12698,100.4327413,Daerah: Seberang Perai Selatan<br>No:93<br>Hex coord:(7;29),Jalan Sempadan. Sungai Bakau. Nibong Tebal. Penang. Malaysia,0,0,0,0,0,0,1,2023-02-11T18:45:38.2525022Z,0
5.13476,100.4462758,Daerah: Seberang Perai Selatan<br>No:94<br>Hex coord:(8;29),Kampung Batu 3. Nibong Tebal. Seberang Perai. Malaysia,0,0,0,0,0,0,1,2023-02-11T18:45:38.9283191Z,0
5.12698,100.4598103,Daerah: Seberang Perai Selatan<br>No:x<br>Hex coord:(9;29),Taman Putera. Nibong Tebal. Penang. Malaysia,0,0,0,0,0,0,1,2023-02-11T18:45:39.6084054Z,0
5.13476,100.4733447,Daerah: Seberang Perai Selatan<br>No:95<br>Hex coord:(10;29),Taman Seri Emas. Nibong Tebal. Seberang Perai. Malaysia,0,0,0,0,0,0,1,2023-02-11T18:45:40.2987462Z,2
5.12698,100.4868792,Daerah: Kerian<br>No:x<br>Hex coord:(11;29),Pekan Lama. 34200. Perak. Malaysia,0,0,0,0,0,0,1,2023-02-11T18:45:40.9998667Z,0
5.13476,100.5274826,Daerah: Bandar Baharu<br>No:x<br>Hex coord:(14;29),Bukit Tebuan. Bandar Baharu. Malaysia,0,0,0,0,0,0,1,2023-02-11T18:45:41.6812828Z,0