lat,lon,label,placename,weeklyactive,totalactive,weeklyrecovered,totalrecovered,weeklydeaths,totaldeaths,weight,timestamp,reserved
5.91595,101.5392524,Daerah: Perak<br>No:1<br>Hex coord:(87;1),n/a,0,0,0,0,0,0,1,2022-08-07T19:40:08.3056910Z,0
5.91595,101.5663458,Daerah: Perak<br>No:2<br>Hex coord:(89;1),n/a,0,0,0,0,0,0,1,2022-08-07T19:40:09.0896699Z,0
5.92373,101.5798925,Daerah: Perak<br>No:3<br>Hex coord:(90;1),n/a,0,0,0,0,0,0,1,2022-08-07T19:40:09.7783626Z,0
5.91595,101.5934392,Daerah: Perak<br>No:4<br>Hex coord:(91;1),n/a,0,0,0,0,0,0,1,2022-08-07T19:40:10.4742807Z,0
5.90039,101.5392524,Daerah: Perak<br>No:5<br>Hex coord:(87;2),n/a,0,0,0,0,0,0,1,2022-08-07T19:40:11.1750754Z,0
5.90817,101.5527991,Daerah: Perak<br>No:6<br>Hex coord:(88;2),n/a,0,0,0,0,0,0,1,2022-08-07T19:40:11.8788384Z,0
5.90039,101.5663458,Daerah: Perak<br>No:7<br>Hex coord:(89;2),n/a,0,0,0,0,0,0,1,2022-08-07T19:40:12.5744073Z,0
5.90817,101.5798925,Daerah: Perak<br>No:8<br>Hex coord:(90;2),n/a,0,0,0,0,0,0,1,2022-08-07T19:40:13.2673831Z,0
5.90039,101.5934392,Daerah: Perak<br>No:9<br>Hex coord:(91;2),n/a,0,0,0,0,0,0,1,2022-08-07T19:40:13.9676750Z,0
5.90817,101.6069859,Daerah: Perak<br>No:10<br>Hex coord:(92;2),n/a,0,0,0,0,0,0,1,2022-08-07T19:40:14.6586490Z,0
5.88483,101.512159,Daerah: Perak<br>No:11<br>Hex coord:(85;3),n/a,0,0,0,0,0,0,1,2022-08-07T19:40:15.3743582Z,0
5.89261,101.5257057,Daerah: Perak<br>No:12<br>Hex coord:(86;3),n/a,0,0,0,0,0,0,1,2022-08-07T19:40:16.0755969Z,0
5.88483,101.5392524,Daerah: Perak<br>No:13<br>Hex coord:(87;3),n/a,0,0,0,0,0,0,1,2022-08-07T19:40:16.7748286Z,0
5.89261,101.5527991,Daerah: Perak<br>No:14<br>Hex coord:(88;3),n/a,0,0,0,0,0,0,1,2022-08-07T19:40:17.4841744Z,0
5.88483,101.5663458,Daerah: Perak<br>No:15<br>Hex coord:(89;3),n/a,0,0,0,0,0,0,1,2022-08-07T19:40:18.2183922Z,0
5.89261,101.5798925,Daerah: Perak<br>No:16<br>Hex coord:(90;3),n/a,0,0,0,0,0,0,1,2022-08-07T19:40:18.9137448Z,0
5.88483,101.5934392,Daerah: Perak<br>No:17<br>Hex coord:(91;3),n/a,0,0,0,0,0,0,1,2022-08-07T19:40:19.6080113Z,0
5.89261,101.6069859,Daerah: Perak<br>No:18<br>Hex coord:(92;3),n/a,0,0,0,0,0,0,1,2022-08-07T19:40:20.3005772Z,0
5.88483,101.6205326,Daerah: Perak<br>No:19<br>Hex coord:(93;3),n/a,0,0,0,0,0,0,1,2022-08-07T19:40:20.9868534Z,0
5.86927,101.4037853,Daerah: Perak<br>No:20<br>Hex coord:(77;4),n/a,0,0,0,0,0,0,1,2022-08-07T19:40:21.6767000Z,0
5.86927,101.4308787,Daerah: Perak<br>No:21<br>Hex coord:(79;4),n/a,0,0,0,0,0,0,1,2022-08-07T19:40:22.3761242Z,0
5.86927,101.4579721,Daerah: Perak<br>No:22<br>Hex coord:(81;4),n/a,0,0,0,0,0,0,1,2022-08-07T19:40:23.1072951Z,0
5.86927,101.4850655,Daerah: Perak<br>No:23<br>Hex coord:(83;4),n/a,0,0,0,0,0,0,1,2022-08-07T19:40:23.7937592Z,0
5.87705,101.4986123,Daerah: Perak<br>No:24<br>Hex coord:(84;4),n/a,0,0,0,0,0,0,1,2022-08-07T19:40:24.4826408Z,0
5.86927,101.512159,Daerah: Perak<br>No:25<br>Hex coord:(85;4),n/a,0,0,0,0,0,0,1,2022-08-07T19:40:25.1707502Z,0
5.87705,101.5257057,Daerah: Perak<br>No:26<br>Hex coord:(86;4),n/a,0,0,0,0,0,0,1,2022-08-07T19:40:25.8689112Z,0
5.86927,101.5392524,Daerah: Perak<br>No:27<br>Hex coord:(87;4),n/a,0,0,0,0,0,0,1,2022-08-07T19:40:26.5727239Z,0
5.87705,101.5527991,Daerah: Perak<br>No:28<br>Hex coord:(88;4),n/a,0,0,0,0,0,0,1,2022-08-07T19:40:27.2544428Z,0
5.86927,101.5663458,Daerah: Perak<br>No:29<br>Hex coord:(89;4),n/a,0,0,0,0,0,0,1,2022-08-07T19:40:27.9847110Z,0
5.87705,101.5798925,Daerah: Perak<br>No:30<br>Hex coord:(90;4),n/a,0,0,0,0,0,0,1,2022-08-07T19:40:28.6763644Z,0
5.86927,101.5934392,Daerah: Perak<br>No:31<br>Hex coord:(91;4),n/a,0,0,0,0,0,0,1,2022-08-07T19:40:29.3799854Z,0
5.87705,101.6069859,Daerah: Perak<br>No:32<br>Hex coord:(92;4),n/a,0,0,0,0,0,0,1,2022-08-07T19:40:30.0698083Z,0
5.86927,101.6205326,Daerah: Perak<br>No:33<br>Hex coord:(93;4),n/a,0,0,0,0,0,0,1,2022-08-07T19:40:30.7538414Z,0
5.86927,101.647626,Daerah: Perak<br>No:34<br>Hex coord:(95;4),n/a,0,0,0,0,0,0,1,2022-08-07T19:40:31.4416093Z,0
5.86149,101.3902386,Daerah: Perak<br>No:35<br>Hex coord:(76;5),n/a,0,0,0,0,0,0,1,2022-08-07T19:40:32.1342331Z,0
5.85371,101.4037853,Daerah: Perak<br>No:36<br>Hex coord:(77;5),n/a,0,0,0,0,0,0,1,2022-08-07T19:40:32.8140516Z,0
5.86149,101.417332,Daerah: Perak<br>No:37<br>Hex coord:(78;5),n/a,0,0,0,0,0,0,1,2022-08-07T19:40:33.6861954Z,0
5.85371,101.4308787,Daerah: Perak<br>No:38<br>Hex coord:(79;5),n/a,0,0,0,0,0,0,1,2022-08-07T19:40:34.3764163Z,0
5.86149,101.4444254,Daerah: Perak<br>No:39<br>Hex coord:(80;5),n/a,0,0,0,0,0,0,1,2022-08-07T19:40:35.0900168Z,0
5.85371,101.4579721,Daerah: Perak<br>No:40<br>Hex coord:(81;5),n/a,0,0,0,0,0,0,1,2022-08-07T19:40:35.7726203Z,0
5.86149,101.4715188,Daerah: Perak<br>No:41<br>Hex coord:(82;5),n/a,0,0,0,0,0,0,1,2022-08-07T19:40:36.4598676Z,0
5.85371,101.4850655,Daerah: Perak<br>No:42<br>Hex coord:(83;5),n/a,0,0,0,0,0,0,1,2022-08-07T19:40:37.1554128Z,0
5.86149,101.4986123,Daerah: Perak<br>No:43<br>Hex coord:(84;5),n/a,0,0,0,0,0,0,1,2022-08-07T19:40:37.8519980Z,0
5.85371,101.512159,Daerah: Perak<br>No:44<br>Hex coord:(85;5),n/a,0,0,0,0,0,0,1,2022-08-07T19:40:38.5764889Z,0
5.86149,101.5257057,Daerah: Perak<br>No:45<br>Hex coord:(86;5),n/a,0,0,0,0,0,0,1,2022-08-07T19:40:39.2806861Z,0
5.85371,101.5392524,Daerah: Perak<br>No:46<br>Hex coord:(87;5),n/a,0,0,0,0,0,0,1,2022-08-07T19:40:39.9826473Z,0
5.86149,101.5527991,Daerah: Perak<br>No:47<br>Hex coord:(88;5),n/a,0,0,0,0,0,0,1,2022-08-07T19:40:40.6796990Z,0
5.85371,101.5663458,Daerah: Perak<br>No:48<br>Hex coord:(89;5),n/a,0,0,0,0,0,0,1,2022-08-07T19:40:41.3607055Z,0
5.86149,101.5798925,Daerah: Perak<br>No:49<br>Hex coord:(90;5),n/a,0,0,0,0,0,0,1,2022-08-07T19:40:42.0567091Z,0
5.85371,101.5934392,Daerah: Perak<br>No:50<br>Hex coord:(91;5),n/a,0,0,0,0,0,0,1,2022-08-07T19:40:42.7366041Z,0
5.86149,101.6069859,Daerah: Perak<br>No:51<br>Hex coord:(92;5),n/a,0,0,0,0,0,0,1,2022-08-07T19:40:43.4721707Z,0
5.85371,101.6205326,Daerah: Perak<br>No:52<br>Hex coord:(93;5),n/a,0,0,0,0,0,0,1,2022-08-07T19:40:44.1778413Z,0
5.86149,101.6340793,Daerah: Perak<br>No:53<br>Hex coord:(94;5),n/a,0,0,0,0,0,0,1,2022-08-07T19:40:44.8560129Z,0
5.85371,101.647626,Daerah: Perak<br>No:54<br>Hex coord:(95;5),n/a,0,0,0,0,0,0,1,2022-08-07T19:40:45.5392088Z,0
5.83815,101.3766919,Daerah: Perak<br>No:55<br>Hex coord:(75;6),n/a,0,0,0,0,0,0,1,2022-08-07T19:40:46.2331419Z,0
5.84593,101.3902386,Daerah: Perak<br>No:56<br>Hex coord:(76;6),n/a,0,0,0,0,0,0,1,2022-08-07T19:40:49.7716459Z,0
5.83815,101.4037853,Daerah: Perak<br>No:57<br>Hex coord:(77;6),n/a,0,0,0,0,0,0,1,2022-08-07T19:40:50.4625774Z,0
5.84593,101.417332,Daerah: Perak<br>No:58<br>Hex coord:(78;6),n/a,0,0,0,0,0,0,1,2022-08-07T19:40:51.1555565Z,0
5.83815,101.4308787,Daerah: Perak<br>No:59<br>Hex coord:(79;6),n/a,0,0,0,0,0,0,1,2022-08-07T19:40:51.8484999Z,0
5.84593,101.4444254,Daerah: Perak<br>No:60<br>Hex coord:(80;6),n/a,0,0,0,0,0,0,1,2022-08-07T19:40:52.5594545Z,0
5.83815,101.4579721,Daerah: Perak<br>No:61<br>Hex coord:(81;6),n/a,0,0,0,0,0,0,1,2022-08-07T19:40:53.2480528Z,0
5.84593,101.4715188,Daerah: Perak<br>No:62<br>Hex coord:(82;6),n/a,0,0,0,0,0,0,1,2022-08-07T19:40:53.9962276Z,0
5.83815,101.4850655,Daerah: Perak<br>No:63<br>Hex coord:(83;6),n/a,0,0,0,0,0,0,1,2022-08-07T19:40:54.6764422Z,0
5.84593,101.4986123,Daerah: Perak<br>No:64<br>Hex coord:(84;6),n/a,0,0,0,0,0,0,1,2022-08-07T19:40:55.3641047Z,0
5.83815,101.512159,Daerah: Perak<br>No:65<br>Hex coord:(85;6),n/a,0,0,0,0,0,0,1,2022-08-07T19:40:56.0570948Z,0
5.84593,101.5257057,Daerah: Perak<br>No:66<br>Hex coord:(86;6),n/a,0,0,0,0,0,0,1,2022-08-07T19:40:56.7490813Z,0
5.83815,101.5392524,Daerah: Perak<br>No:67<br>Hex coord:(87;6),n/a,0,0,0,0,0,0,1,2022-08-07T19:40:57.4587374Z,0
5.84593,101.5527991,Daerah: Perak<br>No:68<br>Hex coord:(88;6),n/a,0,0,0,0,0,0,1,2022-08-07T19:40:58.1536278Z,0
5.83815,101.5663458,Daerah: Perak<br>No:69<br>Hex coord:(89;6),n/a,0,0,0,0,0,0,1,2022-08-07T19:40:58.8520800Z,0
5.84593,101.5798925,Daerah: Perak<br>No:70<br>Hex coord:(90;6),n/a,0,0,0,0,0,0,1,2022-08-07T19:40:59.5825199Z,0
5.83815,101.5934392,Daerah: Perak<br>No:71<br>Hex coord:(91;6),n/a,0,0,0,0,0,0,1,2022-08-07T19:41:00.2773867Z,0
5.84593,101.6069859,Daerah: Perak<br>No:72<br>Hex coord:(92;6),n/a,0,0,0,0,0,0,1,2022-08-07T19:41:00.9660099Z,0
5.83815,101.6205326,Daerah: Perak<br>No:73<br>Hex coord:(93;6),n/a,0,0,0,0,0,0,1,2022-08-07T19:41:01.6618021Z,0
5.84593,101.6340793,Daerah: Perak<br>No:74<br>Hex coord:(94;6),n/a,0,0,0,0,0,0,1,2022-08-07T19:41:02.3411308Z,0
5.83815,101.647626,Daerah: Perak<br>No:75<br>Hex coord:(95;6),n/a,0,0,0,0,0,0,1,2022-08-07T19:41:03.0355978Z,0
5.84593,101.6611727,Daerah: Perak<br>No:76<br>Hex coord:(96;6),n/a,0,0,0,0,0,0,1,2022-08-07T19:41:03.7186649Z,0
5.82259,101.3495985,Daerah: Perak<br>No:77<br>Hex coord:(73;7),n/a,0,0,0,0,0,0,1,2022-08-07T19:41:04.4544170Z,0
5.83037,101.3631452,Daerah: Perak<br>No:78<br>Hex coord:(74;7),n/a,0,0,0,0,0,0,1,2022-08-07T19:41:05.1437240Z,0
5.82259,101.3766919,Daerah: Perak<br>No:79<br>Hex coord:(75;7),n/a,0,0,0,0,0,0,1,2022-08-07T19:41:05.8423899Z,0
5.83037,101.3902386,Daerah: Perak<br>No:80<br>Hex coord:(76;7),n/a,0,0,0,0,0,0,1,2022-08-07T19:41:06.5243305Z,0
5.82259,101.4037853,Daerah: Perak<br>No:81<br>Hex coord:(77;7),n/a,0,0,0,0,0,0,1,2022-08-07T19:41:07.2286146Z,0
5.83037,101.417332,Daerah: Perak<br>No:82<br>Hex coord:(78;7),n/a,0,0,0,0,0,0,1,2022-08-07T19:41:07.9398842Z,0
5.82259,101.4308787,Daerah: Perak<br>No:83<br>Hex coord:(79;7),n/a,0,0,0,0,0,0,1,2022-08-07T19:41:08.6487224Z,0
5.83037,101.4444254,Daerah: Perak<br>No:84<br>Hex coord:(80;7),n/a,0,0,0,0,0,0,1,2022-08-07T19:41:09.3776872Z,0
5.82259,101.4579721,Daerah: Perak<br>No:85<br>Hex coord:(81;7),n/a,0,0,0,0,0,0,1,2022-08-07T19:41:10.0663496Z,0
5.83037,101.4715188,Daerah: Perak<br>No:86<br>Hex coord:(82;7),n/a,0,0,0,0,0,0,1,2022-08-07T19:41:10.7541393Z,0
5.82259,101.4850655,Daerah: Perak<br>No:87<br>Hex coord:(83;7),n/a,0,0,0,0,0,0,1,2022-08-07T19:41:11.4474706Z,0
5.83037,101.4986123,Daerah: Perak<br>No:88<br>Hex coord:(84;7),n/a,0,0,0,0,0,0,1,2022-08-07T19:41:12.1431455Z,0
5.82259,101.512159,Daerah: Perak<br>No:89<br>Hex coord:(85;7),n/a,0,0,0,0,0,0,1,2022-08-07T19:41:12.8425451Z,0
5.83037,101.5257057,Daerah: Perak<br>No:90<br>Hex coord:(86;7),n/a,0,0,0,0,0,0,1,2022-08-07T19:41:13.5421794Z,0
5.82259,101.5392524,Daerah: Perak<br>No:91<br>Hex coord:(87;7),n/a,0,0,0,0,0,0,1,2022-08-07T19:41:14.2851580Z,0
5.83037,101.5527991,Daerah: Perak<br>No:92<br>Hex coord:(88;7),n/a,0,0,0,0,0,0,1,2022-08-07T19:41:14.9876611Z,0
5.82259,101.5663458,Daerah: Perak<br>No:93<br>Hex coord:(89;7),n/a,0,0,0,0,0,0,1,2022-08-07T19:41:15.6810490Z,0
5.83037,101.5798925,Daerah: Perak<br>No:94<br>Hex coord:(90;7),n/a,0,0,0,0,0,0,1,2022-08-07T19:41:19.2548210Z,0
5.82259,101.5934392,Daerah: Perak<br>No:95<br>Hex coord:(91;7),n/a,0,0,0,0,0,0,1,2022-08-07T19:41:19.9414224Z,0
5.83037,101.6069859,Daerah: Perak<br>No:96<br>Hex coord:(92;7),n/a,0,0,0,0,0,0,1,2022-08-07T19:41:20.6310445Z,0
5.82259,101.6205326,Daerah: Perak<br>No:97<br>Hex coord:(93;7),n/a,0,0,0,0,0,0,1,2022-08-07T19:41:21.3399637Z,0
5.83037,101.6340793,Daerah: Perak<br>No:98<br>Hex coord:(94;7),n/a,0,0,0,0,0,0,1,2022-08-07T19:41:22.0426642Z,0
5.82259,101.647626,Daerah: Perak<br>No:99<br>Hex coord:(95;7),n/a,0,0,0,0,0,0,1,2022-08-07T19:41:22.7548418Z,0
5.80703,101.2954117,Daerah: Perak<br>No:100<br>Hex coord:(69;8),n/a,0,0,0,0,0,0,1,2022-08-07T19:41:23.4808508Z,0
5.80703,101.3225051,Daerah: Perak<br>No:101<br>Hex coord:(71;8),n/a,0,0,0,0,0,0,1,2022-08-07T19:41:24.2363458Z,0
5.80703,101.3495985,Daerah: Perak<br>No:102<br>Hex coord:(73;8),n/a,0,0,0,0,0,0,1,2022-08-07T19:41:24.9455526Z,0
5.81481,101.3631452,Daerah: Perak<br>No:103<br>Hex coord:(74;8),n/a,0,0,0,0,0,0,1,2022-08-07T19:41:25.6347647Z,0
5.80703,101.3766919,Daerah: Perak<br>No:104<br>Hex coord:(75;8),n/a,0,0,0,0,0,0,1,2022-08-07T19:41:26.3249452Z,0
5.81481,101.3902386,Daerah: Perak<br>No:105<br>Hex coord:(76;8),n/a,0,0,0,0,0,0,1,2022-08-07T19:41:27.0242141Z,0
5.80703,101.4037853,Daerah: Perak<br>No:106<br>Hex coord:(77;8),n/a,0,0,0,0,0,0,1,2022-08-07T19:41:27.7104025Z,0
5.81481,101.417332,Daerah: Perak<br>No:107<br>Hex coord:(78;8),n/a,0,0,0,0,0,0,1,2022-08-07T19:41:28.3958803Z,0
5.80703,101.4308787,Daerah: Perak<br>No:108<br>Hex coord:(79;8),n/a,0,0,0,0,0,0,1,2022-08-07T19:41:29.1289796Z,0
5.81481,101.4444254,Daerah: Perak<br>No:109<br>Hex coord:(80;8),n/a,0,0,0,0,0,0,1,2022-08-07T19:41:29.8388144Z,0
5.80703,101.4579721,Daerah: Perak<br>No:110<br>Hex coord:(81;8),n/a,0,0,0,0,0,0,1,2022-08-07T19:41:30.5335958Z,0
5.81481,101.4715188,Daerah: Perak<br>No:111<br>Hex coord:(82;8),n/a,0,0,0,0,0,0,1,2022-08-07T19:41:31.2379179Z,0
5.80703,101.4850655,Daerah: Perak<br>No:112<br>Hex coord:(83;8),n/a,0,0,0,0,0,0,1,2022-08-07T19:41:31.9182349Z,0
5.81481,101.4986123,Daerah: Perak<br>No:113<br>Hex coord:(84;8),n/a,0,0,0,0,0,0,1,2022-08-07T19:41:32.6149330Z,0
5.80703,101.512159,Daerah: Perak<br>No:114<br>Hex coord:(85;8),n/a,0,0,0,0,0,0,1,2022-08-07T19:41:33.3067145Z,0
5.81481,101.5257057,Daerah: Perak<br>No:115<br>Hex coord:(86;8),n/a,0,0,0,0,0,0,1,2022-08-07T19:41:34.0343587Z,0
5.80703,101.5392524,Daerah: Perak<br>No:116<br>Hex coord:(87;8),n/a,1,0,0,0,0,0,1,2022-08-07T19:41:34.7402253Z,0
5.81481,101.5527991,Daerah: Perak<br>No:117<br>Hex coord:(88;8),n/a,0,0,0,0,0,0,1,2022-08-07T19:41:35.4329524Z,0
5.80703,101.5663458,Daerah: Perak<br>No:118<br>Hex coord:(89;8),n/a,0,0,0,0,0,0,1,2022-08-07T19:41:36.1226682Z,0
5.81481,101.5798925,Daerah: Perak<br>No:119<br>Hex coord:(90;8),n/a,0,0,0,0,0,0,1,2022-08-07T19:41:36.8079982Z,0
5.80703,101.5934392,Daerah: Perak<br>No:120<br>Hex coord:(91;8),n/a,0,0,0,0,0,0,1,2022-08-07T19:41:37.5094491Z,0
5.81481,101.6069859,Daerah: Perak<br>No:121<br>Hex coord:(92;8),n/a,0,0,0,0,0,0,1,2022-08-07T19:41:38.2079337Z,0
5.80703,101.6205326,Daerah: Perak<br>No:122<br>Hex coord:(93;8),n/a,0,0,0,0,0,0,1,2022-08-07T19:41:38.9382370Z,0
5.81481,101.6340793,Daerah: Perak<br>No:123<br>Hex coord:(94;8),n/a,0,0,0,0,0,0,1,2022-08-07T19:41:39.6270821Z,0
5.80703,101.647626,Daerah: Perak<br>No:124<br>Hex coord:(95;8),n/a,0,0,0,0,0,0,1,2022-08-07T19:41:40.3154783Z,0
5.79147,101.2683183,Daerah: Perak<br>No:125<br>Hex coord:(67;9),n/a,0,0,0,0,0,0,1,2022-08-07T19:41:41.0091307Z,0
5.79925,101.281865,Daerah: Perak<br>No:126<br>Hex coord:(68;9),n/a,0,0,0,0,0,0,1,2022-08-07T19:41:41.6833795Z,0
5.79147,101.2954117,Daerah: Perak<br>No:127<br>Hex coord:(69;9),n/a,0,0,0,0,0,0,1,2022-08-07T19:41:42.3680083Z,0
5.79925,101.3089584,Daerah: Perak<br>No:128<br>Hex coord:(70;9),n/a,0,0,0,0,0,0,1,2022-08-07T19:41:43.0530257Z,0
5.79147,101.3225051,Daerah: Perak<br>No:129<br>Hex coord:(71;9),n/a,0,0,0,0,0,0,1,2022-08-07T19:41:43.7379382Z,0
5.79925,101.3360518,Daerah: Perak<br>No:130<br>Hex coord:(72;9),n/a,0,0,0,0,0,0,1,2022-08-07T19:41:44.4928716Z,0
5.79147,101.3495985,Daerah: Perak<br>No:131<br>Hex coord:(73;9),n/a,0,0,0,0,0,0,1,2022-08-07T19:41:45.1815169Z,0
5.79925,101.3631452,Daerah: Perak<br>No:132<br>Hex coord:(74;9),n/a,0,0,0,0,0,0,1,2022-08-07T19:41:45.8680756Z,0
5.79147,101.3766919,Daerah: Perak<br>No:133<br>Hex coord:(75;9),n/a,0,0,0,0,0,0,1,2022-08-07T19:41:46.5509515Z,0
5.79925,101.3902386,Daerah: Perak<br>No:134<br>Hex coord:(76;9),n/a,0,0,0,0,0,0,1,2022-08-07T19:41:47.2487413Z,0
5.79147,101.4037853,Daerah: Perak<br>No:135<br>Hex coord:(77;9),n/a,0,0,0,0,0,0,1,2022-08-07T19:41:47.9507040Z,0
5.79925,101.417332,Daerah: Perak<br>No:136<br>Hex coord:(78;9),n/a,0,0,0,0,0,0,1,2022-08-07T19:41:48.6350068Z,0
5.79147,101.4308787,Daerah: Perak<br>No:137<br>Hex coord:(79;9),n/a,0,0,0,0,0,0,1,2022-08-07T19:41:49.3684464Z,0
5.79925,101.4444254,Daerah: Perak<br>No:138<br>Hex coord:(80;9),n/a,0,0,0,0,0,0,1,2022-08-07T19:41:50.0749486Z,0
5.79147,101.4579721,Daerah: Perak<br>No:139<br>Hex coord:(81;9),n/a,0,0,0,0,0,0,1,2022-08-07T19:41:50.7715237Z,0
5.79925,101.4715188,Daerah: Perak<br>No:140<br>Hex coord:(82;9),n/a,0,0,0,0,0,0,1,2022-08-07T19:41:51.4661392Z,0
5.79147,101.4850655,Daerah: Perak<br>No:141<br>Hex coord:(83;9),n/a,0,0,0,0,0,0,1,2022-08-07T19:41:52.1714184Z,0
5.79925,101.4986123,Daerah: Perak<br>No:142<br>Hex coord:(84;9),n/a,0,0,0,0,0,0,1,2022-08-07T19:41:52.8638190Z,0
5.79147,101.512159,Daerah: Perak<br>No:143<br>Hex coord:(85;9),n/a,0,0,0,0,0,0,1,2022-08-07T19:41:53.5562769Z,0
5.79925,101.5257057,Daerah: Perak<br>No:144<br>Hex coord:(86;9),n/a,0,0,0,0,0,0,1,2022-08-07T19:41:54.2803786Z,0
5.79147,101.5392524,Daerah: Perak<br>No:145<br>Hex coord:(87;9),n/a,0,0,0,0,0,0,1,2022-08-07T19:41:54.9855568Z,0
5.79925,101.5527991,Daerah: Perak<br>No:146<br>Hex coord:(88;9),n/a,0,0,0,0,0,0,1,2022-08-07T19:41:55.6783297Z,0
5.79147,101.5663458,Daerah: Perak<br>No:147<br>Hex coord:(89;9),n/a,0,0,0,0,0,0,1,2022-08-07T19:41:56.4068348Z,0
5.79925,101.5798925,Daerah: Perak<br>No:148<br>Hex coord:(90;9),n/a,0,0,0,0,0,0,1,2022-08-07T19:41:57.0946441Z,0
5.79147,101.5934392,Daerah: Perak<br>No:149<br>Hex coord:(91;9),n/a,0,0,0,0,0,0,1,2022-08-07T19:41:57.7996701Z,0
5.79925,101.6069859,Daerah: Perak<br>No:150<br>Hex coord:(92;9),n/a,0,0,0,0,0,0,1,2022-08-07T19:41:58.4951169Z,0
5.79147,101.6205326,Daerah: Perak<br>No:151<br>Hex coord:(93;9),n/a,0,0,0,0,0,0,1,2022-08-07T19:41:59.2347202Z,0
5.79925,101.6340793,Daerah: Perak<br>No:152<br>Hex coord:(94;9),n/a,0,0,0,0,0,0,1,2022-08-07T19:41:59.9422069Z,0
5.79147,101.647626,Daerah: Perak<br>No:153<br>Hex coord:(95;9),n/a,0,0,0,0,0,0,1,2022-08-07T19:42:00.6435092Z,0
5.79925,101.6611727,Daerah: Perak<br>No:154<br>Hex coord:(96;9),n/a,0,0,0,0,0,0,1,2022-08-07T19:42:01.3316211Z,0
5.77591,100.9973842,Daerah: Perak<br>No:155<br>Hex coord:(47;10),n/a,0,0,0,0,0,0,1,2022-08-07T19:42:02.0238560Z,0
5.77591,101.2683183,Daerah: Perak<br>No:156<br>Hex coord:(67;10),n/a,0,0,0,0,0,0,1,2022-08-07T19:42:02.7179729Z,0
5.78369,101.281865,Daerah: Perak<br>No:157<br>Hex coord:(68;10),n/a,0,0,0,0,0,0,1,2022-08-07T19:42:03.4094073Z,0
5.77591,101.2954117,Daerah: Perak<br>No:158<br>Hex coord:(69;10),n/a,0,0,0,0,0,0,1,2022-08-07T19:42:04.1396998Z,0
5.78369,101.3089584,Daerah: Perak<br>No:159<br>Hex coord:(70;10),n/a,0,0,0,0,0,0,1,2022-08-07T19:42:04.8333393Z,0
5.77591,101.3225051,Daerah: Perak<br>No:160<br>Hex coord:(71;10),n/a,0,0,0,0,0,0,1,2022-08-07T19:42:05.5239028Z,0
5.78369,101.3360518,Daerah: Perak<br>No:161<br>Hex coord:(72;10),n/a,0,0,0,0,0,0,1,2022-08-07T19:42:06.2375663Z,0
5.77591,101.3495985,Daerah: Perak<br>No:162<br>Hex coord:(73;10),n/a,0,0,0,0,0,0,1,2022-08-07T19:42:06.9349769Z,0
5.78369,101.3631452,Daerah: Perak<br>No:163<br>Hex coord:(74;10),n/a,0,0,0,0,0,0,1,2022-08-07T19:42:07.6349017Z,0
5.77591,101.3766919,Daerah: Perak<br>No:164<br>Hex coord:(75;10),n/a,0,0,0,0,0,0,1,2022-08-07T19:42:08.3212935Z,0
5.78369,101.3902386,Daerah: Perak<br>No:165<br>Hex coord:(76;10),n/a,0,0,0,0,0,0,1,2022-08-07T19:42:09.0985273Z,0
5.77591,101.4037853,Daerah: Perak<br>No:166<br>Hex coord:(77;10),n/a,0,0,0,0,0,0,1,2022-08-07T19:42:09.7873626Z,0
5.78369,101.417332,Daerah: Perak<br>No:167<br>Hex coord:(78;10),n/a,0,0,0,0,0,0,1,2022-08-07T19:42:10.4817998Z,0
5.77591,101.4308787,Daerah: Perak<br>No:168<br>Hex coord:(79;10),n/a,0,0,0,0,0,0,1,2022-08-07T19:42:11.1673959Z,0
5.78369,101.4444254,Daerah: Perak<br>No:169<br>Hex coord:(80;10),n/a,0,0,0,0,0,0,1,2022-08-07T19:42:11.8755102Z,0
5.77591,101.4579721,Daerah: Perak<br>No:170<br>Hex coord:(81;10),n/a,0,0,0,0,0,0,1,2022-08-07T19:42:12.5711551Z,0
5.78369,101.4715188,Daerah: Perak<br>No:171<br>Hex coord:(82;10),n/a,0,0,0,0,0,0,1,2022-08-07T19:42:13.2542841Z,0
5.77591,101.4850655,Daerah: Perak<br>No:172<br>Hex coord:(83;10),n/a,0,0,0,0,0,0,1,2022-08-07T19:42:14.0263560Z,0
5.78369,101.4986123,Daerah: Perak<br>No:173<br>Hex coord:(84;10),n/a,0,0,0,0,0,0,1,2022-08-07T19:42:14.7114194Z,0
5.77591,101.512159,Daerah: Perak<br>No:174<br>Hex coord:(85;10),n/a,0,0,0,0,0,0,1,2022-08-07T19:42:15.3918484Z,0
5.78369,101.5257057,Daerah: Perak<br>No:175<br>Hex coord:(86;10),n/a,0,0,0,0,0,0,1,2022-08-07T19:42:16.0936976Z,0
5.77591,101.5392524,Daerah: Perak<br>No:176<br>Hex coord:(87;10),n/a,0,0,0,0,0,0,1,2022-08-07T19:42:16.7866785Z,0
5.78369,101.5527991,Daerah: Perak<br>No:177<br>Hex coord:(88;10),n/a,0,0,0,0,0,0,1,2022-08-07T19:42:17.4818210Z,0
5.77591,101.5663458,Daerah: Perak<br>No:178<br>Hex coord:(89;10),n/a,0,0,0,0,0,0,1,2022-08-07T19:42:18.1688969Z,0
5.78369,101.5798925,Daerah: Perak<br>No:179<br>Hex coord:(90;10),n/a,0,0,0,0,0,0,1,2022-08-07T19:42:18.8600987Z,0
5.77591,101.5934392,Daerah: Perak<br>No:180<br>Hex coord:(91;10),n/a,0,0,0,0,0,0,1,2022-08-07T19:42:19.5926500Z,0
5.78369,101.6069859,Daerah: Perak<br>No:181<br>Hex coord:(92;10),n/a,0,0,0,0,0,0,1,2022-08-07T19:42:20.2925818Z,0
5.77591,101.6205326,Daerah: Perak<br>No:182<br>Hex coord:(93;10),n/a,0,0,0,0,0,0,1,2022-08-07T19:42:20.9835933Z,0
5.78369,101.6340793,Daerah: Perak<br>No:183<br>Hex coord:(94;10),n/a,0,0,0,0,0,0,1,2022-08-07T19:42:21.6820484Z,0
5.77591,101.647626,Daerah: Perak<br>No:184<br>Hex coord:(95;10),n/a,0,0,0,0,0,0,1,2022-08-07T19:42:22.3763438Z,0
5.78369,101.6611727,Daerah: Perak<br>No:185<br>Hex coord:(96;10),n/a,0,0,0,0,0,0,1,2022-08-07T19:42:23.1470671Z,0
5.77591,101.6747194,Daerah: Perak<br>No:186<br>Hex coord:(97;10),n/a,0,0,0,0,0,0,1,2022-08-07T19:42:23.8367009Z,0
5.76813,100.956744,Daerah: Perak<br>No:187<br>Hex coord:(44;11),n/a,0,0,0,0,0,0,1,2022-08-07T19:42:24.5925288Z,0
5.76035,100.9702907,Daerah: Perak<br>No:188<br>Hex coord:(45;11),n/a,0,0,0,0,0,0,1,2022-08-07T19:42:25.2884514Z,0
5.76813,100.9838374,Daerah: Perak<br>No:189<br>Hex coord:(46;11),n/a,0,0,0,0,0,0,1,2022-08-07T19:42:25.9867071Z,0
5.76035,100.9973842,Daerah: Perak<br>No:190<br>Hex coord:(47;11),n/a,0,0,0,0,0,0,1,2022-08-07T19:42:26.7573703Z,0
5.76813,101.0109309,Daerah: Perak<br>No:191<br>Hex coord:(48;11),n/a,0,0,0,0,0,0,1,2022-08-07T19:42:27.4383237Z,0
5.76813,101.2547716,Daerah: Perak<br>No:192<br>Hex coord:(66;11),n/a,0,0,0,0,0,0,1,2022-08-07T19:42:28.1519706Z,0
5.76035,101.2683183,Daerah: Perak<br>No:193<br>Hex coord:(67;11),n/a,0,0,0,0,0,0,1,2022-08-07T19:42:28.8568532Z,0
5.76813,101.281865,Daerah: Perak<br>No:194<br>Hex coord:(68;11),n/a,0,0,0,0,0,0,1,2022-08-07T19:42:29.5911340Z,0
5.76035,101.2954117,Daerah: Perak<br>No:195<br>Hex coord:(69;11),n/a,0,0,0,0,0,0,1,2022-08-07T19:42:30.2799377Z,0
5.76813,101.3089584,Daerah: Perak<br>No:196<br>Hex coord:(70;11),n/a,0,0,0,0,0,0,1,2022-08-07T19:42:30.9776767Z,0
5.76035,101.3225051,Daerah: Perak<br>No:197<br>Hex coord:(71;11),n/a,0,0,0,0,0,0,1,2022-08-07T19:42:31.6671039Z,0
5.76813,101.3360518,Daerah: Perak<br>No:198<br>Hex coord:(72;11),n/a,0,0,0,0,0,0,1,2022-08-07T19:42:32.3639110Z,0
5.76035,101.3495985,Daerah: Perak<br>No:199<br>Hex coord:(73;11),n/a,0,0,0,0,0,0,1,2022-08-07T19:42:33.0557184Z,0
5.76813,101.3631452,Daerah: Perak<br>No:200<br>Hex coord:(74;11),n/a,0,0,0,0,0,0,1,2022-08-07T19:42:33.7336890Z,0
5.76035,101.3766919,Daerah: Perak<br>No:201<br>Hex coord:(75;11),n/a,0,0,0,0,0,0,1,2022-08-07T19:42:34.4714501Z,0
5.76813,101.3902386,Daerah: Perak<br>No:202<br>Hex coord:(76;11),n/a,0,0,0,0,0,0,1,2022-08-07T19:42:35.1703947Z,0
5.76035,101.4037853,Daerah: Perak<br>No:203<br>Hex coord:(77;11),n/a,0,0,0,0,0,0,1,2022-08-07T19:42:35.8629183Z,0
5.76813,101.417332,Daerah: Perak<br>No:204<br>Hex coord:(78;11),n/a,0,0,0,0,0,0,1,2022-08-07T19:42:36.5519586Z,0
5.76035,101.4308787,Daerah: Perak<br>No:205<br>Hex coord:(79;11),n/a,0,0,0,0,0,0,1,2022-08-07T19:42:37.2377741Z,0
5.76813,101.4444254,Daerah: Perak<br>No:206<br>Hex coord:(80;11),n/a,0,0,0,0,0,0,1,2022-08-07T19:42:37.9171378Z,0
5.76035,101.4579721,Daerah: Perak<br>No:207<br>Hex coord:(81;11),n/a,0,0,0,0,0,0,1,2022-08-07T19:42:38.6060741Z,0
5.76813,101.4715188,Daerah: Perak<br>No:208<br>Hex coord:(82;11),n/a,0,0,0,0,0,0,1,2022-08-07T19:42:39.3355160Z,0
5.76035,101.4850655,Daerah: Perak<br>No:209<br>Hex coord:(83;11),n/a,0,0,0,0,0,0,1,2022-08-07T19:42:40.0183061Z,0
5.76813,101.4986123,Daerah: Perak<br>No:210<br>Hex coord:(84;11),n/a,0,0,0,0,0,0,1,2022-08-07T19:42:40.7173552Z,0
5.76035,101.512159,Daerah: Perak<br>No:211<br>Hex coord:(85;11),n/a,0,0,0,0,0,0,1,2022-08-07T19:42:41.4131233Z,0
5.76813,101.5257057,Daerah: Perak<br>No:212<br>Hex coord:(86;11),n/a,0,0,0,0,0,0,1,2022-08-07T19:42:42.1079128Z,0
5.76035,101.5392524,Daerah: Perak<br>No:213<br>Hex coord:(87;11),n/a,0,0,0,0,0,0,1,2022-08-07T19:42:42.8085514Z,0
5.76813,101.5527991,Daerah: Perak<br>No:214<br>Hex coord:(88;11),n/a,0,0,0,0,0,0,1,2022-08-07T19:42:43.4954174Z,0
5.76035,101.5663458,Daerah: Perak<br>No:215<br>Hex coord:(89;11),n/a,0,0,0,0,0,0,1,2022-08-07T19:42:44.2358442Z,0
5.76813,101.5798925,Daerah: Perak<br>No:216<br>Hex coord:(90;11),n/a,0,0,0,0,0,0,1,2022-08-07T19:42:44.9211842Z,0
5.76035,101.5934392,Daerah: Perak<br>No:217<br>Hex coord:(91;11),n/a,0,0,0,0,0,0,1,2022-08-07T19:42:45.6047531Z,0
5.76813,101.6069859,Daerah: Perak<br>No:218<br>Hex coord:(92;11),n/a,0,0,0,0,0,0,1,2022-08-07T19:42:46.2925642Z,0
5.76035,101.6205326,Daerah: Perak<br>No:219<br>Hex coord:(93;11),n/a,0,0,0,0,0,0,1,2022-08-07T19:42:46.9764981Z,0
5.76813,101.6340793,Daerah: Perak<br>No:220<br>Hex coord:(94;11),n/a,0,0,0,0,0,0,1,2022-08-07T19:42:47.6603334Z,0
5.76035,101.647626,Daerah: Perak<br>No:221<br>Hex coord:(95;11),n/a,0,0,0,0,0,0,1,2022-08-07T19:42:48.3499359Z,0
5.76813,101.6611727,Daerah: Perak<br>No:222<br>Hex coord:(96;11),n/a,0,0,0,0,0,0,1,2022-08-07T19:42:49.0899192Z,0
5.76035,101.6747194,Daerah: Perak<br>No:223<br>Hex coord:(97;11),n/a,0,0,0,0,0,0,1,2022-08-07T19:42:49.7896423Z,0
5.76813,101.6882661,Daerah: Perak<br>No:224<br>Hex coord:(98;11),n/a,0,0,0,0,0,0,1,2022-08-07T19:42:50.4818911Z,0
5.74479,100.9702907,Daerah: Perak<br>No:225<br>Hex coord:(45;12),n/a,0,0,0,0,0,0,1,2022-08-07T19:42:51.1630679Z,0
5.75257,100.9838374,Daerah: Perak<br>No:226<br>Hex coord:(46;12),n/a,0,0,0,0,0,0,1,2022-08-07T19:42:51.8618494Z,0
5.74479,100.9973842,Daerah: Perak<br>No:227<br>Hex coord:(47;12),n/a,0,0,0,0,0,0,1,2022-08-07T19:42:52.5609396Z,0
5.75257,101.0109309,Daerah: Perak<br>No:228<br>Hex coord:(48;12),n/a,0,0,0,0,0,0,1,2022-08-07T19:42:53.2571843Z,0
5.74479,101.0244776,Daerah: Perak<br>No:229<br>Hex coord:(49;12),n/a,0,0,0,0,0,0,1,2022-08-07T19:42:53.9873654Z,0
5.75257,101.2547716,Daerah: Perak<br>No:230<br>Hex coord:(66;12),n/a,0,0,0,0,0,0,1,2022-08-07T19:42:54.6791595Z,0
5.74479,101.2683183,Daerah: Perak<br>No:231<br>Hex coord:(67;12),n/a,0,0,0,0,0,0,1,2022-08-07T19:42:55.3630752Z,0
5.75257,101.281865,Daerah: Perak<br>No:232<br>Hex coord:(68;12),n/a,0,0,0,0,0,0,1,2022-08-07T19:42:56.0615544Z,0
5.74479,101.2954117,Daerah: Perak<br>No:233<br>Hex coord:(69;12),n/a,0,0,0,0,0,0,1,2022-08-07T19:42:56.7565969Z,0
5.75257,101.3089584,Daerah: Perak<br>No:234<br>Hex coord:(70;12),n/a,0,0,0,0,0,0,1,2022-08-07T19:42:57.4497504Z,0
5.74479,101.3225051,Daerah: Perak<br>No:235<br>Hex coord:(71;12),n/a,0,0,0,0,0,0,1,2022-08-07T19:42:58.1280608Z,0
5.75257,101.3360518,Daerah: Perak<br>No:236<br>Hex coord:(72;12),n/a,0,0,0,0,0,0,1,2022-08-07T19:42:58.8141596Z,0
5.74479,101.3495985,Daerah: Perak<br>No:237<br>Hex coord:(73;12),n/a,0,0,0,0,0,0,1,2022-08-07T19:42:59.6560088Z,0
5.75257,101.3631452,Daerah: Perak<br>No:238<br>Hex coord:(74;12),n/a,0,0,0,0,0,0,1,2022-08-07T19:43:00.3527496Z,0
5.74479,101.3766919,Daerah: Perak<br>No:239<br>Hex coord:(75;12),n/a,0,0,0,0,0,0,1,2022-08-07T19:43:01.0426670Z,0
5.75257,101.3902386,Daerah: Perak<br>No:240<br>Hex coord:(76;12),n/a,0,0,0,0,0,0,1,2022-08-07T19:43:01.7256471Z,0
5.74479,101.4037853,Daerah: Perak<br>No:241<br>Hex coord:(77;12),n/a,0,0,0,0,0,0,1,2022-08-07T19:43:02.4153541Z,0
5.75257,101.417332,Daerah: Perak<br>No:242<br>Hex coord:(78;12),n/a,0,0,0,0,0,0,1,2022-08-07T19:43:03.1465432Z,0
5.74479,101.4308787,Daerah: Perak<br>No:243<br>Hex coord:(79;12),n/a,0,0,0,0,0,0,1,2022-08-07T19:43:03.8253389Z,0
5.75257,101.4444254,Daerah: Perak<br>No:244<br>Hex coord:(80;12),n/a,0,0,0,0,0,0,1,2022-08-07T19:43:04.5449881Z,0
5.74479,101.4579721,Daerah: Perak<br>No:245<br>Hex coord:(81;12),n/a,0,0,0,0,0,0,1,2022-08-07T19:43:05.2408902Z,0
5.75257,101.4715188,Daerah: Perak<br>No:246<br>Hex coord:(82;12),n/a,0,0,0,0,0,0,1,2022-08-07T19:43:05.9406145Z,0
5.74479,101.4850655,Daerah: Perak<br>No:247<br>Hex coord:(83;12),n/a,0,0,0,0,0,0,1,2022-08-07T19:43:06.6315604Z,0
5.75257,101.4986123,Daerah: Perak<br>No:248<br>Hex coord:(84;12),n/a,0,0,0,0,0,0,1,2022-08-07T19:43:07.3652054Z,0
5.74479,101.512159,Daerah: Perak<br>No:249<br>Hex coord:(85;12),n/a,0,0,0,0,0,0,1,2022-08-07T19:43:08.0557570Z,0
5.75257,101.5257057,Daerah: Perak<br>No:250<br>Hex coord:(86;12),n/a,0,0,0,0,0,0,1,2022-08-07T19:43:08.7422497Z,0
5.74479,101.5392524,Daerah: Perak<br>No:251<br>Hex coord:(87;12),n/a,0,0,0,0,0,0,1,2022-08-07T19:43:09.4611673Z,0
5.75257,101.5527991,Daerah: Perak<br>No:252<br>Hex coord:(88;12),n/a,0,0,0,0,0,0,1,2022-08-07T19:43:10.1459315Z,0
5.74479,101.5663458,Daerah: Perak<br>No:253<br>Hex coord:(89;12),n/a,0,0,0,0,0,0,1,2022-08-07T19:43:10.8531755Z,0
5.75257,101.5798925,Daerah: Perak<br>No:254<br>Hex coord:(90;12),n/a,0,0,0,0,0,0,1,2022-08-07T19:43:11.5394655Z,0
5.74479,101.5934392,Daerah: Perak<br>No:255<br>Hex coord:(91;12),n/a,0,0,0,0,0,0,1,2022-08-07T19:43:12.2330975Z,0
5.75257,101.6069859,Daerah: Perak<br>No:256<br>Hex coord:(92;12),n/a,0,0,0,0,0,0,1,2022-08-07T19:43:12.9232173Z,0
5.74479,101.6205326,Daerah: Perak<br>No:257<br>Hex coord:(93;12),n/a,0,0,0,0,0,0,1,2022-08-07T19:43:13.6154632Z,0
5.75257,101.6340793,Daerah: Perak<br>No:258<br>Hex coord:(94;12),n/a,0,0,0,0,0,0,1,2022-08-07T19:43:14.3159749Z,0
5.74479,101.647626,Daerah: Perak<br>No:259<br>Hex coord:(95;12),n/a,0,0,0,0,0,0,1,2022-08-07T19:43:14.9958351Z,0
5.75257,101.6611727,Daerah: Perak<br>No:260<br>Hex coord:(96;12),n/a,0,0,0,0,0,0,1,2022-08-07T19:43:15.6860911Z,0
5.74479,101.6747194,Daerah: Perak<br>No:261<br>Hex coord:(97;12),n/a,0,0,0,0,0,0,1,2022-08-07T19:43:16.9841719Z,0
5.75257,101.6882661,Daerah: Perak<br>No:262<br>Hex coord:(98;12),n/a,0,0,0,0,0,0,1,2022-08-07T19:43:17.6704216Z,0
5.73701,100.9838374,Daerah: Perak<br>No:263<br>Hex coord:(46;13),n/a,0,0,0,0,0,0,1,2022-08-07T19:43:18.3730197Z,0
5.72923,100.9973842,Daerah: Perak<br>No:264<br>Hex coord:(47;13),n/a,0,0,0,0,0,0,1,2022-08-07T19:43:19.1081126Z,0
5.73701,101.0109309,Daerah: Perak<br>No:265<br>Hex coord:(48;13),n/a,0,0,0,0,0,0,1,2022-08-07T19:43:19.8020172Z,0
5.72923,101.0244776,Daerah: Perak<br>No:266<br>Hex coord:(49;13),n/a,0,0,0,0,0,0,1,2022-08-07T19:43:20.5701599Z,0
5.73701,101.0380243,Daerah: Perak<br>No:267<br>Hex coord:(50;13),n/a,0,0,0,0,0,0,1,2022-08-07T19:43:21.2620665Z,0
5.72923,101.051571,Daerah: Perak<br>No:268<br>Hex coord:(51;13),n/a,0,0,0,0,0,0,1,2022-08-07T19:43:21.9414918Z,0
5.72923,101.2683183,Daerah: Perak<br>No:269<br>Hex coord:(67;13),n/a,0,0,0,0,0,0,1,2022-08-07T19:43:22.6431396Z,0
5.73701,101.281865,Daerah: Perak<br>No:270<br>Hex coord:(68;13),n/a,0,0,0,0,0,0,1,2022-08-07T19:43:23.3454894Z,0
5.72923,101.2954117,Daerah: Perak<br>No:271<br>Hex coord:(69;13),n/a,0,0,0,0,0,0,1,2022-08-07T19:43:24.0600858Z,0
5.73701,101.3089584,Daerah: Perak<br>No:272<br>Hex coord:(70;13),n/a,0,0,0,0,0,0,1,2022-08-07T19:43:24.7505959Z,0
5.72923,101.3225051,Daerah: Perak<br>No:273<br>Hex coord:(71;13),n/a,0,0,0,0,0,0,1,2022-08-07T19:43:25.4458240Z,0
5.73701,101.3360518,Daerah: Perak<br>No:274<br>Hex coord:(72;13),n/a,0,0,0,0,0,0,1,2022-08-07T19:43:26.1318421Z,0
5.72923,101.3495985,Daerah: Perak<br>No:275<br>Hex coord:(73;13),n/a,0,0,0,0,0,0,1,2022-08-07T19:43:26.8210009Z,0
5.73701,101.3631452,Daerah: Perak<br>No:276<br>Hex coord:(74;13),n/a,0,0,0,0,0,0,1,2022-08-07T19:43:27.5182996Z,0
5.72923,101.3766919,Daerah: Perak<br>No:277<br>Hex coord:(75;13),n/a,0,0,0,0,0,0,1,2022-08-07T19:43:28.2073069Z,0
5.73701,101.3902386,Daerah: Perak<br>No:278<br>Hex coord:(76;13),n/a,0,0,0,0,0,0,1,2022-08-07T19:43:28.9272617Z,0
5.72923,101.4037853,Daerah: Perak<br>No:279<br>Hex coord:(77;13),n/a,0,0,0,0,0,0,1,2022-08-07T19:43:29.6229850Z,0
5.73701,101.417332,Daerah: Perak<br>No:280<br>Hex coord:(78;13),n/a,0,0,0,0,0,0,1,2022-08-07T19:43:30.3231113Z,0
5.72923,101.4308787,Daerah: Perak<br>No:281<br>Hex coord:(79;13),n/a,0,0,0,0,0,0,1,2022-08-07T19:43:31.0162892Z,0
5.73701,101.4444254,Daerah: Perak<br>No:282<br>Hex coord:(80;13),n/a,0,0,0,0,0,0,1,2022-08-07T19:43:31.7018101Z,0
5.72923,101.4579721,Daerah: Perak<br>No:283<br>Hex coord:(81;13),n/a,0,0,0,0,0,0,1,2022-08-07T19:43:32.3905397Z,0
5.73701,101.4715188,Daerah: Perak<br>No:284<br>Hex coord:(82;13),n/a,0,0,0,0,0,0,1,2022-08-07T19:43:33.0915965Z,0
5.72923,101.4850655,Daerah: Perak<br>No:285<br>Hex coord:(83;13),n/a,0,0,0,0,0,0,1,2022-08-07T19:43:33.7910538Z,0
5.73701,101.4986123,Daerah: Perak<br>No:286<br>Hex coord:(84;13),n/a,0,0,0,0,0,0,1,2022-08-07T19:43:34.5216796Z,0
5.72923,101.512159,Daerah: Perak<br>No:287<br>Hex coord:(85;13),n/a,0,0,0,0,0,0,1,2022-08-07T19:43:35.2153983Z,0
5.73701,101.5257057,Daerah: Perak<br>No:288<br>Hex coord:(86;13),n/a,0,0,0,0,0,0,1,2022-08-07T19:43:35.9091069Z,0
5.72923,101.5392524,Daerah: Perak<br>No:289<br>Hex coord:(87;13),n/a,0,0,0,0,0,0,1,2022-08-07T19:43:36.6085018Z,0
5.73701,101.5527991,Daerah: Perak<br>No:290<br>Hex coord:(88;13),n/a,0,0,0,0,0,0,1,2022-08-07T19:43:37.3057904Z,0
5.72923,101.5663458,Daerah: Perak<br>No:291<br>Hex coord:(89;13),n/a,0,0,0,0,0,0,1,2022-08-07T19:43:37.9946229Z,0
5.73701,101.5798925,Daerah: Perak<br>No:292<br>Hex coord:(90;13),n/a,0,0,0,0,0,0,1,2022-08-07T19:43:38.6879318Z,0
5.72923,101.5934392,Daerah: Perak<br>No:293<br>Hex coord:(91;13),n/a,0,0,0,0,0,0,1,2022-08-07T19:43:39.4200744Z,0
5.73701,101.6069859,Daerah: Perak<br>No:294<br>Hex coord:(92;13),n/a,0,0,0,0,0,0,1,2022-08-07T19:43:40.1123245Z,0
5.72923,101.6205326,Daerah: Perak<br>No:295<br>Hex coord:(93;13),n/a,0,0,0,0,0,0,1,2022-08-07T19:43:40.8080807Z,0
5.73701,101.6340793,Daerah: Perak<br>No:296<br>Hex coord:(94;13),n/a,0,0,0,0,0,0,1,2022-08-07T19:43:41.5132383Z,0
5.72923,101.647626,Daerah: Perak<br>No:297<br>Hex coord:(95;13),n/a,0,0,0,0,0,0,1,2022-08-07T19:43:42.2057251Z,0
5.73701,101.6611727,Daerah: Perak<br>No:298<br>Hex coord:(96;13),n/a,0,0,0,0,0,0,1,2022-08-07T19:43:42.8846655Z,0
5.72923,101.6747194,Daerah: Perak<br>No:299<br>Hex coord:(97;13),n/a,0,0,0,0,0,0,1,2022-08-07T19:43:43.5739667Z,0
5.73701,101.6882661,Daerah: Perak<br>No:300<br>Hex coord:(98;13),n/a,0,0,0,0,0,0,1,2022-08-07T19:43:44.3284181Z,0
5.72145,100.9838374,Daerah: Perak<br>No:301<br>Hex coord:(46;14),n/a,1,0,0,0,0,0,1,2022-08-07T19:43:45.0262753Z,0
5.71367,100.9973842,Daerah: Perak<br>No:302<br>Hex coord:(47;14),n/a,0,0,0,0,0,0,1,2022-08-07T19:43:45.7146283Z,0
5.72145,101.0109309,Daerah: Perak<br>No:303<br>Hex coord:(48;14),n/a,2,0,0,0,0,0,1,2022-08-07T19:43:46.4130297Z,0
5.71367,101.0244776,Daerah: Perak<br>No:304<br>Hex coord:(49;14),n/a,0,0,0,0,0,0,1,2022-08-07T19:43:47.1026693Z,0
5.72145,101.0380243,Daerah: Perak<br>No:305<br>Hex coord:(50;14),n/a,0,0,0,0,0,0,1,2022-08-07T19:43:47.7972597Z,0
5.71367,101.051571,Daerah: Perak<br>No:306<br>Hex coord:(51;14),n/a,0,0,0,0,0,0,1,2022-08-07T19:43:48.5001006Z,0
5.72145,101.0651177,Daerah: Perak<br>No:307<br>Hex coord:(52;14),n/a,0,0,0,0,0,0,1,2022-08-07T19:43:49.3277800Z,0
5.71367,101.0786644,Daerah: Perak<br>No:308<br>Hex coord:(53;14),n/a,0,0,0,0,0,0,1,2022-08-07T19:43:50.0255909Z,0
5.71367,101.2683183,Daerah: Perak<br>No:309<br>Hex coord:(67;14),n/a,0,0,0,0,0,0,1,2022-08-07T19:43:50.7252703Z,0
5.72145,101.281865,Daerah: Perak<br>No:310<br>Hex coord:(68;14),n/a,0,0,0,0,0,0,1,2022-08-07T19:43:51.4749908Z,0
5.71367,101.2954117,Daerah: Perak<br>No:311<br>Hex coord:(69;14),n/a,0,0,0,0,0,0,1,2022-08-07T19:43:52.1590862Z,0
5.72145,101.3089584,Daerah: Perak<br>No:312<br>Hex coord:(70;14),n/a,0,0,0,0,0,0,1,2022-08-07T19:43:52.8610130Z,0
5.71367,101.3225051,Daerah: Perak<br>No:313<br>Hex coord:(71;14),n/a,0,0,0,0,0,0,1,2022-08-07T19:43:53.5571932Z,0
5.72145,101.3360518,Daerah: Perak<br>No:314<br>Hex coord:(72;14),n/a,0,0,0,0,0,0,1,2022-08-07T19:43:54.2852133Z,0
5.71367,101.3495985,Daerah: Perak<br>No:315<br>Hex coord:(73;14),n/a,0,0,0,0,0,0,1,2022-08-07T19:43:54.9748060Z,0
5.72145,101.3631452,Daerah: Perak<br>No:316<br>Hex coord:(74;14),n/a,0,0,0,0,0,0,1,2022-08-07T19:43:55.6702157Z,0
5.71367,101.3766919,Daerah: Perak<br>No:317<br>Hex coord:(75;14),n/a,0,0,0,0,0,0,1,2022-08-07T19:43:56.3653843Z,0
5.72145,101.3902386,Daerah: Perak<br>No:318<br>Hex coord:(76;14),n/a,0,0,0,0,0,0,1,2022-08-07T19:43:57.0625118Z,0
5.71367,101.4037853,Daerah: Perak<br>No:319<br>Hex coord:(77;14),n/a,0,0,0,0,0,0,1,2022-08-07T19:43:57.7705237Z,0
5.72145,101.417332,Daerah: Perak<br>No:320<br>Hex coord:(78;14),n/a,0,0,0,0,0,0,1,2022-08-07T19:43:58.5244271Z,0
5.71367,101.4308787,Daerah: Perak<br>No:321<br>Hex coord:(79;14),n/a,0,0,0,0,0,0,1,2022-08-07T19:43:59.2569923Z,0
5.72145,101.4444254,Daerah: Perak<br>No:322<br>Hex coord:(80;14),n/a,0,0,0,0,0,0,1,2022-08-07T19:43:59.9354692Z,0
5.71367,101.4579721,Daerah: Perak<br>No:323<br>Hex coord:(81;14),n/a,0,0,0,0,0,0,1,2022-08-07T19:44:00.6335803Z,0
5.72145,101.4715188,Daerah: Perak<br>No:324<br>Hex coord:(82;14),n/a,0,0,0,0,0,0,1,2022-08-07T19:44:01.3196729Z,0
5.71367,101.4850655,Daerah: Perak<br>No:325<br>Hex coord:(83;14),n/a,0,0,0,0,0,0,1,2022-08-07T19:44:02.0147822Z,0
5.72145,101.4986123,Daerah: Perak<br>No:326<br>Hex coord:(84;14),n/a,0,0,0,0,0,0,1,2022-08-07T19:44:02.7435175Z,0
5.71367,101.512159,Daerah: Perak<br>No:327<br>Hex coord:(85;14),n/a,0,0,0,0,0,0,1,2022-08-07T19:44:03.4314147Z,0
5.72145,101.5257057,Daerah: Perak<br>No:328<br>Hex coord:(86;14),n/a,0,0,0,0,0,0,1,2022-08-07T19:44:04.1675535Z,0
5.71367,101.5392524,Daerah: Perak<br>No:329<br>Hex coord:(87;14),n/a,0,0,0,0,0,0,1,2022-08-07T19:44:04.8434257Z,0
5.72145,101.5527991,Daerah: Perak<br>No:330<br>Hex coord:(88;14),n/a,0,0,0,0,0,0,1,2022-08-07T19:44:05.5468889Z,0
5.71367,101.5663458,Daerah: Perak<br>No:331<br>Hex coord:(89;14),n/a,0,0,0,0,0,0,1,2022-08-07T19:44:06.2370153Z,0
5.72145,101.5798925,Daerah: Perak<br>No:332<br>Hex coord:(90;14),n/a,0,0,0,0,0,0,1,2022-08-07T19:44:06.9360365Z,0
5.71367,101.5934392,Daerah: Perak<br>No:333<br>Hex coord:(91;14),n/a,0,0,0,0,0,0,1,2022-08-07T19:44:07.6344318Z,0
5.72145,101.6069859,Daerah: Perak<br>No:334<br>Hex coord:(92;14),n/a,0,0,0,0,0,0,1,2022-08-07T19:44:08.3339884Z,0
5.71367,101.6205326,Daerah: Perak<br>No:335<br>Hex coord:(93;14),n/a,0,0,0,0,0,0,1,2022-08-07T19:44:09.0635191Z,0
5.72145,101.6340793,Daerah: Perak<br>No:336<br>Hex coord:(94;14),n/a,0,0,0,0,0,0,1,2022-08-07T19:44:09.7551046Z,0
5.71367,101.647626,Daerah: Perak<br>No:337<br>Hex coord:(95;14),n/a,0,0,0,0,0,0,1,2022-08-07T19:44:10.4360877Z,0
5.72145,101.6611727,Daerah: Perak<br>No:338<br>Hex coord:(96;14),n/a,0,0,0,0,0,0,1,2022-08-07T19:44:11.1244140Z,0
5.71367,101.6747194,Daerah: Perak<br>No:339<br>Hex coord:(97;14),n/a,0,0,0,0,0,0,1,2022-08-07T19:44:11.8241171Z,0
5.72145,101.6882661,Daerah: Perak<br>No:340<br>Hex coord:(98;14),n/a,0,0,0,0,0,0,1,2022-08-07T19:44:12.5118485Z,0
5.70589,100.9838374,Daerah: Perak<br>No:341<br>Hex coord:(46;15),n/a,0,0,0,0,0,0,1,2022-08-07T19:44:13.1965820Z,0
5.69811,100.9973842,Daerah: Perak<br>No:342<br>Hex coord:(47;15),n/a,0,0,0,0,0,0,1,2022-08-07T19:44:13.9145169Z,0
5.70589,101.0109309,Daerah: Perak<br>No:343<br>Hex coord:(48;15),n/a,0,0,0,0,0,0,1,2022-08-07T19:44:14.6147873Z,0
5.69811,101.0244776,Daerah: Perak<br>No:344<br>Hex coord:(49;15),n/a,0,0,0,0,0,0,1,2022-08-07T19:44:15.2988020Z,0
5.70589,101.0380243,Daerah: Perak<br>No:345<br>Hex coord:(50;15),n/a,0,0,0,0,0,0,1,2022-08-07T19:44:15.9815551Z,0
5.69811,101.051571,Daerah: Perak<br>No:346<br>Hex coord:(51;15),n/a,0,0,0,0,0,0,1,2022-08-07T19:44:16.6721404Z,0
5.70589,101.0651177,Daerah: Perak<br>No:347<br>Hex coord:(52;15),n/a,0,0,0,0,0,0,1,2022-08-07T19:44:17.3603099Z,0
5.69811,101.0786644,Daerah: Perak<br>No:348<br>Hex coord:(53;15),n/a,0,0,0,0,0,0,1,2022-08-07T19:44:18.0513475Z,0
5.70589,101.2547716,Daerah: Perak<br>No:349<br>Hex coord:(66;15),n/a,0,0,0,0,0,0,1,2022-08-07T19:44:18.7459249Z,0
5.69811,101.2683183,Daerah: Perak<br>No:350<br>Hex coord:(67;15),n/a,0,0,0,0,0,0,1,2022-08-07T19:44:19.4680349Z,0
5.70589,101.281865,Daerah: Perak<br>No:351<br>Hex coord:(68;15),n/a,0,0,0,0,0,0,1,2022-08-07T19:44:20.1590382Z,0
5.69811,101.2954117,Daerah: Perak<br>No:352<br>Hex coord:(69;15),n/a,0,0,0,0,0,0,1,2022-08-07T19:44:20.8516476Z,0
5.70589,101.3089584,Daerah: Perak<br>No:353<br>Hex coord:(70;15),n/a,0,0,0,0,0,0,1,2022-08-07T19:44:21.5388630Z,0
5.69811,101.3225051,Daerah: Perak<br>No:354<br>Hex coord:(71;15),n/a,0,0,0,0,0,0,1,2022-08-07T19:44:22.2227483Z,0
5.70589,101.3360518,Daerah: Perak<br>No:355<br>Hex coord:(72;15),n/a,0,0,0,0,0,0,1,2022-08-07T19:44:22.9171623Z,0
5.69811,101.3495985,Daerah: Perak<br>No:356<br>Hex coord:(73;15),n/a,0,0,0,0,0,0,1,2022-08-07T19:44:23.6062210Z,0
5.70589,101.3631452,Daerah: Perak<br>No:357<br>Hex coord:(74;15),n/a,0,0,0,0,0,0,1,2022-08-07T19:44:24.3332437Z,0
5.69811,101.3766919,Daerah: Perak<br>No:358<br>Hex coord:(75;15),n/a,0,0,0,0,0,0,1,2022-08-07T19:44:25.0160795Z,0
5.70589,101.3902386,Daerah: Perak<br>No:359<br>Hex coord:(76;15),n/a,1,0,0,0,0,0,1,2022-08-07T19:44:25.7181589Z,0
5.69811,101.4037853,Daerah: Perak<br>No:360<br>Hex coord:(77;15),n/a,0,0,0,0,0,0,1,2022-08-07T19:44:26.4096890Z,0
5.70589,101.417332,Daerah: Perak<br>No:361<br>Hex coord:(78;15),n/a,0,0,0,0,0,0,1,2022-08-07T19:44:27.1011858Z,0
5.69811,101.4308787,Daerah: Perak<br>No:362<br>Hex coord:(79;15),n/a,0,0,0,0,0,0,1,2022-08-07T19:44:27.8162515Z,0
5.70589,101.4444254,Daerah: Perak<br>No:363<br>Hex coord:(80;15),n/a,0,0,0,0,0,0,1,2022-08-07T19:44:28.5114172Z,0
5.69811,101.4579721,Daerah: Perak<br>No:364<br>Hex coord:(81;15),n/a,0,0,0,0,0,0,1,2022-08-07T19:44:29.2187807Z,0
5.70589,101.4715188,Daerah: Perak<br>No:365<br>Hex coord:(82;15),n/a,0,0,0,0,0,0,1,2022-08-07T19:44:29.9128941Z,0
5.69811,101.4850655,Daerah: Perak<br>No:366<br>Hex coord:(83;15),n/a,0,0,0,0,0,0,1,2022-08-07T19:44:30.5992840Z,0
5.70589,101.4986123,Daerah: Perak<br>No:367<br>Hex coord:(84;15),n/a,0,0,0,0,0,0,1,2022-08-07T19:44:31.2897421Z,0
5.69811,101.512159,Daerah: Perak<br>No:368<br>Hex coord:(85;15),n/a,0,0,0,0,0,0,1,2022-08-07T19:44:31.9685456Z,0
5.70589,101.5257057,Daerah: Perak<br>No:369<br>Hex coord:(86;15),n/a,0,0,0,0,0,0,1,2022-08-07T19:44:32.6737145Z,0
5.69811,101.5392524,Daerah: Perak<br>No:370<br>Hex coord:(87;15),n/a,0,0,0,0,0,0,1,2022-08-07T19:44:33.3603286Z,0
5.70589,101.5527991,Daerah: Perak<br>No:371<br>Hex coord:(88;15),n/a,0,0,0,0,0,0,1,2022-08-07T19:44:34.1353922Z,0
5.69811,101.5663458,Daerah: Perak<br>No:372<br>Hex coord:(89;15),n/a,0,0,0,0,0,0,1,2022-08-07T19:44:34.8229538Z,0
5.70589,101.5798925,Daerah: Perak<br>No:373<br>Hex coord:(90;15),n/a,0,0,0,0,0,0,1,2022-08-07T19:44:35.5011776Z,0
5.69811,101.5934392,Daerah: Perak<br>No:374<br>Hex coord:(91;15),n/a,0,0,0,0,0,0,1,2022-08-07T19:44:36.2095645Z,0
5.70589,101.6069859,Daerah: Perak<br>No:375<br>Hex coord:(92;15),n/a,0,0,0,0,0,0,1,2022-08-07T19:44:36.8939239Z,0
5.69811,101.6205326,Daerah: Perak<br>No:376<br>Hex coord:(93;15),n/a,0,0,0,0,0,0,1,2022-08-07T19:44:37.5802279Z,0
5.70589,101.6340793,Daerah: Perak<br>No:377<br>Hex coord:(94;15),n/a,0,0,0,0,0,0,1,2022-08-07T19:44:38.3386872Z,0
5.69811,101.647626,Daerah: Perak<br>No:378<br>Hex coord:(95;15),n/a,0,0,0,0,0,0,1,2022-08-07T19:44:39.0590736Z,0
5.70589,101.6611727,Daerah: Perak<br>No:379<br>Hex coord:(96;15),n/a,0,0,0,0,0,0,1,2022-08-07T19:44:39.7615138Z,0
5.69811,101.6747194,Daerah: Perak<br>No:380<br>Hex coord:(97;15),n/a,0,0,0,0,0,0,1,2022-08-07T19:44:40.4548261Z,0
5.70589,101.6882661,Daerah: Perak<br>No:381<br>Hex coord:(98;15),n/a,0,0,0,0,0,0,1,2022-08-07T19:44:41.1443091Z,0
5.69033,100.9838374,Daerah: Perak<br>No:382<br>Hex coord:(46;16),n/a,0,0,0,0,0,0,1,2022-08-07T19:44:41.8315716Z,0
5.68255,100.9973842,Daerah: Perak<br>No:383<br>Hex coord:(47;16),n/a,0,0,0,0,0,0,1,2022-08-07T19:44:42.5351520Z,0
5.69033,101.0109309,Daerah: Perak<br>No:384<br>Hex coord:(48;16),n/a,0,0,0,0,0,0,1,2022-08-07T19:44:43.2450501Z,0
5.68255,101.0244776,Daerah: Perak<br>No:385<br>Hex coord:(49;16),n/a,0,0,0,0,0,0,1,2022-08-07T19:44:43.9757260Z,0
5.69033,101.0380243,Daerah: Perak<br>No:386<br>Hex coord:(50;16),n/a,0,0,0,0,0,0,1,2022-08-07T19:44:44.7291566Z,0
5.68255,101.051571,Daerah: Perak<br>No:387<br>Hex coord:(51;16),n/a,0,0,0,0,0,0,1,2022-08-07T19:44:45.4239404Z,0
5.69033,101.0651177,Daerah: Perak<br>No:388<br>Hex coord:(52;16),n/a,0,0,0,0,0,0,1,2022-08-07T19:44:46.1180256Z,0
5.68255,101.0786644,Daerah: Perak<br>No:389<br>Hex coord:(53;16),n/a,0,0,0,0,0,0,1,2022-08-07T19:44:46.8048142Z,0
5.69033,101.0922111,Daerah: Perak<br>No:390<br>Hex coord:(54;16),n/a,0,0,0,0,0,0,1,2022-08-07T19:44:47.5583475Z,0
5.68255,101.1057578,Daerah: Perak<br>No:391<br>Hex coord:(55;16),n/a,0,0,0,0,0,0,1,2022-08-07T19:44:48.2542603Z,0
5.68255,101.2412249,Daerah: Perak<br>No:392<br>Hex coord:(65;16),n/a,0,0,0,0,0,0,1,2022-08-07T19:44:48.9869633Z,0
5.69033,101.2547716,Daerah: Perak<br>No:393<br>Hex coord:(66;16),n/a,0,0,0,0,0,0,1,2022-08-07T19:44:49.7019620Z,0
5.68255,101.2683183,Daerah: Perak<br>No:394<br>Hex coord:(67;16),n/a,0,0,0,0,0,0,1,2022-08-07T19:44:50.3892326Z,0
5.69033,101.281865,Daerah: Perak<br>No:395<br>Hex coord:(68;16),n/a,0,0,0,0,0,0,1,2022-08-07T19:44:51.0951392Z,0
5.68255,101.2954117,Daerah: Perak<br>No:396<br>Hex coord:(69;16),n/a,0,0,0,0,0,0,1,2022-08-07T19:44:51.7959149Z,0
5.69033,101.3089584,Daerah: Perak<br>No:397<br>Hex coord:(70;16),n/a,0,0,0,0,0,0,1,2022-08-07T19:44:52.4950969Z,0
5.68255,101.3225051,Daerah: Perak<br>No:398<br>Hex coord:(71;16),n/a,0,0,0,0,0,0,1,2022-08-07T19:44:53.1835145Z,0
5.69033,101.3360518,Daerah: Perak<br>No:399<br>Hex coord:(72;16),n/a,0,0,0,0,0,0,1,2022-08-07T19:44:53.8695587Z,0
5.68255,101.3495985,Daerah: Perak<br>No:400<br>Hex coord:(73;16),n/a,0,0,0,0,0,0,1,2022-08-07T19:44:54.6071549Z,0
5.69033,101.3631452,Daerah: Perak<br>No:401<br>Hex coord:(74;16),n/a,0,0,0,0,0,0,1,2022-08-07T19:44:55.3136440Z,0
5.68255,101.3766919,Daerah: Perak<br>No:402<br>Hex coord:(75;16),n/a,0,0,0,0,0,0,1,2022-08-07T19:44:56.0049091Z,0
5.69033,101.3902386,Daerah: Perak<br>No:403<br>Hex coord:(76;16),n/a,0,0,0,0,0,0,1,2022-08-07T19:44:56.6895858Z,0
5.68255,101.4037853,Daerah: Perak<br>No:404<br>Hex coord:(77;16),n/a,0,0,0,0,0,0,1,2022-08-07T19:44:57.3806676Z,0
5.69033,101.417332,Daerah: Perak<br>No:405<br>Hex coord:(78;16),n/a,0,0,0,0,0,0,1,2022-08-07T19:44:58.0829033Z,0
5.68255,101.4308787,Daerah: Perak<br>No:406<br>Hex coord:(79;16),n/a,0,0,0,0,0,0,1,2022-08-07T19:44:58.7766553Z,0
5.69033,101.4444254,Daerah: Perak<br>No:407<br>Hex coord:(80;16),n/a,0,0,0,0,0,0,1,2022-08-07T19:44:59.5112435Z,0
5.68255,101.4579721,Daerah: Perak<br>No:408<br>Hex coord:(81;16),n/a,0,0,0,0,0,0,1,2022-08-07T19:45:00.1940899Z,0
5.69033,101.4715188,Daerah: Perak<br>No:409<br>Hex coord:(82;16),n/a,0,0,0,0,0,0,1,2022-08-07T19:45:00.8855510Z,0
5.68255,101.4850655,Daerah: Perak<br>No:410<br>Hex coord:(83;16),n/a,0,0,0,0,0,0,1,2022-08-07T19:45:01.5802832Z,0
5.69033,101.4986123,Daerah: Perak<br>No:411<br>Hex coord:(84;16),n/a,0,0,0,0,0,0,1,2022-08-07T19:45:02.2864574Z,0
5.68255,101.512159,Daerah: Perak<br>No:412<br>Hex coord:(85;16),n/a,0,0,0,0,0,0,1,2022-08-07T19:45:02.9697103Z,0
5.69033,101.5257057,Daerah: Perak<br>No:413<br>Hex coord:(86;16),n/a,0,0,0,0,0,0,1,2022-08-07T19:45:03.6731712Z,0
5.68255,101.5392524,Daerah: Perak<br>No:414<br>Hex coord:(87;16),n/a,0,0,0,0,0,0,1,2022-08-07T19:45:04.4163108Z,0
5.69033,101.5527991,Daerah: Perak<br>No:415<br>Hex coord:(88;16),n/a,0,0,0,0,0,0,1,2022-08-07T19:45:05.1055819Z,0
5.68255,101.5663458,Daerah: Perak<br>No:416<br>Hex coord:(89;16),n/a,0,0,0,0,0,0,1,2022-08-07T19:45:05.8123033Z,0
5.69033,101.5798925,Daerah: Perak<br>No:417<br>Hex coord:(90;16),n/a,0,0,0,0,0,0,1,2022-08-07T19:45:06.5042132Z,0
5.68255,101.5934392,Daerah: Perak<br>No:418<br>Hex coord:(91;16),n/a,0,0,0,0,0,0,1,2022-08-07T19:45:07.2028200Z,0
5.69033,101.6069859,Daerah: Perak<br>No:419<br>Hex coord:(92;16),n/a,0,0,0,0,0,0,1,2022-08-07T19:45:07.9050107Z,0
5.68255,101.6205326,Daerah: Perak<br>No:420<br>Hex coord:(93;16),n/a,0,0,0,0,0,0,1,2022-08-07T19:45:08.5912665Z,0
5.69033,101.6340793,Daerah: Perak<br>No:421<br>Hex coord:(94;16),n/a,0,0,0,0,0,0,1,2022-08-07T19:45:09.3144770Z,0
5.68255,101.647626,Daerah: Perak<br>No:422<br>Hex coord:(95;16),n/a,0,0,0,0,0,0,1,2022-08-07T19:45:10.0110381Z,0
5.69033,101.6611727,Daerah: Perak<br>No:423<br>Hex coord:(96;16),n/a,0,0,0,0,0,0,1,2022-08-07T19:45:10.6988607Z,0
5.67477,100.9838374,Daerah: Perak<br>No:424<br>Hex coord:(46;17),n/a,0,0,0,0,0,0,1,2022-08-07T19:45:11.3845496Z,0
5.66699,100.9973842,Daerah: Perak<br>No:425<br>Hex coord:(47;17),n/a,0,0,0,0,0,0,1,2022-08-07T19:45:12.0878599Z,0
5.67477,101.0109309,Daerah: Perak<br>No:426<br>Hex coord:(48;17),n/a,0,0,0,0,0,0,1,2022-08-07T19:45:12.7788961Z,0
5.66699,101.0244776,Daerah: Perak<br>No:427<br>Hex coord:(49;17),n/a,0,0,0,0,0,0,1,2022-08-07T19:45:13.4938490Z,0
5.67477,101.0380243,Daerah: Perak<br>No:428<br>Hex coord:(50;17),n/a,0,0,0,0,0,0,1,2022-08-07T19:45:14.2814231Z,0
5.66699,101.051571,Daerah: Perak<br>No:429<br>Hex coord:(51;17),n/a,0,0,0,0,0,0,1,2022-08-07T19:45:14.9796621Z,0
5.67477,101.0651177,Daerah: Perak<br>No:430<br>Hex coord:(52;17),n/a,0,0,0,0,0,0,1,2022-08-07T19:45:15.6757157Z,0
5.66699,101.0786644,Daerah: Perak<br>No:431<br>Hex coord:(53;17),n/a,0,0,0,0,0,0,1,2022-08-07T19:45:21.2210755Z,0
5.67477,101.0922111,Daerah: Perak<br>No:432<br>Hex coord:(54;17),n/a,0,0,0,0,0,0,1,2022-08-07T19:45:21.9120416Z,0
5.66699,101.1057578,Daerah: Perak<br>No:433<br>Hex coord:(55;17),n/a,0,0,0,0,0,0,1,2022-08-07T19:45:22.6096253Z,0
5.67477,101.2276781,Daerah: Perak<br>No:434<br>Hex coord:(64;17),n/a,0,0,0,0,0,0,1,2022-08-07T19:45:23.2991238Z,0
5.66699,101.2412249,Daerah: Perak<br>No:435<br>Hex coord:(65;17),n/a,0,0,0,0,0,0,1,2022-08-07T19:45:24.0020878Z,0
5.67477,101.2547716,Daerah: Perak<br>No:436<br>Hex coord:(66;17),n/a,0,0,0,0,0,0,1,2022-08-07T19:45:24.6926450Z,0
5.66699,101.2683183,Daerah: Perak<br>No:437<br>Hex coord:(67;17),n/a,0,0,0,0,0,0,1,2022-08-07T19:45:25.3740761Z,0
5.67477,101.281865,Daerah: Perak<br>No:438<br>Hex coord:(68;17),n/a,0,0,0,0,0,0,1,2022-08-07T19:45:26.1094304Z,0
5.66699,101.2954117,Daerah: Perak<br>No:439<br>Hex coord:(69;17),n/a,0,0,0,0,0,0,1,2022-08-07T19:45:26.8003501Z,0
5.67477,101.3089584,Daerah: Perak<br>No:440<br>Hex coord:(70;17),n/a,0,0,0,0,0,0,1,2022-08-07T19:45:27.4890871Z,0
5.66699,101.3225051,Daerah: Perak<br>No:441<br>Hex coord:(71;17),n/a,0,0,0,0,0,0,1,2022-08-07T19:45:28.2015268Z,0
5.67477,101.3360518,Daerah: Perak<br>No:442<br>Hex coord:(72;17),n/a,0,0,0,0,0,0,1,2022-08-07T19:45:28.8940902Z,0
5.66699,101.3495985,Daerah: Perak<br>No:443<br>Hex coord:(73;17),n/a,0,0,0,0,0,0,1,2022-08-07T19:45:29.5767090Z,0
5.67477,101.3631452,Daerah: Perak<br>No:444<br>Hex coord:(74;17),n/a,0,0,0,0,0,0,1,2022-08-07T19:45:30.2744596Z,0
5.66699,101.3766919,Daerah: Perak<br>No:445<br>Hex coord:(75;17),n/a,0,0,0,0,0,0,1,2022-08-07T19:45:30.9731228Z,0
5.67477,101.3902386,Daerah: Perak<br>No:446<br>Hex coord:(76;17),n/a,0,0,0,0,0,0,1,2022-08-07T19:45:31.6595938Z,0
5.66699,101.4037853,Daerah: Perak<br>No:447<br>Hex coord:(77;17),n/a,0,0,0,0,0,0,1,2022-08-07T19:45:32.3586138Z,0
5.67477,101.417332,Daerah: Perak<br>No:448<br>Hex coord:(78;17),n/a,0,0,0,0,0,0,1,2022-08-07T19:45:33.0393815Z,0
5.66699,101.4308787,Daerah: Perak<br>No:449<br>Hex coord:(79;17),n/a,0,0,0,0,0,0,1,2022-08-07T19:45:33.7337449Z,0
5.67477,101.4444254,Daerah: Perak<br>No:450<br>Hex coord:(80;17),n/a,0,0,0,0,0,0,1,2022-08-07T19:45:34.4349731Z,0
5.66699,101.4579721,Daerah: Perak<br>No:451<br>Hex coord:(81;17),n/a,0,0,0,0,0,0,1,2022-08-07T19:45:35.1379126Z,0
5.67477,101.4715188,Daerah: Perak<br>No:452<br>Hex coord:(82;17),n/a,0,0,0,0,0,0,1,2022-08-07T19:45:35.8253846Z,0
5.66699,101.4850655,Daerah: Perak<br>No:453<br>Hex coord:(83;17),n/a,0,0,0,0,0,0,1,2022-08-07T19:45:36.5459986Z,0
5.67477,101.4986123,Daerah: Perak<br>No:454<br>Hex coord:(84;17),n/a,0,0,0,0,0,0,1,2022-08-07T19:45:37.2364495Z,0
5.66699,101.512159,Daerah: Perak<br>No:455<br>Hex coord:(85;17),n/a,0,0,0,0,0,0,1,2022-08-07T19:45:37.9328196Z,0
5.67477,101.5257057,Daerah: Perak<br>No:456<br>Hex coord:(86;17),n/a,0,0,0,0,0,0,1,2022-08-07T19:45:38.6089820Z,0
5.66699,101.5392524,Daerah: Perak<br>No:457<br>Hex coord:(87;17),n/a,0,0,0,0,0,0,1,2022-08-07T19:45:39.3075161Z,0
5.67477,101.5527991,Daerah: Perak<br>No:458<br>Hex coord:(88;17),n/a,0,0,0,0,0,0,1,2022-08-07T19:45:39.9994547Z,0
5.66699,101.5663458,Daerah: Perak<br>No:459<br>Hex coord:(89;17),n/a,0,0,0,0,0,0,1,2022-08-07T19:45:40.7117040Z,0
5.67477,101.5798925,Daerah: Perak<br>No:460<br>Hex coord:(90;17),n/a,0,0,0,0,0,0,1,2022-08-07T19:45:41.4317716Z,0
5.66699,101.5934392,Daerah: Perak<br>No:461<br>Hex coord:(91;17),n/a,0,0,0,0,0,0,1,2022-08-07T19:45:42.1241690Z,0
5.67477,101.6069859,Daerah: Perak<br>No:462<br>Hex coord:(92;17),n/a,0,0,0,0,0,0,1,2022-08-07T19:45:42.8238466Z,0
5.66699,101.6205326,Daerah: Perak<br>No:463<br>Hex coord:(93;17),n/a,0,0,0,0,0,0,1,2022-08-07T19:45:43.5120034Z,0
5.67477,101.6340793,Daerah: Perak<br>No:464<br>Hex coord:(94;17),n/a,0,0,0,0,0,0,1,2022-08-07T19:45:44.1980295Z,0
5.66699,101.647626,Daerah: Perak<br>No:465<br>Hex coord:(95;17),n/a,0,0,0,0,0,0,1,2022-08-07T19:45:44.8871956Z,0
5.67477,101.6611727,Daerah: Perak<br>No:466<br>Hex coord:(96;17),n/a,0,0,0,0,0,0,1,2022-08-07T19:45:45.5728164Z,0
5.65143,100.9702907,Daerah: Perak<br>No:467<br>Hex coord:(45;18),n/a,0,0,0,0,0,0,1,2022-08-07T19:45:46.3036456Z,0
5.65921,100.9838374,Daerah: Perak<br>No:468<br>Hex coord:(46;18),n/a,0,0,0,0,0,0,1,2022-08-07T19:45:46.9873932Z,0
5.65143,100.9973842,Daerah: Perak<br>No:469<br>Hex coord:(47;18),n/a,0,0,0,0,0,0,1,2022-08-07T19:45:47.6716180Z,0
5.65921,101.0109309,Daerah: Perak<br>No:470<br>Hex coord:(48;18),n/a,0,0,0,0,0,0,1,2022-08-07T19:45:48.3758500Z,0
5.65143,101.0244776,Daerah: Perak<br>No:471<br>Hex coord:(49;18),n/a,2,0,0,0,0,0,1,2022-08-07T19:45:49.0898233Z,0
5.65921,101.0380243,Daerah: Perak<br>No:472<br>Hex coord:(50;18),n/a,0,0,0,0,0,0,1,2022-08-07T19:45:49.7845764Z,0
5.65143,101.051571,Daerah: Perak<br>No:473<br>Hex coord:(51;18),n/a,0,0,0,0,0,0,1,2022-08-07T19:45:50.4834683Z,0
5.65921,101.0651177,Daerah: Perak<br>No:474<br>Hex coord:(52;18),n/a,0,0,0,0,0,0,1,2022-08-07T19:45:51.2253275Z,0
5.65143,101.0786644,Daerah: Perak<br>No:475<br>Hex coord:(53;18),n/a,0,0,0,0,0,0,1,2022-08-07T19:45:51.9261074Z,0
5.65921,101.0922111,Daerah: Perak<br>No:476<br>Hex coord:(54;18),n/a,0,0,0,0,0,0,1,2022-08-07T19:45:52.6233806Z,0
5.65143,101.1057578,Daerah: Perak<br>No:477<br>Hex coord:(55;18),n/a,0,0,0,0,0,0,1,2022-08-07T19:45:53.3160015Z,0
5.65921,101.1193045,Daerah: Perak<br>No:478<br>Hex coord:(56;18),n/a,0,0,0,0,0,0,1,2022-08-07T19:45:54.0066779Z,0
5.65143,101.2141314,Daerah: Perak<br>No:479<br>Hex coord:(63;18),n/a,0,0,0,0,0,0,1,2022-08-07T19:45:54.6960365Z,0
5.65921,101.2276781,Daerah: Perak<br>No:480<br>Hex coord:(64;18),n/a,0,0,0,0,0,0,1,2022-08-07T19:45:55.3923841Z,0
5.65143,101.2412249,Daerah: Perak<br>No:481<br>Hex coord:(65;18),n/a,0,0,0,0,0,0,1,2022-08-07T19:45:56.1815726Z,0
5.65921,101.2547716,Daerah: Perak<br>No:482<br>Hex coord:(66;18),n/a,0,0,0,0,0,0,1,2022-08-07T19:45:56.8602043Z,0
5.65143,101.2683183,Daerah: Perak<br>No:483<br>Hex coord:(67;18),n/a,0,0,0,0,0,0,1,2022-08-07T19:45:57.5560742Z,0
5.65921,101.281865,Daerah: Perak<br>No:484<br>Hex coord:(68;18),n/a,0,0,0,0,0,0,1,2022-08-07T19:45:58.2547716Z,0
5.65143,101.2954117,Daerah: Perak<br>No:485<br>Hex coord:(69;18),n/a,0,0,0,0,0,0,1,2022-08-07T19:45:58.9471635Z,0
5.65921,101.3089584,Daerah: Perak<br>No:486<br>Hex coord:(70;18),n/a,0,0,0,0,0,0,1,2022-08-07T19:45:59.6276191Z,0
5.65143,101.3225051,Daerah: Perak<br>No:487<br>Hex coord:(71;18),n/a,0,0,0,0,0,0,1,2022-08-07T19:46:00.3287987Z,0
5.65921,101.3360518,Daerah: Perak<br>No:488<br>Hex coord:(72;18),n/a,0,0,0,0,0,0,1,2022-08-07T19:46:01.1310907Z,0
5.65143,101.3495985,Daerah: Perak<br>No:489<br>Hex coord:(73;18),n/a,0,0,0,0,0,0,1,2022-08-07T19:46:01.8277945Z,0
5.65921,101.3631452,Daerah: Perak<br>No:490<br>Hex coord:(74;18),n/a,0,0,0,0,0,0,1,2022-08-07T19:46:02.5219612Z,0
5.65143,101.3766919,Daerah: Perak<br>No:491<br>Hex coord:(75;18),n/a,0,0,0,0,0,0,1,2022-08-07T19:46:03.2311872Z,0
5.65921,101.3902386,Daerah: Perak<br>No:492<br>Hex coord:(76;18),n/a,0,0,0,0,0,0,1,2022-08-07T19:46:03.9093575Z,0
5.65143,101.4037853,Daerah: Perak<br>No:493<br>Hex coord:(77;18),n/a,0,0,0,0,0,0,1,2022-08-07T19:46:04.5937104Z,0
5.65921,101.417332,Daerah: Perak<br>No:494<br>Hex coord:(78;18),n/a,0,0,0,0,0,0,1,2022-08-07T19:46:05.2897900Z,0
5.65143,101.4308787,Daerah: Perak<br>No:495<br>Hex coord:(79;18),n/a,0,0,0,0,0,0,1,2022-08-07T19:46:06.0270838Z,0
5.65921,101.4444254,Daerah: Perak<br>No:496<br>Hex coord:(80;18),n/a,0,0,0,0,0,0,1,2022-08-07T19:46:06.7157259Z,0
5.65143,101.4579721,Daerah: Perak<br>No:497<br>Hex coord:(81;18),n/a,0,0,0,0,0,0,1,2022-08-07T19:46:07.4031324Z,0
5.65921,101.4715188,Daerah: Perak<br>No:498<br>Hex coord:(82;18),n/a,0,0,0,0,0,0,1,2022-08-07T19:46:08.0968655Z,0
5.65143,101.4850655,Daerah: Perak<br>No:499<br>Hex coord:(83;18),n/a,0,0,0,0,0,0,1,2022-08-07T19:46:08.7960909Z,0
5.65921,101.4986123,Daerah: Perak<br>No:500<br>Hex coord:(84;18),n/a,0,0,0,0,0,0,1,2022-08-07T19:46:09.4868124Z,0
5.65143,101.512159,Daerah: Perak<br>No:501<br>Hex coord:(85;18),n/a,0,0,0,0,0,0,1,2022-08-07T19:46:10.1762490Z,0
5.65921,101.5257057,Daerah: Perak<br>No:502<br>Hex coord:(86;18),n/a,0,0,0,0,0,0,1,2022-08-07T19:46:10.9095904Z,0
5.65143,101.5392524,Daerah: Perak<br>No:503<br>Hex coord:(87;18),n/a,0,0,0,0,0,0,1,2022-08-07T19:46:11.6088116Z,0
5.65921,101.5527991,Daerah: Perak<br>No:504<br>Hex coord:(88;18),n/a,0,0,0,0,0,0,1,2022-08-07T19:46:12.3068545Z,0
5.65143,101.5663458,Daerah: Perak<br>No:505<br>Hex coord:(89;18),n/a,0,0,0,0,0,0,1,2022-08-07T19:46:12.9944586Z,0
5.65921,101.5798925,Daerah: Perak<br>No:506<br>Hex coord:(90;18),n/a,0,0,0,0,0,0,1,2022-08-07T19:46:13.6783750Z,0
5.65143,101.5934392,Daerah: Perak<br>No:507<br>Hex coord:(91;18),n/a,0,0,0,0,0,0,1,2022-08-07T19:46:14.3687525Z,0
5.65921,101.6069859,Daerah: Perak<br>No:508<br>Hex coord:(92;18),n/a,0,0,0,0,0,0,1,2022-08-07T19:46:15.0569686Z,0
5.65143,101.6205326,Daerah: Perak<br>No:509<br>Hex coord:(93;18),n/a,0,0,0,0,0,0,1,2022-08-07T19:46:15.7491633Z,0
5.65921,101.6340793,Daerah: Perak<br>No:510<br>Hex coord:(94;18),n/a,0,0,0,0,0,0,1,2022-08-07T19:46:18.8739845Z,0
5.65143,101.647626,Daerah: Perak<br>No:511<br>Hex coord:(95;18),n/a,0,0,0,0,0,0,1,2022-08-07T19:46:19.5621836Z,0
5.64365,100.956744,Daerah: Perak<br>No:512<br>Hex coord:(44;19),n/a,0,0,0,0,0,0,1,2022-08-07T19:46:20.2551253Z,0
5.63587,100.9702907,Daerah: Perak<br>No:513<br>Hex coord:(45;19),n/a,0,0,0,0,0,0,1,2022-08-07T19:46:20.9435374Z,0
5.64365,100.9838374,Daerah: Perak<br>No:514<br>Hex coord:(46;19),n/a,0,0,0,0,0,0,1,2022-08-07T19:46:21.6434520Z,0
5.63587,100.9973842,Daerah: Perak<br>No:515<br>Hex coord:(47;19),n/a,0,0,0,0,0,0,1,2022-08-07T19:46:22.3291515Z,0
5.64365,101.0109309,Daerah: Perak<br>No:516<br>Hex coord:(48;19),n/a,0,0,0,0,0,0,1,2022-08-07T19:46:23.0349205Z,0
5.63587,101.0244776,Daerah: Perak<br>No:517<br>Hex coord:(49;19),n/a,2,0,0,0,0,0,1,2022-08-07T19:46:23.7222285Z,0
5.64365,101.0380243,Daerah: Perak<br>No:518<br>Hex coord:(50;19),n/a,0,0,0,0,0,0,1,2022-08-07T19:46:24.4162319Z,0
5.63587,101.051571,Daerah: Perak<br>No:519<br>Hex coord:(51;19),n/a,0,0,0,0,0,0,1,2022-08-07T19:46:25.1188111Z,0
5.64365,101.0651177,Daerah: Perak<br>No:520<br>Hex coord:(52;19),n/a,0,0,0,0,0,0,1,2022-08-07T19:46:25.8208959Z,0
5.63587,101.0786644,Daerah: Perak<br>No:521<br>Hex coord:(53;19),n/a,0,0,0,0,0,0,1,2022-08-07T19:46:26.5230165Z,0
5.64365,101.0922111,Daerah: Perak<br>No:522<br>Hex coord:(54;19),n/a,0,0,0,0,0,0,1,2022-08-07T19:46:27.2123510Z,0
5.63587,101.1057578,Daerah: Perak<br>No:523<br>Hex coord:(55;19),n/a,0,0,0,0,0,0,1,2022-08-07T19:46:27.9203547Z,0
5.64365,101.1193045,Daerah: Perak<br>No:524<br>Hex coord:(56;19),n/a,0,0,0,0,0,0,1,2022-08-07T19:46:28.6183881Z,0
5.64365,101.1734913,Daerah: Perak<br>No:525<br>Hex coord:(60;19),n/a,0,0,0,0,0,0,1,2022-08-07T19:46:29.3016811Z,0
5.63587,101.187038,Daerah: Perak<br>No:526<br>Hex coord:(61;19),n/a,0,0,0,0,0,0,1,2022-08-07T19:46:30.0058770Z,0
5.64365,101.2005847,Daerah: Perak<br>No:527<br>Hex coord:(62;19),n/a,0,0,0,0,0,0,1,2022-08-07T19:46:30.6969079Z,0
5.63587,101.2141314,Daerah: Perak<br>No:528<br>Hex coord:(63;19),n/a,0,0,0,0,0,0,1,2022-08-07T19:46:31.3893409Z,0
5.64365,101.2276781,Daerah: Perak<br>No:529<br>Hex coord:(64;19),n/a,0,0,0,0,0,0,1,2022-08-07T19:46:32.0937443Z,0
5.63587,101.2412249,Daerah: Perak<br>No:530<br>Hex coord:(65;19),n/a,0,0,0,0,0,0,1,2022-08-07T19:46:32.7877996Z,0
5.64365,101.2547716,Daerah: Perak<br>No:531<br>Hex coord:(66;19),n/a,0,0,0,0,0,0,1,2022-08-07T19:46:33.5028682Z,0
5.63587,101.2683183,Daerah: Perak<br>No:532<br>Hex coord:(67;19),n/a,0,0,0,0,0,0,1,2022-08-07T19:46:34.1994866Z,0
5.64365,101.281865,Daerah: Perak<br>No:533<br>Hex coord:(68;19),n/a,0,0,0,0,0,0,1,2022-08-07T19:46:34.8932983Z,0
5.63587,101.2954117,Daerah: Perak<br>No:534<br>Hex coord:(69;19),n/a,0,0,0,0,0,0,1,2022-08-07T19:46:35.5870035Z,0
5.64365,101.3089584,Daerah: Perak<br>No:535<br>Hex coord:(70;19),n/a,0,0,0,0,0,0,1,2022-08-07T19:46:36.2750941Z,0
5.63587,101.3225051,Daerah: Perak<br>No:536<br>Hex coord:(71;19),n/a,0,0,0,0,0,0,1,2022-08-07T19:46:36.9832635Z,0
5.64365,101.3360518,Daerah: Perak<br>No:537<br>Hex coord:(72;19),n/a,0,0,0,0,0,0,1,2022-08-07T19:46:37.6755146Z,0
5.63587,101.3495985,Daerah: Perak<br>No:538<br>Hex coord:(73;19),n/a,0,0,0,0,0,0,1,2022-08-07T19:46:38.3766503Z,0
5.64365,101.3631452,Daerah: Perak<br>No:539<br>Hex coord:(74;19),n/a,0,0,0,0,0,0,1,2022-08-07T19:46:39.0727044Z,0
5.63587,101.3766919,Daerah: Perak<br>No:540<br>Hex coord:(75;19),n/a,0,0,0,0,0,0,1,2022-08-07T19:46:39.7597473Z,0
5.64365,101.3902386,Daerah: Perak<br>No:541<br>Hex coord:(76;19),n/a,0,0,0,0,0,0,1,2022-08-07T19:46:40.4392898Z,0
5.63587,101.4037853,Daerah: Perak<br>No:542<br>Hex coord:(77;19),n/a,0,0,0,0,0,0,1,2022-08-07T19:46:41.1314217Z,0
5.64365,101.417332,Daerah: Perak<br>No:543<br>Hex coord:(78;19),n/a,0,0,0,0,0,0,1,2022-08-07T19:46:41.8188269Z,0
5.63587,101.4308787,Daerah: Perak<br>No:544<br>Hex coord:(79;19),n/a,0,0,0,0,0,0,1,2022-08-07T19:46:42.4998407Z,0
5.64365,101.4444254,Daerah: Perak<br>No:545<br>Hex coord:(80;19),n/a,0,0,0,0,0,0,1,2022-08-07T19:46:43.2277415Z,0
5.63587,101.4579721,Daerah: Perak<br>No:546<br>Hex coord:(81;19),n/a,0,0,0,0,0,0,1,2022-08-07T19:46:43.9155741Z,0
5.64365,101.4715188,Daerah: Perak<br>No:547<br>Hex coord:(82;19),n/a,0,0,0,0,0,0,1,2022-08-07T19:46:44.6075244Z,0
5.63587,101.4850655,Daerah: Perak<br>No:548<br>Hex coord:(83;19),n/a,0,0,0,0,0,0,1,2022-08-07T19:46:45.3051666Z,0
5.64365,101.4986123,Daerah: Perak<br>No:549<br>Hex coord:(84;19),n/a,0,0,0,0,0,0,1,2022-08-07T19:46:46.0030114Z,0
5.63587,101.512159,Daerah: Perak<br>No:550<br>Hex coord:(85;19),n/a,0,0,0,0,0,0,1,2022-08-07T19:46:46.6872619Z,0
5.64365,101.5257057,Daerah: Perak<br>No:551<br>Hex coord:(86;19),n/a,0,0,0,0,0,0,1,2022-08-07T19:46:47.3747023Z,0
5.63587,101.5392524,Daerah: Perak<br>No:552<br>Hex coord:(87;19),n/a,0,0,0,0,0,0,1,2022-08-07T19:46:48.0969775Z,0
5.64365,101.5527991,Daerah: Perak<br>No:553<br>Hex coord:(88;19),n/a,0,0,0,0,0,0,1,2022-08-07T19:46:48.8003873Z,0
5.63587,101.5663458,Daerah: Perak<br>No:554<br>Hex coord:(89;19),n/a,0,0,0,0,0,0,1,2022-08-07T19:46:49.5186152Z,0
5.64365,101.5798925,Daerah: Perak<br>No:555<br>Hex coord:(90;19),n/a,0,0,0,0,0,0,1,2022-08-07T19:46:50.2157712Z,0
5.63587,101.5934392,Daerah: Perak<br>No:556<br>Hex coord:(91;19),n/a,0,0,0,0,0,0,1,2022-08-07T19:46:50.9101115Z,0
5.64365,101.6069859,Daerah: Perak<br>No:557<br>Hex coord:(92;19),n/a,0,0,0,0,0,0,1,2022-08-07T19:46:51.6023901Z,0
5.63587,101.6205326,Daerah: Perak<br>No:558<br>Hex coord:(93;19),n/a,0,0,0,0,0,0,1,2022-08-07T19:46:52.2920816Z,0
5.64365,101.6340793,Daerah: Perak<br>No:559<br>Hex coord:(94;19),n/a,0,0,0,0,0,0,1,2022-08-07T19:46:53.0619726Z,0
5.63587,101.647626,Daerah: Perak<br>No:560<br>Hex coord:(95;19),n/a,0,0,0,0,0,0,1,2022-08-07T19:46:53.7613171Z,0
5.62031,100.9431973,Daerah: Perak<br>No:561<br>Hex coord:(43;20),n/a,0,0,0,0,0,0,1,2022-08-07T19:46:54.4761606Z,0
5.62809,100.956744,Daerah: Perak<br>No:562<br>Hex coord:(44;20),n/a,0,0,0,0,0,0,1,2022-08-07T19:46:55.1698899Z,0
5.62031,100.9702907,Daerah: Perak<br>No:563<br>Hex coord:(45;20),n/a,0,0,0,0,0,0,1,2022-08-07T19:46:55.8623267Z,0
5.62809,100.9838374,Daerah: Perak<br>No:564<br>Hex coord:(46;20),n/a,0,0,0,0,0,0,1,2022-08-07T19:46:56.5519245Z,0
5.62031,100.9973842,Daerah: Perak<br>No:565<br>Hex coord:(47;20),n/a,0,0,0,0,0,0,1,2022-08-07T19:46:57.2344251Z,0
5.62809,101.0109309,Daerah: Perak<br>No:566<br>Hex coord:(48;20),n/a,0,0,0,0,0,0,1,2022-08-07T19:46:57.9416589Z,0
5.62031,101.0244776,Daerah: Perak<br>No:567<br>Hex coord:(49;20),n/a,0,0,0,0,0,0,1,2022-08-07T19:46:58.6250053Z,0
5.62809,101.0380243,Daerah: Perak<br>No:568<br>Hex coord:(50;20),n/a,0,0,0,0,0,0,1,2022-08-07T19:46:59.3376470Z,0
5.62031,101.051571,Daerah: Perak<br>No:569<br>Hex coord:(51;20),n/a,0,0,0,0,0,0,1,2022-08-07T19:47:00.0322622Z,0
5.62809,101.0651177,Daerah: Perak<br>No:570<br>Hex coord:(52;20),n/a,0,0,0,0,0,0,1,2022-08-07T19:47:00.7304101Z,0
5.62031,101.0786644,Daerah: Perak<br>No:571<br>Hex coord:(53;20),n/a,0,0,0,0,0,0,1,2022-08-07T19:47:01.4283342Z,0
5.62809,101.0922111,Daerah: Perak<br>No:572<br>Hex coord:(54;20),n/a,0,0,0,0,0,0,1,2022-08-07T19:47:02.1168366Z,0
5.62031,101.1057578,Daerah: Perak<br>No:573<br>Hex coord:(55;20),n/a,0,0,0,0,0,0,1,2022-08-07T19:47:02.7978089Z,0
5.62809,101.1193045,Daerah: Perak<br>No:574<br>Hex coord:(56;20),n/a,0,0,0,0,0,0,1,2022-08-07T19:47:03.5017698Z,0
5.62031,101.1599446,Daerah: Perak<br>No:575<br>Hex coord:(59;20),n/a,0,0,0,0,0,0,1,2022-08-07T19:47:04.2017510Z,0
5.62809,101.1734913,Daerah: Perak<br>No:576<br>Hex coord:(60;20),n/a,0,0,0,0,0,0,1,2022-08-07T19:47:04.8976916Z,0
5.62031,101.187038,Daerah: Perak<br>No:577<br>Hex coord:(61;20),n/a,0,0,0,0,0,0,1,2022-08-07T19:47:05.5964449Z,0
5.62809,101.2005847,Daerah: Perak<br>No:578<br>Hex coord:(62;20),n/a,0,0,0,0,0,0,1,2022-08-07T19:47:06.2864418Z,0
5.62031,101.2141314,Daerah: Perak<br>No:579<br>Hex coord:(63;20),n/a,0,0,0,0,0,0,1,2022-08-07T19:47:06.9995470Z,0
5.62809,101.2276781,Daerah: Perak<br>No:580<br>Hex coord:(64;20),n/a,0,0,0,0,0,0,1,2022-08-07T19:47:07.7959763Z,0
5.62031,101.2412249,Daerah: Perak<br>No:581<br>Hex coord:(65;20),n/a,0,0,0,0,0,0,1,2022-08-07T19:47:08.5000418Z,0
5.62809,101.2547716,Daerah: Perak<br>No:582<br>Hex coord:(66;20),n/a,0,0,0,0,0,0,1,2022-08-07T19:47:09.2043213Z,0
5.62031,101.2683183,Daerah: Perak<br>No:583<br>Hex coord:(67;20),n/a,0,0,0,0,0,0,1,2022-08-07T19:47:09.9573622Z,0
5.62809,101.281865,Daerah: Perak<br>No:584<br>Hex coord:(68;20),n/a,0,0,0,0,0,0,1,2022-08-07T19:47:10.6494671Z,0
5.62031,101.2954117,Daerah: Perak<br>No:585<br>Hex coord:(69;20),n/a,0,0,0,0,0,0,1,2022-08-07T19:47:11.3325271Z,0
5.62809,101.3089584,Daerah: Perak<br>No:586<br>Hex coord:(70;20),n/a,0,0,0,0,0,0,1,2022-08-07T19:47:12.0252001Z,0
5.62031,101.3225051,Daerah: Perak<br>No:587<br>Hex coord:(71;20),n/a,0,0,0,0,0,0,1,2022-08-07T19:47:12.7120196Z,0
5.62809,101.3360518,Daerah: Perak<br>No:588<br>Hex coord:(72;20),n/a,0,0,0,0,0,0,1,2022-08-07T19:47:13.4085862Z,0
5.62031,101.3495985,Daerah: Perak<br>No:589<br>Hex coord:(73;20),n/a,0,0,0,0,0,0,1,2022-08-07T19:47:14.1421988Z,0
5.62809,101.3631452,Daerah: Perak<br>No:590<br>Hex coord:(74;20),n/a,0,0,0,0,0,0,1,2022-08-07T19:47:14.9214105Z,0
5.62031,101.3766919,Daerah: Perak<br>No:591<br>Hex coord:(75;20),n/a,0,0,0,0,0,0,1,2022-08-07T19:47:15.6180000Z,0
5.62809,101.3902386,Daerah: Perak<br>No:592<br>Hex coord:(76;20),n/a,0,0,0,0,0,0,1,2022-08-07T19:47:16.2930159Z,0
5.62031,101.4037853,Daerah: Perak<br>No:593<br>Hex coord:(77;20),n/a,0,0,0,0,0,0,1,2022-08-07T19:47:17.0710672Z,0
5.62809,101.417332,Daerah: Perak<br>No:594<br>Hex coord:(78;20),n/a,0,0,0,0,0,0,1,2022-08-07T19:47:17.7500208Z,0
5.62031,101.4308787,Daerah: Perak<br>No:595<br>Hex coord:(79;20),n/a,0,0,0,0,0,0,1,2022-08-07T19:47:18.4658981Z,0
5.62809,101.4444254,Daerah: Perak<br>No:596<br>Hex coord:(80;20),n/a,0,0,0,0,0,0,1,2022-08-07T19:47:19.1441095Z,0
5.62031,101.4579721,Daerah: Perak<br>No:597<br>Hex coord:(81;20),n/a,0,0,0,0,0,0,1,2022-08-07T19:47:19.8333550Z,0
5.62809,101.4715188,Daerah: Perak<br>No:598<br>Hex coord:(82;20),n/a,0,0,0,0,0,0,1,2022-08-07T19:47:20.5224602Z,0
5.62031,101.4850655,Daerah: Perak<br>No:599<br>Hex coord:(83;20),n/a,0,0,0,0,0,0,1,2022-08-07T19:47:21.2135923Z,0
5.62809,101.4986123,Daerah: Perak<br>No:600<br>Hex coord:(84;20),n/a,0,0,0,0,0,0,1,2022-08-07T19:47:21.9036507Z,0
5.62031,101.512159,Daerah: Perak<br>No:601<br>Hex coord:(85;20),n/a,0,0,0,0,0,0,1,2022-08-07T19:47:22.6024672Z,0
5.62809,101.5257057,Daerah: Perak<br>No:602<br>Hex coord:(86;20),n/a,0,0,0,0,0,0,1,2022-08-07T19:47:23.2986971Z,0
5.62031,101.5392524,Daerah: Perak<br>No:603<br>Hex coord:(87;20),n/a,0,0,0,0,0,0,1,2022-08-07T19:47:23.9950856Z,0
5.62809,101.5527991,Daerah: Perak<br>No:604<br>Hex coord:(88;20),n/a,0,0,0,0,0,0,1,2022-08-07T19:47:24.6726137Z,0
5.62031,101.5663458,Daerah: Perak<br>No:605<br>Hex coord:(89;20),n/a,0,0,0,0,0,0,1,2022-08-07T19:47:25.3786463Z,0
5.62809,101.5798925,Daerah: Perak<br>No:606<br>Hex coord:(90;20),n/a,0,0,0,0,0,0,1,2022-08-07T19:47:26.0690462Z,0
5.62031,101.5934392,Daerah: Perak<br>No:607<br>Hex coord:(91;20),n/a,0,0,0,0,0,0,1,2022-08-07T19:47:26.7588935Z,0
5.62809,101.6069859,Daerah: Perak<br>No:608<br>Hex coord:(92;20),n/a,0,0,0,0,0,0,1,2022-08-07T19:47:27.4452330Z,0
5.62031,101.6205326,Daerah: Perak<br>No:609<br>Hex coord:(93;20),n/a,0,0,0,0,0,0,1,2022-08-07T19:47:28.1512038Z,0
5.62809,101.6340793,Daerah: Perak<br>No:610<br>Hex coord:(94;20),n/a,0,0,0,0,0,0,1,2022-08-07T19:47:28.8320583Z,0
5.62031,101.647626,Daerah: Perak<br>No:611<br>Hex coord:(95;20),n/a,0,0,0,0,0,0,1,2022-08-07T19:47:29.5178958Z,0
5.61253,100.9296506,Daerah: Perak<br>No:612<br>Hex coord:(42;21),n/a,0,0,0,0,0,0,1,2022-08-07T19:47:30.2153266Z,0
5.60475,100.9431973,Daerah: Perak<br>No:613<br>Hex coord:(43;21),n/a,0,0,0,0,0,0,1,2022-08-07T19:47:30.9070278Z,0
5.61253,100.956744,Daerah: Perak<br>No:614<br>Hex coord:(44;21),n/a,0,0,0,0,0,0,1,2022-08-07T19:47:31.5963069Z,0
5.60475,100.9702907,Daerah: Perak<br>No:615<br>Hex coord:(45;21),n/a,0,0,0,0,0,0,1,2022-08-07T19:47:32.2929189Z,0
5.61253,100.9838374,Daerah: Perak<br>No:616<br>Hex coord:(46;21),n/a,0,0,0,0,0,0,1,2022-08-07T19:47:32.9896426Z,0
5.60475,100.9973842,Daerah: Perak<br>No:617<br>Hex coord:(47;21),n/a,0,0,0,0,0,0,1,2022-08-07T19:47:33.6788169Z,0
5.61253,101.0109309,Daerah: Perak<br>No:618<br>Hex coord:(48;21),n/a,0,0,0,0,0,0,1,2022-08-07T19:47:34.3662306Z,0
5.60475,101.0244776,Daerah: Perak<br>No:619<br>Hex coord:(49;21),n/a,0,0,0,0,0,0,1,2022-08-07T19:47:35.0616292Z,0
5.61253,101.0380243,Daerah: Perak<br>No:620<br>Hex coord:(50;21),n/a,0,0,0,0,0,0,1,2022-08-07T19:47:35.7507639Z,0
5.60475,101.051571,Daerah: Perak<br>No:621<br>Hex coord:(51;21),n/a,0,0,0,0,0,0,1,2022-08-07T19:47:36.4572317Z,0
5.61253,101.0651177,Daerah: Perak<br>No:622<br>Hex coord:(52;21),n/a,0,0,0,0,0,0,1,2022-08-07T19:47:37.1422916Z,0
5.60475,101.0786644,Daerah: Perak<br>No:623<br>Hex coord:(53;21),n/a,0,0,0,0,0,0,1,2022-08-07T19:47:37.8446098Z,0
5.61253,101.0922111,Daerah: Perak<br>No:624<br>Hex coord:(54;21),n/a,0,0,0,0,0,0,1,2022-08-07T19:47:38.6181453Z,0
5.60475,101.1057578,Daerah: Perak<br>No:625<br>Hex coord:(55;21),n/a,0,0,0,0,0,0,1,2022-08-07T19:47:39.3345855Z,0
5.61253,101.1193045,Daerah: Perak<br>No:626<br>Hex coord:(56;21),n/a,0,0,0,0,0,0,1,2022-08-07T19:47:40.0233887Z,0
5.60475,101.1328512,Daerah: Perak<br>No:627<br>Hex coord:(57;21),n/a,0,0,0,0,0,0,1,2022-08-07T19:47:40.7144361Z,0
5.61253,101.1463979,Daerah: Perak<br>No:628<br>Hex coord:(58;21),n/a,3,0,0,0,0,0,1,2022-08-07T19:47:41.4110989Z,0
5.60475,101.1599446,Daerah: Perak<br>No:629<br>Hex coord:(59;21),n/a,0,0,0,0,0,0,1,2022-08-07T19:47:42.1107812Z,0
5.61253,101.1734913,Daerah: Perak<br>No:630<br>Hex coord:(60;21),n/a,0,0,0,0,0,0,1,2022-08-07T19:47:42.8112938Z,0
5.60475,101.187038,Daerah: Perak<br>No:631<br>Hex coord:(61;21),n/a,0,0,0,0,0,0,1,2022-08-07T19:47:43.5148170Z,0
5.61253,101.2005847,Daerah: Perak<br>No:632<br>Hex coord:(62;21),n/a,0,0,0,0,0,0,1,2022-08-07T19:47:44.2185430Z,0
5.60475,101.2141314,Daerah: Perak<br>No:633<br>Hex coord:(63;21),n/a,0,0,0,0,0,0,1,2022-08-07T19:47:44.9095830Z,0
5.61253,101.2276781,Daerah: Perak<br>No:634<br>Hex coord:(64;21),n/a,0,0,0,0,0,0,1,2022-08-07T19:47:45.6073483Z,0
5.60475,101.2412249,Daerah: Perak<br>No:635<br>Hex coord:(65;21),n/a,0,0,0,0,0,0,1,2022-08-07T19:47:46.3158281Z,0
5.61253,101.2547716,Daerah: Perak<br>No:636<br>Hex coord:(66;21),n/a,0,0,0,0,0,0,1,2022-08-07T19:47:47.0185699Z,0
5.60475,101.2683183,Daerah: Perak<br>No:637<br>Hex coord:(67;21),n/a,0,0,0,0,0,0,1,2022-08-07T19:47:47.7127106Z,0
5.61253,101.281865,Daerah: Perak<br>No:638<br>Hex coord:(68;21),n/a,0,0,0,0,0,0,1,2022-08-07T19:47:48.4153100Z,0
5.60475,101.2954117,Daerah: Perak<br>No:639<br>Hex coord:(69;21),n/a,0,0,0,0,0,0,1,2022-08-07T19:47:49.0977253Z,0
5.61253,101.3089584,Daerah: Perak<br>No:640<br>Hex coord:(70;21),n/a,0,0,0,0,0,0,1,2022-08-07T19:47:49.7806203Z,0
5.60475,101.3225051,Daerah: Perak<br>No:641<br>Hex coord:(71;21),n/a,0,0,0,0,0,0,1,2022-08-07T19:47:50.4852139Z,0
5.61253,101.3360518,Daerah: Perak<br>No:642<br>Hex coord:(72;21),n/a,0,0,0,0,0,0,1,2022-08-07T19:47:51.1741538Z,0
5.60475,101.3495985,Daerah: Perak<br>No:643<br>Hex coord:(73;21),n/a,0,0,0,0,0,0,1,2022-08-07T19:47:51.8732770Z,0
5.61253,101.3631452,Daerah: Perak<br>No:644<br>Hex coord:(74;21),n/a,0,0,0,0,0,0,1,2022-08-07T19:47:52.5868681Z,0
5.60475,101.3766919,Daerah: Perak<br>No:645<br>Hex coord:(75;21),n/a,0,0,0,0,0,0,1,2022-08-07T19:47:53.2995091Z,0
5.61253,101.3902386,Daerah: Perak<br>No:646<br>Hex coord:(76;21),n/a,0,0,0,0,0,0,1,2022-08-07T19:47:54.0056449Z,0
5.60475,101.4037853,Daerah: Perak<br>No:647<br>Hex coord:(77;21),n/a,0,0,0,0,0,0,1,2022-08-07T19:47:54.6940907Z,0
5.61253,101.417332,Daerah: Perak<br>No:648<br>Hex coord:(78;21),n/a,0,0,0,0,0,0,1,2022-08-07T19:47:55.3951129Z,0
5.60475,101.4308787,Daerah: Perak<br>No:649<br>Hex coord:(79;21),n/a,0,0,0,0,0,0,1,2022-08-07T19:47:56.0952038Z,0
5.61253,101.4444254,Daerah: Perak<br>No:650<br>Hex coord:(80;21),n/a,0,0,0,0,0,0,1,2022-08-07T19:47:56.7916285Z,0
5.60475,101.4579721,Daerah: Perak<br>No:651<br>Hex coord:(81;21),n/a,0,0,0,0,0,0,1,2022-08-07T19:47:57.4933202Z,0
5.61253,101.4715188,Daerah: Perak<br>No:652<br>Hex coord:(82;21),n/a,0,0,0,0,0,0,1,2022-08-07T19:47:58.1905339Z,0
5.60475,101.4850655,Daerah: Perak<br>No:653<br>Hex coord:(83;21),n/a,0,0,0,0,0,0,1,2022-08-07T19:47:58.8919209Z,0
5.61253,101.4986123,Daerah: Perak<br>No:654<br>Hex coord:(84;21),n/a,0,0,0,0,0,0,1,2022-08-07T19:47:59.5892145Z,0
5.60475,101.512159,Daerah: Perak<br>No:655<br>Hex coord:(85;21),n/a,0,0,0,0,0,0,1,2022-08-07T19:48:00.2847968Z,0
5.61253,101.5257057,Daerah: Perak<br>No:656<br>Hex coord:(86;21),n/a,0,0,0,0,0,0,1,2022-08-07T19:48:00.9841421Z,0
5.60475,101.5392524,Daerah: Perak<br>No:657<br>Hex coord:(87;21),n/a,0,0,0,0,0,0,1,2022-08-07T19:48:01.6871765Z,0
5.61253,101.5527991,Daerah: Perak<br>No:658<br>Hex coord:(88;21),n/a,0,0,0,0,0,0,1,2022-08-07T19:48:02.3799005Z,0
5.60475,101.5663458,Daerah: Perak<br>No:659<br>Hex coord:(89;21),n/a,0,0,0,0,0,0,1,2022-08-07T19:48:03.0968670Z,0
5.61253,101.5798925,Daerah: Perak<br>No:660<br>Hex coord:(90;21),n/a,0,0,0,0,0,0,1,2022-08-07T19:48:03.8003449Z,0
5.60475,101.5934392,Daerah: Perak<br>No:661<br>Hex coord:(91;21),n/a,0,0,0,0,0,0,1,2022-08-07T19:48:04.5139565Z,0
5.61253,101.6069859,Daerah: Perak<br>No:662<br>Hex coord:(92;21),n/a,0,0,0,0,0,0,1,2022-08-07T19:48:05.2226024Z,0
5.60475,101.6205326,Daerah: Perak<br>No:663<br>Hex coord:(93;21),n/a,0,0,0,0,0,0,1,2022-08-07T19:48:05.9131156Z,0
5.61253,101.6340793,Daerah: Perak<br>No:664<br>Hex coord:(94;21),n/a,0,0,0,0,0,0,1,2022-08-07T19:48:06.6204676Z,0
5.60475,101.647626,Daerah: Perak<br>No:665<br>Hex coord:(95;21),n/a,0,0,0,0,0,0,1,2022-08-07T19:48:07.3147882Z,0
5.59697,100.956744,Daerah: Perak<br>No:666<br>Hex coord:(44;22),n/a,0,0,0,0,0,0,1,2022-08-07T19:48:08.0181671Z,0
5.58919,100.9702907,Daerah: Perak<br>No:667<br>Hex coord:(45;22),n/a,0,0,0,0,0,0,1,2022-08-07T19:48:08.6968709Z,0
5.59697,100.9838374,Daerah: Perak<br>No:668<br>Hex coord:(46;22),n/a,0,0,0,0,0,0,1,2022-08-07T19:48:09.3843920Z,0
5.58919,100.9973842,Daerah: Perak<br>No:669<br>Hex coord:(47;22),n/a,0,0,0,0,0,0,1,2022-08-07T19:48:10.0611218Z,0
5.59697,101.0109309,Daerah: Perak<br>No:670<br>Hex coord:(48;22),n/a,0,0,0,0,0,0,1,2022-08-07T19:48:10.7566360Z,0
5.58919,101.0244776,Daerah: Perak<br>No:671<br>Hex coord:(49;22),n/a,0,0,0,0,0,0,1,2022-08-07T19:48:11.4431963Z,0
5.59697,101.0380243,Daerah: Perak<br>No:672<br>Hex coord:(50;22),n/a,0,0,0,0,0,0,1,2022-08-07T19:48:12.1288098Z,0
5.58919,101.051571,Daerah: Perak<br>No:673<br>Hex coord:(51;22),n/a,0,0,0,0,0,0,1,2022-08-07T19:48:12.8194077Z,0
5.59697,101.0651177,Daerah: Perak<br>No:674<br>Hex coord:(52;22),n/a,0,0,0,0,0,0,1,2022-08-07T19:48:13.5152425Z,0
5.58919,101.0786644,Daerah: Perak<br>No:675<br>Hex coord:(53;22),n/a,0,0,0,0,0,0,1,2022-08-07T19:48:14.2220306Z,0
5.59697,101.0922111,Daerah: Perak<br>No:676<br>Hex coord:(54;22),n/a,0,0,0,0,0,0,1,2022-08-07T19:48:14.9209415Z,0
5.58919,101.1057578,Daerah: Perak<br>No:677<br>Hex coord:(55;22),n/a,0,0,0,0,0,0,1,2022-08-07T19:48:15.6092589Z,0
5.59697,101.1193045,Daerah: Perak<br>No:678<br>Hex coord:(56;22),n/a,0,0,0,0,0,0,1,2022-08-07T19:48:16.3090177Z,0
5.58919,101.1328512,Daerah: Perak<br>No:679<br>Hex coord:(57;22),n/a,0,0,0,0,0,0,1,2022-08-07T19:48:16.9981466Z,0
5.59697,101.1463979,Daerah: Perak<br>No:680<br>Hex coord:(58;22),n/a,0,0,0,0,0,0,1,2022-08-07T19:48:17.6993959Z,0
5.58919,101.1599446,Daerah: Perak<br>No:681<br>Hex coord:(59;22),n/a,0,0,0,0,0,0,1,2022-08-07T19:48:18.4243261Z,0
5.59697,101.1734913,Daerah: Perak<br>No:682<br>Hex coord:(60;22),n/a,0,0,0,0,0,0,1,2022-08-07T19:48:19.1218944Z,0
5.58919,101.187038,Daerah: Perak<br>No:683<br>Hex coord:(61;22),n/a,0,0,0,0,0,0,1,2022-08-07T19:48:19.8183660Z,0
5.59697,101.2005847,Daerah: Perak<br>No:684<br>Hex coord:(62;22),n/a,0,0,0,0,0,0,1,2022-08-07T19:48:20.5231800Z,0
5.58919,101.2141314,Daerah: Perak<br>No:685<br>Hex coord:(63;22),n/a,0,0,0,0,0,0,1,2022-08-07T19:48:21.2152649Z,0
5.59697,101.2276781,Daerah: Perak<br>No:686<br>Hex coord:(64;22),n/a,0,0,0,0,0,0,1,2022-08-07T19:48:21.9079172Z,0
5.58919,101.2412249,Daerah: Perak<br>No:687<br>Hex coord:(65;22),n/a,0,0,0,0,0,0,1,2022-08-07T19:48:22.5972863Z,0
5.59697,101.2547716,Daerah: Perak<br>No:688<br>Hex coord:(66;22),n/a,0,0,0,0,0,0,1,2022-08-07T19:48:23.3254370Z,0
5.58919,101.2683183,Daerah: Perak<br>No:689<br>Hex coord:(67;22),n/a,0,0,0,0,0,0,1,2022-08-07T19:48:24.0374010Z,0
5.59697,101.281865,Daerah: Perak<br>No:690<br>Hex coord:(68;22),n/a,0,0,0,0,0,0,1,2022-08-07T19:48:24.7339573Z,0
5.58919,101.2954117,Daerah: Perak<br>No:691<br>Hex coord:(69;22),n/a,0,0,0,0,0,0,1,2022-08-07T19:48:25.4245868Z,0
5.59697,101.3089584,Daerah: Perak<br>No:692<br>Hex coord:(70;22),n/a,0,0,0,0,0,0,1,2022-08-07T19:48:26.1182218Z,0
5.58919,101.3225051,Daerah: Perak<br>No:693<br>Hex coord:(71;22),n/a,0,0,0,0,0,0,1,2022-08-07T19:48:26.8092289Z,0
5.59697,101.3360518,Daerah: Perak<br>No:694<br>Hex coord:(72;22),n/a,0,0,0,0,0,0,1,2022-08-07T19:48:27.5051266Z,0
5.58919,101.3495985,Daerah: Perak<br>No:695<br>Hex coord:(73;22),n/a,0,0,0,0,0,0,1,2022-08-07T19:48:28.2494751Z,0
5.59697,101.3631452,Daerah: Perak<br>No:696<br>Hex coord:(74;22),n/a,0,0,0,0,0,0,1,2022-08-07T19:48:28.9641869Z,0
5.58919,101.3766919,Daerah: Perak<br>No:697<br>Hex coord:(75;22),n/a,0,0,0,0,0,0,1,2022-08-07T19:48:29.6616050Z,0
5.59697,101.3902386,Daerah: Perak<br>No:698<br>Hex coord:(76;22),n/a,0,0,0,0,0,0,1,2022-08-07T19:48:30.3573880Z,0
5.58919,101.4037853,Daerah: Perak<br>No:699<br>Hex coord:(77;22),n/a,0,0,0,0,0,0,1,2022-08-07T19:48:31.0450556Z,0
5.59697,101.417332,Daerah: Perak<br>No:700<br>Hex coord:(78;22),n/a,0,0,0,0,0,0,1,2022-08-07T19:48:31.7384728Z,0
5.58919,101.4308787,Daerah: Perak<br>No:701<br>Hex coord:(79;22),n/a,0,0,0,0,0,0,1,2022-08-07T19:48:32.4353385Z,0
5.59697,101.4444254,Daerah: Perak<br>No:702<br>Hex coord:(80;22),n/a,0,0,0,0,0,0,1,2022-08-07T19:48:33.1290699Z,0
5.58919,101.4579721,Daerah: Perak<br>No:703<br>Hex coord:(81;22),n/a,0,0,0,0,0,0,1,2022-08-07T19:48:33.8081275Z,0
5.59697,101.4715188,Daerah: Perak<br>No:704<br>Hex coord:(82;22),n/a,0,0,0,0,0,0,1,2022-08-07T19:48:34.5280811Z,0
5.58919,101.4850655,Daerah: Perak<br>No:705<br>Hex coord:(83;22),n/a,0,0,0,0,0,0,1,2022-08-07T19:48:35.2129605Z,0
5.59697,101.4986123,Daerah: Perak<br>No:706<br>Hex coord:(84;22),n/a,0,0,0,0,0,0,1,2022-08-07T19:48:35.9030097Z,0
5.58919,101.512159,Daerah: Perak<br>No:707<br>Hex coord:(85;22),n/a,0,0,0,0,0,0,1,2022-08-07T19:48:36.5928253Z,0
5.59697,101.5257057,Daerah: Perak<br>No:708<br>Hex coord:(86;22),n/a,0,0,0,0,0,0,1,2022-08-07T19:48:37.2950836Z,0
5.58919,101.5392524,Daerah: Perak<br>No:709<br>Hex coord:(87;22),n/a,0,0,0,0,0,0,1,2022-08-07T19:48:37.9989331Z,0
5.59697,101.5527991,Daerah: Perak<br>No:710<br>Hex coord:(88;22),n/a,0,0,0,0,0,0,1,2022-08-07T19:48:38.7100289Z,0
5.58919,101.5663458,Daerah: Perak<br>No:711<br>Hex coord:(89;22),n/a,0,0,0,0,0,0,1,2022-08-07T19:48:39.3997961Z,0
5.59697,101.5798925,Daerah: Perak<br>No:712<br>Hex coord:(90;22),n/a,0,0,0,0,0,0,1,2022-08-07T19:48:40.0964151Z,0
5.58919,101.5934392,Daerah: Perak<br>No:713<br>Hex coord:(91;22),n/a,0,0,0,0,0,0,1,2022-08-07T19:48:40.7915835Z,0
5.59697,101.6069859,Daerah: Perak<br>No:714<br>Hex coord:(92;22),n/a,0,0,0,0,0,0,1,2022-08-07T19:48:41.4907793Z,0
5.58919,101.6205326,Daerah: Perak<br>No:715<br>Hex coord:(93;22),n/a,0,0,0,0,0,0,1,2022-08-07T19:48:42.1788492Z,0
5.59697,101.6340793,Daerah: Perak<br>No:716<br>Hex coord:(94;22),n/a,0,0,0,0,0,0,1,2022-08-07T19:48:42.9012908Z,0
5.58919,101.647626,Daerah: Perak<br>No:717<br>Hex coord:(95;22),n/a,0,0,0,0,0,0,1,2022-08-07T19:48:43.6098165Z,0
5.59697,101.6611727,Daerah: Perak<br>No:718<br>Hex coord:(96;22),n/a,0,0,0,0,0,0,1,2022-08-07T19:48:44.3090778Z,0
5.58919,101.6747194,Daerah: Perak<br>No:719<br>Hex coord:(97;22),n/a,0,0,0,0,0,0,1,2022-08-07T19:48:44.9896332Z,0
5.58141,100.956744,Daerah: Perak<br>No:720<br>Hex coord:(44;23),n/a,0,0,0,0,0,0,1,2022-08-07T19:48:45.6805010Z,0
5.57363,100.9702907,Daerah: Perak<br>No:721<br>Hex coord:(45;23),n/a,0,0,0,0,0,0,1,2022-08-07T19:48:48.7991725Z,0
5.58141,100.9838374,Daerah: Perak<br>No:722<br>Hex coord:(46;23),n/a,0,0,0,0,0,0,1,2022-08-07T19:48:51.8709745Z,0
5.57363,100.9973842,Daerah: Perak<br>No:723<br>Hex coord:(47;23),n/a,0,0,0,0,0,0,1,2022-08-07T19:48:52.5617453Z,0
5.58141,101.0109309,Daerah: Perak<br>No:724<br>Hex coord:(48;23),n/a,0,0,0,0,0,0,1,2022-08-07T19:48:53.2625766Z,0
5.57363,101.0244776,Daerah: Perak<br>No:725<br>Hex coord:(49;23),n/a,0,0,0,0,0,0,1,2022-08-07T19:48:53.9471426Z,0
5.58141,101.0380243,Daerah: Perak<br>No:726<br>Hex coord:(50;23),n/a,0,0,0,0,0,0,1,2022-08-07T19:48:54.6480283Z,0
5.57363,101.051571,Daerah: Perak<br>No:727<br>Hex coord:(51;23),n/a,0,0,0,0,0,0,1,2022-08-07T19:48:55.3254757Z,0
5.58141,101.0651177,Daerah: Perak<br>No:728<br>Hex coord:(52;23),n/a,0,0,0,0,0,0,1,2022-08-07T19:48:56.0130955Z,0
5.57363,101.0786644,Daerah: Perak<br>No:729<br>Hex coord:(53;23),n/a,0,0,0,0,0,0,1,2022-08-07T19:48:56.6991638Z,0
5.58141,101.0922111,Daerah: Perak<br>No:730<br>Hex coord:(54;23),n/a,0,0,0,0,0,0,1,2022-08-07T19:48:57.4092214Z,0
5.57363,101.1057578,Daerah: Perak<br>No:731<br>Hex coord:(55;23),n/a,0,0,0,0,0,0,1,2022-08-07T19:48:58.1195443Z,0
5.58141,101.1193045,Daerah: Perak<br>No:732<br>Hex coord:(56;23),n/a,0,0,0,0,0,0,1,2022-08-07T19:48:58.8143984Z,0
5.57363,101.1328512,Daerah: Perak<br>No:733<br>Hex coord:(57;23),n/a,0,0,0,0,0,0,1,2022-08-07T19:48:59.5001694Z,0
5.58141,101.1463979,Daerah: Perak<br>No:734<br>Hex coord:(58;23),n/a,0,0,0,0,0,0,1,2022-08-07T19:49:00.2101343Z,0
5.57363,101.1599446,Daerah: Perak<br>No:735<br>Hex coord:(59;23),n/a,0,0,0,0,0,0,1,2022-08-07T19:49:00.9045750Z,0
5.58141,101.1734913,Daerah: Perak<br>No:736<br>Hex coord:(60;23),n/a,0,0,0,0,0,0,1,2022-08-07T19:49:01.6642601Z,0
5.57363,101.187038,Daerah: Perak<br>No:737<br>Hex coord:(61;23),n/a,0,0,0,0,0,0,1,2022-08-07T19:49:02.3858737Z,0
5.58141,101.2005847,Daerah: Perak<br>No:738<br>Hex coord:(62;23),n/a,0,0,0,0,0,0,1,2022-08-07T19:49:03.0811207Z,0
5.57363,101.2141314,Daerah: Perak<br>No:739<br>Hex coord:(63;23),n/a,0,0,0,0,0,0,1,2022-08-07T19:49:03.7746346Z,0
5.58141,101.2276781,Daerah: Perak<br>No:740<br>Hex coord:(64;23),n/a,0,0,0,0,0,0,1,2022-08-07T19:49:04.4770861Z,0
5.57363,101.2412249,Daerah: Perak<br>No:741<br>Hex coord:(65;23),n/a,0,0,0,0,0,0,1,2022-08-07T19:49:05.1607365Z,0
5.58141,101.2547716,Daerah: Perak<br>No:742<br>Hex coord:(66;23),n/a,0,0,0,0,0,0,1,2022-08-07T19:49:05.8537160Z,0
5.57363,101.2683183,Daerah: Perak<br>No:743<br>Hex coord:(67;23),n/a,0,0,0,0,0,0,1,2022-08-07T19:49:06.5500785Z,0
5.58141,101.281865,Daerah: Perak<br>No:744<br>Hex coord:(68;23),n/a,0,0,0,0,0,0,1,2022-08-07T19:49:07.2584759Z,0
5.57363,101.2954117,Daerah: Perak<br>No:745<br>Hex coord:(69;23),n/a,0,0,0,0,0,0,1,2022-08-07T19:49:07.9642365Z,0
5.58141,101.3089584,Daerah: Perak<br>No:746<br>Hex coord:(70;23),n/a,0,0,0,0,0,0,1,2022-08-07T19:49:08.6585949Z,0
5.57363,101.3225051,Daerah: Perak<br>No:747<br>Hex coord:(71;23),n/a,0,0,0,0,0,0,1,2022-08-07T19:49:09.3524941Z,0
5.58141,101.3360518,Daerah: Perak<br>No:748<br>Hex coord:(72;23),n/a,0,0,0,0,0,0,1,2022-08-07T19:49:10.0535182Z,0
5.57363,101.3495985,Daerah: Perak<br>No:749<br>Hex coord:(73;23),n/a,0,0,0,0,0,0,1,2022-08-07T19:49:10.7449286Z,0
5.58141,101.3631452,Daerah: Perak<br>No:750<br>Hex coord:(74;23),n/a,0,0,0,0,0,0,1,2022-08-07T19:49:11.4526182Z,0
5.57363,101.3766919,Daerah: Perak<br>No:751<br>Hex coord:(75;23),n/a,0,0,0,0,0,0,1,2022-08-07T19:49:12.1411462Z,0
5.58141,101.3902386,Daerah: Perak<br>No:752<br>Hex coord:(76;23),n/a,0,0,0,0,0,0,1,2022-08-07T19:49:12.8401323Z,0
5.57363,101.4037853,Daerah: Perak<br>No:753<br>Hex coord:(77;23),n/a,0,0,0,0,0,0,1,2022-08-07T19:49:13.6484428Z,0
5.58141,101.417332,Daerah: Perak<br>No:754<br>Hex coord:(78;23),n/a,0,0,0,0,0,0,1,2022-08-07T19:49:14.3436044Z,0
5.57363,101.4308787,Daerah: Perak<br>No:755<br>Hex coord:(79;23),n/a,0,0,0,0,0,0,1,2022-08-07T19:49:15.0291597Z,0
5.58141,101.4444254,Daerah: Perak<br>No:756<br>Hex coord:(80;23),n/a,0,0,0,0,0,0,1,2022-08-07T19:49:15.7387454Z,0
5.57363,101.4579721,Daerah: Perak<br>No:757<br>Hex coord:(81;23),n/a,0,0,0,0,0,0,1,2022-08-07T19:49:16.4470314Z,0
5.58141,101.4715188,Daerah: Perak<br>No:758<br>Hex coord:(82;23),n/a,0,0,0,0,0,0,1,2022-08-07T19:49:17.1333476Z,0
5.57363,101.4850655,Daerah: Perak<br>No:759<br>Hex coord:(83;23),n/a,0,0,0,0,0,0,1,2022-08-07T19:49:17.8121750Z,0
5.58141,101.4986123,Daerah: Perak<br>No:760<br>Hex coord:(84;23),n/a,0,0,0,0,0,0,1,2022-08-07T19:49:18.5293435Z,0
5.57363,101.512159,Daerah: Perak<br>No:761<br>Hex coord:(85;23),n/a,0,0,0,0,0,0,1,2022-08-07T19:49:19.2433336Z,0
5.58141,101.5257057,Daerah: Perak<br>No:762<br>Hex coord:(86;23),n/a,0,0,0,0,0,0,1,2022-08-07T19:49:19.9638988Z,0
5.57363,101.5392524,Daerah: Perak<br>No:763<br>Hex coord:(87;23),n/a,0,0,0,0,0,0,1,2022-08-07T19:49:20.6876370Z,0
5.58141,101.5527991,Daerah: Perak<br>No:764<br>Hex coord:(88;23),n/a,0,0,0,0,0,0,1,2022-08-07T19:49:21.3840402Z,0
5.57363,101.5663458,Daerah: Perak<br>No:765<br>Hex coord:(89;23),n/a,0,0,0,0,0,0,1,2022-08-07T19:49:22.0802483Z,0
5.58141,101.5798925,Daerah: Perak<br>No:766<br>Hex coord:(90;23),n/a,0,0,0,0,0,0,1,2022-08-07T19:49:22.7782352Z,0
5.57363,101.5934392,Daerah: Perak<br>No:767<br>Hex coord:(91;23),n/a,0,0,0,0,0,0,1,2022-08-07T19:49:23.4730146Z,0
5.58141,101.6069859,Daerah: Perak<br>No:768<br>Hex coord:(92;23),n/a,0,0,0,0,0,0,1,2022-08-07T19:49:24.1794161Z,0
5.57363,101.6205326,Daerah: Perak<br>No:769<br>Hex coord:(93;23),n/a,0,0,0,0,0,0,1,2022-08-07T19:49:24.8615368Z,0
5.58141,101.6340793,Daerah: Perak<br>No:770<br>Hex coord:(94;23),n/a,0,0,0,0,0,0,1,2022-08-07T19:49:25.5590652Z,0
5.57363,101.647626,Daerah: Perak<br>No:771<br>Hex coord:(95;23),n/a,0,0,0,0,0,0,1,2022-08-07T19:49:26.2513687Z,0
5.58141,101.6611727,Daerah: Perak<br>No:772<br>Hex coord:(96;23),n/a,0,0,0,0,0,0,1,2022-08-07T19:49:26.9458273Z,0
5.57363,101.6747194,Daerah: Perak<br>No:773<br>Hex coord:(97;23),n/a,0,0,0,0,0,0,1,2022-08-07T19:49:27.6360842Z,0
5.56585,100.956744,Daerah: Perak<br>No:774<br>Hex coord:(44;24),n/a,0,0,0,0,0,0,1,2022-08-07T19:49:28.3329846Z,0
5.55807,100.9702907,Daerah: Perak<br>No:775<br>Hex coord:(45;24),n/a,0,0,0,0,0,0,1,2022-08-07T19:49:29.0220736Z,0
5.56585,100.9838374,Daerah: Perak<br>No:776<br>Hex coord:(46;24),n/a,0,0,0,0,0,0,1,2022-08-07T19:49:29.7184250Z,0
5.55807,100.9973842,Daerah: Perak<br>No:777<br>Hex coord:(47;24),n/a,0,0,0,0,0,0,1,2022-08-07T19:49:30.4107979Z,0
5.56585,101.0109309,Daerah: Perak<br>No:778<br>Hex coord:(48;24),n/a,0,0,0,0,0,0,1,2022-08-07T19:49:31.1009713Z,0
5.55807,101.0244776,Daerah: Perak<br>No:779<br>Hex coord:(49;24),n/a,0,0,0,0,0,0,1,2022-08-07T19:49:31.7927406Z,0
5.56585,101.0380243,Daerah: Perak<br>No:780<br>Hex coord:(50;24),n/a,0,0,0,0,0,0,1,2022-08-07T19:49:32.4747798Z,0
5.55807,101.051571,Daerah: Perak<br>No:781<br>Hex coord:(51;24),n/a,0,0,0,0,0,0,1,2022-08-07T19:49:33.1688755Z,0
5.56585,101.0651177,Daerah: Perak<br>No:782<br>Hex coord:(52;24),n/a,0,0,0,0,0,0,1,2022-08-07T19:49:33.8531714Z,0
5.55807,101.0786644,Daerah: Perak<br>No:783<br>Hex coord:(53;24),n/a,0,0,0,0,0,0,1,2022-08-07T19:49:34.5434521Z,0
5.56585,101.0922111,Daerah: Perak<br>No:784<br>Hex coord:(54;24),n/a,0,0,0,0,0,0,1,2022-08-07T19:49:35.2397045Z,0
5.55807,101.1057578,Daerah: Perak<br>No:785<br>Hex coord:(55;24),n/a,0,0,0,0,0,0,1,2022-08-07T19:49:35.9350560Z,0
5.56585,101.1193045,Daerah: Perak<br>No:786<br>Hex coord:(56;24),n/a,0,0,0,0,0,0,1,2022-08-07T19:49:36.7024947Z,0
5.55807,101.1328512,Daerah: Perak<br>No:787<br>Hex coord:(57;24),n/a,0,0,0,0,0,0,1,2022-08-07T19:49:37.5555752Z,0
5.56585,101.1463979,Daerah: Perak<br>No:788<br>Hex coord:(58;24),n/a,0,0,0,0,0,0,1,2022-08-07T19:49:38.2552112Z,0
5.55807,101.1599446,Daerah: Perak<br>No:789<br>Hex coord:(59;24),n/a,0,0,0,0,0,0,1,2022-08-07T19:49:39.0249449Z,0
5.56585,101.1734913,Daerah: Perak<br>No:790<br>Hex coord:(60;24),n/a,0,0,0,0,0,0,1,2022-08-07T19:49:39.7116208Z,0
5.55807,101.187038,Daerah: Perak<br>No:791<br>Hex coord:(61;24),n/a,0,0,0,0,0,0,1,2022-08-07T19:49:40.3988973Z,0
5.56585,101.2005847,Daerah: Perak<br>No:792<br>Hex coord:(62;24),n/a,0,0,0,0,0,0,1,2022-08-07T19:49:41.1068138Z,0
5.55807,101.2141314,Daerah: Perak<br>No:793<br>Hex coord:(63;24),n/a,0,0,0,0,0,0,1,2022-08-07T19:49:41.8128381Z,0
5.56585,101.2276781,Daerah: Perak<br>No:794<br>Hex coord:(64;24),n/a,0,0,0,0,0,0,1,2022-08-07T19:49:42.5386865Z,0
5.55807,101.2412249,Daerah: Perak<br>No:795<br>Hex coord:(65;24),n/a,0,0,0,0,0,0,1,2022-08-07T19:49:43.2486328Z,0
5.56585,101.2547716,Daerah: Perak<br>No:796<br>Hex coord:(66;24),n/a,0,0,0,0,0,0,1,2022-08-07T19:49:43.9492261Z,0
5.55807,101.2683183,Daerah: Perak<br>No:797<br>Hex coord:(67;24),n/a,0,0,0,0,0,0,1,2022-08-07T19:49:44.6345074Z,0
5.56585,101.281865,Daerah: Perak<br>No:798<br>Hex coord:(68;24),n/a,0,0,0,0,0,0,1,2022-08-07T19:49:45.3231212Z,0
5.55807,101.2954117,Daerah: Perak<br>No:799<br>Hex coord:(69;24),n/a,0,0,0,0,0,0,1,2022-08-07T19:49:46.0052370Z,0
5.56585,101.3089584,Daerah: Perak<br>No:800<br>Hex coord:(70;24),n/a,0,0,0,0,0,0,1,2022-08-07T19:49:51.5940634Z,0
5.55807,101.3225051,Daerah: Perak<br>No:801<br>Hex coord:(71;24),n/a,0,0,0,0,0,0,1,2022-08-07T19:49:52.2905154Z,0
5.56585,101.3360518,Daerah: Perak<br>No:802<br>Hex coord:(72;24),n/a,0,0,0,0,0,0,1,2022-08-07T19:49:52.9920291Z,0
5.55807,101.3495985,Daerah: Perak<br>No:803<br>Hex coord:(73;24),n/a,0,0,0,0,0,0,1,2022-08-07T19:49:53.6768804Z,0
5.56585,101.3631452,Daerah: Perak<br>No:804<br>Hex coord:(74;24),n/a,0,0,0,0,0,0,1,2022-08-07T19:49:54.3535057Z,0
5.55807,101.3766919,Daerah: Perak<br>No:805<br>Hex coord:(75;24),n/a,0,0,0,0,0,0,1,2022-08-07T19:49:55.1259172Z,0
5.56585,101.3902386,Daerah: Perak<br>No:806<br>Hex coord:(76;24),n/a,0,0,0,0,0,0,1,2022-08-07T19:49:55.8063140Z,0
5.55807,101.4037853,Daerah: Perak<br>No:807<br>Hex coord:(77;24),n/a,0,0,0,0,0,0,1,2022-08-07T19:49:56.5487761Z,0
5.56585,101.417332,Daerah: Perak<br>No:808<br>Hex coord:(78;24),n/a,0,0,0,0,0,0,1,2022-08-07T19:49:57.2279977Z,0
5.55807,101.4308787,Daerah: Perak<br>No:809<br>Hex coord:(79;24),n/a,0,0,0,0,0,0,1,2022-08-07T19:49:57.9212572Z,0
5.56585,101.4444254,Daerah: Perak<br>No:810<br>Hex coord:(80;24),n/a,0,0,0,0,0,0,1,2022-08-07T19:49:58.6163666Z,0
5.55807,101.4579721,Daerah: Perak<br>No:811<br>Hex coord:(81;24),n/a,0,0,0,0,0,0,1,2022-08-07T19:49:59.3150387Z,0
5.56585,101.4715188,Daerah: Perak<br>No:812<br>Hex coord:(82;24),n/a,0,0,0,0,0,0,1,2022-08-07T19:50:00.0231107Z,0
5.55807,101.4850655,Daerah: Perak<br>No:813<br>Hex coord:(83;24),n/a,3,0,0,0,0,0,1,2022-08-07T19:50:00.7403814Z,0
5.56585,101.4986123,Daerah: Perak<br>No:814<br>Hex coord:(84;24),n/a,0,0,0,0,0,0,1,2022-08-07T19:50:01.5652384Z,0
5.55807,101.512159,Daerah: Perak<br>No:815<br>Hex coord:(85;24),n/a,0,0,0,0,0,0,1,2022-08-07T19:50:02.2654182Z,0
5.56585,101.5257057,Daerah: Perak<br>No:816<br>Hex coord:(86;24),n/a,0,0,0,0,0,0,1,2022-08-07T19:50:02.9584366Z,0
5.55807,101.5392524,Daerah: Perak<br>No:817<br>Hex coord:(87;24),n/a,0,0,0,0,0,0,1,2022-08-07T19:50:03.6389945Z,0
5.56585,101.5527991,Daerah: Perak<br>No:818<br>Hex coord:(88;24),n/a,0,0,0,0,0,0,1,2022-08-07T19:50:04.3278309Z,0
5.55807,101.5663458,Daerah: Perak<br>No:819<br>Hex coord:(89;24),n/a,0,0,0,0,0,0,1,2022-08-07T19:50:05.0160605Z,0
5.56585,101.5798925,Daerah: Perak<br>No:820<br>Hex coord:(90;24),n/a,0,0,0,0,0,0,1,2022-08-07T19:50:05.7103146Z,0
5.55807,101.5934392,Daerah: Perak<br>No:821<br>Hex coord:(91;24),n/a,0,0,0,0,0,0,1,2022-08-07T19:50:06.4355985Z,0
5.56585,101.6069859,Daerah: Perak<br>No:822<br>Hex coord:(92;24),n/a,0,0,0,0,0,0,1,2022-08-07T19:50:07.1447566Z,0
5.55807,101.6205326,Daerah: Perak<br>No:823<br>Hex coord:(93;24),n/a,0,0,0,0,0,0,1,2022-08-07T19:50:07.8373025Z,0
5.56585,101.6340793,Daerah: Perak<br>No:824<br>Hex coord:(94;24),n/a,0,0,0,0,0,0,1,2022-08-07T19:50:08.5235867Z,0
5.55807,101.647626,Daerah: Perak<br>No:825<br>Hex coord:(95;24),n/a,0,0,0,0,0,0,1,2022-08-07T19:50:09.2246965Z,0
5.56585,101.6611727,Daerah: Perak<br>No:826<br>Hex coord:(96;24),n/a,0,0,0,0,0,0,1,2022-08-07T19:50:09.9233975Z,0
5.54251,100.9431973,Daerah: Perak<br>No:827<br>Hex coord:(43;25),n/a,0,0,0,0,0,0,1,2022-08-07T19:50:10.6190864Z,0
5.55029,100.956744,Daerah: Perak<br>No:828<br>Hex coord:(44;25),n/a,0,0,0,0,0,0,1,2022-08-07T19:50:11.3610084Z,0
5.54251,100.9702907,Daerah: Perak<br>No:829<br>Hex coord:(45;25),n/a,0,0,0,0,0,0,1,2022-08-07T19:50:12.0501497Z,0
5.55029,100.9838374,Daerah: Perak<br>No:830<br>Hex coord:(46;25),n/a,0,0,0,0,0,0,1,2022-08-07T19:50:12.7377577Z,0
5.54251,100.9973842,Daerah: Perak<br>No:831<br>Hex coord:(47;25),n/a,0,0,0,0,0,0,1,2022-08-07T19:50:13.4280621Z,0
5.55029,101.0109309,Daerah: Perak<br>No:832<br>Hex coord:(48;25),n/a,0,0,0,0,0,0,1,2022-08-07T19:50:14.1209778Z,0
5.54251,101.0244776,Daerah: Perak<br>No:833<br>Hex coord:(49;25),n/a,0,0,0,0,0,0,1,2022-08-07T19:50:14.7985547Z,0
5.55029,101.0380243,Daerah: Perak<br>No:834<br>Hex coord:(50;25),n/a,0,0,0,0,0,0,1,2022-08-07T19:50:15.4982372Z,0
5.54251,101.051571,Daerah: Perak<br>No:835<br>Hex coord:(51;25),n/a,0,0,0,0,0,0,1,2022-08-07T19:50:16.2360140Z,0
5.55029,101.0651177,Daerah: Perak<br>No:836<br>Hex coord:(52;25),n/a,0,0,0,0,0,0,1,2022-08-07T19:50:16.9197254Z,0
5.54251,101.0786644,Daerah: Perak<br>No:837<br>Hex coord:(53;25),n/a,0,0,0,0,0,0,1,2022-08-07T19:50:17.6242591Z,0
5.55029,101.0922111,Daerah: Perak<br>No:838<br>Hex coord:(54;25),n/a,0,0,0,0,0,0,1,2022-08-07T19:50:18.3204973Z,0
5.54251,101.1057578,Daerah: Perak<br>No:839<br>Hex coord:(55;25),n/a,0,0,0,0,0,0,1,2022-08-07T19:50:19.0038809Z,0
5.55029,101.1193045,Daerah: Perak<br>No:840<br>Hex coord:(56;25),n/a,0,0,0,0,0,0,1,2022-08-07T19:50:19.6911591Z,0
5.54251,101.1328512,Daerah: Perak<br>No:841<br>Hex coord:(57;25),n/a,0,0,0,0,0,0,1,2022-08-07T19:50:20.3906017Z,0
5.55029,101.1463979,Daerah: Perak<br>No:842<br>Hex coord:(58;25),n/a,0,0,0,0,0,0,1,2022-08-07T19:50:21.1713366Z,0
5.54251,101.1599446,Daerah: Perak<br>No:843<br>Hex coord:(59;25),n/a,0,0,0,0,0,0,1,2022-08-07T19:50:21.8726727Z,0
5.55029,101.1734913,Daerah: Perak<br>No:844<br>Hex coord:(60;25),n/a,0,0,0,0,0,0,1,2022-08-07T19:50:22.5615207Z,0
5.54251,101.187038,Daerah: Perak<br>No:845<br>Hex coord:(61;25),n/a,0,0,0,0,0,0,1,2022-08-07T19:50:23.2561566Z,0
5.55029,101.2005847,Daerah: Perak<br>No:846<br>Hex coord:(62;25),n/a,0,0,0,0,0,0,1,2022-08-07T19:50:23.9342853Z,0
5.54251,101.2141314,Daerah: Perak<br>No:847<br>Hex coord:(63;25),n/a,0,0,0,0,0,0,1,2022-08-07T19:50:24.6293829Z,0
5.55029,101.2276781,Daerah: Perak<br>No:848<br>Hex coord:(64;25),n/a,0,0,0,0,0,0,1,2022-08-07T19:50:25.3173721Z,0
5.54251,101.2412249,Daerah: Perak<br>No:849<br>Hex coord:(65;25),n/a,0,0,0,0,0,0,1,2022-08-07T19:50:26.0155055Z,0
5.55029,101.2547716,Daerah: Perak<br>No:850<br>Hex coord:(66;25),n/a,0,0,0,0,0,0,1,2022-08-07T19:50:26.7159187Z,0
5.54251,101.2683183,Daerah: Perak<br>No:851<br>Hex coord:(67;25),n/a,0,0,0,0,0,0,1,2022-08-07T19:50:27.4156538Z,0
5.55029,101.281865,Daerah: Perak<br>No:852<br>Hex coord:(68;25),n/a,0,0,0,0,0,0,1,2022-08-07T19:50:28.1007179Z,0
5.54251,101.2954117,Daerah: Perak<br>No:853<br>Hex coord:(69;25),n/a,0,0,0,0,0,0,1,2022-08-07T19:50:28.7891763Z,0
5.55029,101.3089584,Daerah: Perak<br>No:854<br>Hex coord:(70;25),n/a,0,0,0,0,0,0,1,2022-08-07T19:50:29.4831572Z,0
5.54251,101.3225051,Daerah: Perak<br>No:855<br>Hex coord:(71;25),n/a,0,0,0,0,0,0,1,2022-08-07T19:50:30.1942544Z,0
5.55029,101.3360518,Daerah: Perak<br>No:856<br>Hex coord:(72;25),n/a,0,0,0,0,0,0,1,2022-08-07T19:50:30.9182175Z,0
5.54251,101.3495985,Daerah: Perak<br>No:857<br>Hex coord:(73;25),n/a,0,0,0,0,0,0,1,2022-08-07T19:50:31.6134435Z,0
5.55029,101.3631452,Daerah: Perak<br>No:858<br>Hex coord:(74;25),n/a,0,0,0,0,0,0,1,2022-08-07T19:50:32.3103895Z,0
5.54251,101.3766919,Daerah: Perak<br>No:859<br>Hex coord:(75;25),n/a,0,0,0,0,0,0,1,2022-08-07T19:50:33.0177499Z,0
5.55029,101.3902386,Daerah: Perak<br>No:860<br>Hex coord:(76;25),n/a,0,0,0,0,0,0,1,2022-08-07T19:50:33.7020933Z,0
5.54251,101.4037853,Daerah: Perak<br>No:861<br>Hex coord:(77;25),n/a,0,0,0,0,0,0,1,2022-08-07T19:50:34.3979367Z,0
5.55029,101.417332,Daerah: Perak<br>No:862<br>Hex coord:(78;25),n/a,0,0,0,0,0,0,1,2022-08-07T19:50:35.0713393Z,0
5.54251,101.4308787,Daerah: Perak<br>No:863<br>Hex coord:(79;25),n/a,0,0,0,0,0,0,1,2022-08-07T19:50:35.7567114Z,0
5.55029,101.4444254,Daerah: Perak<br>No:864<br>Hex coord:(80;25),n/a,0,0,0,0,0,0,1,2022-08-07T19:50:36.4796019Z,0
5.54251,101.4579721,Daerah: Perak<br>No:865<br>Hex coord:(81;25),n/a,0,0,0,0,0,0,1,2022-08-07T19:50:37.1710053Z,0
5.55029,101.4715188,Daerah: Perak<br>No:866<br>Hex coord:(82;25),n/a,0,0,0,0,0,0,1,2022-08-07T19:50:37.8614368Z,0
5.54251,101.4850655,Daerah: Perak<br>No:867<br>Hex coord:(83;25),n/a,0,0,0,0,0,0,1,2022-08-07T19:50:38.5529104Z,0
5.55029,101.4986123,Daerah: Perak<br>No:868<br>Hex coord:(84;25),n/a,0,0,0,0,0,0,1,2022-08-07T19:50:39.2475570Z,0
5.54251,101.512159,Daerah: Perak<br>No:869<br>Hex coord:(85;25),n/a,0,0,0,0,0,0,1,2022-08-07T19:50:39.9354580Z,0
5.55029,101.5257057,Daerah: Perak<br>No:870<br>Hex coord:(86;25),n/a,0,0,0,0,0,0,1,2022-08-07T19:50:40.6344814Z,0
5.54251,101.5392524,Daerah: Perak<br>No:871<br>Hex coord:(87;25),n/a,0,0,0,0,0,0,1,2022-08-07T19:50:41.4227893Z,0
5.55029,101.5527991,Daerah: Perak<br>No:872<br>Hex coord:(88;25),n/a,0,0,0,0,0,0,1,2022-08-07T19:50:42.1087976Z,0
5.54251,101.5663458,Daerah: Perak<br>No:873<br>Hex coord:(89;25),n/a,0,0,0,0,0,0,1,2022-08-07T19:50:42.8063741Z,0
5.55029,101.5798925,Daerah: Perak<br>No:874<br>Hex coord:(90;25),n/a,0,0,0,0,0,0,1,2022-08-07T19:50:43.5028819Z,0
5.54251,101.5934392,Daerah: Perak<br>No:875<br>Hex coord:(91;25),n/a,0,0,0,0,0,0,1,2022-08-07T19:50:44.1973297Z,0
5.55029,101.6069859,Daerah: Perak<br>No:876<br>Hex coord:(92;25),n/a,0,0,0,0,0,0,1,2022-08-07T19:50:44.8897732Z,0
5.54251,101.6205326,Daerah: Perak<br>No:877<br>Hex coord:(93;25),n/a,0,0,0,0,0,0,1,2022-08-07T19:50:45.5910614Z,0
5.55029,101.6340793,Daerah: Perak<br>No:878<br>Hex coord:(94;25),n/a,0,0,0,0,0,0,1,2022-08-07T19:50:46.3378310Z,0
5.54251,101.647626,Daerah: Perak<br>No:879<br>Hex coord:(95;25),n/a,0,0,0,0,0,0,1,2022-08-07T19:50:47.0239752Z,0
5.55029,101.6611727,Daerah: Perak<br>No:880<br>Hex coord:(96;25),n/a,0,0,0,0,0,0,1,2022-08-07T19:50:47.7054697Z,0
5.52695,100.9431973,Daerah: Perak<br>No:881<br>Hex coord:(43;26),n/a,0,0,0,0,0,0,1,2022-08-07T19:50:48.4069908Z,0
5.53473,100.956744,Daerah: Perak<br>No:882<br>Hex coord:(44;26),n/a,0,0,0,0,0,0,1,2022-08-07T19:50:49.1036089Z,0
5.52695,100.9702907,Daerah: Perak<br>No:883<br>Hex coord:(45;26),n/a,0,0,0,0,0,0,1,2022-08-07T19:50:49.7968418Z,0
5.53473,100.9838374,Daerah: Perak<br>No:884<br>Hex coord:(46;26),n/a,0,0,0,0,0,0,1,2022-08-07T19:50:50.4874229Z,0
5.52695,100.9973842,Daerah: Perak<br>No:885<br>Hex coord:(47;26),n/a,0,0,0,0,0,0,1,2022-08-07T19:50:51.2385435Z,0
5.53473,101.0109309,Daerah: Perak<br>No:886<br>Hex coord:(48;26),n/a,0,0,0,0,0,0,1,2022-08-07T19:50:51.9289147Z,0
5.52695,101.0244776,Daerah: Perak<br>No:887<br>Hex coord:(49;26),n/a,0,0,0,0,0,0,1,2022-08-07T19:50:52.6166417Z,0
5.53473,101.0380243,Daerah: Perak<br>No:888<br>Hex coord:(50;26),n/a,0,0,0,0,0,0,1,2022-08-07T19:50:53.3018134Z,0
5.52695,101.051571,Daerah: Perak<br>No:889<br>Hex coord:(51;26),n/a,0,0,0,0,0,0,1,2022-08-07T19:50:53.9783935Z,0
5.53473,101.0651177,Daerah: Perak<br>No:890<br>Hex coord:(52;26),n/a,0,0,0,0,0,0,1,2022-08-07T19:50:54.6682395Z,0
5.52695,101.0786644,Daerah: Perak<br>No:891<br>Hex coord:(53;26),n/a,0,0,0,0,0,0,1,2022-08-07T19:50:55.3603331Z,0
5.53473,101.0922111,Daerah: Perak<br>No:892<br>Hex coord:(54;26),n/a,0,0,0,0,0,0,1,2022-08-07T19:50:56.0955495Z,0
5.52695,101.1057578,Daerah: Perak<br>No:893<br>Hex coord:(55;26),n/a,0,0,0,0,0,0,1,2022-08-07T19:50:56.7836542Z,0
5.53473,101.1193045,Daerah: Perak<br>No:894<br>Hex coord:(56;26),n/a,0,0,0,0,0,0,1,2022-08-07T19:50:57.4677252Z,0
5.52695,101.1328512,Daerah: Perak<br>No:895<br>Hex coord:(57;26),n/a,0,0,0,0,0,0,1,2022-08-07T19:50:58.1712559Z,0
5.53473,101.1463979,Daerah: Perak<br>No:896<br>Hex coord:(58;26),n/a,0,0,0,0,0,0,1,2022-08-07T19:50:58.8553648Z,0
5.52695,101.1599446,Daerah: Perak<br>No:897<br>Hex coord:(59;26),n/a,0,0,0,0,0,0,1,2022-08-07T19:50:59.5420828Z,0
5.53473,101.1734913,Daerah: Perak<br>No:898<br>Hex coord:(60;26),n/a,0,0,0,0,0,0,1,2022-08-07T19:51:00.2291360Z,0
5.52695,101.187038,Daerah: Perak<br>No:899<br>Hex coord:(61;26),n/a,0,0,0,0,0,0,1,2022-08-07T19:51:00.9621279Z,0
5.53473,101.2005847,Daerah: Perak<br>No:900<br>Hex coord:(62;26),n/a,0,0,0,0,0,0,1,2022-08-07T19:51:01.6396210Z,0
5.52695,101.2141314,Daerah: Perak<br>No:901<br>Hex coord:(63;26),n/a,0,0,0,0,0,0,1,2022-08-07T19:51:02.3380251Z,0
5.53473,101.2276781,Daerah: Perak<br>No:902<br>Hex coord:(64;26),n/a,0,0,0,0,0,0,1,2022-08-07T19:51:03.0264666Z,0
5.52695,101.2412249,Daerah: Perak<br>No:903<br>Hex coord:(65;26),n/a,0,0,0,0,0,0,1,2022-08-07T19:51:03.7238224Z,0
5.53473,101.2547716,Daerah: Perak<br>No:904<br>Hex coord:(66;26),n/a,0,0,0,0,0,0,1,2022-08-07T19:51:04.4026845Z,0
5.52695,101.2683183,Daerah: Perak<br>No:905<br>Hex coord:(67;26),n/a,0,0,0,0,0,0,1,2022-08-07T19:51:05.0977415Z,0
5.53473,101.281865,Daerah: Perak<br>No:906<br>Hex coord:(68;26),n/a,0,0,0,0,0,0,1,2022-08-07T19:51:05.7886746Z,0
5.52695,101.2954117,Daerah: Perak<br>No:907<br>Hex coord:(69;26),n/a,0,0,0,0,0,0,1,2022-08-07T19:51:06.5084721Z,0
5.53473,101.3089584,Daerah: Perak<br>No:908<br>Hex coord:(70;26),n/a,0,0,0,0,0,0,1,2022-08-07T19:51:07.1949574Z,0
5.52695,101.3225051,Daerah: Perak<br>No:909<br>Hex coord:(71;26),n/a,0,0,0,0,0,0,1,2022-08-07T19:51:07.8703563Z,0
5.53473,101.3360518,Daerah: Perak<br>No:910<br>Hex coord:(72;26),n/a,0,0,0,0,0,0,1,2022-08-07T19:51:08.5634411Z,0
5.52695,101.3495985,Daerah: Perak<br>No:911<br>Hex coord:(73;26),n/a,0,0,0,0,0,0,1,2022-08-07T19:51:09.2574381Z,0
5.53473,101.3631452,Daerah: Perak<br>No:912<br>Hex coord:(74;26),n/a,0,0,0,0,0,0,1,2022-08-07T19:51:09.9418355Z,0
5.52695,101.3766919,Daerah: Perak<br>No:913<br>Hex coord:(75;26),n/a,0,0,0,0,0,0,1,2022-08-07T19:51:10.6407369Z,0
5.53473,101.3902386,Daerah: Perak<br>No:914<br>Hex coord:(76;26),n/a,0,0,0,0,0,0,1,2022-08-07T19:51:11.3815386Z,0
5.52695,101.4037853,Daerah: Perak<br>No:915<br>Hex coord:(77;26),n/a,0,0,0,0,0,0,1,2022-08-07T19:51:12.0644400Z,0
5.53473,101.417332,Daerah: Perak<br>No:916<br>Hex coord:(78;26),n/a,0,0,0,0,0,0,1,2022-08-07T19:51:12.7588530Z,0
5.52695,101.4308787,Daerah: Perak<br>No:917<br>Hex coord:(79;26),n/a,0,0,0,0,0,0,1,2022-08-07T19:51:13.4596132Z,0
5.53473,101.4444254,Daerah: Perak<br>No:918<br>Hex coord:(80;26),n/a,0,0,0,0,0,0,1,2022-08-07T19:51:14.1419313Z,0
5.52695,101.4579721,Daerah: Perak<br>No:919<br>Hex coord:(81;26),n/a,0,0,0,0,0,0,1,2022-08-07T19:51:14.8329331Z,0
5.53473,101.4715188,Daerah: Perak<br>No:920<br>Hex coord:(82;26),n/a,0,0,0,0,0,0,1,2022-08-07T19:51:15.5185223Z,0
5.52695,101.4850655,Daerah: Perak<br>No:921<br>Hex coord:(83;26),n/a,0,0,0,0,0,0,1,2022-08-07T19:51:16.2472623Z,0
5.53473,101.4986123,Daerah: Perak<br>No:922<br>Hex coord:(84;26),n/a,0,0,0,0,0,0,1,2022-08-07T19:51:16.9277724Z,0
5.52695,101.512159,Daerah: Perak<br>No:923<br>Hex coord:(85;26),n/a,0,0,0,0,0,0,1,2022-08-07T19:51:17.6217877Z,0
5.53473,101.5257057,Daerah: Perak<br>No:924<br>Hex coord:(86;26),n/a,0,0,0,0,0,0,1,2022-08-07T19:51:18.3203328Z,0
5.52695,101.5392524,Daerah: Perak<br>No:925<br>Hex coord:(87;26),n/a,0,0,0,0,0,0,1,2022-08-07T19:51:19.0096772Z,0
5.53473,101.5527991,Daerah: Perak<br>No:926<br>Hex coord:(88;26),n/a,0,0,0,0,0,0,1,2022-08-07T19:51:19.6909648Z,0
5.52695,101.5663458,Daerah: Perak<br>No:927<br>Hex coord:(89;26),n/a,0,0,0,0,0,0,1,2022-08-07T19:51:20.3875163Z,0
5.53473,101.5798925,Daerah: Perak<br>No:928<br>Hex coord:(90;26),n/a,0,0,0,0,0,0,1,2022-08-07T19:51:21.1088930Z,0
5.52695,101.5934392,Daerah: Perak<br>No:929<br>Hex coord:(91;26),n/a,0,0,0,0,0,0,1,2022-08-07T19:51:21.8013728Z,0
5.53473,101.6069859,Daerah: Perak<br>No:930<br>Hex coord:(92;26),n/a,0,0,0,0,0,0,1,2022-08-07T19:51:22.4878237Z,0
5.52695,101.6205326,Daerah: Perak<br>No:931<br>Hex coord:(93;26),n/a,0,0,0,0,0,0,1,2022-08-07T19:51:23.1785779Z,0
5.53473,101.6340793,Daerah: Perak<br>No:932<br>Hex coord:(94;26),n/a,0,0,0,0,0,0,1,2022-08-07T19:51:23.8642230Z,0
5.52695,101.647626,Daerah: Perak<br>No:933<br>Hex coord:(95;26),n/a,0,0,0,0,0,0,1,2022-08-07T19:51:24.5548141Z,0
5.53473,101.6611727,Daerah: Perak<br>No:934<br>Hex coord:(96;26),n/a,0,0,0,0,0,0,1,2022-08-07T19:51:25.2295531Z,0
5.51139,100.9431973,Daerah: Perak<br>No:935<br>Hex coord:(43;27),n/a,0,0,0,0,0,0,1,2022-08-07T19:51:25.9596789Z,0
5.51917,100.956744,Daerah: Perak<br>No:936<br>Hex coord:(44;27),n/a,0,0,0,0,0,0,1,2022-08-07T19:51:26.6515550Z,0
5.51139,100.9702907,Daerah: Perak<br>No:937<br>Hex coord:(45;27),n/a,0,0,0,0,0,0,1,2022-08-07T19:51:27.3417985Z,0
5.51917,100.9838374,Daerah: Perak<br>No:938<br>Hex coord:(46;27),n/a,0,0,0,0,0,0,1,2022-08-07T19:51:28.0439080Z,0
5.51139,100.9973842,Daerah: Perak<br>No:939<br>Hex coord:(47;27),n/a,0,0,0,0,0,0,1,2022-08-07T19:51:28.7331032Z,0
5.51917,101.0109309,Daerah: Perak<br>No:940<br>Hex coord:(48;27),n/a,0,0,0,0,0,0,1,2022-08-07T19:51:29.4221213Z,0
5.51139,101.0244776,Daerah: Perak<br>No:941<br>Hex coord:(49;27),n/a,0,0,0,0,0,0,1,2022-08-07T19:51:30.1262863Z,0
5.51917,101.0380243,Daerah: Perak<br>No:942<br>Hex coord:(50;27),n/a,0,0,0,0,0,0,1,2022-08-07T19:51:30.8203586Z,0
5.51139,101.051571,Daerah: Perak<br>No:943<br>Hex coord:(51;27),n/a,0,0,0,0,0,0,1,2022-08-07T19:51:31.5911197Z,0
5.51917,101.0651177,Daerah: Perak<br>No:944<br>Hex coord:(52;27),n/a,0,0,0,0,0,0,1,2022-08-07T19:51:32.2812901Z,0
5.51139,101.0786644,Daerah: Perak<br>No:945<br>Hex coord:(53;27),n/a,0,0,0,0,0,0,1,2022-08-07T19:51:32.9744751Z,0
5.51917,101.0922111,Daerah: Perak<br>No:946<br>Hex coord:(54;27),n/a,0,0,0,0,0,0,1,2022-08-07T19:51:33.6545979Z,0
5.51139,101.1057578,Daerah: Perak<br>No:947<br>Hex coord:(55;27),n/a,0,0,0,0,0,0,1,2022-08-07T19:51:34.3936062Z,0
5.51917,101.1193045,Daerah: Perak<br>No:948<br>Hex coord:(56;27),n/a,0,0,0,0,0,0,1,2022-08-07T19:51:35.0808304Z,0
5.51139,101.1328512,Daerah: Perak<br>No:949<br>Hex coord:(57;27),n/a,0,0,0,0,0,0,1,2022-08-07T19:51:35.7734282Z,0
5.51917,101.1463979,Daerah: Perak<br>No:950<br>Hex coord:(58;27),n/a,0,0,0,0,0,0,1,2022-08-07T19:51:36.4978259Z,0
5.51139,101.1599446,Daerah: Perak<br>No:951<br>Hex coord:(59;27),n/a,0,0,0,0,0,0,1,2022-08-07T19:51:37.1999764Z,0
5.51917,101.1734913,Daerah: Perak<br>No:952<br>Hex coord:(60;27),n/a,0,0,0,0,0,0,1,2022-08-07T19:51:37.8996541Z,0
5.51139,101.187038,Daerah: Perak<br>No:953<br>Hex coord:(61;27),n/a,0,0,0,0,0,0,1,2022-08-07T19:51:38.5792215Z,0
5.51917,101.2005847,Daerah: Perak<br>No:954<br>Hex coord:(62;27),n/a,0,0,0,0,0,0,1,2022-08-07T19:51:39.2668317Z,0
5.51139,101.2141314,Daerah: Perak<br>No:955<br>Hex coord:(63;27),n/a,0,0,0,0,0,0,1,2022-08-07T19:51:39.9653336Z,0
5.51917,101.2276781,Daerah: Perak<br>No:956<br>Hex coord:(64;27),n/a,0,0,0,0,0,0,1,2022-08-07T19:51:40.6583323Z,0
5.51139,101.2412249,Daerah: Perak<br>No:957<br>Hex coord:(65;27),n/a,0,0,0,0,0,0,1,2022-08-07T19:51:41.3906565Z,0
5.51917,101.2547716,Daerah: Perak<br>No:958<br>Hex coord:(66;27),n/a,0,0,0,0,0,0,1,2022-08-07T19:51:42.0768465Z,0
5.51139,101.2683183,Daerah: Perak<br>No:959<br>Hex coord:(67;27),n/a,0,0,0,0,0,0,1,2022-08-07T19:51:42.7786625Z,0
5.51917,101.281865,Daerah: Perak<br>No:960<br>Hex coord:(68;27),n/a,0,0,0,0,0,0,1,2022-08-07T19:51:43.4647829Z,0
5.51139,101.2954117,Daerah: Perak<br>No:961<br>Hex coord:(69;27),n/a,0,0,0,0,0,0,1,2022-08-07T19:51:44.1529891Z,0
5.51917,101.3089584,Daerah: Perak<br>No:962<br>Hex coord:(70;27),n/a,0,0,0,0,0,0,1,2022-08-07T19:51:44.8309758Z,0
5.51139,101.3225051,Daerah: Perak<br>No:963<br>Hex coord:(71;27),n/a,0,0,0,0,0,0,1,2022-08-07T19:51:45.5161419Z,0
5.51917,101.3360518,Daerah: Perak<br>No:964<br>Hex coord:(72;27),n/a,0,0,0,0,0,0,1,2022-08-07T19:51:46.2422925Z,0
5.51139,101.3495985,Daerah: Perak<br>No:965<br>Hex coord:(73;27),n/a,0,0,0,0,0,0,1,2022-08-07T19:51:46.9270914Z,0
5.51917,101.3631452,Daerah: Perak<br>No:966<br>Hex coord:(74;27),n/a,0,0,0,0,0,0,1,2022-08-07T19:51:47.6228619Z,0
5.51139,101.3766919,Daerah: Perak<br>No:967<br>Hex coord:(75;27),n/a,0,0,0,0,0,0,1,2022-08-07T19:51:48.3313179Z,0
5.51917,101.3902386,Daerah: Perak<br>No:968<br>Hex coord:(76;27),n/a,1,0,0,0,0,0,1,2022-08-07T19:51:49.0256673Z,0
5.51139,101.4037853,Daerah: Perak<br>No:969<br>Hex coord:(77;27),n/a,0,0,0,0,0,0,1,2022-08-07T19:51:49.7254503Z,0
5.51917,101.417332,Daerah: Perak<br>No:970<br>Hex coord:(78;27),n/a,0,0,0,0,0,0,1,2022-08-07T19:51:50.4087957Z,0
5.51139,101.4308787,Daerah: Perak<br>No:971<br>Hex coord:(79;27),n/a,0,0,0,0,0,0,1,2022-08-07T19:51:51.1357019Z,0
5.51917,101.4444254,Daerah: Perak<br>No:972<br>Hex coord:(80;27),n/a,0,0,0,0,0,0,1,2022-08-07T19:51:51.8194595Z,0
5.51139,101.4579721,Daerah: Perak<br>No:973<br>Hex coord:(81;27),n/a,0,0,0,0,0,0,1,2022-08-07T19:51:52.5011879Z,0
5.51917,101.4715188,Daerah: Perak<br>No:974<br>Hex coord:(82;27),n/a,0,0,0,0,0,0,1,2022-08-07T19:51:53.2011623Z,0
5.51139,101.4850655,Daerah: Perak<br>No:975<br>Hex coord:(83;27),n/a,0,0,0,0,0,0,1,2022-08-07T19:51:53.8911279Z,0
5.51917,101.4986123,Daerah: Perak<br>No:976<br>Hex coord:(84;27),n/a,0,0,0,0,0,0,1,2022-08-07T19:51:54.5945053Z,0
5.51139,101.512159,Daerah: Perak<br>No:977<br>Hex coord:(85;27),n/a,0,0,0,0,0,0,1,2022-08-07T19:51:55.2833484Z,0
5.51917,101.5257057,Daerah: Perak<br>No:978<br>Hex coord:(86;27),n/a,0,0,0,0,0,0,1,2022-08-07T19:51:56.0195819Z,0
5.51139,101.5392524,Daerah: Perak<br>No:979<br>Hex coord:(87;27),n/a,0,0,0,0,0,0,1,2022-08-07T19:51:56.7038121Z,0
5.51917,101.5527991,Daerah: Perak<br>No:980<br>Hex coord:(88;27),n/a,0,0,0,0,0,0,1,2022-08-07T19:51:57.4806996Z,0
5.51139,101.5663458,Daerah: Perak<br>No:981<br>Hex coord:(89;27),n/a,0,0,0,0,0,0,1,2022-08-07T19:51:58.1643946Z,0
5.51917,101.5798925,Daerah: Perak<br>No:982<br>Hex coord:(90;27),n/a,0,0,0,0,0,0,1,2022-08-07T19:51:58.8482971Z,0
5.51139,101.5934392,Daerah: Perak<br>No:983<br>Hex coord:(91;27),n/a,0,0,0,0,0,0,1,2022-08-07T19:51:59.6185191Z,0
5.51917,101.6069859,Daerah: Perak<br>No:984<br>Hex coord:(92;27),n/a,0,0,0,0,0,0,1,2022-08-07T19:52:00.2955775Z,0
5.51139,101.6205326,Daerah: Perak<br>No:985<br>Hex coord:(93;27),n/a,0,0,0,0,0,0,1,2022-08-07T19:52:01.0311978Z,0
5.51917,101.6340793,Daerah: Perak<br>No:986<br>Hex coord:(94;27),n/a,0,0,0,0,0,0,1,2022-08-07T19:52:01.7159135Z,0
5.51139,101.647626,Daerah: Perak<br>No:987<br>Hex coord:(95;27),n/a,0,0,0,0,0,0,1,2022-08-07T19:52:02.4021328Z,0
5.51139,101.6747194,Daerah: Perak<br>No:988<br>Hex coord:(97;27),n/a,0,0,0,0,0,0,1,2022-08-07T19:52:03.0897507Z,0
5.49583,100.9161039,Daerah: Perak<br>No:989<br>Hex coord:(41;28),n/a,0,0,0,0,0,0,1,2022-08-07T19:52:03.7741344Z,0
5.50361,100.9296506,Daerah: Perak<br>No:990<br>Hex coord:(42;28),n/a,0,0,0,0,0,0,1,2022-08-07T19:52:04.4901744Z,0
5.49583,100.9431973,Daerah: Perak<br>No:991<br>Hex coord:(43;28),n/a,0,0,0,0,0,0,1,2022-08-07T19:52:05.1786649Z,0
5.50361,100.956744,Daerah: Perak<br>No:992<br>Hex coord:(44;28),n/a,0,0,0,0,0,0,1,2022-08-07T19:52:05.9035760Z,0
5.49583,100.9702907,Daerah: Perak<br>No:993<br>Hex coord:(45;28),n/a,0,0,0,0,0,0,1,2022-08-07T19:52:06.5918404Z,0
5.50361,100.9838374,Daerah: Perak<br>No:994<br>Hex coord:(46;28),n/a,0,0,0,0,0,0,1,2022-08-07T19:52:07.2963989Z,0
5.49583,100.9973842,Daerah: Perak<br>No:995<br>Hex coord:(47;28),n/a,0,0,0,0,0,0,1,2022-08-07T19:52:07.9872346Z,0
5.50361,101.0109309,Daerah: Perak<br>No:996<br>Hex coord:(48;28),n/a,0,0,0,0,0,0,1,2022-08-07T19:52:08.6898409Z,0
5.49583,101.0244776,Daerah: Perak<br>No:997<br>Hex coord:(49;28),n/a,0,0,0,0,0,0,1,2022-08-07T19:52:09.3756146Z,0
5.50361,101.0380243,Daerah: Perak<br>No:998<br>Hex coord:(50;28),n/a,0,0,0,0,0,0,1,2022-08-07T19:52:10.0797814Z,0
5.49583,101.051571,Daerah: Perak<br>No:999<br>Hex coord:(51;28),n/a,0,0,0,0,0,0,1,2022-08-07T19:52:10.7691788Z,0
5.50361,101.0651177,Daerah: Perak<br>No:1000<br>Hex coord:(52;28),n/a,0,0,0,0,0,0,1,2022-08-07T19:52:11.4940274Z,0
5.49583,101.0786644,Daerah: Perak<br>No:1001<br>Hex coord:(53;28),n/a,0,0,0,0,0,0,1,2022-08-07T19:52:12.4939696Z,0
5.50361,101.0922111,Daerah: Perak<br>No:1002<br>Hex coord:(54;28),n/a,0,0,0,0,0,0,1,2022-08-07T19:52:13.1849312Z,0
5.49583,101.1057578,Daerah: Perak<br>No:1003<br>Hex coord:(55;28),n/a,0,0,0,0,0,0,1,2022-08-07T19:52:13.8849061Z,0
5.50361,101.1193045,Daerah: Perak<br>No:1004<br>Hex coord:(56;28),n/a,0,0,0,0,0,0,1,2022-08-07T19:52:14.5805517Z,0
5.49583,101.1328512,Daerah: Perak<br>No:1005<br>Hex coord:(57;28),n/a,1,0,0,0,0,0,1,2022-08-07T19:52:15.2700664Z,0
5.50361,101.1463979,Daerah: Perak<br>No:1006<br>Hex coord:(58;28),n/a,0,0,0,0,0,0,1,2022-08-07T19:52:15.9644018Z,0
5.49583,101.1599446,Daerah: Perak<br>No:1007<br>Hex coord:(59;28),n/a,0,0,0,0,0,0,1,2022-08-07T19:52:16.6636641Z,0
5.50361,101.1734913,Daerah: Perak<br>No:1008<br>Hex coord:(60;28),n/a,0,0,0,0,0,0,1,2022-08-07T19:52:17.4087281Z,0
5.49583,101.187038,Daerah: Perak<br>No:1009<br>Hex coord:(61;28),n/a,0,0,0,0,0,0,1,2022-08-07T19:52:18.0981227Z,0
5.50361,101.2005847,Daerah: Perak<br>No:1010<br>Hex coord:(62;28),n/a,0,0,0,0,0,0,1,2022-08-07T19:52:18.7878166Z,0
5.49583,101.2141314,Daerah: Perak<br>No:1011<br>Hex coord:(63;28),n/a,0,0,0,0,0,0,1,2022-08-07T19:52:19.4677285Z,0
5.50361,101.2276781,Daerah: Perak<br>No:1012<br>Hex coord:(64;28),n/a,0,0,0,0,0,0,1,2022-08-07T19:52:20.1635742Z,0
5.49583,101.2412249,Daerah: Perak<br>No:1013<br>Hex coord:(65;28),n/a,0,0,0,0,0,0,1,2022-08-07T19:52:20.8445181Z,0
5.50361,101.2547716,Daerah: Perak<br>No:1014<br>Hex coord:(66;28),n/a,0,0,0,0,0,0,1,2022-08-07T19:52:21.5448030Z,0
5.49583,101.2683183,Daerah: Perak<br>No:1015<br>Hex coord:(67;28),n/a,0,0,0,0,0,0,1,2022-08-07T19:52:22.2811842Z,0
5.50361,101.281865,Daerah: Perak<br>No:1016<br>Hex coord:(68;28),n/a,0,0,0,0,0,0,1,2022-08-07T19:52:22.9793033Z,0
5.49583,101.2954117,Daerah: Perak<br>No:1017<br>Hex coord:(69;28),n/a,0,0,0,0,0,0,1,2022-08-07T19:52:23.6597022Z,0
5.50361,101.3089584,Daerah: Perak<br>No:1018<br>Hex coord:(70;28),n/a,0,0,0,0,0,0,1,2022-08-07T19:52:24.3443324Z,0
5.49583,101.3225051,Daerah: Perak<br>No:1019<br>Hex coord:(71;28),n/a,0,0,0,0,0,0,1,2022-08-07T19:52:25.0553703Z,0
5.50361,101.3360518,Daerah: Perak<br>No:1020<br>Hex coord:(72;28),n/a,0,0,0,0,0,0,1,2022-08-07T19:52:25.7394649Z,0
5.49583,101.3495985,Daerah: Perak<br>No:1021<br>Hex coord:(73;28),n/a,0,0,0,0,0,0,1,2022-08-07T19:52:26.4291159Z,0
5.50361,101.3631452,Daerah: Perak<br>No:1022<br>Hex coord:(74;28),n/a,0,0,0,0,0,0,1,2022-08-07T19:52:27.1277256Z,0
5.49583,101.3766919,Daerah: Perak<br>No:1023<br>Hex coord:(75;28),n/a,0,0,0,0,0,0,1,2022-08-07T19:52:27.8203074Z,0
5.50361,101.3902386,Daerah: Perak<br>No:1024<br>Hex coord:(76;28),n/a,1,0,0,0,0,0,1,2022-08-07T19:52:28.5234365Z,0
5.49583,101.4037853,Daerah: Perak<br>No:1025<br>Hex coord:(77;28),n/a,0,0,0,0,0,0,1,2022-08-07T19:52:29.2053166Z,0
5.50361,101.417332,Daerah: Perak<br>No:1026<br>Hex coord:(78;28),n/a,0,0,0,0,0,0,1,2022-08-07T19:52:29.9053373Z,0
5.49583,101.4308787,Daerah: Perak<br>No:1027<br>Hex coord:(79;28),n/a,0,0,0,0,0,0,1,2022-08-07T19:52:30.6122913Z,0
5.50361,101.4444254,Daerah: Perak<br>No:1028<br>Hex coord:(80;28),n/a,0,0,0,0,0,0,1,2022-08-07T19:52:31.2981171Z,0
5.49583,101.4579721,Daerah: Perak<br>No:1029<br>Hex coord:(81;28),n/a,0,0,0,0,0,0,1,2022-08-07T19:52:32.0217210Z,0
5.50361,101.4715188,Daerah: Perak<br>No:1030<br>Hex coord:(82;28),n/a,0,0,0,0,0,0,1,2022-08-07T19:52:32.7110681Z,0
5.49583,101.4850655,Daerah: Perak<br>No:1031<br>Hex coord:(83;28),n/a,0,0,0,0,0,0,1,2022-08-07T19:52:33.3958614Z,0
5.50361,101.4986123,Daerah: Perak<br>No:1032<br>Hex coord:(84;28),n/a,0,0,0,0,0,0,1,2022-08-07T19:52:34.0973221Z,0
5.49583,101.512159,Daerah: Perak<br>No:1033<br>Hex coord:(85;28),n/a,0,0,0,0,0,0,1,2022-08-07T19:52:34.7898795Z,0
5.50361,101.5257057,Daerah: Perak<br>No:1034<br>Hex coord:(86;28),n/a,0,0,0,0,0,0,1,2022-08-07T19:52:35.4858339Z,0
5.49583,101.5392524,Daerah: Perak<br>No:1035<br>Hex coord:(87;28),n/a,0,0,0,0,0,0,1,2022-08-07T19:52:36.1721259Z,0
5.50361,101.5527991,Daerah: Perak<br>No:1036<br>Hex coord:(88;28),n/a,0,0,0,0,0,0,1,2022-08-07T19:52:36.8983410Z,0
5.49583,101.5663458,Daerah: Perak<br>No:1037<br>Hex coord:(89;28),n/a,0,0,0,0,0,0,1,2022-08-07T19:52:37.6047049Z,0
5.50361,101.5798925,Daerah: Perak<br>No:1038<br>Hex coord:(90;28),n/a,0,0,0,0,0,0,1,2022-08-07T19:52:38.2823393Z,0
5.49583,101.5934392,Daerah: Perak<br>No:1039<br>Hex coord:(91;28),n/a,0,0,0,0,0,0,1,2022-08-07T19:52:38.9777250Z,0
5.50361,101.6069859,Daerah: Perak<br>No:1040<br>Hex coord:(92;28),n/a,0,0,0,0,0,0,1,2022-08-07T19:52:39.6716562Z,0
5.49583,101.6205326,Daerah: Perak<br>No:1041<br>Hex coord:(93;28),n/a,0,0,0,0,0,0,1,2022-08-07T19:52:40.3709846Z,0
5.50361,101.6340793,Daerah: Perak<br>No:1042<br>Hex coord:(94;28),n/a,0,0,0,0,0,0,1,2022-08-07T19:52:41.0705399Z,0
5.49583,101.647626,Daerah: Perak<br>No:1043<br>Hex coord:(95;28),n/a,0,0,0,0,0,0,1,2022-08-07T19:52:41.7644164Z,0
5.50361,101.6611727,Daerah: Perak<br>No:1044<br>Hex coord:(96;28),n/a,0,0,0,0,0,0,1,2022-08-07T19:52:42.4942203Z,0
5.49583,101.6747194,Daerah: Perak<br>No:1045<br>Hex coord:(97;28),n/a,0,0,0,0,0,0,1,2022-08-07T19:52:43.1780568Z,0
5.50361,101.6882661,Daerah: Perak<br>No:1046<br>Hex coord:(98;28),n/a,0,0,0,0,0,0,1,2022-08-07T19:52:43.8623531Z,0
5.49583,101.7018128,Daerah: Perak<br>No:1047<br>Hex coord:(99;28),n/a,0,0,0,0,0,0,1,2022-08-07T19:52:44.5626416Z,0
5.50361,101.7153595,Daerah: Perak<br>No:1048<br>Hex coord:(100;28),n/a,0,0,0,0,0,0,1,2022-08-07T19:52:45.2498747Z,0
5.49583,101.7289062,Daerah: Perak<br>No:1049<br>Hex coord:(101;28),n/a,0,0,0,0,0,0,1,2022-08-07T19:52:45.9482440Z,0
5.50361,101.742453,Daerah: Perak<br>No:1050<br>Hex coord:(102;28),n/a,0,0,0,0,0,0,1,2022-08-07T19:52:51.5812514Z,0
5.48027,100.8890105,Daerah: Perak<br>No:1051<br>Hex coord:(39;29),n/a,0,0,0,0,0,0,1,2022-08-07T19:52:52.2880598Z,0
5.48805,100.9025572,Daerah: Perak<br>No:1052<br>Hex coord:(40;29),n/a,0,0,0,0,0,0,1,2022-08-07T19:52:52.9817863Z,0
5.48027,100.9161039,Daerah: Perak<br>No:1053<br>Hex coord:(41;29),n/a,0,0,0,0,0,0,1,2022-08-07T19:52:53.6843876Z,0
5.48805,100.9296506,Daerah: Perak<br>No:1054<br>Hex coord:(42;29),n/a,0,0,0,0,0,0,1,2022-08-07T19:52:54.3744144Z,0
5.48027,100.9431973,Daerah: Perak<br>No:1055<br>Hex coord:(43;29),n/a,0,0,0,0,0,0,1,2022-08-07T19:52:55.0784042Z,0
5.48805,100.956744,Daerah: Perak<br>No:1056<br>Hex coord:(44;29),n/a,0,0,0,0,0,0,1,2022-08-07T19:52:55.7709570Z,0
5.48027,100.9702907,Daerah: Perak<br>No:1057<br>Hex coord:(45;29),n/a,0,0,0,0,0,0,1,2022-08-07T19:52:56.5239974Z,0
5.48805,100.9838374,Daerah: Perak<br>No:1058<br>Hex coord:(46;29),n/a,0,0,0,0,0,0,1,2022-08-07T19:52:57.2060273Z,0
5.48027,100.9973842,Daerah: Perak<br>No:1059<br>Hex coord:(47;29),n/a,0,0,0,0,0,0,1,2022-08-07T19:52:57.9037551Z,0
5.48805,101.0109309,Daerah: Perak<br>No:1060<br>Hex coord:(48;29),n/a,0,0,0,0,0,0,1,2022-08-07T19:52:58.5993369Z,0
5.48027,101.0244776,Daerah: Perak<br>No:1061<br>Hex coord:(49;29),n/a,0,0,0,0,0,0,1,2022-08-07T19:52:59.2956999Z,0
5.48805,101.0380243,Daerah: Perak<br>No:1062<br>Hex coord:(50;29),n/a,0,0,0,0,0,0,1,2022-08-07T19:52:59.9781807Z,0
5.48027,101.051571,Daerah: Perak<br>No:1063<br>Hex coord:(51;29),n/a,0,0,0,0,0,0,1,2022-08-07T19:53:00.6762804Z,0
5.48805,101.0651177,Daerah: Perak<br>No:1064<br>Hex coord:(52;29),n/a,0,0,0,0,0,0,1,2022-08-07T19:53:01.4190523Z,0
5.48027,101.0786644,Daerah: Perak<br>No:1065<br>Hex coord:(53;29),n/a,0,0,0,0,0,0,1,2022-08-07T19:53:02.1137969Z,0
5.48805,101.0922111,Daerah: Perak<br>No:1066<br>Hex coord:(54;29),n/a,0,0,0,0,0,0,1,2022-08-07T19:53:02.8062035Z,0
5.48027,101.1057578,Daerah: Perak<br>No:1067<br>Hex coord:(55;29),n/a,0,0,0,0,0,0,1,2022-08-07T19:53:03.4872316Z,0
5.48805,101.1193045,Daerah: Perak<br>No:1068<br>Hex coord:(56;29),n/a,1,0,0,0,0,0,1,2022-08-07T19:53:04.1855870Z,0
5.48027,101.1328512,Daerah: Perak<br>No:1069<br>Hex coord:(57;29),n/a,0,0,0,0,0,0,1,2022-08-07T19:53:04.8938248Z,0
5.48805,101.1463979,Daerah: Perak<br>No:1070<br>Hex coord:(58;29),n/a,0,0,0,0,0,0,1,2022-08-07T19:53:05.5921777Z,0
5.48027,101.1599446,Daerah: Perak<br>No:1071<br>Hex coord:(59;29),n/a,0,0,0,0,0,0,1,2022-08-07T19:53:06.3337216Z,0
5.48805,101.1734913,Daerah: Perak<br>No:1072<br>Hex coord:(60;29),n/a,0,0,0,0,0,0,1,2022-08-07T19:53:07.0254576Z,0
5.48027,101.187038,Daerah: Perak<br>No:1073<br>Hex coord:(61;29),n/a,0,0,0,0,0,0,1,2022-08-07T19:53:07.7287060Z,0
5.48805,101.2005847,Daerah: Perak<br>No:1074<br>Hex coord:(62;29),n/a,0,0,0,0,0,0,1,2022-08-07T19:53:08.4244531Z,0
5.48027,101.2141314,Daerah: Perak<br>No:1075<br>Hex coord:(63;29),n/a,0,0,0,0,0,0,1,2022-08-07T19:53:09.1162447Z,0
5.48805,101.2276781,Daerah: Perak<br>No:1076<br>Hex coord:(64;29),n/a,0,0,0,0,0,0,1,2022-08-07T19:53:09.7997429Z,0
5.48027,101.2412249,Daerah: Perak<br>No:1077<br>Hex coord:(65;29),n/a,0,0,0,0,0,0,1,2022-08-07T19:53:10.5034579Z,0
5.48805,101.2547716,Daerah: Perak<br>No:1078<br>Hex coord:(66;29),n/a,0,0,0,0,0,0,1,2022-08-07T19:53:11.2663394Z,0
5.48027,101.2683183,Daerah: Perak<br>No:1079<br>Hex coord:(67;29),n/a,0,0,0,0,0,0,1,2022-08-07T19:53:11.9546525Z,0
5.48805,101.281865,Daerah: Perak<br>No:1080<br>Hex coord:(68;29),n/a,0,0,0,0,0,0,1,2022-08-07T19:53:12.6388838Z,0
5.48027,101.2954117,Daerah: Perak<br>No:1081<br>Hex coord:(69;29),n/a,0,0,0,0,0,0,1,2022-08-07T19:53:13.3334721Z,0
5.48805,101.3089584,Daerah: Perak<br>No:1082<br>Hex coord:(70;29),n/a,0,0,0,0,0,0,1,2022-08-07T19:53:14.0277943Z,0
5.48027,101.3225051,Daerah: Perak<br>No:1083<br>Hex coord:(71;29),n/a,0,0,0,0,0,0,1,2022-08-07T19:53:14.7170389Z,0
5.48805,101.3360518,Daerah: Perak<br>No:1084<br>Hex coord:(72;29),n/a,0,0,0,0,0,0,1,2022-08-07T19:53:15.4136306Z,0
5.48027,101.3495985,Daerah: Perak<br>No:1085<br>Hex coord:(73;29),n/a,0,0,0,0,0,0,1,2022-08-07T19:53:16.1435916Z,0
5.48805,101.3631452,Daerah: Perak<br>No:1086<br>Hex coord:(74;29),n/a,0,0,0,0,0,0,1,2022-08-07T19:53:21.6654628Z,0
5.48027,101.3766919,Daerah: Perak<br>No:1087<br>Hex coord:(75;29),n/a,0,0,0,0,0,0,1,2022-08-07T19:53:22.3554001Z,0
5.48805,101.3902386,Daerah: Perak<br>No:1088<br>Hex coord:(76;29),n/a,0,0,0,0,0,0,1,2022-08-07T19:53:23.0419005Z,0
5.48027,101.4037853,Daerah: Perak<br>No:1089<br>Hex coord:(77;29),n/a,0,0,0,0,0,0,1,2022-08-07T19:53:23.7264961Z,0
5.48805,101.417332,Daerah: Perak<br>No:1090<br>Hex coord:(78;29),n/a,0,0,0,0,0,0,1,2022-08-07T19:53:24.3997974Z,0
5.48027,101.4308787,Daerah: Perak<br>No:1091<br>Hex coord:(79;29),n/a,0,0,0,0,0,0,1,2022-08-07T19:53:25.0954777Z,0
5.48805,101.4444254,Daerah: Perak<br>No:1092<br>Hex coord:(80;29),n/a,0,0,0,0,0,0,1,2022-08-07T19:53:25.7736810Z,0
5.48027,101.4579721,Daerah: Perak<br>No:1093<br>Hex coord:(81;29),n/a,0,0,0,0,0,0,1,2022-08-07T19:53:26.4792931Z,0
5.48805,101.4715188,Daerah: Perak<br>No:1094<br>Hex coord:(82;29),n/a,0,0,0,0,0,0,1,2022-08-07T19:53:27.1658355Z,0
5.48027,101.4850655,Daerah: Perak<br>No:1095<br>Hex coord:(83;29),n/a,0,0,0,0,0,0,1,2022-08-07T19:53:27.8644415Z,0
5.48805,101.4986123,Daerah: Perak<br>No:1096<br>Hex coord:(84;29),n/a,0,0,0,0,0,0,1,2022-08-07T19:53:28.5584262Z,0
5.48027,101.512159,Daerah: Perak<br>No:1097<br>Hex coord:(85;29),n/a,0,0,0,0,0,0,1,2022-08-07T19:53:29.2533405Z,0
5.48805,101.5257057,Daerah: Perak<br>No:1098<br>Hex coord:(86;29),n/a,0,0,0,0,0,0,1,2022-08-07T19:53:29.9432953Z,0
5.48027,101.5392524,Daerah: Perak<br>No:1099<br>Hex coord:(87;29),n/a,0,0,0,0,0,0,1,2022-08-07T19:53:30.6300277Z,0
5.48805,101.5527991,Daerah: Perak<br>No:1100<br>Hex coord:(88;29),n/a,0,0,0,0,0,0,1,2022-08-07T19:53:31.3641624Z,0
5.48027,101.5663458,Daerah: Perak<br>No:1101<br>Hex coord:(89;29),n/a,0,0,0,0,0,0,1,2022-08-07T19:53:32.0524728Z,0
5.48805,101.5798925,Daerah: Perak<br>No:1102<br>Hex coord:(90;29),n/a,0,0,0,0,0,0,1,2022-08-07T19:53:32.7478115Z,0
5.48027,101.5934392,Daerah: Perak<br>No:1103<br>Hex coord:(91;29),n/a,0,0,0,0,0,0,1,2022-08-07T19:53:33.4424658Z,0
5.48805,101.6069859,Daerah: Perak<br>No:1104<br>Hex coord:(92;29),n/a,0,0,0,0,0,0,1,2022-08-07T19:53:34.1174444Z,0
5.48027,101.6205326,Daerah: Perak<br>No:1105<br>Hex coord:(93;29),n/a,0,0,0,0,0,0,1,2022-08-07T19:53:34.8140388Z,0
5.48805,101.6340793,Daerah: Perak<br>No:1106<br>Hex coord:(94;29),n/a,0,0,0,0,0,0,1,2022-08-07T19:53:35.5117343Z,0
5.48027,101.647626,Daerah: Perak<br>No:1107<br>Hex coord:(95;29),n/a,0,0,0,0,0,0,1,2022-08-07T19:53:36.2642237Z,0
5.48805,101.6611727,Daerah: Perak<br>No:1108<br>Hex coord:(96;29),n/a,0,0,0,0,0,0,1,2022-08-07T19:53:36.9609070Z,0
5.48027,101.6747194,Daerah: Perak<br>No:1109<br>Hex coord:(97;29),n/a,0,0,0,0,0,0,1,2022-08-07T19:53:37.6705607Z,0
5.48805,101.6882661,Daerah: Perak<br>No:1110<br>Hex coord:(98;29),n/a,0,0,0,0,0,0,1,2022-08-07T19:53:38.3657001Z,0
5.48027,101.7018128,Daerah: Perak<br>No:1111<br>Hex coord:(99;29),n/a,0,0,0,0,0,0,1,2022-08-07T19:53:39.0502182Z,0
5.48805,101.7153595,Daerah: Perak<br>No:1112<br>Hex coord:(100;29),n/a,0,0,0,0,0,0,1,2022-08-07T19:53:39.7479928Z,0
5.48027,101.7289062,Daerah: Perak<br>No:1113<br>Hex coord:(101;29),n/a,0,0,0,0,0,0,1,2022-08-07T19:53:40.4498648Z,0
5.48805,101.742453,Daerah: Perak<br>No:1114<br>Hex coord:(102;29),n/a,0,0,0,0,0,0,1,2022-08-07T19:53:41.2834710Z,0
5.46471,100.8890105,Daerah: Perak<br>No:1115<br>Hex coord:(39;30),n/a,0,0,0,0,0,0,1,2022-08-07T19:53:41.9695833Z,0
5.47249,100.9025572,Daerah: Perak<br>No:1116<br>Hex coord:(40;30),n/a,0,0,0,0,0,0,1,2022-08-07T19:53:42.6656248Z,0
5.46471,100.9161039,Daerah: Perak<br>No:1117<br>Hex coord:(41;30),n/a,0,0,0,0,0,0,1,2022-08-07T19:53:43.3579977Z,0
5.47249,100.9296506,Daerah: Perak<br>No:1118<br>Hex coord:(42;30),n/a,0,0,0,0,0,0,1,2022-08-07T19:53:44.0490576Z,0
5.46471,100.9431973,Daerah: Perak<br>No:1119<br>Hex coord:(43;30),n/a,0,0,0,0,0,0,1,2022-08-07T19:53:44.7407302Z,0
5.47249,100.956744,Daerah: Perak<br>No:1120<br>Hex coord:(44;30),n/a,0,0,0,0,0,0,1,2022-08-07T19:53:45.4135972Z,0
5.46471,100.9702907,Daerah: Perak<br>No:1121<br>Hex coord:(45;30),n/a,0,0,0,0,0,0,1,2022-08-07T19:53:46.1395768Z,0
5.47249,100.9838374,Daerah: Perak<br>No:1122<br>Hex coord:(46;30),n/a,0,0,0,0,0,0,1,2022-08-07T19:53:48.0189752Z,0
5.46471,100.9973842,Daerah: Perak<br>No:1123<br>Hex coord:(47;30),n/a,0,0,0,0,0,0,1,2022-08-07T19:53:48.7185029Z,0
5.47249,101.0109309,Daerah: Perak<br>No:1124<br>Hex coord:(48;30),n/a,0,0,0,0,0,0,1,2022-08-07T19:53:49.4530786Z,0
5.46471,101.0244776,Daerah: Perak<br>No:1125<br>Hex coord:(49;30),n/a,0,0,0,0,0,0,1,2022-08-07T19:53:50.1797008Z,0
5.47249,101.0380243,Daerah: Perak<br>No:1126<br>Hex coord:(50;30),n/a,0,0,0,0,0,0,1,2022-08-07T19:53:50.9054198Z,0
5.46471,101.051571,Daerah: Perak<br>No:1127<br>Hex coord:(51;30),n/a,0,0,0,0,0,0,1,2022-08-07T19:53:51.6054815Z,0
5.47249,101.0651177,Daerah: Perak<br>No:1128<br>Hex coord:(52;30),n/a,0,0,0,0,0,0,1,2022-08-07T19:53:52.2882071Z,0
5.46471,101.0786644,Daerah: Perak<br>No:1129<br>Hex coord:(53;30),n/a,0,0,0,0,0,0,1,2022-08-07T19:53:52.9870883Z,0
5.47249,101.0922111,Daerah: Perak<br>No:1130<br>Hex coord:(54;30),n/a,0,0,0,0,0,0,1,2022-08-07T19:53:53.6943522Z,0
5.46471,101.1057578,Daerah: Perak<br>No:1131<br>Hex coord:(55;30),n/a,0,0,0,0,0,0,1,2022-08-07T19:53:54.3954193Z,0
5.47249,101.1193045,Daerah: Perak<br>No:1132<br>Hex coord:(56;30),n/a,0,0,0,0,0,0,1,2022-08-07T19:53:55.0839511Z,0
5.46471,101.1328512,Daerah: Perak<br>No:1133<br>Hex coord:(57;30),n/a,0,0,0,0,0,0,1,2022-08-07T19:53:55.7869754Z,0
5.47249,101.1463979,Daerah: Perak<br>No:1134<br>Hex coord:(58;30),n/a,0,0,0,0,0,0,1,2022-08-07T19:53:56.5491440Z,0
5.46471,101.1599446,Daerah: Perak<br>No:1135<br>Hex coord:(59;30),n/a,0,0,0,0,0,0,1,2022-08-07T19:53:57.2582896Z,0
5.47249,101.1734913,Daerah: Perak<br>No:1136<br>Hex coord:(60;30),n/a,0,0,0,0,0,0,1,2022-08-07T19:53:57.9433834Z,0
5.46471,101.187038,Daerah: Perak<br>No:1137<br>Hex coord:(61;30),n/a,0,0,0,0,0,0,1,2022-08-07T19:53:58.6390025Z,0
5.47249,101.2005847,Daerah: Perak<br>No:1138<br>Hex coord:(62;30),n/a,2,0,0,0,0,0,1,2022-08-07T19:53:59.3325756Z,0
5.46471,101.2141314,Daerah: Perak<br>No:1139<br>Hex coord:(63;30),n/a,0,0,0,0,0,0,1,2022-08-07T19:54:00.0471987Z,0
5.47249,101.2276781,Daerah: Perak<br>No:1140<br>Hex coord:(64;30),n/a,0,0,0,0,0,0,1,2022-08-07T19:54:00.7402722Z,0
5.46471,101.2412249,Daerah: Perak<br>No:1141<br>Hex coord:(65;30),n/a,0,0,0,0,0,0,1,2022-08-07T19:54:01.4725974Z,0
5.47249,101.2547716,Daerah: Perak<br>No:1142<br>Hex coord:(66;30),n/a,0,0,0,0,0,0,1,2022-08-07T19:54:02.1506663Z,0
5.46471,101.2683183,Daerah: Perak<br>No:1143<br>Hex coord:(67;30),n/a,0,0,0,0,0,0,1,2022-08-07T19:54:02.8487036Z,0
5.47249,101.281865,Daerah: Perak<br>No:1144<br>Hex coord:(68;30),n/a,0,0,0,0,0,0,1,2022-08-07T19:54:03.5363512Z,0
5.46471,101.2954117,Daerah: Perak<br>No:1145<br>Hex coord:(69;30),n/a,0,0,0,0,0,0,1,2022-08-07T19:54:04.2211788Z,0
5.47249,101.3089584,Daerah: Perak<br>No:1146<br>Hex coord:(70;30),n/a,0,0,0,0,0,0,1,2022-08-07T19:54:04.9090730Z,0
5.46471,101.3225051,Daerah: Perak<br>No:1147<br>Hex coord:(71;30),n/a,0,0,0,0,0,0,1,2022-08-07T19:54:05.6108864Z,0
5.47249,101.3360518,Daerah: Perak<br>No:1148<br>Hex coord:(72;30),n/a,0,0,0,0,0,0,1,2022-08-07T19:54:06.3680098Z,0
5.46471,101.3495985,Daerah: Perak<br>No:1149<br>Hex coord:(73;30),n/a,0,0,0,0,0,0,1,2022-08-07T19:54:07.0547908Z,0
5.47249,101.3631452,Daerah: Perak<br>No:1150<br>Hex coord:(74;30),n/a,0,0,0,0,0,0,1,2022-08-07T19:54:07.7318579Z,0
5.46471,101.3766919,Daerah: Perak<br>No:1151<br>Hex coord:(75;30),n/a,0,0,0,0,0,0,1,2022-08-07T19:54:08.4326682Z,0
5.47249,101.3902386,Daerah: Perak<br>No:1152<br>Hex coord:(76;30),n/a,0,0,0,0,0,0,1,2022-08-07T19:54:09.1202947Z,0
5.46471,101.4037853,Daerah: Perak<br>No:1153<br>Hex coord:(77;30),n/a,0,0,0,0,0,0,1,2022-08-07T19:54:09.8173381Z,0
5.47249,101.417332,Daerah: Perak<br>No:1154<br>Hex coord:(78;30),n/a,0,0,0,0,0,0,1,2022-08-07T19:54:10.5174811Z,0
5.46471,101.4308787,Daerah: Perak<br>No:1155<br>Hex coord:(79;30),n/a,0,0,0,0,0,0,1,2022-08-07T19:54:11.2598922Z,0
5.47249,101.4444254,Daerah: Perak<br>No:1156<br>Hex coord:(80;30),n/a,0,0,0,0,0,0,1,2022-08-07T19:54:11.9463231Z,0
5.46471,101.4579721,Daerah: Perak<br>No:1157<br>Hex coord:(81;30),n/a,0,0,0,0,0,0,1,2022-08-07T19:54:12.6443096Z,0
5.47249,101.4715188,Daerah: Perak<br>No:1158<br>Hex coord:(82;30),n/a,0,0,0,0,0,0,1,2022-08-07T19:54:13.3256551Z,0
5.46471,101.4850655,Daerah: Perak<br>No:1159<br>Hex coord:(83;30),n/a,0,0,0,0,0,0,1,2022-08-07T19:54:14.0275655Z,0
5.47249,101.4986123,Daerah: Perak<br>No:1160<br>Hex coord:(84;30),n/a,0,0,0,0,0,0,1,2022-08-07T19:54:14.7055565Z,0
5.46471,101.512159,Daerah: Perak<br>No:1161<br>Hex coord:(85;30),n/a,0,0,0,0,0,0,1,2022-08-07T19:54:15.3991586Z,0
5.47249,101.5257057,Daerah: Perak<br>No:1162<br>Hex coord:(86;30),n/a,0,0,0,0,0,0,1,2022-08-07T19:54:16.1287776Z,0
5.46471,101.5392524,Daerah: Perak<br>No:1163<br>Hex coord:(87;30),n/a,0,0,0,0,0,0,1,2022-08-07T19:54:16.8336153Z,0
5.47249,101.5527991,Daerah: Perak<br>No:1164<br>Hex coord:(88;30),n/a,0,0,0,0,0,0,1,2022-08-07T19:54:17.5313196Z,0
5.46471,101.5663458,Daerah: Perak<br>No:1165<br>Hex coord:(89;30),n/a,0,0,0,0,0,0,1,2022-08-07T19:54:18.2289513Z,0
5.47249,101.5798925,Daerah: Perak<br>No:1166<br>Hex coord:(90;30),n/a,0,0,0,0,0,0,1,2022-08-07T19:54:18.9345835Z,0
5.46471,101.5934392,Daerah: Perak<br>No:1167<br>Hex coord:(91;30),n/a,0,0,0,0,0,0,1,2022-08-07T19:54:19.6222352Z,0
5.47249,101.6069859,Daerah: Perak<br>No:1168<br>Hex coord:(92;30),n/a,0,0,0,0,0,0,1,2022-08-07T19:54:20.3052503Z,0
5.46471,101.6205326,Daerah: Perak<br>No:1169<br>Hex coord:(93;30),n/a,0,0,0,0,0,0,1,2022-08-07T19:54:21.0525189Z,0
5.47249,101.6340793,Daerah: Perak<br>No:1170<br>Hex coord:(94;30),n/a,0,0,0,0,0,0,1,2022-08-07T19:54:21.7319845Z,0
5.46471,101.647626,Daerah: Perak<br>No:1171<br>Hex coord:(95;30),n/a,0,0,0,0,0,0,1,2022-08-07T19:54:22.4275001Z,0
5.47249,101.6611727,Daerah: Perak<br>No:1172<br>Hex coord:(96;30),n/a,0,0,0,0,0,0,1,2022-08-07T19:54:23.1143705Z,0
5.46471,101.6747194,Daerah: Perak<br>No:1173<br>Hex coord:(97;30),n/a,0,0,0,0,0,0,1,2022-08-07T19:54:23.8175226Z,0
5.47249,101.6882661,Daerah: Perak<br>No:1174<br>Hex coord:(98;30),n/a,0,0,0,0,0,0,1,2022-08-07T19:54:24.5095007Z,0
5.46471,101.7018128,Daerah: Perak<br>No:1175<br>Hex coord:(99;30),n/a,0,0,0,0,0,0,1,2022-08-07T19:54:25.2852304Z,0
5.47249,101.7153595,Daerah: Perak<br>No:1176<br>Hex coord:(100;30),n/a,0,0,0,0,0,0,1,2022-08-07T19:54:26.0522743Z,0
5.46471,101.7289062,Daerah: Perak<br>No:1177<br>Hex coord:(101;30),n/a,0,0,0,0,0,0,1,2022-08-07T19:54:26.7440698Z,0
5.45693,100.8754638,Daerah: Perak<br>No:1178<br>Hex coord:(38;31),n/a,0,0,0,0,0,0,1,2022-08-07T19:54:27.4407243Z,0
5.44915,100.8890105,Daerah: Perak<br>No:1179<br>Hex coord:(39;31),n/a,0,0,0,0,0,0,1,2022-08-07T19:54:28.1327621Z,0
5.45693,100.9025572,Daerah: Perak<br>No:1180<br>Hex coord:(40;31),n/a,0,0,0,0,0,0,1,2022-08-07T19:54:28.8330975Z,0
5.44915,100.9161039,Daerah: Perak<br>No:1181<br>Hex coord:(41;31),n/a,0,0,0,0,0,0,1,2022-08-07T19:54:29.5163912Z,0
5.45693,100.9296506,Daerah: Perak<br>No:1182<br>Hex coord:(42;31),n/a,0,0,0,0,0,0,1,2022-08-07T19:54:30.2133018Z,0
5.44915,100.9431973,Daerah: Perak<br>No:1183<br>Hex coord:(43;31),n/a,0,0,0,0,0,0,1,2022-08-07T19:54:31.0129575Z,0
5.45693,100.956744,Daerah: Perak<br>No:1184<br>Hex coord:(44;31),n/a,0,0,0,0,0,0,1,2022-08-07T19:54:31.7097562Z,0
5.44915,100.9702907,Daerah: Perak<br>No:1185<br>Hex coord:(45;31),n/a,0,0,0,0,0,0,1,2022-08-07T19:54:32.3955046Z,0
5.45693,100.9838374,Daerah: Perak<br>No:1186<br>Hex coord:(46;31),n/a,0,0,0,0,0,0,1,2022-08-07T19:54:33.0762486Z,0
5.44915,100.9973842,Daerah: Perak<br>No:1187<br>Hex coord:(47;31),n/a,0,0,0,0,0,0,1,2022-08-07T19:54:33.7794174Z,0
5.45693,101.0109309,Daerah: Perak<br>No:1188<br>Hex coord:(48;31),n/a,0,0,0,0,0,0,1,2022-08-07T19:54:34.4763458Z,0
5.44915,101.0244776,Daerah: Perak<br>No:1189<br>Hex coord:(49;31),n/a,0,0,0,0,0,0,1,2022-08-07T19:54:35.1829859Z,0
5.45693,101.0380243,Daerah: Perak<br>No:1190<br>Hex coord:(50;31),n/a,0,0,0,0,0,0,1,2022-08-07T19:54:35.9146097Z,0
5.44915,101.051571,Daerah: Perak<br>No:1191<br>Hex coord:(51;31),n/a,0,0,0,0,0,0,1,2022-08-07T19:54:36.6128105Z,0
5.45693,101.0651177,Daerah: Perak<br>No:1192<br>Hex coord:(52;31),n/a,0,0,0,0,0,0,1,2022-08-07T19:54:37.2982963Z,0
5.44915,101.0786644,Daerah: Perak<br>No:1193<br>Hex coord:(53;31),n/a,0,0,0,0,0,0,1,2022-08-07T19:54:38.0070689Z,0
5.45693,101.0922111,Daerah: Perak<br>No:1194<br>Hex coord:(54;31),n/a,0,0,0,0,0,0,1,2022-08-07T19:54:38.6956131Z,0
5.44915,101.1057578,Daerah: Perak<br>No:1195<br>Hex coord:(55;31),n/a,0,0,0,0,0,0,1,2022-08-07T19:54:39.3869099Z,0
5.45693,101.1193045,Daerah: Perak<br>No:1196<br>Hex coord:(56;31),n/a,0,0,0,0,0,0,1,2022-08-07T19:54:40.0838036Z,0
5.44915,101.1328512,Daerah: Perak<br>No:1197<br>Hex coord:(57;31),n/a,1,0,0,0,0,0,1,2022-08-07T19:54:40.7747078Z,0
5.45693,101.1463979,Daerah: Perak<br>No:1198<br>Hex coord:(58;31),n/a,8,0,0,0,0,0,1,2022-08-07T19:54:41.5515460Z,0
5.44915,101.1599446,Daerah: Perak<br>No:1199<br>Hex coord:(59;31),n/a,1,0,0,0,0,0,1,2022-08-07T19:54:42.2689853Z,0
5.45693,101.1734913,Daerah: Perak<br>No:1200<br>Hex coord:(60;31),n/a,0,0,0,0,0,0,1,2022-08-07T19:54:42.9562726Z,0
5.44915,101.187038,Daerah: Perak<br>No:1201<br>Hex coord:(61;31),n/a,0,0,0,0,0,0,1,2022-08-07T19:54:43.6667660Z,0
5.45693,101.2005847,Daerah: Perak<br>No:1202<br>Hex coord:(62;31),n/a,0,0,0,0,0,0,1,2022-08-07T19:54:44.3469028Z,0
5.44915,101.2141314,Daerah: Perak<br>No:1203<br>Hex coord:(63;31),n/a,0,0,0,0,0,0,1,2022-08-07T19:54:45.0356999Z,0
5.45693,101.2276781,Daerah: Perak<br>No:1204<br>Hex coord:(64;31),n/a,0,0,0,0,0,0,1,2022-08-07T19:54:45.7267534Z,0
5.44915,101.2412249,Daerah: Perak<br>No:1205<br>Hex coord:(65;31),n/a,0,0,0,0,0,0,1,2022-08-07T19:54:48.8568746Z,0
5.45693,101.2547716,Daerah: Perak<br>No:1206<br>Hex coord:(66;31),n/a,0,0,0,0,0,0,1,2022-08-07T19:54:49.5521301Z,0
5.44915,101.2683183,Daerah: Perak<br>No:1207<br>Hex coord:(67;31),n/a,0,0,0,0,0,0,1,2022-08-07T19:54:50.2561518Z,0
5.45693,101.281865,Daerah: Perak<br>No:1208<br>Hex coord:(68;31),n/a,0,0,0,0,0,0,1,2022-08-07T19:54:50.9503804Z,0
5.44915,101.2954117,Daerah: Perak<br>No:1209<br>Hex coord:(69;31),n/a,0,0,0,0,0,0,1,2022-08-07T19:54:51.6492195Z,0
5.45693,101.3089584,Daerah: Perak<br>No:1210<br>Hex coord:(70;31),n/a,0,0,0,0,0,0,1,2022-08-07T19:54:52.3311780Z,0
5.44915,101.3225051,Daerah: Perak<br>No:1211<br>Hex coord:(71;31),n/a,0,0,0,0,0,0,1,2022-08-07T19:54:53.0306356Z,0
5.45693,101.3360518,Daerah: Perak<br>No:1212<br>Hex coord:(72;31),n/a,0,0,0,0,0,0,1,2022-08-07T19:54:53.7236416Z,0
5.44915,101.3495985,Daerah: Perak<br>No:1213<br>Hex coord:(73;31),n/a,0,0,0,0,0,0,1,2022-08-07T19:54:54.4127953Z,0
5.45693,101.3631452,Daerah: Perak<br>No:1214<br>Hex coord:(74;31),n/a,0,0,0,0,0,0,1,2022-08-07T19:54:55.1021911Z,0
5.44915,101.3766919,Daerah: Perak<br>No:1215<br>Hex coord:(75;31),n/a,0,0,0,0,0,0,1,2022-08-07T19:54:55.7967470Z,0
5.45693,101.3902386,Daerah: Perak<br>No:1216<br>Hex coord:(76;31),n/a,0,0,0,0,0,0,1,2022-08-07T19:54:56.4809190Z,0
5.44915,101.4037853,Daerah: Perak<br>No:1217<br>Hex coord:(77;31),n/a,0,0,0,0,0,0,1,2022-08-07T19:54:57.1675838Z,0
5.45693,101.417332,Daerah: Perak<br>No:1218<br>Hex coord:(78;31),n/a,0,0,0,0,0,0,1,2022-08-07T19:54:57.8796717Z,0
5.44915,101.4308787,Daerah: Perak<br>No:1219<br>Hex coord:(79;31),n/a,0,0,0,0,0,0,1,2022-08-07T19:54:58.5914607Z,0
5.45693,101.4444254,Daerah: Perak<br>No:1220<br>Hex coord:(80;31),n/a,0,0,0,0,0,0,1,2022-08-07T19:54:59.2902864Z,0
5.44915,101.4579721,Daerah: Perak<br>No:1221<br>Hex coord:(81;31),n/a,0,0,0,0,0,0,1,2022-08-07T19:54:59.9966693Z,0
5.45693,101.4715188,Daerah: Perak<br>No:1222<br>Hex coord:(82;31),n/a,0,0,0,0,0,0,1,2022-08-07T19:55:00.6791319Z,0
5.44915,101.4850655,Daerah: Perak<br>No:1223<br>Hex coord:(83;31),n/a,0,0,0,0,0,0,1,2022-08-07T19:55:01.3957866Z,0
5.45693,101.4986123,Daerah: Perak<br>No:1224<br>Hex coord:(84;31),n/a,0,0,0,0,0,0,1,2022-08-07T19:55:02.0869866Z,0
5.44915,101.512159,Daerah: Perak<br>No:1225<br>Hex coord:(85;31),n/a,0,0,0,0,0,0,1,2022-08-07T19:55:02.7829321Z,0
5.45693,101.5257057,Daerah: Perak<br>No:1226<br>Hex coord:(86;31),n/a,0,0,0,0,0,0,1,2022-08-07T19:55:03.4833243Z,0
5.44915,101.5392524,Daerah: Perak<br>No:1227<br>Hex coord:(87;31),n/a,0,0,0,0,0,0,1,2022-08-07T19:55:04.1773122Z,0
5.45693,101.5527991,Daerah: Perak<br>No:1228<br>Hex coord:(88;31),n/a,0,0,0,0,0,0,1,2022-08-07T19:55:04.8779958Z,0
5.44915,101.5663458,Daerah: Perak<br>No:1229<br>Hex coord:(89;31),n/a,0,0,0,0,0,0,1,2022-08-07T19:55:05.5694930Z,0
5.45693,101.5798925,Daerah: Perak<br>No:1230<br>Hex coord:(90;31),n/a,0,0,0,0,0,0,1,2022-08-07T19:55:06.2632669Z,0
5.44915,101.5934392,Daerah: Perak<br>No:1231<br>Hex coord:(91;31),n/a,0,0,0,0,0,0,1,2022-08-07T19:55:07.0777017Z,0
5.45693,101.6069859,Daerah: Perak<br>No:1232<br>Hex coord:(92;31),n/a,0,0,0,0,0,0,1,2022-08-07T19:55:07.9079570Z,0
5.44915,101.6205326,Daerah: Perak<br>No:1233<br>Hex coord:(93;31),n/a,0,0,0,0,0,0,1,2022-08-07T19:55:08.7717037Z,0
5.45693,101.6340793,Daerah: Perak<br>No:1234<br>Hex coord:(94;31),n/a,0,0,0,0,0,0,1,2022-08-07T19:55:09.6043971Z,0
5.44915,101.647626,Daerah: Perak<br>No:1235<br>Hex coord:(95;31),n/a,0,0,0,0,0,0,1,2022-08-07T19:55:10.4396141Z,0
5.45693,101.6611727,Daerah: Perak<br>No:1236<br>Hex coord:(96;31),n/a,0,0,0,0,0,0,1,2022-08-07T19:55:11.2523633Z,0
5.44915,101.6747194,Daerah: Perak<br>No:1237<br>Hex coord:(97;31),n/a,0,0,0,0,0,0,1,2022-08-07T19:55:12.1346975Z,0
5.45693,101.6882661,Daerah: Perak<br>No:1238<br>Hex coord:(98;31),n/a,0,0,0,0,0,0,1,2022-08-07T19:55:13.0370591Z,0
5.44915,101.7018128,Daerah: Perak<br>No:1239<br>Hex coord:(99;31),n/a,0,0,0,0,0,0,1,2022-08-07T19:55:13.8360433Z,0
5.45693,101.7153595,Daerah: Perak<br>No:1240<br>Hex coord:(100;31),n/a,0,0,0,0,0,0,1,2022-08-07T19:55:14.6182015Z,0
5.44915,101.7289062,Daerah: Perak<br>No:1241<br>Hex coord:(101;31),n/a,0,0,0,0,0,0,1,2022-08-07T19:55:15.3185989Z,0
5.44137,100.8754638,Daerah: Perak<br>No:1242<br>Hex coord:(38;32),n/a,0,0,0,0,0,0,1,2022-08-07T19:55:16.0022292Z,0
5.43359,100.8890105,Daerah: Perak<br>No:1243<br>Hex coord:(39;32),n/a,0,0,0,0,0,0,1,2022-08-07T19:55:19.6786709Z,0
5.44137,100.9025572,Daerah: Perak<br>No:1244<br>Hex coord:(40;32),n/a,0,0,0,0,0,0,1,2022-08-07T19:55:20.3731114Z,0
5.43359,100.9161039,Daerah: Perak<br>No:1245<br>Hex coord:(41;32),n/a,0,0,0,0,0,0,1,2022-08-07T19:55:21.0741385Z,0
5.44137,100.9296506,Daerah: Perak<br>No:1246<br>Hex coord:(42;32),n/a,0,0,0,0,0,0,1,2022-08-07T19:55:21.7787678Z,0
5.43359,100.9431973,Daerah: Perak<br>No:1247<br>Hex coord:(43;32),n/a,0,0,0,0,0,0,1,2022-08-07T19:55:22.4721222Z,0
5.44137,100.956744,Daerah: Perak<br>No:1248<br>Hex coord:(44;32),n/a,0,0,0,0,0,0,1,2022-08-07T19:55:23.1607808Z,0
5.43359,100.9702907,Daerah: Perak<br>No:1249<br>Hex coord:(45;32),n/a,0,0,0,0,0,0,1,2022-08-07T19:55:23.9175193Z,0
5.44137,100.9838374,Daerah: Perak<br>No:1250<br>Hex coord:(46;32),n/a,0,0,0,0,0,0,1,2022-08-07T19:55:24.6264601Z,0
5.43359,100.9973842,Daerah: Perak<br>No:1251<br>Hex coord:(47;32),n/a,0,0,0,0,0,0,1,2022-08-07T19:55:25.3162884Z,0
5.44137,101.0109309,Daerah: Perak<br>No:1252<br>Hex coord:(48;32),n/a,0,0,0,0,0,0,1,2022-08-07T19:55:26.0102535Z,0
5.43359,101.0244776,Daerah: Perak<br>No:1253<br>Hex coord:(49;32),n/a,0,0,0,0,0,0,1,2022-08-07T19:55:26.7147170Z,0
5.44137,101.0380243,Daerah: Perak<br>No:1254<br>Hex coord:(50;32),n/a,0,0,0,0,0,0,1,2022-08-07T19:55:27.4016955Z,0
5.43359,101.051571,Daerah: Perak<br>No:1255<br>Hex coord:(51;32),n/a,0,0,0,0,0,0,1,2022-08-07T19:55:28.0997919Z,0
5.44137,101.0651177,Daerah: Perak<br>No:1256<br>Hex coord:(52;32),n/a,0,0,0,0,0,0,1,2022-08-07T19:55:28.7973147Z,0
5.43359,101.0786644,Daerah: Perak<br>No:1257<br>Hex coord:(53;32),n/a,0,0,0,0,0,0,1,2022-08-07T19:55:29.5027045Z,0
5.44137,101.0922111,Daerah: Perak<br>No:1258<br>Hex coord:(54;32),n/a,0,0,0,0,0,0,1,2022-08-07T19:55:30.2007030Z,0
5.43359,101.1057578,Daerah: Perak<br>No:1259<br>Hex coord:(55;32),n/a,0,0,0,0,0,0,1,2022-08-07T19:55:30.8997548Z,0
5.44137,101.1193045,Daerah: Perak<br>No:1260<br>Hex coord:(56;32),n/a,0,0,0,0,0,0,1,2022-08-07T19:55:31.5980210Z,0
5.43359,101.1328512,Daerah: Perak<br>No:1261<br>Hex coord:(57;32),n/a,5,0,0,0,0,0,1,2022-08-07T19:55:32.3047147Z,0
5.44137,101.1463979,Daerah: Perak<br>No:1262<br>Hex coord:(58;32),n/a,1,0,0,0,0,0,1,2022-08-07T19:55:33.0247731Z,0
5.43359,101.1599446,Daerah: Perak<br>No:1263<br>Hex coord:(59;32),n/a,0,0,0,0,0,0,1,2022-08-07T19:55:33.7178409Z,0
5.44137,101.1734913,Daerah: Perak<br>No:1264<br>Hex coord:(60;32),n/a,0,0,0,0,0,0,1,2022-08-07T19:55:34.4570085Z,0
5.43359,101.187038,Daerah: Perak<br>No:1265<br>Hex coord:(61;32),n/a,0,0,0,0,0,0,1,2022-08-07T19:55:35.1619394Z,0
5.44137,101.2005847,Daerah: Perak<br>No:1266<br>Hex coord:(62;32),n/a,0,0,0,0,0,0,1,2022-08-07T19:55:35.8548487Z,0
5.43359,101.2141314,Daerah: Perak<br>No:1267<br>Hex coord:(63;32),n/a,0,0,0,0,0,0,1,2022-08-07T19:55:36.5536395Z,0
5.44137,101.2276781,Daerah: Perak<br>No:1268<br>Hex coord:(64;32),n/a,0,0,0,0,0,0,1,2022-08-07T19:55:37.2488375Z,0
5.43359,101.2412249,Daerah: Perak<br>No:1269<br>Hex coord:(65;32),n/a,0,0,0,0,0,0,1,2022-08-07T19:55:37.9524061Z,0
5.44137,101.2547716,Daerah: Perak<br>No:1270<br>Hex coord:(66;32),n/a,0,0,0,0,0,0,1,2022-08-07T19:55:38.6472031Z,0
5.43359,101.2683183,Daerah: Perak<br>No:1271<br>Hex coord:(67;32),n/a,0,0,0,0,0,0,1,2022-08-07T19:55:39.3646052Z,0
5.44137,101.281865,Daerah: Perak<br>No:1272<br>Hex coord:(68;32),n/a,0,0,0,0,0,0,1,2022-08-07T19:55:40.0561350Z,0
5.43359,101.2954117,Daerah: Perak<br>No:1273<br>Hex coord:(69;32),n/a,0,0,0,0,0,0,1,2022-08-07T19:55:40.7542756Z,0
5.44137,101.3089584,Daerah: Perak<br>No:1274<br>Hex coord:(70;32),n/a,0,0,0,0,0,0,1,2022-08-07T19:55:41.4420964Z,0
5.43359,101.3225051,Daerah: Perak<br>No:1275<br>Hex coord:(71;32),n/a,0,0,0,0,0,0,1,2022-08-07T19:55:42.1381485Z,0
5.44137,101.3360518,Daerah: Perak<br>No:1276<br>Hex coord:(72;32),n/a,0,0,0,0,0,0,1,2022-08-07T19:55:42.8243845Z,0
5.43359,101.3495985,Daerah: Perak<br>No:1277<br>Hex coord:(73;32),n/a,0,0,0,0,0,0,1,2022-08-07T19:55:43.5324361Z,0
5.44137,101.3631452,Daerah: Perak<br>No:1278<br>Hex coord:(74;32),n/a,0,0,0,0,0,0,1,2022-08-07T19:55:44.2674510Z,0
5.43359,101.3766919,Daerah: Perak<br>No:1279<br>Hex coord:(75;32),n/a,0,0,0,0,0,0,1,2022-08-07T19:55:45.0650448Z,0
5.44137,101.3902386,Daerah: Perak<br>No:1280<br>Hex coord:(76;32),n/a,0,0,0,0,0,0,1,2022-08-07T19:55:45.7533690Z,0
5.43359,101.4037853,Daerah: Perak<br>No:1281<br>Hex coord:(77;32),n/a,0,0,0,0,0,0,1,2022-08-07T19:55:46.4636544Z,0
5.44137,101.417332,Daerah: Perak<br>No:1282<br>Hex coord:(78;32),n/a,0,0,0,0,0,0,1,2022-08-07T19:55:47.1557550Z,0
5.43359,101.4308787,Daerah: Perak<br>No:1283<br>Hex coord:(79;32),n/a,0,0,0,0,0,0,1,2022-08-07T19:55:48.0659254Z,0
5.44137,101.4444254,Daerah: Perak<br>No:1284<br>Hex coord:(80;32),n/a,0,0,0,0,0,0,1,2022-08-07T19:55:48.7585377Z,0
5.43359,101.4579721,Daerah: Perak<br>No:1285<br>Hex coord:(81;32),n/a,0,0,0,0,0,0,1,2022-08-07T19:55:49.4883894Z,0
5.44137,101.4715188,Daerah: Perak<br>No:1286<br>Hex coord:(82;32),n/a,0,0,0,0,0,0,1,2022-08-07T19:55:50.1721862Z,0
5.43359,101.4850655,Daerah: Perak<br>No:1287<br>Hex coord:(83;32),n/a,0,0,0,0,0,0,1,2022-08-07T19:55:50.8743755Z,0
5.44137,101.4986123,Daerah: Perak<br>No:1288<br>Hex coord:(84;32),n/a,0,0,0,0,0,0,1,2022-08-07T19:55:51.5735523Z,0
5.43359,101.512159,Daerah: Perak<br>No:1289<br>Hex coord:(85;32),n/a,0,0,0,0,0,0,1,2022-08-07T19:55:52.2704897Z,0
5.44137,101.5257057,Daerah: Perak<br>No:1290<br>Hex coord:(86;32),n/a,0,0,0,0,0,0,1,2022-08-07T19:55:52.9713854Z,0
5.43359,101.5392524,Daerah: Perak<br>No:1291<br>Hex coord:(87;32),n/a,0,0,0,0,0,0,1,2022-08-07T19:55:53.6699565Z,0
5.44137,101.5527991,Daerah: Perak<br>No:1292<br>Hex coord:(88;32),n/a,0,0,0,0,0,0,1,2022-08-07T19:55:54.4115176Z,0
5.43359,101.5663458,Daerah: Perak<br>No:1293<br>Hex coord:(89;32),n/a,0,0,0,0,0,0,1,2022-08-07T19:55:55.1038416Z,0
5.44137,101.5798925,Daerah: Perak<br>No:1294<br>Hex coord:(90;32),n/a,0,0,0,0,0,0,1,2022-08-07T19:55:55.7964971Z,0
5.43359,101.5934392,Daerah: Perak<br>No:1295<br>Hex coord:(91;32),n/a,0,0,0,0,0,0,1,2022-08-07T19:55:56.4991884Z,0
5.44137,101.6069859,Daerah: Perak<br>No:1296<br>Hex coord:(92;32),n/a,0,0,0,0,0,0,1,2022-08-07T19:55:57.2134763Z,0
5.43359,101.6205326,Daerah: Perak<br>No:1297<br>Hex coord:(93;32),n/a,0,0,0,0,0,0,1,2022-08-07T19:55:57.8982863Z,0
5.44137,101.6340793,Daerah: Perak<br>No:1298<br>Hex coord:(94;32),n/a,0,0,0,0,0,0,1,2022-08-07T19:55:58.5857237Z,0
5.43359,101.647626,Daerah: Perak<br>No:1299<br>Hex coord:(95;32),n/a,0,0,0,0,0,0,1,2022-08-07T19:55:59.3285601Z,0
5.44137,101.6611727,Daerah: Perak<br>No:1300<br>Hex coord:(96;32),n/a,0,0,0,0,0,0,1,2022-08-07T19:56:00.0318726Z,0
5.43359,101.6747194,Daerah: Perak<br>No:1301<br>Hex coord:(97;32),n/a,0,0,0,0,0,0,1,2022-08-07T19:56:00.7331520Z,0
5.44137,101.6882661,Daerah: Perak<br>No:1302<br>Hex coord:(98;32),n/a,0,0,0,0,0,0,1,2022-08-07T19:56:01.4392235Z,0
5.43359,101.7018128,Daerah: Perak<br>No:1303<br>Hex coord:(99;32),n/a,0,0,0,0,0,0,1,2022-08-07T19:56:02.1424929Z,0
5.44137,101.7153595,Daerah: Perak<br>No:1304<br>Hex coord:(100;32),n/a,0,0,0,0,0,0,1,2022-08-07T19:56:02.8258945Z,0
5.43359,101.7289062,Daerah: Perak<br>No:1305<br>Hex coord:(101;32),n/a,0,0,0,0,0,0,1,2022-08-07T19:56:03.5273508Z,0
5.42581,100.8754638,Daerah: Perak<br>No:1306<br>Hex coord:(38;33),n/a,0,0,0,0,0,0,1,2022-08-07T19:56:04.2693806Z,0
5.41803,100.8890105,Daerah: Perak<br>No:1307<br>Hex coord:(39;33),n/a,0,0,0,0,0,0,1,2022-08-07T19:56:04.9668081Z,0
5.42581,100.9025572,Daerah: Perak<br>No:1308<br>Hex coord:(40;33),n/a,0,0,0,0,0,0,1,2022-08-07T19:56:05.6527119Z,0
5.41803,100.9161039,Daerah: Perak<br>No:1309<br>Hex coord:(41;33),n/a,0,0,0,0,0,0,1,2022-08-07T19:56:06.3424390Z,0
5.42581,100.9296506,Daerah: Perak<br>No:1310<br>Hex coord:(42;33),n/a,0,0,0,0,0,0,1,2022-08-07T19:56:07.0422288Z,0
5.41803,100.9431973,Daerah: Perak<br>No:1311<br>Hex coord:(43;33),n/a,0,0,0,0,0,0,1,2022-08-07T19:56:07.7398809Z,0
5.42581,100.956744,Daerah: Perak<br>No:1312<br>Hex coord:(44;33),n/a,0,0,0,0,0,0,1,2022-08-07T19:56:08.4329397Z,0
5.41803,100.9702907,Daerah: Perak<br>No:1313<br>Hex coord:(45;33),n/a,0,0,0,0,0,0,1,2022-08-07T19:56:09.2399681Z,0
5.42581,100.9838374,Daerah: Perak<br>No:1314<br>Hex coord:(46;33),n/a,0,0,0,0,0,0,1,2022-08-07T19:56:09.9372572Z,0
5.41803,100.9973842,Daerah: Perak<br>No:1315<br>Hex coord:(47;33),n/a,0,0,0,0,0,0,1,2022-08-07T19:56:10.6293407Z,0
5.42581,101.0109309,Daerah: Perak<br>No:1316<br>Hex coord:(48;33),n/a,0,0,0,0,0,0,1,2022-08-07T19:56:11.3196509Z,0
5.41803,101.0244776,Daerah: Perak<br>No:1317<br>Hex coord:(49;33),n/a,0,0,0,0,0,0,1,2022-08-07T19:56:12.0247803Z,0
5.42581,101.0380243,Daerah: Perak<br>No:1318<br>Hex coord:(50;33),n/a,0,0,0,0,0,0,1,2022-08-07T19:56:12.7075655Z,0
5.41803,101.051571,Daerah: Perak<br>No:1319<br>Hex coord:(51;33),n/a,0,0,0,0,0,0,1,2022-08-07T19:56:13.4070930Z,0
5.42581,101.0651177,Daerah: Perak<br>No:1320<br>Hex coord:(52;33),n/a,0,0,0,0,0,0,1,2022-08-07T19:56:14.1355951Z,0
5.41803,101.0786644,Daerah: Perak<br>No:1321<br>Hex coord:(53;33),n/a,0,0,0,0,0,0,1,2022-08-07T19:56:14.8391520Z,0
5.42581,101.0922111,Daerah: Perak<br>No:1322<br>Hex coord:(54;33),n/a,0,0,0,0,0,0,1,2022-08-07T19:56:15.5385234Z,0
5.41803,101.1057578,Daerah: Perak<br>No:1323<br>Hex coord:(55;33),n/a,0,0,0,0,0,0,1,2022-08-07T19:56:16.2396697Z,0
5.42581,101.1193045,Daerah: Perak<br>No:1324<br>Hex coord:(56;33),n/a,1,0,0,0,0,0,1,2022-08-07T19:56:16.9364080Z,0
5.41803,101.1328512,Daerah: Perak<br>No:1325<br>Hex coord:(57;33),n/a,0,0,0,0,0,0,1,2022-08-07T19:56:17.6390386Z,0
5.42581,101.1463979,Daerah: Perak<br>No:1326<br>Hex coord:(58;33),n/a,0,0,0,0,0,0,1,2022-08-07T19:56:18.3438397Z,0
5.41803,101.1599446,Daerah: Perak<br>No:1327<br>Hex coord:(59;33),n/a,0,0,0,0,0,0,1,2022-08-07T19:56:19.0774223Z,0
5.42581,101.1734913,Daerah: Perak<br>No:1328<br>Hex coord:(60;33),n/a,0,0,0,0,0,0,1,2022-08-07T19:56:19.7840654Z,0
5.41803,101.187038,Daerah: Perak<br>No:1329<br>Hex coord:(61;33),n/a,0,0,0,0,0,0,1,2022-08-07T19:56:20.4845142Z,0
5.42581,101.2005847,Daerah: Perak<br>No:1330<br>Hex coord:(62;33),n/a,0,0,0,0,0,0,1,2022-08-07T19:56:21.1831839Z,0
5.41803,101.2141314,Daerah: Perak<br>No:1331<br>Hex coord:(63;33),n/a,0,0,0,0,0,0,1,2022-08-07T19:56:21.8737506Z,0
5.42581,101.2276781,Daerah: Perak<br>No:1332<br>Hex coord:(64;33),n/a,0,0,0,0,0,0,1,2022-08-07T19:56:22.5662539Z,0
5.41803,101.2412249,Daerah: Perak<br>No:1333<br>Hex coord:(65;33),n/a,0,0,0,0,0,0,1,2022-08-07T19:56:23.2621768Z,0
5.42581,101.2547716,Daerah: Perak<br>No:1334<br>Hex coord:(66;33),n/a,0,0,0,0,0,0,1,2022-08-07T19:56:23.9930739Z,0
5.41803,101.2683183,Daerah: Perak<br>No:1335<br>Hex coord:(67;33),n/a,0,0,0,0,0,0,1,2022-08-07T19:56:24.6764585Z,0
5.42581,101.281865,Daerah: Perak<br>No:1336<br>Hex coord:(68;33),n/a,0,0,0,0,0,0,1,2022-08-07T19:56:25.3794772Z,0
5.41803,101.2954117,Daerah: Perak<br>No:1337<br>Hex coord:(69;33),n/a,0,0,0,0,0,0,1,2022-08-07T19:56:26.0813654Z,0
5.42581,101.3089584,Daerah: Perak<br>No:1338<br>Hex coord:(70;33),n/a,0,0,0,0,0,0,1,2022-08-07T19:56:26.7737724Z,0
5.41803,101.3225051,Daerah: Perak<br>No:1339<br>Hex coord:(71;33),n/a,0,0,0,0,0,0,1,2022-08-07T19:56:27.4747403Z,0
5.42581,101.3360518,Daerah: Perak<br>No:1340<br>Hex coord:(72;33),n/a,0,0,0,0,0,0,1,2022-08-07T19:56:28.1668977Z,0
5.41803,101.3495985,Daerah: Perak<br>No:1341<br>Hex coord:(73;33),n/a,0,0,0,0,0,0,1,2022-08-07T19:56:28.8951408Z,0
5.42581,101.3631452,Daerah: Perak<br>No:1342<br>Hex coord:(74;33),n/a,0,0,0,0,0,0,1,2022-08-07T19:56:29.5915622Z,0
5.41803,101.3766919,Daerah: Perak<br>No:1343<br>Hex coord:(75;33),n/a,0,0,0,0,0,0,1,2022-08-07T19:56:30.3005427Z,0
5.42581,101.3902386,Daerah: Perak<br>No:1344<br>Hex coord:(76;33),n/a,0,0,0,0,0,0,1,2022-08-07T19:56:30.9785453Z,0
5.41803,101.4037853,Daerah: Perak<br>No:1345<br>Hex coord:(77;33),n/a,0,0,0,0,0,0,1,2022-08-07T19:56:31.6766910Z,0
5.42581,101.417332,Daerah: Perak<br>No:1346<br>Hex coord:(78;33),n/a,0,0,0,0,0,0,1,2022-08-07T19:56:32.3604344Z,0
5.41803,101.4308787,Daerah: Perak<br>No:1347<br>Hex coord:(79;33),n/a,0,0,0,0,0,0,1,2022-08-07T19:56:33.0678741Z,0
5.42581,101.4444254,Daerah: Perak<br>No:1348<br>Hex coord:(80;33),n/a,0,0,0,0,0,0,1,2022-08-07T19:56:33.7569675Z,0
5.41803,101.4579721,Daerah: Perak<br>No:1349<br>Hex coord:(81;33),n/a,0,0,0,0,0,0,1,2022-08-07T19:56:34.4774015Z,0
5.42581,101.4715188,Daerah: Perak<br>No:1350<br>Hex coord:(82;33),n/a,0,0,0,0,0,0,1,2022-08-07T19:56:35.1640373Z,0
5.41803,101.4850655,Daerah: Perak<br>No:1351<br>Hex coord:(83;33),n/a,0,0,0,0,0,0,1,2022-08-07T19:56:35.8562817Z,0
5.42581,101.4986123,Daerah: Perak<br>No:1352<br>Hex coord:(84;33),n/a,0,0,0,0,0,0,1,2022-08-07T19:56:36.5445172Z,0
5.41803,101.512159,Daerah: Perak<br>No:1353<br>Hex coord:(85;33),n/a,0,0,0,0,0,0,1,2022-08-07T19:56:37.2325409Z,0
5.42581,101.5257057,Daerah: Perak<br>No:1354<br>Hex coord:(86;33),n/a,0,0,0,0,0,0,1,2022-08-07T19:56:37.9254755Z,0
5.41803,101.5392524,Daerah: Perak<br>No:1355<br>Hex coord:(87;33),n/a,0,0,0,0,0,0,1,2022-08-07T19:56:38.6349030Z,0
5.42581,101.5527991,Daerah: Perak<br>No:1356<br>Hex coord:(88;33),n/a,0,0,0,0,0,0,1,2022-08-07T19:56:39.3558858Z,0
5.41803,101.5663458,Daerah: Perak<br>No:1357<br>Hex coord:(89;33),n/a,0,0,0,0,0,0,1,2022-08-07T19:56:40.0571725Z,0
5.42581,101.5798925,Daerah: Perak<br>No:1358<br>Hex coord:(90;33),n/a,0,0,0,0,0,0,1,2022-08-07T19:56:40.7471791Z,0
5.41803,101.5934392,Daerah: Perak<br>No:1359<br>Hex coord:(91;33),n/a,0,0,0,0,0,0,1,2022-08-07T19:56:41.4392604Z,0
5.42581,101.6069859,Daerah: Perak<br>No:1360<br>Hex coord:(92;33),n/a,0,0,0,0,0,0,1,2022-08-07T19:56:42.1440713Z,0
5.41803,101.6205326,Daerah: Perak<br>No:1361<br>Hex coord:(93;33),n/a,0,0,0,0,0,0,1,2022-08-07T19:56:42.8490398Z,0
5.42581,101.6340793,Daerah: Perak<br>No:1362<br>Hex coord:(94;33),n/a,0,0,0,0,0,0,1,2022-08-07T19:56:43.5471985Z,0
5.41803,101.647626,Daerah: Perak<br>No:1363<br>Hex coord:(95;33),n/a,0,0,0,0,0,0,1,2022-08-07T19:56:44.2905843Z,0
5.42581,101.6611727,Daerah: Perak<br>No:1364<br>Hex coord:(96;33),n/a,0,0,0,0,0,0,1,2022-08-07T19:56:44.9836641Z,0
5.41803,101.6747194,Daerah: Perak<br>No:1365<br>Hex coord:(97;33),n/a,0,0,0,0,0,0,1,2022-08-07T19:56:45.7492138Z,0
5.42581,101.6882661,Daerah: Perak<br>No:1366<br>Hex coord:(98;33),n/a,0,0,0,0,0,0,1,2022-08-07T19:56:46.4461577Z,0
5.41803,101.7018128,Daerah: Perak<br>No:1367<br>Hex coord:(99;33),n/a,0,0,0,0,0,0,1,2022-08-07T19:56:47.1418430Z,0
5.42581,101.7153595,Daerah: Perak<br>No:1368<br>Hex coord:(100;33),n/a,0,0,0,0,0,0,1,2022-08-07T19:56:47.8323209Z,0
5.41803,101.7289062,Daerah: Perak<br>No:1369<br>Hex coord:(101;33),n/a,0,0,0,0,0,0,1,2022-08-07T19:56:48.5121379Z,0
5.42581,101.742453,Daerah: Perak<br>No:1370<br>Hex coord:(102;33),n/a,0,0,0,0,0,0,1,2022-08-07T19:56:49.2327014Z,0
5.41025,100.8754638,Daerah: Perak<br>No:1371<br>Hex coord:(38;34),n/a,0,0,0,0,0,0,1,2022-08-07T19:56:49.9420236Z,0
5.40247,100.8890105,Daerah: Perak<br>No:1372<br>Hex coord:(39;34),n/a,0,0,0,0,0,0,1,2022-08-07T19:56:50.6418978Z,0
5.41025,100.9025572,Daerah: Perak<br>No:1373<br>Hex coord:(40;34),n/a,0,0,0,0,0,0,1,2022-08-07T19:56:51.3361149Z,0
5.40247,100.9161039,Daerah: Perak<br>No:1374<br>Hex coord:(41;34),n/a,0,0,0,0,0,0,1,2022-08-07T19:56:52.0180899Z,0
5.41025,100.9296506,Daerah: Perak<br>No:1375<br>Hex coord:(42;34),n/a,0,0,0,0,0,0,1,2022-08-07T19:56:52.7141612Z,0
5.40247,100.9431973,Daerah: Perak<br>No:1376<br>Hex coord:(43;34),n/a,0,0,0,0,0,0,1,2022-08-07T19:56:53.4038744Z,0
5.41025,100.956744,Daerah: Perak<br>No:1377<br>Hex coord:(44;34),n/a,0,0,0,0,0,0,1,2022-08-07T19:56:54.0955247Z,0
5.40247,100.9702907,Daerah: Perak<br>No:1378<br>Hex coord:(45;34),n/a,0,0,0,0,0,0,1,2022-08-07T19:56:54.7955538Z,0
5.41025,100.9838374,Daerah: Perak<br>No:1379<br>Hex coord:(46;34),n/a,0,0,0,0,0,0,1,2022-08-07T19:56:55.4926495Z,0
5.40247,100.9973842,Daerah: Perak<br>No:1380<br>Hex coord:(47;34),n/a,0,0,0,0,0,0,1,2022-08-07T19:56:56.1812015Z,0
5.41025,101.0109309,Daerah: Perak<br>No:1381<br>Hex coord:(48;34),n/a,0,0,0,0,0,0,1,2022-08-07T19:56:56.8698392Z,0
5.40247,101.0244776,Daerah: Perak<br>No:1382<br>Hex coord:(49;34),n/a,0,0,0,0,0,0,1,2022-08-07T19:56:57.5566843Z,0
5.41025,101.0380243,Daerah: Perak<br>No:1383<br>Hex coord:(50;34),n/a,0,0,0,0,0,0,1,2022-08-07T19:56:58.2415552Z,0
5.40247,101.051571,Daerah: Perak<br>No:1384<br>Hex coord:(51;34),n/a,0,0,0,0,0,0,1,2022-08-07T19:56:59.1004412Z,0
5.41025,101.0651177,Daerah: Perak<br>No:1385<br>Hex coord:(52;34),n/a,0,0,0,0,0,0,1,2022-08-07T19:56:59.8632156Z,0
5.40247,101.0786644,Daerah: Perak<br>No:1386<br>Hex coord:(53;34),n/a,0,0,0,0,0,0,1,2022-08-07T19:57:00.5599567Z,0
5.41025,101.0922111,Daerah: Perak<br>No:1387<br>Hex coord:(54;34),n/a,0,0,0,0,0,0,1,2022-08-07T19:57:01.2490066Z,0
5.40247,101.1057578,Daerah: Perak<br>No:1388<br>Hex coord:(55;34),n/a,0,0,0,0,0,0,1,2022-08-07T19:57:01.9521358Z,0
5.41025,101.1193045,Daerah: Perak<br>No:1389<br>Hex coord:(56;34),n/a,2,0,0,0,0,0,1,2022-08-07T19:57:02.6523398Z,0
5.40247,101.1328512,Daerah: Perak<br>No:1390<br>Hex coord:(57;34),n/a,0,0,0,0,0,0,1,2022-08-07T19:57:03.3412376Z,0
5.41025,101.1463979,Daerah: Perak<br>No:1391<br>Hex coord:(58;34),n/a,0,0,0,0,0,0,1,2022-08-07T19:57:04.1061615Z,0
5.40247,101.1599446,Daerah: Perak<br>No:1392<br>Hex coord:(59;34),n/a,0,0,0,0,0,0,1,2022-08-07T19:57:04.7982444Z,0
5.41025,101.1734913,Daerah: Perak<br>No:1393<br>Hex coord:(60;34),n/a,0,0,0,0,0,0,1,2022-08-07T19:57:05.4958642Z,0
5.40247,101.187038,Daerah: Perak<br>No:1394<br>Hex coord:(61;34),n/a,0,0,0,0,0,0,1,2022-08-07T19:57:06.1864326Z,0
5.41025,101.2005847,Daerah: Perak<br>No:1395<br>Hex coord:(62;34),n/a,0,0,0,0,0,0,1,2022-08-07T19:57:06.8810770Z,0
5.40247,101.2141314,Daerah: Perak<br>No:1396<br>Hex coord:(63;34),n/a,0,0,0,0,0,0,1,2022-08-07T19:57:07.5831857Z,0
5.41025,101.2276781,Daerah: Perak<br>No:1397<br>Hex coord:(64;34),n/a,0,0,0,0,0,0,1,2022-08-07T19:57:08.2655514Z,0
5.40247,101.2412249,Daerah: Perak<br>No:1398<br>Hex coord:(65;34),n/a,0,0,0,0,0,0,1,2022-08-07T19:57:08.9982193Z,0
5.41025,101.2547716,Daerah: Perak<br>No:1399<br>Hex coord:(66;34),n/a,0,0,0,0,0,0,1,2022-08-07T19:57:09.6912793Z,0
5.40247,101.2683183,Daerah: Perak<br>No:1400<br>Hex coord:(67;34),n/a,0,0,0,0,0,0,1,2022-08-07T19:57:10.3897050Z,0
5.41025,101.281865,Daerah: Perak<br>No:1401<br>Hex coord:(68;34),n/a,0,0,0,0,0,0,1,2022-08-07T19:57:11.0762869Z,0
5.40247,101.2954117,Daerah: Perak<br>No:1402<br>Hex coord:(69;34),n/a,0,0,0,0,0,0,1,2022-08-07T19:57:11.7858355Z,0
5.41025,101.3089584,Daerah: Perak<br>No:1403<br>Hex coord:(70;34),n/a,0,0,0,0,0,0,1,2022-08-07T19:57:12.4758931Z,0
5.40247,101.3225051,Daerah: Perak<br>No:1404<br>Hex coord:(71;34),n/a,0,0,0,0,0,0,1,2022-08-07T19:57:13.1518828Z,0
5.41025,101.3360518,Daerah: Perak<br>No:1405<br>Hex coord:(72;34),n/a,0,0,0,0,0,0,1,2022-08-07T19:57:13.8405330Z,0
5.40247,101.3495985,Daerah: Perak<br>No:1406<br>Hex coord:(73;34),n/a,0,0,0,0,0,0,1,2022-08-07T19:57:14.5803289Z,0
5.41025,101.3631452,Daerah: Perak<br>No:1407<br>Hex coord:(74;34),n/a,0,0,0,0,0,0,1,2022-08-07T19:57:15.2680592Z,0
5.40247,101.3766919,Daerah: Perak<br>No:1408<br>Hex coord:(75;34),n/a,0,0,0,0,0,0,1,2022-08-07T19:57:15.9937724Z,0
5.41025,101.3902386,Daerah: Perak<br>No:1409<br>Hex coord:(76;34),n/a,0,0,0,0,0,0,1,2022-08-07T19:57:16.6755430Z,0
5.40247,101.4037853,Daerah: Perak<br>No:1410<br>Hex coord:(77;34),n/a,0,0,0,0,0,0,1,2022-08-07T19:57:17.3549155Z,0
5.41025,101.417332,Daerah: Perak<br>No:1411<br>Hex coord:(78;34),n/a,0,0,0,0,0,0,1,2022-08-07T19:57:18.0434224Z,0
5.40247,101.4308787,Daerah: Perak<br>No:1412<br>Hex coord:(79;34),n/a,0,0,0,0,0,0,1,2022-08-07T19:57:18.7436210Z,0
5.41025,101.4444254,Daerah: Perak<br>No:1413<br>Hex coord:(80;34),n/a,0,0,0,0,0,0,1,2022-08-07T19:57:19.4763359Z,0
5.40247,101.4579721,Daerah: Perak<br>No:1414<br>Hex coord:(81;34),n/a,0,0,0,0,0,0,1,2022-08-07T19:57:20.1712453Z,0
5.41025,101.4715188,Daerah: Perak<br>No:1415<br>Hex coord:(82;34),n/a,0,0,0,0,0,0,1,2022-08-07T19:57:20.8682545Z,0
5.40247,101.4850655,Daerah: Perak<br>No:1416<br>Hex coord:(83;34),n/a,0,0,0,0,0,0,1,2022-08-07T19:57:21.5488608Z,0
5.41025,101.4986123,Daerah: Perak<br>No:1417<br>Hex coord:(84;34),n/a,0,0,0,0,0,0,1,2022-08-07T19:57:22.2359491Z,0
5.40247,101.512159,Daerah: Perak<br>No:1418<br>Hex coord:(85;34),n/a,0,0,0,0,0,0,1,2022-08-07T19:57:22.9304926Z,0
5.41025,101.5257057,Daerah: Perak<br>No:1419<br>Hex coord:(86;34),n/a,0,0,0,0,0,0,1,2022-08-07T19:57:23.6171139Z,0
5.40247,101.5392524,Daerah: Perak<br>No:1420<br>Hex coord:(87;34),n/a,0,0,0,0,0,0,1,2022-08-07T19:57:24.3510057Z,0
5.41025,101.5527991,Daerah: Perak<br>No:1421<br>Hex coord:(88;34),n/a,0,0,0,0,0,0,1,2022-08-07T19:57:25.0341807Z,0
5.40247,101.5663458,Daerah: Perak<br>No:1422<br>Hex coord:(89;34),n/a,0,0,0,0,0,0,1,2022-08-07T19:57:25.7315608Z,0
5.41025,101.5798925,Daerah: Perak<br>No:1423<br>Hex coord:(90;34),n/a,0,0,0,0,0,0,1,2022-08-07T19:57:26.4210967Z,0
5.40247,101.5934392,Daerah: Perak<br>No:1424<br>Hex coord:(91;34),n/a,0,0,0,0,0,0,1,2022-08-07T19:57:27.1149854Z,0
5.41025,101.6069859,Daerah: Perak<br>No:1425<br>Hex coord:(92;34),n/a,0,0,0,0,0,0,1,2022-08-07T19:57:27.8059740Z,0
5.40247,101.6205326,Daerah: Perak<br>No:1426<br>Hex coord:(93;34),n/a,0,0,0,0,0,0,1,2022-08-07T19:57:28.5017003Z,0
5.41025,101.6340793,Daerah: Perak<br>No:1427<br>Hex coord:(94;34),n/a,0,0,0,0,0,0,1,2022-08-07T19:57:29.2346532Z,0
5.40247,101.647626,Daerah: Perak<br>No:1428<br>Hex coord:(95;34),n/a,0,0,0,0,0,0,1,2022-08-07T19:57:29.9783349Z,0
5.41025,101.6611727,Daerah: Perak<br>No:1429<br>Hex coord:(96;34),n/a,0,0,0,0,0,0,1,2022-08-07T19:57:30.6677532Z,0
5.40247,101.6747194,Daerah: Perak<br>No:1430<br>Hex coord:(97;34),n/a,0,0,0,0,0,0,1,2022-08-07T19:57:31.3408146Z,0
5.41025,101.6882661,Daerah: Perak<br>No:1431<br>Hex coord:(98;34),n/a,0,0,0,0,0,0,1,2022-08-07T19:57:32.0235253Z,0
5.40247,101.7018128,Daerah: Perak<br>No:1432<br>Hex coord:(99;34),n/a,0,0,0,0,0,0,1,2022-08-07T19:57:32.7124736Z,0
5.41025,101.7153595,Daerah: Perak<br>No:1433<br>Hex coord:(100;34),n/a,0,0,0,0,0,0,1,2022-08-07T19:57:33.4077876Z,0
5.40247,101.7289062,Daerah: Perak<br>No:1434<br>Hex coord:(101;34),n/a,0,0,0,0,0,0,1,2022-08-07T19:57:34.1399491Z,0
5.38691,100.8619171,Daerah: Perak<br>No:1435<br>Hex coord:(37;35),n/a,0,0,0,0,0,0,1,2022-08-07T19:57:34.8282708Z,0
5.39469,100.8754638,Daerah: Perak<br>No:1436<br>Hex coord:(38;35),n/a,0,0,0,0,0,0,1,2022-08-07T19:57:35.5134835Z,0
5.38691,100.8890105,Daerah: Perak<br>No:1437<br>Hex coord:(39;35),n/a,0,0,0,0,0,0,1,2022-08-07T19:57:36.2066832Z,0
5.39469,100.9025572,Daerah: Perak<br>No:1438<br>Hex coord:(40;35),n/a,0,0,0,0,0,0,1,2022-08-07T19:57:36.8886798Z,0
5.38691,100.9161039,Daerah: Perak<br>No:1439<br>Hex coord:(41;35),n/a,0,0,0,0,0,0,1,2022-08-07T19:57:37.5911725Z,0
5.39469,100.9296506,Daerah: Perak<br>No:1440<br>Hex coord:(42;35),n/a,0,0,0,0,0,0,1,2022-08-07T19:57:38.2700890Z,0
5.38691,100.9431973,Daerah: Perak<br>No:1441<br>Hex coord:(43;35),n/a,0,0,0,0,0,0,1,2022-08-07T19:57:38.9918932Z,0
5.39469,100.956744,Daerah: Perak<br>No:1442<br>Hex coord:(44;35),n/a,0,0,0,0,0,0,1,2022-08-07T19:57:39.6790144Z,0
5.38691,100.9702907,Daerah: Perak<br>No:1443<br>Hex coord:(45;35),n/a,0,0,0,0,0,0,1,2022-08-07T19:57:40.3660021Z,0
5.39469,100.9838374,Daerah: Perak<br>No:1444<br>Hex coord:(46;35),n/a,0,0,0,0,0,0,1,2022-08-07T19:57:41.0580686Z,0
5.38691,100.9973842,Daerah: Perak<br>No:1445<br>Hex coord:(47;35),n/a,0,0,0,0,0,0,1,2022-08-07T19:57:41.7392768Z,0
5.39469,101.0109309,Daerah: Perak<br>No:1446<br>Hex coord:(48;35),n/a,0,0,0,0,0,0,1,2022-08-07T19:57:42.4407238Z,0
5.38691,101.0244776,Daerah: Perak<br>No:1447<br>Hex coord:(49;35),n/a,0,0,0,0,0,0,1,2022-08-07T19:57:43.1349703Z,0
5.39469,101.0380243,Daerah: Perak<br>No:1448<br>Hex coord:(50;35),n/a,0,0,0,0,0,0,1,2022-08-07T19:57:43.8300336Z,0
5.38691,101.051571,Daerah: Perak<br>No:1449<br>Hex coord:(51;35),n/a,0,0,0,0,0,0,1,2022-08-07T19:57:44.5899940Z,0
5.39469,101.0651177,Daerah: Perak<br>No:1450<br>Hex coord:(52;35),n/a,0,0,0,0,0,0,1,2022-08-07T19:57:45.2808611Z,0
5.38691,101.0786644,Daerah: Perak<br>No:1451<br>Hex coord:(53;35),n/a,0,0,0,0,0,0,1,2022-08-07T19:57:45.9834004Z,0
5.39469,101.0922111,Daerah: Perak<br>No:1452<br>Hex coord:(54;35),n/a,0,0,0,0,0,0,1,2022-08-07T19:57:46.6810649Z,0
5.38691,101.1057578,Daerah: Perak<br>No:1453<br>Hex coord:(55;35),n/a,0,0,0,0,0,0,1,2022-08-07T19:57:47.3803372Z,0
5.39469,101.1193045,Daerah: Perak<br>No:1454<br>Hex coord:(56;35),n/a,0,0,0,0,0,0,1,2022-08-07T19:57:48.0720773Z,0
5.38691,101.1328512,Daerah: Perak<br>No:1455<br>Hex coord:(57;35),n/a,0,0,0,0,0,0,1,2022-08-07T19:57:48.7643963Z,0
5.39469,101.1463979,Daerah: Perak<br>No:1456<br>Hex coord:(58;35),n/a,0,0,0,0,0,0,1,2022-08-07T19:57:49.5865815Z,0
5.38691,101.1599446,Daerah: Perak<br>No:1457<br>Hex coord:(59;35),n/a,0,0,0,0,0,0,1,2022-08-07T19:57:50.2990959Z,0
5.39469,101.1734913,Daerah: Perak<br>No:1458<br>Hex coord:(60;35),n/a,0,0,0,0,0,0,1,2022-08-07T19:57:50.9928873Z,0
5.38691,101.187038,Daerah: Perak<br>No:1459<br>Hex coord:(61;35),n/a,0,0,0,0,0,0,1,2022-08-07T19:57:51.6666552Z,0
5.39469,101.2005847,Daerah: Perak<br>No:1460<br>Hex coord:(62;35),n/a,0,0,0,0,0,0,1,2022-08-07T19:57:52.3675656Z,0
5.38691,101.2141314,Daerah: Perak<br>No:1461<br>Hex coord:(63;35),n/a,0,0,0,0,0,0,1,2022-08-07T19:57:53.0619204Z,0
5.39469,101.2276781,Daerah: Perak<br>No:1462<br>Hex coord:(64;35),n/a,0,0,0,0,0,0,1,2022-08-07T19:57:53.7558704Z,0
5.38691,101.2412249,Daerah: Perak<br>No:1463<br>Hex coord:(65;35),n/a,0,0,0,0,0,0,1,2022-08-07T19:57:54.4776939Z,0
5.39469,101.2547716,Daerah: Perak<br>No:1464<br>Hex coord:(66;35),n/a,0,0,0,0,0,0,1,2022-08-07T19:57:55.1701902Z,0
5.38691,101.2683183,Daerah: Perak<br>No:1465<br>Hex coord:(67;35),n/a,0,0,0,0,0,0,1,2022-08-07T19:57:55.8631743Z,0
5.39469,101.281865,Daerah: Perak<br>No:1466<br>Hex coord:(68;35),n/a,0,0,0,0,0,0,1,2022-08-07T19:57:56.5624768Z,0
5.38691,101.2954117,Daerah: Perak<br>No:1467<br>Hex coord:(69;35),n/a,0,0,0,0,0,0,1,2022-08-07T19:57:57.2588482Z,0
5.39469,101.3089584,Daerah: Perak<br>No:1468<br>Hex coord:(70;35),n/a,0,0,0,0,0,0,1,2022-08-07T19:57:57.9435737Z,0
5.38691,101.3225051,Daerah: Perak<br>No:1469<br>Hex coord:(71;35),n/a,0,0,0,0,0,0,1,2022-08-07T19:57:58.6210701Z,0
5.39469,101.3360518,Daerah: Perak<br>No:1470<br>Hex coord:(72;35),n/a,0,0,0,0,0,0,1,2022-08-07T19:57:59.3635395Z,0
5.38691,101.3495985,Daerah: Perak<br>No:1471<br>Hex coord:(73;35),n/a,0,0,0,0,0,0,1,2022-08-07T19:58:00.0459237Z,0
5.39469,101.3631452,Daerah: Perak<br>No:1472<br>Hex coord:(74;35),n/a,0,0,0,0,0,0,1,2022-08-07T19:58:00.7489474Z,0
5.38691,101.3766919,Daerah: Perak<br>No:1473<br>Hex coord:(75;35),n/a,0,0,0,0,0,0,1,2022-08-07T19:58:01.4371321Z,0
5.39469,101.3902386,Daerah: Perak<br>No:1474<br>Hex coord:(76;35),n/a,0,0,0,0,0,0,1,2022-08-07T19:58:02.1380288Z,0
5.38691,101.4037853,Daerah: Perak<br>No:1475<br>Hex coord:(77;35),n/a,0,0,0,0,0,0,1,2022-08-07T19:58:02.8471110Z,0
5.39469,101.417332,Daerah: Perak<br>No:1476<br>Hex coord:(78;35),n/a,0,0,0,0,0,0,1,2022-08-07T19:58:03.5257397Z,0
5.38691,101.4308787,Daerah: Perak<br>No:1477<br>Hex coord:(79;35),n/a,0,0,0,0,0,0,1,2022-08-07T19:58:04.2550420Z,0
5.39469,101.4444254,Daerah: Perak<br>No:1478<br>Hex coord:(80;35),n/a,0,0,0,0,0,0,1,2022-08-07T19:58:04.9332463Z,0
5.38691,101.4579721,Daerah: Perak<br>No:1479<br>Hex coord:(81;35),n/a,0,0,0,0,0,0,1,2022-08-07T19:58:05.6240316Z,0
5.39469,101.4715188,Daerah: Perak<br>No:1480<br>Hex coord:(82;35),n/a,0,0,0,0,0,0,1,2022-08-07T19:58:06.3139347Z,0
5.38691,101.4850655,Daerah: Perak<br>No:1481<br>Hex coord:(83;35),n/a,0,0,0,0,0,0,1,2022-08-07T19:58:07.0001985Z,0
5.39469,101.4986123,Daerah: Perak<br>No:1482<br>Hex coord:(84;35),n/a,0,0,0,0,0,0,1,2022-08-07T19:58:07.6959282Z,0
5.38691,101.512159,Daerah: Perak<br>No:1483<br>Hex coord:(85;35),n/a,0,0,0,0,0,0,1,2022-08-07T19:58:08.3933596Z,0
5.39469,101.5257057,Daerah: Perak<br>No:1484<br>Hex coord:(86;35),n/a,0,0,0,0,0,0,1,2022-08-07T19:58:09.1216455Z,0
5.38691,101.5392524,Daerah: Perak<br>No:1485<br>Hex coord:(87;35),n/a,0,0,0,0,0,0,1,2022-08-07T19:58:09.8136137Z,0
5.39469,101.5527991,Daerah: Perak<br>No:1486<br>Hex coord:(88;35),n/a,0,0,0,0,0,0,1,2022-08-07T19:58:10.5099472Z,0
5.38691,101.5663458,Daerah: Perak<br>No:1487<br>Hex coord:(89;35),n/a,0,0,0,0,0,0,1,2022-08-07T19:58:11.2060300Z,0
5.39469,101.5798925,Daerah: Perak<br>No:1488<br>Hex coord:(90;35),n/a,0,0,0,0,0,0,1,2022-08-07T19:58:11.8930662Z,0
5.38691,101.5934392,Daerah: Perak<br>No:1489<br>Hex coord:(91;35),n/a,0,0,0,0,0,0,1,2022-08-07T19:58:12.5728219Z,0
5.39469,101.6069859,Daerah: Perak<br>No:1490<br>Hex coord:(92;35),n/a,0,0,0,0,0,0,1,2022-08-07T19:58:13.2616810Z,0
5.38691,101.6205326,Daerah: Perak<br>No:1491<br>Hex coord:(93;35),n/a,0,0,0,0,0,0,1,2022-08-07T19:58:14.0026323Z,0
5.39469,101.6340793,Daerah: Perak<br>No:1492<br>Hex coord:(94;35),n/a,0,0,0,0,0,0,1,2022-08-07T19:58:14.6954384Z,0
5.38691,101.647626,Daerah: Perak<br>No:1493<br>Hex coord:(95;35),n/a,0,0,0,0,0,0,1,2022-08-07T19:58:15.3829863Z,0
5.39469,101.6611727,Daerah: Perak<br>No:1494<br>Hex coord:(96;35),n/a,0,0,0,0,0,0,1,2022-08-07T19:58:16.0654439Z,0
5.38691,101.6747194,Daerah: Perak<br>No:1495<br>Hex coord:(97;35),n/a,0,0,0,0,0,0,1,2022-08-07T19:58:16.7543441Z,0
5.39469,101.6882661,Daerah: Perak<br>No:1496<br>Hex coord:(98;35),n/a,0,0,0,0,0,0,1,2022-08-07T19:58:17.4515565Z,0
5.38691,101.7018128,Daerah: Perak<br>No:1497<br>Hex coord:(99;35),n/a,0,0,0,0,0,0,1,2022-08-07T19:58:18.1376656Z,0
5.39469,101.7153595,Daerah: Perak<br>No:1498<br>Hex coord:(100;35),n/a,0,0,0,0,0,0,1,2022-08-07T19:58:18.8139277Z,0
5.38691,101.7289062,Daerah: Perak<br>No:1499<br>Hex coord:(101;35),n/a,0,0,0,0,0,0,1,2022-08-07T19:58:19.5422843Z,0
5.37135,100.8619171,Daerah: Perak<br>No:1500<br>Hex coord:(37;36),n/a,0,0,0,0,0,0,1,2022-08-07T19:58:20.2221271Z,0
5.37913,100.8754638,Daerah: Perak<br>No:1501<br>Hex coord:(38;36),n/a,0,0,0,0,0,0,1,2022-08-07T19:58:20.9034100Z,0
5.37135,100.8890105,Daerah: Perak<br>No:1502<br>Hex coord:(39;36),n/a,0,0,0,0,0,0,1,2022-08-07T19:58:21.5844584Z,0
5.37913,100.9025572,Daerah: Perak<br>No:1503<br>Hex coord:(40;36),n/a,0,0,0,0,0,0,1,2022-08-07T19:58:22.2705858Z,0
5.37135,100.9161039,Daerah: Perak<br>No:1504<br>Hex coord:(41;36),n/a,0,0,0,0,0,0,1,2022-08-07T19:58:22.9770263Z,0
5.37913,100.9296506,Daerah: Perak<br>No:1505<br>Hex coord:(42;36),n/a,0,0,0,0,0,0,1,2022-08-07T19:58:23.6635408Z,0
5.37135,100.9431973,Daerah: Perak<br>No:1506<br>Hex coord:(43;36),n/a,0,0,0,0,0,0,1,2022-08-07T19:58:24.3991503Z,0
5.37913,100.956744,Daerah: Perak<br>No:1507<br>Hex coord:(44;36),n/a,0,0,0,0,0,0,1,2022-08-07T19:58:25.0867496Z,0
5.37135,100.9702907,Daerah: Perak<br>No:1508<br>Hex coord:(45;36),n/a,0,0,0,0,0,0,1,2022-08-07T19:58:25.7829174Z,0
5.37913,100.9838374,Daerah: Perak<br>No:1509<br>Hex coord:(46;36),n/a,0,0,0,0,0,0,1,2022-08-07T19:58:26.4815884Z,0
5.37135,100.9973842,Daerah: Perak<br>No:1510<br>Hex coord:(47;36),n/a,0,0,0,0,0,0,1,2022-08-07T19:58:27.1818911Z,0
5.37913,101.0109309,Daerah: Perak<br>No:1511<br>Hex coord:(48;36),n/a,0,0,0,0,0,0,1,2022-08-07T19:58:27.8700120Z,0
5.37135,101.0244776,Daerah: Perak<br>No:1512<br>Hex coord:(49;36),n/a,0,0,0,0,0,0,1,2022-08-07T19:58:28.5537294Z,0
5.37913,101.0380243,Daerah: Perak<br>No:1513<br>Hex coord:(50;36),n/a,0,0,0,0,0,0,1,2022-08-07T19:58:29.2839630Z,0
5.37135,101.051571,Daerah: Perak<br>No:1514<br>Hex coord:(51;36),n/a,0,0,0,0,0,0,1,2022-08-07T19:58:29.9741493Z,0
5.37913,101.0651177,Daerah: Perak<br>No:1515<br>Hex coord:(52;36),n/a,0,0,0,0,0,0,1,2022-08-07T19:58:30.6694195Z,0
5.37135,101.0786644,Daerah: Perak<br>No:1516<br>Hex coord:(53;36),n/a,0,0,0,0,0,0,1,2022-08-07T19:58:31.3621044Z,0
5.37913,101.0922111,Daerah: Perak<br>No:1517<br>Hex coord:(54;36),n/a,0,0,0,0,0,0,1,2022-08-07T19:58:32.0580404Z,0
5.37135,101.1057578,Daerah: Perak<br>No:1518<br>Hex coord:(55;36),n/a,0,0,0,0,0,0,1,2022-08-07T19:58:32.7551928Z,0
5.37913,101.1193045,Daerah: Perak<br>No:1519<br>Hex coord:(56;36),n/a,0,0,0,0,0,0,1,2022-08-07T19:58:33.4549246Z,0
5.37135,101.1328512,Daerah: Perak<br>No:1520<br>Hex coord:(57;36),n/a,0,0,0,0,0,0,1,2022-08-07T19:58:34.2712326Z,0
5.37913,101.1463979,Daerah: Perak<br>No:1521<br>Hex coord:(58;36),n/a,0,0,0,0,0,0,1,2022-08-07T19:58:34.9639947Z,0
5.37135,101.1599446,Daerah: Perak<br>No:1522<br>Hex coord:(59;36),n/a,0,0,0,0,0,0,1,2022-08-07T19:58:35.6589660Z,0
5.37913,101.1734913,Daerah: Perak<br>No:1523<br>Hex coord:(60;36),n/a,0,0,0,0,0,0,1,2022-08-07T19:58:36.3493366Z,0
5.37135,101.187038,Daerah: Perak<br>No:1524<br>Hex coord:(61;36),n/a,0,0,0,0,0,0,1,2022-08-07T19:58:37.0388011Z,0
5.37913,101.2005847,Daerah: Perak<br>No:1525<br>Hex coord:(62;36),n/a,0,0,0,0,0,0,1,2022-08-07T19:58:37.7201640Z,0
5.37135,101.2141314,Daerah: Perak<br>No:1526<br>Hex coord:(63;36),n/a,0,0,0,0,0,0,1,2022-08-07T19:58:38.4170832Z,0
5.37913,101.2276781,Daerah: Perak<br>No:1527<br>Hex coord:(64;36),n/a,0,0,0,0,0,0,1,2022-08-07T19:58:39.1365881Z,0
5.37135,101.2412249,Daerah: Perak<br>No:1528<br>Hex coord:(65;36),n/a,0,0,0,0,0,0,1,2022-08-07T19:58:39.8328148Z,0
5.37913,101.2547716,Daerah: Perak<br>No:1529<br>Hex coord:(66;36),n/a,0,0,0,0,0,0,1,2022-08-07T19:58:40.5209604Z,0
5.37135,101.2683183,Daerah: Perak<br>No:1530<br>Hex coord:(67;36),n/a,0,0,0,0,0,0,1,2022-08-07T19:58:41.2068623Z,0
5.37913,101.281865,Daerah: Perak<br>No:1531<br>Hex coord:(68;36),n/a,0,0,0,0,0,0,1,2022-08-07T19:58:41.8865855Z,0
5.37135,101.2954117,Daerah: Perak<br>No:1532<br>Hex coord:(69;36),n/a,0,0,0,0,0,0,1,2022-08-07T19:58:42.5639417Z,0
5.37913,101.3089584,Daerah: Perak<br>No:1533<br>Hex coord:(70;36),n/a,0,0,0,0,0,0,1,2022-08-07T19:58:43.2542609Z,0
5.37135,101.3225051,Daerah: Perak<br>No:1534<br>Hex coord:(71;36),n/a,0,0,0,0,0,0,1,2022-08-07T19:58:43.9956015Z,0
5.37913,101.3360518,Daerah: Perak<br>No:1535<br>Hex coord:(72;36),n/a,0,0,0,0,0,0,1,2022-08-07T19:58:44.6828738Z,0
5.37135,101.3495985,Daerah: Perak<br>No:1536<br>Hex coord:(73;36),n/a,0,0,0,0,0,0,1,2022-08-07T19:58:45.3724448Z,0
5.37913,101.3631452,Daerah: Perak<br>No:1537<br>Hex coord:(74;36),n/a,0,0,0,0,0,0,1,2022-08-07T19:58:46.0583696Z,0
5.37135,101.3766919,Daerah: Perak<br>No:1538<br>Hex coord:(75;36),n/a,0,0,0,0,0,0,1,2022-08-07T19:58:49.1948254Z,0
5.37913,101.3902386,Daerah: Perak<br>No:1539<br>Hex coord:(76;36),n/a,0,0,0,0,0,0,1,2022-08-07T19:58:49.8897693Z,0
5.37135,101.4037853,Daerah: Perak<br>No:1540<br>Hex coord:(77;36),n/a,0,0,0,0,0,0,1,2022-08-07T19:58:50.5876959Z,0
5.37913,101.417332,Daerah: Perak<br>No:1541<br>Hex coord:(78;36),n/a,0,0,0,0,0,0,1,2022-08-07T19:58:51.2901842Z,0
5.37135,101.4308787,Daerah: Perak<br>No:1542<br>Hex coord:(79;36),n/a,0,0,0,0,0,0,1,2022-08-07T19:58:51.9688243Z,0
5.37913,101.4444254,Daerah: Perak<br>No:1543<br>Hex coord:(80;36),n/a,0,0,0,0,0,0,1,2022-08-07T19:58:52.6604877Z,0
5.37135,101.4579721,Daerah: Perak<br>No:1544<br>Hex coord:(81;36),n/a,0,0,0,0,0,0,1,2022-08-07T19:58:53.3473743Z,0
5.37913,101.4715188,Daerah: Perak<br>No:1545<br>Hex coord:(82;36),n/a,0,0,0,0,0,0,1,2022-08-07T19:58:54.0991399Z,0
5.37135,101.4850655,Daerah: Perak<br>No:1546<br>Hex coord:(83;36),n/a,0,0,0,0,0,0,1,2022-08-07T19:58:54.7962170Z,0
5.37913,101.4986123,Daerah: Perak<br>No:1547<br>Hex coord:(84;36),n/a,0,0,0,0,0,0,1,2022-08-07T19:58:55.4821921Z,0
5.37135,101.512159,Daerah: Perak<br>No:1548<br>Hex coord:(85;36),n/a,0,0,0,0,0,0,1,2022-08-07T19:58:56.1784896Z,0
5.37913,101.5257057,Daerah: Perak<br>No:1549<br>Hex coord:(86;36),n/a,0,0,0,0,0,0,1,2022-08-07T19:58:56.8679960Z,0
5.37135,101.5392524,Daerah: Perak<br>No:1550<br>Hex coord:(87;36),n/a,0,0,0,0,0,0,1,2022-08-07T19:58:57.5592333Z,0
5.37913,101.5527991,Daerah: Perak<br>No:1551<br>Hex coord:(88;36),n/a,0,0,0,0,0,0,1,2022-08-07T19:58:58.2453195Z,0
5.37135,101.5663458,Daerah: Perak<br>No:1552<br>Hex coord:(89;36),n/a,0,0,0,0,0,0,1,2022-08-07T19:58:58.9887212Z,0
5.37913,101.5798925,Daerah: Perak<br>No:1553<br>Hex coord:(90;36),n/a,0,0,0,0,0,0,1,2022-08-07T19:58:59.6933836Z,0
5.37135,101.5934392,Daerah: Perak<br>No:1554<br>Hex coord:(91;36),n/a,0,0,0,0,0,0,1,2022-08-07T19:59:00.3982037Z,0
5.37913,101.6069859,Daerah: Perak<br>No:1555<br>Hex coord:(92;36),n/a,0,0,0,0,0,0,1,2022-08-07T19:59:01.0800248Z,0
5.37135,101.6205326,Daerah: Perak<br>No:1556<br>Hex coord:(93;36),n/a,0,0,0,0,0,0,1,2022-08-07T19:59:01.7635668Z,0
5.37913,101.6340793,Daerah: Perak<br>No:1557<br>Hex coord:(94;36),n/a,0,0,0,0,0,0,1,2022-08-07T19:59:02.4398026Z,0
5.37135,101.647626,Daerah: Perak<br>No:1558<br>Hex coord:(95;36),n/a,0,0,0,0,0,0,1,2022-08-07T19:59:03.1256870Z,0
5.37913,101.6611727,Daerah: Perak<br>No:1559<br>Hex coord:(96;36),n/a,0,0,0,0,0,0,1,2022-08-07T19:59:03.8197394Z,0
5.37135,101.6747194,Daerah: Perak<br>No:1560<br>Hex coord:(97;36),n/a,0,0,0,0,0,0,1,2022-08-07T19:59:04.5398951Z,0
5.37913,101.6882661,Daerah: Perak<br>No:1561<br>Hex coord:(98;36),n/a,0,0,0,0,0,0,1,2022-08-07T19:59:05.2257146Z,0
5.37135,101.7018128,Daerah: Perak<br>No:1562<br>Hex coord:(99;36),n/a,0,0,0,0,0,0,1,2022-08-07T19:59:05.9847468Z,0
5.37913,101.7153595,Daerah: Perak<br>No:1563<br>Hex coord:(100;36),n/a,0,0,0,0,0,0,1,2022-08-07T19:59:06.6775175Z,0
5.37135,101.7289062,Daerah: Perak<br>No:1564<br>Hex coord:(101;36),n/a,0,0,0,0,0,0,1,2022-08-07T19:59:07.3691259Z,0
5.37913,101.742453,Daerah: Perak<br>No:1565<br>Hex coord:(102;36),n/a,0,0,0,0,0,0,1,2022-08-07T19:59:08.0552821Z,0
5.35579,100.8619171,Daerah: Perak<br>No:1566<br>Hex coord:(37;37),n/a,0,0,0,0,0,0,1,2022-08-07T19:59:08.7473703Z,0
5.36357,100.8754638,Daerah: Perak<br>No:1567<br>Hex coord:(38;37),n/a,0,0,0,0,0,0,1,2022-08-07T19:59:09.4913140Z,0
5.35579,100.8890105,Daerah: Perak<br>No:1568<br>Hex coord:(39;37),n/a,0,0,0,0,0,0,1,2022-08-07T19:59:10.1736847Z,0
5.36357,100.9025572,Daerah: Perak<br>No:1569<br>Hex coord:(40;37),n/a,0,0,0,0,0,0,1,2022-08-07T19:59:10.8650752Z,0
5.35579,100.9161039,Daerah: Perak<br>No:1570<br>Hex coord:(41;37),n/a,0,0,0,0,0,0,1,2022-08-07T19:59:11.5511030Z,0
5.36357,100.9296506,Daerah: Perak<br>No:1571<br>Hex coord:(42;37),n/a,0,0,0,0,0,0,1,2022-08-07T19:59:12.2471337Z,0
5.35579,100.9431973,Daerah: Perak<br>No:1572<br>Hex coord:(43;37),n/a,0,0,0,0,0,0,1,2022-08-07T19:59:12.9388856Z,0
5.36357,100.956744,Daerah: Perak<br>No:1573<br>Hex coord:(44;37),n/a,0,0,0,0,0,0,1,2022-08-07T19:59:13.6334682Z,0
5.35579,100.9702907,Daerah: Perak<br>No:1574<br>Hex coord:(45;37),n/a,0,0,0,0,0,0,1,2022-08-07T19:59:14.4229634Z,0
5.36357,100.9838374,Daerah: Perak<br>No:1575<br>Hex coord:(46;37),n/a,0,0,0,0,0,0,1,2022-08-07T19:59:15.1314421Z,0
5.35579,100.9973842,Daerah: Perak<br>No:1576<br>Hex coord:(47;37),n/a,0,0,0,0,0,0,1,2022-08-07T19:59:15.8179497Z,0
5.36357,101.0109309,Daerah: Perak<br>No:1577<br>Hex coord:(48;37),n/a,0,0,0,0,0,0,1,2022-08-07T19:59:21.3804689Z,0
5.35579,101.0244776,Daerah: Perak<br>No:1578<br>Hex coord:(49;37),n/a,0,0,0,0,0,0,1,2022-08-07T19:59:22.0762140Z,0
5.36357,101.0380243,Daerah: Perak<br>No:1579<br>Hex coord:(50;37),n/a,0,0,0,0,0,0,1,2022-08-07T19:59:22.7726408Z,0
5.35579,101.051571,Daerah: Perak<br>No:1580<br>Hex coord:(51;37),n/a,0,0,0,0,0,0,1,2022-08-07T19:59:23.4712608Z,0
5.36357,101.0651177,Daerah: Perak<br>No:1581<br>Hex coord:(52;37),n/a,0,0,0,0,0,0,1,2022-08-07T19:59:24.1732390Z,0
5.35579,101.0786644,Daerah: Perak<br>No:1582<br>Hex coord:(53;37),n/a,0,0,0,0,0,0,1,2022-08-07T19:59:24.8792872Z,0
5.36357,101.0922111,Daerah: Perak<br>No:1583<br>Hex coord:(54;37),n/a,0,0,0,0,0,0,1,2022-08-07T19:59:25.5717392Z,0
5.35579,101.1057578,Daerah: Perak<br>No:1584<br>Hex coord:(55;37),n/a,0,0,0,0,0,0,1,2022-08-07T19:59:26.3961161Z,0
5.36357,101.1193045,Daerah: Perak<br>No:1585<br>Hex coord:(56;37),n/a,0,0,0,0,0,0,1,2022-08-07T19:59:27.0896019Z,0
5.35579,101.1328512,Daerah: Perak<br>No:1586<br>Hex coord:(57;37),n/a,0,0,0,0,0,0,1,2022-08-07T19:59:27.7847099Z,0
5.36357,101.1463979,Daerah: Perak<br>No:1587<br>Hex coord:(58;37),n/a,0,0,0,0,0,0,1,2022-08-07T19:59:28.4734321Z,0
5.35579,101.1599446,Daerah: Perak<br>No:1588<br>Hex coord:(59;37),n/a,0,0,0,0,0,0,1,2022-08-07T19:59:29.1720306Z,0
5.36357,101.1734913,Daerah: Perak<br>No:1589<br>Hex coord:(60;37),n/a,0,0,0,0,0,0,1,2022-08-07T19:59:29.8759172Z,0
5.35579,101.187038,Daerah: Perak<br>No:1590<br>Hex coord:(61;37),n/a,0,0,0,0,0,0,1,2022-08-07T19:59:30.5627997Z,0
5.36357,101.2005847,Daerah: Perak<br>No:1591<br>Hex coord:(62;37),n/a,0,0,0,0,0,0,1,2022-08-07T19:59:31.3112097Z,0
5.35579,101.2141314,Daerah: Perak<br>No:1592<br>Hex coord:(63;37),n/a,0,0,0,0,0,0,1,2022-08-07T19:59:32.0100597Z,0
5.36357,101.2276781,Daerah: Perak<br>No:1593<br>Hex coord:(64;37),n/a,0,0,0,0,0,0,1,2022-08-07T19:59:32.6920923Z,0
5.35579,101.2412249,Daerah: Perak<br>No:1594<br>Hex coord:(65;37),n/a,0,0,0,0,0,0,1,2022-08-07T19:59:33.3806435Z,0
5.36357,101.2547716,Daerah: Perak<br>No:1595<br>Hex coord:(66;37),n/a,0,0,0,0,0,0,1,2022-08-07T19:59:34.0754407Z,0
5.35579,101.2683183,Daerah: Perak<br>No:1596<br>Hex coord:(67;37),n/a,0,0,0,0,0,0,1,2022-08-07T19:59:34.7685108Z,0
5.36357,101.281865,Daerah: Perak<br>No:1597<br>Hex coord:(68;37),n/a,0,0,0,0,0,0,1,2022-08-07T19:59:35.4697425Z,0
5.35579,101.2954117,Daerah: Perak<br>No:1598<br>Hex coord:(69;37),n/a,0,0,0,0,0,0,1,2022-08-07T19:59:36.1977123Z,0
5.36357,101.3089584,Daerah: Perak<br>No:1599<br>Hex coord:(70;37),n/a,0,0,0,0,0,0,1,2022-08-07T19:59:36.9207321Z,0
5.35579,101.3225051,Daerah: Perak<br>No:1600<br>Hex coord:(71;37),n/a,0,0,0,0,0,0,1,2022-08-07T19:59:37.6665952Z,0
5.36357,101.3360518,Daerah: Perak<br>No:1601<br>Hex coord:(72;37),n/a,0,0,0,0,0,0,1,2022-08-07T19:59:38.3649442Z,0
5.35579,101.3495985,Daerah: Perak<br>No:1602<br>Hex coord:(73;37),n/a,0,0,0,0,0,0,1,2022-08-07T19:59:39.1025863Z,0
5.36357,101.3631452,Daerah: Perak<br>No:1603<br>Hex coord:(74;37),n/a,0,0,0,0,0,0,1,2022-08-07T19:59:39.7824055Z,0
5.35579,101.3766919,Daerah: Perak<br>No:1604<br>Hex coord:(75;37),n/a,0,0,0,0,0,0,1,2022-08-07T19:59:40.4728427Z,0
5.36357,101.3902386,Daerah: Perak<br>No:1605<br>Hex coord:(76;37),n/a,0,0,0,0,0,0,1,2022-08-07T19:59:41.2073915Z,0
5.35579,101.4037853,Daerah: Perak<br>No:1606<br>Hex coord:(77;37),n/a,0,0,0,0,0,0,1,2022-08-07T19:59:41.8971566Z,0
5.36357,101.417332,Daerah: Perak<br>No:1607<br>Hex coord:(78;37),n/a,0,0,0,0,0,0,1,2022-08-07T19:59:42.5922993Z,0
5.35579,101.4308787,Daerah: Perak<br>No:1608<br>Hex coord:(79;37),n/a,0,0,0,0,0,0,1,2022-08-07T19:59:43.2818830Z,0
5.36357,101.4444254,Daerah: Perak<br>No:1609<br>Hex coord:(80;37),n/a,0,0,0,0,0,0,1,2022-08-07T19:59:43.9836447Z,0
5.35579,101.4579721,Daerah: Perak<br>No:1610<br>Hex coord:(81;37),n/a,0,0,0,0,0,0,1,2022-08-07T19:59:44.6669290Z,0
5.36357,101.4715188,Daerah: Perak<br>No:1611<br>Hex coord:(82;37),n/a,0,0,0,0,0,0,1,2022-08-07T19:59:45.3612521Z,0
5.35579,101.4850655,Daerah: Perak<br>No:1612<br>Hex coord:(83;37),n/a,0,0,0,0,0,0,1,2022-08-07T19:59:46.0954630Z,0
5.36357,101.4986123,Daerah: Perak<br>No:1613<br>Hex coord:(84;37),n/a,0,0,0,0,0,0,1,2022-08-07T19:59:46.7841988Z,0
5.35579,101.512159,Daerah: Perak<br>No:1614<br>Hex coord:(85;37),n/a,0,0,0,0,0,0,1,2022-08-07T19:59:47.4704370Z,0
5.36357,101.5257057,Daerah: Perak<br>No:1615<br>Hex coord:(86;37),n/a,0,0,0,0,0,0,1,2022-08-07T19:59:48.1730079Z,0
5.35579,101.5392524,Daerah: Perak<br>No:1616<br>Hex coord:(87;37),n/a,0,0,0,0,0,0,1,2022-08-07T19:59:48.8673687Z,0
5.36357,101.5527991,Daerah: Perak<br>No:1617<br>Hex coord:(88;37),n/a,0,0,0,0,0,0,1,2022-08-07T19:59:49.5587502Z,0
5.35579,101.5663458,Daerah: Perak<br>No:1618<br>Hex coord:(89;37),n/a,0,0,0,0,0,0,1,2022-08-07T19:59:50.2428512Z,0
5.36357,101.5798925,Daerah: Perak<br>No:1619<br>Hex coord:(90;37),n/a,0,0,0,0,0,0,1,2022-08-07T19:59:50.9772388Z,0
5.35579,101.5934392,Daerah: Perak<br>No:1620<br>Hex coord:(91;37),n/a,0,0,0,0,0,0,1,2022-08-07T19:59:51.6717475Z,0
5.36357,101.6069859,Daerah: Perak<br>No:1621<br>Hex coord:(92;37),n/a,0,0,0,0,0,0,1,2022-08-07T19:59:52.3756678Z,0
5.36357,101.6340793,Daerah: Perak<br>No:1622<br>Hex coord:(94;37),n/a,0,0,0,0,0,0,1,2022-08-07T19:59:53.0658952Z,0
5.35579,101.647626,Daerah: Perak<br>No:1623<br>Hex coord:(95;37),n/a,0,0,0,0,0,0,1,2022-08-07T19:59:53.7537897Z,0
5.36357,101.6611727,Daerah: Perak<br>No:1624<br>Hex coord:(96;37),n/a,0,0,0,0,0,0,1,2022-08-07T19:59:54.4459443Z,0
5.35579,101.6747194,Daerah: Perak<br>No:1625<br>Hex coord:(97;37),n/a,0,0,0,0,0,0,1,2022-08-07T19:59:55.1365890Z,0
5.36357,101.6882661,Daerah: Perak<br>No:1626<br>Hex coord:(98;37),n/a,0,0,0,0,0,0,1,2022-08-07T19:59:55.8328921Z,0
5.35579,101.7018128,Daerah: Perak<br>No:1627<br>Hex coord:(99;37),n/a,0,0,0,0,0,0,1,2022-08-07T19:59:56.5936536Z,0
5.36357,101.7153595,Daerah: Perak<br>No:1628<br>Hex coord:(100;37),n/a,0,0,0,0,0,0,1,2022-08-07T19:59:57.2870880Z,0
5.34023,100.8348237,Daerah: Perak<br>No:1629<br>Hex coord:(35;38),n/a,0,0,0,0,0,0,1,2022-08-07T19:59:57.9715434Z,0
5.34801,100.8483704,Daerah: Perak<br>No:1630<br>Hex coord:(36;38),n/a,0,0,0,0,0,0,1,2022-08-07T19:59:58.6745324Z,0
5.34023,100.8619171,Daerah: Perak<br>No:1631<br>Hex coord:(37;38),n/a,0,0,0,0,0,0,1,2022-08-07T19:59:59.3620097Z,0
5.34801,100.8754638,Daerah: Perak<br>No:1632<br>Hex coord:(38;38),n/a,0,0,0,0,0,0,1,2022-08-07T20:00:00.0416880Z,0
5.34023,100.8890105,Daerah: Perak<br>No:1633<br>Hex coord:(39;38),n/a,0,0,0,0,0,0,1,2022-08-07T20:00:00.7398514Z,0
5.34801,100.9025572,Daerah: Perak<br>No:1634<br>Hex coord:(40;38),n/a,0,0,0,0,0,0,1,2022-08-07T20:00:01.4865211Z,0
5.34023,100.9161039,Daerah: Perak<br>No:1635<br>Hex coord:(41;38),n/a,0,0,0,0,0,0,1,2022-08-07T20:00:02.1826046Z,0
5.34801,100.9296506,Daerah: Perak<br>No:1636<br>Hex coord:(42;38),n/a,0,0,0,0,0,0,1,2022-08-07T20:00:02.8826170Z,0
5.34023,100.9431973,Daerah: Perak<br>No:1637<br>Hex coord:(43;38),n/a,0,0,0,0,0,0,1,2022-08-07T20:00:03.5764714Z,0
5.34801,100.956744,Daerah: Perak<br>No:1638<br>Hex coord:(44;38),n/a,0,0,0,0,0,0,1,2022-08-07T20:00:04.3223191Z,0
5.34023,100.9702907,Daerah: Perak<br>No:1639<br>Hex coord:(45;38),n/a,0,0,0,0,0,0,1,2022-08-07T20:00:05.0269469Z,0
5.34801,100.9838374,Daerah: Perak<br>No:1640<br>Hex coord:(46;38),n/a,0,0,0,0,0,0,1,2022-08-07T20:00:05.7042157Z,0
5.34023,100.9973842,Daerah: Perak<br>No:1641<br>Hex coord:(47;38),n/a,0,0,0,0,0,0,1,2022-08-07T20:00:06.4454567Z,0
5.34801,101.0109309,Daerah: Perak<br>No:1642<br>Hex coord:(48;38),n/a,0,0,0,0,0,0,1,2022-08-07T20:00:07.1507218Z,0
5.34023,101.0244776,Daerah: Perak<br>No:1643<br>Hex coord:(49;38),n/a,0,0,0,0,0,0,1,2022-08-07T20:00:07.8420380Z,0
5.34801,101.0380243,Daerah: Perak<br>No:1644<br>Hex coord:(50;38),n/a,1,0,0,0,0,0,1,2022-08-07T20:00:08.5308225Z,0
5.34023,101.051571,Daerah: Perak<br>No:1645<br>Hex coord:(51;38),n/a,0,0,0,0,0,0,1,2022-08-07T20:00:09.2350428Z,0
5.34801,101.0651177,Daerah: Perak<br>No:1646<br>Hex coord:(52;38),n/a,0,0,0,0,0,0,1,2022-08-07T20:00:09.9261314Z,0
5.34023,101.0786644,Daerah: Perak<br>No:1647<br>Hex coord:(53;38),n/a,0,0,0,0,0,0,1,2022-08-07T20:00:10.6259535Z,0
5.34801,101.0922111,Daerah: Perak<br>No:1648<br>Hex coord:(54;38),n/a,0,0,0,0,0,0,1,2022-08-07T20:00:11.3822319Z,0
5.34023,101.1057578,Daerah: Perak<br>No:1649<br>Hex coord:(55;38),n/a,0,0,0,0,0,0,1,2022-08-07T20:00:12.0709712Z,0
5.34801,101.1193045,Daerah: Perak<br>No:1650<br>Hex coord:(56;38),n/a,0,0,0,0,0,0,1,2022-08-07T20:00:12.7629944Z,0
5.34023,101.1328512,Daerah: Perak<br>No:1651<br>Hex coord:(57;38),n/a,0,0,0,0,0,0,1,2022-08-07T20:00:13.4606548Z,0
5.34801,101.1463979,Daerah: Perak<br>No:1652<br>Hex coord:(58;38),n/a,0,0,0,0,0,0,1,2022-08-07T20:00:14.1383236Z,0
5.34023,101.1599446,Daerah: Perak<br>No:1653<br>Hex coord:(59;38),n/a,0,0,0,0,0,0,1,2022-08-07T20:00:14.8376877Z,0
5.34801,101.1734913,Daerah: Perak<br>No:1654<br>Hex coord:(60;38),n/a,0,0,0,0,0,0,1,2022-08-07T20:00:15.5309529Z,0
5.34023,101.187038,Daerah: Perak<br>No:1655<br>Hex coord:(61;38),n/a,0,0,0,0,0,0,1,2022-08-07T20:00:16.3026841Z,0
5.34801,101.2005847,Daerah: Perak<br>No:1656<br>Hex coord:(62;38),n/a,0,0,0,0,0,0,1,2022-08-07T20:00:16.9905769Z,0
5.34023,101.2141314,Daerah: Perak<br>No:1657<br>Hex coord:(63;38),n/a,0,0,0,0,0,0,1,2022-08-07T20:00:17.6781903Z,0
5.34801,101.2276781,Daerah: Perak<br>No:1658<br>Hex coord:(64;38),n/a,0,0,0,0,0,0,1,2022-08-07T20:00:18.3866968Z,0
5.34023,101.2412249,Daerah: Perak<br>No:1659<br>Hex coord:(65;38),n/a,0,0,0,0,0,0,1,2022-08-07T20:00:19.0743801Z,0
5.34801,101.2547716,Daerah: Perak<br>No:1660<br>Hex coord:(66;38),n/a,0,0,0,0,0,0,1,2022-08-07T20:00:19.7691358Z,0
5.34023,101.2683183,Daerah: Perak<br>No:1661<br>Hex coord:(67;38),n/a,0,0,0,0,0,0,1,2022-08-07T20:00:20.4626082Z,0
5.34801,101.281865,Daerah: Perak<br>No:1662<br>Hex coord:(68;38),n/a,0,0,0,0,0,0,1,2022-08-07T20:00:21.2872040Z,0
5.34023,101.2954117,Daerah: Perak<br>No:1663<br>Hex coord:(69;38),n/a,0,0,0,0,0,0,1,2022-08-07T20:00:21.9777591Z,0
5.34801,101.3089584,Daerah: Perak<br>No:1664<br>Hex coord:(70;38),n/a,0,0,0,0,0,0,1,2022-08-07T20:00:22.6692447Z,0
5.34023,101.3225051,Daerah: Perak<br>No:1665<br>Hex coord:(71;38),n/a,0,0,0,0,0,0,1,2022-08-07T20:00:23.3579388Z,0
5.34801,101.3360518,Daerah: Perak<br>No:1666<br>Hex coord:(72;38),n/a,0,0,0,0,0,0,1,2022-08-07T20:00:24.0409831Z,0
5.34023,101.3495985,Daerah: Perak<br>No:1667<br>Hex coord:(73;38),n/a,0,0,0,0,0,0,1,2022-08-07T20:00:24.7402966Z,0
5.34801,101.3631452,Daerah: Perak<br>No:1668<br>Hex coord:(74;38),n/a,0,0,0,0,0,0,1,2022-08-07T20:00:25.4308413Z,0
5.34023,101.3766919,Daerah: Perak<br>No:1669<br>Hex coord:(75;38),n/a,0,0,0,0,0,0,1,2022-08-07T20:00:26.1422044Z,0
5.34801,101.3902386,Daerah: Perak<br>No:1670<br>Hex coord:(76;38),n/a,0,0,0,0,0,0,1,2022-08-07T20:00:26.8382365Z,0
5.34023,101.4037853,Daerah: Perak<br>No:1671<br>Hex coord:(77;38),n/a,0,0,0,0,0,0,1,2022-08-07T20:00:27.5259281Z,0
5.34801,101.417332,Daerah: Perak<br>No:1672<br>Hex coord:(78;38),n/a,0,0,0,0,0,0,1,2022-08-07T20:00:28.2181751Z,0
5.34023,101.4308787,Daerah: Perak<br>No:1673<br>Hex coord:(79;38),n/a,0,0,0,0,0,0,1,2022-08-07T20:00:28.9105470Z,0
5.34801,101.4444254,Daerah: Perak<br>No:1674<br>Hex coord:(80;38),n/a,0,0,0,0,0,0,1,2022-08-07T20:00:29.5946974Z,0
5.34023,101.4579721,Daerah: Perak<br>No:1675<br>Hex coord:(81;38),n/a,0,0,0,0,0,0,1,2022-08-07T20:00:30.2958475Z,0
5.34801,101.4715188,Daerah: Perak<br>No:1676<br>Hex coord:(82;38),n/a,0,0,0,0,0,0,1,2022-08-07T20:00:31.0354676Z,0
5.34023,101.4850655,Daerah: Perak<br>No:1677<br>Hex coord:(83;38),n/a,0,0,0,0,0,0,1,2022-08-07T20:00:31.7205722Z,0
5.34801,101.4986123,Daerah: Perak<br>No:1678<br>Hex coord:(84;38),n/a,0,0,0,0,0,0,1,2022-08-07T20:00:32.4178793Z,0
5.34023,101.512159,Daerah: Perak<br>No:1679<br>Hex coord:(85;38),n/a,0,0,0,0,0,0,1,2022-08-07T20:00:33.1044139Z,0
5.34801,101.5257057,Daerah: Perak<br>No:1680<br>Hex coord:(86;38),n/a,0,0,0,0,0,0,1,2022-08-07T20:00:33.7894224Z,0
5.34023,101.5392524,Daerah: Perak<br>No:1681<br>Hex coord:(87;38),n/a,0,0,0,0,0,0,1,2022-08-07T20:00:34.4781368Z,0
5.34801,101.5527991,Daerah: Perak<br>No:1682<br>Hex coord:(88;38),n/a,0,0,0,0,0,0,1,2022-08-07T20:00:35.1763943Z,0
5.34023,101.5663458,Daerah: Perak<br>No:1683<br>Hex coord:(89;38),n/a,0,0,0,0,0,0,1,2022-08-07T20:00:35.9103787Z,0
5.34801,101.5798925,Daerah: Perak<br>No:1684<br>Hex coord:(90;38),n/a,0,0,0,0,0,0,1,2022-08-07T20:00:36.5918652Z,0
5.34023,101.5934392,Daerah: Perak<br>No:1685<br>Hex coord:(91;38),n/a,0,0,0,0,0,0,1,2022-08-07T20:00:37.3345717Z,0
5.34801,101.6340793,Daerah: Perak<br>No:1686<br>Hex coord:(94;38),n/a,0,0,0,0,0,0,1,2022-08-07T20:00:38.0206751Z,0
5.34801,101.6611727,Daerah: Perak<br>No:1687<br>Hex coord:(96;38),n/a,0,0,0,0,0,0,1,2022-08-07T20:00:38.7110809Z,0
5.34023,101.6747194,Daerah: Perak<br>No:1688<br>Hex coord:(97;38),n/a,0,0,0,0,0,0,1,2022-08-07T20:00:39.4081798Z,0
5.34801,101.6882661,Daerah: Perak<br>No:1689<br>Hex coord:(98;38),n/a,0,0,0,0,0,0,1,2022-08-07T20:00:40.1053958Z,0
5.32467,100.8348237,Daerah: Perak<br>No:1690<br>Hex coord:(35;39),n/a,0,0,0,0,0,0,1,2022-08-07T20:00:40.7957566Z,0
5.33245,100.8483704,Daerah: Perak<br>No:1691<br>Hex coord:(36;39),n/a,0,0,0,0,0,0,1,2022-08-07T20:00:41.5421063Z,0
5.32467,100.8619171,Daerah: Perak<br>No:1692<br>Hex coord:(37;39),n/a,0,0,0,0,0,0,1,2022-08-07T20:00:42.2336785Z,0
5.33245,100.8754638,Daerah: Perak<br>No:1693<br>Hex coord:(38;39),n/a,0,0,0,0,0,0,1,2022-08-07T20:00:42.9382663Z,0
5.32467,100.8890105,Daerah: Perak<br>No:1694<br>Hex coord:(39;39),n/a,0,0,0,0,0,0,1,2022-08-07T20:00:43.6364558Z,0
5.33245,100.9025572,Daerah: Perak<br>No:1695<br>Hex coord:(40;39),n/a,0,0,0,0,0,0,1,2022-08-07T20:00:44.3419716Z,0
5.32467,100.9161039,Daerah: Perak<br>No:1696<br>Hex coord:(41;39),n/a,0,0,0,0,0,0,1,2022-08-07T20:00:45.0404471Z,0
5.33245,100.9296506,Daerah: Perak<br>No:1697<br>Hex coord:(42;39),n/a,0,0,0,0,0,0,1,2022-08-07T20:00:45.7318020Z,0
5.32467,100.9431973,Daerah: Perak<br>No:1698<br>Hex coord:(43;39),n/a,0,0,0,0,0,0,1,2022-08-07T20:00:46.4507114Z,0
5.33245,100.956744,Daerah: Perak<br>No:1699<br>Hex coord:(44;39),n/a,0,0,0,0,0,0,1,2022-08-07T20:00:47.1409003Z,0
5.32467,100.9702907,Daerah: Perak<br>No:1700<br>Hex coord:(45;39),n/a,0,0,0,0,0,0,1,2022-08-07T20:00:47.8422059Z,0
5.33245,100.9838374,Daerah: Perak<br>No:1701<br>Hex coord:(46;39),n/a,0,0,0,0,0,0,1,2022-08-07T20:00:48.5361546Z,0
5.32467,100.9973842,Daerah: Perak<br>No:1702<br>Hex coord:(47;39),n/a,0,0,0,0,0,0,1,2022-08-07T20:00:49.2176743Z,0
5.33245,101.0109309,Daerah: Perak<br>No:1703<br>Hex coord:(48;39),n/a,0,0,0,0,0,0,1,2022-08-07T20:00:49.9116133Z,0
5.32467,101.0244776,Daerah: Perak<br>No:1704<br>Hex coord:(49;39),n/a,0,0,0,0,0,0,1,2022-08-07T20:00:50.5925833Z,0
5.33245,101.0380243,Daerah: Perak<br>No:1705<br>Hex coord:(50;39),n/a,0,0,0,0,0,0,1,2022-08-07T20:00:51.3370203Z,0
5.32467,101.051571,Daerah: Perak<br>No:1706<br>Hex coord:(51;39),n/a,0,0,0,0,0,0,1,2022-08-07T20:00:52.0186635Z,0
5.33245,101.0651177,Daerah: Perak<br>No:1707<br>Hex coord:(52;39),n/a,0,0,0,0,0,0,1,2022-08-07T20:00:52.7100620Z,0
5.32467,101.0786644,Daerah: Perak<br>No:1708<br>Hex coord:(53;39),n/a,0,0,0,0,0,0,1,2022-08-07T20:00:53.3996448Z,0
5.33245,101.0922111,Daerah: Perak<br>No:1709<br>Hex coord:(54;39),n/a,0,0,0,0,0,0,1,2022-08-07T20:00:54.0945754Z,0
5.32467,101.1057578,Daerah: Perak<br>No:1710<br>Hex coord:(55;39),n/a,0,0,0,0,0,0,1,2022-08-07T20:00:54.7842125Z,0
5.33245,101.1193045,Daerah: Perak<br>No:1711<br>Hex coord:(56;39),n/a,0,0,0,0,0,0,1,2022-08-07T20:00:55.4809138Z,0
5.32467,101.1328512,Daerah: Perak<br>No:1712<br>Hex coord:(57;39),n/a,0,0,0,0,0,0,1,2022-08-07T20:00:56.2143380Z,0
5.33245,101.1463979,Daerah: Perak<br>No:1713<br>Hex coord:(58;39),n/a,0,0,0,0,0,0,1,2022-08-07T20:00:56.9155232Z,0
5.32467,101.1599446,Daerah: Perak<br>No:1714<br>Hex coord:(59;39),n/a,0,0,0,0,0,0,1,2022-08-07T20:00:57.5972806Z,0
5.33245,101.1734913,Daerah: Perak<br>No:1715<br>Hex coord:(60;39),n/a,0,0,0,0,0,0,1,2022-08-07T20:00:58.2924112Z,0
5.32467,101.187038,Daerah: Perak<br>No:1716<br>Hex coord:(61;39),n/a,0,0,0,0,0,0,1,2022-08-07T20:00:58.9739763Z,0
5.33245,101.2005847,Daerah: Perak<br>No:1717<br>Hex coord:(62;39),n/a,0,0,0,0,0,0,1,2022-08-07T20:00:59.6619212Z,0
5.32467,101.2141314,Daerah: Perak<br>No:1718<br>Hex coord:(63;39),n/a,0,0,0,0,0,0,1,2022-08-07T20:01:00.3705678Z,0
5.33245,101.2276781,Daerah: Perak<br>No:1719<br>Hex coord:(64;39),n/a,0,0,0,0,0,0,1,2022-08-07T20:01:01.1515739Z,0
5.32467,101.2412249,Daerah: Perak<br>No:1720<br>Hex coord:(65;39),n/a,0,0,0,0,0,0,1,2022-08-07T20:01:01.8831403Z,0
5.33245,101.2547716,Daerah: Perak<br>No:1721<br>Hex coord:(66;39),n/a,0,0,0,0,0,0,1,2022-08-07T20:01:02.5784998Z,0
5.32467,101.2683183,Daerah: Perak<br>No:1722<br>Hex coord:(67;39),n/a,0,0,0,0,0,0,1,2022-08-07T20:01:03.2643832Z,0
5.33245,101.281865,Daerah: Perak<br>No:1723<br>Hex coord:(68;39),n/a,0,0,0,0,0,0,1,2022-08-07T20:01:03.9676840Z,0
5.32467,101.2954117,Daerah: Perak<br>No:1724<br>Hex coord:(69;39),n/a,0,0,0,0,0,0,1,2022-08-07T20:01:04.6594979Z,0
5.33245,101.3089584,Daerah: Perak<br>No:1725<br>Hex coord:(70;39),n/a,0,0,0,0,0,0,1,2022-08-07T20:01:05.3572871Z,0
5.32467,101.3225051,Daerah: Perak<br>No:1726<br>Hex coord:(71;39),n/a,0,0,0,0,0,0,1,2022-08-07T20:01:06.1673925Z,0
5.33245,101.3360518,Daerah: Perak<br>No:1727<br>Hex coord:(72;39),n/a,0,0,0,0,0,0,1,2022-08-07T20:01:06.8473793Z,0
5.32467,101.3495985,Daerah: Perak<br>No:1728<br>Hex coord:(73;39),n/a,0,0,0,0,0,0,1,2022-08-07T20:01:07.5331288Z,0
5.33245,101.3631452,Daerah: Perak<br>No:1729<br>Hex coord:(74;39),n/a,0,0,0,0,0,0,1,2022-08-07T20:01:08.2280546Z,0
5.32467,101.3766919,Daerah: Perak<br>No:1730<br>Hex coord:(75;39),n/a,0,0,0,0,0,0,1,2022-08-07T20:01:08.9206699Z,0
5.33245,101.3902386,Daerah: Perak<br>No:1731<br>Hex coord:(76;39),n/a,0,0,0,0,0,0,1,2022-08-07T20:01:09.6129549Z,0
5.32467,101.4037853,Daerah: Perak<br>No:1732<br>Hex coord:(77;39),n/a,0,0,0,0,0,0,1,2022-08-07T20:01:10.3057400Z,0
5.33245,101.417332,Daerah: Perak<br>No:1733<br>Hex coord:(78;39),n/a,0,0,0,0,0,0,1,2022-08-07T20:01:11.0167428Z,0
5.32467,101.4308787,Daerah: Perak<br>No:1734<br>Hex coord:(79;39),n/a,0,0,0,0,0,0,1,2022-08-07T20:01:11.7108682Z,0
5.33245,101.4444254,Daerah: Perak<br>No:1735<br>Hex coord:(80;39),n/a,0,0,0,0,0,0,1,2022-08-07T20:01:12.3940171Z,0
5.32467,101.4579721,Daerah: Perak<br>No:1736<br>Hex coord:(81;39),n/a,0,0,0,0,0,0,1,2022-08-07T20:01:13.0873260Z,0
5.33245,101.4715188,Daerah: Perak<br>No:1737<br>Hex coord:(82;39),n/a,0,0,0,0,0,0,1,2022-08-07T20:01:13.7791535Z,0
5.32467,101.4850655,Daerah: Perak<br>No:1738<br>Hex coord:(83;39),n/a,0,0,0,0,0,0,1,2022-08-07T20:01:14.5125740Z,0
5.33245,101.4986123,Daerah: Perak<br>No:1739<br>Hex coord:(84;39),n/a,0,0,0,0,0,0,1,2022-08-07T20:01:15.2086886Z,0
5.32467,101.512159,Daerah: Perak<br>No:1740<br>Hex coord:(85;39),n/a,0,0,0,0,0,0,1,2022-08-07T20:01:15.9383462Z,0
5.33245,101.5257057,Daerah: Perak<br>No:1741<br>Hex coord:(86;39),n/a,0,0,0,0,0,0,1,2022-08-07T20:01:16.6509185Z,0
5.32467,101.5392524,Daerah: Perak<br>No:1742<br>Hex coord:(87;39),n/a,0,0,0,0,0,0,1,2022-08-07T20:01:17.3302157Z,0
5.33245,101.5527991,Daerah: Perak<br>No:1743<br>Hex coord:(88;39),n/a,0,0,0,0,0,0,1,2022-08-07T20:01:18.0106299Z,0
5.32467,101.5663458,Daerah: Perak<br>No:1744<br>Hex coord:(89;39),n/a,0,0,0,0,0,0,1,2022-08-07T20:01:18.7027342Z,0
5.30911,100.7535435,Daerah: Perak<br>No:1745<br>Hex coord:(29;40),n/a,0,0,0,0,0,0,1,2022-08-07T20:01:19.4033496Z,0
5.31689,100.7670902,Daerah: Perak<br>No:1746<br>Hex coord:(30;40),n/a,0,0,0,0,0,0,1,2022-08-07T20:01:20.0883240Z,0
5.30911,100.7806369,Daerah: Perak<br>No:1747<br>Hex coord:(31;40),n/a,0,0,0,0,0,0,1,2022-08-07T20:01:20.7702395Z,0
5.31689,100.7941836,Daerah: Perak<br>No:1748<br>Hex coord:(32;40),n/a,0,0,0,0,0,0,1,2022-08-07T20:01:21.5082293Z,0
5.30911,100.8077303,Daerah: Perak<br>No:1749<br>Hex coord:(33;40),n/a,0,0,0,0,0,0,1,2022-08-07T20:01:22.1994653Z,0
5.31689,100.821277,Daerah: Perak<br>No:1750<br>Hex coord:(34;40),n/a,0,0,0,0,0,0,1,2022-08-07T20:01:22.8953764Z,0
5.30911,100.8348237,Daerah: Perak<br>No:1751<br>Hex coord:(35;40),n/a,0,0,0,0,0,0,1,2022-08-07T20:01:23.5936205Z,0
5.31689,100.8483704,Daerah: Perak<br>No:1752<br>Hex coord:(36;40),n/a,0,0,0,0,0,0,1,2022-08-07T20:01:24.2850532Z,0
5.30911,100.8619171,Daerah: Perak<br>No:1753<br>Hex coord:(37;40),n/a,0,0,0,0,0,0,1,2022-08-07T20:01:24.9762890Z,0
5.31689,100.8754638,Daerah: Perak<br>No:1754<br>Hex coord:(38;40),n/a,0,0,0,0,0,0,1,2022-08-07T20:01:25.6708862Z,0
5.30911,100.8890105,Daerah: Perak<br>No:1755<br>Hex coord:(39;40),n/a,0,0,0,0,0,0,1,2022-08-07T20:01:26.4045052Z,0
5.31689,100.9025572,Daerah: Perak<br>No:1756<br>Hex coord:(40;40),n/a,0,0,0,0,0,0,1,2022-08-07T20:01:27.1032966Z,0
5.30911,100.9161039,Daerah: Perak<br>No:1757<br>Hex coord:(41;40),n/a,0,0,0,0,0,0,1,2022-08-07T20:01:27.7898417Z,0
5.31689,100.9296506,Daerah: Perak<br>No:1758<br>Hex coord:(42;40),n/a,0,0,0,0,0,0,1,2022-08-07T20:01:28.4818111Z,0
5.30911,100.9431973,Daerah: Perak<br>No:1759<br>Hex coord:(43;40),n/a,0,0,0,0,0,0,1,2022-08-07T20:01:29.1684524Z,0
5.31689,100.956744,Daerah: Perak<br>No:1760<br>Hex coord:(44;40),n/a,0,0,0,0,0,0,1,2022-08-07T20:01:29.8649678Z,0
5.30911,100.9702907,Daerah: Perak<br>No:1761<br>Hex coord:(45;40),n/a,0,0,0,0,0,0,1,2022-08-07T20:01:30.5803107Z,0
5.31689,100.9838374,Daerah: Perak<br>No:1762<br>Hex coord:(46;40),n/a,0,0,0,0,0,0,1,2022-08-07T20:01:31.3209597Z,0
5.30911,100.9973842,Daerah: Perak<br>No:1763<br>Hex coord:(47;40),n/a,0,0,0,0,0,0,1,2022-08-07T20:01:32.0115671Z,0
5.31689,101.0109309,Daerah: Perak<br>No:1764<br>Hex coord:(48;40),n/a,0,0,0,0,0,0,1,2022-08-07T20:01:32.6922711Z,0
5.30911,101.0244776,Daerah: Perak<br>No:1765<br>Hex coord:(49;40),n/a,0,0,0,0,0,0,1,2022-08-07T20:01:33.3761670Z,0
5.31689,101.0380243,Daerah: Perak<br>No:1766<br>Hex coord:(50;40),n/a,0,0,0,0,0,0,1,2022-08-07T20:01:34.0732812Z,0
5.30911,101.051571,Daerah: Perak<br>No:1767<br>Hex coord:(51;40),n/a,2,0,0,0,0,0,1,2022-08-07T20:01:34.7930973Z,0
5.31689,101.0651177,Daerah: Perak<br>No:1768<br>Hex coord:(52;40),n/a,0,0,0,0,0,0,1,2022-08-07T20:01:35.4865746Z,0
5.30911,101.0786644,Daerah: Perak<br>No:1769<br>Hex coord:(53;40),n/a,0,0,0,0,0,0,1,2022-08-07T20:01:36.2122495Z,0
5.31689,101.0922111,Daerah: Perak<br>No:1770<br>Hex coord:(54;40),n/a,0,0,0,0,0,0,1,2022-08-07T20:01:36.9104029Z,0
5.30911,101.1057578,Daerah: Perak<br>No:1771<br>Hex coord:(55;40),n/a,0,0,0,0,0,0,1,2022-08-07T20:01:37.6005276Z,0
5.31689,101.1193045,Daerah: Perak<br>No:1772<br>Hex coord:(56;40),n/a,0,0,0,0,0,0,1,2022-08-07T20:01:38.2888711Z,0
5.30911,101.1328512,Daerah: Perak<br>No:1773<br>Hex coord:(57;40),n/a,0,0,0,0,0,0,1,2022-08-07T20:01:38.9832364Z,0
5.31689,101.1463979,Daerah: Perak<br>No:1774<br>Hex coord:(58;40),n/a,0,0,0,0,0,0,1,2022-08-07T20:01:39.7496917Z,0
5.30911,101.1599446,Daerah: Perak<br>No:1775<br>Hex coord:(59;40),n/a,0,0,0,0,0,0,1,2022-08-07T20:01:40.4383646Z,0
5.31689,101.1734913,Daerah: Perak<br>No:1776<br>Hex coord:(60;40),n/a,0,0,0,0,0,0,1,2022-08-07T20:01:41.1745345Z,0
5.30911,101.187038,Daerah: Perak<br>No:1777<br>Hex coord:(61;40),n/a,0,0,0,0,0,0,1,2022-08-07T20:01:41.8677130Z,0
5.31689,101.2005847,Daerah: Perak<br>No:1778<br>Hex coord:(62;40),n/a,0,0,0,0,0,0,1,2022-08-07T20:01:42.5555298Z,0
5.30911,101.2141314,Daerah: Perak<br>No:1779<br>Hex coord:(63;40),n/a,0,0,0,0,0,0,1,2022-08-07T20:01:43.2323569Z,0
5.31689,101.2276781,Daerah: Perak<br>No:1780<br>Hex coord:(64;40),n/a,0,0,0,0,0,0,1,2022-08-07T20:01:43.9414336Z,0
5.30911,101.2412249,Daerah: Perak<br>No:1781<br>Hex coord:(65;40),n/a,0,0,0,0,0,0,1,2022-08-07T20:01:44.6347746Z,0
5.31689,101.2547716,Daerah: Perak<br>No:1782<br>Hex coord:(66;40),n/a,0,0,0,0,0,0,1,2022-08-07T20:01:45.3399947Z,0
5.30911,101.2683183,Daerah: Perak<br>No:1783<br>Hex coord:(67;40),n/a,0,0,0,0,0,0,1,2022-08-07T20:01:46.0680439Z,0
5.31689,101.281865,Daerah: Perak<br>No:1784<br>Hex coord:(68;40),n/a,0,0,0,0,0,0,1,2022-08-07T20:01:49.1613432Z,0
5.30911,101.2954117,Daerah: Perak<br>No:1785<br>Hex coord:(69;40),n/a,0,0,0,0,0,0,1,2022-08-07T20:01:49.8579196Z,0
5.31689,101.3089584,Daerah: Perak<br>No:1786<br>Hex coord:(70;40),n/a,0,0,0,0,0,0,1,2022-08-07T20:01:50.5555141Z,0
5.30911,101.3225051,Daerah: Perak<br>No:1787<br>Hex coord:(71;40),n/a,0,0,0,0,0,0,1,2022-08-07T20:01:51.3603980Z,0
5.31689,101.3360518,Daerah: Perak<br>No:1788<br>Hex coord:(72;40),n/a,0,0,0,0,0,0,1,2022-08-07T20:01:52.0674739Z,0
5.30911,101.3495985,Daerah: Perak<br>No:1789<br>Hex coord:(73;40),n/a,0,0,0,0,0,0,1,2022-08-07T20:01:52.7596368Z,0
5.31689,101.3631452,Daerah: Perak<br>No:1790<br>Hex coord:(74;40),n/a,0,0,0,0,0,0,1,2022-08-07T20:01:53.4451614Z,0
5.30911,101.3766919,Daerah: Perak<br>No:1791<br>Hex coord:(75;40),n/a,0,0,0,0,0,0,1,2022-08-07T20:01:54.1338265Z,0
5.31689,101.3902386,Daerah: Perak<br>No:1792<br>Hex coord:(76;40),n/a,0,0,0,0,0,0,1,2022-08-07T20:01:54.8258150Z,0
5.30911,101.4037853,Daerah: Perak<br>No:1793<br>Hex coord:(77;40),n/a,0,0,0,0,0,0,1,2022-08-07T20:01:55.5245083Z,0
5.31689,101.417332,Daerah: Perak<br>No:1794<br>Hex coord:(78;40),n/a,0,0,0,0,0,0,1,2022-08-07T20:01:56.3175596Z,0
5.30911,101.4308787,Daerah: Perak<br>No:1795<br>Hex coord:(79;40),n/a,0,0,0,0,0,0,1,2022-08-07T20:01:57.0050246Z,0
5.31689,101.4444254,Daerah: Perak<br>No:1796<br>Hex coord:(80;40),n/a,0,0,0,0,0,0,1,2022-08-07T20:01:57.6831334Z,0
5.30911,101.4579721,Daerah: Perak<br>No:1797<br>Hex coord:(81;40),n/a,0,0,0,0,0,0,1,2022-08-07T20:01:58.3693391Z,0
5.31689,101.4715188,Daerah: Perak<br>No:1798<br>Hex coord:(82;40),n/a,0,0,0,0,0,0,1,2022-08-07T20:01:59.0475044Z,0
5.30911,101.4850655,Daerah: Perak<br>No:1799<br>Hex coord:(83;40),n/a,0,0,0,0,0,0,1,2022-08-07T20:01:59.7566474Z,0
5.31689,101.4986123,Daerah: Perak<br>No:1800<br>Hex coord:(84;40),n/a,0,0,0,0,0,0,1,2022-08-07T20:02:00.4537107Z,0
5.30911,101.512159,Daerah: Perak<br>No:1801<br>Hex coord:(85;40),n/a,0,0,0,0,0,0,1,2022-08-07T20:02:01.2044507Z,0
5.31689,101.5257057,Daerah: Perak<br>No:1802<br>Hex coord:(86;40),n/a,0,0,0,0,0,0,1,2022-08-07T20:02:01.8998894Z,0
5.30911,101.5392524,Daerah: Perak<br>No:1803<br>Hex coord:(87;40),n/a,0,0,0,0,0,0,1,2022-08-07T20:02:02.5776784Z,0
5.31689,101.5527991,Daerah: Perak<br>No:1804<br>Hex coord:(88;40),n/a,0,0,0,0,0,0,1,2022-08-07T20:02:03.2833434Z,0
5.30911,101.5663458,Daerah: Perak<br>No:1805<br>Hex coord:(89;40),n/a,0,0,0,0,0,0,1,2022-08-07T20:02:03.9699598Z,0
5.30133,100.7399968,Daerah: Perak<br>No:1806<br>Hex coord:(28;41),n/a,0,0,0,0,0,0,1,2022-08-07T20:02:04.6726698Z,0
5.29355,100.7535435,Daerah: Perak<br>No:1807<br>Hex coord:(29;41),n/a,0,0,0,0,0,0,1,2022-08-07T20:02:05.3767075Z,0
5.30133,100.7670902,Daerah: Perak<br>No:1808<br>Hex coord:(30;41),n/a,0,0,0,0,0,0,1,2022-08-07T20:02:06.1385159Z,0
5.29355,100.7806369,Daerah: Perak<br>No:1809<br>Hex coord:(31;41),n/a,0,0,0,0,0,0,1,2022-08-07T20:02:06.8343273Z,0
5.30133,100.7941836,Daerah: Perak<br>No:1810<br>Hex coord:(32;41),n/a,0,0,0,0,0,0,1,2022-08-07T20:02:07.5401789Z,0
5.29355,100.8077303,Daerah: Perak<br>No:1811<br>Hex coord:(33;41),n/a,0,0,0,0,0,0,1,2022-08-07T20:02:08.2197353Z,0
5.30133,100.821277,Daerah: Perak<br>No:1812<br>Hex coord:(34;41),n/a,0,0,0,0,0,0,1,2022-08-07T20:02:08.9218508Z,0
5.29355,100.8348237,Daerah: Perak<br>No:1813<br>Hex coord:(35;41),n/a,0,0,0,0,0,0,1,2022-08-07T20:02:09.6175364Z,0
5.30133,100.8483704,Daerah: Perak<br>No:1814<br>Hex coord:(36;41),n/a,0,0,0,0,0,0,1,2022-08-07T20:02:10.3244450Z,0
5.29355,100.8619171,Daerah: Perak<br>No:1815<br>Hex coord:(37;41),n/a,0,0,0,0,0,0,1,2022-08-07T20:02:11.0629025Z,0
5.30133,100.8754638,Daerah: Perak<br>No:1816<br>Hex coord:(38;41),n/a,0,0,0,0,0,0,1,2022-08-07T20:02:11.7506875Z,0
5.29355,100.8890105,Daerah: Perak<br>No:1817<br>Hex coord:(39;41),n/a,0,0,0,0,0,0,1,2022-08-07T20:02:12.4347289Z,0
5.30133,100.9025572,Daerah: Perak<br>No:1818<br>Hex coord:(40;41),n/a,0,0,0,0,0,0,1,2022-08-07T20:02:13.1215864Z,0
5.29355,100.9161039,Daerah: Perak<br>No:1819<br>Hex coord:(41;41),n/a,0,0,0,0,0,0,1,2022-08-07T20:02:13.8071381Z,0
5.30133,100.9296506,Daerah: Perak<br>No:1820<br>Hex coord:(42;41),n/a,0,0,0,0,0,0,1,2022-08-07T20:02:14.4940543Z,0
5.29355,100.9431973,Daerah: Perak<br>No:1821<br>Hex coord:(43;41),n/a,0,0,0,0,0,0,1,2022-08-07T20:02:15.1931462Z,0
5.30133,100.956744,Daerah: Perak<br>No:1822<br>Hex coord:(44;41),n/a,0,0,0,0,0,0,1,2022-08-07T20:02:15.9387314Z,0
5.29355,100.9702907,Daerah: Perak<br>No:1823<br>Hex coord:(45;41),n/a,0,0,0,0,0,0,1,2022-08-07T20:02:21.5102276Z,0
5.30133,100.9838374,Daerah: Perak<br>No:1824<br>Hex coord:(46;41),n/a,0,0,0,0,0,0,1,2022-08-07T20:02:22.1942276Z,0
5.29355,100.9973842,Daerah: Perak<br>No:1825<br>Hex coord:(47;41),n/a,0,0,0,0,0,0,1,2022-08-07T20:02:22.8754294Z,0
5.30133,101.0109309,Daerah: Perak<br>No:1826<br>Hex coord:(48;41),n/a,0,0,0,0,0,0,1,2022-08-07T20:02:23.5699830Z,0
5.29355,101.0244776,Daerah: Perak<br>No:1827<br>Hex coord:(49;41),n/a,0,0,0,0,0,0,1,2022-08-07T20:02:24.2660286Z,0
5.30133,101.0380243,Daerah: Perak<br>No:1828<br>Hex coord:(50;41),n/a,0,0,0,0,0,0,1,2022-08-07T20:02:24.9545401Z,0
5.29355,101.051571,Daerah: Perak<br>No:1829<br>Hex coord:(51;41),n/a,1,0,0,0,0,0,1,2022-08-07T20:02:25.6601669Z,0
5.30133,101.0651177,Daerah: Perak<br>No:1830<br>Hex coord:(52;41),n/a,1,0,0,0,0,0,1,2022-08-07T20:02:26.4036371Z,0
5.29355,101.0786644,Daerah: Perak<br>No:1831<br>Hex coord:(53;41),n/a,0,0,0,0,0,0,1,2022-08-07T20:02:27.0969206Z,0
5.30133,101.0922111,Daerah: Perak<br>No:1832<br>Hex coord:(54;41),n/a,0,0,0,0,0,0,1,2022-08-07T20:02:27.7918782Z,0
5.29355,101.1057578,Daerah: Perak<br>No:1833<br>Hex coord:(55;41),n/a,0,0,0,0,0,0,1,2022-08-07T20:02:28.4890825Z,0
5.30133,101.1193045,Daerah: Perak<br>No:1834<br>Hex coord:(56;41),n/a,0,0,0,0,0,0,1,2022-08-07T20:02:29.1836371Z,0
5.29355,101.1328512,Daerah: Perak<br>No:1835<br>Hex coord:(57;41),n/a,0,0,0,0,0,0,1,2022-08-07T20:02:29.8731933Z,0
5.30133,101.1463979,Daerah: Perak<br>No:1836<br>Hex coord:(58;41),n/a,0,0,0,0,0,0,1,2022-08-07T20:02:30.5681945Z,0
5.29355,101.1599446,Daerah: Perak<br>No:1837<br>Hex coord:(59;41),n/a,0,0,0,0,0,0,1,2022-08-07T20:02:31.3118055Z,0
5.30133,101.1734913,Daerah: Perak<br>No:1838<br>Hex coord:(60;41),n/a,0,0,0,0,0,0,1,2022-08-07T20:02:32.0122624Z,0
5.29355,101.187038,Daerah: Perak<br>No:1839<br>Hex coord:(61;41),n/a,0,0,0,0,0,0,1,2022-08-07T20:02:32.7114465Z,0
5.30133,101.2005847,Daerah: Perak<br>No:1840<br>Hex coord:(62;41),n/a,0,0,0,0,0,0,1,2022-08-07T20:02:33.4085738Z,0
5.29355,101.2141314,Daerah: Perak<br>No:1841<br>Hex coord:(63;41),n/a,0,0,0,0,0,0,1,2022-08-07T20:02:34.0965431Z,0
5.30133,101.2276781,Daerah: Perak<br>No:1842<br>Hex coord:(64;41),n/a,0,0,0,0,0,0,1,2022-08-07T20:02:34.7914654Z,0
5.29355,101.2412249,Daerah: Perak<br>No:1843<br>Hex coord:(65;41),n/a,0,0,0,0,0,0,1,2022-08-07T20:02:35.4807539Z,0
5.30133,101.2547716,Daerah: Perak<br>No:1844<br>Hex coord:(66;41),n/a,0,0,0,0,0,0,1,2022-08-07T20:02:36.2236071Z,0
5.29355,101.2683183,Daerah: Perak<br>No:1845<br>Hex coord:(67;41),n/a,0,0,0,0,0,0,1,2022-08-07T20:02:36.9084031Z,0
5.30133,101.281865,Daerah: Perak<br>No:1846<br>Hex coord:(68;41),n/a,0,0,0,0,0,0,1,2022-08-07T20:02:37.5936926Z,0
5.29355,101.2954117,Daerah: Perak<br>No:1847<br>Hex coord:(69;41),n/a,0,0,0,0,0,0,1,2022-08-07T20:02:38.2866355Z,0
5.30133,101.3089584,Daerah: Perak<br>No:1848<br>Hex coord:(70;41),n/a,0,0,0,0,0,0,1,2022-08-07T20:02:38.9728015Z,0
5.29355,101.3225051,Daerah: Perak<br>No:1849<br>Hex coord:(71;41),n/a,0,0,0,0,0,0,1,2022-08-07T20:02:39.6661291Z,0
5.30133,101.3360518,Daerah: Perak<br>No:1850<br>Hex coord:(72;41),n/a,0,0,0,0,0,0,1,2022-08-07T20:02:40.3447350Z,0
5.29355,101.3495985,Daerah: Perak<br>No:1851<br>Hex coord:(73;41),n/a,0,0,0,0,0,0,1,2022-08-07T20:02:41.2267711Z,0
5.30133,101.3631452,Daerah: Perak<br>No:1852<br>Hex coord:(74;41),n/a,0,0,0,0,0,0,1,2022-08-07T20:02:41.9325637Z,0
5.29355,101.3766919,Daerah: Perak<br>No:1853<br>Hex coord:(75;41),n/a,0,0,0,0,0,0,1,2022-08-07T20:02:42.6127919Z,0
5.30133,101.3902386,Daerah: Perak<br>No:1854<br>Hex coord:(76;41),n/a,0,0,0,0,0,0,1,2022-08-07T20:02:43.3104212Z,0
5.29355,101.4037853,Daerah: Perak<br>No:1855<br>Hex coord:(77;41),n/a,0,0,0,0,0,0,1,2022-08-07T20:02:43.9998765Z,0
5.30133,101.417332,Daerah: Perak<br>No:1856<br>Hex coord:(78;41),n/a,0,0,0,0,0,0,1,2022-08-07T20:02:44.6980778Z,0
5.29355,101.4308787,Daerah: Perak<br>No:1857<br>Hex coord:(79;41),n/a,0,0,0,0,0,0,1,2022-08-07T20:02:45.3853833Z,0
5.30133,101.4444254,Daerah: Perak<br>No:1858<br>Hex coord:(80;41),n/a,0,0,0,0,0,0,1,2022-08-07T20:02:46.1172165Z,0
5.29355,101.4579721,Daerah: Perak<br>No:1859<br>Hex coord:(81;41),n/a,0,0,0,0,0,0,1,2022-08-07T20:02:49.2350810Z,0
5.30133,101.4715188,Daerah: Perak<br>No:1860<br>Hex coord:(82;41),n/a,0,0,0,0,0,0,1,2022-08-07T20:02:49.9439426Z,0
5.29355,101.4850655,Daerah: Perak<br>No:1861<br>Hex coord:(83;41),n/a,0,0,0,0,0,0,1,2022-08-07T20:02:50.6380763Z,0
5.30133,101.4986123,Daerah: Perak<br>No:1862<br>Hex coord:(84;41),n/a,0,0,0,0,0,0,1,2022-08-07T20:02:51.3682798Z,0
5.29355,101.512159,Daerah: Perak<br>No:1863<br>Hex coord:(85;41),n/a,0,0,0,0,0,0,1,2022-08-07T20:02:52.0547792Z,0
5.30133,101.5257057,Daerah: Perak<br>No:1864<br>Hex coord:(86;41),n/a,0,0,0,0,0,0,1,2022-08-07T20:02:52.7372091Z,0
5.29355,101.5392524,Daerah: Perak<br>No:1865<br>Hex coord:(87;41),n/a,0,0,0,0,0,0,1,2022-08-07T20:02:53.4345421Z,0
5.30133,101.5527991,Daerah: Perak<br>No:1866<br>Hex coord:(88;41),n/a,0,0,0,0,0,0,1,2022-08-07T20:02:54.1325426Z,0
5.29355,101.5663458,Daerah: Perak<br>No:1867<br>Hex coord:(89;41),n/a,0,0,0,0,0,0,1,2022-08-07T20:02:54.8257382Z,0
5.28577,100.7399968,Daerah: Perak<br>No:1868<br>Hex coord:(28;42),n/a,0,0,0,0,0,0,1,2022-08-07T20:02:55.5256052Z,0
5.27799,100.7535435,Daerah: Perak<br>No:1869<br>Hex coord:(29;42),n/a,0,0,0,0,0,0,1,2022-08-07T20:02:56.2600539Z,0
5.28577,100.7670902,Daerah: Perak<br>No:1870<br>Hex coord:(30;42),n/a,0,0,0,0,0,0,1,2022-08-07T20:02:56.9602780Z,0
5.27799,100.7806369,Daerah: Perak<br>No:1871<br>Hex coord:(31;42),n/a,0,0,0,0,0,0,1,2022-08-07T20:02:57.6476191Z,0
5.28577,100.7941836,Daerah: Perak<br>No:1872<br>Hex coord:(32;42),n/a,0,0,0,0,0,0,1,2022-08-07T20:02:58.3351791Z,0
5.27799,100.8077303,Daerah: Perak<br>No:1873<br>Hex coord:(33;42),n/a,0,0,0,0,0,0,1,2022-08-07T20:02:59.0377956Z,0
5.28577,100.821277,Daerah: Perak<br>No:1874<br>Hex coord:(34;42),n/a,0,0,0,0,0,0,1,2022-08-07T20:02:59.7275547Z,0
5.27799,100.8348237,Daerah: Perak<br>No:1875<br>Hex coord:(35;42),n/a,0,0,0,0,0,0,1,2022-08-07T20:03:00.4208098Z,0
5.28577,100.8483704,Daerah: Perak<br>No:1876<br>Hex coord:(36;42),n/a,0,0,0,0,0,0,1,2022-08-07T20:03:01.1726440Z,0
5.27799,100.8619171,Daerah: Perak<br>No:1877<br>Hex coord:(37;42),n/a,0,0,0,0,0,0,1,2022-08-07T20:03:01.8654885Z,0
5.28577,100.8754638,Daerah: Perak<br>No:1878<br>Hex coord:(38;42),n/a,0,0,0,0,0,0,1,2022-08-07T20:03:02.5603194Z,0
5.27799,100.8890105,Daerah: Perak<br>No:1879<br>Hex coord:(39;42),n/a,0,0,0,0,0,0,1,2022-08-07T20:03:03.2515133Z,0
5.28577,100.9025572,Daerah: Perak<br>No:1880<br>Hex coord:(40;42),n/a,0,0,0,0,0,0,1,2022-08-07T20:03:03.9365128Z,0
5.27799,100.9161039,Daerah: Perak<br>No:1881<br>Hex coord:(41;42),n/a,0,0,0,0,0,0,1,2022-08-07T20:03:04.6347677Z,0
5.28577,100.9296506,Daerah: Perak<br>No:1882<br>Hex coord:(42;42),n/a,0,0,0,0,0,0,1,2022-08-07T20:03:05.3230001Z,0
5.27799,100.9431973,Daerah: Perak<br>No:1883<br>Hex coord:(43;42),n/a,0,0,0,0,0,0,1,2022-08-07T20:03:06.0666442Z,0
5.28577,100.956744,Daerah: Perak<br>No:1884<br>Hex coord:(44;42),n/a,0,0,0,0,0,0,1,2022-08-07T20:03:06.7565464Z,0
5.27799,100.9702907,Daerah: Perak<br>No:1885<br>Hex coord:(45;42),n/a,0,0,0,0,0,0,1,2022-08-07T20:03:07.4477951Z,0
5.28577,100.9838374,Daerah: Perak<br>No:1886<br>Hex coord:(46;42),n/a,0,0,0,0,0,0,1,2022-08-07T20:03:08.1438439Z,0
5.27799,100.9973842,Daerah: Perak<br>No:1887<br>Hex coord:(47;42),n/a,0,0,0,0,0,0,1,2022-08-07T20:03:08.8334186Z,0
5.28577,101.0109309,Daerah: Perak<br>No:1888<br>Hex coord:(48;42),n/a,0,0,0,0,0,0,1,2022-08-07T20:03:09.5172742Z,0
5.27799,101.0244776,Daerah: Perak<br>No:1889<br>Hex coord:(49;42),n/a,0,0,0,0,0,0,1,2022-08-07T20:03:10.2095557Z,0
5.28577,101.0380243,Daerah: Perak<br>No:1890<br>Hex coord:(50;42),n/a,0,0,0,0,0,0,1,2022-08-07T20:03:10.9580130Z,0
5.27799,101.051571,Daerah: Perak<br>No:1891<br>Hex coord:(51;42),n/a,0,0,0,0,0,0,1,2022-08-07T20:03:11.6418700Z,0
5.28577,101.0651177,Daerah: Perak<br>No:1892<br>Hex coord:(52;42),n/a,0,0,0,0,0,0,1,2022-08-07T20:03:12.3449611Z,0
5.27799,101.0786644,Daerah: Perak<br>No:1893<br>Hex coord:(53;42),n/a,0,0,0,0,0,0,1,2022-08-07T20:03:13.0338147Z,0
5.28577,101.0922111,Daerah: Perak<br>No:1894<br>Hex coord:(54;42),n/a,0,0,0,0,0,0,1,2022-08-07T20:03:13.7294361Z,0
5.27799,101.1057578,Daerah: Perak<br>No:1895<br>Hex coord:(55;42),n/a,0,0,0,0,0,0,1,2022-08-07T20:03:14.4215584Z,0
5.28577,101.1193045,Daerah: Perak<br>No:1896<br>Hex coord:(56;42),n/a,0,0,0,0,0,0,1,2022-08-07T20:03:15.1171201Z,0
5.27799,101.1328512,Daerah: Perak<br>No:1897<br>Hex coord:(57;42),n/a,0,0,0,0,0,0,1,2022-08-07T20:03:15.8123588Z,0
5.28577,101.1463979,Daerah: Perak<br>No:1898<br>Hex coord:(58;42),n/a,0,0,0,0,0,0,1,2022-08-07T20:03:21.3504615Z,0
5.27799,101.1599446,Daerah: Perak<br>No:1899<br>Hex coord:(59;42),n/a,0,0,0,0,0,0,1,2022-08-07T20:03:24.8326673Z,0
5.28577,101.1734913,Daerah: Perak<br>No:1900<br>Hex coord:(60;42),n/a,0,0,0,0,0,0,1,2022-08-07T20:03:25.5324256Z,0
5.27799,101.187038,Daerah: Perak<br>No:1901<br>Hex coord:(61;42),n/a,0,0,0,0,0,0,1,2022-08-07T20:03:26.2757657Z,0
5.28577,101.2005847,Daerah: Perak<br>No:1902<br>Hex coord:(62;42),n/a,0,0,0,0,0,0,1,2022-08-07T20:03:26.9635970Z,0
5.27799,101.2141314,Daerah: Perak<br>No:1903<br>Hex coord:(63;42),n/a,0,0,0,0,0,0,1,2022-08-07T20:03:27.6536050Z,0
5.28577,101.2276781,Daerah: Perak<br>No:1904<br>Hex coord:(64;42),n/a,0,0,0,0,0,0,1,2022-08-07T20:03:28.3527402Z,0
5.27799,101.2412249,Daerah: Perak<br>No:1905<br>Hex coord:(65;42),n/a,0,0,0,0,0,0,1,2022-08-07T20:03:29.0411720Z,0
5.28577,101.2547716,Daerah: Perak<br>No:1906<br>Hex coord:(66;42),n/a,0,0,0,0,0,0,1,2022-08-07T20:03:29.7288917Z,0
5.27799,101.2683183,Daerah: Perak<br>No:1907<br>Hex coord:(67;42),n/a,0,0,0,0,0,0,1,2022-08-07T20:03:30.4712555Z,0
5.28577,101.281865,Daerah: Perak<br>No:1908<br>Hex coord:(68;42),n/a,0,0,0,0,0,0,1,2022-08-07T20:03:31.1889442Z,0
5.27799,101.2954117,Daerah: Perak<br>No:1909<br>Hex coord:(69;42),n/a,0,0,0,0,0,0,1,2022-08-07T20:03:31.8888961Z,0
5.28577,101.3089584,Daerah: Perak<br>No:1910<br>Hex coord:(70;42),n/a,0,0,0,0,0,0,1,2022-08-07T20:03:32.5899475Z,0
5.27799,101.3225051,Daerah: Perak<br>No:1911<br>Hex coord:(71;42),n/a,0,0,0,0,0,0,1,2022-08-07T20:03:33.2784747Z,0
5.28577,101.3360518,Daerah: Perak<br>No:1912<br>Hex coord:(72;42),n/a,0,0,0,0,0,0,1,2022-08-07T20:03:33.9643459Z,0
5.27799,101.3495985,Daerah: Perak<br>No:1913<br>Hex coord:(73;42),n/a,0,0,0,0,0,0,1,2022-08-07T20:03:34.6608010Z,0
5.28577,101.3631452,Daerah: Perak<br>No:1914<br>Hex coord:(74;42),n/a,0,0,0,0,0,0,1,2022-08-07T20:03:35.3440459Z,0
5.27799,101.3766919,Daerah: Perak<br>No:1915<br>Hex coord:(75;42),n/a,0,0,0,0,0,0,1,2022-08-07T20:03:36.0816477Z,0
5.28577,101.3902386,Daerah: Perak<br>No:1916<br>Hex coord:(76;42),n/a,0,0,0,0,0,0,1,2022-08-07T20:03:36.7755897Z,0
5.27799,101.4037853,Daerah: Perak<br>No:1917<br>Hex coord:(77;42),n/a,0,0,0,0,0,0,1,2022-08-07T20:03:37.4523529Z,0
5.28577,101.417332,Daerah: Perak<br>No:1918<br>Hex coord:(78;42),n/a,0,0,0,0,0,0,1,2022-08-07T20:03:38.1541220Z,0
5.27799,101.4308787,Daerah: Perak<br>No:1919<br>Hex coord:(79;42),n/a,0,0,0,0,0,0,1,2022-08-07T20:03:38.8451002Z,0
5.28577,101.4444254,Daerah: Perak<br>No:1920<br>Hex coord:(80;42),n/a,0,0,0,0,0,0,1,2022-08-07T20:03:39.5307864Z,0
5.27799,101.4579721,Daerah: Perak<br>No:1921<br>Hex coord:(81;42),n/a,0,0,0,0,0,0,1,2022-08-07T20:03:40.2271475Z,0
5.28577,101.4715188,Daerah: Perak<br>No:1922<br>Hex coord:(82;42),n/a,0,0,0,0,0,0,1,2022-08-07T20:03:40.9706414Z,0
5.27799,101.4850655,Daerah: Perak<br>No:1923<br>Hex coord:(83;42),n/a,0,0,0,0,0,0,1,2022-08-07T20:03:41.6787998Z,0
5.28577,101.4986123,Daerah: Perak<br>No:1924<br>Hex coord:(84;42),n/a,0,0,0,0,0,0,1,2022-08-07T20:03:42.3788894Z,0
5.27799,101.512159,Daerah: Perak<br>No:1925<br>Hex coord:(85;42),n/a,0,0,0,0,0,0,1,2022-08-07T20:03:43.0590282Z,0
5.28577,101.5257057,Daerah: Perak<br>No:1926<br>Hex coord:(86;42),n/a,0,0,0,0,0,0,1,2022-08-07T20:03:43.7411688Z,0
5.27799,101.5392524,Daerah: Perak<br>No:1927<br>Hex coord:(87;42),n/a,0,0,0,0,0,0,1,2022-08-07T20:03:44.4266037Z,0
5.26243,100.72645,Daerah: Perak<br>No:1928<br>Hex coord:(27;43),n/a,0,0,0,0,0,0,1,2022-08-07T20:03:45.1243876Z,0
5.27021,100.7399968,Daerah: Perak<br>No:1929<br>Hex coord:(28;43),n/a,0,0,0,0,0,0,1,2022-08-07T20:03:45.8215200Z,0
5.26243,100.7535435,Daerah: Perak<br>No:1930<br>Hex coord:(29;43),n/a,0,0,0,0,0,0,1,2022-08-07T20:03:47.7625447Z,0
5.27021,100.7670902,Daerah: Perak<br>No:1931<br>Hex coord:(30;43),n/a,0,0,0,0,0,0,1,2022-08-07T20:03:48.4511786Z,0
5.26243,100.7806369,Daerah: Perak<br>No:1932<br>Hex coord:(31;43),n/a,0,0,0,0,0,0,1,2022-08-07T20:03:49.1487806Z,0
5.27021,100.7941836,Daerah: Perak<br>No:1933<br>Hex coord:(32;43),n/a,0,0,0,0,0,0,1,2022-08-07T20:03:49.8339823Z,0
5.26243,100.8077303,Daerah: Perak<br>No:1934<br>Hex coord:(33;43),n/a,0,0,0,0,0,0,1,2022-08-07T20:03:50.5382196Z,0
5.27021,100.821277,Daerah: Perak<br>No:1935<br>Hex coord:(34;43),n/a,0,0,0,0,0,0,1,2022-08-07T20:03:51.2609913Z,0
5.26243,100.8348237,Daerah: Perak<br>No:1936<br>Hex coord:(35;43),n/a,0,0,0,0,0,0,1,2022-08-07T20:03:51.9832588Z,0
5.27021,100.8483704,Daerah: Perak<br>No:1937<br>Hex coord:(36;43),n/a,0,0,0,0,0,0,1,2022-08-07T20:03:52.6799667Z,0
5.26243,100.8619171,Daerah: Perak<br>No:1938<br>Hex coord:(37;43),n/a,0,0,0,0,0,0,1,2022-08-07T20:03:53.3688033Z,0
5.27021,100.8754638,Daerah: Perak<br>No:1939<br>Hex coord:(38;43),n/a,0,0,0,0,0,0,1,2022-08-07T20:03:54.0585650Z,0
5.26243,100.8890105,Daerah: Perak<br>No:1940<br>Hex coord:(39;43),n/a,0,0,0,0,0,0,1,2022-08-07T20:03:54.7537821Z,0
5.27021,100.9025572,Daerah: Perak<br>No:1941<br>Hex coord:(40;43),n/a,0,0,0,0,0,0,1,2022-08-07T20:03:55.4395425Z,0
5.26243,100.9161039,Daerah: Perak<br>No:1942<br>Hex coord:(41;43),n/a,0,0,0,0,0,0,1,2022-08-07T20:03:56.1447626Z,0
5.27021,100.9296506,Daerah: Perak<br>No:1943<br>Hex coord:(42;43),n/a,0,0,0,0,0,0,1,2022-08-07T20:03:56.8383087Z,0
5.26243,100.9431973,Daerah: Perak<br>No:1944<br>Hex coord:(43;43),n/a,0,0,0,0,0,0,1,2022-08-07T20:03:57.6000690Z,0
5.27021,100.956744,Daerah: Perak<br>No:1945<br>Hex coord:(44;43),n/a,0,0,0,0,0,0,1,2022-08-07T20:03:58.2839386Z,0
5.26243,100.9702907,Daerah: Perak<br>No:1946<br>Hex coord:(45;43),n/a,0,0,0,0,0,0,1,2022-08-07T20:03:58.9711469Z,0
5.27021,100.9838374,Daerah: Perak<br>No:1947<br>Hex coord:(46;43),n/a,0,0,0,0,0,0,1,2022-08-07T20:03:59.6706842Z,0
5.26243,100.9973842,Daerah: Perak<br>No:1948<br>Hex coord:(47;43),n/a,0,0,0,0,0,0,1,2022-08-07T20:04:00.3729160Z,0
5.27021,101.0109309,Daerah: Perak<br>No:1949<br>Hex coord:(48;43),n/a,0,0,0,0,0,0,1,2022-08-07T20:04:01.0586488Z,0
5.26243,101.0244776,Daerah: Perak<br>No:1950<br>Hex coord:(49;43),n/a,0,0,0,0,0,0,1,2022-08-07T20:04:01.7519834Z,0
5.27021,101.0380243,Daerah: Perak<br>No:1951<br>Hex coord:(50;43),n/a,0,0,0,0,0,0,1,2022-08-07T20:04:02.4924154Z,0
5.26243,101.051571,Daerah: Perak<br>No:1952<br>Hex coord:(51;43),n/a,0,0,0,0,0,0,1,2022-08-07T20:04:03.1776390Z,0
5.27021,101.0651177,Daerah: Perak<br>No:1953<br>Hex coord:(52;43),n/a,0,0,0,0,0,0,1,2022-08-07T20:04:03.8709968Z,0
5.26243,101.0786644,Daerah: Perak<br>No:1954<br>Hex coord:(53;43),n/a,0,0,0,0,0,0,1,2022-08-07T20:04:04.5690199Z,0
5.27021,101.0922111,Daerah: Perak<br>No:1955<br>Hex coord:(54;43),n/a,0,0,0,0,0,0,1,2022-08-07T20:04:05.2598987Z,0
5.26243,101.1057578,Daerah: Perak<br>No:1956<br>Hex coord:(55;43),n/a,0,0,0,0,0,0,1,2022-08-07T20:04:05.9465790Z,0
5.27021,101.1193045,Daerah: Perak<br>No:1957<br>Hex coord:(56;43),n/a,0,0,0,0,0,0,1,2022-08-07T20:04:06.6338425Z,0
5.26243,101.1328512,Daerah: Perak<br>No:1958<br>Hex coord:(57;43),n/a,0,0,0,0,0,0,1,2022-08-07T20:04:07.3599592Z,0
5.27021,101.1463979,Daerah: Perak<br>No:1959<br>Hex coord:(58;43),n/a,0,0,0,0,0,0,1,2022-08-07T20:04:08.0596386Z,0
5.26243,101.1599446,Daerah: Perak<br>No:1960<br>Hex coord:(59;43),n/a,0,0,0,0,0,0,1,2022-08-07T20:04:08.7622478Z,0
5.27021,101.1734913,Daerah: Perak<br>No:1961<br>Hex coord:(60;43),n/a,0,0,0,0,0,0,1,2022-08-07T20:04:09.4535897Z,0
5.26243,101.187038,Daerah: Perak<br>No:1962<br>Hex coord:(61;43),n/a,0,0,0,0,0,0,1,2022-08-07T20:04:10.1843552Z,0
5.27021,101.2005847,Daerah: Perak<br>No:1963<br>Hex coord:(62;43),n/a,0,0,0,0,0,0,1,2022-08-07T20:04:10.8764950Z,0
5.26243,101.2141314,Daerah: Perak<br>No:1964<br>Hex coord:(63;43),n/a,0,0,0,0,0,0,1,2022-08-07T20:04:11.5804555Z,0
5.27021,101.2276781,Daerah: Perak<br>No:1965<br>Hex coord:(64;43),n/a,0,0,0,0,0,0,1,2022-08-07T20:04:12.3149374Z,0
5.26243,101.2412249,Daerah: Perak<br>No:1966<br>Hex coord:(65;43),n/a,0,0,0,0,0,0,1,2022-08-07T20:04:13.0207286Z,0
5.27021,101.2547716,Daerah: Perak<br>No:1967<br>Hex coord:(66;43),n/a,0,0,0,0,0,0,1,2022-08-07T20:04:13.7021835Z,0
5.26243,101.2683183,Daerah: Perak<br>No:1968<br>Hex coord:(67;43),n/a,0,0,0,0,0,0,1,2022-08-07T20:04:14.4096759Z,0
5.27021,101.281865,Daerah: Perak<br>No:1969<br>Hex coord:(68;43),n/a,0,0,0,0,0,0,1,2022-08-07T20:04:15.1647209Z,0
5.26243,101.2954117,Daerah: Perak<br>No:1970<br>Hex coord:(69;43),n/a,0,0,0,0,0,0,1,2022-08-07T20:04:15.8526299Z,0
5.27021,101.3089584,Daerah: Perak<br>No:1971<br>Hex coord:(70;43),n/a,0,0,0,0,0,0,1,2022-08-07T20:04:21.5442153Z,0
5.26243,101.3225051,Daerah: Perak<br>No:1972<br>Hex coord:(71;43),n/a,0,0,0,0,0,0,1,2022-08-07T20:04:22.2267270Z,0
5.27021,101.3360518,Daerah: Perak<br>No:1973<br>Hex coord:(72;43),n/a,0,0,0,0,0,0,1,2022-08-07T20:04:22.9289323Z,0
5.26243,101.3495985,Daerah: Perak<br>No:1974<br>Hex coord:(73;43),n/a,0,0,0,0,0,0,1,2022-08-07T20:04:23.7207985Z,0
5.27021,101.3631452,Daerah: Perak<br>No:1975<br>Hex coord:(74;43),n/a,0,0,0,0,0,0,1,2022-08-07T20:04:24.4422201Z,0
5.26243,101.3766919,Daerah: Perak<br>No:1976<br>Hex coord:(75;43),n/a,0,0,0,0,0,0,1,2022-08-07T20:04:25.1465254Z,0
5.27021,101.3902386,Daerah: Perak<br>No:1977<br>Hex coord:(76;43),n/a,0,0,0,0,0,0,1,2022-08-07T20:04:25.8345602Z,0
5.26243,101.4037853,Daerah: Perak<br>No:1978<br>Hex coord:(77;43),n/a,0,0,0,0,0,0,1,2022-08-07T20:04:26.5396737Z,0
5.27021,101.417332,Daerah: Perak<br>No:1979<br>Hex coord:(78;43),n/a,0,0,0,0,0,0,1,2022-08-07T20:04:27.2445912Z,0
5.26243,101.4308787,Daerah: Perak<br>No:1980<br>Hex coord:(79;43),n/a,0,0,0,0,0,0,1,2022-08-07T20:04:27.9644617Z,0
5.27021,101.4444254,Daerah: Perak<br>No:1981<br>Hex coord:(80;43),n/a,0,0,0,0,0,0,1,2022-08-07T20:04:28.7434229Z,0
5.26243,101.4579721,Daerah: Perak<br>No:1982<br>Hex coord:(81;43),n/a,0,0,0,0,0,0,1,2022-08-07T20:04:29.4688990Z,0
5.27021,101.4715188,Daerah: Perak<br>No:1983<br>Hex coord:(82;43),n/a,0,0,0,0,0,0,1,2022-08-07T20:04:30.1680470Z,0
5.26243,101.4850655,Daerah: Perak<br>No:1984<br>Hex coord:(83;43),n/a,0,0,0,0,0,0,1,2022-08-07T20:04:30.8909343Z,0
5.27021,101.4986123,Daerah: Perak<br>No:1985<br>Hex coord:(84;43),n/a,0,0,0,0,0,0,1,2022-08-07T20:04:31.5838685Z,0
5.26243,101.512159,Daerah: Perak<br>No:1986<br>Hex coord:(85;43),n/a,0,0,0,0,0,0,1,2022-08-07T20:04:32.2889441Z,0
5.24687,100.6993566,Daerah: Perak<br>No:1987<br>Hex coord:(25;44),n/a,0,0,0,0,0,0,1,2022-08-07T20:04:33.0340391Z,0
5.25465,100.7129033,Daerah: Perak<br>No:1988<br>Hex coord:(26;44),n/a,0,0,0,0,0,0,1,2022-08-07T20:04:33.7237269Z,0
5.24687,100.72645,Daerah: Perak<br>No:1989<br>Hex coord:(27;44),n/a,0,0,0,0,0,0,1,2022-08-07T20:04:34.4432753Z,0
5.25465,100.7399968,Daerah: Perak<br>No:1990<br>Hex coord:(28;44),n/a,12,0,0,0,0,0,1,2022-08-07T20:04:35.1473949Z,0
5.24687,100.7535435,Daerah: Perak<br>No:1991<br>Hex coord:(29;44),n/a,0,0,0,0,0,0,1,2022-08-07T20:04:35.9061293Z,0
5.25465,100.7670902,Daerah: Perak<br>No:1992<br>Hex coord:(30;44),n/a,0,0,0,0,0,0,1,2022-08-07T20:04:36.6148769Z,0
5.24687,100.7806369,Daerah: Perak<br>No:1993<br>Hex coord:(31;44),n/a,0,0,0,0,0,0,1,2022-08-07T20:04:37.3178051Z,0
5.25465,100.7941836,Daerah: Perak<br>No:1994<br>Hex coord:(32;44),n/a,0,0,0,0,0,0,1,2022-08-07T20:04:38.0262443Z,0
5.24687,100.8077303,Daerah: Perak<br>No:1995<br>Hex coord:(33;44),n/a,0,0,0,0,0,0,1,2022-08-07T20:04:38.7077059Z,0
5.25465,100.821277,Daerah: Perak<br>No:1996<br>Hex coord:(34;44),n/a,0,0,0,0,0,0,1,2022-08-07T20:04:39.4041622Z,0
5.24687,100.8348237,Daerah: Perak<br>No:1997<br>Hex coord:(35;44),n/a,0,0,0,0,0,0,1,2022-08-07T20:04:40.1044274Z,0
5.25465,100.8483704,Daerah: Perak<br>No:1998<br>Hex coord:(36;44),n/a,0,0,0,0,0,0,1,2022-08-07T20:04:40.7974433Z,0
5.24687,100.8619171,Daerah: Perak<br>No:1999<br>Hex coord:(37;44),n/a,0,0,0,0,0,0,1,2022-08-07T20:04:41.5245715Z,0
5.25465,100.8754638,Daerah: Perak<br>No:2000<br>Hex coord:(38;44),n/a,0,0,0,0,0,0,1,2022-08-07T20:04:42.2161765Z,0
5.24687,100.8890105,Daerah: Perak<br>No:2001<br>Hex coord:(39;44),n/a,0,0,0,0,0,0,1,2022-08-07T20:04:43.0715257Z,0
5.25465,100.9025572,Daerah: Perak<br>No:2002<br>Hex coord:(40;44),n/a,0,0,0,0,0,0,1,2022-08-07T20:04:43.7855852Z,0
5.24687,100.9161039,Daerah: Perak<br>No:2003<br>Hex coord:(41;44),n/a,0,0,0,0,0,0,1,2022-08-07T20:04:44.4744426Z,0
5.25465,100.9296506,Daerah: Perak<br>No:2004<br>Hex coord:(42;44),n/a,0,0,0,0,0,0,1,2022-08-07T20:04:45.1743061Z,0
5.24687,100.9431973,Daerah: Perak<br>No:2005<br>Hex coord:(43;44),n/a,0,0,0,0,0,0,1,2022-08-07T20:04:45.8773953Z,0
5.25465,100.956744,Daerah: Perak<br>No:2006<br>Hex coord:(44;44),n/a,0,0,0,0,0,0,1,2022-08-07T20:04:47.7642589Z,0
5.24687,100.9702907,Daerah: Perak<br>No:2007<br>Hex coord:(45;44),n/a,0,0,0,0,0,0,1,2022-08-07T20:04:48.5057259Z,0
5.25465,100.9838374,Daerah: Perak<br>No:2008<br>Hex coord:(46;44),n/a,0,0,0,0,0,0,1,2022-08-07T20:04:49.1941314Z,0
5.24687,100.9973842,Daerah: Perak<br>No:2009<br>Hex coord:(47;44),n/a,0,0,0,0,0,0,1,2022-08-07T20:04:49.8815743Z,0
5.25465,101.0109309,Daerah: Perak<br>No:2010<br>Hex coord:(48;44),n/a,0,0,0,0,0,0,1,2022-08-07T20:04:50.5654234Z,0
5.24687,101.0244776,Daerah: Perak<br>No:2011<br>Hex coord:(49;44),n/a,0,0,0,0,0,0,1,2022-08-07T20:04:51.2572392Z,0
5.25465,101.0380243,Daerah: Perak<br>No:2012<br>Hex coord:(50;44),n/a,0,0,0,0,0,0,1,2022-08-07T20:04:51.9546762Z,0
5.24687,101.051571,Daerah: Perak<br>No:2013<br>Hex coord:(51;44),n/a,0,0,0,0,0,0,1,2022-08-07T20:04:52.6510041Z,0
5.25465,101.0651177,Daerah: Perak<br>No:2014<br>Hex coord:(52;44),n/a,0,0,0,0,0,0,1,2022-08-07T20:04:53.3814461Z,0
5.24687,101.0786644,Daerah: Perak<br>No:2015<br>Hex coord:(53;44),n/a,0,0,0,0,0,0,1,2022-08-07T20:04:54.0693848Z,0
5.25465,101.0922111,Daerah: Perak<br>No:2016<br>Hex coord:(54;44),n/a,1,0,0,0,0,0,1,2022-08-07T20:04:54.7680710Z,0
5.24687,101.1057578,Daerah: Perak<br>No:2017<br>Hex coord:(55;44),n/a,0,0,0,0,0,0,1,2022-08-07T20:04:55.4495906Z,0
5.25465,101.1193045,Daerah: Perak<br>No:2018<br>Hex coord:(56;44),n/a,0,0,0,0,0,0,1,2022-08-07T20:04:56.1391628Z,0
5.24687,101.1328512,Daerah: Perak<br>No:2019<br>Hex coord:(57;44),n/a,0,0,0,0,0,0,1,2022-08-07T20:04:56.8348287Z,0
5.25465,101.1463979,Daerah: Perak<br>No:2020<br>Hex coord:(58;44),n/a,0,0,0,0,0,0,1,2022-08-07T20:04:57.5145402Z,0
5.24687,101.1599446,Daerah: Perak<br>No:2021<br>Hex coord:(59;44),n/a,0,0,0,0,0,0,1,2022-08-07T20:04:58.2621399Z,0
5.25465,101.1734913,Daerah: Perak<br>No:2022<br>Hex coord:(60;44),n/a,0,0,0,0,0,0,1,2022-08-07T20:04:58.9634350Z,0
5.24687,101.187038,Daerah: Perak<br>No:2023<br>Hex coord:(61;44),n/a,0,0,0,0,0,0,1,2022-08-07T20:04:59.6596806Z,0
5.25465,101.2005847,Daerah: Perak<br>No:2024<br>Hex coord:(62;44),n/a,0,0,0,0,0,0,1,2022-08-07T20:05:00.3695639Z,0
5.24687,101.2141314,Daerah: Perak<br>No:2025<br>Hex coord:(63;44),n/a,0,0,0,0,0,0,1,2022-08-07T20:05:01.0832182Z,0
5.25465,101.2276781,Daerah: Perak<br>No:2026<br>Hex coord:(64;44),n/a,0,0,0,0,0,0,1,2022-08-07T20:05:01.7788263Z,0
5.24687,101.2412249,Daerah: Perak<br>No:2027<br>Hex coord:(65;44),n/a,0,0,0,0,0,0,1,2022-08-07T20:05:02.4827653Z,0
5.25465,101.2547716,Daerah: Perak<br>No:2028<br>Hex coord:(66;44),n/a,0,0,0,0,0,0,1,2022-08-07T20:05:03.2435663Z,0
5.24687,101.2683183,Daerah: Perak<br>No:2029<br>Hex coord:(67;44),n/a,0,0,0,0,0,0,1,2022-08-07T20:05:03.9340100Z,0
5.25465,101.281865,Daerah: Perak<br>No:2030<br>Hex coord:(68;44),n/a,0,0,0,0,0,0,1,2022-08-07T20:05:04.6428227Z,0
5.24687,101.2954117,Daerah: Perak<br>No:2031<br>Hex coord:(69;44),n/a,0,0,0,0,0,0,1,2022-08-07T20:05:05.3384936Z,0
5.25465,101.3089584,Daerah: Perak<br>No:2032<br>Hex coord:(70;44),n/a,0,0,0,0,0,0,1,2022-08-07T20:05:06.0238849Z,0
5.24687,101.3225051,Daerah: Perak<br>No:2033<br>Hex coord:(71;44),n/a,0,0,0,0,0,0,1,2022-08-07T20:05:06.7246969Z,0
5.25465,101.3360518,Daerah: Perak<br>No:2034<br>Hex coord:(72;44),n/a,0,0,0,0,0,0,1,2022-08-07T20:05:07.4255032Z,0
5.24687,101.3495985,Daerah: Perak<br>No:2035<br>Hex coord:(73;44),n/a,0,0,0,0,0,0,1,2022-08-07T20:05:08.3227816Z,0
5.25465,101.3631452,Daerah: Perak<br>No:2036<br>Hex coord:(74;44),n/a,0,0,0,0,0,0,1,2022-08-07T20:05:09.0163235Z,0
5.24687,101.3766919,Daerah: Perak<br>No:2037<br>Hex coord:(75;44),n/a,0,0,0,0,0,0,1,2022-08-07T20:05:09.7529333Z,0
5.25465,101.3902386,Daerah: Perak<br>No:2038<br>Hex coord:(76;44),n/a,0,0,0,0,0,0,1,2022-08-07T20:05:10.4412312Z,0
5.24687,101.4037853,Daerah: Perak<br>No:2039<br>Hex coord:(77;44),n/a,0,0,0,0,0,0,1,2022-08-07T20:05:11.1445038Z,0
5.25465,101.417332,Daerah: Perak<br>No:2040<br>Hex coord:(78;44),n/a,0,0,0,0,0,0,1,2022-08-07T20:05:11.8434980Z,0
5.24687,101.4308787,Daerah: Perak<br>No:2041<br>Hex coord:(79;44),n/a,0,0,0,0,0,0,1,2022-08-07T20:05:12.5417308Z,0
5.25465,101.4444254,Daerah: Perak<br>No:2042<br>Hex coord:(80;44),n/a,0,0,0,0,0,0,1,2022-08-07T20:05:13.2765494Z,0
5.24687,101.4579721,Daerah: Perak<br>No:2043<br>Hex coord:(81;44),n/a,0,0,0,0,0,0,1,2022-08-07T20:05:13.9882891Z,0
5.25465,101.4715188,Daerah: Perak<br>No:2044<br>Hex coord:(82;44),n/a,0,0,0,0,0,0,1,2022-08-07T20:05:14.6902219Z,0
5.24687,101.4850655,Daerah: Perak<br>No:2045<br>Hex coord:(83;44),n/a,0,0,0,0,0,0,1,2022-08-07T20:05:15.3881994Z,0
5.25465,101.4986123,Daerah: Perak<br>No:2046<br>Hex coord:(84;44),n/a,0,0,0,0,0,0,1,2022-08-07T20:05:16.0787840Z,0
5.24687,101.512159,Daerah: Perak<br>No:2047<br>Hex coord:(85;44),n/a,0,0,0,0,0,0,1,2022-08-07T20:05:21.5651228Z,0
5.23131,100.6993566,Daerah: Perak<br>No:2048<br>Hex coord:(25;45),n/a,0,0,0,0,0,0,1,2022-08-07T20:05:22.2490622Z,0
5.23909,100.7129033,Daerah: Perak<br>No:2049<br>Hex coord:(26;45),n/a,0,0,0,0,0,0,1,2022-08-07T20:05:22.9653304Z,0
5.23131,100.72645,Daerah: Perak<br>No:2050<br>Hex coord:(27;45),n/a,0,0,0,0,0,0,1,2022-08-07T20:05:23.6614093Z,0
5.23909,100.7399968,Daerah: Perak<br>No:2051<br>Hex coord:(28;45),n/a,0,0,0,0,0,0,1,2022-08-07T20:05:24.3603743Z,0
5.23131,100.7535435,Daerah: Perak<br>No:2052<br>Hex coord:(29;45),n/a,0,0,0,0,0,0,1,2022-08-07T20:05:25.0539389Z,0
5.23909,100.7670902,Daerah: Perak<br>No:2053<br>Hex coord:(30;45),n/a,0,0,0,0,0,0,1,2022-08-07T20:05:25.7553150Z,0
5.23131,100.7806369,Daerah: Perak<br>No:2054<br>Hex coord:(31;45),n/a,0,0,0,0,0,0,1,2022-08-07T20:05:26.4503859Z,0
5.23909,100.7941836,Daerah: Perak<br>No:2055<br>Hex coord:(32;45),n/a,0,0,0,0,0,0,1,2022-08-07T20:05:27.1380137Z,0
5.23131,100.8077303,Daerah: Perak<br>No:2056<br>Hex coord:(33;45),n/a,0,0,0,0,0,0,1,2022-08-07T20:05:27.8194141Z,0
5.23909,100.821277,Daerah: Perak<br>No:2057<br>Hex coord:(34;45),n/a,0,0,0,0,0,0,1,2022-08-07T20:05:28.5345330Z,0
5.23131,100.8348237,Daerah: Perak<br>No:2058<br>Hex coord:(35;45),n/a,0,0,0,0,0,0,1,2022-08-07T20:05:29.2338987Z,0
5.23909,100.8483704,Daerah: Perak<br>No:2059<br>Hex coord:(36;45),n/a,0,0,0,0,0,0,1,2022-08-07T20:05:29.9396424Z,0
5.23131,100.8619171,Daerah: Perak<br>No:2060<br>Hex coord:(37;45),n/a,0,0,0,0,0,0,1,2022-08-07T20:05:30.6341697Z,0
5.23909,100.8754638,Daerah: Perak<br>No:2061<br>Hex coord:(38;45),n/a,0,0,0,0,0,0,1,2022-08-07T20:05:31.3274640Z,0
5.23131,100.8890105,Daerah: Perak<br>No:2062<br>Hex coord:(39;45),n/a,0,0,0,0,0,0,1,2022-08-07T20:05:32.0146428Z,0
5.23909,100.9025572,Daerah: Perak<br>No:2063<br>Hex coord:(40;45),n/a,0,0,0,0,0,0,1,2022-08-07T20:05:32.7074806Z,0
5.23131,100.9161039,Daerah: Perak<br>No:2064<br>Hex coord:(41;45),n/a,0,0,0,0,0,0,1,2022-08-07T20:05:33.4026225Z,0
5.23909,100.9296506,Daerah: Perak<br>No:2065<br>Hex coord:(42;45),n/a,0,0,0,0,0,0,1,2022-08-07T20:05:34.0923904Z,0
5.23131,100.9431973,Daerah: Perak<br>No:2066<br>Hex coord:(43;45),n/a,0,0,0,0,0,0,1,2022-08-07T20:05:34.7932804Z,0
5.23909,100.956744,Daerah: Perak<br>No:2067<br>Hex coord:(44;45),n/a,0,0,0,0,0,0,1,2022-08-07T20:05:35.4797254Z,0
5.23131,100.9702907,Daerah: Perak<br>No:2068<br>Hex coord:(45;45),n/a,0,0,0,0,0,0,1,2022-08-07T20:05:36.1623362Z,0
5.23909,100.9838374,Daerah: Perak<br>No:2069<br>Hex coord:(46;45),n/a,0,0,0,0,0,0,1,2022-08-07T20:05:36.8485882Z,0
5.23131,100.9973842,Daerah: Perak<br>No:2070<br>Hex coord:(47;45),n/a,0,0,0,0,0,0,1,2022-08-07T20:05:37.5451004Z,0
5.23909,101.0109309,Daerah: Perak<br>No:2071<br>Hex coord:(48;45),n/a,0,0,0,0,0,0,1,2022-08-07T20:05:38.2546291Z,0
5.23131,101.0244776,Daerah: Perak<br>No:2072<br>Hex coord:(49;45),n/a,0,0,0,0,0,0,1,2022-08-07T20:05:38.9526295Z,0
5.23909,101.0380243,Daerah: Perak<br>No:2073<br>Hex coord:(50;45),n/a,0,0,0,0,0,0,1,2022-08-07T20:05:39.6494305Z,0
5.23131,101.051571,Daerah: Perak<br>No:2074<br>Hex coord:(51;45),n/a,0,0,0,0,0,0,1,2022-08-07T20:05:40.3400757Z,0
5.23909,101.0651177,Daerah: Perak<br>No:2075<br>Hex coord:(52;45),n/a,0,0,0,0,0,0,1,2022-08-07T20:05:41.0370553Z,0
5.23131,101.0786644,Daerah: Perak<br>No:2076<br>Hex coord:(53;45),n/a,0,0,0,0,0,0,1,2022-08-07T20:05:41.7462217Z,0
5.23909,101.0922111,Daerah: Perak<br>No:2077<br>Hex coord:(54;45),n/a,0,0,0,0,0,0,1,2022-08-07T20:05:42.4472192Z,0
5.23131,101.1057578,Daerah: Perak<br>No:2078<br>Hex coord:(55;45),n/a,0,0,0,0,0,0,1,2022-08-07T20:05:43.1458310Z,0
5.23909,101.1193045,Daerah: Perak<br>No:2079<br>Hex coord:(56;45),n/a,0,0,0,0,0,0,1,2022-08-07T20:05:43.8349671Z,0
5.23131,101.1328512,Daerah: Perak<br>No:2080<br>Hex coord:(57;45),n/a,0,0,0,0,0,0,1,2022-08-07T20:05:44.5233517Z,0
5.23909,101.1463979,Daerah: Perak<br>No:2081<br>Hex coord:(58;45),n/a,0,0,0,0,0,0,1,2022-08-07T20:05:45.2147650Z,0
5.23131,101.1599446,Daerah: Perak<br>No:2082<br>Hex coord:(59;45),n/a,0,0,0,0,0,0,1,2022-08-07T20:05:45.9067361Z,0
5.23909,101.1734913,Daerah: Perak<br>No:2083<br>Hex coord:(60;45),n/a,0,0,0,0,0,0,1,2022-08-07T20:05:49.0443661Z,0
5.23131,101.187038,Daerah: Perak<br>No:2084<br>Hex coord:(61;45),n/a,0,0,0,0,0,0,1,2022-08-07T20:05:49.7414394Z,0
5.23909,101.2005847,Daerah: Perak<br>No:2085<br>Hex coord:(62;45),n/a,0,0,0,0,0,0,1,2022-08-07T20:05:50.4379257Z,0
5.23131,101.2141314,Daerah: Perak<br>No:2086<br>Hex coord:(63;45),n/a,0,0,0,0,0,0,1,2022-08-07T20:05:51.1384407Z,0
5.23909,101.2276781,Daerah: Perak<br>No:2087<br>Hex coord:(64;45),n/a,0,0,0,0,0,0,1,2022-08-07T20:05:51.8273194Z,0
5.23131,101.2412249,Daerah: Perak<br>No:2088<br>Hex coord:(65;45),n/a,0,0,0,0,0,0,1,2022-08-07T20:05:52.5324871Z,0
5.23909,101.2547716,Daerah: Perak<br>No:2089<br>Hex coord:(66;45),n/a,0,0,0,0,0,0,1,2022-08-07T20:05:53.2187755Z,0
5.23131,101.2683183,Daerah: Perak<br>No:2090<br>Hex coord:(67;45),n/a,0,0,0,0,0,0,1,2022-08-07T20:05:54.0164517Z,0
5.23909,101.281865,Daerah: Perak<br>No:2091<br>Hex coord:(68;45),n/a,0,0,0,0,0,0,1,2022-08-07T20:05:54.7167015Z,0
5.23131,101.2954117,Daerah: Perak<br>No:2092<br>Hex coord:(69;45),n/a,0,0,0,0,0,0,1,2022-08-07T20:05:55.4061265Z,0
5.23909,101.3089584,Daerah: Perak<br>No:2093<br>Hex coord:(70;45),n/a,0,0,0,0,0,0,1,2022-08-07T20:05:56.1153147Z,0
5.23131,101.3225051,Daerah: Perak<br>No:2094<br>Hex coord:(71;45),n/a,0,0,0,0,0,0,1,2022-08-07T20:05:56.8083421Z,0
5.23909,101.3360518,Daerah: Perak<br>No:2095<br>Hex coord:(72;45),n/a,0,0,0,0,0,0,1,2022-08-07T20:05:57.5014572Z,0
5.23131,101.3495985,Daerah: Perak<br>No:2096<br>Hex coord:(73;45),n/a,0,0,0,0,0,0,1,2022-08-07T20:05:58.2005055Z,0
5.23909,101.3631452,Daerah: Perak<br>No:2097<br>Hex coord:(74;45),n/a,0,0,0,0,0,0,1,2022-08-07T20:05:58.9086979Z,0
5.23131,101.3766919,Daerah: Perak<br>No:2098<br>Hex coord:(75;45),n/a,0,0,0,0,0,0,1,2022-08-07T20:05:59.6030160Z,0
5.23909,101.3902386,Daerah: Perak<br>No:2099<br>Hex coord:(76;45),n/a,0,0,0,0,0,0,1,2022-08-07T20:06:00.2870631Z,0
5.23131,101.4037853,Daerah: Perak<br>No:2100<br>Hex coord:(77;45),n/a,0,0,0,0,0,0,1,2022-08-07T20:06:00.9809427Z,0
5.23909,101.417332,Daerah: Perak<br>No:2101<br>Hex coord:(78;45),n/a,0,0,0,0,0,0,1,2022-08-07T20:06:01.6645057Z,0
5.23131,101.4308787,Daerah: Perak<br>No:2102<br>Hex coord:(79;45),n/a,0,0,0,0,0,0,1,2022-08-07T20:06:02.3656747Z,0
5.23909,101.4444254,Daerah: Perak<br>No:2103<br>Hex coord:(80;45),n/a,0,0,0,0,0,0,1,2022-08-07T20:06:03.0593293Z,0
5.23131,101.4579721,Daerah: Perak<br>No:2104<br>Hex coord:(81;45),n/a,0,0,0,0,0,0,1,2022-08-07T20:06:03.7542931Z,0
5.23909,101.4715188,Daerah: Perak<br>No:2105<br>Hex coord:(82;45),n/a,0,0,0,0,0,0,1,2022-08-07T20:06:04.4643589Z,0
5.23131,101.4850655,Daerah: Perak<br>No:2106<br>Hex coord:(83;45),n/a,0,0,0,0,0,0,1,2022-08-07T20:06:05.1512132Z,0
5.23909,101.4986123,Daerah: Perak<br>No:2107<br>Hex coord:(84;45),n/a,0,0,0,0,0,0,1,2022-08-07T20:06:05.8412073Z,0
5.21575,100.6993566,Daerah: Perak<br>No:2108<br>Hex coord:(25;46),n/a,0,0,0,0,0,0,1,2022-08-07T20:06:06.5332278Z,0
5.22353,100.7129033,Daerah: Perak<br>No:2109<br>Hex coord:(26;46),n/a,0,0,0,0,0,0,1,2022-08-07T20:06:07.2730832Z,0
5.21575,100.72645,Daerah: Perak<br>No:2110<br>Hex coord:(27;46),n/a,0,0,0,0,0,0,1,2022-08-07T20:06:07.9696376Z,0
5.22353,100.7399968,Daerah: Perak<br>No:2111<br>Hex coord:(28;46),n/a,0,0,0,0,0,0,1,2022-08-07T20:06:08.6602065Z,0
5.21575,100.7535435,Daerah: Perak<br>No:2112<br>Hex coord:(29;46),n/a,0,0,0,0,0,0,1,2022-08-07T20:06:09.3723009Z,0
5.22353,100.7670902,Daerah: Perak<br>No:2113<br>Hex coord:(30;46),n/a,0,0,0,0,0,0,1,2022-08-07T20:06:10.0554131Z,0
5.21575,100.7806369,Daerah: Perak<br>No:2114<br>Hex coord:(31;46),n/a,0,0,0,0,0,0,1,2022-08-07T20:06:10.7436498Z,0
5.22353,100.7941836,Daerah: Perak<br>No:2115<br>Hex coord:(32;46),n/a,0,0,0,0,0,0,1,2022-08-07T20:06:11.4435325Z,0
5.21575,100.8077303,Daerah: Perak<br>No:2116<br>Hex coord:(33;46),n/a,0,0,0,0,0,0,1,2022-08-07T20:06:12.1285772Z,0
5.22353,100.821277,Daerah: Perak<br>No:2117<br>Hex coord:(34;46),n/a,0,0,0,0,0,0,1,2022-08-07T20:06:12.8253001Z,0
5.21575,100.8348237,Daerah: Perak<br>No:2118<br>Hex coord:(35;46),n/a,0,0,0,0,0,0,1,2022-08-07T20:06:13.5096854Z,0
5.22353,100.8483704,Daerah: Perak<br>No:2119<br>Hex coord:(36;46),n/a,0,0,0,0,0,0,1,2022-08-07T20:06:14.2146877Z,0
5.21575,100.8619171,Daerah: Perak<br>No:2120<br>Hex coord:(37;46),n/a,0,0,0,0,0,0,1,2022-08-07T20:06:14.9137598Z,0
5.22353,100.8754638,Daerah: Perak<br>No:2121<br>Hex coord:(38;46),n/a,0,0,0,0,0,0,1,2022-08-07T20:06:15.6102826Z,0
5.21575,100.8890105,Daerah: Perak<br>No:2122<br>Hex coord:(39;46),n/a,0,0,0,0,0,0,1,2022-08-07T20:06:16.5903469Z,0
5.22353,100.9025572,Daerah: Perak<br>No:2123<br>Hex coord:(40;46),n/a,0,0,0,0,0,0,1,2022-08-07T20:06:17.2791594Z,0
5.21575,100.9161039,Daerah: Perak<br>No:2124<br>Hex coord:(41;46),n/a,0,0,0,0,0,0,1,2022-08-07T20:06:17.9728376Z,0
5.22353,100.9296506,Daerah: Perak<br>No:2125<br>Hex coord:(42;46),n/a,0,0,0,0,0,0,1,2022-08-07T20:06:18.6647441Z,0
5.21575,100.9431973,Daerah: Perak<br>No:2126<br>Hex coord:(43;46),n/a,0,0,0,0,0,0,1,2022-08-07T20:06:19.3613545Z,0
5.22353,100.956744,Daerah: Perak<br>No:2127<br>Hex coord:(44;46),n/a,0,0,0,0,0,0,1,2022-08-07T20:06:20.0660209Z,0
5.21575,100.9702907,Daerah: Perak<br>No:2128<br>Hex coord:(45;46),n/a,0,0,0,0,0,0,1,2022-08-07T20:06:20.7737598Z,0
5.22353,100.9838374,Daerah: Perak<br>No:2129<br>Hex coord:(46;46),n/a,0,0,0,0,0,0,1,2022-08-07T20:06:21.4566801Z,0
5.21575,100.9973842,Daerah: Perak<br>No:2130<br>Hex coord:(47;46),n/a,0,0,0,0,0,0,1,2022-08-07T20:06:22.1655307Z,0
5.22353,101.0109309,Daerah: Perak<br>No:2131<br>Hex coord:(48;46),n/a,0,0,0,0,0,0,1,2022-08-07T20:06:22.8604697Z,0
5.21575,101.0244776,Daerah: Perak<br>No:2132<br>Hex coord:(49;46),n/a,0,0,0,0,0,0,1,2022-08-07T20:06:23.5775584Z,0
5.22353,101.0380243,Daerah: Perak<br>No:2133<br>Hex coord:(50;46),n/a,0,0,0,0,0,0,1,2022-08-07T20:06:24.3701205Z,0
5.21575,101.051571,Daerah: Perak<br>No:2134<br>Hex coord:(51;46),n/a,0,0,0,0,0,0,1,2022-08-07T20:06:25.0617078Z,0
5.22353,101.0651177,Daerah: Perak<br>No:2135<br>Hex coord:(52;46),n/a,0,0,0,0,0,0,1,2022-08-07T20:06:25.7535155Z,0
5.21575,101.0786644,Daerah: Perak<br>No:2136<br>Hex coord:(53;46),n/a,0,0,0,0,0,0,1,2022-08-07T20:06:26.4529237Z,0
5.22353,101.0922111,Daerah: Perak<br>No:2137<br>Hex coord:(54;46),n/a,0,0,0,0,0,0,1,2022-08-07T20:06:27.1473418Z,0
5.21575,101.1057578,Daerah: Perak<br>No:2138<br>Hex coord:(55;46),n/a,0,0,0,0,0,0,1,2022-08-07T20:06:27.8425596Z,0
5.22353,101.1193045,Daerah: Perak<br>No:2139<br>Hex coord:(56;46),n/a,0,0,0,0,0,0,1,2022-08-07T20:06:28.5256106Z,0
5.21575,101.1328512,Daerah: Perak<br>No:2140<br>Hex coord:(57;46),n/a,0,0,0,0,0,0,1,2022-08-07T20:06:29.2233308Z,0
5.22353,101.1463979,Daerah: Perak<br>No:2141<br>Hex coord:(58;46),n/a,0,0,0,0,0,0,1,2022-08-07T20:06:29.9154695Z,0
5.21575,101.1599446,Daerah: Perak<br>No:2142<br>Hex coord:(59;46),n/a,0,0,0,0,0,0,1,2022-08-07T20:06:30.6015395Z,0
5.22353,101.1734913,Daerah: Perak<br>No:2143<br>Hex coord:(60;46),n/a,0,0,0,0,0,0,1,2022-08-07T20:06:31.2847106Z,0
5.21575,101.187038,Daerah: Perak<br>No:2144<br>Hex coord:(61;46),n/a,0,0,0,0,0,0,1,2022-08-07T20:06:31.9856027Z,0
5.22353,101.2005847,Daerah: Perak<br>No:2145<br>Hex coord:(62;46),n/a,0,0,0,0,0,0,1,2022-08-07T20:06:32.6725379Z,0
5.21575,101.2141314,Daerah: Perak<br>No:2146<br>Hex coord:(63;46),n/a,0,0,0,0,0,0,1,2022-08-07T20:06:33.3686657Z,0
5.22353,101.2276781,Daerah: Perak<br>No:2147<br>Hex coord:(64;46),n/a,0,0,0,0,0,0,1,2022-08-07T20:06:34.1202904Z,0
5.21575,101.2412249,Daerah: Perak<br>No:2148<br>Hex coord:(65;46),n/a,0,0,0,0,0,0,1,2022-08-07T20:06:34.8027034Z,0
5.22353,101.2547716,Daerah: Perak<br>No:2149<br>Hex coord:(66;46),n/a,0,0,0,0,0,0,1,2022-08-07T20:06:35.4994669Z,0
5.21575,101.2683183,Daerah: Perak<br>No:2150<br>Hex coord:(67;46),n/a,0,0,0,0,0,0,1,2022-08-07T20:06:36.2379889Z,0
5.22353,101.281865,Daerah: Perak<br>No:2151<br>Hex coord:(68;46),n/a,0,0,0,0,0,0,1,2022-08-07T20:06:36.9363836Z,0
5.21575,101.2954117,Daerah: Perak<br>No:2152<br>Hex coord:(69;46),n/a,0,0,0,0,0,0,1,2022-08-07T20:06:37.6243774Z,0
5.22353,101.3089584,Daerah: Perak<br>No:2153<br>Hex coord:(70;46),n/a,0,0,0,0,0,0,1,2022-08-07T20:06:38.3174765Z,0
5.21575,101.3225051,Daerah: Perak<br>No:2154<br>Hex coord:(71;46),n/a,0,0,0,0,0,0,1,2022-08-07T20:06:39.0618610Z,0
5.22353,101.3360518,Daerah: Perak<br>No:2155<br>Hex coord:(72;46),n/a,0,0,0,0,0,0,1,2022-08-07T20:06:39.7618644Z,0
5.21575,101.3495985,Daerah: Perak<br>No:2156<br>Hex coord:(73;46),n/a,0,0,0,0,0,0,1,2022-08-07T20:06:40.4537825Z,0
5.22353,101.3631452,Daerah: Perak<br>No:2157<br>Hex coord:(74;46),n/a,0,0,0,0,0,0,1,2022-08-07T20:06:41.1524167Z,0
5.21575,101.3766919,Daerah: Perak<br>No:2158<br>Hex coord:(75;46),n/a,0,0,0,0,0,0,1,2022-08-07T20:06:41.8507924Z,0
5.22353,101.3902386,Daerah: Perak<br>No:2159<br>Hex coord:(76;46),n/a,0,0,0,0,0,0,1,2022-08-07T20:06:42.5508947Z,0
5.21575,101.4037853,Daerah: Perak<br>No:2160<br>Hex coord:(77;46),n/a,0,0,0,0,0,0,1,2022-08-07T20:06:43.2485404Z,0
5.22353,101.417332,Daerah: Perak<br>No:2161<br>Hex coord:(78;46),n/a,0,0,0,0,0,0,1,2022-08-07T20:06:43.9658566Z,0
5.21575,101.4308787,Daerah: Perak<br>No:2162<br>Hex coord:(79;46),n/a,0,0,0,0,0,0,1,2022-08-07T20:06:44.6594522Z,0
5.22353,101.4444254,Daerah: Perak<br>No:2163<br>Hex coord:(80;46),n/a,0,0,0,0,0,0,1,2022-08-07T20:06:45.3412724Z,0
5.21575,101.4579721,Daerah: Perak<br>No:2164<br>Hex coord:(81;46),n/a,0,0,0,0,0,0,1,2022-08-07T20:06:46.0327768Z,0
5.22353,101.4715188,Daerah: Perak<br>No:2165<br>Hex coord:(82;46),n/a,0,0,0,0,0,0,1,2022-08-07T20:06:46.7252638Z,0
5.21575,101.4850655,Daerah: Perak<br>No:2166<br>Hex coord:(83;46),n/a,0,0,0,0,0,0,1,2022-08-07T20:06:47.4186211Z,0
5.22353,101.4986123,Daerah: Perak<br>No:2167<br>Hex coord:(84;46),n/a,0,0,0,0,0,0,1,2022-08-07T20:06:48.1056487Z,0
5.20019,100.6722632,Daerah: Perak<br>No:2168<br>Hex coord:(23;47),n/a,0,0,0,0,0,0,1,2022-08-07T20:06:48.7953110Z,0
5.20797,100.6858099,Daerah: Perak<br>No:2169<br>Hex coord:(24;47),n/a,0,0,0,0,0,0,1,2022-08-07T20:06:49.4988465Z,0
5.20019,100.6993566,Daerah: Perak<br>No:2170<br>Hex coord:(25;47),n/a,0,0,0,0,0,0,1,2022-08-07T20:06:50.2095534Z,0
5.20797,100.7129033,Daerah: Perak<br>No:2171<br>Hex coord:(26;47),n/a,0,0,0,0,0,0,1,2022-08-07T20:06:50.9070080Z,0
5.20019,100.72645,Daerah: Perak<br>No:2172<br>Hex coord:(27;47),n/a,0,0,0,0,0,0,1,2022-08-07T20:06:51.6033413Z,0
5.20797,100.7399968,Daerah: Perak<br>No:2173<br>Hex coord:(28;47),n/a,0,0,0,0,0,0,1,2022-08-07T20:06:52.2990438Z,0
5.20019,100.7535435,Daerah: Perak<br>No:2174<br>Hex coord:(29;47),n/a,0,0,0,0,0,0,1,2022-08-07T20:06:53.0136244Z,0
5.20797,100.7670902,Daerah: Perak<br>No:2175<br>Hex coord:(30;47),n/a,0,0,0,0,0,0,1,2022-08-07T20:06:53.7035941Z,0
5.20019,100.7806369,Daerah: Perak<br>No:2176<br>Hex coord:(31;47),n/a,0,0,0,0,0,0,1,2022-08-07T20:06:54.4066182Z,0
5.20797,100.7941836,Daerah: Perak<br>No:2177<br>Hex coord:(32;47),n/a,17,0,0,0,0,0,1,2022-08-07T20:06:55.1090450Z,0
5.20019,100.8077303,Daerah: Perak<br>No:2178<br>Hex coord:(33;47),n/a,0,0,0,0,0,0,1,2022-08-07T20:06:55.8189088Z,0
5.20797,100.821277,Daerah: Perak<br>No:2179<br>Hex coord:(34;47),n/a,0,0,0,0,0,0,1,2022-08-07T20:06:56.5155860Z,0
5.20019,100.8348237,Daerah: Perak<br>No:2180<br>Hex coord:(35;47),n/a,0,0,0,0,0,0,1,2022-08-07T20:06:57.2036501Z,0
5.20797,100.8483704,Daerah: Perak<br>No:2181<br>Hex coord:(36;47),n/a,0,0,0,0,0,0,1,2022-08-07T20:06:57.8895408Z,0
5.20019,100.8619171,Daerah: Perak<br>No:2182<br>Hex coord:(37;47),n/a,0,0,0,0,0,0,1,2022-08-07T20:06:58.5756489Z,0
5.20797,100.8754638,Daerah: Perak<br>No:2183<br>Hex coord:(38;47),n/a,0,0,0,0,0,0,1,2022-08-07T20:06:59.2731512Z,0
5.20019,100.8890105,Daerah: Perak<br>No:2184<br>Hex coord:(39;47),n/a,0,0,0,0,0,0,1,2022-08-07T20:06:59.9604089Z,0
5.20797,100.9025572,Daerah: Perak<br>No:2185<br>Hex coord:(40;47),n/a,0,0,0,0,0,0,1,2022-08-07T20:07:00.6497522Z,0
5.20019,100.9161039,Daerah: Perak<br>No:2186<br>Hex coord:(41;47),n/a,0,0,0,0,0,0,1,2022-08-07T20:07:01.3383982Z,0
5.20797,100.9296506,Daerah: Perak<br>No:2187<br>Hex coord:(42;47),n/a,0,0,0,0,0,0,1,2022-08-07T20:07:02.0158119Z,0
5.20019,100.9431973,Daerah: Perak<br>No:2188<br>Hex coord:(43;47),n/a,0,0,0,0,0,0,1,2022-08-07T20:07:02.7169681Z,0
5.20797,100.956744,Daerah: Perak<br>No:2189<br>Hex coord:(44;47),n/a,0,0,0,0,0,0,1,2022-08-07T20:07:03.4161285Z,0
5.20019,100.9702907,Daerah: Perak<br>No:2190<br>Hex coord:(45;47),n/a,0,0,0,0,0,0,1,2022-08-07T20:07:04.1333525Z,0
5.20797,100.9838374,Daerah: Perak<br>No:2191<br>Hex coord:(46;47),n/a,0,0,0,0,0,0,1,2022-08-07T20:07:04.8187746Z,0
5.20019,100.9973842,Daerah: Perak<br>No:2192<br>Hex coord:(47;47),n/a,0,0,0,0,0,0,1,2022-08-07T20:07:05.5033857Z,0
5.20797,101.0109309,Daerah: Perak<br>No:2193<br>Hex coord:(48;47),n/a,0,0,0,0,0,0,1,2022-08-07T20:07:06.1973908Z,0
5.20019,101.0244776,Daerah: Perak<br>No:2194<br>Hex coord:(49;47),n/a,0,0,0,0,0,0,1,2022-08-07T20:07:06.8882872Z,0
5.20797,101.0380243,Daerah: Perak<br>No:2195<br>Hex coord:(50;47),n/a,0,0,0,0,0,0,1,2022-08-07T20:07:07.5733075Z,0
5.20019,101.051571,Daerah: Perak<br>No:2196<br>Hex coord:(51;47),n/a,0,0,0,0,0,0,1,2022-08-07T20:07:08.2539863Z,0
5.20797,101.0651177,Daerah: Perak<br>No:2197<br>Hex coord:(52;47),n/a,0,0,0,0,0,0,1,2022-08-07T20:07:08.9759017Z,0
5.20019,101.0786644,Daerah: Perak<br>No:2198<br>Hex coord:(53;47),n/a,0,0,0,0,0,0,1,2022-08-07T20:07:09.6675961Z,0
5.20797,101.0922111,Daerah: Perak<br>No:2199<br>Hex coord:(54;47),n/a,0,0,0,0,0,0,1,2022-08-07T20:07:10.4263014Z,0
5.20019,101.1057578,Daerah: Perak<br>No:2200<br>Hex coord:(55;47),n/a,0,0,0,0,0,0,1,2022-08-07T20:07:11.1322285Z,0
5.20797,101.1193045,Daerah: Perak<br>No:2201<br>Hex coord:(56;47),n/a,0,0,0,0,0,0,1,2022-08-07T20:07:11.8135769Z,0
5.20019,101.1328512,Daerah: Perak<br>No:2202<br>Hex coord:(57;47),n/a,0,0,0,0,0,0,1,2022-08-07T20:07:12.5063268Z,0
5.20797,101.1463979,Daerah: Perak<br>No:2203<br>Hex coord:(58;47),n/a,0,0,0,0,0,0,1,2022-08-07T20:07:13.1924829Z,0
5.20019,101.1599446,Daerah: Perak<br>No:2204<br>Hex coord:(59;47),n/a,0,0,0,0,0,0,1,2022-08-07T20:07:13.8992190Z,0
5.20797,101.1734913,Daerah: Perak<br>No:2205<br>Hex coord:(60;47),n/a,0,0,0,0,0,0,1,2022-08-07T20:07:14.5991389Z,0
5.20019,101.187038,Daerah: Perak<br>No:2206<br>Hex coord:(61;47),n/a,0,0,0,0,0,0,1,2022-08-07T20:07:15.3050171Z,0
5.20797,101.2005847,Daerah: Perak<br>No:2207<br>Hex coord:(62;47),n/a,0,0,0,0,0,0,1,2022-08-07T20:07:15.9831440Z,0
5.20019,101.2141314,Daerah: Perak<br>No:2208<br>Hex coord:(63;47),n/a,0,0,0,0,0,0,1,2022-08-07T20:07:16.6798712Z,0
5.20797,101.2276781,Daerah: Perak<br>No:2209<br>Hex coord:(64;47),n/a,0,0,0,0,0,0,1,2022-08-07T20:07:17.3664861Z,0
5.20019,101.2412249,Daerah: Perak<br>No:2210<br>Hex coord:(65;47),n/a,0,0,0,0,0,0,1,2022-08-07T20:07:18.0595773Z,0
5.20797,101.2547716,Daerah: Perak<br>No:2211<br>Hex coord:(66;47),n/a,0,0,0,0,0,0,1,2022-08-07T20:07:18.7484570Z,0
5.20019,101.2683183,Daerah: Perak<br>No:2212<br>Hex coord:(67;47),n/a,0,0,0,0,0,0,1,2022-08-07T20:07:19.4563775Z,0
5.20797,101.281865,Daerah: Perak<br>No:2213<br>Hex coord:(68;47),n/a,0,0,0,0,0,0,1,2022-08-07T20:07:20.1475189Z,0
5.20019,101.2954117,Daerah: Perak<br>No:2214<br>Hex coord:(69;47),n/a,0,0,0,0,0,0,1,2022-08-07T20:07:20.8349023Z,0
5.20797,101.3089584,Daerah: Perak<br>No:2215<br>Hex coord:(70;47),n/a,0,0,0,0,0,0,1,2022-08-07T20:07:21.5281896Z,0
5.20019,101.3225051,Daerah: Perak<br>No:2216<br>Hex coord:(71;47),n/a,0,0,0,0,0,0,1,2022-08-07T20:07:22.2097583Z,0
5.20797,101.3360518,Daerah: Perak<br>No:2217<br>Hex coord:(72;47),n/a,0,0,0,0,0,0,1,2022-08-07T20:07:22.9015146Z,0
5.20019,101.3495985,Daerah: Perak<br>No:2218<br>Hex coord:(73;47),n/a,0,0,0,0,0,0,1,2022-08-07T20:07:23.5816153Z,0
5.20797,101.3631452,Daerah: Perak<br>No:2219<br>Hex coord:(74;47),n/a,0,0,0,0,0,0,1,2022-08-07T20:07:24.3691232Z,0
5.20019,101.3766919,Daerah: Perak<br>No:2220<br>Hex coord:(75;47),n/a,0,0,0,0,0,0,1,2022-08-07T20:07:25.0617739Z,0
5.20797,101.3902386,Daerah: Perak<br>No:2221<br>Hex coord:(76;47),n/a,0,0,0,0,0,0,1,2022-08-07T20:07:25.7933343Z,0
5.20019,101.4037853,Daerah: Perak<br>No:2222<br>Hex coord:(77;47),n/a,0,0,0,0,0,0,1,2022-08-07T20:07:26.4917697Z,0
5.20797,101.417332,Daerah: Perak<br>No:2223<br>Hex coord:(78;47),n/a,0,0,0,0,0,0,1,2022-08-07T20:07:27.1872005Z,0
5.20019,101.4308787,Daerah: Perak<br>No:2224<br>Hex coord:(79;47),n/a,0,0,0,0,0,0,1,2022-08-07T20:07:27.8852403Z,0
5.20797,101.4444254,Daerah: Perak<br>No:2225<br>Hex coord:(80;47),n/a,0,0,0,0,0,0,1,2022-08-07T20:07:28.5760212Z,0
5.20019,101.4579721,Daerah: Perak<br>No:2226<br>Hex coord:(81;47),n/a,0,0,0,0,0,0,1,2022-08-07T20:07:29.2858105Z,0
5.20797,101.4715188,Daerah: Perak<br>No:2227<br>Hex coord:(82;47),n/a,0,0,0,0,0,0,1,2022-08-07T20:07:29.9812309Z,0
5.20019,101.4850655,Daerah: Perak<br>No:2228<br>Hex coord:(83;47),n/a,0,0,0,0,0,0,1,2022-08-07T20:07:30.6734406Z,0
5.20797,101.4986123,Daerah: Perak<br>No:2229<br>Hex coord:(84;47),n/a,0,0,0,0,0,0,1,2022-08-07T20:07:31.3898673Z,0
5.18463,100.6722632,Daerah: Perak<br>No:2230<br>Hex coord:(23;48),n/a,0,0,0,0,0,0,1,2022-08-07T20:07:32.0884892Z,0
5.19241,100.6858099,Daerah: Perak<br>No:2231<br>Hex coord:(24;48),n/a,0,0,0,0,0,0,1,2022-08-07T20:07:32.7943813Z,0
5.18463,100.6993566,Daerah: Perak<br>No:2232<br>Hex coord:(25;48),n/a,0,0,0,0,0,0,1,2022-08-07T20:07:33.4714483Z,0
5.19241,100.7129033,Daerah: Perak<br>No:2233<br>Hex coord:(26;48),n/a,0,0,0,0,0,0,1,2022-08-07T20:07:34.1751259Z,0
5.18463,100.72645,Daerah: Perak<br>No:2234<br>Hex coord:(27;48),n/a,0,0,0,0,0,0,1,2022-08-07T20:07:34.8701747Z,0
5.19241,100.7399968,Daerah: Perak<br>No:2235<br>Hex coord:(28;48),n/a,0,0,0,0,0,0,1,2022-08-07T20:07:35.5547438Z,0
5.18463,100.7535435,Daerah: Perak<br>No:2236<br>Hex coord:(29;48),n/a,0,0,0,0,0,0,1,2022-08-07T20:07:36.2391417Z,0
5.19241,100.7670902,Daerah: Perak<br>No:2237<br>Hex coord:(30;48),n/a,0,0,0,0,0,0,1,2022-08-07T20:07:36.9396594Z,0
5.18463,100.7806369,Daerah: Perak<br>No:2238<br>Hex coord:(31;48),n/a,0,0,0,0,0,0,1,2022-08-07T20:07:37.6322037Z,0
5.19241,100.7941836,Daerah: Perak<br>No:2239<br>Hex coord:(32;48),n/a,0,0,0,0,0,0,1,2022-08-07T20:07:38.3265277Z,0
5.18463,100.8077303,Daerah: Perak<br>No:2240<br>Hex coord:(33;48),n/a,0,0,0,0,0,0,1,2022-08-07T20:07:39.0261560Z,0
5.19241,100.821277,Daerah: Perak<br>No:2241<br>Hex coord:(34;48),n/a,0,0,0,0,0,0,1,2022-08-07T20:07:39.7133199Z,0
5.18463,100.8348237,Daerah: Perak<br>No:2242<br>Hex coord:(35;48),n/a,0,0,0,0,0,0,1,2022-08-07T20:07:40.4105551Z,0
5.19241,100.8483704,Daerah: Perak<br>No:2243<br>Hex coord:(36;48),n/a,0,0,0,0,0,0,1,2022-08-07T20:07:41.1194324Z,0
5.18463,100.8619171,Daerah: Perak<br>No:2244<br>Hex coord:(37;48),n/a,0,0,0,0,0,0,1,2022-08-07T20:07:41.8195405Z,0
5.19241,100.8754638,Daerah: Perak<br>No:2245<br>Hex coord:(38;48),n/a,0,0,0,0,0,0,1,2022-08-07T20:07:42.5199413Z,0
5.18463,100.8890105,Daerah: Perak<br>No:2246<br>Hex coord:(39;48),n/a,0,0,0,0,0,0,1,2022-08-07T20:07:43.2045048Z,0
5.19241,100.9025572,Daerah: Perak<br>No:2247<br>Hex coord:(40;48),n/a,0,0,0,0,0,0,1,2022-08-07T20:07:43.9005480Z,0
5.18463,100.9161039,Daerah: Perak<br>No:2248<br>Hex coord:(41;48),n/a,0,0,0,0,0,0,1,2022-08-07T20:07:44.5894904Z,0
5.19241,100.9296506,Daerah: Perak<br>No:2249<br>Hex coord:(42;48),n/a,0,0,0,0,0,0,1,2022-08-07T20:07:45.2919806Z,0
5.18463,100.9431973,Daerah: Perak<br>No:2250<br>Hex coord:(43;48),n/a,0,0,0,0,0,0,1,2022-08-07T20:07:45.9745368Z,0
5.19241,100.956744,Daerah: Perak<br>No:2251<br>Hex coord:(44;48),n/a,0,0,0,0,0,0,1,2022-08-07T20:07:46.6563585Z,0
5.18463,100.9702907,Daerah: Perak<br>No:2252<br>Hex coord:(45;48),n/a,0,0,0,0,0,0,1,2022-08-07T20:07:47.3470801Z,0
5.19241,100.9838374,Daerah: Perak<br>No:2253<br>Hex coord:(46;48),n/a,0,0,0,0,0,0,1,2022-08-07T20:07:48.0414373Z,0
5.18463,100.9973842,Daerah: Perak<br>No:2254<br>Hex coord:(47;48),n/a,0,0,0,0,0,0,1,2022-08-07T20:07:48.7328178Z,0
5.19241,101.0109309,Daerah: Perak<br>No:2255<br>Hex coord:(48;48),n/a,0,0,0,0,0,0,1,2022-08-07T20:07:49.4361245Z,0
5.18463,101.0244776,Daerah: Perak<br>No:2256<br>Hex coord:(49;48),n/a,0,0,0,0,0,0,1,2022-08-07T20:07:50.1258992Z,0
5.19241,101.0380243,Daerah: Perak<br>No:2257<br>Hex coord:(50;48),n/a,0,0,0,0,0,0,1,2022-08-07T20:07:50.8353461Z,0
5.18463,101.051571,Daerah: Perak<br>No:2258<br>Hex coord:(51;48),n/a,0,0,0,0,0,0,1,2022-08-07T20:07:51.5334783Z,0
5.19241,101.0651177,Daerah: Perak<br>No:2259<br>Hex coord:(52;48),n/a,0,0,0,0,0,0,1,2022-08-07T20:07:52.2254029Z,0
5.18463,101.0786644,Daerah: Perak<br>No:2260<br>Hex coord:(53;48),n/a,0,0,0,0,0,0,1,2022-08-07T20:07:52.9102174Z,0
5.19241,101.0922111,Daerah: Perak<br>No:2261<br>Hex coord:(54;48),n/a,0,0,0,0,0,0,1,2022-08-07T20:07:53.6006129Z,0
5.18463,101.1057578,Daerah: Perak<br>No:2262<br>Hex coord:(55;48),n/a,0,0,0,0,0,0,1,2022-08-07T20:07:54.3100433Z,0
5.19241,101.1193045,Daerah: Perak<br>No:2263<br>Hex coord:(56;48),n/a,0,0,0,0,0,0,1,2022-08-07T20:07:55.0094572Z,0
5.18463,101.1328512,Daerah: Perak<br>No:2264<br>Hex coord:(57;48),n/a,0,0,0,0,0,0,1,2022-08-07T20:07:55.6984554Z,0
5.19241,101.1463979,Daerah: Perak<br>No:2265<br>Hex coord:(58;48),n/a,0,0,0,0,0,0,1,2022-08-07T20:07:56.3848874Z,0
5.18463,101.1599446,Daerah: Perak<br>No:2266<br>Hex coord:(59;48),n/a,0,0,0,0,0,0,1,2022-08-07T20:07:57.0879460Z,0
5.19241,101.1734913,Daerah: Perak<br>No:2267<br>Hex coord:(60;48),n/a,0,0,0,0,0,0,1,2022-08-07T20:07:57.7729911Z,0
5.18463,101.187038,Daerah: Perak<br>No:2268<br>Hex coord:(61;48),n/a,0,0,0,0,0,0,1,2022-08-07T20:07:58.4537778Z,0
5.19241,101.2005847,Daerah: Perak<br>No:2269<br>Hex coord:(62;48),n/a,0,0,0,0,0,0,1,2022-08-07T20:07:59.1698316Z,0
5.18463,101.2141314,Daerah: Perak<br>No:2270<br>Hex coord:(63;48),n/a,0,0,0,0,0,0,1,2022-08-07T20:07:59.8656719Z,0
5.19241,101.2276781,Daerah: Perak<br>No:2271<br>Hex coord:(64;48),n/a,0,0,0,0,0,0,1,2022-08-07T20:08:00.5633112Z,0
5.18463,101.2412249,Daerah: Perak<br>No:2272<br>Hex coord:(65;48),n/a,0,0,0,0,0,0,1,2022-08-07T20:08:01.2561071Z,0
5.19241,101.2547716,Daerah: Perak<br>No:2273<br>Hex coord:(66;48),n/a,0,0,0,0,0,0,1,2022-08-07T20:08:01.9409742Z,0
5.18463,101.2683183,Daerah: Perak<br>No:2274<br>Hex coord:(67;48),n/a,0,0,0,0,0,0,1,2022-08-07T20:08:02.6299249Z,0
5.19241,101.281865,Daerah: Perak<br>No:2275<br>Hex coord:(68;48),n/a,0,0,0,0,0,0,1,2022-08-07T20:08:03.3243326Z,0
5.18463,101.2954117,Daerah: Perak<br>No:2276<br>Hex coord:(69;48),n/a,0,0,0,0,0,0,1,2022-08-07T20:08:04.0272954Z,0
5.19241,101.3089584,Daerah: Perak<br>No:2277<br>Hex coord:(70;48),n/a,0,0,0,0,0,0,1,2022-08-07T20:08:04.7153145Z,0
5.18463,101.3225051,Daerah: Perak<br>No:2278<br>Hex coord:(71;48),n/a,0,0,0,0,0,0,1,2022-08-07T20:08:05.4012586Z,0
5.19241,101.3360518,Daerah: Perak<br>No:2279<br>Hex coord:(72;48),n/a,0,0,0,0,0,0,1,2022-08-07T20:08:06.0959183Z,0
5.18463,101.3495985,Daerah: Perak<br>No:2280<br>Hex coord:(73;48),n/a,0,0,0,0,0,0,1,2022-08-07T20:08:06.7883382Z,0
5.19241,101.3631452,Daerah: Perak<br>No:2281<br>Hex coord:(74;48),n/a,0,0,0,0,0,0,1,2022-08-07T20:08:07.4745681Z,0
5.18463,101.3766919,Daerah: Perak<br>No:2282<br>Hex coord:(75;48),n/a,0,0,0,0,0,0,1,2022-08-07T20:08:08.1812794Z,0
5.19241,101.3902386,Daerah: Perak<br>No:2283<br>Hex coord:(76;48),n/a,0,0,0,0,0,0,1,2022-08-07T20:08:08.9220193Z,0
5.18463,101.4037853,Daerah: Perak<br>No:2284<br>Hex coord:(77;48),n/a,0,0,0,0,0,0,1,2022-08-07T20:08:09.6225081Z,0
5.19241,101.417332,Daerah: Perak<br>No:2285<br>Hex coord:(78;48),n/a,0,0,0,0,0,0,1,2022-08-07T20:08:10.3096115Z,0
5.18463,101.4308787,Daerah: Perak<br>No:2286<br>Hex coord:(79;48),n/a,0,0,0,0,0,0,1,2022-08-07T20:08:11.0216715Z,0
5.19241,101.4444254,Daerah: Perak<br>No:2287<br>Hex coord:(80;48),n/a,0,0,0,0,0,0,1,2022-08-07T20:08:11.7151537Z,0
5.18463,101.4579721,Daerah: Perak<br>No:2288<br>Hex coord:(81;48),n/a,0,0,0,0,0,0,1,2022-08-07T20:08:12.4044054Z,0
5.19241,101.4715188,Daerah: Perak<br>No:2289<br>Hex coord:(82;48),n/a,0,0,0,0,0,0,1,2022-08-07T20:08:13.0937817Z,0
5.18463,101.4850655,Daerah: Perak<br>No:2290<br>Hex coord:(83;48),n/a,0,0,0,0,0,0,1,2022-08-07T20:08:13.7912391Z,0
5.16907,100.6451698,Daerah: Perak<br>No:2291<br>Hex coord:(21;49),n/a,0,0,0,0,0,0,1,2022-08-07T20:08:14.4998709Z,0
5.17685,100.6587165,Daerah: Perak<br>No:2292<br>Hex coord:(22;49),n/a,0,0,0,0,0,0,1,2022-08-07T20:08:15.2121221Z,0
5.16907,100.6722632,Daerah: Perak<br>No:2293<br>Hex coord:(23;49),n/a,0,0,0,0,0,0,1,2022-08-07T20:08:15.9022775Z,0
5.17685,100.6858099,Daerah: Perak<br>No:2294<br>Hex coord:(24;49),n/a,0,0,0,0,0,0,1,2022-08-07T20:08:16.5897584Z,0
5.16907,100.6993566,Daerah: Perak<br>No:2295<br>Hex coord:(25;49),n/a,0,0,0,0,0,0,1,2022-08-07T20:08:17.2839333Z,0
5.17685,100.7129033,Daerah: Perak<br>No:2296<br>Hex coord:(26;49),n/a,0,0,0,0,0,0,1,2022-08-07T20:08:17.9799459Z,0
5.16907,100.72645,Daerah: Perak<br>No:2297<br>Hex coord:(27;49),n/a,0,0,0,0,0,0,1,2022-08-07T20:08:18.6753798Z,0
5.17685,100.7399968,Daerah: Perak<br>No:2298<br>Hex coord:(28;49),n/a,0,0,0,0,0,0,1,2022-08-07T20:08:19.3781907Z,0
5.16907,100.7535435,Daerah: Perak<br>No:2299<br>Hex coord:(29;49),n/a,0,0,0,0,0,0,1,2022-08-07T20:08:20.0608913Z,0
5.17685,100.7670902,Daerah: Perak<br>No:2300<br>Hex coord:(30;49),n/a,0,0,0,0,0,0,1,2022-08-07T20:08:20.7775532Z,0
5.16907,100.7806369,Daerah: Perak<br>No:2301<br>Hex coord:(31;49),n/a,0,0,0,0,0,0,1,2022-08-07T20:08:21.4668486Z,0
5.17685,100.7941836,Daerah: Perak<br>No:2302<br>Hex coord:(32;49),n/a,0,0,0,0,0,0,1,2022-08-07T20:08:22.1633105Z,0
5.16907,100.8077303,Daerah: Perak<br>No:2303<br>Hex coord:(33;49),n/a,0,0,0,0,0,0,1,2022-08-07T20:08:22.8559470Z,0
5.17685,100.821277,Daerah: Perak<br>No:2304<br>Hex coord:(34;49),n/a,0,0,0,0,0,0,1,2022-08-07T20:08:23.5296018Z,0
5.16907,100.8348237,Daerah: Perak<br>No:2305<br>Hex coord:(35;49),n/a,0,0,0,0,0,0,1,2022-08-07T20:08:24.2342910Z,0
5.17685,100.8483704,Daerah: Perak<br>No:2306<br>Hex coord:(36;49),n/a,0,0,0,0,0,0,1,2022-08-07T20:08:24.9250295Z,0
5.16907,100.8619171,Daerah: Perak<br>No:2307<br>Hex coord:(37;49),n/a,0,0,0,0,0,0,1,2022-08-07T20:08:25.6182511Z,0
5.17685,100.8754638,Daerah: Perak<br>No:2308<br>Hex coord:(38;49),n/a,0,0,0,0,0,0,1,2022-08-07T20:08:26.3084791Z,0
5.16907,100.8890105,Daerah: Perak<br>No:2309<br>Hex coord:(39;49),n/a,18,0,0,0,0,0,1,2022-08-07T20:08:27.0015978Z,0
5.17685,100.9025572,Daerah: Perak<br>No:2310<br>Hex coord:(40;49),n/a,0,0,0,0,0,0,1,2022-08-07T20:08:27.7018541Z,0
5.16907,100.9161039,Daerah: Perak<br>No:2311<br>Hex coord:(41;49),n/a,0,0,0,0,0,0,1,2022-08-07T20:08:28.3919572Z,0
5.17685,100.9296506,Daerah: Perak<br>No:2312<br>Hex coord:(42;49),n/a,0,0,0,0,0,0,1,2022-08-07T20:08:29.0877476Z,0
5.16907,100.9431973,Daerah: Perak<br>No:2313<br>Hex coord:(43;49),n/a,0,0,0,0,0,0,1,2022-08-07T20:08:29.7700271Z,0
5.17685,100.956744,Daerah: Perak<br>No:2314<br>Hex coord:(44;49),n/a,0,0,0,0,0,0,1,2022-08-07T20:08:30.4587526Z,0
5.16907,100.9702907,Daerah: Perak<br>No:2315<br>Hex coord:(45;49),n/a,0,0,0,0,0,0,1,2022-08-07T20:08:31.1545950Z,0
5.17685,100.9838374,Daerah: Perak<br>No:2316<br>Hex coord:(46;49),n/a,0,0,0,0,0,0,1,2022-08-07T20:08:31.8582094Z,0
5.16907,100.9973842,Daerah: Perak<br>No:2317<br>Hex coord:(47;49),n/a,0,0,0,0,0,0,1,2022-08-07T20:08:32.5636180Z,0
5.17685,101.0109309,Daerah: Perak<br>No:2318<br>Hex coord:(48;49),n/a,1,0,0,0,0,0,1,2022-08-07T20:08:33.2509983Z,0
5.16907,101.0244776,Daerah: Perak<br>No:2319<br>Hex coord:(49;49),n/a,1,0,0,0,0,0,1,2022-08-07T20:08:33.9489293Z,0
5.17685,101.0380243,Daerah: Perak<br>No:2320<br>Hex coord:(50;49),n/a,0,0,0,0,0,0,1,2022-08-07T20:08:34.6375230Z,0
5.16907,101.051571,Daerah: Perak<br>No:2321<br>Hex coord:(51;49),n/a,0,0,0,0,0,0,1,2022-08-07T20:08:35.3168370Z,0
5.17685,101.0651177,Daerah: Perak<br>No:2322<br>Hex coord:(52;49),n/a,0,0,0,0,0,0,1,2022-08-07T20:08:35.9941702Z,0
5.16907,101.0786644,Daerah: Perak<br>No:2323<br>Hex coord:(53;49),n/a,0,0,0,0,0,0,1,2022-08-07T20:08:36.6866520Z,0
5.17685,101.0922111,Daerah: Perak<br>No:2324<br>Hex coord:(54;49),n/a,0,0,0,0,0,0,1,2022-08-07T20:08:37.3822177Z,0
5.16907,101.1057578,Daerah: Perak<br>No:2325<br>Hex coord:(55;49),n/a,0,0,0,0,0,0,1,2022-08-07T20:08:38.0604050Z,0
5.17685,101.1193045,Daerah: Perak<br>No:2326<br>Hex coord:(56;49),n/a,0,0,0,0,0,0,1,2022-08-07T20:08:38.7645946Z,0
5.16907,101.1328512,Daerah: Perak<br>No:2327<br>Hex coord:(57;49),n/a,0,0,0,0,0,0,1,2022-08-07T20:08:39.4768724Z,0
5.17685,101.1463979,Daerah: Perak<br>No:2328<br>Hex coord:(58;49),n/a,0,0,0,0,0,0,1,2022-08-07T20:08:40.1741354Z,0
5.16907,101.1599446,Daerah: Perak<br>No:2329<br>Hex coord:(59;49),n/a,0,0,0,0,0,0,1,2022-08-07T20:08:40.8755206Z,0
5.17685,101.1734913,Daerah: Perak<br>No:2330<br>Hex coord:(60;49),n/a,0,0,0,0,0,0,1,2022-08-07T20:08:41.5634428Z,0
5.16907,101.187038,Daerah: Perak<br>No:2331<br>Hex coord:(61;49),n/a,0,0,0,0,0,0,1,2022-08-07T20:08:42.2705961Z,0
5.17685,101.2005847,Daerah: Perak<br>No:2332<br>Hex coord:(62;49),n/a,0,0,0,0,0,0,1,2022-08-07T20:08:42.9592174Z,0
5.16907,101.2141314,Daerah: Perak<br>No:2333<br>Hex coord:(63;49),n/a,0,0,0,0,0,0,1,2022-08-07T20:08:43.6402177Z,0
5.17685,101.2276781,Daerah: Perak<br>No:2334<br>Hex coord:(64;49),n/a,0,0,0,0,0,0,1,2022-08-07T20:08:44.3496300Z,0
5.16907,101.2412249,Daerah: Perak<br>No:2335<br>Hex coord:(65;49),n/a,0,0,0,0,0,0,1,2022-08-07T20:08:45.0395418Z,0
5.17685,101.2547716,Daerah: Perak<br>No:2336<br>Hex coord:(66;49),n/a,0,0,0,0,0,0,1,2022-08-07T20:08:45.7278034Z,0
5.16907,101.2683183,Daerah: Perak<br>No:2337<br>Hex coord:(67;49),n/a,0,0,0,0,0,0,1,2022-08-07T20:08:46.4209305Z,0
5.17685,101.281865,Daerah: Perak<br>No:2338<br>Hex coord:(68;49),n/a,0,0,0,0,0,0,1,2022-08-07T20:08:47.1136579Z,0
5.16907,101.2954117,Daerah: Perak<br>No:2339<br>Hex coord:(69;49),n/a,0,0,0,0,0,0,1,2022-08-07T20:08:47.8124315Z,0
5.17685,101.3089584,Daerah: Perak<br>No:2340<br>Hex coord:(70;49),n/a,0,0,0,0,0,0,1,2022-08-07T20:08:48.5016807Z,0
5.16907,101.3225051,Daerah: Perak<br>No:2341<br>Hex coord:(71;49),n/a,0,0,0,0,0,0,1,2022-08-07T20:08:49.1995928Z,0
5.17685,101.3360518,Daerah: Perak<br>No:2342<br>Hex coord:(72;49),n/a,0,0,0,0,0,0,1,2022-08-07T20:08:49.8886053Z,0
5.16907,101.3495985,Daerah: Perak<br>No:2343<br>Hex coord:(73;49),n/a,0,0,0,0,0,0,1,2022-08-07T20:08:50.5819613Z,0
5.17685,101.3631452,Daerah: Perak<br>No:2344<br>Hex coord:(74;49),n/a,0,0,0,0,0,0,1,2022-08-07T20:08:51.2698548Z,0
5.16907,101.3766919,Daerah: Perak<br>No:2345<br>Hex coord:(75;49),n/a,0,0,0,0,0,0,1,2022-08-07T20:08:51.9601086Z,0
5.17685,101.3902386,Daerah: Perak<br>No:2346<br>Hex coord:(76;49),n/a,0,0,0,0,0,0,1,2022-08-07T20:08:52.6480516Z,0
5.16907,101.4037853,Daerah: Perak<br>No:2347<br>Hex coord:(77;49),n/a,0,0,0,0,0,0,1,2022-08-07T20:08:53.3350753Z,0
5.17685,101.417332,Daerah: Perak<br>No:2348<br>Hex coord:(78;49),n/a,0,0,0,0,0,0,1,2022-08-07T20:08:54.0359903Z,0
5.16907,101.4308787,Daerah: Perak<br>No:2349<br>Hex coord:(79;49),n/a,0,0,0,0,0,0,1,2022-08-07T20:08:54.7212666Z,0
5.17685,101.4444254,Daerah: Perak<br>No:2350<br>Hex coord:(80;49),n/a,0,0,0,0,0,0,1,2022-08-07T20:08:55.4107496Z,0
5.16907,101.4579721,Daerah: Perak<br>No:2351<br>Hex coord:(81;49),n/a,0,0,0,0,0,0,1,2022-08-07T20:08:56.1230210Z,0
5.17685,101.4715188,Daerah: Perak<br>No:2352<br>Hex coord:(82;49),n/a,0,0,0,0,0,0,1,2022-08-07T20:08:56.8272887Z,0
5.16907,101.4850655,Daerah: Perak<br>No:2353<br>Hex coord:(83;49),n/a,0,0,0,0,0,0,1,2022-08-07T20:08:57.5167191Z,0
5.16129,100.6316231,Daerah: Perak<br>No:2354<br>Hex coord:(20;50),n/a,0,0,0,0,0,0,1,2022-08-07T20:08:58.2188676Z,0
5.15351,100.6451698,Daerah: Perak<br>No:2355<br>Hex coord:(21;50),n/a,0,0,0,0,0,0,1,2022-08-07T20:08:58.9916088Z,0
5.16129,100.6587165,Daerah: Perak<br>No:2356<br>Hex coord:(22;50),n/a,0,0,0,0,0,0,1,2022-08-07T20:08:59.6704497Z,0
5.15351,100.6722632,Daerah: Perak<br>No:2357<br>Hex coord:(23;50),n/a,0,0,0,0,0,0,1,2022-08-07T20:09:00.3769609Z,0
5.16129,100.6858099,Daerah: Perak<br>No:2358<br>Hex coord:(24;50),n/a,0,0,0,0,0,0,1,2022-08-07T20:09:01.1070862Z,0
5.15351,100.6993566,Daerah: Perak<br>No:2359<br>Hex coord:(25;50),n/a,0,0,0,0,0,0,1,2022-08-07T20:09:01.7935309Z,0
5.16129,100.7129033,Daerah: Perak<br>No:2360<br>Hex coord:(26;50),n/a,0,0,0,0,0,0,1,2022-08-07T20:09:02.4900790Z,0
5.15351,100.72645,Daerah: Perak<br>No:2361<br>Hex coord:(27;50),n/a,0,0,0,0,0,0,1,2022-08-07T20:09:03.1844164Z,0
5.16129,100.7399968,Daerah: Perak<br>No:2362<br>Hex coord:(28;50),n/a,0,0,0,0,0,0,1,2022-08-07T20:09:03.8913320Z,0
5.15351,100.7535435,Daerah: Perak<br>No:2363<br>Hex coord:(29;50),n/a,0,0,0,0,0,0,1,2022-08-07T20:09:04.5847402Z,0
5.16129,100.7670902,Daerah: Perak<br>No:2364<br>Hex coord:(30;50),n/a,0,0,0,0,0,0,1,2022-08-07T20:09:05.2757208Z,0
5.15351,100.7806369,Daerah: Perak<br>No:2365<br>Hex coord:(31;50),n/a,0,0,0,0,0,0,1,2022-08-07T20:09:05.9761062Z,0
5.16129,100.7941836,Daerah: Perak<br>No:2366<br>Hex coord:(32;50),n/a,0,0,0,0,0,0,1,2022-08-07T20:09:06.6722710Z,0
5.15351,100.8077303,Daerah: Perak<br>No:2367<br>Hex coord:(33;50),n/a,0,0,0,0,0,0,1,2022-08-07T20:09:07.3776887Z,0
5.16129,100.821277,Daerah: Perak<br>No:2368<br>Hex coord:(34;50),n/a,0,0,0,0,0,0,1,2022-08-07T20:09:08.0877739Z,0
5.15351,100.8348237,Daerah: Perak<br>No:2369<br>Hex coord:(35;50),n/a,0,0,0,0,0,0,1,2022-08-07T20:09:08.7725935Z,0
5.16129,100.8483704,Daerah: Perak<br>No:2370<br>Hex coord:(36;50),n/a,0,0,0,0,0,0,1,2022-08-07T20:09:09.4731097Z,0
5.15351,100.8619171,Daerah: Perak<br>No:2371<br>Hex coord:(37;50),n/a,0,0,0,0,0,0,1,2022-08-07T20:09:10.1650123Z,0
5.16129,100.8754638,Daerah: Perak<br>No:2372<br>Hex coord:(38;50),n/a,0,0,0,0,0,0,1,2022-08-07T20:09:10.8523406Z,0
5.15351,100.8890105,Daerah: Perak<br>No:2373<br>Hex coord:(39;50),n/a,18,0,0,0,0,0,1,2022-08-07T20:09:11.5494338Z,0
5.16129,100.9025572,Daerah: Perak<br>No:2374<br>Hex coord:(40;50),n/a,0,0,0,0,0,0,1,2022-08-07T20:09:12.2509689Z,0
5.15351,100.9161039,Daerah: Perak<br>No:2375<br>Hex coord:(41;50),n/a,0,0,0,0,0,0,1,2022-08-07T20:09:12.9530886Z,0
5.16129,100.9296506,Daerah: Perak<br>No:2376<br>Hex coord:(42;50),n/a,0,0,0,0,0,0,1,2022-08-07T20:09:13.6572804Z,0
5.15351,100.9431973,Daerah: Perak<br>No:2377<br>Hex coord:(43;50),n/a,0,0,0,0,0,0,1,2022-08-07T20:09:14.3699520Z,0
5.16129,100.956744,Daerah: Perak<br>No:2378<br>Hex coord:(44;50),n/a,0,0,0,0,0,0,1,2022-08-07T20:09:15.0689647Z,0
5.15351,100.9702907,Daerah: Perak<br>No:2379<br>Hex coord:(45;50),n/a,0,0,0,0,0,0,1,2022-08-07T20:09:15.7630559Z,0
5.16129,100.9838374,Daerah: Perak<br>No:2380<br>Hex coord:(46;50),n/a,3,0,0,0,0,0,1,2022-08-07T20:09:16.5241385Z,0
5.15351,100.9973842,Daerah: Perak<br>No:2381<br>Hex coord:(47;50),n/a,0,0,0,0,0,0,1,2022-08-07T20:09:17.2198805Z,0
5.16129,101.0109309,Daerah: Perak<br>No:2382<br>Hex coord:(48;50),n/a,2,0,0,0,0,0,1,2022-08-07T20:09:17.9061845Z,0
5.15351,101.0244776,Daerah: Perak<br>No:2383<br>Hex coord:(49;50),n/a,0,0,0,0,0,0,1,2022-08-07T20:09:18.6266142Z,0
5.16129,101.0380243,Daerah: Perak<br>No:2384<br>Hex coord:(50;50),n/a,0,0,0,0,0,0,1,2022-08-07T20:09:19.3851304Z,0
5.15351,101.051571,Daerah: Perak<br>No:2385<br>Hex coord:(51;50),n/a,0,0,0,0,0,0,1,2022-08-07T20:09:20.0829870Z,0
5.16129,101.0651177,Daerah: Perak<br>No:2386<br>Hex coord:(52;50),n/a,0,0,0,0,0,0,1,2022-08-07T20:09:20.7741539Z,0
5.15351,101.0786644,Daerah: Perak<br>No:2387<br>Hex coord:(53;50),n/a,0,0,0,0,0,0,1,2022-08-07T20:09:21.4547870Z,0
5.16129,101.0922111,Daerah: Perak<br>No:2388<br>Hex coord:(54;50),n/a,0,0,0,0,0,0,1,2022-08-07T20:09:22.1570173Z,0
5.15351,101.1057578,Daerah: Perak<br>No:2389<br>Hex coord:(55;50),n/a,0,0,0,0,0,0,1,2022-08-07T20:09:22.8511111Z,0
5.16129,101.1193045,Daerah: Perak<br>No:2390<br>Hex coord:(56;50),n/a,0,0,0,0,0,0,1,2022-08-07T20:09:23.5448881Z,0
5.15351,101.1328512,Daerah: Perak<br>No:2391<br>Hex coord:(57;50),n/a,0,0,0,0,0,0,1,2022-08-07T20:09:24.2545708Z,0
5.16129,101.1463979,Daerah: Perak<br>No:2392<br>Hex coord:(58;50),n/a,0,0,0,0,0,0,1,2022-08-07T20:09:24.9575305Z,0
5.15351,101.1599446,Daerah: Perak<br>No:2393<br>Hex coord:(59;50),n/a,0,0,0,0,0,0,1,2022-08-07T20:09:25.7115918Z,0
5.16129,101.1734913,Daerah: Perak<br>No:2394<br>Hex coord:(60;50),n/a,0,0,0,0,0,0,1,2022-08-07T20:09:26.4095975Z,0
5.15351,101.187038,Daerah: Perak<br>No:2395<br>Hex coord:(61;50),n/a,0,0,0,0,0,0,1,2022-08-07T20:09:27.1727933Z,0
5.16129,101.2005847,Daerah: Perak<br>No:2396<br>Hex coord:(62;50),n/a,0,0,0,0,0,0,1,2022-08-07T20:09:27.9481993Z,0
5.15351,101.2141314,Daerah: Perak<br>No:2397<br>Hex coord:(63;50),n/a,0,0,0,0,0,0,1,2022-08-07T20:09:28.6308172Z,0
5.16129,101.2276781,Daerah: Perak<br>No:2398<br>Hex coord:(64;50),n/a,0,0,0,0,0,0,1,2022-08-07T20:09:29.3340130Z,0
5.15351,101.2412249,Daerah: Perak<br>No:2399<br>Hex coord:(65;50),n/a,0,0,0,0,0,0,1,2022-08-07T20:09:30.0147885Z,0
5.16129,101.2547716,Daerah: Perak<br>No:2400<br>Hex coord:(66;50),n/a,0,0,0,0,0,0,1,2022-08-07T20:09:30.7205768Z,0
5.15351,101.2683183,Daerah: Perak<br>No:2401<br>Hex coord:(67;50),n/a,0,0,0,0,0,0,1,2022-08-07T20:09:31.4072715Z,0
5.16129,101.281865,Daerah: Perak<br>No:2402<br>Hex coord:(68;50),n/a,0,0,0,0,0,0,1,2022-08-07T20:09:32.1012125Z,0
5.15351,101.2954117,Daerah: Perak<br>No:2403<br>Hex coord:(69;50),n/a,0,0,0,0,0,0,1,2022-08-07T20:09:32.7801668Z,0
5.16129,101.3089584,Daerah: Perak<br>No:2404<br>Hex coord:(70;50),n/a,0,0,0,0,0,0,1,2022-08-07T20:09:33.4772943Z,0
5.15351,101.3225051,Daerah: Perak<br>No:2405<br>Hex coord:(71;50),n/a,0,0,0,0,0,0,1,2022-08-07T20:09:34.1732958Z,0
5.16129,101.3360518,Daerah: Perak<br>No:2406<br>Hex coord:(72;50),n/a,0,0,0,0,0,0,1,2022-08-07T20:09:34.8618459Z,0
5.15351,101.3495985,Daerah: Perak<br>No:2407<br>Hex coord:(73;50),n/a,0,0,0,0,0,0,1,2022-08-07T20:09:35.5575710Z,0
5.16129,101.3631452,Daerah: Perak<br>No:2408<br>Hex coord:(74;50),n/a,0,0,0,0,0,0,1,2022-08-07T20:09:36.2492910Z,0
5.15351,101.3766919,Daerah: Perak<br>No:2409<br>Hex coord:(75;50),n/a,0,0,0,0,0,0,1,2022-08-07T20:09:36.9286001Z,0
5.16129,101.3902386,Daerah: Perak<br>No:2410<br>Hex coord:(76;50),n/a,0,0,0,0,0,0,1,2022-08-07T20:09:37.6560517Z,0
5.15351,101.4037853,Daerah: Perak<br>No:2411<br>Hex coord:(77;50),n/a,0,0,0,0,0,0,1,2022-08-07T20:09:38.3422127Z,0
5.16129,101.417332,Daerah: Perak<br>No:2412<br>Hex coord:(78;50),n/a,0,0,0,0,0,0,1,2022-08-07T20:09:39.0539594Z,0
5.15351,101.4308787,Daerah: Perak<br>No:2413<br>Hex coord:(79;50),n/a,0,0,0,0,0,0,1,2022-08-07T20:09:39.7437686Z,0
5.16129,101.4444254,Daerah: Perak<br>No:2414<br>Hex coord:(80;50),n/a,0,0,0,0,0,0,1,2022-08-07T20:09:40.4446476Z,0
5.15351,101.4579721,Daerah: Perak<br>No:2415<br>Hex coord:(81;50),n/a,0,0,0,0,0,0,1,2022-08-07T20:09:41.2082174Z,0
5.16129,101.4715188,Daerah: Perak<br>No:2416<br>Hex coord:(82;50),n/a,0,0,0,0,0,0,1,2022-08-07T20:09:41.8931990Z,0
5.14573,100.6316231,Daerah: Perak<br>No:2417<br>Hex coord:(20;51),n/a,0,0,0,0,0,0,1,2022-08-07T20:09:42.5840243Z,0
5.13795,100.6451698,Daerah: Perak<br>No:2418<br>Hex coord:(21;51),n/a,0,0,0,0,0,0,1,2022-08-07T20:09:43.2786497Z,0
5.14573,100.6587165,Daerah: Perak<br>No:2419<br>Hex coord:(22;51),n/a,0,0,0,0,0,0,1,2022-08-07T20:09:43.9968843Z,0
5.13795,100.6722632,Daerah: Perak<br>No:2420<br>Hex coord:(23;51),n/a,0,0,0,0,0,0,1,2022-08-07T20:09:44.7034378Z,0
5.14573,100.6858099,Daerah: Perak<br>No:2421<br>Hex coord:(24;51),n/a,0,0,0,0,0,0,1,2022-08-07T20:09:45.3931989Z,0
5.13795,100.6993566,Daerah: Perak<br>No:2422<br>Hex coord:(25;51),n/a,0,0,0,0,0,0,1,2022-08-07T20:09:46.0890197Z,0
5.14573,100.7129033,Daerah: Perak<br>No:2423<br>Hex coord:(26;51),n/a,0,0,0,0,0,0,1,2022-08-07T20:09:46.7948240Z,0
5.13795,100.72645,Daerah: Perak<br>No:2424<br>Hex coord:(27;51),n/a,0,0,0,0,0,0,1,2022-08-07T20:09:47.5003938Z,0
5.14573,100.7399968,Daerah: Perak<br>No:2425<br>Hex coord:(28;51),n/a,0,0,0,0,0,0,1,2022-08-07T20:09:48.2032109Z,0
5.13795,100.7535435,Daerah: Perak<br>No:2426<br>Hex coord:(29;51),n/a,0,0,0,0,0,0,1,2022-08-07T20:09:49.0139830Z,0
5.14573,100.7670902,Daerah: Perak<br>No:2427<br>Hex coord:(30;51),n/a,0,0,0,0,0,0,1,2022-08-07T20:09:49.6999828Z,0
5.13795,100.7806369,Daerah: Perak<br>No:2428<br>Hex coord:(31;51),n/a,0,0,0,0,0,0,1,2022-08-07T20:09:50.4015638Z,0
5.14573,100.7941836,Daerah: Perak<br>No:2429<br>Hex coord:(32;51),n/a,0,0,0,0,0,0,1,2022-08-07T20:09:51.1095761Z,0
5.13795,100.8077303,Daerah: Perak<br>No:2430<br>Hex coord:(33;51),n/a,0,0,0,0,0,0,1,2022-08-07T20:09:51.8052154Z,0
5.14573,100.821277,Daerah: Perak<br>No:2431<br>Hex coord:(34;51),n/a,0,0,0,0,0,0,1,2022-08-07T20:09:52.5027562Z,0
5.13795,100.8348237,Daerah: Perak<br>No:2432<br>Hex coord:(35;51),n/a,0,0,0,0,0,0,1,2022-08-07T20:09:53.1997467Z,0
5.14573,100.8483704,Daerah: Perak<br>No:2433<br>Hex coord:(36;51),n/a,0,0,0,0,0,0,1,2022-08-07T20:09:53.9103933Z,0
5.13795,100.8619171,Daerah: Perak<br>No:2434<br>Hex coord:(37;51),n/a,0,0,0,0,0,0,1,2022-08-07T20:09:54.6128161Z,0
5.14573,100.8754638,Daerah: Perak<br>No:2435<br>Hex coord:(38;51),n/a,0,0,0,0,0,0,1,2022-08-07T20:09:55.3071616Z,0
5.13795,100.8890105,Daerah: Perak<br>No:2436<br>Hex coord:(39;51),n/a,0,0,0,0,0,0,1,2022-08-07T20:09:56.0131269Z,0
5.14573,100.9025572,Daerah: Perak<br>No:2437<br>Hex coord:(40;51),n/a,0,0,0,0,0,0,1,2022-08-07T20:09:56.6998835Z,0
5.13795,100.9161039,Daerah: Perak<br>No:2438<br>Hex coord:(41;51),n/a,0,0,0,0,0,0,1,2022-08-07T20:09:57.3980321Z,0
5.14573,100.9296506,Daerah: Perak<br>No:2439<br>Hex coord:(42;51),n/a,0,0,0,0,0,0,1,2022-08-07T20:09:58.0930856Z,0
5.13795,100.9431973,Daerah: Perak<br>No:2440<br>Hex coord:(43;51),n/a,0,0,0,0,0,0,1,2022-08-07T20:09:58.7971413Z,0
5.14573,100.956744,Daerah: Perak<br>No:2441<br>Hex coord:(44;51),n/a,0,0,0,0,0,0,1,2022-08-07T20:09:59.5075793Z,0
5.13795,100.9702907,Daerah: Perak<br>No:2442<br>Hex coord:(45;51),n/a,0,0,0,0,0,0,1,2022-08-07T20:10:00.2056528Z,0
5.14573,100.9838374,Daerah: Perak<br>No:2443<br>Hex coord:(46;51),n/a,1,0,0,0,0,0,1,2022-08-07T20:10:00.8885273Z,0
5.13795,100.9973842,Daerah: Perak<br>No:2444<br>Hex coord:(47;51),n/a,0,0,0,0,0,0,1,2022-08-07T20:10:01.5908384Z,0
5.14573,101.0109309,Daerah: Perak<br>No:2445<br>Hex coord:(48;51),n/a,0,0,0,0,0,0,1,2022-08-07T20:10:02.2945860Z,0
5.13795,101.0244776,Daerah: Perak<br>No:2446<br>Hex coord:(49;51),n/a,0,0,0,0,0,0,1,2022-08-07T20:10:02.9780894Z,0
5.14573,101.0380243,Daerah: Perak<br>No:2447<br>Hex coord:(50;51),n/a,0,0,0,0,0,0,1,2022-08-07T20:10:03.6715691Z,0
5.13795,101.051571,Daerah: Perak<br>No:2448<br>Hex coord:(51;51),n/a,0,0,0,0,0,0,1,2022-08-07T20:10:04.3812607Z,0
5.14573,101.0651177,Daerah: Perak<br>No:2449<br>Hex coord:(52;51),n/a,0,0,0,0,0,0,1,2022-08-07T20:10:05.0880258Z,0
5.13795,101.0786644,Daerah: Perak<br>No:2450<br>Hex coord:(53;51),n/a,0,0,0,0,0,0,1,2022-08-07T20:10:05.7733150Z,0
5.14573,101.0922111,Daerah: Perak<br>No:2451<br>Hex coord:(54;51),n/a,0,0,0,0,0,0,1,2022-08-07T20:10:06.4550152Z,0
5.13795,101.1057578,Daerah: Perak<br>No:2452<br>Hex coord:(55;51),n/a,0,0,0,0,0,0,1,2022-08-07T20:10:07.1365051Z,0
5.14573,101.1193045,Daerah: Perak<br>No:2453<br>Hex coord:(56;51),n/a,0,0,0,0,0,0,1,2022-08-07T20:10:07.8293891Z,0
5.13795,101.1328512,Daerah: Perak<br>No:2454<br>Hex coord:(57;51),n/a,0,0,0,0,0,0,1,2022-08-07T20:10:08.5302113Z,0
5.14573,101.1463979,Daerah: Perak<br>No:2455<br>Hex coord:(58;51),n/a,0,0,0,0,0,0,1,2022-08-07T20:10:09.2359082Z,0
5.13795,101.1599446,Daerah: Perak<br>No:2456<br>Hex coord:(59;51),n/a,0,0,0,0,0,0,1,2022-08-07T20:10:09.9312140Z,0
5.14573,101.1734913,Daerah: Perak<br>No:2457<br>Hex coord:(60;51),n/a,0,0,0,0,0,0,1,2022-08-07T20:10:10.6216853Z,0
5.13795,101.187038,Daerah: Perak<br>No:2458<br>Hex coord:(61;51),n/a,0,0,0,0,0,0,1,2022-08-07T20:10:11.3129310Z,0
5.14573,101.2005847,Daerah: Perak<br>No:2459<br>Hex coord:(62;51),n/a,0,0,0,0,0,0,1,2022-08-07T20:10:12.0244156Z,0
5.13795,101.2141314,Daerah: Perak<br>No:2460<br>Hex coord:(63;51),n/a,0,0,0,0,0,0,1,2022-08-07T20:10:12.6999827Z,0
5.14573,101.2276781,Daerah: Perak<br>No:2461<br>Hex coord:(64;51),n/a,0,0,0,0,0,0,1,2022-08-07T20:10:13.3876463Z,0
5.13795,101.2412249,Daerah: Perak<br>No:2462<br>Hex coord:(65;51),n/a,0,0,0,0,0,0,1,2022-08-07T20:10:14.1079002Z,0
5.14573,101.2547716,Daerah: Perak<br>No:2463<br>Hex coord:(66;51),n/a,0,0,0,0,0,0,1,2022-08-07T20:10:14.8083791Z,0
5.13795,101.2683183,Daerah: Perak<br>No:2464<br>Hex coord:(67;51),n/a,0,0,0,0,0,0,1,2022-08-07T20:10:15.4916853Z,0
5.14573,101.281865,Daerah: Perak<br>No:2465<br>Hex coord:(68;51),n/a,0,0,0,0,0,0,1,2022-08-07T20:10:16.1862218Z,0
5.13795,101.2954117,Daerah: Perak<br>No:2466<br>Hex coord:(69;51),n/a,0,0,0,0,0,0,1,2022-08-07T20:10:17.1600023Z,0
5.14573,101.3089584,Daerah: Perak<br>No:2467<br>Hex coord:(70;51),n/a,0,0,0,0,0,0,1,2022-08-07T20:10:17.8580012Z,0
5.13795,101.3225051,Daerah: Perak<br>No:2468<br>Hex coord:(71;51),n/a,0,0,0,0,0,0,1,2022-08-07T20:10:18.5673217Z,0
5.14573,101.3360518,Daerah: Perak<br>No:2469<br>Hex coord:(72;51),n/a,0,0,0,0,0,0,1,2022-08-07T20:10:19.2677519Z,0
5.13795,101.3495985,Daerah: Perak<br>No:2470<br>Hex coord:(73;51),n/a,0,0,0,0,0,0,1,2022-08-07T20:10:19.9791873Z,0
5.14573,101.3631452,Daerah: Perak<br>No:2471<br>Hex coord:(74;51),n/a,0,0,0,0,0,0,1,2022-08-07T20:10:20.6805710Z,0
5.13795,101.3766919,Daerah: Perak<br>No:2472<br>Hex coord:(75;51),n/a,0,0,0,0,0,0,1,2022-08-07T20:10:21.3713967Z,0
5.14573,101.3902386,Daerah: Perak<br>No:2473<br>Hex coord:(76;51),n/a,0,0,0,0,0,0,1,2022-08-07T20:10:22.0721806Z,0
5.13795,101.4037853,Daerah: Perak<br>No:2474<br>Hex coord:(77;51),n/a,0,0,0,0,0,0,1,2022-08-07T20:10:22.7638392Z,0
5.14573,101.417332,Daerah: Perak<br>No:2475<br>Hex coord:(78;51),n/a,0,0,0,0,0,0,1,2022-08-07T20:10:23.4596471Z,0
5.13795,101.4308787,Daerah: Perak<br>No:2476<br>Hex coord:(79;51),n/a,0,0,0,0,0,0,1,2022-08-07T20:10:24.1668257Z,0
5.14573,101.4444254,Daerah: Perak<br>No:2477<br>Hex coord:(80;51),n/a,0,0,0,0,0,0,1,2022-08-07T20:10:24.8583887Z,0
5.13795,101.4579721,Daerah: Perak<br>No:2478<br>Hex coord:(81;51),n/a,0,0,0,0,0,0,1,2022-08-07T20:10:25.5403020Z,0
5.14573,101.4715188,Daerah: Perak<br>No:2479<br>Hex coord:(82;51),n/a,0,0,0,0,0,0,1,2022-08-07T20:10:26.2397499Z,0
5.13795,101.4850655,Daerah: Perak<br>No:2480<br>Hex coord:(83;51),n/a,0,0,0,0,0,0,1,2022-08-07T20:10:26.9487686Z,0
5.12239,100.4013291,Daerah: Perak<br>No:2481<br>Hex coord:(3;52),n/a,0,0,0,0,0,0,1,2022-08-07T20:10:27.6766505Z,0
5.12239,100.4284225,Daerah: Perak<br>No:2482<br>Hex coord:(5;52),n/a,0,0,0,0,0,0,1,2022-08-07T20:10:28.3792881Z,0
5.12239,100.4555159,Daerah: Perak<br>No:2483<br>Hex coord:(7;52),n/a,0,0,0,0,0,0,1,2022-08-07T20:10:29.1170458Z,0
5.12239,100.4826093,Daerah: Perak<br>No:2484<br>Hex coord:(9;52),n/a,17,0,0,0,0,0,1,2022-08-07T20:10:29.8602064Z,0
5.12239,100.5097028,Daerah: Perak<br>No:2485<br>Hex coord:(11;52),n/a,0,0,0,0,0,0,1,2022-08-07T20:10:30.5638001Z,0
5.12239,100.6180764,Daerah: Perak<br>No:2486<br>Hex coord:(19;52),n/a,0,0,0,0,0,0,1,2022-08-07T20:10:31.2616025Z,0
5.13017,100.6316231,Daerah: Perak<br>No:2487<br>Hex coord:(20;52),n/a,0,0,0,0,0,0,1,2022-08-07T20:10:31.9645185Z,0
5.12239,100.6451698,Daerah: Perak<br>No:2488<br>Hex coord:(21;52),n/a,0,0,0,0,0,0,1,2022-08-07T20:10:32.6466001Z,0
5.13017,100.6587165,Daerah: Perak<br>No:2489<br>Hex coord:(22;52),n/a,0,0,0,0,0,0,1,2022-08-07T20:10:33.3473725Z,0
5.12239,100.6722632,Daerah: Perak<br>No:2490<br>Hex coord:(23;52),n/a,0,0,0,0,0,0,1,2022-08-07T20:10:34.1767392Z,0
5.13017,100.6858099,Daerah: Perak<br>No:2491<br>Hex coord:(24;52),n/a,0,0,0,0,0,0,1,2022-08-07T20:10:34.8773834Z,0
5.12239,100.6993566,Daerah: Perak<br>No:2492<br>Hex coord:(25;52),n/a,0,0,0,0,0,0,1,2022-08-07T20:10:35.5723755Z,0
5.13017,100.7129033,Daerah: Perak<br>No:2493<br>Hex coord:(26;52),n/a,0,0,0,0,0,0,1,2022-08-07T20:10:36.2621310Z,0
5.12239,100.72645,Daerah: Perak<br>No:2494<br>Hex coord:(27;52),n/a,0,0,0,0,0,0,1,2022-08-07T20:10:36.9513925Z,0
5.13017,100.7399968,Daerah: Perak<br>No:2495<br>Hex coord:(28;52),n/a,0,0,0,0,0,0,1,2022-08-07T20:10:37.6547475Z,0
5.12239,100.7535435,Daerah: Perak<br>No:2496<br>Hex coord:(29;52),n/a,0,0,0,0,0,0,1,2022-08-07T20:10:38.3501946Z,0
5.13017,100.7670902,Daerah: Perak<br>No:2497<br>Hex coord:(30;52),n/a,0,0,0,0,0,0,1,2022-08-07T20:10:39.0538841Z,0
5.12239,100.7806369,Daerah: Perak<br>No:2498<br>Hex coord:(31;52),n/a,0,0,0,0,0,0,1,2022-08-07T20:10:39.7367494Z,0
5.13017,100.7941836,Daerah: Perak<br>No:2499<br>Hex coord:(32;52),n/a,0,0,0,0,0,0,1,2022-08-07T20:10:40.4277160Z,0
5.12239,100.8077303,Daerah: Perak<br>No:2500<br>Hex coord:(33;52),n/a,0,0,0,0,0,0,1,2022-08-07T20:10:41.1146938Z,0
5.13017,100.821277,Daerah: Perak<br>No:2501<br>Hex coord:(34;52),n/a,0,0,0,0,0,0,1,2022-08-07T20:10:41.8095565Z,0
5.12239,100.8348237,Daerah: Perak<br>No:2502<br>Hex coord:(35;52),n/a,0,0,0,0,0,0,1,2022-08-07T20:10:42.4934921Z,0
5.13017,100.8483704,Daerah: Perak<br>No:2503<br>Hex coord:(36;52),n/a,0,0,0,0,0,0,1,2022-08-07T20:10:43.1902631Z,0
5.12239,100.8619171,Daerah: Perak<br>No:2504<br>Hex coord:(37;52),n/a,0,0,0,0,0,0,1,2022-08-07T20:10:43.8930181Z,0
5.13017,100.8754638,Daerah: Perak<br>No:2505<br>Hex coord:(38;52),n/a,0,0,0,0,0,0,1,2022-08-07T20:10:44.5991919Z,0
5.12239,100.8890105,Daerah: Perak<br>No:2506<br>Hex coord:(39;52),n/a,0,0,0,0,0,0,1,2022-08-07T20:10:45.2967091Z,0
5.13017,100.9025572,Daerah: Perak<br>No:2507<br>Hex coord:(40;52),n/a,0,0,0,0,0,0,1,2022-08-07T20:10:45.9858212Z,0
5.12239,100.9161039,Daerah: Perak<br>No:2508<br>Hex coord:(41;52),n/a,0,0,0,0,0,0,1,2022-08-07T20:10:51.5316294Z,0
5.13017,100.9296506,Daerah: Perak<br>No:2509<br>Hex coord:(42;52),n/a,0,0,0,0,0,0,1,2022-08-07T20:10:52.2206049Z,0
5.12239,100.9431973,Daerah: Perak<br>No:2510<br>Hex coord:(43;52),n/a,0,0,0,0,0,0,1,2022-08-07T20:10:52.9189256Z,0
5.13017,100.956744,Daerah: Perak<br>No:2511<br>Hex coord:(44;52),n/a,0,0,0,0,0,0,1,2022-08-07T20:10:53.6197662Z,0
5.12239,100.9702907,Daerah: Perak<br>No:2512<br>Hex coord:(45;52),n/a,0,0,0,0,0,0,1,2022-08-07T20:10:54.3038687Z,0
5.13017,100.9838374,Daerah: Perak<br>No:2513<br>Hex coord:(46;52),n/a,0,0,0,0,0,0,1,2022-08-07T20:10:54.9975169Z,0
5.12239,100.9973842,Daerah: Perak<br>No:2514<br>Hex coord:(47;52),n/a,0,0,0,0,0,0,1,2022-08-07T20:10:55.6887178Z,0
5.13017,101.0109309,Daerah: Perak<br>No:2515<br>Hex coord:(48;52),n/a,0,0,0,0,0,0,1,2022-08-07T20:10:56.4244737Z,0
5.12239,101.0244776,Daerah: Perak<br>No:2516<br>Hex coord:(49;52),n/a,0,0,0,0,0,0,1,2022-08-07T20:10:57.1290652Z,0
5.13017,101.0380243,Daerah: Perak<br>No:2517<br>Hex coord:(50;52),n/a,0,0,0,0,0,0,1,2022-08-07T20:10:57.8104840Z,0
5.12239,101.051571,Daerah: Perak<br>No:2518<br>Hex coord:(51;52),n/a,0,0,0,0,0,0,1,2022-08-07T20:10:58.5012635Z,0
5.13017,101.0651177,Daerah: Perak<br>No:2519<br>Hex coord:(52;52),n/a,0,0,0,0,0,0,1,2022-08-07T20:10:59.1906682Z,0
5.12239,101.0786644,Daerah: Perak<br>No:2520<br>Hex coord:(53;52),n/a,0,0,0,0,0,0,1,2022-08-07T20:10:59.8862133Z,0
5.13017,101.0922111,Daerah: Perak<br>No:2521<br>Hex coord:(54;52),n/a,0,0,0,0,0,0,1,2022-08-07T20:11:00.5892685Z,0
5.12239,101.1057578,Daerah: Perak<br>No:2522<br>Hex coord:(55;52),n/a,0,0,0,0,0,0,1,2022-08-07T20:11:01.3298572Z,0
5.13017,101.1193045,Daerah: Perak<br>No:2523<br>Hex coord:(56;52),n/a,0,0,0,0,0,0,1,2022-08-07T20:11:02.0338341Z,0
5.12239,101.1328512,Daerah: Perak<br>No:2524<br>Hex coord:(57;52),n/a,0,0,0,0,0,0,1,2022-08-07T20:11:02.7409306Z,0
5.13017,101.1463979,Daerah: Perak<br>No:2525<br>Hex coord:(58;52),n/a,0,0,0,0,0,0,1,2022-08-07T20:11:03.4506028Z,0
5.12239,101.1599446,Daerah: Perak<br>No:2526<br>Hex coord:(59;52),n/a,0,0,0,0,0,0,1,2022-08-07T20:11:04.1559020Z,0
5.13017,101.1734913,Daerah: Perak<br>No:2527<br>Hex coord:(60;52),n/a,0,0,0,0,0,0,1,2022-08-07T20:11:04.8482399Z,0
5.12239,101.187038,Daerah: Perak<br>No:2528<br>Hex coord:(61;52),n/a,0,0,0,0,0,0,1,2022-08-07T20:11:05.5414649Z,0
5.13017,101.2005847,Daerah: Perak<br>No:2529<br>Hex coord:(62;52),n/a,0,0,0,0,0,0,1,2022-08-07T20:11:06.2457410Z,0
5.12239,101.2141314,Daerah: Perak<br>No:2530<br>Hex coord:(63;52),n/a,0,0,0,0,0,0,1,2022-08-07T20:11:06.9393027Z,0
5.13017,101.2276781,Daerah: Perak<br>No:2531<br>Hex coord:(64;52),n/a,0,0,0,0,0,0,1,2022-08-07T20:11:07.6411884Z,0
5.12239,101.2412249,Daerah: Perak<br>No:2532<br>Hex coord:(65;52),n/a,0,0,0,0,0,0,1,2022-08-07T20:11:08.3296807Z,0
5.13017,101.2547716,Daerah: Perak<br>No:2533<br>Hex coord:(66;52),n/a,0,0,0,0,0,0,1,2022-08-07T20:11:09.0384626Z,0
5.12239,101.2683183,Daerah: Perak<br>No:2534<br>Hex coord:(67;52),n/a,0,0,0,0,0,0,1,2022-08-07T20:11:09.7270176Z,0
5.13017,101.281865,Daerah: Perak<br>No:2535<br>Hex coord:(68;52),n/a,0,0,0,0,0,0,1,2022-08-07T20:11:10.4289464Z,0
5.12239,101.2954117,Daerah: Perak<br>No:2536<br>Hex coord:(69;52),n/a,0,0,0,0,0,0,1,2022-08-07T20:11:11.1622610Z,0
5.13017,101.3089584,Daerah: Perak<br>No:2537<br>Hex coord:(70;52),n/a,0,0,0,0,0,0,1,2022-08-07T20:11:11.8499449Z,0
5.12239,101.3225051,Daerah: Perak<br>No:2538<br>Hex coord:(71;52),n/a,0,0,0,0,0,0,1,2022-08-07T20:11:12.5446875Z,0
5.13017,101.3360518,Daerah: Perak<br>No:2539<br>Hex coord:(72;52),n/a,0,0,0,0,0,0,1,2022-08-07T20:11:13.2449741Z,0
5.12239,101.3495985,Daerah: Perak<br>No:2540<br>Hex coord:(73;52),n/a,0,0,0,0,0,0,1,2022-08-07T20:11:13.9404836Z,0
5.13017,101.3631452,Daerah: Perak<br>No:2541<br>Hex coord:(74;52),n/a,0,0,0,0,0,0,1,2022-08-07T20:11:14.6366389Z,0
5.12239,101.3766919,Daerah: Perak<br>No:2542<br>Hex coord:(75;52),n/a,0,0,0,0,0,0,1,2022-08-07T20:11:15.3220539Z,0
5.13017,101.3902386,Daerah: Perak<br>No:2543<br>Hex coord:(76;52),n/a,0,0,0,0,0,0,1,2022-08-07T20:11:16.0554228Z,0
5.12239,101.4037853,Daerah: Perak<br>No:2544<br>Hex coord:(77;52),n/a,0,0,0,0,0,0,1,2022-08-07T20:11:16.7342951Z,0
5.13017,101.417332,Daerah: Perak<br>No:2545<br>Hex coord:(78;52),n/a,0,0,0,0,0,0,1,2022-08-07T20:11:17.4329666Z,0
5.12239,101.4308787,Daerah: Perak<br>No:2546<br>Hex coord:(79;52),n/a,0,0,0,0,0,0,1,2022-08-07T20:11:18.1196143Z,0
5.13017,101.4444254,Daerah: Perak<br>No:2547<br>Hex coord:(80;52),n/a,0,0,0,0,0,0,1,2022-08-07T20:11:18.8044780Z,0
5.12239,101.4579721,Daerah: Perak<br>No:2548<br>Hex coord:(81;52),n/a,0,0,0,0,0,0,1,2022-08-07T20:11:19.4774999Z,0
5.13017,101.4715188,Daerah: Perak<br>No:2549<br>Hex coord:(82;52),n/a,0,0,0,0,0,0,1,2022-08-07T20:11:20.1682125Z,0
5.10683,100.3742357,Daerah: Perak<br>No:2550<br>Hex coord:(1;53),n/a,0,0,0,0,0,0,1,2022-08-07T20:11:20.9240295Z,0
5.11461,100.3877824,Daerah: Perak<br>No:2551<br>Hex coord:(2;53),n/a,1,0,0,0,0,0,1,2022-08-07T20:11:21.6244493Z,0
5.10683,100.4013291,Daerah: Perak<br>No:2552<br>Hex coord:(3;53),n/a,0,0,0,0,0,0,1,2022-08-07T20:11:22.3182508Z,0
5.11461,100.4148758,Daerah: Perak<br>No:2553<br>Hex coord:(4;53),n/a,1,0,0,0,0,0,1,2022-08-07T20:11:23.0126971Z,0
5.10683,100.4284225,Daerah: Perak<br>No:2554<br>Hex coord:(5;53),n/a,1,0,0,0,0,0,1,2022-08-07T20:11:23.7098169Z,0
5.11461,100.4419692,Daerah: Perak<br>No:2555<br>Hex coord:(6;53),n/a,0,0,0,0,0,0,1,2022-08-07T20:11:24.4050959Z,0
5.10683,100.4555159,Daerah: Perak<br>No:2556<br>Hex coord:(7;53),n/a,0,0,0,0,0,0,1,2022-08-07T20:11:25.1159595Z,0
5.11461,100.4690626,Daerah: Perak<br>No:2557<br>Hex coord:(8;53),n/a,2,0,0,0,0,0,1,2022-08-07T20:11:25.8203079Z,0
5.10683,100.4826093,Daerah: Perak<br>No:2558<br>Hex coord:(9;53),n/a,4,0,0,0,0,0,1,2022-08-07T20:11:26.6207726Z,0
5.11461,100.4961561,Daerah: Perak<br>No:2559<br>Hex coord:(10;53),n/a,2,0,0,0,0,0,1,2022-08-07T20:11:27.3226649Z,0
5.10683,100.5097028,Daerah: Perak<br>No:2560<br>Hex coord:(11;53),n/a,0,0,0,0,0,0,1,2022-08-07T20:11:28.0063436Z,0
5.10683,100.590983,Daerah: Perak<br>No:2561<br>Hex coord:(17;53),n/a,0,0,0,0,0,0,1,2022-08-07T20:11:28.7600390Z,0
5.11461,100.6045297,Daerah: Perak<br>No:2562<br>Hex coord:(18;53),n/a,0,0,0,0,0,0,1,2022-08-07T20:11:29.4514251Z,0
5.10683,100.6180764,Daerah: Perak<br>No:2563<br>Hex coord:(19;53),n/a,0,0,0,0,0,0,1,2022-08-07T20:11:30.1410822Z,0
5.11461,100.6316231,Daerah: Perak<br>No:2564<br>Hex coord:(20;53),n/a,0,0,0,0,0,0,1,2022-08-07T20:11:30.8345972Z,0
5.10683,100.6451698,Daerah: Perak<br>No:2565<br>Hex coord:(21;53),n/a,0,0,0,0,0,0,1,2022-08-07T20:11:31.5687863Z,0
5.11461,100.6587165,Daerah: Perak<br>No:2566<br>Hex coord:(22;53),n/a,0,0,0,0,0,0,1,2022-08-07T20:11:32.2545583Z,0
5.10683,100.6722632,Daerah: Perak<br>No:2567<br>Hex coord:(23;53),n/a,0,0,0,0,0,0,1,2022-08-07T20:11:32.9355984Z,0
5.11461,100.6858099,Daerah: Perak<br>No:2568<br>Hex coord:(24;53),n/a,0,0,0,0,0,0,1,2022-08-07T20:11:33.6175878Z,0
5.10683,100.6993566,Daerah: Perak<br>No:2569<br>Hex coord:(25;53),n/a,0,0,0,0,0,0,1,2022-08-07T20:11:34.2960380Z,0
5.11461,100.7129033,Daerah: Perak<br>No:2570<br>Hex coord:(26;53),n/a,0,0,0,0,0,0,1,2022-08-07T20:11:34.9824632Z,0
5.10683,100.72645,Daerah: Perak<br>No:2571<br>Hex coord:(27;53),n/a,0,0,0,0,0,0,1,2022-08-07T20:11:35.7641195Z,0
5.11461,100.7399968,Daerah: Perak<br>No:2572<br>Hex coord:(28;53),n/a,0,0,0,0,0,0,1,2022-08-07T20:11:36.5001530Z,0
5.10683,100.7535435,Daerah: Perak<br>No:2573<br>Hex coord:(29;53),n/a,0,0,0,0,0,0,1,2022-08-07T20:11:37.1865079Z,0
5.11461,100.7670902,Daerah: Perak<br>No:2574<br>Hex coord:(30;53),n/a,0,0,0,0,0,0,1,2022-08-07T20:11:37.8905261Z,0
5.10683,100.7806369,Daerah: Perak<br>No:2575<br>Hex coord:(31;53),n/a,0,0,0,0,0,0,1,2022-08-07T20:11:38.6093860Z,0
5.11461,100.7941836,Daerah: Perak<br>No:2576<br>Hex coord:(32;53),n/a,0,0,0,0,0,0,1,2022-08-07T20:11:39.3098095Z,0
5.10683,100.8077303,Daerah: Perak<br>No:2577<br>Hex coord:(33;53),n/a,0,0,0,0,0,0,1,2022-08-07T20:11:40.0270472Z,0
5.11461,100.821277,Daerah: Perak<br>No:2578<br>Hex coord:(34;53),n/a,0,0,0,0,0,0,1,2022-08-07T20:11:40.7223293Z,0
5.10683,100.8348237,Daerah: Perak<br>No:2579<br>Hex coord:(35;53),n/a,0,0,0,0,0,0,1,2022-08-07T20:11:41.4626340Z,0
5.11461,100.8483704,Daerah: Perak<br>No:2580<br>Hex coord:(36;53),n/a,0,0,0,0,0,0,1,2022-08-07T20:11:42.1608684Z,0
5.10683,100.8619171,Daerah: Perak<br>No:2581<br>Hex coord:(37;53),n/a,0,0,0,0,0,0,1,2022-08-07T20:11:42.8614254Z,0
5.11461,100.8754638,Daerah: Perak<br>No:2582<br>Hex coord:(38;53),n/a,0,0,0,0,0,0,1,2022-08-07T20:11:43.5728346Z,0
5.10683,100.8890105,Daerah: Perak<br>No:2583<br>Hex coord:(39;53),n/a,0,0,0,0,0,0,1,2022-08-07T20:11:44.2610984Z,0
5.11461,100.9025572,Daerah: Perak<br>No:2584<br>Hex coord:(40;53),n/a,0,0,0,0,0,0,1,2022-08-07T20:11:44.9460937Z,0
5.10683,100.9161039,Daerah: Perak<br>No:2585<br>Hex coord:(41;53),n/a,0,0,0,0,0,0,1,2022-08-07T20:11:45.7037178Z,0
5.11461,100.9296506,Daerah: Perak<br>No:2586<br>Hex coord:(42;53),n/a,0,0,0,0,0,0,1,2022-08-07T20:11:47.6588876Z,0
5.10683,100.9431973,Daerah: Perak<br>No:2587<br>Hex coord:(43;53),n/a,0,0,0,0,0,0,1,2022-08-07T20:11:48.3464426Z,0
5.11461,100.956744,Daerah: Perak<br>No:2588<br>Hex coord:(44;53),n/a,0,0,0,0,0,0,1,2022-08-07T20:11:49.0472321Z,0
5.10683,100.9702907,Daerah: Perak<br>No:2589<br>Hex coord:(45;53),n/a,9,0,0,0,0,0,1,2022-08-07T20:11:49.7389686Z,0
5.11461,100.9838374,Daerah: Perak<br>No:2590<br>Hex coord:(46;53),n/a,1,0,0,0,0,0,1,2022-08-07T20:11:50.4418426Z,0
5.10683,100.9973842,Daerah: Perak<br>No:2591<br>Hex coord:(47;53),n/a,6,0,0,0,0,0,1,2022-08-07T20:11:51.1397159Z,0
5.11461,101.0109309,Daerah: Perak<br>No:2592<br>Hex coord:(48;53),n/a,0,0,0,0,0,0,1,2022-08-07T20:11:51.8696593Z,0
5.10683,101.0244776,Daerah: Perak<br>No:2593<br>Hex coord:(49;53),n/a,0,0,0,0,0,0,1,2022-08-07T20:11:52.5767942Z,0
5.11461,101.0380243,Daerah: Perak<br>No:2594<br>Hex coord:(50;53),n/a,0,0,0,0,0,0,1,2022-08-07T20:11:53.2713633Z,0
5.10683,101.051571,Daerah: Perak<br>No:2595<br>Hex coord:(51;53),n/a,0,0,0,0,0,0,1,2022-08-07T20:11:53.9618919Z,0
5.11461,101.0651177,Daerah: Perak<br>No:2596<br>Hex coord:(52;53),n/a,0,0,0,0,0,0,1,2022-08-07T20:11:54.6421747Z,0
5.10683,101.0786644,Daerah: Perak<br>No:2597<br>Hex coord:(53;53),n/a,0,0,0,0,0,0,1,2022-08-07T20:11:55.3308589Z,0
5.11461,101.0922111,Daerah: Perak<br>No:2598<br>Hex coord:(54;53),n/a,0,0,0,0,0,0,1,2022-08-07T20:11:56.0244626Z,0
5.10683,101.1057578,Daerah: Perak<br>No:2599<br>Hex coord:(55;53),n/a,0,0,0,0,0,0,1,2022-08-07T20:11:56.7001869Z,0
5.11461,101.1193045,Daerah: Perak<br>No:2600<br>Hex coord:(56;53),n/a,0,0,0,0,0,0,1,2022-08-07T20:11:57.4279586Z,0
5.10683,101.1328512,Daerah: Perak<br>No:2601<br>Hex coord:(57;53),n/a,0,0,0,0,0,0,1,2022-08-07T20:11:58.1132425Z,0
5.11461,101.1463979,Daerah: Perak<br>No:2602<br>Hex coord:(58;53),n/a,0,0,0,0,0,0,1,2022-08-07T20:11:58.8102252Z,0
5.10683,101.1599446,Daerah: Perak<br>No:2603<br>Hex coord:(59;53),n/a,0,0,0,0,0,0,1,2022-08-07T20:11:59.5031758Z,0
5.11461,101.1734913,Daerah: Perak<br>No:2604<br>Hex coord:(60;53),n/a,0,0,0,0,0,0,1,2022-08-07T20:12:00.1955121Z,0
5.10683,101.187038,Daerah: Perak<br>No:2605<br>Hex coord:(61;53),n/a,0,0,0,0,0,0,1,2022-08-07T20:12:00.8828558Z,0
5.11461,101.2005847,Daerah: Perak<br>No:2606<br>Hex coord:(62;53),n/a,0,0,0,0,0,0,1,2022-08-07T20:12:01.5776875Z,0
5.10683,101.2141314,Daerah: Perak<br>No:2607<br>Hex coord:(63;53),n/a,0,0,0,0,0,0,1,2022-08-07T20:12:02.3082178Z,0
5.11461,101.2276781,Daerah: Perak<br>No:2608<br>Hex coord:(64;53),n/a,0,0,0,0,0,0,1,2022-08-07T20:12:02.9994433Z,0
5.10683,101.2412249,Daerah: Perak<br>No:2609<br>Hex coord:(65;53),n/a,0,0,0,0,0,0,1,2022-08-07T20:12:03.6970227Z,0
5.11461,101.2547716,Daerah: Perak<br>No:2610<br>Hex coord:(66;53),n/a,0,0,0,0,0,0,1,2022-08-07T20:12:04.3886870Z,0
5.10683,101.2683183,Daerah: Perak<br>No:2611<br>Hex coord:(67;53),n/a,0,0,0,0,0,0,1,2022-08-07T20:12:05.0978820Z,0
5.11461,101.281865,Daerah: Perak<br>No:2612<br>Hex coord:(68;53),n/a,0,0,0,0,0,0,1,2022-08-07T20:12:05.7870005Z,0
5.10683,101.2954117,Daerah: Perak<br>No:2613<br>Hex coord:(69;53),n/a,0,0,0,0,0,0,1,2022-08-07T20:12:06.4839980Z,0
5.11461,101.3089584,Daerah: Perak<br>No:2614<br>Hex coord:(70;53),n/a,0,0,0,0,0,0,1,2022-08-07T20:12:07.2282640Z,0
5.10683,101.3225051,Daerah: Perak<br>No:2615<br>Hex coord:(71;53),n/a,0,0,0,0,0,0,1,2022-08-07T20:12:07.9210721Z,0
5.11461,101.3360518,Daerah: Perak<br>No:2616<br>Hex coord:(72;53),n/a,0,0,0,0,0,0,1,2022-08-07T20:12:08.6113556Z,0
5.10683,101.3495985,Daerah: Perak<br>No:2617<br>Hex coord:(73;53),n/a,0,0,0,0,0,0,1,2022-08-07T20:12:09.3194577Z,0
5.11461,101.3631452,Daerah: Perak<br>No:2618<br>Hex coord:(74;53),n/a,0,0,0,0,0,0,1,2022-08-07T20:12:10.0027276Z,0
5.10683,101.3766919,Daerah: Perak<br>No:2619<br>Hex coord:(75;53),n/a,0,0,0,0,0,0,1,2022-08-07T20:12:10.6880698Z,0
5.11461,101.3902386,Daerah: Perak<br>No:2620<br>Hex coord:(76;53),n/a,0,0,0,0,0,0,1,2022-08-07T20:12:11.3909489Z,0
5.10683,101.4037853,Daerah: Perak<br>No:2621<br>Hex coord:(77;53),n/a,0,0,0,0,0,0,1,2022-08-07T20:12:12.2313828Z,0
5.11461,101.417332,Daerah: Perak<br>No:2622<br>Hex coord:(78;53),n/a,0,0,0,0,0,0,1,2022-08-07T20:12:12.9119991Z,0
5.10683,101.4308787,Daerah: Perak<br>No:2623<br>Hex coord:(79;53),n/a,0,0,0,0,0,0,1,2022-08-07T20:12:13.6255575Z,0
5.11461,101.4444254,Daerah: Perak<br>No:2624<br>Hex coord:(80;53),n/a,0,0,0,0,0,0,1,2022-08-07T20:12:14.3251828Z,0
5.10683,101.4579721,Daerah: Perak<br>No:2625<br>Hex coord:(81;53),n/a,0,0,0,0,0,0,1,2022-08-07T20:12:15.0178161Z,0
5.11461,101.4715188,Daerah: Perak<br>No:2626<br>Hex coord:(82;53),n/a,0,0,0,0,0,0,1,2022-08-07T20:12:15.7114699Z,0
5.09127,100.3742357,Daerah: Perak<br>No:2627<br>Hex coord:(1;54),n/a,0,0,0,0,0,0,1,2022-08-07T20:12:21.2721668Z,0
5.09905,100.3877824,Daerah: Perak<br>No:2628<br>Hex coord:(2;54),n/a,0,0,0,0,0,0,1,2022-08-07T20:12:21.9576859Z,0
5.09127,100.4013291,Daerah: Perak<br>No:2629<br>Hex coord:(3;54),n/a,3,0,0,0,0,0,1,2022-08-07T20:12:22.6500701Z,0
5.09905,100.4148758,Daerah: Perak<br>No:2630<br>Hex coord:(4;54),n/a,0,0,0,0,0,0,1,2022-08-07T20:12:23.3385077Z,0
5.09127,100.4284225,Daerah: Perak<br>No:2631<br>Hex coord:(5;54),n/a,0,0,0,0,0,0,1,2022-08-07T20:12:24.0280572Z,0
5.09905,100.4419692,Daerah: Perak<br>No:2632<br>Hex coord:(6;54),n/a,0,0,0,0,0,0,1,2022-08-07T20:12:24.7263176Z,0
5.09127,100.4555159,Daerah: Perak<br>No:2633<br>Hex coord:(7;54),n/a,0,0,0,0,0,0,1,2022-08-07T20:12:25.4273446Z,0
5.09905,100.4690626,Daerah: Perak<br>No:2634<br>Hex coord:(8;54),n/a,2,0,0,0,0,0,1,2022-08-07T20:12:26.1540950Z,0
5.09127,100.4826093,Daerah: Perak<br>No:2635<br>Hex coord:(9;54),n/a,4,0,0,0,0,0,1,2022-08-07T20:12:26.8708525Z,0
5.09905,100.4961561,Daerah: Perak<br>No:2636<br>Hex coord:(10;54),n/a,1,0,0,0,0,0,1,2022-08-07T20:12:27.5657978Z,0
5.09127,100.5097028,Daerah: Perak<br>No:2637<br>Hex coord:(11;54),n/a,0,0,0,0,0,0,1,2022-08-07T20:12:28.2650293Z,0
5.09127,100.5367962,Daerah: Perak<br>No:2638<br>Hex coord:(13;54),n/a,0,0,0,0,0,0,1,2022-08-07T20:12:28.9671575Z,0
5.09127,100.590983,Daerah: Perak<br>No:2639<br>Hex coord:(17;54),n/a,0,0,0,0,0,0,1,2022-08-07T20:12:29.6559527Z,0
5.09905,100.6045297,Daerah: Perak<br>No:2640<br>Hex coord:(18;54),n/a,0,0,0,0,0,0,1,2022-08-07T20:12:30.3578443Z,0
5.09127,100.6180764,Daerah: Perak<br>No:2641<br>Hex coord:(19;54),n/a,0,0,0,0,0,0,1,2022-08-07T20:12:31.0886418Z,0
5.09905,100.6316231,Daerah: Perak<br>No:2642<br>Hex coord:(20;54),n/a,0,0,0,0,0,0,1,2022-08-07T20:12:31.7795803Z,0
5.09127,100.6451698,Daerah: Perak<br>No:2643<br>Hex coord:(21;54),n/a,0,0,0,0,0,0,1,2022-08-07T20:12:32.4839280Z,0
5.09905,100.6587165,Daerah: Perak<br>No:2644<br>Hex coord:(22;54),n/a,0,0,0,0,0,0,1,2022-08-07T20:12:33.1709570Z,0
5.09127,100.6722632,Daerah: Perak<br>No:2645<br>Hex coord:(23;54),n/a,0,0,0,0,0,0,1,2022-08-07T20:12:33.8673155Z,0
5.09905,100.6858099,Daerah: Perak<br>No:2646<br>Hex coord:(24;54),n/a,0,0,0,0,0,0,1,2022-08-07T20:12:34.5611349Z,0
5.09127,100.6993566,Daerah: Perak<br>No:2647<br>Hex coord:(25;54),n/a,0,0,0,0,0,0,1,2022-08-07T20:12:35.2514954Z,0
5.09905,100.7129033,Daerah: Perak<br>No:2648<br>Hex coord:(26;54),n/a,0,0,0,0,0,0,1,2022-08-07T20:12:35.9955358Z,0
5.09127,100.72645,Daerah: Perak<br>No:2649<br>Hex coord:(27;54),n/a,0,0,0,0,0,0,1,2022-08-07T20:12:36.6816331Z,0
5.09905,100.7399968,Daerah: Perak<br>No:2650<br>Hex coord:(28;54),n/a,0,0,0,0,0,0,1,2022-08-07T20:12:37.3865734Z,0
5.09127,100.7535435,Daerah: Perak<br>No:2651<br>Hex coord:(29;54),n/a,0,0,0,0,0,0,1,2022-08-07T20:12:38.0715651Z,0
5.09905,100.7670902,Daerah: Perak<br>No:2652<br>Hex coord:(30;54),n/a,0,0,0,0,0,0,1,2022-08-07T20:12:38.7567482Z,0
5.09127,100.7806369,Daerah: Perak<br>No:2653<br>Hex coord:(31;54),n/a,0,0,0,0,0,0,1,2022-08-07T20:12:39.4458634Z,0
5.09905,100.7941836,Daerah: Perak<br>No:2654<br>Hex coord:(32;54),n/a,0,0,0,0,0,0,1,2022-08-07T20:12:40.1366153Z,0
5.09127,100.8077303,Daerah: Perak<br>No:2655<br>Hex coord:(33;54),n/a,0,0,0,0,0,0,1,2022-08-07T20:12:40.8224098Z,0
5.09905,100.821277,Daerah: Perak<br>No:2656<br>Hex coord:(34;54),n/a,0,0,0,0,0,0,1,2022-08-07T20:12:41.5514090Z,0
5.09127,100.8348237,Daerah: Perak<br>No:2657<br>Hex coord:(35;54),n/a,0,0,0,0,0,0,1,2022-08-07T20:12:42.2397700Z,0
5.09905,100.8483704,Daerah: Perak<br>No:2658<br>Hex coord:(36;54),n/a,0,0,0,0,0,0,1,2022-08-07T20:12:42.9403671Z,0
5.09127,100.8619171,Daerah: Perak<br>No:2659<br>Hex coord:(37;54),n/a,0,0,0,0,0,0,1,2022-08-07T20:12:43.6357381Z,0
5.09905,100.8754638,Daerah: Perak<br>No:2660<br>Hex coord:(38;54),n/a,0,0,0,0,0,0,1,2022-08-07T20:12:44.3306883Z,0
5.09127,100.8890105,Daerah: Perak<br>No:2661<br>Hex coord:(39;54),n/a,0,0,0,0,0,0,1,2022-08-07T20:12:45.0370244Z,0
5.09905,100.9025572,Daerah: Perak<br>No:2662<br>Hex coord:(40;54),n/a,0,0,0,0,0,0,1,2022-08-07T20:12:45.7279546Z,0
5.09127,100.9161039,Daerah: Perak<br>No:2663<br>Hex coord:(41;54),n/a,0,0,0,0,0,0,1,2022-08-07T20:12:46.4683471Z,0
5.09905,100.9296506,Daerah: Perak<br>No:2664<br>Hex coord:(42;54),n/a,0,0,0,0,0,0,1,2022-08-07T20:12:47.1714905Z,0
5.09127,100.9431973,Daerah: Perak<br>No:2665<br>Hex coord:(43;54),n/a,0,0,0,0,0,0,1,2022-08-07T20:12:47.8636781Z,0
5.09905,100.956744,Daerah: Perak<br>No:2666<br>Hex coord:(44;54),n/a,1,0,0,0,0,0,1,2022-08-07T20:12:48.5605786Z,0
5.09127,100.9702907,Daerah: Perak<br>No:2667<br>Hex coord:(45;54),n/a,1,0,0,0,0,0,1,2022-08-07T20:12:49.2487208Z,0
5.09905,100.9838374,Daerah: Perak<br>No:2668<br>Hex coord:(46;54),n/a,0,0,0,0,0,0,1,2022-08-07T20:12:49.9480379Z,0
5.09127,100.9973842,Daerah: Perak<br>No:2669<br>Hex coord:(47;54),n/a,0,0,0,0,0,0,1,2022-08-07T20:12:50.6341237Z,0
5.09905,101.0109309,Daerah: Perak<br>No:2670<br>Hex coord:(48;54),n/a,0,0,0,0,0,0,1,2022-08-07T20:12:51.3621192Z,0
5.09127,101.0244776,Daerah: Perak<br>No:2671<br>Hex coord:(49;54),n/a,0,0,0,0,0,0,1,2022-08-07T20:12:52.0526988Z,0
5.09905,101.0380243,Daerah: Perak<br>No:2672<br>Hex coord:(50;54),n/a,0,0,0,0,0,0,1,2022-08-07T20:12:52.7446132Z,0
5.09127,101.051571,Daerah: Perak<br>No:2673<br>Hex coord:(51;54),n/a,0,0,0,0,0,0,1,2022-08-07T20:12:53.4375059Z,0
5.09905,101.0651177,Daerah: Perak<br>No:2674<br>Hex coord:(52;54),n/a,0,0,0,0,0,0,1,2022-08-07T20:12:54.1321812Z,0
5.09127,101.0786644,Daerah: Perak<br>No:2675<br>Hex coord:(53;54),n/a,0,0,0,0,0,0,1,2022-08-07T20:12:54.8106398Z,0
5.09905,101.0922111,Daerah: Perak<br>No:2676<br>Hex coord:(54;54),n/a,0,0,0,0,0,0,1,2022-08-07T20:12:55.4956532Z,0
5.09127,101.1057578,Daerah: Perak<br>No:2677<br>Hex coord:(55;54),n/a,0,0,0,0,0,0,1,2022-08-07T20:12:56.2342432Z,0
5.09905,101.1193045,Daerah: Perak<br>No:2678<br>Hex coord:(56;54),n/a,0,0,0,0,0,0,1,2022-08-07T20:12:56.9336485Z,0
5.09127,101.1328512,Daerah: Perak<br>No:2679<br>Hex coord:(57;54),n/a,0,0,0,0,0,0,1,2022-08-07T20:12:57.6270738Z,0
5.09905,101.1463979,Daerah: Perak<br>No:2680<br>Hex coord:(58;54),n/a,0,0,0,0,0,0,1,2022-08-07T20:12:58.3234528Z,0
5.09127,101.1599446,Daerah: Perak<br>No:2681<br>Hex coord:(59;54),n/a,0,0,0,0,0,0,1,2022-08-07T20:12:59.0082705Z,0
5.09905,101.1734913,Daerah: Perak<br>No:2682<br>Hex coord:(60;54),n/a,0,0,0,0,0,0,1,2022-08-07T20:12:59.7038689Z,0
5.09127,101.187038,Daerah: Perak<br>No:2683<br>Hex coord:(61;54),n/a,0,0,0,0,0,0,1,2022-08-07T20:13:00.4127827Z,0
5.09905,101.2005847,Daerah: Perak<br>No:2684<br>Hex coord:(62;54),n/a,0,0,0,0,0,0,1,2022-08-07T20:13:01.1439913Z,0
5.09127,101.2141314,Daerah: Perak<br>No:2685<br>Hex coord:(63;54),n/a,0,0,0,0,0,0,1,2022-08-07T20:13:01.8477894Z,0
5.09905,101.2276781,Daerah: Perak<br>No:2686<br>Hex coord:(64;54),n/a,0,0,0,0,0,0,1,2022-08-07T20:13:02.5430372Z,0
5.09127,101.2412249,Daerah: Perak<br>No:2687<br>Hex coord:(65;54),n/a,0,0,0,0,0,0,1,2022-08-07T20:13:03.2391873Z,0
5.09905,101.2547716,Daerah: Perak<br>No:2688<br>Hex coord:(66;54),n/a,0,0,0,0,0,0,1,2022-08-07T20:13:03.9396097Z,0
5.09127,101.2683183,Daerah: Perak<br>No:2689<br>Hex coord:(67;54),n/a,0,0,0,0,0,0,1,2022-08-07T20:13:04.6264160Z,0
5.09905,101.281865,Daerah: Perak<br>No:2690<br>Hex coord:(68;54),n/a,0,0,0,0,0,0,1,2022-08-07T20:13:05.3335606Z,0
5.09127,101.2954117,Daerah: Perak<br>No:2691<br>Hex coord:(69;54),n/a,0,0,0,0,0,0,1,2022-08-07T20:13:06.1378848Z,0
5.09905,101.3089584,Daerah: Perak<br>No:2692<br>Hex coord:(70;54),n/a,0,0,0,0,0,0,1,2022-08-07T20:13:06.8389001Z,0
5.09127,101.3225051,Daerah: Perak<br>No:2693<br>Hex coord:(71;54),n/a,0,0,0,0,0,0,1,2022-08-07T20:13:07.5291242Z,0
5.09905,101.3360518,Daerah: Perak<br>No:2694<br>Hex coord:(72;54),n/a,0,0,0,0,0,0,1,2022-08-07T20:13:08.2297800Z,0
5.09127,101.3495985,Daerah: Perak<br>No:2695<br>Hex coord:(73;54),n/a,0,0,0,0,0,0,1,2022-08-07T20:13:08.9253186Z,0
5.09905,101.3631452,Daerah: Perak<br>No:2696<br>Hex coord:(74;54),n/a,0,0,0,0,0,0,1,2022-08-07T20:13:09.6241091Z,0
5.09127,101.3766919,Daerah: Perak<br>No:2697<br>Hex coord:(75;54),n/a,0,0,0,0,0,0,1,2022-08-07T20:13:10.3250366Z,0
5.09905,101.3902386,Daerah: Perak<br>No:2698<br>Hex coord:(76;54),n/a,0,0,0,0,0,0,1,2022-08-07T20:13:11.0684665Z,0
5.09127,101.4037853,Daerah: Perak<br>No:2699<br>Hex coord:(77;54),n/a,0,0,0,0,0,0,1,2022-08-07T20:13:11.7488581Z,0
5.09905,101.417332,Daerah: Perak<br>No:2700<br>Hex coord:(78;54),n/a,0,0,0,0,0,0,1,2022-08-07T20:13:12.4680515Z,0
5.09127,101.4308787,Daerah: Perak<br>No:2701<br>Hex coord:(79;54),n/a,0,0,0,0,0,0,1,2022-08-07T20:13:13.1601462Z,0
5.09905,101.4444254,Daerah: Perak<br>No:2702<br>Hex coord:(80;54),n/a,0,0,0,0,0,0,1,2022-08-07T20:13:13.8519727Z,0
5.09127,101.4579721,Daerah: Perak<br>No:2703<br>Hex coord:(81;54),n/a,0,0,0,0,0,0,1,2022-08-07T20:13:14.5346657Z,0
5.09905,101.4715188,Daerah: Perak<br>No:2704<br>Hex coord:(82;54),n/a,0,0,0,0,0,0,1,2022-08-07T20:13:15.2199202Z,0
5.08349,100.3877824,Daerah: Perak<br>No:2705<br>Hex coord:(2;55),n/a,2,0,0,0,0,0,1,2022-08-07T20:13:15.9596894Z,0
5.07571,100.4013291,Daerah: Perak<br>No:2706<br>Hex coord:(3;55),n/a,1,0,0,0,0,0,1,2022-08-07T20:13:21.4867739Z,0
5.08349,100.4148758,Daerah: Perak<br>No:2707<br>Hex coord:(4;55),n/a,0,0,0,0,0,0,1,2022-08-07T20:13:22.1795366Z,0
5.07571,100.4284225,Daerah: Perak<br>No:2708<br>Hex coord:(5;55),n/a,0,0,0,0,0,0,1,2022-08-07T20:13:22.8749075Z,0
5.08349,100.4419692,Daerah: Perak<br>No:2709<br>Hex coord:(6;55),n/a,0,0,0,0,0,0,1,2022-08-07T20:13:23.5676149Z,0
5.07571,100.4555159,Daerah: Perak<br>No:2710<br>Hex coord:(7;55),n/a,0,0,0,0,0,0,1,2022-08-07T20:13:24.2727140Z,0
5.08349,100.4690626,Daerah: Perak<br>No:2711<br>Hex coord:(8;55),n/a,0,0,0,0,0,0,1,2022-08-07T20:13:24.9598394Z,0
5.07571,100.4826093,Daerah: Perak<br>No:2712<br>Hex coord:(9;55),n/a,3,0,0,0,0,0,1,2022-08-07T20:13:25.6713588Z,0
5.08349,100.4961561,Daerah: Perak<br>No:2713<br>Hex coord:(10;55),n/a,0,0,0,0,0,0,1,2022-08-07T20:13:26.4083836Z,0
5.07571,100.5097028,Daerah: Perak<br>No:2714<br>Hex coord:(11;55),n/a,0,0,0,0,0,0,1,2022-08-07T20:13:27.0981825Z,0
5.08349,100.5232495,Daerah: Perak<br>No:2715<br>Hex coord:(12;55),n/a,0,0,0,0,0,0,1,2022-08-07T20:13:27.7900860Z,0
5.07571,100.5367962,Daerah: Perak<br>No:2716<br>Hex coord:(13;55),n/a,0,0,0,0,0,0,1,2022-08-07T20:13:28.4728562Z,0
5.07571,100.5638896,Daerah: Perak<br>No:2717<br>Hex coord:(15;55),n/a,0,0,0,0,0,0,1,2022-08-07T20:13:29.1623500Z,0
5.08349,100.5774363,Daerah: Perak<br>No:2718<br>Hex coord:(16;55),n/a,0,0,0,0,0,0,1,2022-08-07T20:13:29.8666911Z,0
5.07571,100.590983,Daerah: Perak<br>No:2719<br>Hex coord:(17;55),n/a,0,0,0,0,0,0,1,2022-08-07T20:13:30.5606826Z,0
5.08349,100.6045297,Daerah: Perak<br>No:2720<br>Hex coord:(18;55),n/a,0,0,0,0,0,0,1,2022-08-07T20:13:31.2881833Z,0
5.07571,100.6180764,Daerah: Perak<br>No:2721<br>Hex coord:(19;55),n/a,0,0,0,0,0,0,1,2022-08-07T20:13:31.9903478Z,0
5.08349,100.6316231,Daerah: Perak<br>No:2722<br>Hex coord:(20;55),n/a,0,0,0,0,0,0,1,2022-08-07T20:13:32.6845757Z,0
5.07571,100.6451698,Daerah: Perak<br>No:2723<br>Hex coord:(21;55),n/a,0,0,0,0,0,0,1,2022-08-07T20:13:33.3750321Z,0
5.08349,100.6587165,Daerah: Perak<br>No:2724<br>Hex coord:(22;55),n/a,0,0,0,0,0,0,1,2022-08-07T20:13:34.0828052Z,0
5.07571,100.6722632,Daerah: Perak<br>No:2725<br>Hex coord:(23;55),n/a,0,0,0,0,0,0,1,2022-08-07T20:13:34.7797581Z,0
5.08349,100.6858099,Daerah: Perak<br>No:2726<br>Hex coord:(24;55),n/a,0,0,0,0,0,0,1,2022-08-07T20:13:35.4753510Z,0
5.07571,100.6993566,Daerah: Perak<br>No:2727<br>Hex coord:(25;55),n/a,0,0,0,0,0,0,1,2022-08-07T20:13:36.1976031Z,0
5.08349,100.7129033,Daerah: Perak<br>No:2728<br>Hex coord:(26;55),n/a,0,0,0,0,0,0,1,2022-08-07T20:13:36.8996473Z,0
5.07571,100.72645,Daerah: Perak<br>No:2729<br>Hex coord:(27;55),n/a,0,0,0,0,0,0,1,2022-08-07T20:13:37.5849289Z,0
5.08349,100.7399968,Daerah: Perak<br>No:2730<br>Hex coord:(28;55),n/a,0,0,0,0,0,0,1,2022-08-07T20:13:38.2665086Z,0
5.07571,100.7535435,Daerah: Perak<br>No:2731<br>Hex coord:(29;55),n/a,0,0,0,0,0,0,1,2022-08-07T20:13:38.9702585Z,0
5.08349,100.7670902,Daerah: Perak<br>No:2732<br>Hex coord:(30;55),n/a,0,0,0,0,0,0,1,2022-08-07T20:13:39.6578144Z,0
5.07571,100.7806369,Daerah: Perak<br>No:2733<br>Hex coord:(31;55),n/a,0,0,0,0,0,0,1,2022-08-07T20:13:40.3382603Z,0
5.08349,100.7941836,Daerah: Perak<br>No:2734<br>Hex coord:(32;55),n/a,0,0,0,0,0,0,1,2022-08-07T20:13:41.0552618Z,0
5.07571,100.8077303,Daerah: Perak<br>No:2735<br>Hex coord:(33;55),n/a,0,0,0,0,0,0,1,2022-08-07T20:13:41.7488671Z,0
5.08349,100.821277,Daerah: Perak<br>No:2736<br>Hex coord:(34;55),n/a,0,0,0,0,0,0,1,2022-08-07T20:13:42.4445514Z,0
5.07571,100.8348237,Daerah: Perak<br>No:2737<br>Hex coord:(35;55),n/a,0,0,0,0,0,0,1,2022-08-07T20:13:43.1405633Z,0
5.08349,100.8483704,Daerah: Perak<br>No:2738<br>Hex coord:(36;55),n/a,0,0,0,0,0,0,1,2022-08-07T20:13:43.8320028Z,0
5.07571,100.8619171,Daerah: Perak<br>No:2739<br>Hex coord:(37;55),n/a,0,0,0,0,0,0,1,2022-08-07T20:13:44.5133408Z,0
5.08349,100.8754638,Daerah: Perak<br>No:2740<br>Hex coord:(38;55),n/a,0,0,0,0,0,0,1,2022-08-07T20:13:45.2020196Z,0
5.07571,100.8890105,Daerah: Perak<br>No:2741<br>Hex coord:(39;55),n/a,0,0,0,0,0,0,1,2022-08-07T20:13:45.9517375Z,0
5.08349,100.9025572,Daerah: Perak<br>No:2742<br>Hex coord:(40;55),n/a,0,0,0,0,0,0,1,2022-08-07T20:13:46.6475857Z,0
5.07571,100.9161039,Daerah: Perak<br>No:2743<br>Hex coord:(41;55),n/a,0,0,0,0,0,0,1,2022-08-07T20:13:47.3465593Z,0
5.08349,100.9296506,Daerah: Perak<br>No:2744<br>Hex coord:(42;55),n/a,0,0,0,0,0,0,1,2022-08-07T20:13:48.0339391Z,0
5.07571,100.9431973,Daerah: Perak<br>No:2745<br>Hex coord:(43;55),n/a,0,0,0,0,0,0,1,2022-08-07T20:13:48.7216666Z,0
5.08349,100.956744,Daerah: Perak<br>No:2746<br>Hex coord:(44;55),n/a,0,0,0,0,0,0,1,2022-08-07T20:13:49.4210046Z,0
5.07571,100.9702907,Daerah: Perak<br>No:2747<br>Hex coord:(45;55),n/a,0,0,0,0,0,0,1,2022-08-07T20:13:50.1073097Z,0
5.08349,100.9838374,Daerah: Perak<br>No:2748<br>Hex coord:(46;55),n/a,0,0,0,0,0,0,1,2022-08-07T20:13:50.8139325Z,0
5.07571,100.9973842,Daerah: Perak<br>No:2749<br>Hex coord:(47;55),n/a,1,0,0,0,0,0,1,2022-08-07T20:13:51.5435000Z,0
5.08349,101.0109309,Daerah: Perak<br>No:2750<br>Hex coord:(48;55),n/a,0,0,0,0,0,0,1,2022-08-07T20:13:52.2311112Z,0
5.07571,101.0244776,Daerah: Perak<br>No:2751<br>Hex coord:(49;55),n/a,0,0,0,0,0,0,1,2022-08-07T20:13:52.9302700Z,0
5.08349,101.0380243,Daerah: Perak<br>No:2752<br>Hex coord:(50;55),n/a,0,0,0,0,0,0,1,2022-08-07T20:13:53.6299218Z,0
5.07571,101.051571,Daerah: Perak<br>No:2753<br>Hex coord:(51;55),n/a,0,0,0,0,0,0,1,2022-08-07T20:13:54.3240716Z,0
5.08349,101.0651177,Daerah: Perak<br>No:2754<br>Hex coord:(52;55),n/a,0,0,0,0,0,0,1,2022-08-07T20:13:55.0202043Z,0
5.07571,101.0786644,Daerah: Perak<br>No:2755<br>Hex coord:(53;55),n/a,0,0,0,0,0,0,1,2022-08-07T20:13:55.7192036Z,0
5.08349,101.0922111,Daerah: Perak<br>No:2756<br>Hex coord:(54;55),n/a,0,0,0,0,0,0,1,2022-08-07T20:13:56.4849219Z,0
5.07571,101.1057578,Daerah: Perak<br>No:2757<br>Hex coord:(55;55),n/a,0,0,0,0,0,0,1,2022-08-07T20:13:57.1854001Z,0
5.08349,101.1193045,Daerah: Perak<br>No:2758<br>Hex coord:(56;55),n/a,0,0,0,0,0,0,1,2022-08-07T20:13:57.8772867Z,0
5.07571,101.1328512,Daerah: Perak<br>No:2759<br>Hex coord:(57;55),n/a,0,0,0,0,0,0,1,2022-08-07T20:13:58.5634833Z,0
5.08349,101.1463979,Daerah: Perak<br>No:2760<br>Hex coord:(58;55),n/a,0,0,0,0,0,0,1,2022-08-07T20:13:59.2534466Z,0
5.07571,101.1599446,Daerah: Perak<br>No:2761<br>Hex coord:(59;55),n/a,0,0,0,0,0,0,1,2022-08-07T20:13:59.9464111Z,0
5.08349,101.1734913,Daerah: Perak<br>No:2762<br>Hex coord:(60;55),n/a,0,0,0,0,0,0,1,2022-08-07T20:14:00.6324383Z,0
5.07571,101.187038,Daerah: Perak<br>No:2763<br>Hex coord:(61;55),n/a,0,0,0,0,0,0,1,2022-08-07T20:14:01.4749275Z,0
5.08349,101.2005847,Daerah: Perak<br>No:2764<br>Hex coord:(62;55),n/a,0,0,0,0,0,0,1,2022-08-07T20:14:02.1724055Z,0
5.07571,101.2141314,Daerah: Perak<br>No:2765<br>Hex coord:(63;55),n/a,0,0,0,0,0,0,1,2022-08-07T20:14:02.8543434Z,0
5.08349,101.2276781,Daerah: Perak<br>No:2766<br>Hex coord:(64;55),n/a,0,0,0,0,0,0,1,2022-08-07T20:14:03.5465441Z,0
5.07571,101.2412249,Daerah: Perak<br>No:2767<br>Hex coord:(65;55),n/a,0,0,0,0,0,0,1,2022-08-07T20:14:04.2377885Z,0
5.08349,101.2547716,Daerah: Perak<br>No:2768<br>Hex coord:(66;55),n/a,0,0,0,0,0,0,1,2022-08-07T20:14:04.9362740Z,0
5.07571,101.2683183,Daerah: Perak<br>No:2769<br>Hex coord:(67;55),n/a,0,0,0,0,0,0,1,2022-08-07T20:14:05.6375839Z,0
5.08349,101.281865,Daerah: Perak<br>No:2770<br>Hex coord:(68;55),n/a,0,0,0,0,0,0,1,2022-08-07T20:14:06.3698468Z,0
5.07571,101.2954117,Daerah: Perak<br>No:2771<br>Hex coord:(69;55),n/a,0,0,0,0,0,0,1,2022-08-07T20:14:07.0616334Z,0
5.08349,101.3089584,Daerah: Perak<br>No:2772<br>Hex coord:(70;55),n/a,0,0,0,0,0,0,1,2022-08-07T20:14:07.7554231Z,0
5.07571,101.3225051,Daerah: Perak<br>No:2773<br>Hex coord:(71;55),n/a,0,0,0,0,0,0,1,2022-08-07T20:14:08.4457170Z,0
5.08349,101.3360518,Daerah: Perak<br>No:2774<br>Hex coord:(72;55),n/a,0,0,0,0,0,0,1,2022-08-07T20:14:09.1371964Z,0
5.07571,101.3495985,Daerah: Perak<br>No:2775<br>Hex coord:(73;55),n/a,0,0,0,0,0,0,1,2022-08-07T20:14:09.8234524Z,0
5.08349,101.3631452,Daerah: Perak<br>No:2776<br>Hex coord:(74;55),n/a,0,0,0,0,0,0,1,2022-08-07T20:14:10.5159219Z,0
5.07571,101.3766919,Daerah: Perak<br>No:2777<br>Hex coord:(75;55),n/a,0,0,0,0,0,0,1,2022-08-07T20:14:11.2500127Z,0
5.08349,101.3902386,Daerah: Perak<br>No:2778<br>Hex coord:(76;55),n/a,0,0,0,0,0,0,1,2022-08-07T20:14:11.9426205Z,0
5.07571,101.4037853,Daerah: Perak<br>No:2779<br>Hex coord:(77;55),n/a,0,0,0,0,0,0,1,2022-08-07T20:14:12.7235217Z,0
5.08349,101.417332,Daerah: Perak<br>No:2780<br>Hex coord:(78;55),n/a,0,0,0,0,0,0,1,2022-08-07T20:14:13.4152926Z,0
5.07571,101.4308787,Daerah: Perak<br>No:2781<br>Hex coord:(79;55),n/a,0,0,0,0,0,0,1,2022-08-07T20:14:14.1193376Z,0
5.08349,101.4444254,Daerah: Perak<br>No:2782<br>Hex coord:(80;55),n/a,0,0,0,0,0,0,1,2022-08-07T20:14:14.8537913Z,0
5.07571,101.4579721,Daerah: Perak<br>No:2783<br>Hex coord:(81;55),n/a,0,0,0,0,0,0,1,2022-08-07T20:14:15.5438573Z,0
5.06793,100.3877824,Daerah: Perak<br>No:2784<br>Hex coord:(2;56),n/a,5,0,0,0,0,0,1,2022-08-07T20:14:16.3182131Z,0
5.06015,100.4013291,Daerah: Perak<br>No:2785<br>Hex coord:(3;56),n/a,0,0,0,0,0,0,1,2022-08-07T20:14:17.0826618Z,0
5.06793,100.4148758,Daerah: Perak<br>No:2786<br>Hex coord:(4;56),n/a,0,0,0,0,0,0,1,2022-08-07T20:14:17.7877727Z,0
5.06015,100.4284225,Daerah: Perak<br>No:2787<br>Hex coord:(5;56),n/a,0,0,0,0,0,0,1,2022-08-07T20:14:18.4776563Z,0
5.06793,100.4419692,Daerah: Perak<br>No:2788<br>Hex coord:(6;56),n/a,0,0,0,0,0,0,1,2022-08-07T20:14:19.1752894Z,0
5.06015,100.4555159,Daerah: Perak<br>No:2789<br>Hex coord:(7;56),n/a,0,0,0,0,0,0,1,2022-08-07T20:14:19.8794394Z,0
5.06793,100.4690626,Daerah: Perak<br>No:2790<br>Hex coord:(8;56),n/a,0,0,0,0,0,0,1,2022-08-07T20:14:20.5860328Z,0
5.06015,100.4826093,Daerah: Perak<br>No:2791<br>Hex coord:(9;56),n/a,0,0,0,0,0,0,1,2022-08-07T20:14:21.3049070Z,0
5.06793,100.4961561,Daerah: Perak<br>No:2792<br>Hex coord:(10;56),n/a,0,0,0,0,0,0,1,2022-08-07T20:14:21.9993858Z,0
5.06015,100.5097028,Daerah: Perak<br>No:2793<br>Hex coord:(11;56),n/a,0,0,0,0,0,0,1,2022-08-07T20:14:22.7097213Z,0
5.06793,100.5232495,Daerah: Perak<br>No:2794<br>Hex coord:(12;56),n/a,0,0,0,0,0,0,1,2022-08-07T20:14:23.3994642Z,0
5.06015,100.5367962,Daerah: Perak<br>No:2795<br>Hex coord:(13;56),n/a,0,0,0,0,0,0,1,2022-08-07T20:14:24.0920923Z,0
5.06793,100.5503429,Daerah: Perak<br>No:2796<br>Hex coord:(14;56),n/a,0,0,0,0,0,0,1,2022-08-07T20:14:24.8004027Z,0
5.06015,100.5638896,Daerah: Perak<br>No:2797<br>Hex coord:(15;56),n/a,0,0,0,0,0,0,1,2022-08-07T20:14:25.4903996Z,0
5.06793,100.5774363,Daerah: Perak<br>No:2798<br>Hex coord:(16;56),n/a,0,0,0,0,0,0,1,2022-08-07T20:14:26.2605389Z,0
5.06015,100.590983,Daerah: Perak<br>No:2799<br>Hex coord:(17;56),n/a,1,0,0,0,0,0,1,2022-08-07T20:14:26.9838913Z,0
5.06793,100.6045297,Daerah: Perak<br>No:2800<br>Hex coord:(18;56),n/a,1,0,0,0,0,0,1,2022-08-07T20:14:27.6835312Z,0
5.06015,100.6180764,Daerah: Perak<br>No:2801<br>Hex coord:(19;56),n/a,0,0,0,0,0,0,1,2022-08-07T20:14:28.3757753Z,0
5.06793,100.6316231,Daerah: Perak<br>No:2802<br>Hex coord:(20;56),n/a,0,0,0,0,0,0,1,2022-08-07T20:14:29.0755619Z,0
5.06015,100.6451698,Daerah: Perak<br>No:2803<br>Hex coord:(21;56),n/a,1,0,0,0,0,0,1,2022-08-07T20:14:29.7624579Z,0
5.06793,100.6587165,Daerah: Perak<br>No:2804<br>Hex coord:(22;56),n/a,1,0,0,0,0,0,1,2022-08-07T20:14:30.4615848Z,0
5.06015,100.6722632,Daerah: Perak<br>No:2805<br>Hex coord:(23;56),n/a,0,0,0,0,0,0,1,2022-08-07T20:14:31.1953347Z,0
5.06793,100.6858099,Daerah: Perak<br>No:2806<br>Hex coord:(24;56),n/a,3,0,0,0,0,0,1,2022-08-07T20:14:31.8820481Z,0
5.06015,100.6993566,Daerah: Perak<br>No:2807<br>Hex coord:(25;56),n/a,3,0,0,0,0,0,1,2022-08-07T20:14:32.5799233Z,0
5.06793,100.7129033,Daerah: Perak<br>No:2808<br>Hex coord:(26;56),n/a,0,0,0,0,0,0,1,2022-08-07T20:14:33.2897876Z,0
5.06015,100.72645,Daerah: Perak<br>No:2809<br>Hex coord:(27;56),n/a,0,0,0,0,0,0,1,2022-08-07T20:14:33.9973102Z,0
5.06793,100.7399968,Daerah: Perak<br>No:2810<br>Hex coord:(28;56),n/a,0,0,0,0,0,0,1,2022-08-07T20:14:34.6924198Z,0
5.06015,100.7535435,Daerah: Perak<br>No:2811<br>Hex coord:(29;56),n/a,0,0,0,0,0,0,1,2022-08-07T20:14:35.3887370Z,0
5.06793,100.7670902,Daerah: Perak<br>No:2812<br>Hex coord:(30;56),n/a,0,0,0,0,0,0,1,2022-08-07T20:14:36.1238133Z,0
5.06015,100.7806369,Daerah: Perak<br>No:2813<br>Hex coord:(31;56),n/a,0,0,0,0,0,0,1,2022-08-07T20:14:36.8102254Z,0
5.06793,100.7941836,Daerah: Perak<br>No:2814<br>Hex coord:(32;56),n/a,0,0,0,0,0,0,1,2022-08-07T20:14:37.4971628Z,0
5.06015,100.8077303,Daerah: Perak<br>No:2815<br>Hex coord:(33;56),n/a,0,0,0,0,0,0,1,2022-08-07T20:14:38.1761143Z,0
5.06793,100.821277,Daerah: Perak<br>No:2816<br>Hex coord:(34;56),n/a,0,0,0,0,0,0,1,2022-08-07T20:14:38.8811334Z,0
5.06015,100.8348237,Daerah: Perak<br>No:2817<br>Hex coord:(35;56),n/a,0,0,0,0,0,0,1,2022-08-07T20:14:39.5792597Z,0
5.06793,100.8483704,Daerah: Perak<br>No:2818<br>Hex coord:(36;56),n/a,0,0,0,0,0,0,1,2022-08-07T20:14:40.2741198Z,0
5.06015,100.8619171,Daerah: Perak<br>No:2819<br>Hex coord:(37;56),n/a,0,0,0,0,0,0,1,2022-08-07T20:14:41.0086413Z,0
5.06793,100.8754638,Daerah: Perak<br>No:2820<br>Hex coord:(38;56),n/a,0,0,0,0,0,0,1,2022-08-07T20:14:41.7008123Z,0
5.06015,100.8890105,Daerah: Perak<br>No:2821<br>Hex coord:(39;56),n/a,0,0,0,0,0,0,1,2022-08-07T20:14:42.3848434Z,0
5.06793,100.9025572,Daerah: Perak<br>No:2822<br>Hex coord:(40;56),n/a,0,0,0,0,0,0,1,2022-08-07T20:14:43.0846777Z,0
5.06015,100.9161039,Daerah: Perak<br>No:2823<br>Hex coord:(41;56),n/a,0,0,0,0,0,0,1,2022-08-07T20:14:43.7707639Z,0
5.06793,100.9296506,Daerah: Perak<br>No:2824<br>Hex coord:(42;56),n/a,0,0,0,0,0,0,1,2022-08-07T20:14:44.4656764Z,0
5.06015,100.9431973,Daerah: Perak<br>No:2825<br>Hex coord:(43;56),n/a,0,0,0,0,0,0,1,2022-08-07T20:14:45.1618678Z,0
5.06793,100.956744,Daerah: Perak<br>No:2826<br>Hex coord:(44;56),n/a,0,0,0,0,0,0,1,2022-08-07T20:14:45.8953730Z,0
5.06015,100.9702907,Daerah: Perak<br>No:2827<br>Hex coord:(45;56),n/a,0,0,0,0,0,0,1,2022-08-07T20:14:46.5898492Z,0
5.06793,100.9838374,Daerah: Perak<br>No:2828<br>Hex coord:(46;56),n/a,0,0,0,0,0,0,1,2022-08-07T20:14:47.2835869Z,0
5.06015,100.9973842,Daerah: Perak<br>No:2829<br>Hex coord:(47;56),n/a,0,0,0,0,0,0,1,2022-08-07T20:14:47.9700391Z,0
5.06793,101.0109309,Daerah: Perak<br>No:2830<br>Hex coord:(48;56),n/a,1,0,0,0,0,0,1,2022-08-07T20:14:48.6642293Z,0
5.06015,101.0244776,Daerah: Perak<br>No:2831<br>Hex coord:(49;56),n/a,0,0,0,0,0,0,1,2022-08-07T20:14:49.3578169Z,0
5.06793,101.0380243,Daerah: Perak<br>No:2832<br>Hex coord:(50;56),n/a,0,0,0,0,0,0,1,2022-08-07T20:14:50.0421520Z,0
5.06015,101.051571,Daerah: Perak<br>No:2833<br>Hex coord:(51;56),n/a,0,0,0,0,0,0,1,2022-08-07T20:14:50.7256527Z,0
5.06793,101.0651177,Daerah: Perak<br>No:2834<br>Hex coord:(52;56),n/a,0,0,0,0,0,0,1,2022-08-07T20:14:51.5269462Z,0
5.06015,101.0786644,Daerah: Perak<br>No:2835<br>Hex coord:(53;56),n/a,0,0,0,0,0,0,1,2022-08-07T20:14:52.2236957Z,0
5.06793,101.0922111,Daerah: Perak<br>No:2836<br>Hex coord:(54;56),n/a,0,0,0,0,0,0,1,2022-08-07T20:14:52.9136158Z,0
5.06015,101.1057578,Daerah: Perak<br>No:2837<br>Hex coord:(55;56),n/a,0,0,0,0,0,0,1,2022-08-07T20:14:53.6023662Z,0
5.06793,101.1193045,Daerah: Perak<br>No:2838<br>Hex coord:(56;56),n/a,0,0,0,0,0,0,1,2022-08-07T20:14:54.2981628Z,0
5.06015,101.1328512,Daerah: Perak<br>No:2839<br>Hex coord:(57;56),n/a,2,0,0,0,0,0,1,2022-08-07T20:14:55.0055049Z,0
5.06793,101.1463979,Daerah: Perak<br>No:2840<br>Hex coord:(58;56),n/a,2,0,0,0,0,0,1,2022-08-07T20:14:55.6929791Z,0
5.06015,101.1599446,Daerah: Perak<br>No:2841<br>Hex coord:(59;56),n/a,0,0,0,0,0,0,1,2022-08-07T20:14:56.4412667Z,0
5.06793,101.1734913,Daerah: Perak<br>No:2842<br>Hex coord:(60;56),n/a,0,0,0,0,0,0,1,2022-08-07T20:14:57.1231174Z,0
5.06015,101.187038,Daerah: Perak<br>No:2843<br>Hex coord:(61;56),n/a,0,0,0,0,0,0,1,2022-08-07T20:14:57.8155435Z,0
5.06793,101.2005847,Daerah: Perak<br>No:2844<br>Hex coord:(62;56),n/a,0,0,0,0,0,0,1,2022-08-07T20:14:58.5034635Z,0
5.06015,101.2141314,Daerah: Perak<br>No:2845<br>Hex coord:(63;56),n/a,0,0,0,0,0,0,1,2022-08-07T20:14:59.1883098Z,0
5.06793,101.2276781,Daerah: Perak<br>No:2846<br>Hex coord:(64;56),n/a,0,0,0,0,0,0,1,2022-08-07T20:14:59.8895050Z,0
5.06015,101.2412249,Daerah: Perak<br>No:2847<br>Hex coord:(65;56),n/a,0,0,0,0,0,0,1,2022-08-07T20:15:00.5926076Z,0
5.06793,101.2547716,Daerah: Perak<br>No:2848<br>Hex coord:(66;56),n/a,0,0,0,0,0,0,1,2022-08-07T20:15:01.3221025Z,0
5.06015,101.2683183,Daerah: Perak<br>No:2849<br>Hex coord:(67;56),n/a,0,0,0,0,0,0,1,2022-08-07T20:15:02.0146670Z,0
5.06793,101.281865,Daerah: Perak<br>No:2850<br>Hex coord:(68;56),n/a,0,0,0,0,0,0,1,2022-08-07T20:15:02.7142421Z,0
5.06015,101.2954117,Daerah: Perak<br>No:2851<br>Hex coord:(69;56),n/a,0,0,0,0,0,0,1,2022-08-07T20:15:03.4071109Z,0
5.06793,101.3089584,Daerah: Perak<br>No:2852<br>Hex coord:(70;56),n/a,0,0,0,0,0,0,1,2022-08-07T20:15:04.0900757Z,0
5.06015,101.3225051,Daerah: Perak<br>No:2853<br>Hex coord:(71;56),n/a,0,0,0,0,0,0,1,2022-08-07T20:15:04.7861666Z,0
5.06793,101.3360518,Daerah: Perak<br>No:2854<br>Hex coord:(72;56),n/a,0,0,0,0,0,0,1,2022-08-07T20:15:05.4720250Z,0
5.06015,101.3495985,Daerah: Perak<br>No:2855<br>Hex coord:(73;56),n/a,0,0,0,0,0,0,1,2022-08-07T20:15:06.1983849Z,0
5.06793,101.3631452,Daerah: Perak<br>No:2856<br>Hex coord:(74;56),n/a,0,0,0,0,0,0,1,2022-08-07T20:15:06.8815579Z,0
5.06015,101.3766919,Daerah: Perak<br>No:2857<br>Hex coord:(75;56),n/a,0,0,0,0,0,0,1,2022-08-07T20:15:07.5973030Z,0
5.06793,101.3902386,Daerah: Perak<br>No:2858<br>Hex coord:(76;56),n/a,0,0,0,0,0,0,1,2022-08-07T20:15:08.2895905Z,0
5.06015,101.4037853,Daerah: Perak<br>No:2859<br>Hex coord:(77;56),n/a,0,0,0,0,0,0,1,2022-08-07T20:15:08.9863675Z,0
5.06793,101.417332,Daerah: Perak<br>No:2860<br>Hex coord:(78;56),n/a,0,0,0,0,0,0,1,2022-08-07T20:15:09.6853523Z,0
5.06015,101.4308787,Daerah: Perak<br>No:2861<br>Hex coord:(79;56),n/a,0,0,0,0,0,0,1,2022-08-07T20:15:10.4023769Z,0
5.06793,101.4444254,Daerah: Perak<br>No:2862<br>Hex coord:(80;56),n/a,0,0,0,0,0,0,1,2022-08-07T20:15:11.1405614Z,0
5.06015,101.4579721,Daerah: Perak<br>No:2863<br>Hex coord:(81;56),n/a,0,0,0,0,0,0,1,2022-08-07T20:15:11.8364148Z,0
5.05237,100.3877824,Daerah: Perak<br>No:2864<br>Hex coord:(2;57),n/a,2,0,0,0,0,0,1,2022-08-07T20:15:12.5437224Z,0
5.04459,100.4013291,Daerah: Perak<br>No:2865<br>Hex coord:(3;57),n/a,2,0,0,0,0,0,1,2022-08-07T20:15:13.2434723Z,0
5.05237,100.4148758,Daerah: Perak<br>No:2866<br>Hex coord:(4;57),n/a,0,0,0,0,0,0,1,2022-08-07T20:15:13.9457246Z,0
5.04459,100.4284225,Daerah: Perak<br>No:2867<br>Hex coord:(5;57),n/a,0,0,0,0,0,0,1,2022-08-07T20:15:14.6528631Z,0
5.05237,100.4419692,Daerah: Perak<br>No:2868<br>Hex coord:(6;57),n/a,0,0,0,0,0,0,1,2022-08-07T20:15:15.3393386Z,0
5.04459,100.4555159,Daerah: Perak<br>No:2869<br>Hex coord:(7;57),n/a,0,0,0,0,0,0,1,2022-08-07T20:15:16.0741136Z,0
5.05237,100.4690626,Daerah: Perak<br>No:2870<br>Hex coord:(8;57),n/a,2,0,0,0,0,0,1,2022-08-07T20:15:21.6125016Z,0
5.04459,100.4826093,Daerah: Perak<br>No:2871<br>Hex coord:(9;57),n/a,0,0,0,0,0,0,1,2022-08-07T20:15:22.3167417Z,0
5.05237,100.4961561,Daerah: Perak<br>No:2872<br>Hex coord:(10;57),n/a,1,0,0,0,0,0,1,2022-08-07T20:15:23.0167429Z,0
5.04459,100.5097028,Daerah: Perak<br>No:2873<br>Hex coord:(11;57),n/a,0,0,0,0,0,0,1,2022-08-07T20:15:23.7160962Z,0
5.05237,100.5232495,Daerah: Perak<br>No:2874<br>Hex coord:(12;57),n/a,0,0,0,0,0,0,1,2022-08-07T20:15:24.4241031Z,0
5.04459,100.5367962,Daerah: Perak<br>No:2875<br>Hex coord:(13;57),n/a,0,0,0,0,0,0,1,2022-08-07T20:15:25.1153182Z,0
5.05237,100.5503429,Daerah: Perak<br>No:2876<br>Hex coord:(14;57),n/a,0,0,0,0,0,0,1,2022-08-07T20:15:25.8190655Z,0
5.04459,100.5638896,Daerah: Perak<br>No:2877<br>Hex coord:(15;57),n/a,0,0,0,0,0,0,1,2022-08-07T20:15:26.5448540Z,0
5.05237,100.5774363,Daerah: Perak<br>No:2878<br>Hex coord:(16;57),n/a,0,0,0,0,0,0,1,2022-08-07T20:15:27.2463395Z,0
5.04459,100.590983,Daerah: Perak<br>No:2879<br>Hex coord:(17;57),n/a,4,0,0,0,0,0,1,2022-08-07T20:15:27.9452362Z,0
5.05237,100.6045297,Daerah: Perak<br>No:2880<br>Hex coord:(18;57),n/a,1,0,0,0,0,0,1,2022-08-07T20:15:28.6360752Z,0
5.04459,100.6180764,Daerah: Perak<br>No:2881<br>Hex coord:(19;57),n/a,0,0,0,0,0,0,1,2022-08-07T20:15:29.3382826Z,0
5.05237,100.6316231,Daerah: Perak<br>No:2882<br>Hex coord:(20;57),n/a,0,0,0,0,0,0,1,2022-08-07T20:15:30.0311622Z,0
5.04459,100.6451698,Daerah: Perak<br>No:2883<br>Hex coord:(21;57),n/a,0,0,0,0,0,0,1,2022-08-07T20:15:30.7278741Z,0
5.05237,100.6587165,Daerah: Perak<br>No:2884<br>Hex coord:(22;57),n/a,0,0,0,0,0,0,1,2022-08-07T20:15:31.4514266Z,0
5.04459,100.6722632,Daerah: Perak<br>No:2885<br>Hex coord:(23;57),n/a,0,0,0,0,0,0,1,2022-08-07T20:15:32.1447022Z,0
5.05237,100.6858099,Daerah: Perak<br>No:2886<br>Hex coord:(24;57),n/a,0,0,0,0,0,0,1,2022-08-07T20:15:32.8390953Z,0
5.04459,100.6993566,Daerah: Perak<br>No:2887<br>Hex coord:(25;57),n/a,0,0,0,0,0,0,1,2022-08-07T20:15:33.5232013Z,0
5.05237,100.7129033,Daerah: Perak<br>No:2888<br>Hex coord:(26;57),n/a,0,0,0,0,0,0,1,2022-08-07T20:15:34.2213263Z,0
5.04459,100.72645,Daerah: Perak<br>No:2889<br>Hex coord:(27;57),n/a,0,0,0,0,0,0,1,2022-08-07T20:15:34.9162032Z,0
5.05237,100.7399968,Daerah: Perak<br>No:2890<br>Hex coord:(28;57),n/a,0,0,0,0,0,0,1,2022-08-07T20:15:35.6063298Z,0
5.04459,100.7535435,Daerah: Perak<br>No:2891<br>Hex coord:(29;57),n/a,0,0,0,0,0,0,1,2022-08-07T20:15:36.3264063Z,0
5.05237,100.7670902,Daerah: Perak<br>No:2892<br>Hex coord:(30;57),n/a,0,0,0,0,0,0,1,2022-08-07T20:15:37.0334404Z,0
5.04459,100.7806369,Daerah: Perak<br>No:2893<br>Hex coord:(31;57),n/a,0,0,0,0,0,0,1,2022-08-07T20:15:37.7345144Z,0
5.05237,100.7941836,Daerah: Perak<br>No:2894<br>Hex coord:(32;57),n/a,0,0,0,0,0,0,1,2022-08-07T20:15:38.4257204Z,0
5.04459,100.8077303,Daerah: Perak<br>No:2895<br>Hex coord:(33;57),n/a,0,0,0,0,0,0,1,2022-08-07T20:15:39.1289353Z,0
5.05237,100.821277,Daerah: Perak<br>No:2896<br>Hex coord:(34;57),n/a,0,0,0,0,0,0,1,2022-08-07T20:15:39.8252023Z,0
5.04459,100.8348237,Daerah: Perak<br>No:2897<br>Hex coord:(35;57),n/a,0,0,0,0,0,0,1,2022-08-07T20:15:40.5147308Z,0
5.05237,100.8483704,Daerah: Perak<br>No:2898<br>Hex coord:(36;57),n/a,0,0,0,0,0,0,1,2022-08-07T20:15:41.2725001Z,0
5.04459,100.8619171,Daerah: Perak<br>No:2899<br>Hex coord:(37;57),n/a,0,0,0,0,0,0,1,2022-08-07T20:15:41.9767170Z,0
5.05237,100.8754638,Daerah: Perak<br>No:2900<br>Hex coord:(38;57),n/a,0,0,0,0,0,0,1,2022-08-07T20:15:42.6610417Z,0
5.04459,100.8890105,Daerah: Perak<br>No:2901<br>Hex coord:(39;57),n/a,0,0,0,0,0,0,1,2022-08-07T20:15:43.3423777Z,0
5.05237,100.9025572,Daerah: Perak<br>No:2902<br>Hex coord:(40;57),n/a,0,0,0,0,0,0,1,2022-08-07T20:15:44.0443032Z,0
5.04459,100.9161039,Daerah: Perak<br>No:2903<br>Hex coord:(41;57),n/a,0,0,0,0,0,0,1,2022-08-07T20:15:44.7537791Z,0
5.05237,100.9296506,Daerah: Perak<br>No:2904<br>Hex coord:(42;57),n/a,0,0,0,0,0,0,1,2022-08-07T20:15:45.4462746Z,0
5.04459,100.9431973,Daerah: Perak<br>No:2905<br>Hex coord:(43;57),n/a,0,0,0,0,0,0,1,2022-08-07T20:15:46.2960645Z,0
5.05237,100.956744,Daerah: Perak<br>No:2906<br>Hex coord:(44;57),n/a,0,0,0,0,0,0,1,2022-08-07T20:15:46.9970142Z,0
5.04459,100.9702907,Daerah: Perak<br>No:2907<br>Hex coord:(45;57),n/a,0,0,0,0,0,0,1,2022-08-07T20:15:47.8309171Z,0
5.05237,100.9838374,Daerah: Perak<br>No:2908<br>Hex coord:(46;57),n/a,0,0,0,0,0,0,1,2022-08-07T20:15:48.5335703Z,0
5.04459,100.9973842,Daerah: Perak<br>No:2909<br>Hex coord:(47;57),n/a,0,0,0,0,0,0,1,2022-08-07T20:15:49.2239091Z,0
5.05237,101.0109309,Daerah: Perak<br>No:2910<br>Hex coord:(48;57),n/a,0,0,0,0,0,0,1,2022-08-07T20:15:49.9275208Z,0
5.04459,101.0244776,Daerah: Perak<br>No:2911<br>Hex coord:(49;57),n/a,0,0,0,0,0,0,1,2022-08-07T20:15:50.6251430Z,0
5.05237,101.0380243,Daerah: Perak<br>No:2912<br>Hex coord:(50;57),n/a,0,0,0,0,0,0,1,2022-08-07T20:15:51.3563783Z,0
5.04459,101.051571,Daerah: Perak<br>No:2913<br>Hex coord:(51;57),n/a,0,0,0,0,0,0,1,2022-08-07T20:15:52.0434633Z,0
5.05237,101.0651177,Daerah: Perak<br>No:2914<br>Hex coord:(52;57),n/a,0,0,0,0,0,0,1,2022-08-07T20:15:52.7424067Z,0
5.04459,101.0786644,Daerah: Perak<br>No:2915<br>Hex coord:(53;57),n/a,0,0,0,0,0,0,1,2022-08-07T20:15:53.4447641Z,0
5.05237,101.0922111,Daerah: Perak<br>No:2916<br>Hex coord:(54;57),n/a,0,0,0,0,0,0,1,2022-08-07T20:15:54.1408923Z,0
5.04459,101.1057578,Daerah: Perak<br>No:2917<br>Hex coord:(55;57),n/a,0,0,0,0,0,0,1,2022-08-07T20:15:54.8320243Z,0
5.05237,101.1193045,Daerah: Perak<br>No:2918<br>Hex coord:(56;57),n/a,0,0,0,0,0,0,1,2022-08-07T20:15:55.5378634Z,0
5.04459,101.1328512,Daerah: Perak<br>No:2919<br>Hex coord:(57;57),n/a,0,0,0,0,0,0,1,2022-08-07T20:15:56.2703745Z,0
5.05237,101.1463979,Daerah: Perak<br>No:2920<br>Hex coord:(58;57),n/a,0,0,0,0,0,0,1,2022-08-07T20:15:56.9670009Z,0
5.04459,101.1599446,Daerah: Perak<br>No:2921<br>Hex coord:(59;57),n/a,0,0,0,0,0,0,1,2022-08-07T20:15:57.6665424Z,0
5.05237,101.1734913,Daerah: Perak<br>No:2922<br>Hex coord:(60;57),n/a,0,0,0,0,0,0,1,2022-08-07T20:15:58.3600992Z,0
5.04459,101.187038,Daerah: Perak<br>No:2923<br>Hex coord:(61;57),n/a,0,0,0,0,0,0,1,2022-08-07T20:15:59.0616618Z,0
5.05237,101.2005847,Daerah: Perak<br>No:2924<br>Hex coord:(62;57),n/a,0,0,0,0,0,0,1,2022-08-07T20:15:59.7583011Z,0
5.04459,101.2141314,Daerah: Perak<br>No:2925<br>Hex coord:(63;57),n/a,0,0,0,0,0,0,1,2022-08-07T20:16:00.4440687Z,0
5.05237,101.2276781,Daerah: Perak<br>No:2926<br>Hex coord:(64;57),n/a,0,0,0,0,0,0,1,2022-08-07T20:16:01.1803291Z,0
5.04459,101.2412249,Daerah: Perak<br>No:2927<br>Hex coord:(65;57),n/a,0,0,0,0,0,0,1,2022-08-07T20:16:01.8658537Z,0
5.05237,101.2547716,Daerah: Perak<br>No:2928<br>Hex coord:(66;57),n/a,0,0,0,0,0,0,1,2022-08-07T20:16:02.5504311Z,0
5.04459,101.2683183,Daerah: Perak<br>No:2929<br>Hex coord:(67;57),n/a,0,0,0,0,0,0,1,2022-08-07T20:16:03.2523078Z,0
5.05237,101.281865,Daerah: Perak<br>No:2930<br>Hex coord:(68;57),n/a,0,0,0,0,0,0,1,2022-08-07T20:16:03.9458937Z,0
5.04459,101.2954117,Daerah: Perak<br>No:2931<br>Hex coord:(69;57),n/a,0,0,0,0,0,0,1,2022-08-07T20:16:04.6380280Z,0
5.05237,101.3089584,Daerah: Perak<br>No:2932<br>Hex coord:(70;57),n/a,0,0,0,0,0,0,1,2022-08-07T20:16:05.3209304Z,0
5.04459,101.3225051,Daerah: Perak<br>No:2933<br>Hex coord:(71;57),n/a,0,0,0,0,0,0,1,2022-08-07T20:16:06.0430745Z,0
5.05237,101.3360518,Daerah: Perak<br>No:2934<br>Hex coord:(72;57),n/a,0,0,0,0,0,0,1,2022-08-07T20:16:06.7246524Z,0
5.04459,101.3495985,Daerah: Perak<br>No:2935<br>Hex coord:(73;57),n/a,0,0,0,0,0,0,1,2022-08-07T20:16:07.4179789Z,0
5.05237,101.3631452,Daerah: Perak<br>No:2936<br>Hex coord:(74;57),n/a,0,0,0,0,0,0,1,2022-08-07T20:16:08.1082411Z,0
5.04459,101.3766919,Daerah: Perak<br>No:2937<br>Hex coord:(75;57),n/a,0,0,0,0,0,0,1,2022-08-07T20:16:08.8193230Z,0
5.05237,101.3902386,Daerah: Perak<br>No:2938<br>Hex coord:(76;57),n/a,0,0,0,0,0,0,1,2022-08-07T20:16:09.5126692Z,0
5.04459,101.4037853,Daerah: Perak<br>No:2939<br>Hex coord:(77;57),n/a,0,0,0,0,0,0,1,2022-08-07T20:16:10.2077793Z,0
5.05237,101.417332,Daerah: Perak<br>No:2940<br>Hex coord:(78;57),n/a,0,0,0,0,0,0,1,2022-08-07T20:16:10.9414077Z,0
5.04459,101.4308787,Daerah: Perak<br>No:2941<br>Hex coord:(79;57),n/a,0,0,0,0,0,0,1,2022-08-07T20:16:11.6370863Z,0
5.05237,101.4444254,Daerah: Perak<br>No:2942<br>Hex coord:(80;57),n/a,0,0,0,0,0,0,1,2022-08-07T20:16:12.3238001Z,0
5.04459,101.4579721,Daerah: Perak<br>No:2943<br>Hex coord:(81;57),n/a,0,0,0,0,0,0,1,2022-08-07T20:16:13.0911197Z,0
5.02903,100.4013291,Daerah: Perak<br>No:2944<br>Hex coord:(3;58),n/a,0,0,0,0,0,0,1,2022-08-07T20:16:13.7861454Z,0
5.03681,100.4148758,Daerah: Perak<br>No:2945<br>Hex coord:(4;58),n/a,0,0,0,0,0,0,1,2022-08-07T20:16:14.4774547Z,0
5.02903,100.4284225,Daerah: Perak<br>No:2946<br>Hex coord:(5;58),n/a,3,0,0,0,0,0,1,2022-08-07T20:16:15.1821800Z,0
5.03681,100.4419692,Daerah: Perak<br>No:2947<br>Hex coord:(6;58),n/a,1,0,0,0,0,0,1,2022-08-07T20:16:15.9229362Z,0
5.02903,100.4555159,Daerah: Perak<br>No:2948<br>Hex coord:(7;58),n/a,0,0,0,0,0,0,1,2022-08-07T20:16:16.6235795Z,0
5.03681,100.4690626,Daerah: Perak<br>No:2949<br>Hex coord:(8;58),n/a,1,0,0,0,0,0,1,2022-08-07T20:16:17.3219360Z,0
5.02903,100.4826093,Daerah: Perak<br>No:2950<br>Hex coord:(9;58),n/a,2,0,0,0,0,0,1,2022-08-07T20:16:18.0168007Z,0
5.03681,100.4961561,Daerah: Perak<br>No:2951<br>Hex coord:(10;58),n/a,0,0,0,0,0,0,1,2022-08-07T20:16:18.7302537Z,0
5.02903,100.5097028,Daerah: Perak<br>No:2952<br>Hex coord:(11;58),n/a,0,0,0,0,0,0,1,2022-08-07T20:16:19.4285469Z,0
5.03681,100.5232495,Daerah: Perak<br>No:2953<br>Hex coord:(12;58),n/a,0,0,0,0,0,0,1,2022-08-07T20:16:20.1158997Z,0
5.02903,100.5367962,Daerah: Perak<br>No:2954<br>Hex coord:(13;58),n/a,0,0,0,0,0,0,1,2022-08-07T20:16:20.8139743Z,0
5.03681,100.5503429,Daerah: Perak<br>No:2955<br>Hex coord:(14;58),n/a,0,0,0,0,0,0,1,2022-08-07T20:16:21.5382054Z,0
5.02903,100.5638896,Daerah: Perak<br>No:2956<br>Hex coord:(15;58),n/a,0,0,0,0,0,0,1,2022-08-07T20:16:22.2310142Z,0
5.03681,100.5774363,Daerah: Perak<br>No:2957<br>Hex coord:(16;58),n/a,0,0,0,0,0,0,1,2022-08-07T20:16:22.9221913Z,0
5.02903,100.590983,Daerah: Perak<br>No:2958<br>Hex coord:(17;58),n/a,0,0,0,0,0,0,1,2022-08-07T20:16:23.6199281Z,0
5.03681,100.6045297,Daerah: Perak<br>No:2959<br>Hex coord:(18;58),n/a,0,0,0,0,0,0,1,2022-08-07T20:16:24.3963805Z,0
5.02903,100.6180764,Daerah: Perak<br>No:2960<br>Hex coord:(19;58),n/a,0,0,0,0,0,0,1,2022-08-07T20:16:25.0941343Z,0
5.03681,100.6316231,Daerah: Perak<br>No:2961<br>Hex coord:(20;58),n/a,0,0,0,0,0,0,1,2022-08-07T20:16:25.7986699Z,0
5.02903,100.6451698,Daerah: Perak<br>No:2962<br>Hex coord:(21;58),n/a,1,0,0,0,0,0,1,2022-08-07T20:16:26.5581214Z,0
5.03681,100.6587165,Daerah: Perak<br>No:2963<br>Hex coord:(22;58),n/a,0,0,0,0,0,0,1,2022-08-07T20:16:27.2413867Z,0
5.02903,100.6722632,Daerah: Perak<br>No:2964<br>Hex coord:(23;58),n/a,0,0,0,0,0,0,1,2022-08-07T20:16:27.9436556Z,0
5.03681,100.6858099,Daerah: Perak<br>No:2965<br>Hex coord:(24;58),n/a,0,0,0,0,0,0,1,2022-08-07T20:16:28.6460066Z,0
5.02903,100.6993566,Daerah: Perak<br>No:2966<br>Hex coord:(25;58),n/a,0,0,0,0,0,0,1,2022-08-07T20:16:29.3321877Z,0
5.03681,100.7129033,Daerah: Perak<br>No:2967<br>Hex coord:(26;58),n/a,0,0,0,0,0,0,1,2022-08-07T20:16:30.0222500Z,0
5.02903,100.72645,Daerah: Perak<br>No:2968<br>Hex coord:(27;58),n/a,0,0,0,0,0,0,1,2022-08-07T20:16:30.7023478Z,0
5.03681,100.7399968,Daerah: Perak<br>No:2969<br>Hex coord:(28;58),n/a,0,0,0,0,0,0,1,2022-08-07T20:16:31.5294297Z,0
5.02903,100.7535435,Daerah: Perak<br>No:2970<br>Hex coord:(29;58),n/a,0,0,0,0,0,0,1,2022-08-07T20:16:32.2926246Z,0
5.03681,100.7670902,Daerah: Perak<br>No:2971<br>Hex coord:(30;58),n/a,0,0,0,0,0,0,1,2022-08-07T20:16:32.9900613Z,0
5.02903,100.7806369,Daerah: Perak<br>No:2972<br>Hex coord:(31;58),n/a,0,0,0,0,0,0,1,2022-08-07T20:16:33.6975642Z,0
5.03681,100.7941836,Daerah: Perak<br>No:2973<br>Hex coord:(32;58),n/a,0,0,0,0,0,0,1,2022-08-07T20:16:34.3829631Z,0
5.02903,100.8077303,Daerah: Perak<br>No:2974<br>Hex coord:(33;58),n/a,0,0,0,0,0,0,1,2022-08-07T20:16:35.0802566Z,0
5.03681,100.821277,Daerah: Perak<br>No:2975<br>Hex coord:(34;58),n/a,0,0,0,0,0,0,1,2022-08-07T20:16:35.8068336Z,0
5.02903,100.8348237,Daerah: Perak<br>No:2976<br>Hex coord:(35;58),n/a,0,0,0,0,0,0,1,2022-08-07T20:16:36.5374563Z,0
5.03681,100.8483704,Daerah: Perak<br>No:2977<br>Hex coord:(36;58),n/a,0,0,0,0,0,0,1,2022-08-07T20:16:37.2463471Z,0
5.02903,100.8619171,Daerah: Perak<br>No:2978<br>Hex coord:(37;58),n/a,0,0,0,0,0,0,1,2022-08-07T20:16:37.9372095Z,0
5.03681,100.8754638,Daerah: Perak<br>No:2979<br>Hex coord:(38;58),n/a,0,0,0,0,0,0,1,2022-08-07T20:16:38.6273657Z,0
5.02903,100.8890105,Daerah: Perak<br>No:2980<br>Hex coord:(39;58),n/a,0,0,0,0,0,0,1,2022-08-07T20:16:39.3229322Z,0
5.03681,100.9025572,Daerah: Perak<br>No:2981<br>Hex coord:(40;58),n/a,0,0,0,0,0,0,1,2022-08-07T20:16:40.0182483Z,0
5.02903,100.9161039,Daerah: Perak<br>No:2982<br>Hex coord:(41;58),n/a,0,0,0,0,0,0,1,2022-08-07T20:16:40.7294976Z,0
5.03681,100.9296506,Daerah: Perak<br>No:2983<br>Hex coord:(42;58),n/a,0,0,0,0,0,0,1,2022-08-07T20:16:41.5642829Z,0
5.02903,100.9431973,Daerah: Perak<br>No:2984<br>Hex coord:(43;58),n/a,0,0,0,0,0,0,1,2022-08-07T20:16:42.2563573Z,0
5.03681,100.956744,Daerah: Perak<br>No:2985<br>Hex coord:(44;58),n/a,0,0,0,0,0,0,1,2022-08-07T20:16:42.9371220Z,0
5.02903,100.9702907,Daerah: Perak<br>No:2986<br>Hex coord:(45;58),n/a,0,0,0,0,0,0,1,2022-08-07T20:16:43.6702009Z,0
5.03681,100.9838374,Daerah: Perak<br>No:2987<br>Hex coord:(46;58),n/a,0,0,0,0,0,0,1,2022-08-07T20:16:44.3710914Z,0
5.02903,100.9973842,Daerah: Perak<br>No:2988<br>Hex coord:(47;58),n/a,0,0,0,0,0,0,1,2022-08-07T20:16:45.0722654Z,0
5.03681,101.0109309,Daerah: Perak<br>No:2989<br>Hex coord:(48;58),n/a,0,0,0,0,0,0,1,2022-08-07T20:16:45.7627865Z,0
5.02903,101.0244776,Daerah: Perak<br>No:2990<br>Hex coord:(49;58),n/a,0,0,0,0,0,0,1,2022-08-07T20:16:46.5060693Z,0
5.03681,101.0380243,Daerah: Perak<br>No:2991<br>Hex coord:(50;58),n/a,0,0,0,0,0,0,1,2022-08-07T20:16:47.2039520Z,0
5.02903,101.051571,Daerah: Perak<br>No:2992<br>Hex coord:(51;58),n/a,0,0,0,0,0,0,1,2022-08-07T20:16:47.8952860Z,0
5.03681,101.0651177,Daerah: Perak<br>No:2993<br>Hex coord:(52;58),n/a,0,0,0,0,0,0,1,2022-08-07T20:16:48.5810666Z,0
5.02903,101.0786644,Daerah: Perak<br>No:2994<br>Hex coord:(53;58),n/a,0,0,0,0,0,0,1,2022-08-07T20:16:49.2801516Z,0
5.03681,101.0922111,Daerah: Perak<br>No:2995<br>Hex coord:(54;58),n/a,0,0,0,0,0,0,1,2022-08-07T20:16:49.9765861Z,0
5.02903,101.1057578,Daerah: Perak<br>No:2996<br>Hex coord:(55;58),n/a,0,0,0,0,0,0,1,2022-08-07T20:16:50.6861627Z,0
5.03681,101.1193045,Daerah: Perak<br>No:2997<br>Hex coord:(56;58),n/a,0,0,0,0,0,0,1,2022-08-07T20:16:51.4311944Z,0
5.02903,101.1328512,Daerah: Perak<br>No:2998<br>Hex coord:(57;58),n/a,0,0,0,0,0,0,1,2022-08-07T20:16:52.1274536Z,0
5.03681,101.1463979,Daerah: Perak<br>No:2999<br>Hex coord:(58;58),n/a,0,0,0,0,0,0,1,2022-08-07T20:16:52.8182667Z,0
5.02903,101.1599446,Daerah: Perak<br>No:3000<br>Hex coord:(59;58),n/a,0,0,0,0,0,0,1,2022-08-07T20:16:53.4983662Z,0
5.03681,101.1734913,Daerah: Perak<br>No:3001<br>Hex coord:(60;58),n/a,0,0,0,0,0,0,1,2022-08-07T20:16:54.3533349Z,0
5.02903,101.187038,Daerah: Perak<br>No:3002<br>Hex coord:(61;58),n/a,0,0,0,0,0,0,1,2022-08-07T20:16:55.0195012Z,0
5.03681,101.2005847,Daerah: Perak<br>No:3003<br>Hex coord:(62;58),n/a,0,0,0,0,0,0,1,2022-08-07T20:16:55.6973953Z,0
5.02903,101.2141314,Daerah: Perak<br>No:3004<br>Hex coord:(63;58),n/a,0,0,0,0,0,0,1,2022-08-07T20:16:56.3895684Z,0
5.03681,101.2276781,Daerah: Perak<br>No:3005<br>Hex coord:(64;58),n/a,0,0,0,0,0,0,1,2022-08-07T20:16:57.0785848Z,0
5.02903,101.2412249,Daerah: Perak<br>No:3006<br>Hex coord:(65;58),n/a,0,0,0,0,0,0,1,2022-08-07T20:16:57.7510720Z,0
5.03681,101.2547716,Daerah: Perak<br>No:3007<br>Hex coord:(66;58),n/a,0,0,0,0,0,0,1,2022-08-07T20:16:58.4338686Z,0
5.02903,101.2683183,Daerah: Perak<br>No:3008<br>Hex coord:(67;58),n/a,0,0,0,0,0,0,1,2022-08-07T20:16:59.1560431Z,0
5.03681,101.281865,Daerah: Perak<br>No:3009<br>Hex coord:(68;58),n/a,0,0,0,0,0,0,1,2022-08-07T20:16:59.8355523Z,0
5.02903,101.2954117,Daerah: Perak<br>No:3010<br>Hex coord:(69;58),n/a,0,0,0,0,0,0,1,2022-08-07T20:17:00.5036659Z,0
5.03681,101.3089584,Daerah: Perak<br>No:3011<br>Hex coord:(70;58),n/a,0,0,0,0,0,0,1,2022-08-07T20:17:01.1874864Z,0
5.02903,101.3225051,Daerah: Perak<br>No:3012<br>Hex coord:(71;58),n/a,0,0,0,0,0,0,1,2022-08-07T20:17:01.8679067Z,0
5.03681,101.3360518,Daerah: Perak<br>No:3013<br>Hex coord:(72;58),n/a,0,0,0,0,0,0,1,2022-08-07T20:17:02.5530904Z,0
5.02903,101.3495985,Daerah: Perak<br>No:3014<br>Hex coord:(73;58),n/a,0,0,0,0,0,0,1,2022-08-07T20:17:03.2368150Z,0
5.03681,101.3631452,Daerah: Perak<br>No:3015<br>Hex coord:(74;58),n/a,0,0,0,0,0,0,1,2022-08-07T20:17:03.9579725Z,0
5.02903,101.3766919,Daerah: Perak<br>No:3016<br>Hex coord:(75;58),n/a,0,0,0,0,0,0,1,2022-08-07T20:17:04.6613801Z,0
5.03681,101.3902386,Daerah: Perak<br>No:3017<br>Hex coord:(76;58),n/a,0,0,0,0,0,0,1,2022-08-07T20:17:05.3412621Z,0
5.02903,101.4037853,Daerah: Perak<br>No:3018<br>Hex coord:(77;58),n/a,0,0,0,0,0,0,1,2022-08-07T20:17:06.0177392Z,0
5.03681,101.417332,Daerah: Perak<br>No:3019<br>Hex coord:(78;58),n/a,0,0,0,0,0,0,1,2022-08-07T20:17:06.6879456Z,0
5.02903,101.4308787,Daerah: Perak<br>No:3020<br>Hex coord:(79;58),n/a,0,0,0,0,0,0,1,2022-08-07T20:17:07.3730121Z,0
5.03681,101.4444254,Daerah: Perak<br>No:3021<br>Hex coord:(80;58),n/a,0,0,0,0,0,0,1,2022-08-07T20:17:08.0382160Z,0
5.01347,100.4013291,Daerah: Perak<br>No:3022<br>Hex coord:(3;59),n/a,0,0,0,0,0,0,1,2022-08-07T20:17:08.7267916Z,0
5.02125,100.4148758,Daerah: Perak<br>No:3023<br>Hex coord:(4;59),n/a,0,0,0,0,0,0,1,2022-08-07T20:17:09.4069743Z,0
5.01347,100.4284225,Daerah: Perak<br>No:3024<br>Hex coord:(5;59),n/a,2,0,0,0,0,0,1,2022-08-07T20:17:10.0954007Z,0
5.02125,100.4419692,Daerah: Perak<br>No:3025<br>Hex coord:(6;59),n/a,4,0,0,0,0,0,1,2022-08-07T20:17:10.7720849Z,0
5.01347,100.4555159,Daerah: Perak<br>No:3026<br>Hex coord:(7;59),n/a,0,0,0,0,0,0,1,2022-08-07T20:17:11.4564382Z,0
5.02125,100.4690626,Daerah: Perak<br>No:3027<br>Hex coord:(8;59),n/a,0,0,0,0,0,0,1,2022-08-07T20:17:12.1375262Z,0
5.01347,100.4826093,Daerah: Perak<br>No:3028<br>Hex coord:(9;59),n/a,3,0,0,0,0,0,1,2022-08-07T20:17:12.8271916Z,0
5.02125,100.4961561,Daerah: Perak<br>No:3029<br>Hex coord:(10;59),n/a,5,0,0,0,0,0,1,2022-08-07T20:17:13.5233563Z,0
5.01347,100.5097028,Daerah: Perak<br>No:3030<br>Hex coord:(11;59),n/a,6,0,0,0,0,0,1,2022-08-07T20:17:14.1954003Z,0
5.02125,100.5232495,Daerah: Perak<br>No:3031<br>Hex coord:(12;59),n/a,4,0,0,0,0,0,1,2022-08-07T20:17:14.8733614Z,0
5.01347,100.5367962,Daerah: Perak<br>No:3032<br>Hex coord:(13;59),n/a,10,0,0,0,0,0,1,2022-08-07T20:17:15.5597569Z,0
5.02125,100.5503429,Daerah: Perak<br>No:3033<br>Hex coord:(14;59),n/a,0,0,0,0,0,0,1,2022-08-07T20:17:16.2385308Z,0
5.01347,100.5638896,Daerah: Perak<br>No:3034<br>Hex coord:(15;59),n/a,0,0,0,0,0,0,1,2022-08-07T20:17:16.9143023Z,0
5.02125,100.5774363,Daerah: Perak<br>No:3035<br>Hex coord:(16;59),n/a,0,0,0,0,0,0,1,2022-08-07T20:17:17.5973909Z,0
5.01347,100.590983,Daerah: Perak<br>No:3036<br>Hex coord:(17;59),n/a,0,0,0,0,0,0,1,2022-08-07T20:17:18.2796421Z,0
5.02125,100.6045297,Daerah: Perak<br>No:3037<br>Hex coord:(18;59),n/a,0,0,0,0,0,0,1,2022-08-07T20:17:19.0188040Z,0
5.01347,100.6180764,Daerah: Perak<br>No:3038<br>Hex coord:(19;59),n/a,0,0,0,0,0,0,1,2022-08-07T20:17:19.6911830Z,0
5.02125,100.6316231,Daerah: Perak<br>No:3039<br>Hex coord:(20;59),n/a,0,0,0,0,0,0,1,2022-08-07T20:17:20.3754043Z,0
5.01347,100.6451698,Daerah: Perak<br>No:3040<br>Hex coord:(21;59),n/a,1,0,0,0,0,0,1,2022-08-07T20:17:21.0500769Z,0
5.02125,100.6587165,Daerah: Perak<br>No:3041<br>Hex coord:(22;59),n/a,0,0,0,0,0,0,1,2022-08-07T20:17:21.7352589Z,0
5.01347,100.6722632,Daerah: Perak<br>No:3042<br>Hex coord:(23;59),n/a,0,0,0,0,0,0,1,2022-08-07T20:17:22.4179823Z,0
5.02125,100.6858099,Daerah: Perak<br>No:3043<br>Hex coord:(24;59),n/a,0,0,0,0,0,0,1,2022-08-07T20:17:23.0914367Z,0
5.01347,100.6993566,Daerah: Perak<br>No:3044<br>Hex coord:(25;59),n/a,3,0,0,0,0,0,1,2022-08-07T20:17:23.8116214Z,0
5.02125,100.7129033,Daerah: Perak<br>No:3045<br>Hex coord:(26;59),n/a,0,0,0,0,0,0,1,2022-08-07T20:17:24.4907610Z,0
5.01347,100.72645,Daerah: Perak<br>No:3046<br>Hex coord:(27;59),n/a,0,0,0,0,0,0,1,2022-08-07T20:17:25.1627173Z,0
5.02125,100.7399968,Daerah: Perak<br>No:3047<br>Hex coord:(28;59),n/a,0,0,0,0,0,0,1,2022-08-07T20:17:25.8582376Z,0
5.01347,100.7535435,Daerah: Perak<br>No:3048<br>Hex coord:(29;59),n/a,0,0,0,0,0,0,1,2022-08-07T20:17:26.5458997Z,0
5.02125,100.7670902,Daerah: Perak<br>No:3049<br>Hex coord:(30;59),n/a,0,0,0,0,0,0,1,2022-08-07T20:17:27.2317115Z,0
5.01347,100.7806369,Daerah: Perak<br>No:3050<br>Hex coord:(31;59),n/a,0,0,0,0,0,0,1,2022-08-07T20:17:27.9071990Z,0
5.02125,100.7941836,Daerah: Perak<br>No:3051<br>Hex coord:(32;59),n/a,0,0,0,0,0,0,1,2022-08-07T20:17:28.5899697Z,0
5.01347,100.8077303,Daerah: Perak<br>No:3052<br>Hex coord:(33;59),n/a,0,0,0,0,0,0,1,2022-08-07T20:17:29.2601995Z,0
5.02125,100.821277,Daerah: Perak<br>No:3053<br>Hex coord:(34;59),n/a,0,0,0,0,0,0,1,2022-08-07T20:17:29.9331848Z,0
5.01347,100.8348237,Daerah: Perak<br>No:3054<br>Hex coord:(35;59),n/a,0,0,0,0,0,0,1,2022-08-07T20:17:30.6254013Z,0
5.02125,100.8483704,Daerah: Perak<br>No:3055<br>Hex coord:(36;59),n/a,0,0,0,0,0,0,1,2022-08-07T20:17:31.3016152Z,0
5.01347,100.8619171,Daerah: Perak<br>No:3056<br>Hex coord:(37;59),n/a,0,0,0,0,0,0,1,2022-08-07T20:17:31.9683297Z,0
5.02125,100.8754638,Daerah: Perak<br>No:3057<br>Hex coord:(38;59),n/a,0,0,0,0,0,0,1,2022-08-07T20:17:32.6532649Z,0
5.01347,100.8890105,Daerah: Perak<br>No:3058<br>Hex coord:(39;59),n/a,0,0,0,0,0,0,1,2022-08-07T20:17:33.3260735Z,0
5.02125,100.9025572,Daerah: Perak<br>No:3059<br>Hex coord:(40;59),n/a,0,0,0,0,0,0,1,2022-08-07T20:17:34.0704847Z,0
5.01347,100.9161039,Daerah: Perak<br>No:3060<br>Hex coord:(41;59),n/a,0,0,0,0,0,0,1,2022-08-07T20:17:34.7506244Z,0
5.02125,100.9296506,Daerah: Perak<br>No:3061<br>Hex coord:(42;59),n/a,0,0,0,0,0,0,1,2022-08-07T20:17:35.4295603Z,0
5.01347,100.9431973,Daerah: Perak<br>No:3062<br>Hex coord:(43;59),n/a,0,0,0,0,0,0,1,2022-08-07T20:17:36.1075508Z,0
5.02125,100.956744,Daerah: Perak<br>No:3063<br>Hex coord:(44;59),n/a,1,0,0,0,0,0,1,2022-08-07T20:17:36.8045149Z,0
5.01347,100.9702907,Daerah: Perak<br>No:3064<br>Hex coord:(45;59),n/a,0,0,0,0,0,0,1,2022-08-07T20:17:37.4786871Z,0
5.02125,100.9838374,Daerah: Perak<br>No:3065<br>Hex coord:(46;59),n/a,0,0,0,0,0,0,1,2022-08-07T20:17:38.1545431Z,0
5.01347,100.9973842,Daerah: Perak<br>No:3066<br>Hex coord:(47;59),n/a,0,0,0,0,0,0,1,2022-08-07T20:17:38.9042958Z,0
5.02125,101.0109309,Daerah: Perak<br>No:3067<br>Hex coord:(48;59),n/a,0,0,0,0,0,0,1,2022-08-07T20:17:39.5820831Z,0
5.01347,101.0244776,Daerah: Perak<br>No:3068<br>Hex coord:(49;59),n/a,0,0,0,0,0,0,1,2022-08-07T20:17:40.2613286Z,0
5.02125,101.0380243,Daerah: Perak<br>No:3069<br>Hex coord:(50;59),n/a,0,0,0,0,0,0,1,2022-08-07T20:17:40.9337096Z,0
5.01347,101.051571,Daerah: Perak<br>No:3070<br>Hex coord:(51;59),n/a,0,0,0,0,0,0,1,2022-08-07T20:17:41.6013139Z,0
5.02125,101.0651177,Daerah: Perak<br>No:3071<br>Hex coord:(52;59),n/a,0,0,0,0,0,0,1,2022-08-07T20:17:42.2736426Z,0
5.01347,101.0786644,Daerah: Perak<br>No:3072<br>Hex coord:(53;59),n/a,0,0,0,0,0,0,1,2022-08-07T20:17:42.9467377Z,0
5.02125,101.0922111,Daerah: Perak<br>No:3073<br>Hex coord:(54;59),n/a,0,0,0,0,0,0,1,2022-08-07T20:17:43.6163069Z,0
5.01347,101.1057578,Daerah: Perak<br>No:3074<br>Hex coord:(55;59),n/a,0,0,0,0,0,0,1,2022-08-07T20:17:44.3133593Z,0
5.02125,101.1193045,Daerah: Perak<br>No:3075<br>Hex coord:(56;59),n/a,0,0,0,0,0,0,1,2022-08-07T20:17:44.9994629Z,0
5.01347,101.1328512,Daerah: Perak<br>No:3076<br>Hex coord:(57;59),n/a,0,0,0,0,0,0,1,2022-08-07T20:17:45.6798115Z,0
5.02125,101.1463979,Daerah: Perak<br>No:3077<br>Hex coord:(58;59),n/a,0,0,0,0,0,0,1,2022-08-07T20:17:51.1934771Z,0
5.01347,101.1599446,Daerah: Perak<br>No:3078<br>Hex coord:(59;59),n/a,0,0,0,0,0,0,1,2022-08-07T20:17:51.8663038Z,0
5.02125,101.1734913,Daerah: Perak<br>No:3079<br>Hex coord:(60;59),n/a,0,0,0,0,0,0,1,2022-08-07T20:17:52.5493414Z,0
5.01347,101.187038,Daerah: Perak<br>No:3080<br>Hex coord:(61;59),n/a,0,0,0,0,0,0,1,2022-08-07T20:17:53.2378111Z,0
5.02125,101.2005847,Daerah: Perak<br>No:3081<br>Hex coord:(62;59),n/a,0,0,0,0,0,0,1,2022-08-07T20:17:53.9196704Z,0
5.01347,101.2141314,Daerah: Perak<br>No:3082<br>Hex coord:(63;59),n/a,0,0,0,0,0,0,1,2022-08-07T20:17:54.6152525Z,0
5.02125,101.2276781,Daerah: Perak<br>No:3083<br>Hex coord:(64;59),n/a,0,0,0,0,0,0,1,2022-08-07T20:17:55.2965734Z,0
5.01347,101.2412249,Daerah: Perak<br>No:3084<br>Hex coord:(65;59),n/a,0,0,0,0,0,0,1,2022-08-07T20:17:58.7367021Z,0
5.02125,101.2547716,Daerah: Perak<br>No:3085<br>Hex coord:(66;59),n/a,0,0,0,0,0,0,1,2022-08-07T20:17:59.4249717Z,0
5.01347,101.2683183,Daerah: Perak<br>No:3086<br>Hex coord:(67;59),n/a,0,0,0,0,0,0,1,2022-08-07T20:18:00.1064891Z,0
5.02125,101.281865,Daerah: Perak<br>No:3087<br>Hex coord:(68;59),n/a,0,0,0,0,0,0,1,2022-08-07T20:18:00.7767446Z,0
5.01347,101.2954117,Daerah: Perak<br>No:3088<br>Hex coord:(69;59),n/a,5,0,0,0,0,0,1,2022-08-07T20:18:01.4973421Z,0
5.02125,101.3089584,Daerah: Perak<br>No:3089<br>Hex coord:(70;59),n/a,0,0,0,0,0,0,1,2022-08-07T20:18:02.1668449Z,0
5.01347,101.3225051,Daerah: Perak<br>No:3090<br>Hex coord:(71;59),n/a,0,0,0,0,0,0,1,2022-08-07T20:18:02.8362062Z,0
5.02125,101.3360518,Daerah: Perak<br>No:3091<br>Hex coord:(72;59),n/a,0,0,0,0,0,0,1,2022-08-07T20:18:03.5134473Z,0
5.01347,101.3495985,Daerah: Perak<br>No:3092<br>Hex coord:(73;59),n/a,0,0,0,0,0,0,1,2022-08-07T20:18:04.1792650Z,0
5.02125,101.3631452,Daerah: Perak<br>No:3093<br>Hex coord:(74;59),n/a,0,0,0,0,0,0,1,2022-08-07T20:18:04.8532030Z,0
5.01347,101.3766919,Daerah: Perak<br>No:3094<br>Hex coord:(75;59),n/a,0,0,0,0,0,0,1,2022-08-07T20:18:05.5316435Z,0
5.02125,101.3902386,Daerah: Perak<br>No:3095<br>Hex coord:(76;59),n/a,0,0,0,0,0,0,1,2022-08-07T20:18:06.2673228Z,0
5.01347,101.4037853,Daerah: Perak<br>No:3096<br>Hex coord:(77;59),n/a,0,0,0,0,0,0,1,2022-08-07T20:18:06.9449649Z,0
5.02125,101.417332,Daerah: Perak<br>No:3097<br>Hex coord:(78;59),n/a,0,0,0,0,0,0,1,2022-08-07T20:18:07.6182173Z,0
5.01347,101.4308787,Daerah: Perak<br>No:3098<br>Hex coord:(79;59),n/a,0,0,0,0,0,0,1,2022-08-07T20:18:08.2803962Z,0
5.02125,101.4444254,Daerah: Perak<br>No:3099<br>Hex coord:(80;59),n/a,0,0,0,0,0,0,1,2022-08-07T20:18:08.9644884Z,0
5.00569,100.4148758,Daerah: Perak<br>No:3100<br>Hex coord:(4;60),n/a,1,0,0,0,0,0,1,2022-08-07T20:18:09.6426836Z,0
4.99791,100.4284225,Daerah: Perak<br>No:3101<br>Hex coord:(5;60),n/a,0,0,0,0,0,0,1,2022-08-07T20:18:10.3355599Z,0
5.00569,100.4419692,Daerah: Perak<br>No:3102<br>Hex coord:(6;60),n/a,4,0,0,0,0,0,1,2022-08-07T20:18:11.1121138Z,0
4.99791,100.4555159,Daerah: Perak<br>No:3103<br>Hex coord:(7;60),n/a,0,0,0,0,0,0,1,2022-08-07T20:18:11.7978136Z,0
5.00569,100.4690626,Daerah: Perak<br>No:3104<br>Hex coord:(8;60),n/a,0,0,0,0,0,0,1,2022-08-07T20:18:12.4772405Z,0
4.99791,100.4826093,Daerah: Perak<br>No:3105<br>Hex coord:(9;60),n/a,0,0,0,0,0,0,1,2022-08-07T20:18:13.1469246Z,0
5.00569,100.4961561,Daerah: Perak<br>No:3106<br>Hex coord:(10;60),n/a,2,0,0,0,0,0,1,2022-08-07T20:18:13.8230459Z,0
4.99791,100.5097028,Daerah: Perak<br>No:3107<br>Hex coord:(11;60),n/a,0,0,0,0,0,0,1,2022-08-07T20:18:14.5016708Z,0
5.00569,100.5232495,Daerah: Perak<br>No:3108<br>Hex coord:(12;60),n/a,9,0,0,0,0,0,1,2022-08-07T20:18:15.1878437Z,0
4.99791,100.5367962,Daerah: Perak<br>No:3109<br>Hex coord:(13;60),n/a,1,0,0,0,0,0,1,2022-08-07T20:18:15.9244869Z,0
5.00569,100.5503429,Daerah: Perak<br>No:3110<br>Hex coord:(14;60),n/a,2,0,0,0,0,0,1,2022-08-07T20:18:16.6080108Z,0
4.99791,100.5638896,Daerah: Perak<br>No:3111<br>Hex coord:(15;60),n/a,2,0,0,0,0,0,1,2022-08-07T20:18:17.3235976Z,0
5.00569,100.5774363,Daerah: Perak<br>No:3112<br>Hex coord:(16;60),n/a,0,0,0,0,0,0,1,2022-08-07T20:18:17.9963265Z,0
4.99791,100.590983,Daerah: Perak<br>No:3113<br>Hex coord:(17;60),n/a,0,0,0,0,0,0,1,2022-08-07T20:18:18.6686395Z,0
5.00569,100.6045297,Daerah: Perak<br>No:3114<br>Hex coord:(18;60),n/a,0,0,0,0,0,0,1,2022-08-07T20:18:19.3328882Z,0
4.99791,100.6180764,Daerah: Perak<br>No:3115<br>Hex coord:(19;60),n/a,0,0,0,0,0,0,1,2022-08-07T20:18:20.0251344Z,0
5.00569,100.6316231,Daerah: Perak<br>No:3116<br>Hex coord:(20;60),n/a,0,0,0,0,0,0,1,2022-08-07T20:18:20.6944580Z,0
4.99791,100.6451698,Daerah: Perak<br>No:3117<br>Hex coord:(21;60),n/a,0,0,0,0,0,0,1,2022-08-07T20:18:21.4172840Z,0
5.00569,100.6587165,Daerah: Perak<br>No:3118<br>Hex coord:(22;60),n/a,0,0,0,0,0,0,1,2022-08-07T20:18:22.0953161Z,0
4.99791,100.6722632,Daerah: Perak<br>No:3119<br>Hex coord:(23;60),n/a,0,0,0,0,0,0,1,2022-08-07T20:18:22.7709042Z,0
5.00569,100.6858099,Daerah: Perak<br>No:3120<br>Hex coord:(24;60),n/a,3,0,0,0,0,0,1,2022-08-07T20:18:23.4351409Z,0
4.99791,100.6993566,Daerah: Perak<br>No:3121<br>Hex coord:(25;60),n/a,0,0,0,0,0,0,1,2022-08-07T20:18:24.1086382Z,0
5.00569,100.7129033,Daerah: Perak<br>No:3122<br>Hex coord:(26;60),n/a,0,0,0,0,0,0,1,2022-08-07T20:18:24.7876102Z,0
4.99791,100.72645,Daerah: Perak<br>No:3123<br>Hex coord:(27;60),n/a,0,0,0,0,0,0,1,2022-08-07T20:18:25.4695784Z,0
5.00569,100.7399968,Daerah: Perak<br>No:3124<br>Hex coord:(28;60),n/a,0,0,0,0,0,0,1,2022-08-07T20:18:26.1950927Z,0
4.99791,100.7535435,Daerah: Perak<br>No:3125<br>Hex coord:(29;60),n/a,0,0,0,0,0,0,1,2022-08-07T20:18:26.8775606Z,0
5.00569,100.7670902,Daerah: Perak<br>No:3126<br>Hex coord:(30;60),n/a,0,0,0,0,0,0,1,2022-08-07T20:18:27.5513143Z,0
4.99791,100.7806369,Daerah: Perak<br>No:3127<br>Hex coord:(31;60),n/a,0,0,0,0,0,0,1,2022-08-07T20:18:28.2286679Z,0
5.00569,100.7941836,Daerah: Perak<br>No:3128<br>Hex coord:(32;60),n/a,0,0,0,0,0,0,1,2022-08-07T20:18:28.9023257Z,0
4.99791,100.8077303,Daerah: Perak<br>No:3129<br>Hex coord:(33;60),n/a,0,0,0,0,0,0,1,2022-08-07T20:18:29.5963802Z,0
5.00569,100.821277,Daerah: Perak<br>No:3130<br>Hex coord:(34;60),n/a,0,0,0,0,0,0,1,2022-08-07T20:18:30.2752180Z,0
4.99791,100.8348237,Daerah: Perak<br>No:3131<br>Hex coord:(35;60),n/a,0,0,0,0,0,0,1,2022-08-07T20:18:31.0028764Z,0
5.00569,100.8483704,Daerah: Perak<br>No:3132<br>Hex coord:(36;60),n/a,0,0,0,0,0,0,1,2022-08-07T20:18:31.6878357Z,0
4.99791,100.8619171,Daerah: Perak<br>No:3133<br>Hex coord:(37;60),n/a,0,0,0,0,0,0,1,2022-08-07T20:18:32.3623979Z,0
5.00569,100.8754638,Daerah: Perak<br>No:3134<br>Hex coord:(38;60),n/a,0,0,0,0,0,0,1,2022-08-07T20:18:33.0388725Z,0
4.99791,100.8890105,Daerah: Perak<br>No:3135<br>Hex coord:(39;60),n/a,0,0,0,0,0,0,1,2022-08-07T20:18:33.7180662Z,0
5.00569,100.9025572,Daerah: Perak<br>No:3136<br>Hex coord:(40;60),n/a,0,0,0,0,0,0,1,2022-08-07T20:18:34.4064128Z,0
4.99791,100.9161039,Daerah: Perak<br>No:3137<br>Hex coord:(41;60),n/a,0,0,0,0,0,0,1,2022-08-07T20:18:35.0982404Z,0
5.00569,100.9296506,Daerah: Perak<br>No:3138<br>Hex coord:(42;60),n/a,0,0,0,0,0,0,1,2022-08-07T20:18:35.7807205Z,0
4.99791,100.9431973,Daerah: Perak<br>No:3139<br>Hex coord:(43;60),n/a,1,0,0,0,0,0,1,2022-08-07T20:18:36.4710701Z,0
5.00569,100.956744,Daerah: Perak<br>No:3140<br>Hex coord:(44;60),n/a,1,0,0,0,0,0,1,2022-08-07T20:18:37.1438859Z,0
4.99791,100.9702907,Daerah: Perak<br>No:3141<br>Hex coord:(45;60),n/a,1,0,0,0,0,0,1,2022-08-07T20:18:37.8335027Z,0
5.00569,100.9838374,Daerah: Perak<br>No:3142<br>Hex coord:(46;60),n/a,0,0,0,0,0,0,1,2022-08-07T20:18:38.5033751Z,0
4.99791,100.9973842,Daerah: Perak<br>No:3143<br>Hex coord:(47;60),n/a,0,0,0,0,0,0,1,2022-08-07T20:18:39.1833184Z,0
5.00569,101.0109309,Daerah: Perak<br>No:3144<br>Hex coord:(48;60),n/a,0,0,0,0,0,0,1,2022-08-07T20:18:39.8468679Z,0
4.99791,101.0244776,Daerah: Perak<br>No:3145<br>Hex coord:(49;60),n/a,0,0,0,0,0,0,1,2022-08-07T20:18:40.5156752Z,0
5.00569,101.0380243,Daerah: Perak<br>No:3146<br>Hex coord:(50;60),n/a,0,0,0,0,0,0,1,2022-08-07T20:18:41.3709250Z,0
4.99791,101.051571,Daerah: Perak<br>No:3147<br>Hex coord:(51;60),n/a,0,0,0,0,0,0,1,2022-08-07T20:18:42.0457039Z,0
5.00569,101.0651177,Daerah: Perak<br>No:3148<br>Hex coord:(52;60),n/a,0,0,0,0,0,0,1,2022-08-07T20:18:42.7356734Z,0
4.99791,101.0786644,Daerah: Perak<br>No:3149<br>Hex coord:(53;60),n/a,0,0,0,0,0,0,1,2022-08-07T20:18:43.4211241Z,0
5.00569,101.0922111,Daerah: Perak<br>No:3150<br>Hex coord:(54;60),n/a,0,0,0,0,0,0,1,2022-08-07T20:18:44.0944497Z,0
4.99791,101.1057578,Daerah: Perak<br>No:3151<br>Hex coord:(55;60),n/a,0,0,0,0,0,0,1,2022-08-07T20:18:44.7698330Z,0
5.00569,101.1193045,Daerah: Perak<br>No:3152<br>Hex coord:(56;60),n/a,0,0,0,0,0,0,1,2022-08-07T20:18:45.4465878Z,0
4.99791,101.1328512,Daerah: Perak<br>No:3153<br>Hex coord:(57;60),n/a,1,0,0,0,0,0,1,2022-08-07T20:18:46.3891734Z,0
5.00569,101.1463979,Daerah: Perak<br>No:3154<br>Hex coord:(58;60),n/a,0,0,0,0,0,0,1,2022-08-07T20:18:47.0746276Z,0
4.99791,101.1599446,Daerah: Perak<br>No:3155<br>Hex coord:(59;60),n/a,0,0,0,0,0,0,1,2022-08-07T20:18:47.7546559Z,0
5.00569,101.1734913,Daerah: Perak<br>No:3156<br>Hex coord:(60;60),n/a,0,0,0,0,0,0,1,2022-08-07T20:18:48.4385526Z,0
4.99791,101.187038,Daerah: Perak<br>No:3157<br>Hex coord:(61;60),n/a,0,0,0,0,0,0,1,2022-08-07T20:18:49.1083240Z,0
5.00569,101.2005847,Daerah: Perak<br>No:3158<br>Hex coord:(62;60),n/a,0,0,0,0,0,0,1,2022-08-07T20:18:49.7977623Z,0
4.99791,101.2141314,Daerah: Perak<br>No:3159<br>Hex coord:(63;60),n/a,0,0,0,0,0,0,1,2022-08-07T20:18:50.4758580Z,0
5.00569,101.2276781,Daerah: Perak<br>No:3160<br>Hex coord:(64;60),n/a,0,0,0,0,0,0,1,2022-08-07T20:18:51.2113292Z,0
4.99791,101.2412249,Daerah: Perak<br>No:3161<br>Hex coord:(65;60),n/a,0,0,0,0,0,0,1,2022-08-07T20:18:51.8857154Z,0
5.00569,101.2547716,Daerah: Perak<br>No:3162<br>Hex coord:(66;60),n/a,0,0,0,0,0,0,1,2022-08-07T20:18:52.5636533Z,0
4.99791,101.2683183,Daerah: Perak<br>No:3163<br>Hex coord:(67;60),n/a,0,0,0,0,0,0,1,2022-08-07T20:18:53.2496417Z,0
5.00569,101.281865,Daerah: Perak<br>No:3164<br>Hex coord:(68;60),n/a,0,0,0,0,0,0,1,2022-08-07T20:18:53.9325452Z,0
4.99791,101.2954117,Daerah: Perak<br>No:3165<br>Hex coord:(69;60),n/a,0,0,0,0,0,0,1,2022-08-07T20:18:54.6056640Z,0
5.00569,101.3089584,Daerah: Perak<br>No:3166<br>Hex coord:(70;60),n/a,0,0,0,0,0,0,1,2022-08-07T20:18:55.2774542Z,0
4.99791,101.3225051,Daerah: Perak<br>No:3167<br>Hex coord:(71;60),n/a,0,0,0,0,0,0,1,2022-08-07T20:18:56.0032378Z,0
5.00569,101.3360518,Daerah: Perak<br>No:3168<br>Hex coord:(72;60),n/a,0,0,0,0,0,0,1,2022-08-07T20:18:56.6815368Z,0
4.99791,101.3495985,Daerah: Perak<br>No:3169<br>Hex coord:(73;60),n/a,0,0,0,0,0,0,1,2022-08-07T20:18:57.3569945Z,0
5.00569,101.3631452,Daerah: Perak<br>No:3170<br>Hex coord:(74;60),n/a,0,0,0,0,0,0,1,2022-08-07T20:18:58.0221794Z,0
4.99791,101.3766919,Daerah: Perak<br>No:3171<br>Hex coord:(75;60),n/a,0,0,0,0,0,0,1,2022-08-07T20:18:58.6902349Z,0
5.00569,101.3902386,Daerah: Perak<br>No:3172<br>Hex coord:(76;60),n/a,0,0,0,0,0,0,1,2022-08-07T20:18:59.3653998Z,0
4.99791,101.4037853,Daerah: Perak<br>No:3173<br>Hex coord:(77;60),n/a,0,0,0,0,0,0,1,2022-08-07T20:19:00.0411045Z,0
5.00569,101.417332,Daerah: Perak<br>No:3174<br>Hex coord:(78;60),n/a,0,0,0,0,0,0,1,2022-08-07T20:19:00.7122678Z,0
5.00569,101.4444254,Daerah: Perak<br>No:3175<br>Hex coord:(80;60),n/a,0,0,0,0,0,0,1,2022-08-07T20:19:01.4353137Z,0
4.98235,100.4284225,Daerah: Perak<br>No:3176<br>Hex coord:(5;61),n/a,0,0,0,0,0,0,1,2022-08-07T20:19:02.1145916Z,0
4.99013,100.4419692,Daerah: Perak<br>No:3177<br>Hex coord:(6;61),n/a,0,0,0,0,0,0,1,2022-08-07T20:19:02.7985002Z,0
4.98235,100.4555159,Daerah: Perak<br>No:3178<br>Hex coord:(7;61),n/a,0,0,0,0,0,0,1,2022-08-07T20:19:03.4823940Z,0
4.99013,100.4690626,Daerah: Perak<br>No:3179<br>Hex coord:(8;61),n/a,0,0,0,0,0,0,1,2022-08-07T20:19:04.1685633Z,0
4.98235,100.4826093,Daerah: Perak<br>No:3180<br>Hex coord:(9;61),n/a,0,0,0,0,0,0,1,2022-08-07T20:19:04.8370838Z,0
4.99013,100.4961561,Daerah: Perak<br>No:3181<br>Hex coord:(10;61),n/a,0,0,0,0,0,0,1,2022-08-07T20:19:05.5253654Z,0
4.98235,100.5097028,Daerah: Perak<br>No:3182<br>Hex coord:(11;61),n/a,0,0,0,0,0,0,1,2022-08-07T20:19:06.2883122Z,0
4.99013,100.5232495,Daerah: Perak<br>No:3183<br>Hex coord:(12;61),n/a,0,0,0,0,0,0,1,2022-08-07T20:19:06.9770272Z,0
4.98235,100.5367962,Daerah: Perak<br>No:3184<br>Hex coord:(13;61),n/a,0,0,0,0,0,0,1,2022-08-07T20:19:07.6609225Z,0
4.99013,100.5503429,Daerah: Perak<br>No:3185<br>Hex coord:(14;61),n/a,2,0,0,0,0,0,1,2022-08-07T20:19:08.3413974Z,0
4.98235,100.5638896,Daerah: Perak<br>No:3186<br>Hex coord:(15;61),n/a,0,0,0,0,0,0,1,2022-08-07T20:19:09.0302376Z,0
4.99013,100.5774363,Daerah: Perak<br>No:3187<br>Hex coord:(16;61),n/a,2,0,0,0,0,0,1,2022-08-07T20:19:09.7275571Z,0
4.98235,100.590983,Daerah: Perak<br>No:3188<br>Hex coord:(17;61),n/a,1,0,0,0,0,0,1,2022-08-07T20:19:10.4170551Z,0
4.99013,100.6045297,Daerah: Perak<br>No:3189<br>Hex coord:(18;61),n/a,0,0,0,0,0,0,1,2022-08-07T20:19:11.1517327Z,0
4.98235,100.6180764,Daerah: Perak<br>No:3190<br>Hex coord:(19;61),n/a,0,0,0,0,0,0,1,2022-08-07T20:19:11.8353746Z,0
4.99013,100.6316231,Daerah: Perak<br>No:3191<br>Hex coord:(20;61),n/a,0,0,0,0,0,0,1,2022-08-07T20:19:12.5169980Z,0
4.98235,100.6451698,Daerah: Perak<br>No:3192<br>Hex coord:(21;61),n/a,0,0,0,0,0,0,1,2022-08-07T20:19:13.1944310Z,0
4.99013,100.6587165,Daerah: Perak<br>No:3193<br>Hex coord:(22;61),n/a,0,0,0,0,0,0,1,2022-08-07T20:19:13.8770689Z,0
4.98235,100.6722632,Daerah: Perak<br>No:3194<br>Hex coord:(23;61),n/a,0,0,0,0,0,0,1,2022-08-07T20:19:14.5704306Z,0
4.99013,100.6858099,Daerah: Perak<br>No:3195<br>Hex coord:(24;61),n/a,0,0,0,0,0,0,1,2022-08-07T20:19:15.3091655Z,0
4.98235,100.6993566,Daerah: Perak<br>No:3196<br>Hex coord:(25;61),n/a,0,0,0,0,0,0,1,2022-08-07T20:19:15.9901624Z,0
4.99013,100.7129033,Daerah: Perak<br>No:3197<br>Hex coord:(26;61),n/a,0,0,0,0,0,0,1,2022-08-07T20:19:21.4602870Z,0
4.98235,100.72645,Daerah: Perak<br>No:3198<br>Hex coord:(27;61),n/a,0,0,0,0,0,0,1,2022-08-07T20:19:22.1391892Z,0
4.99013,100.7399968,Daerah: Perak<br>No:3199<br>Hex coord:(28;61),n/a,0,0,0,0,0,0,1,2022-08-07T20:19:22.8208147Z,0
4.98235,100.7535435,Daerah: Perak<br>No:3200<br>Hex coord:(29;61),n/a,0,0,0,0,0,0,1,2022-08-07T20:19:23.4922399Z,0
4.99013,100.7670902,Daerah: Perak<br>No:3201<br>Hex coord:(30;61),n/a,0,0,0,0,0,0,1,2022-08-07T20:19:24.1805182Z,0
4.98235,100.7806369,Daerah: Perak<br>No:3202<br>Hex coord:(31;61),n/a,0,0,0,0,0,0,1,2022-08-07T20:19:24.8563660Z,0
4.99013,100.7941836,Daerah: Perak<br>No:3203<br>Hex coord:(32;61),n/a,0,0,0,0,0,0,1,2022-08-07T20:19:25.5389528Z,0
4.98235,100.8077303,Daerah: Perak<br>No:3204<br>Hex coord:(33;61),n/a,0,0,0,0,0,0,1,2022-08-07T20:19:26.2622512Z,0
4.99013,100.821277,Daerah: Perak<br>No:3205<br>Hex coord:(34;61),n/a,0,0,0,0,0,0,1,2022-08-07T20:19:26.9414519Z,0
4.98235,100.8348237,Daerah: Perak<br>No:3206<br>Hex coord:(35;61),n/a,0,0,0,0,0,0,1,2022-08-07T20:19:27.6221824Z,0
4.99013,100.8483704,Daerah: Perak<br>No:3207<br>Hex coord:(36;61),n/a,0,0,0,0,0,0,1,2022-08-07T20:19:28.3087619Z,0
4.98235,100.8619171,Daerah: Perak<br>No:3208<br>Hex coord:(37;61),n/a,0,0,0,0,0,0,1,2022-08-07T20:19:28.9824847Z,0
4.99013,100.8754638,Daerah: Perak<br>No:3209<br>Hex coord:(38;61),n/a,0,0,0,0,0,0,1,2022-08-07T20:19:29.6638614Z,0
4.98235,100.8890105,Daerah: Perak<br>No:3210<br>Hex coord:(39;61),n/a,0,0,0,0,0,0,1,2022-08-07T20:19:30.3367139Z,0
4.99013,100.9025572,Daerah: Perak<br>No:3211<br>Hex coord:(40;61),n/a,0,0,0,0,0,0,1,2022-08-07T20:19:31.0610509Z,0
4.98235,100.9161039,Daerah: Perak<br>No:3212<br>Hex coord:(41;61),n/a,0,0,0,0,0,0,1,2022-08-07T20:19:31.7411439Z,0
4.99013,100.9296506,Daerah: Perak<br>No:3213<br>Hex coord:(42;61),n/a,0,0,0,0,0,0,1,2022-08-07T20:19:32.4235412Z,0
4.98235,100.9431973,Daerah: Perak<br>No:3214<br>Hex coord:(43;61),n/a,1,0,0,0,0,0,1,2022-08-07T20:19:33.1080425Z,0
4.99013,100.956744,Daerah: Perak<br>No:3215<br>Hex coord:(44;61),n/a,0,0,0,0,0,0,1,2022-08-07T20:19:33.7934072Z,0
4.98235,100.9702907,Daerah: Perak<br>No:3216<br>Hex coord:(45;61),n/a,0,0,0,0,0,0,1,2022-08-07T20:19:34.4684758Z,0
4.99013,100.9838374,Daerah: Perak<br>No:3217<br>Hex coord:(46;61),n/a,0,0,0,0,0,0,1,2022-08-07T20:19:35.1564932Z,0
4.98235,100.9973842,Daerah: Perak<br>No:3218<br>Hex coord:(47;61),n/a,0,0,0,0,0,0,1,2022-08-07T20:19:35.8937332Z,0
4.99013,101.0109309,Daerah: Perak<br>No:3219<br>Hex coord:(48;61),n/a,0,0,0,0,0,0,1,2022-08-07T20:19:36.5817474Z,0
4.98235,101.0244776,Daerah: Perak<br>No:3220<br>Hex coord:(49;61),n/a,0,0,0,0,0,0,1,2022-08-07T20:19:37.3528466Z,0
4.99013,101.0380243,Daerah: Perak<br>No:3221<br>Hex coord:(50;61),n/a,0,0,0,0,0,0,1,2022-08-07T20:19:38.0801515Z,0
4.98235,101.051571,Daerah: Perak<br>No:3222<br>Hex coord:(51;61),n/a,0,0,0,0,0,0,1,2022-08-07T20:19:38.7598638Z,0
4.99013,101.0651177,Daerah: Perak<br>No:3223<br>Hex coord:(52;61),n/a,0,0,0,0,0,0,1,2022-08-07T20:19:39.4500351Z,0
4.98235,101.0786644,Daerah: Perak<br>No:3224<br>Hex coord:(53;61),n/a,0,0,0,0,0,0,1,2022-08-07T20:19:40.1277173Z,0
4.99013,101.0922111,Daerah: Perak<br>No:3225<br>Hex coord:(54;61),n/a,0,0,0,0,0,0,1,2022-08-07T20:19:40.8091520Z,0
4.98235,101.1057578,Daerah: Perak<br>No:3226<br>Hex coord:(55;61),n/a,0,0,0,0,0,0,1,2022-08-07T20:19:41.5519171Z,0
4.99013,101.1193045,Daerah: Perak<br>No:3227<br>Hex coord:(56;61),n/a,0,0,0,0,0,0,1,2022-08-07T20:19:42.2526768Z,0
4.98235,101.1328512,Daerah: Perak<br>No:3228<br>Hex coord:(57;61),n/a,0,0,0,0,0,0,1,2022-08-07T20:19:42.9383539Z,0
4.99013,101.1463979,Daerah: Perak<br>No:3229<br>Hex coord:(58;61),n/a,1,0,0,0,0,0,1,2022-08-07T20:19:43.6493592Z,0
4.98235,101.1599446,Daerah: Perak<br>No:3230<br>Hex coord:(59;61),n/a,0,0,0,0,0,0,1,2022-08-07T20:19:44.3646467Z,0
4.99013,101.1734913,Daerah: Perak<br>No:3231<br>Hex coord:(60;61),n/a,0,0,0,0,0,0,1,2022-08-07T20:19:45.0400273Z,0
4.98235,101.187038,Daerah: Perak<br>No:3232<br>Hex coord:(61;61),n/a,0,0,0,0,0,0,1,2022-08-07T20:19:45.7127246Z,0
4.99013,101.2005847,Daerah: Perak<br>No:3233<br>Hex coord:(62;61),n/a,0,0,0,0,0,0,1,2022-08-07T20:19:46.7251331Z,0
4.98235,101.2141314,Daerah: Perak<br>No:3234<br>Hex coord:(63;61),n/a,0,0,0,0,0,0,1,2022-08-07T20:19:47.3920310Z,0
4.99013,101.2276781,Daerah: Perak<br>No:3235<br>Hex coord:(64;61),n/a,0,0,0,0,0,0,1,2022-08-07T20:19:48.0844935Z,0
4.98235,101.2412249,Daerah: Perak<br>No:3236<br>Hex coord:(65;61),n/a,0,0,0,0,0,0,1,2022-08-07T20:19:48.7577129Z,0
4.99013,101.2547716,Daerah: Perak<br>No:3237<br>Hex coord:(66;61),n/a,0,0,0,0,0,0,1,2022-08-07T20:19:49.5022795Z,0
4.98235,101.2683183,Daerah: Perak<br>No:3238<br>Hex coord:(67;61),n/a,0,0,0,0,0,0,1,2022-08-07T20:19:50.1869765Z,0
4.99013,101.281865,Daerah: Perak<br>No:3239<br>Hex coord:(68;61),n/a,0,0,0,0,0,0,1,2022-08-07T20:19:51.0465655Z,0
4.98235,101.2954117,Daerah: Perak<br>No:3240<br>Hex coord:(69;61),n/a,0,0,0,0,0,0,1,2022-08-07T20:19:51.7300829Z,0
4.99013,101.3089584,Daerah: Perak<br>No:3241<br>Hex coord:(70;61),n/a,0,0,0,0,0,0,1,2022-08-07T20:19:52.4002469Z,0
4.98235,101.3225051,Daerah: Perak<br>No:3242<br>Hex coord:(71;61),n/a,0,0,0,0,0,0,1,2022-08-07T20:19:53.0735404Z,0
4.99013,101.3360518,Daerah: Perak<br>No:3243<br>Hex coord:(72;61),n/a,0,0,0,0,0,0,1,2022-08-07T20:19:53.7479376Z,0
4.98235,101.3495985,Daerah: Perak<br>No:3244<br>Hex coord:(73;61),n/a,0,0,0,0,0,0,1,2022-08-07T20:19:54.4336870Z,0
4.99013,101.3631452,Daerah: Perak<br>No:3245<br>Hex coord:(74;61),n/a,0,0,0,0,0,0,1,2022-08-07T20:19:55.1194699Z,0
4.98235,101.3766919,Daerah: Perak<br>No:3246<br>Hex coord:(75;61),n/a,0,0,0,0,0,0,1,2022-08-07T20:19:55.7867880Z,0
4.99013,101.3902386,Daerah: Perak<br>No:3247<br>Hex coord:(76;61),n/a,0,0,0,0,0,0,1,2022-08-07T20:19:56.5612795Z,0
4.98235,101.4037853,Daerah: Perak<br>No:3248<br>Hex coord:(77;61),n/a,0,0,0,0,0,0,1,2022-08-07T20:19:57.3092844Z,0
4.99013,101.417332,Daerah: Perak<br>No:3249<br>Hex coord:(78;61),n/a,0,0,0,0,0,0,1,2022-08-07T20:19:57.9777654Z,0
4.96679,100.4284225,Daerah: Perak<br>No:3250<br>Hex coord:(5;62),n/a,0,0,0,0,0,0,1,2022-08-07T20:19:58.6618755Z,0
4.97457,100.4419692,Daerah: Perak<br>No:3251<br>Hex coord:(6;62),n/a,0,0,0,0,0,0,1,2022-08-07T20:19:59.3409454Z,0
4.96679,100.4555159,Daerah: Perak<br>No:3252<br>Hex coord:(7;62),n/a,0,0,0,0,0,0,1,2022-08-07T20:20:00.0154292Z,0
4.97457,100.4690626,Daerah: Perak<br>No:3253<br>Hex coord:(8;62),n/a,0,0,0,0,0,0,1,2022-08-07T20:20:00.7123757Z,0
4.96679,100.4826093,Daerah: Perak<br>No:3254<br>Hex coord:(9;62),n/a,0,0,0,0,0,0,1,2022-08-07T20:20:01.4527439Z,0
4.97457,100.4961561,Daerah: Perak<br>No:3255<br>Hex coord:(10;62),n/a,0,0,0,0,0,0,1,2022-08-07T20:20:02.1422201Z,0
4.96679,100.5097028,Daerah: Perak<br>No:3256<br>Hex coord:(11;62),n/a,0,0,0,0,0,0,1,2022-08-07T20:20:02.8206176Z,0
4.97457,100.5232495,Daerah: Perak<br>No:3257<br>Hex coord:(12;62),n/a,0,0,0,0,0,0,1,2022-08-07T20:20:03.4931824Z,0
4.96679,100.5367962,Daerah: Perak<br>No:3258<br>Hex coord:(13;62),n/a,4,0,0,0,0,0,1,2022-08-07T20:20:04.1672147Z,0
4.97457,100.5503429,Daerah: Perak<br>No:3259<br>Hex coord:(14;62),n/a,2,0,0,0,0,0,1,2022-08-07T20:20:04.8570041Z,0
4.96679,100.5638896,Daerah: Perak<br>No:3260<br>Hex coord:(15;62),n/a,0,0,0,0,0,0,1,2022-08-07T20:20:05.5226933Z,0
4.97457,100.5774363,Daerah: Perak<br>No:3261<br>Hex coord:(16;62),n/a,0,0,0,0,0,0,1,2022-08-07T20:20:06.2396462Z,0
4.96679,100.590983,Daerah: Perak<br>No:3262<br>Hex coord:(17;62),n/a,0,0,0,0,0,0,1,2022-08-07T20:20:06.9261464Z,0
4.97457,100.6045297,Daerah: Perak<br>No:3263<br>Hex coord:(18;62),n/a,0,0,0,0,0,0,1,2022-08-07T20:20:07.6076614Z,0
4.96679,100.6180764,Daerah: Perak<br>No:3264<br>Hex coord:(19;62),n/a,0,0,0,0,0,0,1,2022-08-07T20:20:08.2854954Z,0
4.97457,100.6316231,Daerah: Perak<br>No:3265<br>Hex coord:(20;62),n/a,0,0,0,0,0,0,1,2022-08-07T20:20:08.9641445Z,0
4.96679,100.6451698,Daerah: Perak<br>No:3266<br>Hex coord:(21;62),n/a,0,0,0,0,0,0,1,2022-08-07T20:20:09.6479789Z,0
4.97457,100.6587165,Daerah: Perak<br>No:3267<br>Hex coord:(22;62),n/a,0,0,0,0,0,0,1,2022-08-07T20:20:10.3253945Z,0
4.96679,100.6722632,Daerah: Perak<br>No:3268<br>Hex coord:(23;62),n/a,1,0,0,0,0,0,1,2022-08-07T20:20:11.0801604Z,0
4.97457,100.6858099,Daerah: Perak<br>No:3269<br>Hex coord:(24;62),n/a,0,0,0,0,0,0,1,2022-08-07T20:20:11.7584146Z,0
4.96679,100.6993566,Daerah: Perak<br>No:3270<br>Hex coord:(25;62),n/a,0,0,0,0,0,0,1,2022-08-07T20:20:12.4264662Z,0
4.97457,100.7129033,Daerah: Perak<br>No:3271<br>Hex coord:(26;62),n/a,0,0,0,0,0,0,1,2022-08-07T20:20:13.1100594Z,0
4.96679,100.72645,Daerah: Perak<br>No:3272<br>Hex coord:(27;62),n/a,0,0,0,0,0,0,1,2022-08-07T20:20:13.7904805Z,0
4.97457,100.7399968,Daerah: Perak<br>No:3273<br>Hex coord:(28;62),n/a,0,0,0,0,0,0,1,2022-08-07T20:20:14.4521783Z,0
4.96679,100.7535435,Daerah: Perak<br>No:3274<br>Hex coord:(29;62),n/a,0,0,0,0,0,0,1,2022-08-07T20:20:15.1402497Z,0
4.97457,100.7670902,Daerah: Perak<br>No:3275<br>Hex coord:(30;62),n/a,0,0,0,0,0,0,1,2022-08-07T20:20:15.8197810Z,0
4.96679,100.7806369,Daerah: Perak<br>No:3276<br>Hex coord:(31;62),n/a,0,0,0,0,0,0,1,2022-08-07T20:20:16.5689540Z,0
4.97457,100.7941836,Daerah: Perak<br>No:3277<br>Hex coord:(32;62),n/a,0,0,0,0,0,0,1,2022-08-07T20:20:17.2495952Z,0
4.96679,100.8077303,Daerah: Perak<br>No:3278<br>Hex coord:(33;62),n/a,0,0,0,0,0,0,1,2022-08-07T20:20:17.9417005Z,0
4.97457,100.821277,Daerah: Perak<br>No:3279<br>Hex coord:(34;62),n/a,0,0,0,0,0,0,1,2022-08-07T20:20:18.6176306Z,0
4.96679,100.8348237,Daerah: Perak<br>No:3280<br>Hex coord:(35;62),n/a,0,0,0,0,0,0,1,2022-08-07T20:20:19.2782146Z,0
4.97457,100.8483704,Daerah: Perak<br>No:3281<br>Hex coord:(36;62),n/a,0,0,0,0,0,0,1,2022-08-07T20:20:19.9519004Z,0
4.96679,100.8619171,Daerah: Perak<br>No:3282<br>Hex coord:(37;62),n/a,0,0,0,0,0,0,1,2022-08-07T20:20:20.6269867Z,0
4.97457,100.8754638,Daerah: Perak<br>No:3283<br>Hex coord:(38;62),n/a,0,0,0,0,0,0,1,2022-08-07T20:20:21.3684816Z,0
4.96679,100.8890105,Daerah: Perak<br>No:3284<br>Hex coord:(39;62),n/a,0,0,0,0,0,0,1,2022-08-07T20:20:22.0380902Z,0
4.97457,100.9025572,Daerah: Perak<br>No:3285<br>Hex coord:(40;62),n/a,0,0,0,0,0,0,1,2022-08-07T20:20:22.7220160Z,0
4.96679,100.9161039,Daerah: Perak<br>No:3286<br>Hex coord:(41;62),n/a,0,0,0,0,0,0,1,2022-08-07T20:20:23.3978929Z,0
4.97457,100.9296506,Daerah: Perak<br>No:3287<br>Hex coord:(42;62),n/a,0,0,0,0,0,0,1,2022-08-07T20:20:24.0752166Z,0
4.96679,100.9431973,Daerah: Perak<br>No:3288<br>Hex coord:(43;62),n/a,0,0,0,0,0,0,1,2022-08-07T20:20:24.7546072Z,0
4.97457,100.956744,Daerah: Perak<br>No:3289<br>Hex coord:(44;62),n/a,0,0,0,0,0,0,1,2022-08-07T20:20:25.4361028Z,0
4.96679,100.9702907,Daerah: Perak<br>No:3290<br>Hex coord:(45;62),n/a,0,0,0,0,0,0,1,2022-08-07T20:20:26.1842424Z,0
4.97457,100.9838374,Daerah: Perak<br>No:3291<br>Hex coord:(46;62),n/a,0,0,0,0,0,0,1,2022-08-07T20:20:26.8646896Z,0
4.96679,100.9973842,Daerah: Perak<br>No:3292<br>Hex coord:(47;62),n/a,0,0,0,0,0,0,1,2022-08-07T20:20:27.5657809Z,0
4.97457,101.0109309,Daerah: Perak<br>No:3293<br>Hex coord:(48;62),n/a,0,0,0,0,0,0,1,2022-08-07T20:20:28.2467042Z,0
4.96679,101.0244776,Daerah: Perak<br>No:3294<br>Hex coord:(49;62),n/a,0,0,0,0,0,0,1,2022-08-07T20:20:28.9360767Z,0
4.97457,101.0380243,Daerah: Perak<br>No:3295<br>Hex coord:(50;62),n/a,0,0,0,0,0,0,1,2022-08-07T20:20:29.6471955Z,0
4.96679,101.051571,Daerah: Perak<br>No:3296<br>Hex coord:(51;62),n/a,0,0,0,0,0,0,1,2022-08-07T20:20:30.3107829Z,0
4.97457,101.0651177,Daerah: Perak<br>No:3297<br>Hex coord:(52;62),n/a,0,0,0,0,0,0,1,2022-08-07T20:20:31.0386232Z,0
4.96679,101.0786644,Daerah: Perak<br>No:3298<br>Hex coord:(53;62),n/a,0,0,0,0,0,0,1,2022-08-07T20:20:31.7155657Z,0
4.97457,101.0922111,Daerah: Perak<br>No:3299<br>Hex coord:(54;62),n/a,0,0,0,0,0,0,1,2022-08-07T20:20:32.3862640Z,0
4.96679,101.1057578,Daerah: Perak<br>No:3300<br>Hex coord:(55;62),n/a,0,0,0,0,0,0,1,2022-08-07T20:20:33.0633457Z,0
4.97457,101.1193045,Daerah: Perak<br>No:3301<br>Hex coord:(56;62),n/a,0,0,0,0,0,0,1,2022-08-07T20:20:33.7473619Z,0
4.96679,101.1328512,Daerah: Perak<br>No:3302<br>Hex coord:(57;62),n/a,0,0,0,0,0,0,1,2022-08-07T20:20:34.4195757Z,0
4.97457,101.1463979,Daerah: Perak<br>No:3303<br>Hex coord:(58;62),n/a,0,0,0,0,0,0,1,2022-08-07T20:20:35.1030086Z,0
4.96679,101.1599446,Daerah: Perak<br>No:3304<br>Hex coord:(59;62),n/a,0,0,0,0,0,0,1,2022-08-07T20:20:35.7893459Z,0
4.97457,101.1734913,Daerah: Perak<br>No:3305<br>Hex coord:(60;62),n/a,0,0,0,0,0,0,1,2022-08-07T20:20:36.4678258Z,0
4.96679,101.187038,Daerah: Perak<br>No:3306<br>Hex coord:(61;62),n/a,0,0,0,0,0,0,1,2022-08-07T20:20:37.1460633Z,0
4.97457,101.2005847,Daerah: Perak<br>No:3307<br>Hex coord:(62;62),n/a,0,0,0,0,0,0,1,2022-08-07T20:20:37.8198180Z,0
4.96679,101.2141314,Daerah: Perak<br>No:3308<br>Hex coord:(63;62),n/a,0,0,0,0,0,0,1,2022-08-07T20:20:38.4983645Z,0
4.97457,101.2276781,Daerah: Perak<br>No:3309<br>Hex coord:(64;62),n/a,0,0,0,0,0,0,1,2022-08-07T20:20:39.1861135Z,0
4.96679,101.2412249,Daerah: Perak<br>No:3310<br>Hex coord:(65;62),n/a,0,0,0,0,0,0,1,2022-08-07T20:20:39.8778237Z,0
4.97457,101.2547716,Daerah: Perak<br>No:3311<br>Hex coord:(66;62),n/a,0,0,0,0,0,0,1,2022-08-07T20:20:40.5472361Z,0
4.96679,101.2683183,Daerah: Perak<br>No:3312<br>Hex coord:(67;62),n/a,0,0,0,0,0,0,1,2022-08-07T20:20:41.2859555Z,0
4.97457,101.281865,Daerah: Perak<br>No:3313<br>Hex coord:(68;62),n/a,0,0,0,0,0,0,1,2022-08-07T20:20:41.9719812Z,0
4.96679,101.2954117,Daerah: Perak<br>No:3314<br>Hex coord:(69;62),n/a,0,0,0,0,0,0,1,2022-08-07T20:20:42.6476473Z,0
4.97457,101.3089584,Daerah: Perak<br>No:3315<br>Hex coord:(70;62),n/a,0,0,0,0,0,0,1,2022-08-07T20:20:43.3298101Z,0
4.96679,101.3225051,Daerah: Perak<br>No:3316<br>Hex coord:(71;62),n/a,0,0,0,0,0,0,1,2022-08-07T20:20:44.0059895Z,0
4.97457,101.3360518,Daerah: Perak<br>No:3317<br>Hex coord:(72;62),n/a,0,0,0,0,0,0,1,2022-08-07T20:20:44.6712185Z,0
4.96679,101.3495985,Daerah: Perak<br>No:3318<br>Hex coord:(73;62),n/a,0,0,0,0,0,0,1,2022-08-07T20:20:45.3643190Z,0
4.97457,101.3631452,Daerah: Perak<br>No:3319<br>Hex coord:(74;62),n/a,0,0,0,0,0,0,1,2022-08-07T20:20:46.1046577Z,0
4.96679,101.3766919,Daerah: Perak<br>No:3320<br>Hex coord:(75;62),n/a,0,0,0,0,0,0,1,2022-08-07T20:20:49.1560741Z,0
4.97457,101.3902386,Daerah: Perak<br>No:3321<br>Hex coord:(76;62),n/a,0,0,0,0,0,0,1,2022-08-07T20:20:49.8364143Z,0
4.96679,101.4037853,Daerah: Perak<br>No:3322<br>Hex coord:(77;62),n/a,0,0,0,0,0,0,1,2022-08-07T20:20:50.5226148Z,0
4.97457,101.417332,Daerah: Perak<br>No:3323<br>Hex coord:(78;62),n/a,0,0,0,0,0,0,1,2022-08-07T20:20:51.2662379Z,0
4.96679,101.4308787,Daerah: Perak<br>No:3324<br>Hex coord:(79;62),n/a,0,0,0,0,0,0,1,2022-08-07T20:20:51.9489901Z,0
4.95123,100.4284225,Daerah: Perak<br>No:3325<br>Hex coord:(5;63),n/a,0,0,0,0,0,0,1,2022-08-07T20:20:52.6344326Z,0
4.95901,100.4419692,Daerah: Perak<br>No:3326<br>Hex coord:(6;63),n/a,0,0,0,0,0,0,1,2022-08-07T20:20:53.3162547Z,0
4.95123,100.4555159,Daerah: Perak<br>No:3327<br>Hex coord:(7;63),n/a,0,0,0,0,0,0,1,2022-08-07T20:20:54.0018702Z,0
4.95901,100.4690626,Daerah: Perak<br>No:3328<br>Hex coord:(8;63),n/a,0,0,0,0,0,0,1,2022-08-07T20:20:54.6855235Z,0
4.95123,100.4826093,Daerah: Perak<br>No:3329<br>Hex coord:(9;63),n/a,0,0,0,0,0,0,1,2022-08-07T20:20:55.3660137Z,0
4.95901,100.4961561,Daerah: Perak<br>No:3330<br>Hex coord:(10;63),n/a,0,0,0,0,0,0,1,2022-08-07T20:20:56.2655934Z,0
4.95123,100.5097028,Daerah: Perak<br>No:3331<br>Hex coord:(11;63),n/a,0,0,0,0,0,0,1,2022-08-07T20:20:56.9334224Z,0
4.95901,100.5232495,Daerah: Perak<br>No:3332<br>Hex coord:(12;63),n/a,0,0,0,0,0,0,1,2022-08-07T20:20:57.6008787Z,0
4.95123,100.5367962,Daerah: Perak<br>No:3333<br>Hex coord:(13;63),n/a,0,0,0,0,0,0,1,2022-08-07T20:20:58.2839339Z,0
4.95901,100.5503429,Daerah: Perak<br>No:3334<br>Hex coord:(14;63),n/a,0,0,0,0,0,0,1,2022-08-07T20:20:58.9650679Z,0
4.95123,100.5638896,Daerah: Perak<br>No:3335<br>Hex coord:(15;63),n/a,0,0,0,0,0,0,1,2022-08-07T20:20:59.6378856Z,0
4.95901,100.5774363,Daerah: Perak<br>No:3336<br>Hex coord:(16;63),n/a,0,0,0,0,0,0,1,2022-08-07T20:21:00.3062885Z,0
4.95123,100.590983,Daerah: Perak<br>No:3337<br>Hex coord:(17;63),n/a,1,0,0,0,0,0,1,2022-08-07T20:21:01.0616213Z,0
4.95901,100.6045297,Daerah: Perak<br>No:3338<br>Hex coord:(18;63),n/a,2,0,0,0,0,0,1,2022-08-07T20:21:01.7548122Z,0
4.95123,100.6180764,Daerah: Perak<br>No:3339<br>Hex coord:(19;63),n/a,5,0,0,0,0,0,1,2022-08-07T20:21:02.4313739Z,0
4.95901,100.6316231,Daerah: Perak<br>No:3340<br>Hex coord:(20;63),n/a,6,0,0,0,0,0,1,2022-08-07T20:21:03.1191668Z,0
4.95123,100.6451698,Daerah: Perak<br>No:3341<br>Hex coord:(21;63),n/a,0,0,0,0,0,0,1,2022-08-07T20:21:03.8032020Z,0
4.95901,100.6587165,Daerah: Perak<br>No:3342<br>Hex coord:(22;63),n/a,2,0,0,0,0,0,1,2022-08-07T20:21:04.4694253Z,0
4.95123,100.6722632,Daerah: Perak<br>No:3343<br>Hex coord:(23;63),n/a,2,0,0,0,0,0,1,2022-08-07T20:21:05.1557177Z,0
4.95901,100.6858099,Daerah: Perak<br>No:3344<br>Hex coord:(24;63),n/a,0,0,0,0,0,0,1,2022-08-07T20:21:05.8838062Z,0
4.95123,100.6993566,Daerah: Perak<br>No:3345<br>Hex coord:(25;63),n/a,0,0,0,0,0,0,1,2022-08-07T20:21:06.5768707Z,0
4.95901,100.7129033,Daerah: Perak<br>No:3346<br>Hex coord:(26;63),n/a,0,0,0,0,0,0,1,2022-08-07T20:21:07.2671685Z,0
4.95123,100.72645,Daerah: Perak<br>No:3347<br>Hex coord:(27;63),n/a,0,0,0,0,0,0,1,2022-08-07T20:21:07.9510808Z,0
4.95901,100.7399968,Daerah: Perak<br>No:3348<br>Hex coord:(28;63),n/a,0,0,0,0,0,0,1,2022-08-07T20:21:08.6409512Z,0
4.95123,100.7535435,Daerah: Perak<br>No:3349<br>Hex coord:(29;63),n/a,0,0,0,0,0,0,1,2022-08-07T20:21:09.3692419Z,0
4.95901,100.7670902,Daerah: Perak<br>No:3350<br>Hex coord:(30;63),n/a,0,0,0,0,0,0,1,2022-08-07T20:21:10.0728979Z,0
4.95123,100.7806369,Daerah: Perak<br>No:3351<br>Hex coord:(31;63),n/a,0,0,0,0,0,0,1,2022-08-07T20:21:10.7507926Z,0
4.95901,100.7941836,Daerah: Perak<br>No:3352<br>Hex coord:(32;63),n/a,0,0,0,0,0,0,1,2022-08-07T20:21:11.5041130Z,0
4.95123,100.8077303,Daerah: Perak<br>No:3353<br>Hex coord:(33;63),n/a,0,0,0,0,0,0,1,2022-08-07T20:21:12.1864681Z,0
4.95901,100.821277,Daerah: Perak<br>No:3354<br>Hex coord:(34;63),n/a,0,0,0,0,0,0,1,2022-08-07T20:21:12.8732291Z,0
4.95123,100.8348237,Daerah: Perak<br>No:3355<br>Hex coord:(35;63),n/a,0,0,0,0,0,0,1,2022-08-07T20:21:13.5579672Z,0
4.95901,100.8483704,Daerah: Perak<br>No:3356<br>Hex coord:(36;63),n/a,0,0,0,0,0,0,1,2022-08-07T20:21:14.2276605Z,0
4.95123,100.8619171,Daerah: Perak<br>No:3357<br>Hex coord:(37;63),n/a,0,0,0,0,0,0,1,2022-08-07T20:21:14.9135546Z,0
4.95901,100.8754638,Daerah: Perak<br>No:3358<br>Hex coord:(38;63),n/a,0,0,0,0,0,0,1,2022-08-07T20:21:15.6005408Z,0
4.95123,100.8890105,Daerah: Perak<br>No:3359<br>Hex coord:(39;63),n/a,0,0,0,0,0,0,1,2022-08-07T20:21:16.5271542Z,0
4.95901,100.9025572,Daerah: Perak<br>No:3360<br>Hex coord:(40;63),n/a,0,0,0,0,0,0,1,2022-08-07T20:21:17.1951607Z,0
4.95123,100.9161039,Daerah: Perak<br>No:3361<br>Hex coord:(41;63),n/a,0,0,0,0,0,0,1,2022-08-07T20:21:17.8641308Z,0
4.95901,100.9296506,Daerah: Perak<br>No:3362<br>Hex coord:(42;63),n/a,0,0,0,0,0,0,1,2022-08-07T20:21:18.5495938Z,0
4.95123,100.9431973,Daerah: Perak<br>No:3363<br>Hex coord:(43;63),n/a,0,0,0,0,0,0,1,2022-08-07T20:21:19.2285070Z,0
4.95901,100.956744,Daerah: Perak<br>No:3364<br>Hex coord:(44;63),n/a,0,0,0,0,0,0,1,2022-08-07T20:21:19.9021754Z,0
4.95123,100.9702907,Daerah: Perak<br>No:3365<br>Hex coord:(45;63),n/a,0,0,0,0,0,0,1,2022-08-07T20:21:20.5762798Z,0
4.95901,100.9838374,Daerah: Perak<br>No:3366<br>Hex coord:(46;63),n/a,0,0,0,0,0,0,1,2022-08-07T20:21:21.2480797Z,0
4.95123,100.9973842,Daerah: Perak<br>No:3367<br>Hex coord:(47;63),n/a,0,0,0,0,0,0,1,2022-08-07T20:21:21.9441738Z,0
4.95901,101.0109309,Daerah: Perak<br>No:3368<br>Hex coord:(48;63),n/a,0,0,0,0,0,0,1,2022-08-07T20:21:22.6229169Z,0
4.95123,101.0244776,Daerah: Perak<br>No:3369<br>Hex coord:(49;63),n/a,0,0,0,0,0,0,1,2022-08-07T20:21:23.2965866Z,0
4.95901,101.0380243,Daerah: Perak<br>No:3370<br>Hex coord:(50;63),n/a,2,0,0,0,0,0,1,2022-08-07T20:21:23.9787148Z,0
4.95123,101.051571,Daerah: Perak<br>No:3371<br>Hex coord:(51;63),n/a,0,0,0,0,0,0,1,2022-08-07T20:21:24.6523060Z,0
4.95901,101.0651177,Daerah: Perak<br>No:3372<br>Hex coord:(52;63),n/a,0,0,0,0,0,0,1,2022-08-07T20:21:25.3351959Z,0
4.95123,101.0786644,Daerah: Perak<br>No:3373<br>Hex coord:(53;63),n/a,0,0,0,0,0,0,1,2022-08-07T20:21:26.0444889Z,0
4.95901,101.0922111,Daerah: Perak<br>No:3374<br>Hex coord:(54;63),n/a,0,0,0,0,0,0,1,2022-08-07T20:21:26.7172692Z,0
4.95123,101.1057578,Daerah: Perak<br>No:3375<br>Hex coord:(55;63),n/a,0,0,0,0,0,0,1,2022-08-07T20:21:27.4120357Z,0
4.95901,101.1193045,Daerah: Perak<br>No:3376<br>Hex coord:(56;63),n/a,1,0,0,0,0,0,1,2022-08-07T20:21:28.0934644Z,0
4.95123,101.1328512,Daerah: Perak<br>No:3377<br>Hex coord:(57;63),n/a,0,0,0,0,0,0,1,2022-08-07T20:21:28.7681792Z,0
4.95901,101.1463979,Daerah: Perak<br>No:3378<br>Hex coord:(58;63),n/a,0,0,0,0,0,0,1,2022-08-07T20:21:29.4545904Z,0
4.95123,101.1599446,Daerah: Perak<br>No:3379<br>Hex coord:(59;63),n/a,0,0,0,0,0,0,1,2022-08-07T20:21:30.1439295Z,0
4.95901,101.1734913,Daerah: Perak<br>No:3380<br>Hex coord:(60;63),n/a,0,0,0,0,0,0,1,2022-08-07T20:21:30.8960954Z,0
4.95123,101.187038,Daerah: Perak<br>No:3381<br>Hex coord:(61;63),n/a,0,0,0,0,0,0,1,2022-08-07T20:21:31.5763693Z,0
4.95901,101.2005847,Daerah: Perak<br>No:3382<br>Hex coord:(62;63),n/a,0,0,0,0,0,0,1,2022-08-07T20:21:32.2557001Z,0
4.95123,101.2141314,Daerah: Perak<br>No:3383<br>Hex coord:(63;63),n/a,0,0,0,0,0,0,1,2022-08-07T20:21:32.9416766Z,0
4.95901,101.2276781,Daerah: Perak<br>No:3384<br>Hex coord:(64;63),n/a,0,0,0,0,0,0,1,2022-08-07T20:21:33.6144947Z,0
4.95123,101.2412249,Daerah: Perak<br>No:3385<br>Hex coord:(65;63),n/a,0,0,0,0,0,0,1,2022-08-07T20:21:34.2808741Z,0
4.95901,101.2547716,Daerah: Perak<br>No:3386<br>Hex coord:(66;63),n/a,0,0,0,0,0,0,1,2022-08-07T20:21:34.9500197Z,0
4.95123,101.2683183,Daerah: Perak<br>No:3387<br>Hex coord:(67;63),n/a,0,0,0,0,0,0,1,2022-08-07T20:21:35.6156269Z,0
4.95901,101.281865,Daerah: Perak<br>No:3388<br>Hex coord:(68;63),n/a,0,0,0,0,0,0,1,2022-08-07T20:21:36.2873764Z,0
4.95123,101.2954117,Daerah: Perak<br>No:3389<br>Hex coord:(69;63),n/a,0,0,0,0,0,0,1,2022-08-07T20:21:36.9587157Z,0
4.95901,101.3089584,Daerah: Perak<br>No:3390<br>Hex coord:(70;63),n/a,0,0,0,0,0,0,1,2022-08-07T20:21:37.6401457Z,0
4.95123,101.3225051,Daerah: Perak<br>No:3391<br>Hex coord:(71;63),n/a,0,0,0,0,0,0,1,2022-08-07T20:21:38.3274140Z,0
4.95901,101.3360518,Daerah: Perak<br>No:3392<br>Hex coord:(72;63),n/a,2,0,0,0,0,0,1,2022-08-07T20:21:39.0012245Z,0
4.95123,101.3495985,Daerah: Perak<br>No:3393<br>Hex coord:(73;63),n/a,0,0,0,0,0,0,1,2022-08-07T20:21:39.6748840Z,0
4.95901,101.3631452,Daerah: Perak<br>No:3394<br>Hex coord:(74;63),n/a,0,0,0,0,0,0,1,2022-08-07T20:21:40.3471066Z,0
4.95123,101.3766919,Daerah: Perak<br>No:3395<br>Hex coord:(75;63),n/a,0,0,0,0,0,0,1,2022-08-07T20:21:41.0308524Z,0
4.95901,101.3902386,Daerah: Perak<br>No:3396<br>Hex coord:(76;63),n/a,0,0,0,0,0,0,1,2022-08-07T20:21:41.7016927Z,0
4.95123,101.4037853,Daerah: Perak<br>No:3397<br>Hex coord:(77;63),n/a,0,0,0,0,0,0,1,2022-08-07T20:21:42.3855929Z,0
4.95901,101.417332,Daerah: Perak<br>No:3398<br>Hex coord:(78;63),n/a,0,0,0,0,0,0,1,2022-08-07T20:21:43.0674403Z,0
4.95123,101.4308787,Daerah: Perak<br>No:3399<br>Hex coord:(79;63),n/a,0,0,0,0,0,0,1,2022-08-07T20:21:43.7392699Z,0
4.95901,101.4444254,Daerah: Perak<br>No:3400<br>Hex coord:(80;63),n/a,0,0,0,0,0,0,1,2022-08-07T20:21:44.4017714Z,0
4.94345,100.4419692,Daerah: Perak<br>No:3401<br>Hex coord:(6;64),n/a,0,0,0,0,0,0,1,2022-08-07T20:21:45.0655408Z,0
4.93567,100.4555159,Daerah: Perak<br>No:3402<br>Hex coord:(7;64),n/a,0,0,0,0,0,0,1,2022-08-07T20:21:45.7351046Z,0
4.94345,100.4690626,Daerah: Perak<br>No:3403<br>Hex coord:(8;64),n/a,0,0,0,0,0,0,1,2022-08-07T20:21:46.5107900Z,0
4.93567,100.4826093,Daerah: Perak<br>No:3404<br>Hex coord:(9;64),n/a,0,0,0,0,0,0,1,2022-08-07T20:21:47.1746026Z,0
4.94345,100.4961561,Daerah: Perak<br>No:3405<br>Hex coord:(10;64),n/a,0,0,0,0,0,0,1,2022-08-07T20:21:47.8475183Z,0
4.93567,100.5097028,Daerah: Perak<br>No:3406<br>Hex coord:(11;64),n/a,0,0,0,0,0,0,1,2022-08-07T20:21:48.5195094Z,0
4.94345,100.5232495,Daerah: Perak<br>No:3407<br>Hex coord:(12;64),n/a,0,0,0,0,0,0,1,2022-08-07T20:21:49.1926030Z,0
4.93567,100.5367962,Daerah: Perak<br>No:3408<br>Hex coord:(13;64),n/a,0,0,0,0,0,0,1,2022-08-07T20:21:49.8818867Z,0
4.94345,100.5503429,Daerah: Perak<br>No:3409<br>Hex coord:(14;64),n/a,0,0,0,0,0,0,1,2022-08-07T20:21:50.5805490Z,0
4.93567,100.5638896,Daerah: Perak<br>No:3410<br>Hex coord:(15;64),n/a,0,0,0,0,0,0,1,2022-08-07T20:21:51.3660689Z,0
4.94345,100.5774363,Daerah: Perak<br>No:3411<br>Hex coord:(16;64),n/a,0,0,0,0,0,0,1,2022-08-07T20:21:52.0470514Z,0
4.93567,100.590983,Daerah: Perak<br>No:3412<br>Hex coord:(17;64),n/a,0,0,0,0,0,0,1,2022-08-07T20:21:52.7245102Z,0
4.94345,100.6045297,Daerah: Perak<br>No:3413<br>Hex coord:(18;64),n/a,3,0,0,0,0,0,1,2022-08-07T20:21:53.4153304Z,0
4.93567,100.6180764,Daerah: Perak<br>No:3414<br>Hex coord:(19;64),n/a,0,0,0,0,0,0,1,2022-08-07T20:21:54.0831146Z,0
4.94345,100.6316231,Daerah: Perak<br>No:3415<br>Hex coord:(20;64),n/a,4,0,0,0,0,0,1,2022-08-07T20:21:54.7618786Z,0
4.93567,100.6451698,Daerah: Perak<br>No:3416<br>Hex coord:(21;64),n/a,1,0,0,0,0,0,1,2022-08-07T20:21:55.4384433Z,0
4.94345,100.6587165,Daerah: Perak<br>No:3417<br>Hex coord:(22;64),n/a,0,0,0,0,0,0,1,2022-08-07T20:21:56.4699067Z,0
4.93567,100.6722632,Daerah: Perak<br>No:3418<br>Hex coord:(23;64),n/a,0,0,0,0,0,0,1,2022-08-07T20:21:57.1454169Z,0
4.94345,100.6858099,Daerah: Perak<br>No:3419<br>Hex coord:(24;64),n/a,0,0,0,0,0,0,1,2022-08-07T20:21:57.8207284Z,0
4.93567,100.6993566,Daerah: Perak<br>No:3420<br>Hex coord:(25;64),n/a,0,0,0,0,0,0,1,2022-08-07T20:21:58.5008415Z,0
4.94345,100.7129033,Daerah: Perak<br>No:3421<br>Hex coord:(26;64),n/a,0,0,0,0,0,0,1,2022-08-07T20:21:59.1858334Z,0
4.93567,100.72645,Daerah: Perak<br>No:3422<br>Hex coord:(27;64),n/a,0,0,0,0,0,0,1,2022-08-07T20:21:59.8690957Z,0
4.94345,100.7399968,Daerah: Perak<br>No:3423<br>Hex coord:(28;64),n/a,0,0,0,0,0,0,1,2022-08-07T20:22:00.5371905Z,0
4.93567,100.7535435,Daerah: Perak<br>No:3424<br>Hex coord:(29;64),n/a,0,0,0,0,0,0,1,2022-08-07T20:22:01.2794107Z,0
4.94345,100.7670902,Daerah: Perak<br>No:3425<br>Hex coord:(30;64),n/a,0,0,0,0,0,0,1,2022-08-07T20:22:01.9518208Z,0
4.93567,100.7806369,Daerah: Perak<br>No:3426<br>Hex coord:(31;64),n/a,0,0,0,0,0,0,1,2022-08-07T20:22:02.6575337Z,0
4.94345,100.7941836,Daerah: Perak<br>No:3427<br>Hex coord:(32;64),n/a,0,0,0,0,0,0,1,2022-08-07T20:22:03.3342659Z,0
4.93567,100.8077303,Daerah: Perak<br>No:3428<br>Hex coord:(33;64),n/a,0,0,0,0,0,0,1,2022-08-07T20:22:04.0225265Z,0
4.94345,100.821277,Daerah: Perak<br>No:3429<br>Hex coord:(34;64),n/a,0,0,0,0,0,0,1,2022-08-07T20:22:04.6970125Z,0
4.93567,100.8348237,Daerah: Perak<br>No:3430<br>Hex coord:(35;64),n/a,0,0,0,0,0,0,1,2022-08-07T20:22:05.3663980Z,0
4.94345,100.8483704,Daerah: Perak<br>No:3431<br>Hex coord:(36;64),n/a,0,0,0,0,0,0,1,2022-08-07T20:22:06.0997113Z,0
4.93567,100.8619171,Daerah: Perak<br>No:3432<br>Hex coord:(37;64),n/a,0,0,0,0,0,0,1,2022-08-07T20:22:06.7784763Z,0
4.94345,100.8754638,Daerah: Perak<br>No:3433<br>Hex coord:(38;64),n/a,0,0,0,0,0,0,1,2022-08-07T20:22:07.4569176Z,0
4.93567,100.8890105,Daerah: Perak<br>No:3434<br>Hex coord:(39;64),n/a,0,0,0,0,0,0,1,2022-08-07T20:22:08.1444353Z,0
4.94345,100.9025572,Daerah: Perak<br>No:3435<br>Hex coord:(40;64),n/a,0,0,0,0,0,0,1,2022-08-07T20:22:08.8353645Z,0
4.93567,100.9161039,Daerah: Perak<br>No:3436<br>Hex coord:(41;64),n/a,0,0,0,0,0,0,1,2022-08-07T20:22:09.5133539Z,0
4.94345,100.9296506,Daerah: Perak<br>No:3437<br>Hex coord:(42;64),n/a,0,0,0,0,0,0,1,2022-08-07T20:22:10.1872141Z,0
4.93567,100.9431973,Daerah: Perak<br>No:3438<br>Hex coord:(43;64),n/a,0,0,0,0,0,0,1,2022-08-07T20:22:10.9315937Z,0
4.94345,100.956744,Daerah: Perak<br>No:3439<br>Hex coord:(44;64),n/a,0,0,0,0,0,0,1,2022-08-07T20:22:11.6039825Z,0
4.93567,100.9702907,Daerah: Perak<br>No:3440<br>Hex coord:(45;64),n/a,0,0,0,0,0,0,1,2022-08-07T20:22:12.2878764Z,0
4.94345,100.9838374,Daerah: Perak<br>No:3441<br>Hex coord:(46;64),n/a,0,0,0,0,0,0,1,2022-08-07T20:22:12.9732957Z,0
4.93567,100.9973842,Daerah: Perak<br>No:3442<br>Hex coord:(47;64),n/a,0,0,0,0,0,0,1,2022-08-07T20:22:13.6445065Z,0
4.94345,101.0109309,Daerah: Perak<br>No:3443<br>Hex coord:(48;64),n/a,0,0,0,0,0,0,1,2022-08-07T20:22:14.3369169Z,0
4.93567,101.0244776,Daerah: Perak<br>No:3444<br>Hex coord:(49;64),n/a,0,0,0,0,0,0,1,2022-08-07T20:22:15.0226262Z,0
4.94345,101.0380243,Daerah: Perak<br>No:3445<br>Hex coord:(50;64),n/a,0,0,0,0,0,0,1,2022-08-07T20:22:15.8478821Z,0
4.93567,101.051571,Daerah: Perak<br>No:3446<br>Hex coord:(51;64),n/a,0,0,0,0,0,0,1,2022-08-07T20:22:16.6062109Z,0
4.94345,101.0651177,Daerah: Perak<br>No:3447<br>Hex coord:(52;64),n/a,0,0,0,0,0,0,1,2022-08-07T20:22:17.2902340Z,0
4.93567,101.0786644,Daerah: Perak<br>No:3448<br>Hex coord:(53;64),n/a,0,0,0,0,0,0,1,2022-08-07T20:22:17.9682346Z,0
4.94345,101.0922111,Daerah: Perak<br>No:3449<br>Hex coord:(54;64),n/a,0,0,0,0,0,0,1,2022-08-07T20:22:18.6484140Z,0
4.93567,101.1057578,Daerah: Perak<br>No:3450<br>Hex coord:(55;64),n/a,0,0,0,0,0,0,1,2022-08-07T20:22:19.3191449Z,0
4.94345,101.1193045,Daerah: Perak<br>No:3451<br>Hex coord:(56;64),n/a,0,0,0,0,0,0,1,2022-08-07T20:22:19.9845013Z,0
4.93567,101.1328512,Daerah: Perak<br>No:3452<br>Hex coord:(57;64),n/a,0,0,0,0,0,0,1,2022-08-07T20:22:20.6694957Z,0
4.94345,101.1463979,Daerah: Perak<br>No:3453<br>Hex coord:(58;64),n/a,0,0,0,0,0,0,1,2022-08-07T20:22:21.4204452Z,0
4.93567,101.1599446,Daerah: Perak<br>No:3454<br>Hex coord:(59;64),n/a,0,0,0,0,0,0,1,2022-08-07T20:22:22.1062354Z,0
4.94345,101.1734913,Daerah: Perak<br>No:3455<br>Hex coord:(60;64),n/a,0,0,0,0,0,0,1,2022-08-07T20:22:22.7911107Z,0
4.93567,101.187038,Daerah: Perak<br>No:3456<br>Hex coord:(61;64),n/a,0,0,0,0,0,0,1,2022-08-07T20:22:23.4759438Z,0
4.94345,101.2005847,Daerah: Perak<br>No:3457<br>Hex coord:(62;64),n/a,0,0,0,0,0,0,1,2022-08-07T20:22:24.1487611Z,0
4.93567,101.2141314,Daerah: Perak<br>No:3458<br>Hex coord:(63;64),n/a,0,0,0,0,0,0,1,2022-08-07T20:22:24.8152019Z,0
4.94345,101.2276781,Daerah: Perak<br>No:3459<br>Hex coord:(64;64),n/a,0,0,0,0,0,0,1,2022-08-07T20:22:25.4990520Z,0
4.93567,101.2412249,Daerah: Perak<br>No:3460<br>Hex coord:(65;64),n/a,0,0,0,0,0,0,1,2022-08-07T20:22:26.2326012Z,0
4.94345,101.2547716,Daerah: Perak<br>No:3461<br>Hex coord:(66;64),n/a,0,0,0,0,0,0,1,2022-08-07T20:22:26.9242909Z,0
4.93567,101.2683183,Daerah: Perak<br>No:3462<br>Hex coord:(67;64),n/a,0,0,0,0,0,0,1,2022-08-07T20:22:27.6102023Z,0
4.94345,101.281865,Daerah: Perak<br>No:3463<br>Hex coord:(68;64),n/a,0,0,0,0,0,0,1,2022-08-07T20:22:28.2905487Z,0
4.93567,101.2954117,Daerah: Perak<br>No:3464<br>Hex coord:(69;64),n/a,0,0,0,0,0,0,1,2022-08-07T20:22:28.9729618Z,0
4.94345,101.3089584,Daerah: Perak<br>No:3465<br>Hex coord:(70;64),n/a,0,0,0,0,0,0,1,2022-08-07T20:22:29.6431421Z,0
4.93567,101.3225051,Daerah: Perak<br>No:3466<br>Hex coord:(71;64),n/a,0,0,0,0,0,0,1,2022-08-07T20:22:30.3264699Z,0
4.94345,101.3360518,Daerah: Perak<br>No:3467<br>Hex coord:(72;64),n/a,0,0,0,0,0,0,1,2022-08-07T20:22:31.0654327Z,0
4.93567,101.3495985,Daerah: Perak<br>No:3468<br>Hex coord:(73;64),n/a,0,0,0,0,0,0,1,2022-08-07T20:22:31.7443267Z,0
4.94345,101.3631452,Daerah: Perak<br>No:3469<br>Hex coord:(74;64),n/a,0,0,0,0,0,0,1,2022-08-07T20:22:32.4263129Z,0
4.93567,101.3766919,Daerah: Perak<br>No:3470<br>Hex coord:(75;64),n/a,0,0,0,0,0,0,1,2022-08-07T20:22:33.1052170Z,0
4.94345,101.3902386,Daerah: Perak<br>No:3471<br>Hex coord:(76;64),n/a,0,0,0,0,0,0,1,2022-08-07T20:22:33.7803951Z,0
4.93567,101.4037853,Daerah: Perak<br>No:3472<br>Hex coord:(77;64),n/a,0,0,0,0,0,0,1,2022-08-07T20:22:34.4685273Z,0
4.94345,101.417332,Daerah: Perak<br>No:3473<br>Hex coord:(78;64),n/a,0,0,0,0,0,0,1,2022-08-07T20:22:35.1553303Z,0
4.93567,101.4308787,Daerah: Perak<br>No:3474<br>Hex coord:(79;64),n/a,0,0,0,0,0,0,1,2022-08-07T20:22:35.8869018Z,0
4.94345,101.4444254,Daerah: Perak<br>No:3475<br>Hex coord:(80;64),n/a,0,0,0,0,0,0,1,2022-08-07T20:22:36.5632017Z,0
4.92789,100.4419692,Daerah: Perak<br>No:3476<br>Hex coord:(6;65),n/a,0,0,0,0,0,0,1,2022-08-07T20:22:37.2529213Z,0
4.92011,100.4555159,Daerah: Perak<br>No:3477<br>Hex coord:(7;65),n/a,0,0,0,0,0,0,1,2022-08-07T20:22:37.9349652Z,0
4.92789,100.4961561,Daerah: Perak<br>No:3478<br>Hex coord:(10;65),n/a,0,0,0,0,0,0,1,2022-08-07T20:22:38.6131149Z,0
4.92011,100.5097028,Daerah: Perak<br>No:3479<br>Hex coord:(11;65),n/a,0,0,0,0,0,0,1,2022-08-07T20:22:39.2963800Z,0
4.92789,100.5232495,Daerah: Perak<br>No:3480<br>Hex coord:(12;65),n/a,0,0,0,0,0,0,1,2022-08-07T20:22:39.9851940Z,0
4.92011,100.5367962,Daerah: Perak<br>No:3481<br>Hex coord:(13;65),n/a,0,0,0,0,0,0,1,2022-08-07T20:22:40.6631862Z,0
4.92789,100.5503429,Daerah: Perak<br>No:3482<br>Hex coord:(14;65),n/a,0,0,0,0,0,0,1,2022-08-07T20:22:41.3895961Z,0
4.92011,100.5638896,Daerah: Perak<br>No:3483<br>Hex coord:(15;65),n/a,0,0,0,0,0,0,1,2022-08-07T20:22:42.0748629Z,0
4.92789,100.5774363,Daerah: Perak<br>No:3484<br>Hex coord:(16;65),n/a,0,0,0,0,0,0,1,2022-08-07T20:22:42.7469323Z,0
4.92011,100.590983,Daerah: Perak<br>No:3485<br>Hex coord:(17;65),n/a,0,0,0,0,0,0,1,2022-08-07T20:22:43.4206107Z,0
4.92789,100.6045297,Daerah: Perak<br>No:3486<br>Hex coord:(18;65),n/a,0,0,0,0,0,0,1,2022-08-07T20:22:44.1128431Z,0
4.92011,100.6180764,Daerah: Perak<br>No:3487<br>Hex coord:(19;65),n/a,0,0,0,0,0,0,1,2022-08-07T20:22:44.7951542Z,0
4.92789,100.6316231,Daerah: Perak<br>No:3488<br>Hex coord:(20;65),n/a,0,0,0,0,0,0,1,2022-08-07T20:22:45.4936955Z,0
4.92011,100.6451698,Daerah: Perak<br>No:3489<br>Hex coord:(21;65),n/a,0,0,0,0,0,0,1,2022-08-07T20:22:46.2486113Z,0
4.92789,100.6587165,Daerah: Perak<br>No:3490<br>Hex coord:(22;65),n/a,0,0,0,0,0,0,1,2022-08-07T20:22:46.9993644Z,0
4.92011,100.6722632,Daerah: Perak<br>No:3491<br>Hex coord:(23;65),n/a,0,0,0,0,0,0,1,2022-08-07T20:22:47.6920140Z,0
4.92789,100.6858099,Daerah: Perak<br>No:3492<br>Hex coord:(24;65),n/a,0,0,0,0,0,0,1,2022-08-07T20:22:48.3638002Z,0
4.92011,100.6993566,Daerah: Perak<br>No:3493<br>Hex coord:(25;65),n/a,0,0,0,0,0,0,1,2022-08-07T20:22:49.0535524Z,0
4.92789,100.7129033,Daerah: Perak<br>No:3494<br>Hex coord:(26;65),n/a,0,0,0,0,0,0,1,2022-08-07T20:22:49.7928981Z,0
4.92011,100.72645,Daerah: Perak<br>No:3495<br>Hex coord:(27;65),n/a,0,0,0,0,0,0,1,2022-08-07T20:22:50.4788111Z,0
4.92789,100.7399968,Daerah: Perak<br>No:3496<br>Hex coord:(28;65),n/a,0,0,0,0,0,0,1,2022-08-07T20:22:51.1618280Z,0
4.92011,100.7535435,Daerah: Perak<br>No:3497<br>Hex coord:(29;65),n/a,0,0,0,0,0,0,1,2022-08-07T20:22:51.8309476Z,0
4.92789,100.7670902,Daerah: Perak<br>No:3498<br>Hex coord:(30;65),n/a,0,0,0,0,0,0,1,2022-08-07T20:22:52.5069002Z,0
4.92011,100.7806369,Daerah: Perak<br>No:3499<br>Hex coord:(31;65),n/a,0,0,0,0,0,0,1,2022-08-07T20:22:53.1719529Z,0
4.92789,100.7941836,Daerah: Perak<br>No:3500<br>Hex coord:(32;65),n/a,0,0,0,0,0,0,1,2022-08-07T20:22:53.8516308Z,0
4.92011,100.8077303,Daerah: Perak<br>No:3501<br>Hex coord:(33;65),n/a,0,0,0,0,0,0,1,2022-08-07T20:22:54.5280990Z,0
4.92789,100.821277,Daerah: Perak<br>No:3502<br>Hex coord:(34;65),n/a,0,0,0,0,0,0,1,2022-08-07T20:22:55.2112167Z,0
4.92011,100.8348237,Daerah: Perak<br>No:3503<br>Hex coord:(35;65),n/a,0,0,0,0,0,0,1,2022-08-07T20:22:56.1621172Z,0
4.92789,100.8483704,Daerah: Perak<br>No:3504<br>Hex coord:(36;65),n/a,0,0,0,0,0,0,1,2022-08-07T20:22:56.8323957Z,0
4.92011,100.8619171,Daerah: Perak<br>No:3505<br>Hex coord:(37;65),n/a,0,0,0,0,0,0,1,2022-08-07T20:22:57.5318939Z,0
4.92789,100.8754638,Daerah: Perak<br>No:3506<br>Hex coord:(38;65),n/a,0,0,0,0,0,0,1,2022-08-07T20:22:58.2161660Z,0
4.92011,100.8890105,Daerah: Perak<br>No:3507<br>Hex coord:(39;65),n/a,0,0,0,0,0,0,1,2022-08-07T20:22:58.8914592Z,0
4.92789,100.9025572,Daerah: Perak<br>No:3508<br>Hex coord:(40;65),n/a,0,0,0,0,0,0,1,2022-08-07T20:22:59.5832570Z,0
4.92011,100.9161039,Daerah: Perak<br>No:3509<br>Hex coord:(41;65),n/a,0,0,0,0,0,0,1,2022-08-07T20:23:00.2536118Z,0
4.92789,100.9296506,Daerah: Perak<br>No:3510<br>Hex coord:(42;65),n/a,0,0,0,0,0,0,1,2022-08-07T20:23:00.9771416Z,0
4.92011,100.9431973,Daerah: Perak<br>No:3511<br>Hex coord:(43;65),n/a,0,0,0,0,0,0,1,2022-08-07T20:23:01.6562966Z,0
4.92789,100.956744,Daerah: Perak<br>No:3512<br>Hex coord:(44;65),n/a,0,0,0,0,0,0,1,2022-08-07T20:23:02.3429886Z,0
4.92011,100.9702907,Daerah: Perak<br>No:3513<br>Hex coord:(45;65),n/a,0,0,0,0,0,0,1,2022-08-07T20:23:03.0186642Z,0
4.92789,100.9838374,Daerah: Perak<br>No:3514<br>Hex coord:(46;65),n/a,0,0,0,0,0,0,1,2022-08-07T20:23:03.6986264Z,0
4.92011,100.9973842,Daerah: Perak<br>No:3515<br>Hex coord:(47;65),n/a,0,0,0,0,0,0,1,2022-08-07T20:23:04.3666741Z,0
4.92789,101.0109309,Daerah: Perak<br>No:3516<br>Hex coord:(48;65),n/a,0,0,0,0,0,0,1,2022-08-07T20:23:05.0542485Z,0
4.92011,101.0244776,Daerah: Perak<br>No:3517<br>Hex coord:(49;65),n/a,0,0,0,0,0,0,1,2022-08-07T20:23:05.7254099Z,0
4.92789,101.0380243,Daerah: Perak<br>No:3518<br>Hex coord:(50;65),n/a,0,0,0,0,0,0,1,2022-08-07T20:23:06.4622972Z,0
4.92011,101.051571,Daerah: Perak<br>No:3519<br>Hex coord:(51;65),n/a,0,0,0,0,0,0,1,2022-08-07T20:23:07.1435649Z,0
4.92789,101.0651177,Daerah: Perak<br>No:3520<br>Hex coord:(52;65),n/a,0,0,0,0,0,0,1,2022-08-07T20:23:07.8243798Z,0
4.92011,101.0786644,Daerah: Perak<br>No:3521<br>Hex coord:(53;65),n/a,0,0,0,0,0,0,1,2022-08-07T20:23:08.5008277Z,0
4.92789,101.0922111,Daerah: Perak<br>No:3522<br>Hex coord:(54;65),n/a,0,0,0,0,0,0,1,2022-08-07T20:23:09.1901178Z,0
4.92011,101.1057578,Daerah: Perak<br>No:3523<br>Hex coord:(55;65),n/a,0,0,0,0,0,0,1,2022-08-07T20:23:09.8790009Z,0
4.92789,101.1193045,Daerah: Perak<br>No:3524<br>Hex coord:(56;65),n/a,0,0,0,0,0,0,1,2022-08-07T20:23:10.5747780Z,0
4.92011,101.1328512,Daerah: Perak<br>No:3525<br>Hex coord:(57;65),n/a,0,0,0,0,0,0,1,2022-08-07T20:23:11.3001822Z,0
4.92789,101.1463979,Daerah: Perak<br>No:3526<br>Hex coord:(58;65),n/a,0,0,0,0,0,0,1,2022-08-07T20:23:11.9864558Z,0
4.92011,101.1599446,Daerah: Perak<br>No:3527<br>Hex coord:(59;65),n/a,0,0,0,0,0,0,1,2022-08-07T20:23:12.6681731Z,0
4.92789,101.1734913,Daerah: Perak<br>No:3528<br>Hex coord:(60;65),n/a,0,0,0,0,0,0,1,2022-08-07T20:23:13.3408696Z,0
4.92011,101.187038,Daerah: Perak<br>No:3529<br>Hex coord:(61;65),n/a,0,0,0,0,0,0,1,2022-08-07T20:23:14.0228017Z,0
4.92789,101.2005847,Daerah: Perak<br>No:3530<br>Hex coord:(62;65),n/a,0,0,0,0,0,0,1,2022-08-07T20:23:14.6971180Z,0
4.92011,101.2141314,Daerah: Perak<br>No:3531<br>Hex coord:(63;65),n/a,0,0,0,0,0,0,1,2022-08-07T20:23:15.3863954Z,0
4.92789,101.2276781,Daerah: Perak<br>No:3532<br>Hex coord:(64;65),n/a,0,0,0,0,0,0,1,2022-08-07T20:23:16.0887406Z,0
4.92011,101.2412249,Daerah: Perak<br>No:3533<br>Hex coord:(65;65),n/a,0,0,0,0,0,0,1,2022-08-07T20:23:16.7693708Z,0
4.92789,101.2547716,Daerah: Perak<br>No:3534<br>Hex coord:(66;65),n/a,0,0,0,0,0,0,1,2022-08-07T20:23:17.4544750Z,0
4.92011,101.2683183,Daerah: Perak<br>No:3535<br>Hex coord:(67;65),n/a,0,0,0,0,0,0,1,2022-08-07T20:23:18.1453643Z,0
4.92789,101.281865,Daerah: Perak<br>No:3536<br>Hex coord:(68;65),n/a,0,0,0,0,0,0,1,2022-08-07T20:23:18.8264269Z,0
4.92011,101.2954117,Daerah: Perak<br>No:3537<br>Hex coord:(69;65),n/a,0,0,0,0,0,0,1,2022-08-07T20:23:19.5186071Z,0
4.92789,101.3089584,Daerah: Perak<br>No:3538<br>Hex coord:(70;65),n/a,0,0,0,0,0,0,1,2022-08-07T20:23:20.2035000Z,0
4.92011,101.3225051,Daerah: Perak<br>No:3539<br>Hex coord:(71;65),n/a,0,0,0,0,0,0,1,2022-08-07T20:23:20.9454075Z,0
4.92789,101.3360518,Daerah: Perak<br>No:3540<br>Hex coord:(72;65),n/a,0,0,0,0,0,0,1,2022-08-07T20:23:21.6211776Z,0
4.92011,101.3495985,Daerah: Perak<br>No:3541<br>Hex coord:(73;65),n/a,0,0,0,0,0,0,1,2022-08-07T20:23:22.3038273Z,0
4.92789,101.3631452,Daerah: Perak<br>No:3542<br>Hex coord:(74;65),n/a,0,0,0,0,0,0,1,2022-08-07T20:23:22.9988801Z,0
4.92011,101.3766919,Daerah: Perak<br>No:3543<br>Hex coord:(75;65),n/a,0,0,0,0,0,0,1,2022-08-07T20:23:23.6803533Z,0
4.92789,101.3902386,Daerah: Perak<br>No:3544<br>Hex coord:(76;65),n/a,0,0,0,0,0,0,1,2022-08-07T20:23:24.3556504Z,0
4.92011,101.4037853,Daerah: Perak<br>No:3545<br>Hex coord:(77;65),n/a,0,0,0,0,0,0,1,2022-08-07T20:23:25.0371766Z,0
4.92789,101.417332,Daerah: Perak<br>No:3546<br>Hex coord:(78;65),n/a,0,0,0,0,0,0,1,2022-08-07T20:23:25.7249882Z,0
4.92011,101.4308787,Daerah: Perak<br>No:3547<br>Hex coord:(79;65),n/a,0,0,0,0,0,0,1,2022-08-07T20:23:26.4627174Z,0
4.92789,101.4444254,Daerah: Perak<br>No:3548<br>Hex coord:(80;65),n/a,0,0,0,0,0,0,1,2022-08-07T20:23:27.1277582Z,0
4.91233,100.4961561,Daerah: Perak<br>No:3549<br>Hex coord:(10;66),n/a,0,0,0,0,0,0,1,2022-08-07T20:23:27.8206331Z,0
4.90455,100.5097028,Daerah: Perak<br>No:3550<br>Hex coord:(11;66),n/a,0,0,0,0,0,0,1,2022-08-07T20:23:28.4998694Z,0
4.91233,100.5232495,Daerah: Perak<br>No:3551<br>Hex coord:(12;66),n/a,0,0,0,0,0,0,1,2022-08-07T20:23:29.1862381Z,0
4.90455,100.5367962,Daerah: Perak<br>No:3552<br>Hex coord:(13;66),n/a,0,0,0,0,0,0,1,2022-08-07T20:23:29.8767820Z,0
4.91233,100.5503429,Daerah: Perak<br>No:3553<br>Hex coord:(14;66),n/a,1,0,0,0,0,0,1,2022-08-07T20:23:30.5495856Z,0
4.90455,100.5638896,Daerah: Perak<br>No:3554<br>Hex coord:(15;66),n/a,0,0,0,0,0,0,1,2022-08-07T20:23:31.2966765Z,0
4.91233,100.5774363,Daerah: Perak<br>No:3555<br>Hex coord:(16;66),n/a,0,0,0,0,0,0,1,2022-08-07T20:23:31.9842679Z,0
4.90455,100.590983,Daerah: Perak<br>No:3556<br>Hex coord:(17;66),n/a,3,0,0,0,0,0,1,2022-08-07T20:23:32.6621882Z,0
4.91233,100.6045297,Daerah: Perak<br>No:3557<br>Hex coord:(18;66),n/a,0,0,0,0,0,0,1,2022-08-07T20:23:33.3493460Z,0
4.90455,100.6180764,Daerah: Perak<br>No:3558<br>Hex coord:(19;66),n/a,0,0,0,0,0,0,1,2022-08-07T20:23:34.0240065Z,0
4.91233,100.6316231,Daerah: Perak<br>No:3559<br>Hex coord:(20;66),n/a,0,0,0,0,0,0,1,2022-08-07T20:23:34.7127076Z,0
4.90455,100.6451698,Daerah: Perak<br>No:3560<br>Hex coord:(21;66),n/a,0,0,0,0,0,0,1,2022-08-07T20:23:35.3871598Z,0
4.91233,100.6587165,Daerah: Perak<br>No:3561<br>Hex coord:(22;66),n/a,1,0,0,0,0,0,1,2022-08-07T20:23:36.1054274Z,0
4.90455,100.6722632,Daerah: Perak<br>No:3562<br>Hex coord:(23;66),n/a,0,0,0,0,0,0,1,2022-08-07T20:23:36.7941436Z,0
4.91233,100.6858099,Daerah: Perak<br>No:3563<br>Hex coord:(24;66),n/a,0,0,0,0,0,0,1,2022-08-07T20:23:37.4758010Z,0
4.90455,100.6993566,Daerah: Perak<br>No:3564<br>Hex coord:(25;66),n/a,0,0,0,0,0,0,1,2022-08-07T20:23:38.1591492Z,0
4.91233,100.7129033,Daerah: Perak<br>No:3565<br>Hex coord:(26;66),n/a,0,0,0,0,0,0,1,2022-08-07T20:23:38.8408688Z,0
4.90455,100.72645,Daerah: Perak<br>No:3566<br>Hex coord:(27;66),n/a,0,0,0,0,0,0,1,2022-08-07T20:23:39.5381974Z,0
4.91233,100.7399968,Daerah: Perak<br>No:3567<br>Hex coord:(28;66),n/a,0,0,0,0,0,0,1,2022-08-07T20:23:40.2256460Z,0
4.90455,100.7535435,Daerah: Perak<br>No:3568<br>Hex coord:(29;66),n/a,0,0,0,0,0,0,1,2022-08-07T20:23:40.9798393Z,0
4.91233,100.7670902,Daerah: Perak<br>No:3569<br>Hex coord:(30;66),n/a,0,0,0,0,0,0,1,2022-08-07T20:23:41.6615503Z,0
4.90455,100.7806369,Daerah: Perak<br>No:3570<br>Hex coord:(31;66),n/a,0,0,0,0,0,0,1,2022-08-07T20:23:42.3396517Z,0
4.91233,100.7941836,Daerah: Perak<br>No:3571<br>Hex coord:(32;66),n/a,0,0,0,0,0,0,1,2022-08-07T20:23:43.0209908Z,0
4.90455,100.8077303,Daerah: Perak<br>No:3572<br>Hex coord:(33;66),n/a,0,0,0,0,0,0,1,2022-08-07T20:23:43.7098972Z,0
4.91233,100.821277,Daerah: Perak<br>No:3573<br>Hex coord:(34;66),n/a,0,0,0,0,0,0,1,2022-08-07T20:23:44.3851907Z,0
4.90455,100.8348237,Daerah: Perak<br>No:3574<br>Hex coord:(35;66),n/a,0,0,0,0,0,0,1,2022-08-07T20:23:45.0628427Z,0
4.91233,100.8483704,Daerah: Perak<br>No:3575<br>Hex coord:(36;66),n/a,0,0,0,0,0,0,1,2022-08-07T20:23:45.7475773Z,0
4.90455,100.8619171,Daerah: Perak<br>No:3576<br>Hex coord:(37;66),n/a,0,0,0,0,0,0,1,2022-08-07T20:23:46.4795209Z,0
4.91233,100.8754638,Daerah: Perak<br>No:3577<br>Hex coord:(38;66),n/a,0,0,0,0,0,0,1,2022-08-07T20:23:47.1579875Z,0
4.90455,100.8890105,Daerah: Perak<br>No:3578<br>Hex coord:(39;66),n/a,0,0,0,0,0,0,1,2022-08-07T20:23:47.8341849Z,0
4.91233,100.9025572,Daerah: Perak<br>No:3579<br>Hex coord:(40;66),n/a,0,0,0,0,0,0,1,2022-08-07T20:23:48.5055700Z,0
4.90455,100.9161039,Daerah: Perak<br>No:3580<br>Hex coord:(41;66),n/a,0,0,0,0,0,0,1,2022-08-07T20:23:49.1915050Z,0
4.91233,100.9296506,Daerah: Perak<br>No:3581<br>Hex coord:(42;66),n/a,0,0,0,0,0,0,1,2022-08-07T20:23:49.8666717Z,0
4.90455,100.9431973,Daerah: Perak<br>No:3582<br>Hex coord:(43;66),n/a,0,0,0,0,0,0,1,2022-08-07T20:23:50.5586524Z,0
4.91233,100.956744,Daerah: Perak<br>No:3583<br>Hex coord:(44;66),n/a,0,0,0,0,0,0,1,2022-08-07T20:23:51.3078968Z,0
4.90455,100.9702907,Daerah: Perak<br>No:3584<br>Hex coord:(45;66),n/a,0,0,0,0,0,0,1,2022-08-07T20:23:51.9851860Z,0
4.91233,100.9838374,Daerah: Perak<br>No:3585<br>Hex coord:(46;66),n/a,0,0,0,0,0,0,1,2022-08-07T20:23:52.6615332Z,0
4.90455,100.9973842,Daerah: Perak<br>No:3586<br>Hex coord:(47;66),n/a,0,0,0,0,0,0,1,2022-08-07T20:23:53.3315369Z,0
4.91233,101.0109309,Daerah: Perak<br>No:3587<br>Hex coord:(48;66),n/a,0,0,0,0,0,0,1,2022-08-07T20:23:54.0059344Z,0
4.90455,101.0244776,Daerah: Perak<br>No:3588<br>Hex coord:(49;66),n/a,0,0,0,0,0,0,1,2022-08-07T20:23:54.6718677Z,0
4.91233,101.0380243,Daerah: Perak<br>No:3589<br>Hex coord:(50;66),n/a,0,0,0,0,0,0,1,2022-08-07T20:23:55.3636278Z,0
4.90455,101.051571,Daerah: Perak<br>No:3590<br>Hex coord:(51;66),n/a,0,0,0,0,0,0,1,2022-08-07T20:23:56.1010860Z,0
4.91233,101.0651177,Daerah: Perak<br>No:3591<br>Hex coord:(52;66),n/a,0,0,0,0,0,0,1,2022-08-07T20:23:56.8065315Z,0
4.90455,101.0786644,Daerah: Perak<br>No:3592<br>Hex coord:(53;66),n/a,0,0,0,0,0,0,1,2022-08-07T20:23:57.5562000Z,0
4.91233,101.0922111,Daerah: Perak<br>No:3593<br>Hex coord:(54;66),n/a,0,0,0,0,0,0,1,2022-08-07T20:23:58.2535564Z,0
4.90455,101.1057578,Daerah: Perak<br>No:3594<br>Hex coord:(55;66),n/a,1,0,0,0,0,0,1,2022-08-07T20:23:58.9866192Z,0
4.91233,101.1193045,Daerah: Perak<br>No:3595<br>Hex coord:(56;66),n/a,0,0,0,0,0,0,1,2022-08-07T20:23:59.6784698Z,0
4.90455,101.1328512,Daerah: Perak<br>No:3596<br>Hex coord:(57;66),n/a,0,0,0,0,0,0,1,2022-08-07T20:24:00.3538935Z,0
4.91233,101.1463979,Daerah: Perak<br>No:3597<br>Hex coord:(58;66),n/a,0,0,0,0,0,0,1,2022-08-07T20:24:01.1345623Z,0
4.90455,101.1599446,Daerah: Perak<br>No:3598<br>Hex coord:(59;66),n/a,0,0,0,0,0,0,1,2022-08-07T20:24:01.8064515Z,0
4.91233,101.1734913,Daerah: Perak<br>No:3599<br>Hex coord:(60;66),n/a,0,0,0,0,0,0,1,2022-08-07T20:24:02.4876081Z,0
4.90455,101.187038,Daerah: Perak<br>No:3600<br>Hex coord:(61;66),n/a,0,0,0,0,0,0,1,2022-08-07T20:24:03.1815749Z,0
4.91233,101.2005847,Daerah: Perak<br>No:3601<br>Hex coord:(62;66),n/a,0,0,0,0,0,0,1,2022-08-07T20:24:03.8702514Z,0
4.90455,101.2141314,Daerah: Perak<br>No:3602<br>Hex coord:(63;66),n/a,0,0,0,0,0,0,1,2022-08-07T20:24:04.5422826Z,0
4.91233,101.2276781,Daerah: Perak<br>No:3603<br>Hex coord:(64;66),n/a,0,0,0,0,0,0,1,2022-08-07T20:24:05.2293982Z,0
4.90455,101.2412249,Daerah: Perak<br>No:3604<br>Hex coord:(65;66),n/a,0,0,0,0,0,0,1,2022-08-07T20:24:06.0584082Z,0
4.91233,101.2547716,Daerah: Perak<br>No:3605<br>Hex coord:(66;66),n/a,0,0,0,0,0,0,1,2022-08-07T20:24:06.7354711Z,0
4.90455,101.2683183,Daerah: Perak<br>No:3606<br>Hex coord:(67;66),n/a,0,0,0,0,0,0,1,2022-08-07T20:24:07.4232797Z,0
4.91233,101.281865,Daerah: Perak<br>No:3607<br>Hex coord:(68;66),n/a,0,0,0,0,0,0,1,2022-08-07T20:24:08.1056929Z,0
4.90455,101.2954117,Daerah: Perak<br>No:3608<br>Hex coord:(69;66),n/a,9,0,0,0,0,0,1,2022-08-07T20:24:08.7952977Z,0
4.91233,101.3089584,Daerah: Perak<br>No:3609<br>Hex coord:(70;66),n/a,0,0,0,0,0,0,1,2022-08-07T20:24:09.4776919Z,0
4.90455,101.3225051,Daerah: Perak<br>No:3610<br>Hex coord:(71;66),n/a,0,0,0,0,0,0,1,2022-08-07T20:24:10.1628083Z,0
4.91233,101.3360518,Daerah: Perak<br>No:3611<br>Hex coord:(72;66),n/a,0,0,0,0,0,0,1,2022-08-07T20:24:10.9050114Z,0
4.90455,101.3495985,Daerah: Perak<br>No:3612<br>Hex coord:(73;66),n/a,0,0,0,0,0,0,1,2022-08-07T20:24:11.5840857Z,0
4.91233,101.3631452,Daerah: Perak<br>No:3613<br>Hex coord:(74;66),n/a,0,0,0,0,0,0,1,2022-08-07T20:24:12.2704101Z,0
4.90455,101.3766919,Daerah: Perak<br>No:3614<br>Hex coord:(75;66),n/a,0,0,0,0,0,0,1,2022-08-07T20:24:12.9399673Z,0
4.91233,101.3902386,Daerah: Perak<br>No:3615<br>Hex coord:(76;66),n/a,0,0,0,0,0,0,1,2022-08-07T20:24:13.6261876Z,0
4.90455,101.4037853,Daerah: Perak<br>No:3616<br>Hex coord:(77;66),n/a,0,0,0,0,0,0,1,2022-08-07T20:24:14.3022672Z,0
4.91233,101.417332,Daerah: Perak<br>No:3617<br>Hex coord:(78;66),n/a,0,0,0,0,0,0,1,2022-08-07T20:24:14.9881939Z,0
4.90455,101.4308787,Daerah: Perak<br>No:3618<br>Hex coord:(79;66),n/a,0,0,0,0,0,0,1,2022-08-07T20:24:15.6611837Z,0
4.91233,101.4444254,Daerah: Perak<br>No:3619<br>Hex coord:(80;66),n/a,0,0,0,0,0,0,1,2022-08-07T20:24:16.6174606Z,0
4.88899,100.4826093,Daerah: Perak<br>No:3620<br>Hex coord:(9;67),n/a,0,0,0,0,0,0,1,2022-08-07T20:24:17.2868796Z,0
4.89677,100.4961561,Daerah: Perak<br>No:3621<br>Hex coord:(10;67),n/a,0,0,0,0,0,0,1,2022-08-07T20:24:17.9675994Z,0
4.88899,100.5097028,Daerah: Perak<br>No:3622<br>Hex coord:(11;67),n/a,0,0,0,0,0,0,1,2022-08-07T20:24:18.6480787Z,0
4.89677,100.5232495,Daerah: Perak<br>No:3623<br>Hex coord:(12;67),n/a,0,0,0,0,0,0,1,2022-08-07T20:24:19.3341787Z,0
4.88899,100.5367962,Daerah: Perak<br>No:3624<br>Hex coord:(13;67),n/a,0,0,0,0,0,0,1,2022-08-07T20:24:20.0203448Z,0
4.89677,100.5503429,Daerah: Perak<br>No:3625<br>Hex coord:(14;67),n/a,0,0,0,0,0,0,1,2022-08-07T20:24:20.6934234Z,0
4.88899,100.5638896,Daerah: Perak<br>No:3626<br>Hex coord:(15;67),n/a,0,0,0,0,0,0,1,2022-08-07T20:24:21.4215236Z,0
4.89677,100.5774363,Daerah: Perak<br>No:3627<br>Hex coord:(16;67),n/a,0,0,0,0,0,0,1,2022-08-07T20:24:22.1005782Z,0
4.88899,100.590983,Daerah: Perak<br>No:3628<br>Hex coord:(17;67),n/a,0,0,0,0,0,0,1,2022-08-07T20:24:22.7844331Z,0
4.89677,100.6045297,Daerah: Perak<br>No:3629<br>Hex coord:(18;67),n/a,0,0,0,0,0,0,1,2022-08-07T20:24:23.4646900Z,0
4.88899,100.6180764,Daerah: Perak<br>No:3630<br>Hex coord:(19;67),n/a,0,0,0,0,0,0,1,2022-08-07T20:24:24.1452301Z,0
4.89677,100.6316231,Daerah: Perak<br>No:3631<br>Hex coord:(20;67),n/a,0,0,0,0,0,0,1,2022-08-07T20:24:24.8229643Z,0
4.88899,100.6451698,Daerah: Perak<br>No:3632<br>Hex coord:(21;67),n/a,0,0,0,0,0,0,1,2022-08-07T20:24:25.5086994Z,0
4.89677,100.6587165,Daerah: Perak<br>No:3633<br>Hex coord:(22;67),n/a,0,0,0,0,0,0,1,2022-08-07T20:24:26.2330134Z,0
4.88899,100.6722632,Daerah: Perak<br>No:3634<br>Hex coord:(23;67),n/a,0,0,0,0,0,0,1,2022-08-07T20:24:26.9157623Z,0
4.89677,100.6858099,Daerah: Perak<br>No:3635<br>Hex coord:(24;67),n/a,0,0,0,0,0,0,1,2022-08-07T20:24:27.5944912Z,0
4.88899,100.6993566,Daerah: Perak<br>No:3636<br>Hex coord:(25;67),n/a,0,0,0,0,0,0,1,2022-08-07T20:24:28.2750740Z,0
4.89677,100.7129033,Daerah: Perak<br>No:3637<br>Hex coord:(26;67),n/a,0,0,0,0,0,0,1,2022-08-07T20:24:28.9552565Z,0
4.88899,100.72645,Daerah: Perak<br>No:3638<br>Hex coord:(27;67),n/a,0,0,0,0,0,0,1,2022-08-07T20:24:29.6405498Z,0
4.89677,100.7399968,Daerah: Perak<br>No:3639<br>Hex coord:(28;67),n/a,0,0,0,0,0,0,1,2022-08-07T20:24:30.3207350Z,0
4.88899,100.7535435,Daerah: Perak<br>No:3640<br>Hex coord:(29;67),n/a,0,0,0,0,0,0,1,2022-08-07T20:24:31.0444096Z,0
4.89677,100.7670902,Daerah: Perak<br>No:3641<br>Hex coord:(30;67),n/a,0,0,0,0,0,0,1,2022-08-07T20:24:31.7272909Z,0
4.88899,100.7806369,Daerah: Perak<br>No:3642<br>Hex coord:(31;67),n/a,0,0,0,0,0,0,1,2022-08-07T20:24:32.4528523Z,0
4.89677,100.7941836,Daerah: Perak<br>No:3643<br>Hex coord:(32;67),n/a,0,0,0,0,0,0,1,2022-08-07T20:24:33.1384413Z,0
4.88899,100.8077303,Daerah: Perak<br>No:3644<br>Hex coord:(33;67),n/a,0,0,0,0,0,0,1,2022-08-07T20:24:33.8139441Z,0
4.89677,100.821277,Daerah: Perak<br>No:3645<br>Hex coord:(34;67),n/a,0,0,0,0,0,0,1,2022-08-07T20:24:34.4938734Z,0
4.88899,100.8348237,Daerah: Perak<br>No:3646<br>Hex coord:(35;67),n/a,0,0,0,0,0,0,1,2022-08-07T20:24:35.1770244Z,0
4.89677,100.8483704,Daerah: Perak<br>No:3647<br>Hex coord:(36;67),n/a,0,0,0,0,0,0,1,2022-08-07T20:24:35.9830079Z,0
4.88899,100.8619171,Daerah: Perak<br>No:3648<br>Hex coord:(37;67),n/a,0,0,0,0,0,0,1,2022-08-07T20:24:36.6712980Z,0
4.89677,100.8754638,Daerah: Perak<br>No:3649<br>Hex coord:(38;67),n/a,0,0,0,0,0,0,1,2022-08-07T20:24:37.3597996Z,0
4.88899,100.8890105,Daerah: Perak<br>No:3650<br>Hex coord:(39;67),n/a,0,0,0,0,0,0,1,2022-08-07T20:24:38.0498217Z,0
4.89677,100.9025572,Daerah: Perak<br>No:3651<br>Hex coord:(40;67),n/a,0,0,0,0,0,0,1,2022-08-07T20:24:38.7276446Z,0
4.88899,100.9161039,Daerah: Perak<br>No:3652<br>Hex coord:(41;67),n/a,0,0,0,0,0,0,1,2022-08-07T20:24:39.4020956Z,0
4.89677,100.9296506,Daerah: Perak<br>No:3653<br>Hex coord:(42;67),n/a,0,0,0,0,0,0,1,2022-08-07T20:24:40.0914906Z,0
4.88899,100.9431973,Daerah: Perak<br>No:3654<br>Hex coord:(43;67),n/a,0,0,0,0,0,0,1,2022-08-07T20:24:40.7720514Z,0
4.89677,100.956744,Daerah: Perak<br>No:3655<br>Hex coord:(44;67),n/a,0,0,0,0,0,0,1,2022-08-07T20:24:41.4578502Z,0
4.88899,100.9702907,Daerah: Perak<br>No:3656<br>Hex coord:(45;67),n/a,0,0,0,0,0,0,1,2022-08-07T20:24:42.1437084Z,0
4.89677,100.9838374,Daerah: Perak<br>No:3657<br>Hex coord:(46;67),n/a,0,0,0,0,0,0,1,2022-08-07T20:24:42.8185479Z,0
4.88899,100.9973842,Daerah: Perak<br>No:3658<br>Hex coord:(47;67),n/a,0,0,0,0,0,0,1,2022-08-07T20:24:43.5029937Z,0
4.89677,101.0109309,Daerah: Perak<br>No:3659<br>Hex coord:(48;67),n/a,0,0,0,0,0,0,1,2022-08-07T20:24:44.1907468Z,0
4.88899,101.0244776,Daerah: Perak<br>No:3660<br>Hex coord:(49;67),n/a,0,0,0,0,0,0,1,2022-08-07T20:24:44.8637505Z,0
4.89677,101.0380243,Daerah: Perak<br>No:3661<br>Hex coord:(50;67),n/a,0,0,0,0,0,0,1,2022-08-07T20:24:45.5292478Z,0
4.88899,101.051571,Daerah: Perak<br>No:3662<br>Hex coord:(51;67),n/a,0,0,0,0,0,0,1,2022-08-07T20:24:46.2166952Z,0
4.89677,101.0651177,Daerah: Perak<br>No:3663<br>Hex coord:(52;67),n/a,0,0,0,0,0,0,1,2022-08-07T20:24:46.8979480Z,0
4.88899,101.0786644,Daerah: Perak<br>No:3664<br>Hex coord:(53;67),n/a,0,0,0,0,0,0,1,2022-08-07T20:24:47.5799525Z,0
4.89677,101.0922111,Daerah: Perak<br>No:3665<br>Hex coord:(54;67),n/a,0,0,0,0,0,0,1,2022-08-07T20:24:48.2613012Z,0
4.88899,101.1057578,Daerah: Perak<br>No:3666<br>Hex coord:(55;67),n/a,0,0,0,0,0,0,1,2022-08-07T20:24:48.9345116Z,0
4.89677,101.1193045,Daerah: Perak<br>No:3667<br>Hex coord:(56;67),n/a,0,0,0,0,0,0,1,2022-08-07T20:24:49.6047553Z,0
4.88899,101.1328512,Daerah: Perak<br>No:3668<br>Hex coord:(57;67),n/a,0,0,0,0,0,0,1,2022-08-07T20:24:50.2761146Z,0
4.89677,101.1463979,Daerah: Perak<br>No:3669<br>Hex coord:(58;67),n/a,0,0,0,0,0,0,1,2022-08-07T20:24:50.9924495Z,0
4.88899,101.1599446,Daerah: Perak<br>No:3670<br>Hex coord:(59;67),n/a,0,0,0,0,0,0,1,2022-08-07T20:24:51.6716885Z,0
4.89677,101.1734913,Daerah: Perak<br>No:3671<br>Hex coord:(60;67),n/a,0,0,0,0,0,0,1,2022-08-07T20:24:52.3530416Z,0
4.88899,101.187038,Daerah: Perak<br>No:3672<br>Hex coord:(61;67),n/a,0,0,0,0,0,0,1,2022-08-07T20:24:53.0218008Z,0
4.89677,101.2005847,Daerah: Perak<br>No:3673<br>Hex coord:(62;67),n/a,0,0,0,0,0,0,1,2022-08-07T20:24:53.7035280Z,0
4.88899,101.2141314,Daerah: Perak<br>No:3674<br>Hex coord:(63;67),n/a,0,0,0,0,0,0,1,2022-08-07T20:24:54.3915814Z,0
4.89677,101.2276781,Daerah: Perak<br>No:3675<br>Hex coord:(64;67),n/a,0,0,0,0,0,0,1,2022-08-07T20:24:55.0827174Z,0
4.88899,101.2412249,Daerah: Perak<br>No:3676<br>Hex coord:(65;67),n/a,0,0,0,0,0,0,1,2022-08-07T20:24:55.7655976Z,0
4.89677,101.2547716,Daerah: Perak<br>No:3677<br>Hex coord:(66;67),n/a,0,0,0,0,0,0,1,2022-08-07T20:24:56.5475700Z,0
4.88899,101.2683183,Daerah: Perak<br>No:3678<br>Hex coord:(67;67),n/a,0,0,0,0,0,0,1,2022-08-07T20:24:57.2396354Z,0
4.89677,101.281865,Daerah: Perak<br>No:3679<br>Hex coord:(68;67),n/a,0,0,0,0,0,0,1,2022-08-07T20:24:57.9285774Z,0
4.88899,101.2954117,Daerah: Perak<br>No:3680<br>Hex coord:(69;67),n/a,0,0,0,0,0,0,1,2022-08-07T20:24:58.6040418Z,0
4.89677,101.3089584,Daerah: Perak<br>No:3681<br>Hex coord:(70;67),n/a,0,0,0,0,0,0,1,2022-08-07T20:24:59.2860207Z,0
4.88899,101.3225051,Daerah: Perak<br>No:3682<br>Hex coord:(71;67),n/a,0,0,0,0,0,0,1,2022-08-07T20:24:59.9560987Z,0
4.89677,101.3360518,Daerah: Perak<br>No:3683<br>Hex coord:(72;67),n/a,0,0,0,0,0,0,1,2022-08-07T20:25:00.6456355Z,0
4.88899,101.3495985,Daerah: Perak<br>No:3684<br>Hex coord:(73;67),n/a,0,0,0,0,0,0,1,2022-08-07T20:25:01.3941779Z,0
4.89677,101.3631452,Daerah: Perak<br>No:3685<br>Hex coord:(74;67),n/a,0,0,0,0,0,0,1,2022-08-07T20:25:02.0739561Z,0
4.88899,101.3766919,Daerah: Perak<br>No:3686<br>Hex coord:(75;67),n/a,0,0,0,0,0,0,1,2022-08-07T20:25:02.7371668Z,0
4.89677,101.3902386,Daerah: Perak<br>No:3687<br>Hex coord:(76;67),n/a,0,0,0,0,0,0,1,2022-08-07T20:25:03.4036282Z,0
4.88899,101.4037853,Daerah: Perak<br>No:3688<br>Hex coord:(77;67),n/a,0,0,0,0,0,0,1,2022-08-07T20:25:04.0688527Z,0
4.89677,101.417332,Daerah: Perak<br>No:3689<br>Hex coord:(78;67),n/a,0,0,0,0,0,0,1,2022-08-07T20:25:04.7318266Z,0
4.88899,101.4308787,Daerah: Perak<br>No:3690<br>Hex coord:(79;67),n/a,0,0,0,0,0,0,1,2022-08-07T20:25:05.4086185Z,0
4.89677,101.4444254,Daerah: Perak<br>No:3691<br>Hex coord:(80;67),n/a,0,0,0,0,0,0,1,2022-08-07T20:25:06.3696145Z,0
4.88121,100.4961561,Daerah: Perak<br>No:3692<br>Hex coord:(10;68),n/a,0,0,0,0,0,0,1,2022-08-07T20:25:07.0482766Z,0
4.87343,100.5097028,Daerah: Perak<br>No:3693<br>Hex coord:(11;68),n/a,0,0,0,0,0,0,1,2022-08-07T20:25:07.7370698Z,0
4.88121,100.5232495,Daerah: Perak<br>No:3694<br>Hex coord:(12;68),n/a,0,0,0,0,0,0,1,2022-08-07T20:25:08.4080015Z,0
4.88121,100.5503429,Daerah: Perak<br>No:3695<br>Hex coord:(14;68),n/a,0,0,0,0,0,0,1,2022-08-07T20:25:09.0903682Z,0
4.87343,100.5638896,Daerah: Perak<br>No:3696<br>Hex coord:(15;68),n/a,0,0,0,0,0,0,1,2022-08-07T20:25:09.7627937Z,0
4.88121,100.5774363,Daerah: Perak<br>No:3697<br>Hex coord:(16;68),n/a,0,0,0,0,0,0,1,2022-08-07T20:25:10.4322100Z,0
4.87343,100.590983,Daerah: Perak<br>No:3698<br>Hex coord:(17;68),n/a,0,0,0,0,0,0,1,2022-08-07T20:25:11.1601552Z,0
4.88121,100.6045297,Daerah: Perak<br>No:3699<br>Hex coord:(18;68),n/a,0,0,0,0,0,0,1,2022-08-07T20:25:11.8294145Z,0
4.87343,100.6180764,Daerah: Perak<br>No:3700<br>Hex coord:(19;68),n/a,0,0,0,0,0,0,1,2022-08-07T20:25:12.5157119Z,0
4.88121,100.6316231,Daerah: Perak<br>No:3701<br>Hex coord:(20;68),n/a,0,0,0,0,0,0,1,2022-08-07T20:25:13.1904619Z,0
4.87343,100.6451698,Daerah: Perak<br>No:3702<br>Hex coord:(21;68),n/a,0,0,0,0,0,0,1,2022-08-07T20:25:13.8877340Z,0
4.88121,100.6587165,Daerah: Perak<br>No:3703<br>Hex coord:(22;68),n/a,0,0,0,0,0,0,1,2022-08-07T20:25:14.5714896Z,0
4.87343,100.6722632,Daerah: Perak<br>No:3704<br>Hex coord:(23;68),n/a,0,0,0,0,0,0,1,2022-08-07T20:25:15.2581266Z,0
4.88121,100.6858099,Daerah: Perak<br>No:3705<br>Hex coord:(24;68),n/a,0,0,0,0,0,0,1,2022-08-07T20:25:15.9540610Z,0
4.87343,100.6993566,Daerah: Perak<br>No:3706<br>Hex coord:(25;68),n/a,0,0,0,0,0,0,1,2022-08-07T20:25:16.6464226Z,0
4.88121,100.7129033,Daerah: Perak<br>No:3707<br>Hex coord:(26;68),n/a,0,0,0,0,0,0,1,2022-08-07T20:25:17.3335328Z,0
4.87343,100.72645,Daerah: Perak<br>No:3708<br>Hex coord:(27;68),n/a,0,0,0,0,0,0,1,2022-08-07T20:25:18.0188074Z,0
4.88121,100.7399968,Daerah: Perak<br>No:3709<br>Hex coord:(28;68),n/a,0,0,0,0,0,0,1,2022-08-07T20:25:18.7064811Z,0
4.87343,100.7535435,Daerah: Perak<br>No:3710<br>Hex coord:(29;68),n/a,0,0,0,0,0,0,1,2022-08-07T20:25:19.3791331Z,0
4.88121,100.7670902,Daerah: Perak<br>No:3711<br>Hex coord:(30;68),n/a,0,0,0,0,0,0,1,2022-08-07T20:25:20.0593451Z,0
4.87343,100.7806369,Daerah: Perak<br>No:3712<br>Hex coord:(31;68),n/a,0,0,0,0,0,0,1,2022-08-07T20:25:20.7438198Z,0
4.88121,100.7941836,Daerah: Perak<br>No:3713<br>Hex coord:(32;68),n/a,0,0,0,0,0,0,1,2022-08-07T20:25:21.4183923Z,0
4.87343,100.8077303,Daerah: Perak<br>No:3714<br>Hex coord:(33;68),n/a,0,0,0,0,0,0,1,2022-08-07T20:25:22.0837372Z,0
4.88121,100.821277,Daerah: Perak<br>No:3715<br>Hex coord:(34;68),n/a,0,0,0,0,0,0,1,2022-08-07T20:25:22.7581648Z,0
4.87343,100.8348237,Daerah: Perak<br>No:3716<br>Hex coord:(35;68),n/a,0,0,0,0,0,0,1,2022-08-07T20:25:23.4368063Z,0
4.88121,100.8483704,Daerah: Perak<br>No:3717<br>Hex coord:(36;68),n/a,0,0,0,0,0,0,1,2022-08-07T20:25:24.1302421Z,0
4.87343,100.8619171,Daerah: Perak<br>No:3718<br>Hex coord:(37;68),n/a,0,0,0,0,0,0,1,2022-08-07T20:25:24.8137415Z,0
4.88121,100.8754638,Daerah: Perak<br>No:3719<br>Hex coord:(38;68),n/a,0,0,0,0,0,0,1,2022-08-07T20:25:25.4861175Z,0
4.87343,100.8890105,Daerah: Perak<br>No:3720<br>Hex coord:(39;68),n/a,0,0,0,0,0,0,1,2022-08-07T20:25:26.2252203Z,0
4.88121,100.9025572,Daerah: Perak<br>No:3721<br>Hex coord:(40;68),n/a,1,0,0,0,0,0,1,2022-08-07T20:25:26.9042645Z,0
4.87343,100.9161039,Daerah: Perak<br>No:3722<br>Hex coord:(41;68),n/a,0,0,0,0,0,0,1,2022-08-07T20:25:27.5915121Z,0
4.88121,100.9296506,Daerah: Perak<br>No:3723<br>Hex coord:(42;68),n/a,0,0,0,0,0,0,1,2022-08-07T20:25:28.2737288Z,0
4.87343,100.9431973,Daerah: Perak<br>No:3724<br>Hex coord:(43;68),n/a,0,0,0,0,0,0,1,2022-08-07T20:25:28.9434020Z,0
4.88121,100.956744,Daerah: Perak<br>No:3725<br>Hex coord:(44;68),n/a,0,0,0,0,0,0,1,2022-08-07T20:25:29.6166891Z,0
4.87343,100.9702907,Daerah: Perak<br>No:3726<br>Hex coord:(45;68),n/a,1,0,0,0,0,0,1,2022-08-07T20:25:30.2846211Z,0
4.88121,100.9838374,Daerah: Perak<br>No:3727<br>Hex coord:(46;68),n/a,0,0,0,0,0,0,1,2022-08-07T20:25:31.0153198Z,0
4.87343,100.9973842,Daerah: Perak<br>No:3728<br>Hex coord:(47;68),n/a,0,0,0,0,0,0,1,2022-08-07T20:25:31.6921030Z,0
4.88121,101.0109309,Daerah: Perak<br>No:3729<br>Hex coord:(48;68),n/a,0,0,0,0,0,0,1,2022-08-07T20:25:32.3665445Z,0
4.87343,101.0244776,Daerah: Perak<br>No:3730<br>Hex coord:(49;68),n/a,0,0,0,0,0,0,1,2022-08-07T20:25:33.0444652Z,0
4.88121,101.0380243,Daerah: Perak<br>No:3731<br>Hex coord:(50;68),n/a,0,0,0,0,0,0,1,2022-08-07T20:25:33.7197911Z,0
4.87343,101.051571,Daerah: Perak<br>No:3732<br>Hex coord:(51;68),n/a,0,0,0,0,0,0,1,2022-08-07T20:25:34.4280864Z,0
4.88121,101.0651177,Daerah: Perak<br>No:3733<br>Hex coord:(52;68),n/a,0,0,0,0,0,0,1,2022-08-07T20:25:35.0921904Z,0
4.87343,101.0786644,Daerah: Perak<br>No:3734<br>Hex coord:(53;68),n/a,0,0,0,0,0,0,1,2022-08-07T20:25:35.7746799Z,0
4.88121,101.0922111,Daerah: Perak<br>No:3735<br>Hex coord:(54;68),n/a,0,0,0,0,0,0,1,2022-08-07T20:25:36.5342287Z,0
4.87343,101.1057578,Daerah: Perak<br>No:3736<br>Hex coord:(55;68),n/a,0,0,0,0,0,0,1,2022-08-07T20:25:37.2102574Z,0
4.88121,101.1193045,Daerah: Perak<br>No:3737<br>Hex coord:(56;68),n/a,0,0,0,0,0,0,1,2022-08-07T20:25:37.8718565Z,0
4.87343,101.1328512,Daerah: Perak<br>No:3738<br>Hex coord:(57;68),n/a,0,0,0,0,0,0,1,2022-08-07T20:25:38.5362989Z,0
4.88121,101.1463979,Daerah: Perak<br>No:3739<br>Hex coord:(58;68),n/a,0,0,0,0,0,0,1,2022-08-07T20:25:39.2015753Z,0
4.87343,101.1599446,Daerah: Perak<br>No:3740<br>Hex coord:(59;68),n/a,0,0,0,0,0,0,1,2022-08-07T20:25:39.8804224Z,0
4.88121,101.1734913,Daerah: Perak<br>No:3741<br>Hex coord:(60;68),n/a,0,0,0,0,0,0,1,2022-08-07T20:25:40.5567426Z,0
4.87343,101.187038,Daerah: Perak<br>No:3742<br>Hex coord:(61;68),n/a,0,0,0,0,0,0,1,2022-08-07T20:25:41.2960462Z,0
4.88121,101.2005847,Daerah: Perak<br>No:3743<br>Hex coord:(62;68),n/a,0,0,0,0,0,0,1,2022-08-07T20:25:41.9656970Z,0
4.87343,101.2141314,Daerah: Perak<br>No:3744<br>Hex coord:(63;68),n/a,0,0,0,0,0,0,1,2022-08-07T20:25:42.6304673Z,0
4.88121,101.2276781,Daerah: Perak<br>No:3745<br>Hex coord:(64;68),n/a,0,0,0,0,0,0,1,2022-08-07T20:25:43.3197531Z,0
4.87343,101.2412249,Daerah: Perak<br>No:3746<br>Hex coord:(65;68),n/a,0,0,0,0,0,0,1,2022-08-07T20:25:43.9983600Z,0
4.88121,101.2547716,Daerah: Perak<br>No:3747<br>Hex coord:(66;68),n/a,0,0,0,0,0,0,1,2022-08-07T20:25:44.6845936Z,0
4.87343,101.2683183,Daerah: Perak<br>No:3748<br>Hex coord:(67;68),n/a,0,0,0,0,0,0,1,2022-08-07T20:25:45.3664404Z,0
4.88121,101.281865,Daerah: Perak<br>No:3749<br>Hex coord:(68;68),n/a,0,0,0,0,0,0,1,2022-08-07T20:25:46.0849188Z,0
4.87343,101.2954117,Daerah: Perak<br>No:3750<br>Hex coord:(69;68),n/a,0,0,0,0,0,0,1,2022-08-07T20:25:49.1836346Z,0
4.88121,101.3089584,Daerah: Perak<br>No:3751<br>Hex coord:(70;68),n/a,0,0,0,0,0,0,1,2022-08-07T20:25:49.8521522Z,0
4.87343,101.3225051,Daerah: Perak<br>No:3752<br>Hex coord:(71;68),n/a,0,0,0,0,0,0,1,2022-08-07T20:25:50.5283826Z,0
4.88121,101.3360518,Daerah: Perak<br>No:3753<br>Hex coord:(72;68),n/a,0,0,0,0,0,0,1,2022-08-07T20:25:51.2587584Z,0
4.87343,101.3495985,Daerah: Perak<br>No:3754<br>Hex coord:(73;68),n/a,0,0,0,0,0,0,1,2022-08-07T20:25:51.9271104Z,0
4.88121,101.3631452,Daerah: Perak<br>No:3755<br>Hex coord:(74;68),n/a,0,0,0,0,0,0,1,2022-08-07T20:25:52.6030033Z,0
4.87343,101.3766919,Daerah: Perak<br>No:3756<br>Hex coord:(75;68),n/a,0,0,0,0,0,0,1,2022-08-07T20:25:53.2714807Z,0
4.88121,101.3902386,Daerah: Perak<br>No:3757<br>Hex coord:(76;68),n/a,0,0,0,0,0,0,1,2022-08-07T20:25:53.9438819Z,0
4.87343,101.4037853,Daerah: Perak<br>No:3758<br>Hex coord:(77;68),n/a,0,0,0,0,0,0,1,2022-08-07T20:25:54.6169285Z,0
4.88121,101.417332,Daerah: Perak<br>No:3759<br>Hex coord:(78;68),n/a,0,0,0,0,0,0,1,2022-08-07T20:25:55.2830979Z,0
4.87343,101.4308787,Daerah: Perak<br>No:3760<br>Hex coord:(79;68),n/a,0,0,0,0,0,0,1,2022-08-07T20:25:56.0173048Z,0
4.86565,100.5232495,Daerah: Perak<br>No:3761<br>Hex coord:(12;69),n/a,0,0,0,0,0,0,1,2022-08-07T20:25:56.6935259Z,0
4.86565,100.5503429,Daerah: Perak<br>No:3762<br>Hex coord:(14;69),n/a,0,0,0,0,0,0,1,2022-08-07T20:25:57.3672415Z,0
4.86565,100.5774363,Daerah: Perak<br>No:3763<br>Hex coord:(16;69),n/a,0,0,0,0,0,0,1,2022-08-07T20:25:58.0439572Z,0
4.85787,100.590983,Daerah: Perak<br>No:3764<br>Hex coord:(17;69),n/a,0,0,0,0,0,0,1,2022-08-07T20:25:58.7278922Z,0
4.86565,100.6045297,Daerah: Perak<br>No:3765<br>Hex coord:(18;69),n/a,0,0,0,0,0,0,1,2022-08-07T20:25:59.4067423Z,0
4.85787,100.6180764,Daerah: Perak<br>No:3766<br>Hex coord:(19;69),n/a,0,0,0,0,0,0,1,2022-08-07T20:26:00.0965293Z,0
4.86565,100.6316231,Daerah: Perak<br>No:3767<br>Hex coord:(20;69),n/a,0,0,0,0,0,0,1,2022-08-07T20:26:00.7800888Z,0
4.85787,100.6451698,Daerah: Perak<br>No:3768<br>Hex coord:(21;69),n/a,0,0,0,0,0,0,1,2022-08-07T20:26:01.4812097Z,0
4.86565,100.6587165,Daerah: Perak<br>No:3769<br>Hex coord:(22;69),n/a,0,0,0,0,0,0,1,2022-08-07T20:26:02.1560557Z,0
4.85787,100.6722632,Daerah: Perak<br>No:3770<br>Hex coord:(23;69),n/a,0,0,0,0,0,0,1,2022-08-07T20:26:02.8396306Z,0
4.86565,100.6858099,Daerah: Perak<br>No:3771<br>Hex coord:(24;69),n/a,0,0,0,0,0,0,1,2022-08-07T20:26:03.5189842Z,0
4.85787,100.6993566,Daerah: Perak<br>No:3772<br>Hex coord:(25;69),n/a,0,0,0,0,0,0,1,2022-08-07T20:26:04.1978168Z,0
4.86565,100.7129033,Daerah: Perak<br>No:3773<br>Hex coord:(26;69),n/a,0,0,0,0,0,0,1,2022-08-07T20:26:04.8806874Z,0
4.85787,100.72645,Daerah: Perak<br>No:3774<br>Hex coord:(27;69),n/a,0,0,0,0,0,0,1,2022-08-07T20:26:05.5620960Z,0
4.86565,100.7399968,Daerah: Perak<br>No:3775<br>Hex coord:(28;69),n/a,0,0,0,0,0,0,1,2022-08-07T20:26:06.3068393Z,0
4.85787,100.7535435,Daerah: Perak<br>No:3776<br>Hex coord:(29;69),n/a,0,0,0,0,0,0,1,2022-08-07T20:26:06.9907260Z,0
4.86565,100.7670902,Daerah: Perak<br>No:3777<br>Hex coord:(30;69),n/a,0,0,0,0,0,0,1,2022-08-07T20:26:07.6703208Z,0
4.85787,100.7806369,Daerah: Perak<br>No:3778<br>Hex coord:(31;69),n/a,0,0,0,0,0,0,1,2022-08-07T20:26:08.3563295Z,0
4.86565,100.7941836,Daerah: Perak<br>No:3779<br>Hex coord:(32;69),n/a,0,0,0,0,0,0,1,2022-08-07T20:26:09.0202395Z,0
4.85787,100.8077303,Daerah: Perak<br>No:3780<br>Hex coord:(33;69),n/a,0,0,0,0,0,0,1,2022-08-07T20:26:09.6886888Z,0
4.86565,100.821277,Daerah: Perak<br>No:3781<br>Hex coord:(34;69),n/a,0,0,0,0,0,0,1,2022-08-07T20:26:10.4405334Z,0
4.85787,100.8348237,Daerah: Perak<br>No:3782<br>Hex coord:(35;69),n/a,0,0,0,0,0,0,1,2022-08-07T20:26:11.2843617Z,0
4.86565,100.8483704,Daerah: Perak<br>No:3783<br>Hex coord:(36;69),n/a,0,0,0,0,0,0,1,2022-08-07T20:26:11.9631459Z,0
4.85787,100.8619171,Daerah: Perak<br>No:3784<br>Hex coord:(37;69),n/a,0,0,0,0,0,0,1,2022-08-07T20:26:12.6386581Z,0
4.86565,100.8754638,Daerah: Perak<br>No:3785<br>Hex coord:(38;69),n/a,0,0,0,0,0,0,1,2022-08-07T20:26:13.3180110Z,0
4.85787,100.8890105,Daerah: Perak<br>No:3786<br>Hex coord:(39;69),n/a,0,0,0,0,0,0,1,2022-08-07T20:26:14.0061358Z,0
4.86565,100.9025572,Daerah: Perak<br>No:3787<br>Hex coord:(40;69),n/a,1,0,0,0,0,0,1,2022-08-07T20:26:14.6878669Z,0
4.85787,100.9161039,Daerah: Perak<br>No:3788<br>Hex coord:(41;69),n/a,0,0,0,0,0,0,1,2022-08-07T20:26:15.3665518Z,0
4.86565,100.9296506,Daerah: Perak<br>No:3789<br>Hex coord:(42;69),n/a,0,0,0,0,0,0,1,2022-08-07T20:26:16.1442531Z,0
4.85787,100.9431973,Daerah: Perak<br>No:3790<br>Hex coord:(43;69),n/a,0,0,0,0,0,0,1,2022-08-07T20:26:16.8309856Z,0
4.86565,100.956744,Daerah: Perak<br>No:3791<br>Hex coord:(44;69),n/a,0,0,0,0,0,0,1,2022-08-07T20:26:17.5065465Z,0
4.85787,100.9702907,Daerah: Perak<br>No:3792<br>Hex coord:(45;69),n/a,0,0,0,0,0,0,1,2022-08-07T20:26:18.1886495Z,0
4.86565,100.9838374,Daerah: Perak<br>No:3793<br>Hex coord:(46;69),n/a,0,0,0,0,0,0,1,2022-08-07T20:26:18.8743115Z,0
4.85787,100.9973842,Daerah: Perak<br>No:3794<br>Hex coord:(47;69),n/a,0,0,0,0,0,0,1,2022-08-07T20:26:19.5686964Z,0
4.86565,101.0109309,Daerah: Perak<br>No:3795<br>Hex coord:(48;69),n/a,0,0,0,0,0,0,1,2022-08-07T20:26:20.2499219Z,0
4.85787,101.0244776,Daerah: Perak<br>No:3796<br>Hex coord:(49;69),n/a,0,0,0,0,0,0,1,2022-08-07T20:26:20.9877466Z,0
4.86565,101.0380243,Daerah: Perak<br>No:3797<br>Hex coord:(50;69),n/a,0,0,0,0,0,0,1,2022-08-07T20:26:21.6809033Z,0
4.85787,101.051571,Daerah: Perak<br>No:3798<br>Hex coord:(51;69),n/a,0,0,0,0,0,0,1,2022-08-07T20:26:22.3509315Z,0
4.86565,101.0651177,Daerah: Perak<br>No:3799<br>Hex coord:(52;69),n/a,0,0,0,0,0,0,1,2022-08-07T20:26:23.0420794Z,0
4.85787,101.0786644,Daerah: Perak<br>No:3800<br>Hex coord:(53;69),n/a,0,0,0,0,0,0,1,2022-08-07T20:26:23.7154477Z,0
4.86565,101.0922111,Daerah: Perak<br>No:3801<br>Hex coord:(54;69),n/a,0,0,0,0,0,0,1,2022-08-07T20:26:24.4013558Z,0
4.85787,101.1057578,Daerah: Perak<br>No:3802<br>Hex coord:(55;69),n/a,0,0,0,0,0,0,1,2022-08-07T20:26:25.0802977Z,0
4.86565,101.1193045,Daerah: Perak<br>No:3803<br>Hex coord:(56;69),n/a,0,0,0,0,0,0,1,2022-08-07T20:26:25.7584766Z,0
4.85787,101.1328512,Daerah: Perak<br>No:3804<br>Hex coord:(57;69),n/a,0,0,0,0,0,0,1,2022-08-07T20:26:26.4794667Z,0
4.86565,101.1463979,Daerah: Perak<br>No:3805<br>Hex coord:(58;69),n/a,0,0,0,0,0,0,1,2022-08-07T20:26:27.1592730Z,0
4.85787,101.1599446,Daerah: Perak<br>No:3806<br>Hex coord:(59;69),n/a,0,0,0,0,0,0,1,2022-08-07T20:26:27.8411263Z,0
4.86565,101.1734913,Daerah: Perak<br>No:3807<br>Hex coord:(60;69),n/a,0,0,0,0,0,0,1,2022-08-07T20:26:28.5277104Z,0
4.85787,101.187038,Daerah: Perak<br>No:3808<br>Hex coord:(61;69),n/a,1,0,0,0,0,0,1,2022-08-07T20:26:29.2003703Z,0
4.86565,101.2005847,Daerah: Perak<br>No:3809<br>Hex coord:(62;69),n/a,0,0,0,0,0,0,1,2022-08-07T20:26:29.9512772Z,0
4.85787,101.2141314,Daerah: Perak<br>No:3810<br>Hex coord:(63;69),n/a,0,0,0,0,0,0,1,2022-08-07T20:26:30.6421854Z,0
4.86565,101.2276781,Daerah: Perak<br>No:3811<br>Hex coord:(64;69),n/a,0,0,0,0,0,0,1,2022-08-07T20:26:31.3442501Z,0
4.85787,101.2412249,Daerah: Perak<br>No:3812<br>Hex coord:(65;69),n/a,0,0,0,0,0,0,1,2022-08-07T20:26:32.0339524Z,0
4.86565,101.2547716,Daerah: Perak<br>No:3813<br>Hex coord:(66;69),n/a,0,0,0,0,0,0,1,2022-08-07T20:26:32.7151334Z,0
4.85787,101.2683183,Daerah: Perak<br>No:3814<br>Hex coord:(67;69),n/a,0,0,0,0,0,0,1,2022-08-07T20:26:33.3865616Z,0
4.86565,101.281865,Daerah: Perak<br>No:3815<br>Hex coord:(68;69),n/a,0,0,0,0,0,0,1,2022-08-07T20:26:34.0518923Z,0
4.85787,101.2954117,Daerah: Perak<br>No:3816<br>Hex coord:(69;69),n/a,0,0,0,0,0,0,1,2022-08-07T20:26:34.7388085Z,0
4.86565,101.3089584,Daerah: Perak<br>No:3817<br>Hex coord:(70;69),n/a,0,0,0,0,0,0,1,2022-08-07T20:26:35.4253346Z,0
4.85787,101.3225051,Daerah: Perak<br>No:3818<br>Hex coord:(71;69),n/a,0,0,0,0,0,0,1,2022-08-07T20:26:36.2285185Z,0
4.86565,101.3360518,Daerah: Perak<br>No:3819<br>Hex coord:(72;69),n/a,0,0,0,0,0,0,1,2022-08-07T20:26:36.9112911Z,0
4.85787,101.3495985,Daerah: Perak<br>No:3820<br>Hex coord:(73;69),n/a,0,0,0,0,0,0,1,2022-08-07T20:26:37.5918444Z,0
4.86565,101.3631452,Daerah: Perak<br>No:3821<br>Hex coord:(74;69),n/a,0,0,0,0,0,0,1,2022-08-07T20:26:38.2648207Z,0
4.85787,101.3766919,Daerah: Perak<br>No:3822<br>Hex coord:(75;69),n/a,0,0,0,0,0,0,1,2022-08-07T20:26:38.9476200Z,0
4.86565,101.3902386,Daerah: Perak<br>No:3823<br>Hex coord:(76;69),n/a,0,0,0,0,0,0,1,2022-08-07T20:26:39.6208520Z,0
4.85787,101.4037853,Daerah: Perak<br>No:3824<br>Hex coord:(77;69),n/a,0,0,0,0,0,0,1,2022-08-07T20:26:40.3063076Z,0
4.86565,101.417332,Daerah: Perak<br>No:3825<br>Hex coord:(78;69),n/a,0,0,0,0,0,0,1,2022-08-07T20:26:40.9835923Z,0
4.84231,100.5638896,Daerah: Perak<br>No:3826<br>Hex coord:(15;70),n/a,0,0,0,0,0,0,1,2022-08-07T20:26:41.6644131Z,0
4.85009,100.5774363,Daerah: Perak<br>No:3827<br>Hex coord:(16;70),n/a,0,0,0,0,0,0,1,2022-08-07T20:26:42.3432475Z,0
4.84231,100.590983,Daerah: Perak<br>No:3828<br>Hex coord:(17;70),n/a,0,0,0,0,0,0,1,2022-08-07T20:26:43.0199140Z,0
4.85009,100.6045297,Daerah: Perak<br>No:3829<br>Hex coord:(18;70),n/a,0,0,0,0,0,0,1,2022-08-07T20:26:43.7093856Z,0
4.84231,100.6180764,Daerah: Perak<br>No:3830<br>Hex coord:(19;70),n/a,0,0,0,0,0,0,1,2022-08-07T20:26:44.3879251Z,0
4.85009,100.6316231,Daerah: Perak<br>No:3831<br>Hex coord:(20;70),n/a,0,0,0,0,0,0,1,2022-08-07T20:26:45.0657735Z,0
4.84231,100.6451698,Daerah: Perak<br>No:3832<br>Hex coord:(21;70),n/a,0,0,0,0,0,0,1,2022-08-07T20:26:45.7474758Z,0
4.85009,100.6587165,Daerah: Perak<br>No:3833<br>Hex coord:(22;70),n/a,0,0,0,0,0,0,1,2022-08-07T20:26:46.4520646Z,0
4.84231,100.6722632,Daerah: Perak<br>No:3834<br>Hex coord:(23;70),n/a,0,0,0,0,0,0,1,2022-08-07T20:26:47.1391911Z,0
4.85009,100.6858099,Daerah: Perak<br>No:3835<br>Hex coord:(24;70),n/a,0,0,0,0,0,0,1,2022-08-07T20:26:47.8278878Z,0
4.84231,100.6993566,Daerah: Perak<br>No:3836<br>Hex coord:(25;70),n/a,0,0,0,0,0,0,1,2022-08-07T20:26:48.5117021Z,0
4.85009,100.7129033,Daerah: Perak<br>No:3837<br>Hex coord:(26;70),n/a,0,0,0,0,0,0,1,2022-08-07T20:26:49.1921790Z,0
4.84231,100.72645,Daerah: Perak<br>No:3838<br>Hex coord:(27;70),n/a,0,0,0,0,0,0,1,2022-08-07T20:26:49.8782607Z,0
4.85009,100.7399968,Daerah: Perak<br>No:3839<br>Hex coord:(28;70),n/a,0,0,0,0,0,0,1,2022-08-07T20:26:50.5671326Z,0
4.84231,100.7535435,Daerah: Perak<br>No:3840<br>Hex coord:(29;70),n/a,0,0,0,0,0,0,1,2022-08-07T20:26:51.2453000Z,0
4.85009,100.7670902,Daerah: Perak<br>No:3841<br>Hex coord:(30;70),n/a,0,0,0,0,0,0,1,2022-08-07T20:26:51.9221052Z,0
4.84231,100.7806369,Daerah: Perak<br>No:3842<br>Hex coord:(31;70),n/a,0,0,0,0,0,0,1,2022-08-07T20:26:52.6049289Z,0
4.85009,100.7941836,Daerah: Perak<br>No:3843<br>Hex coord:(32;70),n/a,0,0,0,0,0,0,1,2022-08-07T20:26:53.2867115Z,0
4.84231,100.8077303,Daerah: Perak<br>No:3844<br>Hex coord:(33;70),n/a,0,0,0,0,0,0,1,2022-08-07T20:26:53.9562537Z,0
4.85009,100.821277,Daerah: Perak<br>No:3845<br>Hex coord:(34;70),n/a,0,0,0,0,0,0,1,2022-08-07T20:26:54.6349161Z,0
4.84231,100.8348237,Daerah: Perak<br>No:3846<br>Hex coord:(35;70),n/a,0,0,0,0,0,0,1,2022-08-07T20:26:55.3155279Z,0
4.85009,100.8483704,Daerah: Perak<br>No:3847<br>Hex coord:(36;70),n/a,0,0,0,0,0,0,1,2022-08-07T20:26:56.0643288Z,0
4.84231,100.8619171,Daerah: Perak<br>No:3848<br>Hex coord:(37;70),n/a,0,0,0,0,0,0,1,2022-08-07T20:26:56.7587036Z,0
4.85009,100.8754638,Daerah: Perak<br>No:3849<br>Hex coord:(38;70),n/a,0,0,0,0,0,0,1,2022-08-07T20:26:57.4406791Z,0
4.84231,100.8890105,Daerah: Perak<br>No:3850<br>Hex coord:(39;70),n/a,0,0,0,0,0,0,1,2022-08-07T20:26:58.1198501Z,0
4.85009,100.9025572,Daerah: Perak<br>No:3851<br>Hex coord:(40;70),n/a,2,0,0,0,0,0,1,2022-08-07T20:26:58.8004363Z,0
4.84231,100.9161039,Daerah: Perak<br>No:3852<br>Hex coord:(41;70),n/a,0,0,0,0,0,0,1,2022-08-07T20:26:59.4833699Z,0
4.85009,100.9296506,Daerah: Perak<br>No:3853<br>Hex coord:(42;70),n/a,0,0,0,0,0,0,1,2022-08-07T20:27:00.1645011Z,0
4.84231,100.9431973,Daerah: Perak<br>No:3854<br>Hex coord:(43;70),n/a,0,0,0,0,0,0,1,2022-08-07T20:27:00.8966164Z,0
4.85009,100.956744,Daerah: Perak<br>No:3855<br>Hex coord:(44;70),n/a,0,0,0,0,0,0,1,2022-08-07T20:27:01.5868714Z,0
4.84231,100.9702907,Daerah: Perak<br>No:3856<br>Hex coord:(45;70),n/a,0,0,0,0,0,0,1,2022-08-07T20:27:02.2720059Z,0
4.85009,100.9838374,Daerah: Perak<br>No:3857<br>Hex coord:(46;70),n/a,0,0,0,0,0,0,1,2022-08-07T20:27:02.9476951Z,0
4.84231,100.9973842,Daerah: Perak<br>No:3858<br>Hex coord:(47;70),n/a,0,0,0,0,0,0,1,2022-08-07T20:27:03.6185236Z,0
4.85009,101.0109309,Daerah: Perak<br>No:3859<br>Hex coord:(48;70),n/a,0,0,0,0,0,0,1,2022-08-07T20:27:04.2943016Z,0
4.84231,101.0244776,Daerah: Perak<br>No:3860<br>Hex coord:(49;70),n/a,0,0,0,0,0,0,1,2022-08-07T20:27:04.9620415Z,0
4.85009,101.0380243,Daerah: Perak<br>No:3861<br>Hex coord:(50;70),n/a,0,0,0,0,0,0,1,2022-08-07T20:27:05.6489212Z,0
4.84231,101.051571,Daerah: Perak<br>No:3862<br>Hex coord:(51;70),n/a,0,0,0,0,0,0,1,2022-08-07T20:27:06.3317373Z,0
4.85009,101.0651177,Daerah: Perak<br>No:3863<br>Hex coord:(52;70),n/a,0,0,0,0,0,0,1,2022-08-07T20:27:07.0063095Z,0
4.84231,101.0786644,Daerah: Perak<br>No:3864<br>Hex coord:(53;70),n/a,0,0,0,0,0,0,1,2022-08-07T20:27:07.6927087Z,0
4.85009,101.0922111,Daerah: Perak<br>No:3865<br>Hex coord:(54;70),n/a,0,0,0,0,0,0,1,2022-08-07T20:27:08.3666449Z,0
4.84231,101.1057578,Daerah: Perak<br>No:3866<br>Hex coord:(55;70),n/a,0,0,0,0,0,0,1,2022-08-07T20:27:09.0433767Z,0
4.85009,101.1193045,Daerah: Perak<br>No:3867<br>Hex coord:(56;70),n/a,0,0,0,0,0,0,1,2022-08-07T20:27:09.7308635Z,0
4.84231,101.1328512,Daerah: Perak<br>No:3868<br>Hex coord:(57;70),n/a,0,0,0,0,0,0,1,2022-08-07T20:27:10.4085112Z,0
4.85009,101.1463979,Daerah: Perak<br>No:3869<br>Hex coord:(58;70),n/a,0,0,0,0,0,0,1,2022-08-07T20:27:11.1227530Z,0
4.84231,101.1599446,Daerah: Perak<br>No:3870<br>Hex coord:(59;70),n/a,0,0,0,0,0,0,1,2022-08-07T20:27:11.7977603Z,0
4.85009,101.1734913,Daerah: Perak<br>No:3871<br>Hex coord:(60;70),n/a,0,0,0,0,0,0,1,2022-08-07T20:27:12.4836413Z,0
4.84231,101.187038,Daerah: Perak<br>No:3872<br>Hex coord:(61;70),n/a,0,0,0,0,0,0,1,2022-08-07T20:27:13.1546897Z,0
4.85009,101.2005847,Daerah: Perak<br>No:3873<br>Hex coord:(62;70),n/a,1,0,0,0,0,0,1,2022-08-07T20:27:13.8438120Z,0
4.84231,101.2141314,Daerah: Perak<br>No:3874<br>Hex coord:(63;70),n/a,0,0,0,0,0,0,1,2022-08-07T20:27:14.5244018Z,0
4.85009,101.2276781,Daerah: Perak<br>No:3875<br>Hex coord:(64;70),n/a,0,0,0,0,0,0,1,2022-08-07T20:27:15.2119300Z,0
4.84231,101.2412249,Daerah: Perak<br>No:3876<br>Hex coord:(65;70),n/a,0,0,0,0,0,0,1,2022-08-07T20:27:16.0890568Z,0
4.85009,101.2547716,Daerah: Perak<br>No:3877<br>Hex coord:(66;70),n/a,0,0,0,0,0,0,1,2022-08-07T20:27:21.7113663Z,0
4.84231,101.2683183,Daerah: Perak<br>No:3878<br>Hex coord:(67;70),n/a,0,0,0,0,0,0,1,2022-08-07T20:27:22.3883819Z,0
4.85009,101.281865,Daerah: Perak<br>No:3879<br>Hex coord:(68;70),n/a,0,0,0,0,0,0,1,2022-08-07T20:27:23.0646865Z,0
4.84231,101.2954117,Daerah: Perak<br>No:3880<br>Hex coord:(69;70),n/a,0,0,0,0,0,0,1,2022-08-07T20:27:23.7477802Z,0
4.85009,101.3089584,Daerah: Perak<br>No:3881<br>Hex coord:(70;70),n/a,0,0,0,0,0,0,1,2022-08-07T20:27:24.4090992Z,0
4.84231,101.3225051,Daerah: Perak<br>No:3882<br>Hex coord:(71;70),n/a,0,0,0,0,0,0,1,2022-08-07T20:27:25.0813395Z,0
4.85009,101.3360518,Daerah: Perak<br>No:3883<br>Hex coord:(72;70),n/a,0,0,0,0,0,0,1,2022-08-07T20:27:25.7558297Z,0
4.84231,101.3495985,Daerah: Perak<br>No:3884<br>Hex coord:(73;70),n/a,0,0,0,0,0,0,1,2022-08-07T20:27:26.4598409Z,0
4.85009,101.3631452,Daerah: Perak<br>No:3885<br>Hex coord:(74;70),n/a,0,0,0,0,0,0,1,2022-08-07T20:27:27.1465582Z,0
4.84231,101.3766919,Daerah: Perak<br>No:3886<br>Hex coord:(75;70),n/a,0,0,0,0,0,0,1,2022-08-07T20:27:27.8295022Z,0
4.85009,101.3902386,Daerah: Perak<br>No:3887<br>Hex coord:(76;70),n/a,0,0,0,0,0,0,1,2022-08-07T20:27:28.5162530Z,0
4.83453,100.5503429,Daerah: Perak<br>No:3888<br>Hex coord:(14;71),n/a,0,0,0,0,0,0,1,2022-08-07T20:27:29.1855466Z,0
4.82675,100.5638896,Daerah: Perak<br>No:3889<br>Hex coord:(15;71),n/a,0,0,0,0,0,0,1,2022-08-07T20:27:29.8720627Z,0
4.83453,100.5774363,Daerah: Perak<br>No:3890<br>Hex coord:(16;71),n/a,0,0,0,0,0,0,1,2022-08-07T20:27:30.5555659Z,0
4.82675,100.590983,Daerah: Perak<br>No:3891<br>Hex coord:(17;71),n/a,0,0,0,0,0,0,1,2022-08-07T20:27:31.3323331Z,0
4.83453,100.6045297,Daerah: Perak<br>No:3892<br>Hex coord:(18;71),n/a,0,0,0,0,0,0,1,2022-08-07T20:27:31.9999321Z,0
4.82675,100.6180764,Daerah: Perak<br>No:3893<br>Hex coord:(19;71),n/a,0,0,0,0,0,0,1,2022-08-07T20:27:32.7151189Z,0
4.83453,100.6316231,Daerah: Perak<br>No:3894<br>Hex coord:(20;71),n/a,0,0,0,0,0,0,1,2022-08-07T20:27:33.3878317Z,0
4.82675,100.6451698,Daerah: Perak<br>No:3895<br>Hex coord:(21;71),n/a,0,0,0,0,0,0,1,2022-08-07T20:27:34.0634842Z,0
4.83453,100.6587165,Daerah: Perak<br>No:3896<br>Hex coord:(22;71),n/a,0,0,0,0,0,0,1,2022-08-07T20:27:34.7389043Z,0
4.82675,100.6722632,Daerah: Perak<br>No:3897<br>Hex coord:(23;71),n/a,0,0,0,0,0,0,1,2022-08-07T20:27:35.4306963Z,0
4.83453,100.6858099,Daerah: Perak<br>No:3898<br>Hex coord:(24;71),n/a,0,0,0,0,0,0,1,2022-08-07T20:27:36.1099926Z,0
4.82675,100.6993566,Daerah: Perak<br>No:3899<br>Hex coord:(25;71),n/a,0,0,0,0,0,0,1,2022-08-07T20:27:36.7977670Z,0
4.83453,100.7129033,Daerah: Perak<br>No:3900<br>Hex coord:(26;71),n/a,0,0,0,0,0,0,1,2022-08-07T20:27:37.4884231Z,0
4.82675,100.72645,Daerah: Perak<br>No:3901<br>Hex coord:(27;71),n/a,0,0,0,0,0,0,1,2022-08-07T20:27:38.1703533Z,0
4.83453,100.7399968,Daerah: Perak<br>No:3902<br>Hex coord:(28;71),n/a,0,0,0,0,0,0,1,2022-08-07T20:27:38.8683313Z,0
4.82675,100.7535435,Daerah: Perak<br>No:3903<br>Hex coord:(29;71),n/a,0,0,0,0,0,0,1,2022-08-07T20:27:39.5500029Z,0
4.83453,100.7670902,Daerah: Perak<br>No:3904<br>Hex coord:(30;71),n/a,0,0,0,0,0,0,1,2022-08-07T20:27:40.2357316Z,0
4.82675,100.7806369,Daerah: Perak<br>No:3905<br>Hex coord:(31;71),n/a,0,0,0,0,0,0,1,2022-08-07T20:27:40.9583843Z,0
4.83453,100.7941836,Daerah: Perak<br>No:3906<br>Hex coord:(32;71),n/a,0,0,0,0,0,0,1,2022-08-07T20:27:41.6336872Z,0
4.82675,100.8077303,Daerah: Perak<br>No:3907<br>Hex coord:(33;71),n/a,0,0,0,0,0,0,1,2022-08-07T20:27:42.3053852Z,0
4.83453,100.821277,Daerah: Perak<br>No:3908<br>Hex coord:(34;71),n/a,0,0,0,0,0,0,1,2022-08-07T20:27:42.9874375Z,0
4.82675,100.8348237,Daerah: Perak<br>No:3909<br>Hex coord:(35;71),n/a,0,0,0,0,0,0,1,2022-08-07T20:27:43.6676387Z,0
4.83453,100.8483704,Daerah: Perak<br>No:3910<br>Hex coord:(36;71),n/a,0,0,0,0,0,0,1,2022-08-07T20:27:44.4251150Z,0
4.82675,100.8619171,Daerah: Perak<br>No:3911<br>Hex coord:(37;71),n/a,2,0,0,0,0,0,1,2022-08-07T20:27:45.1057322Z,0
4.83453,100.8754638,Daerah: Perak<br>No:3912<br>Hex coord:(38;71),n/a,0,0,0,0,0,0,1,2022-08-07T20:27:45.8004129Z,0
4.82675,100.8890105,Daerah: Perak<br>No:3913<br>Hex coord:(39;71),n/a,0,0,0,0,0,0,1,2022-08-07T20:27:46.4977748Z,0
4.83453,100.9025572,Daerah: Perak<br>No:3914<br>Hex coord:(40;71),n/a,0,0,0,0,0,0,1,2022-08-07T20:27:47.1657488Z,0
4.82675,100.9161039,Daerah: Perak<br>No:3915<br>Hex coord:(41;71),n/a,0,0,0,0,0,0,1,2022-08-07T20:27:47.8457443Z,0
4.83453,100.9296506,Daerah: Perak<br>No:3916<br>Hex coord:(42;71),n/a,0,0,0,0,0,0,1,2022-08-07T20:27:48.5167906Z,0
4.82675,100.9431973,Daerah: Perak<br>No:3917<br>Hex coord:(43;71),n/a,0,0,0,0,0,0,1,2022-08-07T20:27:49.2012996Z,0
4.83453,100.956744,Daerah: Perak<br>No:3918<br>Hex coord:(44;71),n/a,0,0,0,0,0,0,1,2022-08-07T20:27:49.8903269Z,0
4.82675,100.9702907,Daerah: Perak<br>No:3919<br>Hex coord:(45;71),n/a,1,0,0,0,0,0,1,2022-08-07T20:27:50.5825332Z,0
4.83453,100.9838374,Daerah: Perak<br>No:3920<br>Hex coord:(46;71),n/a,2,0,0,0,0,0,1,2022-08-07T20:27:51.2662184Z,0
4.82675,100.9973842,Daerah: Perak<br>No:3921<br>Hex coord:(47;71),n/a,0,0,0,0,0,0,1,2022-08-07T20:27:51.9510341Z,0
4.83453,101.0109309,Daerah: Perak<br>No:3922<br>Hex coord:(48;71),n/a,0,0,0,0,0,0,1,2022-08-07T20:27:52.6323166Z,0
4.82675,101.0244776,Daerah: Perak<br>No:3923<br>Hex coord:(49;71),n/a,0,0,0,0,0,0,1,2022-08-07T20:27:53.3012468Z,0
4.83453,101.0380243,Daerah: Perak<br>No:3924<br>Hex coord:(50;71),n/a,0,0,0,0,0,0,1,2022-08-07T20:27:53.9848668Z,0
4.82675,101.051571,Daerah: Perak<br>No:3925<br>Hex coord:(51;71),n/a,1,0,0,0,0,0,1,2022-08-07T20:27:54.6698557Z,0
4.83453,101.0651177,Daerah: Perak<br>No:3926<br>Hex coord:(52;71),n/a,0,0,0,0,0,0,1,2022-08-07T20:27:55.3573768Z,0
4.82675,101.0786644,Daerah: Perak<br>No:3927<br>Hex coord:(53;71),n/a,3,0,0,0,0,0,1,2022-08-07T20:27:56.0908683Z,0
4.83453,101.0922111,Daerah: Perak<br>No:3928<br>Hex coord:(54;71),n/a,0,0,0,0,0,0,1,2022-08-07T20:27:56.7691347Z,0
4.82675,101.1057578,Daerah: Perak<br>No:3929<br>Hex coord:(55;71),n/a,2,0,0,0,0,0,1,2022-08-07T20:27:57.4436689Z,0
4.83453,101.1193045,Daerah: Perak<br>No:3930<br>Hex coord:(56;71),n/a,0,0,0,0,0,0,1,2022-08-07T20:27:58.1319132Z,0
4.82675,101.1328512,Daerah: Perak<br>No:3931<br>Hex coord:(57;71),n/a,0,0,0,0,0,0,1,2022-08-07T20:27:58.8118708Z,0
4.83453,101.1463979,Daerah: Perak<br>No:3932<br>Hex coord:(58;71),n/a,0,0,0,0,0,0,1,2022-08-07T20:27:59.5062226Z,0
4.82675,101.1599446,Daerah: Perak<br>No:3933<br>Hex coord:(59;71),n/a,0,0,0,0,0,0,1,2022-08-07T20:28:00.1791357Z,0
4.83453,101.1734913,Daerah: Perak<br>No:3934<br>Hex coord:(60;71),n/a,0,0,0,0,0,0,1,2022-08-07T20:28:00.9092410Z,0
4.82675,101.187038,Daerah: Perak<br>No:3935<br>Hex coord:(61;71),n/a,0,0,0,0,0,0,1,2022-08-07T20:28:01.5967618Z,0
4.83453,101.2005847,Daerah: Perak<br>No:3936<br>Hex coord:(62;71),n/a,0,0,0,0,0,0,1,2022-08-07T20:28:02.2835135Z,0
4.82675,101.2141314,Daerah: Perak<br>No:3937<br>Hex coord:(63;71),n/a,0,0,0,0,0,0,1,2022-08-07T20:28:02.9635162Z,0
4.83453,101.2276781,Daerah: Perak<br>No:3938<br>Hex coord:(64;71),n/a,0,0,0,0,0,0,1,2022-08-07T20:28:03.6507633Z,0
4.82675,101.2412249,Daerah: Perak<br>No:3939<br>Hex coord:(65;71),n/a,0,0,0,0,0,0,1,2022-08-07T20:28:04.3245387Z,0
4.83453,101.2547716,Daerah: Perak<br>No:3940<br>Hex coord:(66;71),n/a,0,0,0,0,0,0,1,2022-08-07T20:28:05.0058071Z,0
4.82675,101.2683183,Daerah: Perak<br>No:3941<br>Hex coord:(67;71),n/a,0,0,0,0,0,0,1,2022-08-07T20:28:05.6835714Z,0
4.83453,101.281865,Daerah: Perak<br>No:3942<br>Hex coord:(68;71),n/a,0,0,0,0,0,0,1,2022-08-07T20:28:06.3600671Z,0
4.82675,101.2954117,Daerah: Perak<br>No:3943<br>Hex coord:(69;71),n/a,0,0,0,0,0,0,1,2022-08-07T20:28:07.0528293Z,0
4.83453,101.3089584,Daerah: Perak<br>No:3944<br>Hex coord:(70;71),n/a,0,0,0,0,0,0,1,2022-08-07T20:28:07.7189821Z,0
4.82675,101.3225051,Daerah: Perak<br>No:3945<br>Hex coord:(71;71),n/a,0,0,0,0,0,0,1,2022-08-07T20:28:08.4086833Z,0
4.83453,101.3360518,Daerah: Perak<br>No:3946<br>Hex coord:(72;71),n/a,0,0,0,0,0,0,1,2022-08-07T20:28:09.0813401Z,0
4.82675,101.3495985,Daerah: Perak<br>No:3947<br>Hex coord:(73;71),n/a,0,0,0,0,0,0,1,2022-08-07T20:28:09.7671609Z,0
4.83453,101.3631452,Daerah: Perak<br>No:3948<br>Hex coord:(74;71),n/a,0,0,0,0,0,0,1,2022-08-07T20:28:10.4470359Z,0
4.82675,101.3766919,Daerah: Perak<br>No:3949<br>Hex coord:(75;71),n/a,0,0,0,0,0,0,1,2022-08-07T20:28:11.1756085Z,0
4.83453,101.3902386,Daerah: Perak<br>No:3950<br>Hex coord:(76;71),n/a,0,0,0,0,0,0,1,2022-08-07T20:28:11.8605868Z,0
4.82675,101.4037853,Daerah: Perak<br>No:3951<br>Hex coord:(77;71),n/a,0,0,0,0,0,0,1,2022-08-07T20:28:12.5443129Z,0
4.81119,100.5638896,Daerah: Perak<br>No:3952<br>Hex coord:(15;72),n/a,0,0,0,0,0,0,1,2022-08-07T20:28:13.2164302Z,0
4.81897,100.5774363,Daerah: Perak<br>No:3953<br>Hex coord:(16;72),n/a,0,0,0,0,0,0,1,2022-08-07T20:28:13.8951314Z,0
4.81119,100.590983,Daerah: Perak<br>No:3954<br>Hex coord:(17;72),n/a,0,0,0,0,0,0,1,2022-08-07T20:28:14.5729646Z,0
4.81897,100.6045297,Daerah: Perak<br>No:3955<br>Hex coord:(18;72),n/a,0,0,0,0,0,0,1,2022-08-07T20:28:15.2499328Z,0
4.81119,100.6180764,Daerah: Perak<br>No:3956<br>Hex coord:(19;72),n/a,0,0,0,0,0,0,1,2022-08-07T20:28:15.9571468Z,0
4.81897,100.6316231,Daerah: Perak<br>No:3957<br>Hex coord:(20;72),n/a,0,0,0,0,0,0,1,2022-08-07T20:28:16.6253600Z,0
4.81119,100.6451698,Daerah: Perak<br>No:3958<br>Hex coord:(21;72),n/a,0,0,0,0,0,0,1,2022-08-07T20:28:17.3073352Z,0
4.81897,100.6587165,Daerah: Perak<br>No:3959<br>Hex coord:(22;72),n/a,0,0,0,0,0,0,1,2022-08-07T20:28:17.9721674Z,0
4.81119,100.6722632,Daerah: Perak<br>No:3960<br>Hex coord:(23;72),n/a,0,0,0,0,0,0,1,2022-08-07T20:28:18.6644569Z,0
4.81897,100.6858099,Daerah: Perak<br>No:3961<br>Hex coord:(24;72),n/a,0,0,0,0,0,0,1,2022-08-07T20:28:19.3451945Z,0
4.81119,100.6993566,Daerah: Perak<br>No:3962<br>Hex coord:(25;72),n/a,0,0,0,0,0,0,1,2022-08-07T20:28:20.0364296Z,0
4.81897,100.7129033,Daerah: Perak<br>No:3963<br>Hex coord:(26;72),n/a,0,0,0,0,0,0,1,2022-08-07T20:28:20.7285225Z,0
4.81119,100.72645,Daerah: Perak<br>No:3964<br>Hex coord:(27;72),n/a,0,0,0,0,0,0,1,2022-08-07T20:28:21.4067865Z,0
4.81897,100.7399968,Daerah: Perak<br>No:3965<br>Hex coord:(28;72),n/a,0,0,0,0,0,0,1,2022-08-07T20:28:22.1054362Z,0
4.81119,100.7535435,Daerah: Perak<br>No:3966<br>Hex coord:(29;72),n/a,0,0,0,0,0,0,1,2022-08-07T20:28:22.7984547Z,0
4.81897,100.7670902,Daerah: Perak<br>No:3967<br>Hex coord:(30;72),n/a,0,0,0,0,0,0,1,2022-08-07T20:28:23.4833011Z,0
4.81119,100.7806369,Daerah: Perak<br>No:3968<br>Hex coord:(31;72),n/a,0,0,0,0,0,0,1,2022-08-07T20:28:24.1734958Z,0
4.81897,100.7941836,Daerah: Perak<br>No:3969<br>Hex coord:(32;72),n/a,0,0,0,0,0,0,1,2022-08-07T20:28:24.8525858Z,0
4.81119,100.8077303,Daerah: Perak<br>No:3970<br>Hex coord:(33;72),n/a,0,0,0,0,0,0,1,2022-08-07T20:28:25.5341815Z,0
4.81897,100.821277,Daerah: Perak<br>No:3971<br>Hex coord:(34;72),n/a,0,0,0,0,0,0,1,2022-08-07T20:28:26.3410074Z,0
4.81119,100.8348237,Daerah: Perak<br>No:3972<br>Hex coord:(35;72),n/a,0,0,0,0,0,0,1,2022-08-07T20:28:27.0144322Z,0
4.81897,100.8483704,Daerah: Perak<br>No:3973<br>Hex coord:(36;72),n/a,0,0,0,0,0,0,1,2022-08-07T20:28:27.7016707Z,0
4.81119,100.8619171,Daerah: Perak<br>No:3974<br>Hex coord:(37;72),n/a,0,0,0,0,0,0,1,2022-08-07T20:28:28.3807127Z,0
4.81897,100.8754638,Daerah: Perak<br>No:3975<br>Hex coord:(38;72),n/a,2,0,0,0,0,0,1,2022-08-07T20:28:29.0581904Z,0
4.81119,100.8890105,Daerah: Perak<br>No:3976<br>Hex coord:(39;72),n/a,0,0,0,0,0,0,1,2022-08-07T20:28:29.7439300Z,0
4.81897,100.9025572,Daerah: Perak<br>No:3977<br>Hex coord:(40;72),n/a,0,0,0,0,0,0,1,2022-08-07T20:28:30.4190285Z,0
4.81119,100.9161039,Daerah: Perak<br>No:3978<br>Hex coord:(41;72),n/a,0,0,0,0,0,0,1,2022-08-07T20:28:31.1544136Z,0
4.81897,100.9296506,Daerah: Perak<br>No:3979<br>Hex coord:(42;72),n/a,0,0,0,0,0,0,1,2022-08-07T20:28:31.8313102Z,0
4.81119,100.9431973,Daerah: Perak<br>No:3980<br>Hex coord:(43;72),n/a,0,0,0,0,0,0,1,2022-08-07T20:28:32.5213635Z,0
4.81897,100.956744,Daerah: Perak<br>No:3981<br>Hex coord:(44;72),n/a,2,0,0,0,0,0,1,2022-08-07T20:28:33.2018443Z,0
4.81119,100.9702907,Daerah: Perak<br>No:3982<br>Hex coord:(45;72),n/a,0,0,0,0,0,0,1,2022-08-07T20:28:33.8877179Z,0
4.81897,100.9838374,Daerah: Perak<br>No:3983<br>Hex coord:(46;72),n/a,0,0,0,0,0,0,1,2022-08-07T20:28:34.5756444Z,0
4.81119,100.9973842,Daerah: Perak<br>No:3984<br>Hex coord:(47;72),n/a,0,0,0,0,0,0,1,2022-08-07T20:28:35.2549234Z,0
4.81897,101.0109309,Daerah: Perak<br>No:3985<br>Hex coord:(48;72),n/a,0,0,0,0,0,0,1,2022-08-07T20:28:35.9906616Z,0
4.81119,101.0244776,Daerah: Perak<br>No:3986<br>Hex coord:(49;72),n/a,0,0,0,0,0,0,1,2022-08-07T20:28:36.6679321Z,0
4.81897,101.0380243,Daerah: Perak<br>No:3987<br>Hex coord:(50;72),n/a,0,0,0,0,0,0,1,2022-08-07T20:28:37.3514545Z,0
4.81119,101.051571,Daerah: Perak<br>No:3988<br>Hex coord:(51;72),n/a,0,0,0,0,0,0,1,2022-08-07T20:28:38.0305908Z,0
4.81897,101.0651177,Daerah: Perak<br>No:3989<br>Hex coord:(52;72),n/a,3,0,0,0,0,0,1,2022-08-07T20:28:38.7171195Z,0
4.81119,101.0786644,Daerah: Perak<br>No:3990<br>Hex coord:(53;72),n/a,5,0,0,0,0,0,1,2022-08-07T20:28:39.4183663Z,0
4.81897,101.0922111,Daerah: Perak<br>No:3991<br>Hex coord:(54;72),n/a,5,0,0,0,0,0,1,2022-08-07T20:28:40.0982337Z,0
4.81119,101.1057578,Daerah: Perak<br>No:3992<br>Hex coord:(55;72),n/a,0,0,0,0,0,0,1,2022-08-07T20:28:40.8645137Z,0
4.81897,101.1193045,Daerah: Perak<br>No:3993<br>Hex coord:(56;72),n/a,0,0,0,0,0,0,1,2022-08-07T20:28:41.5440773Z,0
4.81119,101.1328512,Daerah: Perak<br>No:3994<br>Hex coord:(57;72),n/a,1,0,0,0,0,0,1,2022-08-07T20:28:42.2294227Z,0
4.81897,101.1463979,Daerah: Perak<br>No:3995<br>Hex coord:(58;72),n/a,0,0,0,0,0,0,1,2022-08-07T20:28:42.9013500Z,0
4.81119,101.1599446,Daerah: Perak<br>No:3996<br>Hex coord:(59;72),n/a,0,0,0,0,0,0,1,2022-08-07T20:28:43.5746726Z,0
4.81897,101.1734913,Daerah: Perak<br>No:3997<br>Hex coord:(60;72),n/a,0,0,0,0,0,0,1,2022-08-07T20:28:44.2458861Z,0
4.81119,101.187038,Daerah: Perak<br>No:3998<br>Hex coord:(61;72),n/a,0,0,0,0,0,0,1,2022-08-07T20:28:44.9162373Z,0
4.81897,101.2005847,Daerah: Perak<br>No:3999<br>Hex coord:(62;72),n/a,0,0,0,0,0,0,1,2022-08-07T20:28:45.5994917Z,0
4.81119,101.2141314,Daerah: Perak<br>No:4000<br>Hex coord:(63;72),n/a,0,0,0,0,0,0,1,2022-08-07T20:28:46.5266233Z,0
4.81897,101.2276781,Daerah: Perak<br>No:4001<br>Hex coord:(64;72),n/a,0,0,0,0,0,0,1,2022-08-07T20:28:47.3343213Z,0
4.81119,101.2412249,Daerah: Perak<br>No:4002<br>Hex coord:(65;72),n/a,0,0,0,0,0,0,1,2022-08-07T20:28:48.0155177Z,0
4.81897,101.2547716,Daerah: Perak<br>No:4003<br>Hex coord:(66;72),n/a,0,0,0,0,0,0,1,2022-08-07T20:28:48.7046729Z,0
4.81119,101.2683183,Daerah: Perak<br>No:4004<br>Hex coord:(67;72),n/a,0,0,0,0,0,0,1,2022-08-07T20:28:49.3966698Z,0
4.81897,101.281865,Daerah: Perak<br>No:4005<br>Hex coord:(68;72),n/a,0,0,0,0,0,0,1,2022-08-07T20:28:50.0829556Z,0
4.81119,101.2954117,Daerah: Perak<br>No:4006<br>Hex coord:(69;72),n/a,0,0,0,0,0,0,1,2022-08-07T20:28:50.7774375Z,0
4.81897,101.3089584,Daerah: Perak<br>No:4007<br>Hex coord:(70;72),n/a,0,0,0,0,0,0,1,2022-08-07T20:28:51.4758658Z,0
4.81119,101.3225051,Daerah: Perak<br>No:4008<br>Hex coord:(71;72),n/a,0,0,0,0,0,0,1,2022-08-07T20:28:52.3898801Z,0
4.81897,101.3360518,Daerah: Perak<br>No:4009<br>Hex coord:(72;72),n/a,0,0,0,0,0,0,1,2022-08-07T20:28:53.1157161Z,0
4.81119,101.3495985,Daerah: Perak<br>No:4010<br>Hex coord:(73;72),n/a,0,0,0,0,0,0,1,2022-08-07T20:28:53.8094994Z,0
4.81897,101.3631452,Daerah: Perak<br>No:4011<br>Hex coord:(74;72),n/a,0,0,0,0,0,0,1,2022-08-07T20:28:54.5278486Z,0
4.81119,101.3766919,Daerah: Perak<br>No:4012<br>Hex coord:(75;72),n/a,0,0,0,0,0,0,1,2022-08-07T20:28:55.2213683Z,0
4.81897,101.3902386,Daerah: Perak<br>No:4013<br>Hex coord:(76;72),n/a,0,0,0,0,0,0,1,2022-08-07T20:28:55.9037549Z,0
4.81119,101.4037853,Daerah: Perak<br>No:4014<br>Hex coord:(77;72),n/a,0,0,0,0,0,0,1,2022-08-07T20:28:56.5967618Z,0
4.79563,100.5638896,Daerah: Perak<br>No:4015<br>Hex coord:(15;73),n/a,0,0,0,0,0,0,1,2022-08-07T20:28:57.3311291Z,0
4.80341,100.5774363,Daerah: Perak<br>No:4016<br>Hex coord:(16;73),n/a,0,0,0,0,0,0,1,2022-08-07T20:28:58.0148016Z,0
4.79563,100.590983,Daerah: Perak<br>No:4017<br>Hex coord:(17;73),n/a,0,0,0,0,0,0,1,2022-08-07T20:28:58.6942187Z,0
4.80341,100.6045297,Daerah: Perak<br>No:4018<br>Hex coord:(18;73),n/a,0,0,0,0,0,0,1,2022-08-07T20:28:59.3925338Z,0
4.79563,100.6180764,Daerah: Perak<br>No:4019<br>Hex coord:(19;73),n/a,0,0,0,0,0,0,1,2022-08-07T20:29:00.0821683Z,0
4.80341,100.6316231,Daerah: Perak<br>No:4020<br>Hex coord:(20;73),n/a,0,0,0,0,0,0,1,2022-08-07T20:29:00.7805568Z,0
4.79563,100.6451698,Daerah: Perak<br>No:4021<br>Hex coord:(21;73),n/a,0,0,0,0,0,0,1,2022-08-07T20:29:01.4763433Z,0
4.80341,100.6587165,Daerah: Perak<br>No:4022<br>Hex coord:(22;73),n/a,0,0,0,0,0,0,1,2022-08-07T20:29:02.1931069Z,0
4.79563,100.6722632,Daerah: Perak<br>No:4023<br>Hex coord:(23;73),n/a,0,0,0,0,0,0,1,2022-08-07T20:29:02.8902177Z,0
4.80341,100.6858099,Daerah: Perak<br>No:4024<br>Hex coord:(24;73),n/a,0,0,0,0,0,0,1,2022-08-07T20:29:03.5967250Z,0
4.79563,100.6993566,Daerah: Perak<br>No:4025<br>Hex coord:(25;73),n/a,0,0,0,0,0,0,1,2022-08-07T20:29:04.2760673Z,0
4.80341,100.7129033,Daerah: Perak<br>No:4026<br>Hex coord:(26;73),n/a,0,0,0,0,0,0,1,2022-08-07T20:29:04.9734330Z,0
4.79563,100.72645,Daerah: Perak<br>No:4027<br>Hex coord:(27;73),n/a,0,0,0,0,0,0,1,2022-08-07T20:29:05.6808486Z,0
4.80341,100.7399968,Daerah: Perak<br>No:4028<br>Hex coord:(28;73),n/a,0,0,0,0,0,0,1,2022-08-07T20:29:06.3976706Z,0
4.79563,100.7535435,Daerah: Perak<br>No:4029<br>Hex coord:(29;73),n/a,0,0,0,0,0,0,1,2022-08-07T20:29:07.1218463Z,0
4.80341,100.7670902,Daerah: Perak<br>No:4030<br>Hex coord:(30;73),n/a,0,0,0,0,0,0,1,2022-08-07T20:29:07.8263547Z,0
4.79563,100.7806369,Daerah: Perak<br>No:4031<br>Hex coord:(31;73),n/a,0,0,0,0,0,0,1,2022-08-07T20:29:08.5307586Z,0
4.80341,100.7941836,Daerah: Perak<br>No:4032<br>Hex coord:(32;73),n/a,0,0,0,0,0,0,1,2022-08-07T20:29:09.2222546Z,0
4.79563,100.8077303,Daerah: Perak<br>No:4033<br>Hex coord:(33;73),n/a,0,0,0,0,0,0,1,2022-08-07T20:29:09.9049293Z,0
4.80341,100.821277,Daerah: Perak<br>No:4034<br>Hex coord:(34;73),n/a,0,0,0,0,0,0,1,2022-08-07T20:29:10.6038419Z,0
4.79563,100.8348237,Daerah: Perak<br>No:4035<br>Hex coord:(35;73),n/a,0,0,0,0,0,0,1,2022-08-07T20:29:11.2833826Z,0
4.80341,100.8483704,Daerah: Perak<br>No:4036<br>Hex coord:(36;73),n/a,0,0,0,0,0,0,1,2022-08-07T20:29:12.0068008Z,0
4.79563,100.8619171,Daerah: Perak<br>No:4037<br>Hex coord:(37;73),n/a,1,0,0,0,0,0,1,2022-08-07T20:29:12.6987248Z,0
4.80341,100.8754638,Daerah: Perak<br>No:4038<br>Hex coord:(38;73),n/a,0,0,0,0,0,0,1,2022-08-07T20:29:13.3923700Z,0
4.79563,100.8890105,Daerah: Perak<br>No:4039<br>Hex coord:(39;73),n/a,1,0,0,0,0,0,1,2022-08-07T20:29:14.0727152Z,0
4.80341,100.9025572,Daerah: Perak<br>No:4040<br>Hex coord:(40;73),n/a,0,0,0,0,0,0,1,2022-08-07T20:29:14.7688886Z,0
4.79563,100.9161039,Daerah: Perak<br>No:4041<br>Hex coord:(41;73),n/a,0,0,0,0,0,0,1,2022-08-07T20:29:15.4604277Z,0
4.80341,100.9296506,Daerah: Perak<br>No:4042<br>Hex coord:(42;73),n/a,0,0,0,0,0,0,1,2022-08-07T20:29:16.1581976Z,0
4.79563,100.9431973,Daerah: Perak<br>No:4043<br>Hex coord:(43;73),n/a,0,0,0,0,0,0,1,2022-08-07T20:29:17.4756515Z,0
4.80341,100.956744,Daerah: Perak<br>No:4044<br>Hex coord:(44;73),n/a,0,0,0,0,0,0,1,2022-08-07T20:29:18.1729518Z,0
4.79563,100.9702907,Daerah: Perak<br>No:4045<br>Hex coord:(45;73),n/a,0,0,0,0,0,0,1,2022-08-07T20:29:18.8627453Z,0
4.80341,100.9838374,Daerah: Perak<br>No:4046<br>Hex coord:(46;73),n/a,0,0,0,0,0,0,1,2022-08-07T20:29:19.5636812Z,0
4.79563,100.9973842,Daerah: Perak<br>No:4047<br>Hex coord:(47;73),n/a,0,0,0,0,0,0,1,2022-08-07T20:29:20.2799116Z,0
4.80341,101.0109309,Daerah: Perak<br>No:4048<br>Hex coord:(48;73),n/a,0,0,0,0,0,0,1,2022-08-07T20:29:20.9837604Z,0
4.79563,101.0244776,Daerah: Perak<br>No:4049<br>Hex coord:(49;73),n/a,0,0,0,0,0,0,1,2022-08-07T20:29:21.6758301Z,0
4.80341,101.0380243,Daerah: Perak<br>No:4050<br>Hex coord:(50;73),n/a,0,0,0,0,0,0,1,2022-08-07T20:29:22.4050078Z,0
4.79563,101.051571,Daerah: Perak<br>No:4051<br>Hex coord:(51;73),n/a,0,0,0,0,0,0,1,2022-08-07T20:29:23.1262792Z,0
4.80341,101.0651177,Daerah: Perak<br>No:4052<br>Hex coord:(52;73),n/a,0,0,0,0,0,0,1,2022-08-07T20:29:23.8344102Z,0
4.79563,101.0786644,Daerah: Perak<br>No:4053<br>Hex coord:(53;73),n/a,0,0,0,0,0,0,1,2022-08-07T20:29:24.5231149Z,0
4.80341,101.0922111,Daerah: Perak<br>No:4054<br>Hex coord:(54;73),n/a,2,0,0,0,0,0,1,2022-08-07T20:29:25.2218174Z,0
4.79563,101.1057578,Daerah: Perak<br>No:4055<br>Hex coord:(55;73),n/a,0,0,0,0,0,0,1,2022-08-07T20:29:25.9215932Z,0
4.80341,101.1193045,Daerah: Perak<br>No:4056<br>Hex coord:(56;73),n/a,0,0,0,0,0,0,1,2022-08-07T20:29:26.6207891Z,0
4.79563,101.1328512,Daerah: Perak<br>No:4057<br>Hex coord:(57;73),n/a,0,0,0,0,0,0,1,2022-08-07T20:29:27.3495789Z,0
4.80341,101.1463979,Daerah: Perak<br>No:4058<br>Hex coord:(58;73),n/a,0,0,0,0,0,0,1,2022-08-07T20:29:28.0355438Z,0
4.79563,101.1599446,Daerah: Perak<br>No:4059<br>Hex coord:(59;73),n/a,0,0,0,0,0,0,1,2022-08-07T20:29:28.7315745Z,0
4.80341,101.1734913,Daerah: Perak<br>No:4060<br>Hex coord:(60;73),n/a,0,0,0,0,0,0,1,2022-08-07T20:29:29.4129488Z,0
4.79563,101.187038,Daerah: Perak<br>No:4061<br>Hex coord:(61;73),n/a,0,0,0,0,0,0,1,2022-08-07T20:29:30.0962426Z,0
4.80341,101.2005847,Daerah: Perak<br>No:4062<br>Hex coord:(62;73),n/a,0,0,0,0,0,0,1,2022-08-07T20:29:30.7895861Z,0
4.79563,101.2141314,Daerah: Perak<br>No:4063<br>Hex coord:(63;73),n/a,0,0,0,0,0,0,1,2022-08-07T20:29:31.4658496Z,0
4.80341,101.2276781,Daerah: Perak<br>No:4064<br>Hex coord:(64;73),n/a,0,0,0,0,0,0,1,2022-08-07T20:29:32.1878741Z,0
4.79563,101.2412249,Daerah: Perak<br>No:4065<br>Hex coord:(65;73),n/a,0,0,0,0,0,0,1,2022-08-07T20:29:32.8740033Z,0
4.80341,101.2547716,Daerah: Perak<br>No:4066<br>Hex coord:(66;73),n/a,0,0,0,0,0,0,1,2022-08-07T20:29:33.5654016Z,0
4.79563,101.2683183,Daerah: Perak<br>No:4067<br>Hex coord:(67;73),n/a,0,0,0,0,0,0,1,2022-08-07T20:29:34.2498061Z,0
4.80341,101.281865,Daerah: Perak<br>No:4068<br>Hex coord:(68;73),n/a,0,0,0,0,0,0,1,2022-08-07T20:29:34.9445895Z,0
4.79563,101.2954117,Daerah: Perak<br>No:4069<br>Hex coord:(69;73),n/a,0,0,0,0,0,0,1,2022-08-07T20:29:35.6214607Z,0
4.80341,101.3089584,Daerah: Perak<br>No:4070<br>Hex coord:(70;73),n/a,0,0,0,0,0,0,1,2022-08-07T20:29:36.3126085Z,0
4.79563,101.3225051,Daerah: Perak<br>No:4071<br>Hex coord:(71;73),n/a,0,0,0,0,0,0,1,2022-08-07T20:29:37.1396070Z,0
4.80341,101.3360518,Daerah: Perak<br>No:4072<br>Hex coord:(72;73),n/a,0,0,0,0,0,0,1,2022-08-07T20:29:37.8396725Z,0
4.79563,101.3495985,Daerah: Perak<br>No:4073<br>Hex coord:(73;73),n/a,0,0,0,0,0,0,1,2022-08-07T20:29:38.5237004Z,0
4.80341,101.3631452,Daerah: Perak<br>No:4074<br>Hex coord:(74;73),n/a,0,0,0,0,0,0,1,2022-08-07T20:29:39.2142363Z,0
4.79563,101.3766919,Daerah: Perak<br>No:4075<br>Hex coord:(75;73),n/a,0,0,0,0,0,0,1,2022-08-07T20:29:39.9140778Z,0
4.80341,101.3902386,Daerah: Perak<br>No:4076<br>Hex coord:(76;73),n/a,0,0,0,0,0,0,1,2022-08-07T20:29:40.6067972Z,0
4.79563,101.4037853,Daerah: Perak<br>No:4077<br>Hex coord:(77;73),n/a,0,0,0,0,0,0,1,2022-08-07T20:29:41.2989515Z,0
4.78785,100.5774363,Daerah: Perak<br>No:4078<br>Hex coord:(16;74),n/a,0,0,0,0,0,0,1,2022-08-07T20:29:42.0267347Z,0
4.78007,100.6180764,Daerah: Perak<br>No:4079<br>Hex coord:(19;74),n/a,0,0,0,0,0,0,1,2022-08-07T20:29:42.7313061Z,0
4.78785,100.6316231,Daerah: Perak<br>No:4080<br>Hex coord:(20;74),n/a,0,0,0,0,0,0,1,2022-08-07T20:29:43.4364101Z,0
4.78007,100.6451698,Daerah: Perak<br>No:4081<br>Hex coord:(21;74),n/a,0,0,0,0,0,0,1,2022-08-07T20:29:44.1312520Z,0
4.78785,100.6587165,Daerah: Perak<br>No:4082<br>Hex coord:(22;74),n/a,0,0,0,0,0,0,1,2022-08-07T20:29:44.8198429Z,0
4.78007,100.6722632,Daerah: Perak<br>No:4083<br>Hex coord:(23;74),n/a,0,0,0,0,0,0,1,2022-08-07T20:29:45.4986097Z,0
4.78785,100.6858099,Daerah: Perak<br>No:4084<br>Hex coord:(24;74),n/a,0,0,0,0,0,0,1,2022-08-07T20:29:46.2093262Z,0
4.78007,100.6993566,Daerah: Perak<br>No:4085<br>Hex coord:(25;74),n/a,0,0,0,0,0,0,1,2022-08-07T20:29:46.9300561Z,0
4.78785,100.7129033,Daerah: Perak<br>No:4086<br>Hex coord:(26;74),n/a,0,0,0,0,0,0,1,2022-08-07T20:29:47.6363871Z,0
4.78007,100.72645,Daerah: Perak<br>No:4087<br>Hex coord:(27;74),n/a,0,0,0,0,0,0,1,2022-08-07T20:29:48.3251310Z,0
4.78785,100.7399968,Daerah: Perak<br>No:4088<br>Hex coord:(28;74),n/a,0,0,0,0,0,0,1,2022-08-07T20:29:49.0185451Z,0
4.78007,100.7535435,Daerah: Perak<br>No:4089<br>Hex coord:(29;74),n/a,0,0,0,0,0,0,1,2022-08-07T20:29:49.7112164Z,0
4.78785,100.7670902,Daerah: Perak<br>No:4090<br>Hex coord:(30;74),n/a,0,0,0,0,0,0,1,2022-08-07T20:29:50.3975489Z,0
4.78007,100.7806369,Daerah: Perak<br>No:4091<br>Hex coord:(31;74),n/a,0,0,0,0,0,0,1,2022-08-07T20:29:51.0776157Z,0
4.78785,100.7941836,Daerah: Perak<br>No:4092<br>Hex coord:(32;74),n/a,0,0,0,0,0,0,1,2022-08-07T20:29:51.7787494Z,0
4.78007,100.8077303,Daerah: Perak<br>No:4093<br>Hex coord:(33;74),n/a,0,0,0,0,0,0,1,2022-08-07T20:29:52.5182928Z,0
4.78785,100.821277,Daerah: Perak<br>No:4094<br>Hex coord:(34;74),n/a,0,0,0,0,0,0,1,2022-08-07T20:29:53.2267027Z,0
4.78007,100.8348237,Daerah: Perak<br>No:4095<br>Hex coord:(35;74),n/a,4,0,0,0,0,0,1,2022-08-07T20:29:53.9181863Z,0
4.78785,100.8483704,Daerah: Perak<br>No:4096<br>Hex coord:(36;74),n/a,0,0,0,0,0,0,1,2022-08-07T20:29:54.6256243Z,0
4.78007,100.8619171,Daerah: Perak<br>No:4097<br>Hex coord:(37;74),n/a,0,0,0,0,0,0,1,2022-08-07T20:29:55.3301415Z,0
4.78785,100.8754638,Daerah: Perak<br>No:4098<br>Hex coord:(38;74),n/a,0,0,0,0,0,0,1,2022-08-07T20:29:56.0294138Z,0
4.78007,100.8890105,Daerah: Perak<br>No:4099<br>Hex coord:(39;74),n/a,2,0,0,0,0,0,1,2022-08-07T20:29:56.7256062Z,0
4.78785,100.9025572,Daerah: Perak<br>No:4100<br>Hex coord:(40;74),n/a,1,0,0,0,0,0,1,2022-08-07T20:29:57.4489258Z,0
4.78007,100.9161039,Daerah: Perak<br>No:4101<br>Hex coord:(41;74),n/a,4,0,0,0,0,0,1,2022-08-07T20:29:58.1571064Z,0
4.78785,100.9296506,Daerah: Perak<br>No:4102<br>Hex coord:(42;74),n/a,5,0,0,0,0,0,1,2022-08-07T20:29:58.8560534Z,0
4.78007,100.9431973,Daerah: Perak<br>No:4103<br>Hex coord:(43;74),n/a,7,0,0,0,0,0,1,2022-08-07T20:29:59.5546596Z,0
4.78785,100.956744,Daerah: Perak<br>No:4104<br>Hex coord:(44;74),n/a,2,0,0,0,0,0,1,2022-08-07T20:30:00.2629486Z,0
4.78007,100.9702907,Daerah: Perak<br>No:4105<br>Hex coord:(45;74),n/a,0,0,0,0,0,0,1,2022-08-07T20:30:00.9596116Z,0
4.78785,100.9838374,Daerah: Perak<br>No:4106<br>Hex coord:(46;74),n/a,0,0,0,0,0,0,1,2022-08-07T20:30:01.6663260Z,0
4.78007,100.9973842,Daerah: Perak<br>No:4107<br>Hex coord:(47;74),n/a,0,0,0,0,0,0,1,2022-08-07T20:30:02.3987196Z,0
4.78785,101.0109309,Daerah: Perak<br>No:4108<br>Hex coord:(48;74),n/a,0,0,0,0,0,0,1,2022-08-07T20:30:03.1001299Z,0
4.78007,101.0244776,Daerah: Perak<br>No:4109<br>Hex coord:(49;74),n/a,0,0,0,0,0,0,1,2022-08-07T20:30:03.8045106Z,0
4.78785,101.0380243,Daerah: Perak<br>No:4110<br>Hex coord:(50;74),n/a,0,0,0,0,0,0,1,2022-08-07T20:30:04.4992423Z,0
4.78007,101.051571,Daerah: Perak<br>No:4111<br>Hex coord:(51;74),n/a,0,0,0,0,0,0,1,2022-08-07T20:30:05.1891973Z,0
4.78785,101.0651177,Daerah: Perak<br>No:4112<br>Hex coord:(52;74),n/a,0,0,0,0,0,0,1,2022-08-07T20:30:05.8979574Z,0
4.78007,101.0786644,Daerah: Perak<br>No:4113<br>Hex coord:(53;74),n/a,0,0,0,0,0,0,1,2022-08-07T20:30:06.5861290Z,0
4.78785,101.0922111,Daerah: Perak<br>No:4114<br>Hex coord:(54;74),n/a,0,0,0,0,0,0,1,2022-08-07T20:30:07.3146585Z,0
4.78007,101.1057578,Daerah: Perak<br>No:4115<br>Hex coord:(55;74),n/a,0,0,0,0,0,0,1,2022-08-07T20:30:08.0049767Z,0
4.78785,101.1193045,Daerah: Perak<br>No:4116<br>Hex coord:(56;74),n/a,2,0,0,0,0,0,1,2022-08-07T20:30:08.6931616Z,0
4.78007,101.1328512,Daerah: Perak<br>No:4117<br>Hex coord:(57;74),n/a,0,0,0,0,0,0,1,2022-08-07T20:30:09.3883004Z,0
4.78785,101.1463979,Daerah: Perak<br>No:4118<br>Hex coord:(58;74),n/a,0,0,0,0,0,0,1,2022-08-07T20:30:10.0882364Z,0
4.78007,101.1599446,Daerah: Perak<br>No:4119<br>Hex coord:(59;74),n/a,0,0,0,0,0,0,1,2022-08-07T20:30:10.7793461Z,0
4.78785,101.1734913,Daerah: Perak<br>No:4120<br>Hex coord:(60;74),n/a,0,0,0,0,0,0,1,2022-08-07T20:30:11.4764909Z,0
4.78007,101.187038,Daerah: Perak<br>No:4121<br>Hex coord:(61;74),n/a,0,0,0,0,0,0,1,2022-08-07T20:30:12.2073845Z,0
4.78785,101.2005847,Daerah: Perak<br>No:4122<br>Hex coord:(62;74),n/a,0,0,0,0,0,0,1,2022-08-07T20:30:12.9067764Z,0
4.78007,101.2141314,Daerah: Perak<br>No:4123<br>Hex coord:(63;74),n/a,0,0,0,0,0,0,1,2022-08-07T20:30:13.6006745Z,0
4.78785,101.2276781,Daerah: Perak<br>No:4124<br>Hex coord:(64;74),n/a,0,0,0,0,0,0,1,2022-08-07T20:30:14.3099220Z,0
4.78007,101.2412249,Daerah: Perak<br>No:4125<br>Hex coord:(65;74),n/a,0,0,0,0,0,0,1,2022-08-07T20:30:14.9945264Z,0
4.78785,101.2547716,Daerah: Perak<br>No:4126<br>Hex coord:(66;74),n/a,0,0,0,0,0,0,1,2022-08-07T20:30:15.6721101Z,0
4.78007,101.2683183,Daerah: Perak<br>No:4127<br>Hex coord:(67;74),n/a,0,0,0,0,0,0,1,2022-08-07T20:30:16.3689602Z,0
4.78785,101.281865,Daerah: Perak<br>No:4128<br>Hex coord:(68;74),n/a,0,0,0,0,0,0,1,2022-08-07T20:30:17.0898403Z,0
4.78007,101.2954117,Daerah: Perak<br>No:4129<br>Hex coord:(69;74),n/a,0,0,0,0,0,0,1,2022-08-07T20:30:17.7802077Z,0
4.78785,101.3089584,Daerah: Perak<br>No:4130<br>Hex coord:(70;74),n/a,0,0,0,0,0,0,1,2022-08-07T20:30:18.4830204Z,0
4.78007,101.3225051,Daerah: Perak<br>No:4131<br>Hex coord:(71;74),n/a,0,0,0,0,0,0,1,2022-08-07T20:30:19.1669913Z,0
4.78785,101.3360518,Daerah: Perak<br>No:4132<br>Hex coord:(72;74),n/a,0,0,0,0,0,0,1,2022-08-07T20:30:19.8583175Z,0
4.78007,101.3495985,Daerah: Perak<br>No:4133<br>Hex coord:(73;74),n/a,0,0,0,0,0,0,1,2022-08-07T20:30:20.5541299Z,0
4.78785,101.3631452,Daerah: Perak<br>No:4134<br>Hex coord:(74;74),n/a,0,0,0,0,0,0,1,2022-08-07T20:30:21.2402310Z,0
4.78007,101.3766919,Daerah: Perak<br>No:4135<br>Hex coord:(75;74),n/a,0,0,0,0,0,0,1,2022-08-07T20:30:21.9755634Z,0
4.78785,101.3902386,Daerah: Perak<br>No:4136<br>Hex coord:(76;74),n/a,0,0,0,0,0,0,1,2022-08-07T20:30:22.6639355Z,0
4.77229,100.6316231,Daerah: Perak<br>No:4137<br>Hex coord:(20;75),n/a,0,0,0,0,0,0,1,2022-08-07T20:30:23.3468511Z,0
4.76451,100.6451698,Daerah: Perak<br>No:4138<br>Hex coord:(21;75),n/a,0,0,0,0,0,0,1,2022-08-07T20:30:24.0464660Z,0
4.77229,100.6587165,Daerah: Perak<br>No:4139<br>Hex coord:(22;75),n/a,0,0,0,0,0,0,1,2022-08-07T20:30:24.7393889Z,0
4.76451,100.6722632,Daerah: Perak<br>No:4140<br>Hex coord:(23;75),n/a,0,0,0,0,0,0,1,2022-08-07T20:30:25.4199823Z,0
4.77229,100.6858099,Daerah: Perak<br>No:4141<br>Hex coord:(24;75),n/a,0,0,0,0,0,0,1,2022-08-07T20:30:26.1015022Z,0
4.76451,100.6993566,Daerah: Perak<br>No:4142<br>Hex coord:(25;75),n/a,0,0,0,0,0,0,1,2022-08-07T20:30:26.7842163Z,0
4.77229,100.7129033,Daerah: Perak<br>No:4143<br>Hex coord:(26;75),n/a,0,0,0,0,0,0,1,2022-08-07T20:30:27.6421628Z,0
4.76451,100.72645,Daerah: Perak<br>No:4144<br>Hex coord:(27;75),n/a,0,0,0,0,0,0,1,2022-08-07T20:30:28.3375996Z,0
4.77229,100.7399968,Daerah: Perak<br>No:4145<br>Hex coord:(28;75),n/a,0,0,0,0,0,0,1,2022-08-07T20:30:29.0368780Z,0
4.76451,100.7535435,Daerah: Perak<br>No:4146<br>Hex coord:(29;75),n/a,0,0,0,0,0,0,1,2022-08-07T20:30:29.7263908Z,0
4.77229,100.7670902,Daerah: Perak<br>No:4147<br>Hex coord:(30;75),n/a,0,0,0,0,0,0,1,2022-08-07T20:30:30.4183565Z,0
4.76451,100.7806369,Daerah: Perak<br>No:4148<br>Hex coord:(31;75),n/a,0,0,0,0,0,0,1,2022-08-07T20:30:31.1003321Z,0
4.77229,100.7941836,Daerah: Perak<br>No:4149<br>Hex coord:(32;75),n/a,0,0,0,0,0,0,1,2022-08-07T20:30:31.7960696Z,0
4.76451,100.8077303,Daerah: Perak<br>No:4150<br>Hex coord:(33;75),n/a,0,0,0,0,0,0,1,2022-08-07T20:30:32.5303855Z,0
4.77229,100.821277,Daerah: Perak<br>No:4151<br>Hex coord:(34;75),n/a,0,0,0,0,0,0,1,2022-08-07T20:30:33.2392608Z,0
4.76451,100.8348237,Daerah: Perak<br>No:4152<br>Hex coord:(35;75),n/a,0,0,0,0,0,0,1,2022-08-07T20:30:33.9254467Z,0
4.77229,100.8483704,Daerah: Perak<br>No:4153<br>Hex coord:(36;75),n/a,6,0,0,0,0,0,1,2022-08-07T20:30:34.6136748Z,0
4.76451,100.8619171,Daerah: Perak<br>No:4154<br>Hex coord:(37;75),n/a,0,0,0,0,0,0,1,2022-08-07T20:30:35.3141747Z,0
4.77229,100.8754638,Daerah: Perak<br>No:4155<br>Hex coord:(38;75),n/a,0,0,0,0,0,0,1,2022-08-07T20:30:36.0168043Z,0
4.76451,100.8890105,Daerah: Perak<br>No:4156<br>Hex coord:(39;75),n/a,0,0,0,0,0,0,1,2022-08-07T20:30:36.7202693Z,0
4.77229,100.9025572,Daerah: Perak<br>No:4157<br>Hex coord:(40;75),n/a,2,0,0,0,0,0,1,2022-08-07T20:30:37.4515606Z,0
4.76451,100.9161039,Daerah: Perak<br>No:4158<br>Hex coord:(41;75),n/a,0,0,0,0,0,0,1,2022-08-07T20:30:38.1641686Z,0
4.77229,100.9296506,Daerah: Perak<br>No:4159<br>Hex coord:(42;75),n/a,7,0,0,0,0,0,1,2022-08-07T20:30:38.8627361Z,0
4.76451,100.9431973,Daerah: Perak<br>No:4160<br>Hex coord:(43;75),n/a,11,0,0,0,0,0,1,2022-08-07T20:30:39.5562577Z,0
4.77229,100.956744,Daerah: Perak<br>No:4161<br>Hex coord:(44;75),n/a,4,0,0,0,0,0,1,2022-08-07T20:30:40.2561108Z,0
4.76451,100.9702907,Daerah: Perak<br>No:4162<br>Hex coord:(45;75),n/a,0,0,0,0,0,0,1,2022-08-07T20:30:40.9432774Z,0
4.77229,100.9838374,Daerah: Perak<br>No:4163<br>Hex coord:(46;75),n/a,0,0,0,0,0,0,1,2022-08-07T20:30:41.6262194Z,0
4.76451,100.9973842,Daerah: Perak<br>No:4164<br>Hex coord:(47;75),n/a,0,0,0,0,0,0,1,2022-08-07T20:30:42.3598582Z,0
4.77229,101.0109309,Daerah: Perak<br>No:4165<br>Hex coord:(48;75),n/a,0,0,0,0,0,0,1,2022-08-07T20:30:43.0572369Z,0
4.76451,101.0244776,Daerah: Perak<br>No:4166<br>Hex coord:(49;75),n/a,0,0,0,0,0,0,1,2022-08-07T20:30:43.7478469Z,0
4.77229,101.0380243,Daerah: Perak<br>No:4167<br>Hex coord:(50;75),n/a,0,0,0,0,0,0,1,2022-08-07T20:30:44.4400924Z,0
4.76451,101.051571,Daerah: Perak<br>No:4168<br>Hex coord:(51;75),n/a,0,0,0,0,0,0,1,2022-08-07T20:30:45.1259402Z,0
4.77229,101.0651177,Daerah: Perak<br>No:4169<br>Hex coord:(52;75),n/a,0,0,0,0,0,0,1,2022-08-07T20:30:45.8282394Z,0
4.76451,101.0786644,Daerah: Perak<br>No:4170<br>Hex coord:(53;75),n/a,0,0,0,0,0,0,1,2022-08-07T20:30:51.3567664Z,0
4.77229,101.0922111,Daerah: Perak<br>No:4171<br>Hex coord:(54;75),n/a,0,0,0,0,0,0,1,2022-08-07T20:30:52.0523834Z,0
4.76451,101.1057578,Daerah: Perak<br>No:4172<br>Hex coord:(55;75),n/a,0,0,0,0,0,0,1,2022-08-07T20:30:52.7315901Z,0
4.77229,101.1193045,Daerah: Perak<br>No:4173<br>Hex coord:(56;75),n/a,0,0,0,0,0,0,1,2022-08-07T20:30:53.4196861Z,0
4.76451,101.1328512,Daerah: Perak<br>No:4174<br>Hex coord:(57;75),n/a,0,0,0,0,0,0,1,2022-08-07T20:30:54.1209534Z,0
4.77229,101.1463979,Daerah: Perak<br>No:4175<br>Hex coord:(58;75),n/a,0,0,0,0,0,0,1,2022-08-07T20:30:54.8254656Z,0
4.76451,101.1599446,Daerah: Perak<br>No:4176<br>Hex coord:(59;75),n/a,0,0,0,0,0,0,1,2022-08-07T20:30:55.5173712Z,0
4.77229,101.1734913,Daerah: Perak<br>No:4177<br>Hex coord:(60;75),n/a,0,0,0,0,0,0,1,2022-08-07T20:30:56.2493037Z,0
4.76451,101.187038,Daerah: Perak<br>No:4178<br>Hex coord:(61;75),n/a,3,0,0,0,0,0,1,2022-08-07T20:30:56.9743617Z,0
4.77229,101.2005847,Daerah: Perak<br>No:4179<br>Hex coord:(62;75),n/a,0,0,0,0,0,0,1,2022-08-07T20:30:57.6636030Z,0
4.76451,101.2141314,Daerah: Perak<br>No:4180<br>Hex coord:(63;75),n/a,0,0,0,0,0,0,1,2022-08-07T20:30:58.3498644Z,0
4.77229,101.2276781,Daerah: Perak<br>No:4181<br>Hex coord:(64;75),n/a,0,0,0,0,0,0,1,2022-08-07T20:30:59.0439862Z,0
4.76451,101.2412249,Daerah: Perak<br>No:4182<br>Hex coord:(65;75),n/a,0,0,0,0,0,0,1,2022-08-07T20:30:59.7392582Z,0
4.77229,101.2547716,Daerah: Perak<br>No:4183<br>Hex coord:(66;75),n/a,0,0,0,0,0,0,1,2022-08-07T20:31:00.4165530Z,0
4.76451,101.2683183,Daerah: Perak<br>No:4184<br>Hex coord:(67;75),n/a,0,0,0,0,0,0,1,2022-08-07T20:31:01.1438510Z,0
4.77229,101.281865,Daerah: Perak<br>No:4185<br>Hex coord:(68;75),n/a,0,0,0,0,0,0,1,2022-08-07T20:31:01.8287610Z,0
4.76451,101.2954117,Daerah: Perak<br>No:4186<br>Hex coord:(69;75),n/a,0,0,0,0,0,0,1,2022-08-07T20:31:02.5150000Z,0
4.77229,101.3089584,Daerah: Perak<br>No:4187<br>Hex coord:(70;75),n/a,0,0,0,0,0,0,1,2022-08-07T20:31:03.2134171Z,0
4.76451,101.3225051,Daerah: Perak<br>No:4188<br>Hex coord:(71;75),n/a,0,0,0,0,0,0,1,2022-08-07T20:31:03.8985651Z,0
4.77229,101.3360518,Daerah: Perak<br>No:4189<br>Hex coord:(72;75),n/a,0,0,0,0,0,0,1,2022-08-07T20:31:04.5861903Z,0
4.76451,101.3495985,Daerah: Perak<br>No:4190<br>Hex coord:(73;75),n/a,0,0,0,0,0,0,1,2022-08-07T20:31:05.2819450Z,0
4.77229,101.3631452,Daerah: Perak<br>No:4191<br>Hex coord:(74;75),n/a,0,0,0,0,0,0,1,2022-08-07T20:31:06.0043921Z,0
4.76451,101.3766919,Daerah: Perak<br>No:4192<br>Hex coord:(75;75),n/a,0,0,0,0,0,0,1,2022-08-07T20:31:06.6963231Z,0
4.74895,100.590983,Daerah: Perak<br>No:4193<br>Hex coord:(17;76),n/a,0,0,0,0,0,0,1,2022-08-07T20:31:07.3755860Z,0
4.75673,100.6045297,Daerah: Perak<br>No:4194<br>Hex coord:(18;76),n/a,0,0,0,0,0,0,1,2022-08-07T20:31:08.0585295Z,0
4.74895,100.6180764,Daerah: Perak<br>No:4195<br>Hex coord:(19;76),n/a,0,0,0,0,0,0,1,2022-08-07T20:31:08.7409735Z,0
4.75673,100.6316231,Daerah: Perak<br>No:4196<br>Hex coord:(20;76),n/a,0,0,0,0,0,0,1,2022-08-07T20:31:09.4322348Z,0
4.74895,100.6451698,Daerah: Perak<br>No:4197<br>Hex coord:(21;76),n/a,0,0,0,0,0,0,1,2022-08-07T20:31:10.1255370Z,0
4.75673,100.6587165,Daerah: Perak<br>No:4198<br>Hex coord:(22;76),n/a,0,0,0,0,0,0,1,2022-08-07T20:31:10.9412846Z,0
4.74895,100.6722632,Daerah: Perak<br>No:4199<br>Hex coord:(23;76),n/a,0,0,0,0,0,0,1,2022-08-07T20:31:11.6399824Z,0
4.75673,100.6858099,Daerah: Perak<br>No:4200<br>Hex coord:(24;76),n/a,0,0,0,0,0,0,1,2022-08-07T20:31:12.3405251Z,0
4.74895,100.6993566,Daerah: Perak<br>No:4201<br>Hex coord:(25;76),n/a,0,0,0,0,0,0,1,2022-08-07T20:31:13.0272706Z,0
4.75673,100.7129033,Daerah: Perak<br>No:4202<br>Hex coord:(26;76),n/a,0,0,0,0,0,0,1,2022-08-07T20:31:13.7105923Z,0
4.74895,100.72645,Daerah: Perak<br>No:4203<br>Hex coord:(27;76),n/a,0,0,0,0,0,0,1,2022-08-07T20:31:14.3982532Z,0
4.75673,100.7399968,Daerah: Perak<br>No:4204<br>Hex coord:(28;76),n/a,0,0,0,0,0,0,1,2022-08-07T20:31:15.0893000Z,0
4.74895,100.7535435,Daerah: Perak<br>No:4205<br>Hex coord:(29;76),n/a,0,0,0,0,0,0,1,2022-08-07T20:31:15.7983324Z,0
4.75673,100.7670902,Daerah: Perak<br>No:4206<br>Hex coord:(30;76),n/a,0,0,0,0,0,0,1,2022-08-07T20:31:21.3721438Z,0
4.74895,100.7806369,Daerah: Perak<br>No:4207<br>Hex coord:(31;76),n/a,0,0,0,0,0,0,1,2022-08-07T20:31:22.0575486Z,0
4.75673,100.7941836,Daerah: Perak<br>No:4208<br>Hex coord:(32;76),n/a,0,0,0,0,0,0,1,2022-08-07T20:31:22.7509049Z,0
4.74895,100.8077303,Daerah: Perak<br>No:4209<br>Hex coord:(33;76),n/a,0,0,0,0,0,0,1,2022-08-07T20:31:23.4517805Z,0
4.75673,100.821277,Daerah: Perak<br>No:4210<br>Hex coord:(34;76),n/a,0,0,0,0,0,0,1,2022-08-07T20:31:24.1435910Z,0
4.74895,100.8348237,Daerah: Perak<br>No:4211<br>Hex coord:(35;76),n/a,0,0,0,0,0,0,1,2022-08-07T20:31:24.8416637Z,0
4.75673,100.8483704,Daerah: Perak<br>No:4212<br>Hex coord:(36;76),n/a,0,0,0,0,0,0,1,2022-08-07T20:31:25.5321880Z,0
4.74895,100.8619171,Daerah: Perak<br>No:4213<br>Hex coord:(37;76),n/a,0,0,0,0,0,0,1,2022-08-07T20:31:26.2680754Z,0
4.75673,100.8754638,Daerah: Perak<br>No:4214<br>Hex coord:(38;76),n/a,0,0,0,0,0,0,1,2022-08-07T20:31:26.9664278Z,0
4.74895,100.8890105,Daerah: Perak<br>No:4215<br>Hex coord:(39;76),n/a,0,0,0,0,0,0,1,2022-08-07T20:31:27.6553284Z,0
4.75673,100.9025572,Daerah: Perak<br>No:4216<br>Hex coord:(40;76),n/a,0,0,0,0,0,0,1,2022-08-07T20:31:28.3651082Z,0
4.74895,100.9161039,Daerah: Perak<br>No:4217<br>Hex coord:(41;76),n/a,0,0,0,0,0,0,1,2022-08-07T20:31:29.0522907Z,0
4.75673,100.9296506,Daerah: Perak<br>No:4218<br>Hex coord:(42;76),n/a,5,0,0,0,0,0,1,2022-08-07T20:31:29.7520631Z,0
4.74895,100.9431973,Daerah: Perak<br>No:4219<br>Hex coord:(43;76),n/a,8,0,0,0,0,0,1,2022-08-07T20:31:30.4462819Z,0
4.75673,100.956744,Daerah: Perak<br>No:4220<br>Hex coord:(44;76),n/a,0,0,0,0,0,0,1,2022-08-07T20:31:31.1736916Z,0
4.74895,100.9702907,Daerah: Perak<br>No:4221<br>Hex coord:(45;76),n/a,0,0,0,0,0,0,1,2022-08-07T20:31:31.8689284Z,0
4.75673,100.9838374,Daerah: Perak<br>No:4222<br>Hex coord:(46;76),n/a,0,0,0,0,0,0,1,2022-08-07T20:31:32.5659651Z,0
4.74895,100.9973842,Daerah: Perak<br>No:4223<br>Hex coord:(47;76),n/a,0,0,0,0,0,0,1,2022-08-07T20:31:33.2590336Z,0
4.75673,101.0109309,Daerah: Perak<br>No:4224<br>Hex coord:(48;76),n/a,0,0,0,0,0,0,1,2022-08-07T20:31:33.9545554Z,0
4.74895,101.0244776,Daerah: Perak<br>No:4225<br>Hex coord:(49;76),n/a,0,0,0,0,0,0,1,2022-08-07T20:31:34.6505281Z,0
4.75673,101.0380243,Daerah: Perak<br>No:4226<br>Hex coord:(50;76),n/a,5,0,0,0,0,0,1,2022-08-07T20:31:35.3372461Z,0
4.74895,101.051571,Daerah: Perak<br>No:4227<br>Hex coord:(51;76),n/a,0,0,0,0,0,0,1,2022-08-07T20:31:36.0698310Z,0
4.75673,101.0651177,Daerah: Perak<br>No:4228<br>Hex coord:(52;76),n/a,0,0,0,0,0,0,1,2022-08-07T20:31:36.7588424Z,0
4.74895,101.0786644,Daerah: Perak<br>No:4229<br>Hex coord:(53;76),n/a,0,0,0,0,0,0,1,2022-08-07T20:31:37.4388896Z,0
4.75673,101.0922111,Daerah: Perak<br>No:4230<br>Hex coord:(54;76),n/a,2,0,0,0,0,0,1,2022-08-07T20:31:38.1430244Z,0
4.74895,101.1057578,Daerah: Perak<br>No:4231<br>Hex coord:(55;76),n/a,0,0,0,0,0,0,1,2022-08-07T20:31:38.8356323Z,0
4.75673,101.1193045,Daerah: Perak<br>No:4232<br>Hex coord:(56;76),n/a,0,0,0,0,0,0,1,2022-08-07T20:31:39.5127185Z,0
4.74895,101.1328512,Daerah: Perak<br>No:4233<br>Hex coord:(57;76),n/a,0,0,0,0,0,0,1,2022-08-07T20:31:40.1968619Z,0
4.75673,101.1463979,Daerah: Perak<br>No:4234<br>Hex coord:(58;76),n/a,0,0,0,0,0,0,1,2022-08-07T20:31:40.9247874Z,0
4.74895,101.1599446,Daerah: Perak<br>No:4235<br>Hex coord:(59;76),n/a,0,0,0,0,0,0,1,2022-08-07T20:31:41.6219219Z,0
4.75673,101.1734913,Daerah: Perak<br>No:4236<br>Hex coord:(60;76),n/a,0,0,0,0,0,0,1,2022-08-07T20:31:42.3231410Z,0
4.74895,101.187038,Daerah: Perak<br>No:4237<br>Hex coord:(61;76),n/a,0,0,0,0,0,0,1,2022-08-07T20:31:43.0116829Z,0
4.75673,101.2005847,Daerah: Perak<br>No:4238<br>Hex coord:(62;76),n/a,0,0,0,0,0,0,1,2022-08-07T20:31:43.6969244Z,0
4.74895,101.2141314,Daerah: Perak<br>No:4239<br>Hex coord:(63;76),n/a,0,0,0,0,0,0,1,2022-08-07T20:31:44.3747981Z,0
4.75673,101.2276781,Daerah: Perak<br>No:4240<br>Hex coord:(64;76),n/a,0,0,0,0,0,0,1,2022-08-07T20:31:45.0752443Z,0
4.74895,101.2412249,Daerah: Perak<br>No:4241<br>Hex coord:(65;76),n/a,0,0,0,0,0,0,1,2022-08-07T20:31:45.7952160Z,0
4.75673,101.2547716,Daerah: Perak<br>No:4242<br>Hex coord:(66;76),n/a,0,0,0,0,0,0,1,2022-08-07T20:31:48.9276149Z,0
4.74895,101.2683183,Daerah: Perak<br>No:4243<br>Hex coord:(67;76),n/a,0,0,0,0,0,0,1,2022-08-07T20:31:49.6142963Z,0
4.75673,101.281865,Daerah: Perak<br>No:4244<br>Hex coord:(68;76),n/a,0,0,0,0,0,0,1,2022-08-07T20:31:50.3114191Z,0
4.74895,101.2954117,Daerah: Perak<br>No:4245<br>Hex coord:(69;76),n/a,0,0,0,0,0,0,1,2022-08-07T20:31:51.0045888Z,0
4.75673,101.3089584,Daerah: Perak<br>No:4246<br>Hex coord:(70;76),n/a,0,0,0,0,0,0,1,2022-08-07T20:31:51.6916002Z,0
4.74895,101.3225051,Daerah: Perak<br>No:4247<br>Hex coord:(71;76),n/a,0,0,0,0,0,0,1,2022-08-07T20:31:52.3892867Z,0
4.75673,101.3360518,Daerah: Perak<br>No:4248<br>Hex coord:(72;76),n/a,0,0,0,0,0,0,1,2022-08-07T20:31:53.0729749Z,0
4.74895,101.3495985,Daerah: Perak<br>No:4249<br>Hex coord:(73;76),n/a,0,0,0,0,0,0,1,2022-08-07T20:31:53.7555336Z,0
4.75673,101.3631452,Daerah: Perak<br>No:4250<br>Hex coord:(74;76),n/a,0,0,0,0,0,0,1,2022-08-07T20:31:54.4729940Z,0
4.74895,101.3766919,Daerah: Perak<br>No:4251<br>Hex coord:(75;76),n/a,0,0,0,0,0,0,1,2022-08-07T20:31:55.1588264Z,0
4.74117,100.5774363,Daerah: Perak<br>No:4252<br>Hex coord:(16;77),n/a,0,0,0,0,0,0,1,2022-08-07T20:31:55.8489891Z,0
4.73339,100.590983,Daerah: Perak<br>No:4253<br>Hex coord:(17;77),n/a,0,0,0,0,0,0,1,2022-08-07T20:31:56.5418259Z,0
4.74117,100.6045297,Daerah: Perak<br>No:4254<br>Hex coord:(18;77),n/a,0,0,0,0,0,0,1,2022-08-07T20:31:57.2354120Z,0
4.73339,100.6180764,Daerah: Perak<br>No:4255<br>Hex coord:(19;77),n/a,0,0,0,0,0,0,1,2022-08-07T20:31:57.9366045Z,0
4.74117,100.6316231,Daerah: Perak<br>No:4256<br>Hex coord:(20;77),n/a,0,0,0,0,0,0,1,2022-08-07T20:31:58.6334777Z,0
4.73339,100.6451698,Daerah: Perak<br>No:4257<br>Hex coord:(21;77),n/a,0,0,0,0,0,0,1,2022-08-07T20:31:59.3676385Z,0
4.74117,100.6587165,Daerah: Perak<br>No:4258<br>Hex coord:(22;77),n/a,0,0,0,0,0,0,1,2022-08-07T20:32:00.0547107Z,0
4.73339,100.6722632,Daerah: Perak<br>No:4259<br>Hex coord:(23;77),n/a,0,0,0,0,0,0,1,2022-08-07T20:32:00.7573436Z,0
4.74117,100.6858099,Daerah: Perak<br>No:4260<br>Hex coord:(24;77),n/a,0,0,0,0,0,0,1,2022-08-07T20:32:01.4448191Z,0
4.73339,100.6993566,Daerah: Perak<br>No:4261<br>Hex coord:(25;77),n/a,0,0,0,0,0,0,1,2022-08-07T20:32:02.1343027Z,0
4.74117,100.7129033,Daerah: Perak<br>No:4262<br>Hex coord:(26;77),n/a,0,0,0,0,0,0,1,2022-08-07T20:32:02.8279119Z,0
4.73339,100.72645,Daerah: Perak<br>No:4263<br>Hex coord:(27;77),n/a,0,0,0,0,0,0,1,2022-08-07T20:32:03.5154346Z,0
4.74117,100.7399968,Daerah: Perak<br>No:4264<br>Hex coord:(28;77),n/a,0,0,0,0,0,0,1,2022-08-07T20:32:04.3512187Z,0
4.73339,100.7535435,Daerah: Perak<br>No:4265<br>Hex coord:(29;77),n/a,0,0,0,0,0,0,1,2022-08-07T20:32:05.0475307Z,0
4.74117,100.7670902,Daerah: Perak<br>No:4266<br>Hex coord:(30;77),n/a,0,0,0,0,0,0,1,2022-08-07T20:32:05.7518616Z,0
4.73339,100.7806369,Daerah: Perak<br>No:4267<br>Hex coord:(31;77),n/a,0,0,0,0,0,0,1,2022-08-07T20:32:06.4407363Z,0
4.74117,100.7941836,Daerah: Perak<br>No:4268<br>Hex coord:(32;77),n/a,0,0,0,0,0,0,1,2022-08-07T20:32:07.1302522Z,0
4.73339,100.8077303,Daerah: Perak<br>No:4269<br>Hex coord:(33;77),n/a,0,0,0,0,0,0,1,2022-08-07T20:32:07.8137533Z,0
4.74117,100.821277,Daerah: Perak<br>No:4270<br>Hex coord:(34;77),n/a,0,0,0,0,0,0,1,2022-08-07T20:32:08.5141966Z,0
4.73339,100.8348237,Daerah: Perak<br>No:4271<br>Hex coord:(35;77),n/a,0,0,0,0,0,0,1,2022-08-07T20:32:09.2515685Z,0
4.74117,100.8483704,Daerah: Perak<br>No:4272<br>Hex coord:(36;77),n/a,0,0,0,0,0,0,1,2022-08-07T20:32:09.9340036Z,0
4.73339,100.8619171,Daerah: Perak<br>No:4273<br>Hex coord:(37;77),n/a,0,0,0,0,0,0,1,2022-08-07T20:32:10.6246406Z,0
4.74117,100.8754638,Daerah: Perak<br>No:4274<br>Hex coord:(38;77),n/a,0,0,0,0,0,0,1,2022-08-07T20:32:11.3425441Z,0
4.73339,100.8890105,Daerah: Perak<br>No:4275<br>Hex coord:(39;77),n/a,0,0,0,0,0,0,1,2022-08-07T20:32:12.0576656Z,0
4.74117,100.9025572,Daerah: Perak<br>No:4276<br>Hex coord:(40;77),n/a,0,0,0,0,0,0,1,2022-08-07T20:32:12.7410722Z,0
4.73339,100.9161039,Daerah: Perak<br>No:4277<br>Hex coord:(41;77),n/a,1,0,0,0,0,0,1,2022-08-07T20:32:13.4749916Z,0
4.74117,100.9296506,Daerah: Perak<br>No:4278<br>Hex coord:(42;77),n/a,2,0,0,0,0,0,1,2022-08-07T20:32:14.1676009Z,0
4.73339,100.9431973,Daerah: Perak<br>No:4279<br>Hex coord:(43;77),n/a,1,0,0,0,0,0,1,2022-08-07T20:32:14.8553677Z,0
4.74117,100.956744,Daerah: Perak<br>No:4280<br>Hex coord:(44;77),n/a,1,0,0,0,0,0,1,2022-08-07T20:32:15.5602173Z,0
4.73339,100.9702907,Daerah: Perak<br>No:4281<br>Hex coord:(45;77),n/a,0,0,0,0,0,0,1,2022-08-07T20:32:16.2546975Z,0
4.74117,100.9838374,Daerah: Perak<br>No:4282<br>Hex coord:(46;77),n/a,0,0,0,0,0,0,1,2022-08-07T20:32:16.9415226Z,0
4.73339,100.9973842,Daerah: Perak<br>No:4283<br>Hex coord:(47;77),n/a,0,0,0,0,0,0,1,2022-08-07T20:32:17.6243800Z,0
4.74117,101.0109309,Daerah: Perak<br>No:4284<br>Hex coord:(48;77),n/a,0,0,0,0,0,0,1,2022-08-07T20:32:18.3172919Z,0
4.73339,101.0244776,Daerah: Perak<br>No:4285<br>Hex coord:(49;77),n/a,0,0,0,0,0,0,1,2022-08-07T20:32:19.0383303Z,0
4.74117,101.0380243,Daerah: Perak<br>No:4286<br>Hex coord:(50;77),n/a,0,0,0,0,0,0,1,2022-08-07T20:32:19.7131876Z,0
4.73339,101.051571,Daerah: Perak<br>No:4287<br>Hex coord:(51;77),n/a,0,0,0,0,0,0,1,2022-08-07T20:32:20.4076651Z,0
4.74117,101.0651177,Daerah: Perak<br>No:4288<br>Hex coord:(52;77),n/a,0,0,0,0,0,0,1,2022-08-07T20:32:21.0877219Z,0
4.73339,101.0786644,Daerah: Perak<br>No:4289<br>Hex coord:(53;77),n/a,0,0,0,0,0,0,1,2022-08-07T20:32:21.7955016Z,0
4.74117,101.0922111,Daerah: Perak<br>No:4290<br>Hex coord:(54;77),n/a,0,0,0,0,0,0,1,2022-08-07T20:32:22.4914622Z,0
4.73339,101.1057578,Daerah: Perak<br>No:4291<br>Hex coord:(55;77),n/a,1,0,0,0,0,0,1,2022-08-07T20:32:23.1953755Z,0
4.74117,101.1193045,Daerah: Perak<br>No:4292<br>Hex coord:(56;77),n/a,3,0,0,0,0,0,1,2022-08-07T20:32:23.9272411Z,0
4.73339,101.1328512,Daerah: Perak<br>No:4293<br>Hex coord:(57;77),n/a,2,0,0,0,0,0,1,2022-08-07T20:32:24.6242416Z,0
4.74117,101.1463979,Daerah: Perak<br>No:4294<br>Hex coord:(58;77),n/a,1,0,0,0,0,0,1,2022-08-07T20:32:25.3348055Z,0
4.73339,101.1599446,Daerah: Perak<br>No:4295<br>Hex coord:(59;77),n/a,0,0,0,0,0,0,1,2022-08-07T20:32:26.0290216Z,0
4.74117,101.1734913,Daerah: Perak<br>No:4296<br>Hex coord:(60;77),n/a,0,0,0,0,0,0,1,2022-08-07T20:32:26.7269625Z,0
4.73339,101.187038,Daerah: Perak<br>No:4297<br>Hex coord:(61;77),n/a,0,0,0,0,0,0,1,2022-08-07T20:32:27.4222164Z,0
4.74117,101.2005847,Daerah: Perak<br>No:4298<br>Hex coord:(62;77),n/a,0,0,0,0,0,0,1,2022-08-07T20:32:30.7047005Z,0
4.73339,101.2141314,Daerah: Perak<br>No:4299<br>Hex coord:(63;77),n/a,0,0,0,0,0,0,1,2022-08-07T20:32:31.4361272Z,0
4.74117,101.2276781,Daerah: Perak<br>No:4300<br>Hex coord:(64;77),n/a,0,0,0,0,0,0,1,2022-08-07T20:32:32.1174319Z,0
4.73339,101.2412249,Daerah: Perak<br>No:4301<br>Hex coord:(65;77),n/a,0,0,0,0,0,0,1,2022-08-07T20:32:32.8139525Z,0
4.74117,101.2547716,Daerah: Perak<br>No:4302<br>Hex coord:(66;77),n/a,0,0,0,0,0,0,1,2022-08-07T20:32:33.5080672Z,0
4.73339,101.2683183,Daerah: Perak<br>No:4303<br>Hex coord:(67;77),n/a,0,0,0,0,0,0,1,2022-08-07T20:32:34.1965694Z,0
4.74117,101.281865,Daerah: Perak<br>No:4304<br>Hex coord:(68;77),n/a,0,0,0,0,0,0,1,2022-08-07T20:32:34.8844233Z,0
4.73339,101.2954117,Daerah: Perak<br>No:4305<br>Hex coord:(69;77),n/a,0,0,0,0,0,0,1,2022-08-07T20:32:35.5791888Z,0
4.74117,101.3089584,Daerah: Perak<br>No:4306<br>Hex coord:(70;77),n/a,0,0,0,0,0,0,1,2022-08-07T20:32:36.3103205Z,0
4.73339,101.3225051,Daerah: Perak<br>No:4307<br>Hex coord:(71;77),n/a,0,0,0,0,0,0,1,2022-08-07T20:32:37.0094586Z,0
4.74117,101.3360518,Daerah: Perak<br>No:4308<br>Hex coord:(72;77),n/a,0,0,0,0,0,0,1,2022-08-07T20:32:37.6984326Z,0
4.73339,101.3495985,Daerah: Perak<br>No:4309<br>Hex coord:(73;77),n/a,0,0,0,0,0,0,1,2022-08-07T20:32:38.3950229Z,0
4.74117,101.3631452,Daerah: Perak<br>No:4310<br>Hex coord:(74;77),n/a,0,0,0,0,0,0,1,2022-08-07T20:32:39.0923023Z,0
4.73339,101.3766919,Daerah: Perak<br>No:4311<br>Hex coord:(75;77),n/a,0,0,0,0,0,0,1,2022-08-07T20:32:39.7910173Z,0
4.71783,100.590983,Daerah: Perak<br>No:4312<br>Hex coord:(17;78),n/a,0,0,0,0,0,0,1,2022-08-07T20:32:40.4832004Z,0
4.72561,100.6045297,Daerah: Perak<br>No:4313<br>Hex coord:(18;78),n/a,0,0,0,0,0,0,1,2022-08-07T20:32:41.2117438Z,0
4.71783,100.6180764,Daerah: Perak<br>No:4314<br>Hex coord:(19;78),n/a,0,0,0,0,0,0,1,2022-08-07T20:32:41.9046364Z,0
4.72561,100.6316231,Daerah: Perak<br>No:4315<br>Hex coord:(20;78),n/a,0,0,0,0,0,0,1,2022-08-07T20:32:42.5978198Z,0
4.71783,100.6451698,Daerah: Perak<br>No:4316<br>Hex coord:(21;78),n/a,10,0,0,0,0,0,1,2022-08-07T20:32:43.2925645Z,0
4.72561,100.6587165,Daerah: Perak<br>No:4317<br>Hex coord:(22;78),n/a,0,0,0,0,0,0,1,2022-08-07T20:32:43.9838151Z,0
4.71783,100.6722632,Daerah: Perak<br>No:4318<br>Hex coord:(23;78),n/a,0,0,0,0,0,0,1,2022-08-07T20:32:44.6694656Z,0
4.72561,100.6858099,Daerah: Perak<br>No:4319<br>Hex coord:(24;78),n/a,0,0,0,0,0,0,1,2022-08-07T20:32:45.3739692Z,0
4.71783,100.6993566,Daerah: Perak<br>No:4320<br>Hex coord:(25;78),n/a,0,0,0,0,0,0,1,2022-08-07T20:32:46.1039815Z,0
4.72561,100.7129033,Daerah: Perak<br>No:4321<br>Hex coord:(26;78),n/a,0,0,0,0,0,0,1,2022-08-07T20:32:46.8024702Z,0
4.71783,100.72645,Daerah: Perak<br>No:4322<br>Hex coord:(27;78),n/a,0,0,0,0,0,0,1,2022-08-07T20:32:47.4890250Z,0
4.72561,100.7399968,Daerah: Perak<br>No:4323<br>Hex coord:(28;78),n/a,0,0,0,0,0,0,1,2022-08-07T20:32:48.1688033Z,0
4.71783,100.7535435,Daerah: Perak<br>No:4324<br>Hex coord:(29;78),n/a,0,0,0,0,0,0,1,2022-08-07T20:32:48.8648325Z,0
4.72561,100.7670902,Daerah: Perak<br>No:4325<br>Hex coord:(30;78),n/a,0,0,0,0,0,0,1,2022-08-07T20:32:49.5647528Z,0
4.71783,100.7806369,Daerah: Perak<br>No:4326<br>Hex coord:(31;78),n/a,0,0,0,0,0,0,1,2022-08-07T20:32:50.2476164Z,0
4.72561,100.7941836,Daerah: Perak<br>No:4327<br>Hex coord:(32;78),n/a,0,0,0,0,0,0,1,2022-08-07T20:32:51.0304883Z,0
4.71783,100.8077303,Daerah: Perak<br>No:4328<br>Hex coord:(33;78),n/a,0,0,0,0,0,0,1,2022-08-07T20:32:51.7251107Z,0
4.72561,100.821277,Daerah: Perak<br>No:4329<br>Hex coord:(34;78),n/a,0,0,0,0,0,0,1,2022-08-07T20:32:52.4278714Z,0
4.71783,100.8348237,Daerah: Perak<br>No:4330<br>Hex coord:(35;78),n/a,0,0,0,0,0,0,1,2022-08-07T20:32:53.1214230Z,0
4.72561,100.8483704,Daerah: Perak<br>No:4331<br>Hex coord:(36;78),n/a,0,0,0,0,0,0,1,2022-08-07T20:32:53.8116446Z,0
4.71783,100.8619171,Daerah: Perak<br>No:4332<br>Hex coord:(37;78),n/a,0,0,0,0,0,0,1,2022-08-07T20:32:54.5401781Z,0
4.72561,100.8754638,Daerah: Perak<br>No:4333<br>Hex coord:(38;78),n/a,0,0,0,0,0,0,1,2022-08-07T20:32:55.2385161Z,0
4.71783,100.8890105,Daerah: Perak<br>No:4334<br>Hex coord:(39;78),n/a,0,0,0,0,0,0,1,2022-08-07T20:32:56.0134313Z,0
4.72561,100.9025572,Daerah: Perak<br>No:4335<br>Hex coord:(40;78),n/a,0,0,0,0,0,0,1,2022-08-07T20:32:56.7120993Z,0
4.71783,100.9161039,Daerah: Perak<br>No:4336<br>Hex coord:(41;78),n/a,0,0,0,0,0,0,1,2022-08-07T20:32:57.3992042Z,0
4.72561,100.9296506,Daerah: Perak<br>No:4337<br>Hex coord:(42;78),n/a,0,0,0,0,0,0,1,2022-08-07T20:32:58.1037938Z,0
4.71783,100.9431973,Daerah: Perak<br>No:4338<br>Hex coord:(43;78),n/a,0,0,0,0,0,0,1,2022-08-07T20:32:58.7919023Z,0
4.72561,100.956744,Daerah: Perak<br>No:4339<br>Hex coord:(44;78),n/a,0,0,0,0,0,0,1,2022-08-07T20:32:59.4739879Z,0
4.71783,100.9702907,Daerah: Perak<br>No:4340<br>Hex coord:(45;78),n/a,0,0,0,0,0,0,1,2022-08-07T20:33:00.1710102Z,0
4.72561,100.9838374,Daerah: Perak<br>No:4341<br>Hex coord:(46;78),n/a,0,0,0,0,0,0,1,2022-08-07T20:33:00.9079507Z,0
4.71783,100.9973842,Daerah: Perak<br>No:4342<br>Hex coord:(47;78),n/a,0,0,0,0,0,0,1,2022-08-07T20:33:01.6041000Z,0
4.72561,101.0109309,Daerah: Perak<br>No:4343<br>Hex coord:(48;78),n/a,0,0,0,0,0,0,1,2022-08-07T20:33:02.2963290Z,0
4.71783,101.0244776,Daerah: Perak<br>No:4344<br>Hex coord:(49;78),n/a,0,0,0,0,0,0,1,2022-08-07T20:33:02.9909463Z,0
4.72561,101.0380243,Daerah: Perak<br>No:4345<br>Hex coord:(50;78),n/a,0,0,0,0,0,0,1,2022-08-07T20:33:03.6886062Z,0
4.71783,101.051571,Daerah: Perak<br>No:4346<br>Hex coord:(51;78),n/a,0,0,0,0,0,0,1,2022-08-07T20:33:04.3915704Z,0
4.72561,101.0651177,Daerah: Perak<br>No:4347<br>Hex coord:(52;78),n/a,0,0,0,0,0,0,1,2022-08-07T20:33:05.0856980Z,0
4.71783,101.0786644,Daerah: Perak<br>No:4348<br>Hex coord:(53;78),n/a,0,0,0,0,0,0,1,2022-08-07T20:33:05.7812655Z,0
4.72561,101.0922111,Daerah: Perak<br>No:4349<br>Hex coord:(54;78),n/a,0,0,0,0,0,0,1,2022-08-07T20:33:06.5182439Z,0
4.71783,101.1057578,Daerah: Perak<br>No:4350<br>Hex coord:(55;78),n/a,2,0,0,0,0,0,1,2022-08-07T20:33:07.2258127Z,0
4.72561,101.1193045,Daerah: Perak<br>No:4351<br>Hex coord:(56;78),n/a,3,0,0,0,0,0,1,2022-08-07T20:33:07.9346727Z,0
4.71783,101.1328512,Daerah: Perak<br>No:4352<br>Hex coord:(57;78),n/a,0,0,0,0,0,0,1,2022-08-07T20:33:08.6262921Z,0
4.72561,101.1463979,Daerah: Perak<br>No:4353<br>Hex coord:(58;78),n/a,5,0,0,0,0,0,1,2022-08-07T20:33:09.3324186Z,0
4.71783,101.1599446,Daerah: Perak<br>No:4354<br>Hex coord:(59;78),n/a,0,0,0,0,0,0,1,2022-08-07T20:33:10.0262486Z,0
4.72561,101.1734913,Daerah: Perak<br>No:4355<br>Hex coord:(60;78),n/a,0,0,0,0,0,0,1,2022-08-07T20:33:10.7109448Z,0
4.71783,101.187038,Daerah: Perak<br>No:4356<br>Hex coord:(61;78),n/a,0,0,0,0,0,0,1,2022-08-07T20:33:11.4345652Z,0
4.72561,101.2005847,Daerah: Perak<br>No:4357<br>Hex coord:(62;78),n/a,0,0,0,0,0,0,1,2022-08-07T20:33:12.1377926Z,0
4.71783,101.2141314,Daerah: Perak<br>No:4358<br>Hex coord:(63;78),n/a,0,0,0,0,0,0,1,2022-08-07T20:33:12.8283218Z,0
4.72561,101.2276781,Daerah: Perak<br>No:4359<br>Hex coord:(64;78),n/a,0,0,0,0,0,0,1,2022-08-07T20:33:13.5306834Z,0
4.71783,101.2412249,Daerah: Perak<br>No:4360<br>Hex coord:(65;78),n/a,0,0,0,0,0,0,1,2022-08-07T20:33:14.2353616Z,0
4.72561,101.2547716,Daerah: Perak<br>No:4361<br>Hex coord:(66;78),n/a,0,0,0,0,0,0,1,2022-08-07T20:33:14.9246945Z,0
4.71783,101.2683183,Daerah: Perak<br>No:4362<br>Hex coord:(67;78),n/a,0,0,0,0,0,0,1,2022-08-07T20:33:15.6038842Z,0
4.72561,101.281865,Daerah: Perak<br>No:4363<br>Hex coord:(68;78),n/a,0,0,0,0,0,0,1,2022-08-07T20:33:16.5960568Z,0
4.71783,101.2954117,Daerah: Perak<br>No:4364<br>Hex coord:(69;78),n/a,0,0,0,0,0,0,1,2022-08-07T20:33:17.2937699Z,0
4.72561,101.3089584,Daerah: Perak<br>No:4365<br>Hex coord:(70;78),n/a,0,0,0,0,0,0,1,2022-08-07T20:33:17.9761345Z,0
4.71783,101.3225051,Daerah: Perak<br>No:4366<br>Hex coord:(71;78),n/a,0,0,0,0,0,0,1,2022-08-07T20:33:18.6694021Z,0
4.72561,101.3360518,Daerah: Perak<br>No:4367<br>Hex coord:(72;78),n/a,0,0,0,0,0,0,1,2022-08-07T20:33:19.4297749Z,0
4.72561,101.3631452,Daerah: Perak<br>No:4368<br>Hex coord:(74;78),n/a,0,0,0,0,0,0,1,2022-08-07T20:33:20.1132034Z,0
4.70227,100.590983,Daerah: Perak<br>No:4369<br>Hex coord:(17;79),n/a,0,0,0,0,0,0,1,2022-08-07T20:33:20.7964807Z,0
4.71005,100.6045297,Daerah: Perak<br>No:4370<br>Hex coord:(18;79),n/a,0,0,0,0,0,0,1,2022-08-07T20:33:21.5218034Z,0
4.70227,100.6180764,Daerah: Perak<br>No:4371<br>Hex coord:(19;79),n/a,0,0,0,0,0,0,1,2022-08-07T20:33:22.2333414Z,0
4.71005,100.6316231,Daerah: Perak<br>No:4372<br>Hex coord:(20;79),n/a,0,0,0,0,0,0,1,2022-08-07T20:33:22.9203350Z,0
4.70227,100.6451698,Daerah: Perak<br>No:4373<br>Hex coord:(21;79),n/a,0,0,0,0,0,0,1,2022-08-07T20:33:23.6175460Z,0
4.71005,100.6587165,Daerah: Perak<br>No:4374<br>Hex coord:(22;79),n/a,0,0,0,0,0,0,1,2022-08-07T20:33:24.3144796Z,0
4.70227,100.6722632,Daerah: Perak<br>No:4375<br>Hex coord:(23;79),n/a,0,0,0,0,0,0,1,2022-08-07T20:33:24.9963912Z,0
4.71005,100.6858099,Daerah: Perak<br>No:4376<br>Hex coord:(24;79),n/a,0,0,0,0,0,0,1,2022-08-07T20:33:25.6812303Z,0
4.70227,100.6993566,Daerah: Perak<br>No:4377<br>Hex coord:(25;79),n/a,0,0,0,0,0,0,1,2022-08-07T20:33:26.4031210Z,0
4.71005,100.7129033,Daerah: Perak<br>No:4378<br>Hex coord:(26;79),n/a,0,0,0,0,0,0,1,2022-08-07T20:33:27.1019695Z,0
4.70227,100.72645,Daerah: Perak<br>No:4379<br>Hex coord:(27;79),n/a,0,0,0,0,0,0,1,2022-08-07T20:33:27.7949813Z,0
4.71005,100.7399968,Daerah: Perak<br>No:4380<br>Hex coord:(28;79),n/a,0,0,0,0,0,0,1,2022-08-07T20:33:28.4789774Z,0
4.70227,100.7535435,Daerah: Perak<br>No:4381<br>Hex coord:(29;79),n/a,0,0,0,0,0,0,1,2022-08-07T20:33:29.2546701Z,0
4.71005,100.7670902,Daerah: Perak<br>No:4382<br>Hex coord:(30;79),n/a,0,0,0,0,0,0,1,2022-08-07T20:33:29.9451851Z,0
4.70227,100.7806369,Daerah: Perak<br>No:4383<br>Hex coord:(31;79),n/a,0,0,0,0,0,0,1,2022-08-07T20:33:30.6235239Z,0
4.71005,100.7941836,Daerah: Perak<br>No:4384<br>Hex coord:(32;79),n/a,0,0,0,0,0,0,1,2022-08-07T20:33:31.3351424Z,0
4.70227,100.8077303,Daerah: Perak<br>No:4385<br>Hex coord:(33;79),n/a,0,0,0,0,0,0,1,2022-08-07T20:33:32.0308896Z,0
4.71005,100.821277,Daerah: Perak<br>No:4386<br>Hex coord:(34;79),n/a,0,0,0,0,0,0,1,2022-08-07T20:33:32.7278276Z,0
4.70227,100.8348237,Daerah: Perak<br>No:4387<br>Hex coord:(35;79),n/a,0,0,0,0,0,0,1,2022-08-07T20:33:33.4074269Z,0
4.71005,100.8483704,Daerah: Perak<br>No:4388<br>Hex coord:(36;79),n/a,0,0,0,0,0,0,1,2022-08-07T20:33:34.1007009Z,0
4.70227,100.8619171,Daerah: Perak<br>No:4389<br>Hex coord:(37;79),n/a,0,0,0,0,0,0,1,2022-08-07T20:33:34.7852063Z,0
4.71005,100.8754638,Daerah: Perak<br>No:4390<br>Hex coord:(38;79),n/a,0,0,0,0,0,0,1,2022-08-07T20:33:35.4719113Z,0
4.70227,100.8890105,Daerah: Perak<br>No:4391<br>Hex coord:(39;79),n/a,0,0,0,0,0,0,1,2022-08-07T20:33:36.2731666Z,0
4.71005,100.9025572,Daerah: Perak<br>No:4392<br>Hex coord:(40;79),n/a,0,0,0,0,0,0,1,2022-08-07T20:33:36.9591241Z,0
4.70227,100.9161039,Daerah: Perak<br>No:4393<br>Hex coord:(41;79),n/a,0,0,0,0,0,0,1,2022-08-07T20:33:37.6619872Z,0
4.71005,100.9296506,Daerah: Perak<br>No:4394<br>Hex coord:(42;79),n/a,0,0,0,0,0,0,1,2022-08-07T20:33:38.3469871Z,0
4.70227,100.9431973,Daerah: Perak<br>No:4395<br>Hex coord:(43;79),n/a,1,0,0,0,0,0,1,2022-08-07T20:33:39.0448242Z,0
4.71005,100.956744,Daerah: Perak<br>No:4396<br>Hex coord:(44;79),n/a,0,0,0,0,0,0,1,2022-08-07T20:33:39.7251011Z,0
4.70227,100.9702907,Daerah: Perak<br>No:4397<br>Hex coord:(45;79),n/a,0,0,0,0,0,0,1,2022-08-07T20:33:40.4130094Z,0
4.71005,100.9838374,Daerah: Perak<br>No:4398<br>Hex coord:(46;79),n/a,0,0,0,0,0,0,1,2022-08-07T20:33:41.1674033Z,0
4.70227,100.9973842,Daerah: Perak<br>No:4399<br>Hex coord:(47;79),n/a,0,0,0,0,0,0,1,2022-08-07T20:33:41.8642459Z,0
4.71005,101.0109309,Daerah: Perak<br>No:4400<br>Hex coord:(48;79),n/a,0,0,0,0,0,0,1,2022-08-07T20:33:42.5550231Z,0
4.70227,101.0244776,Daerah: Perak<br>No:4401<br>Hex coord:(49;79),n/a,0,0,0,0,0,0,1,2022-08-07T20:33:43.2552331Z,0
4.71005,101.0380243,Daerah: Perak<br>No:4402<br>Hex coord:(50;79),n/a,0,0,0,0,0,0,1,2022-08-07T20:33:43.9460432Z,0
4.70227,101.051571,Daerah: Perak<br>No:4403<br>Hex coord:(51;79),n/a,0,0,0,0,0,0,1,2022-08-07T20:33:44.6509693Z,0
4.71005,101.0651177,Daerah: Perak<br>No:4404<br>Hex coord:(52;79),n/a,0,0,0,0,0,0,1,2022-08-07T20:33:45.3383123Z,0
4.70227,101.0786644,Daerah: Perak<br>No:4405<br>Hex coord:(53;79),n/a,1,0,0,0,0,0,1,2022-08-07T20:33:46.0561351Z,0
4.71005,101.0922111,Daerah: Perak<br>No:4406<br>Hex coord:(54;79),n/a,2,0,0,0,0,0,1,2022-08-07T20:33:46.7828752Z,0
4.70227,101.1057578,Daerah: Perak<br>No:4407<br>Hex coord:(55;79),n/a,4,0,0,0,0,0,1,2022-08-07T20:33:47.5038173Z,0
4.71005,101.1193045,Daerah: Perak<br>No:4408<br>Hex coord:(56;79),n/a,4,0,0,0,0,0,1,2022-08-07T20:33:48.2124049Z,0
4.70227,101.1328512,Daerah: Perak<br>No:4409<br>Hex coord:(57;79),n/a,0,0,0,0,0,0,1,2022-08-07T20:33:48.9122536Z,0
4.71005,101.1463979,Daerah: Perak<br>No:4410<br>Hex coord:(58;79),n/a,5,0,0,0,0,0,1,2022-08-07T20:33:49.6176734Z,0
4.70227,101.1599446,Daerah: Perak<br>No:4411<br>Hex coord:(59;79),n/a,1,0,0,0,0,0,1,2022-08-07T20:33:50.3124880Z,0
4.71005,101.1734913,Daerah: Perak<br>No:4412<br>Hex coord:(60;79),n/a,0,0,0,0,0,0,1,2022-08-07T20:33:51.0542582Z,0
4.70227,101.187038,Daerah: Perak<br>No:4413<br>Hex coord:(61;79),n/a,0,0,0,0,0,0,1,2022-08-07T20:33:51.7373450Z,0
4.71005,101.2005847,Daerah: Perak<br>No:4414<br>Hex coord:(62;79),n/a,0,0,0,0,0,0,1,2022-08-07T20:33:52.4270103Z,0
4.70227,101.2141314,Daerah: Perak<br>No:4415<br>Hex coord:(63;79),n/a,0,0,0,0,0,0,1,2022-08-07T20:33:53.1245419Z,0
4.71005,101.2276781,Daerah: Perak<br>No:4416<br>Hex coord:(64;79),n/a,0,0,0,0,0,0,1,2022-08-07T20:33:53.8202557Z,0
4.70227,101.2412249,Daerah: Perak<br>No:4417<br>Hex coord:(65;79),n/a,0,0,0,0,0,0,1,2022-08-07T20:33:54.5125434Z,0
4.71005,101.2547716,Daerah: Perak<br>No:4418<br>Hex coord:(66;79),n/a,0,0,0,0,0,0,1,2022-08-07T20:33:55.2001485Z,0
4.70227,101.2683183,Daerah: Perak<br>No:4419<br>Hex coord:(67;79),n/a,0,0,0,0,0,0,1,2022-08-07T20:33:55.9308630Z,0
4.71005,101.281865,Daerah: Perak<br>No:4420<br>Hex coord:(68;79),n/a,0,0,0,0,0,0,1,2022-08-07T20:33:56.6085551Z,0
4.70227,101.2954117,Daerah: Perak<br>No:4421<br>Hex coord:(69;79),n/a,0,0,0,0,0,0,1,2022-08-07T20:33:57.3086822Z,0
4.71005,101.3089584,Daerah: Perak<br>No:4422<br>Hex coord:(70;79),n/a,0,0,0,0,0,0,1,2022-08-07T20:33:57.9869514Z,0
4.70227,101.3225051,Daerah: Perak<br>No:4423<br>Hex coord:(71;79),n/a,0,0,0,0,0,0,1,2022-08-07T20:33:58.6791949Z,0
4.71005,101.3360518,Daerah: Perak<br>No:4424<br>Hex coord:(72;79),n/a,0,0,0,0,0,0,1,2022-08-07T20:33:59.3628992Z,0
4.68671,100.590983,Daerah: Perak<br>No:4425<br>Hex coord:(17;80),n/a,0,0,0,0,0,0,1,2022-08-07T20:34:00.0387256Z,0
4.69449,100.6045297,Daerah: Perak<br>No:4426<br>Hex coord:(18;80),n/a,0,0,0,0,0,0,1,2022-08-07T20:34:00.7278318Z,0
4.68671,100.6180764,Daerah: Perak<br>No:4427<br>Hex coord:(19;80),n/a,0,0,0,0,0,0,1,2022-08-07T20:34:01.4584508Z,0
4.69449,100.6316231,Daerah: Perak<br>No:4428<br>Hex coord:(20;80),n/a,0,0,0,0,0,0,1,2022-08-07T20:34:02.1549558Z,0
4.68671,100.6451698,Daerah: Perak<br>No:4429<br>Hex coord:(21;80),n/a,0,0,0,0,0,0,1,2022-08-07T20:34:02.8401825Z,0
4.69449,100.6587165,Daerah: Perak<br>No:4430<br>Hex coord:(22;80),n/a,0,0,0,0,0,0,1,2022-08-07T20:34:03.5261212Z,0
4.68671,100.6722632,Daerah: Perak<br>No:4431<br>Hex coord:(23;80),n/a,0,0,0,0,0,0,1,2022-08-07T20:34:04.1996904Z,0
4.69449,100.6858099,Daerah: Perak<br>No:4432<br>Hex coord:(24;80),n/a,0,0,0,0,0,0,1,2022-08-07T20:34:04.8910131Z,0
4.68671,100.6993566,Daerah: Perak<br>No:4433<br>Hex coord:(25;80),n/a,0,0,0,0,0,0,1,2022-08-07T20:34:05.5801882Z,0
4.69449,100.7129033,Daerah: Perak<br>No:4434<br>Hex coord:(26;80),n/a,0,0,0,0,0,0,1,2022-08-07T20:34:06.3013356Z,0
4.68671,100.72645,Daerah: Perak<br>No:4435<br>Hex coord:(27;80),n/a,0,0,0,0,0,0,1,2022-08-07T20:34:06.9822661Z,0
4.69449,100.7399968,Daerah: Perak<br>No:4436<br>Hex coord:(28;80),n/a,0,0,0,0,0,0,1,2022-08-07T20:34:07.6824056Z,0
4.68671,100.7535435,Daerah: Perak<br>No:4437<br>Hex coord:(29;80),n/a,0,0,0,0,0,0,1,2022-08-07T20:34:08.3694129Z,0
4.69449,100.7670902,Daerah: Perak<br>No:4438<br>Hex coord:(30;80),n/a,0,0,0,0,0,0,1,2022-08-07T20:34:09.0501723Z,0
4.68671,100.7806369,Daerah: Perak<br>No:4439<br>Hex coord:(31;80),n/a,0,0,0,0,0,0,1,2022-08-07T20:34:09.7251416Z,0
4.69449,100.7941836,Daerah: Perak<br>No:4440<br>Hex coord:(32;80),n/a,0,0,0,0,0,0,1,2022-08-07T20:34:10.4127993Z,0
4.68671,100.8077303,Daerah: Perak<br>No:4441<br>Hex coord:(33;80),n/a,0,0,0,0,0,0,1,2022-08-07T20:34:11.1412974Z,0
4.69449,100.821277,Daerah: Perak<br>No:4442<br>Hex coord:(34;80),n/a,0,0,0,0,0,0,1,2022-08-07T20:34:11.8480156Z,0
4.68671,100.8348237,Daerah: Perak<br>No:4443<br>Hex coord:(35;80),n/a,0,0,0,0,0,0,1,2022-08-07T20:34:12.5351454Z,0
4.69449,100.8483704,Daerah: Perak<br>No:4444<br>Hex coord:(36;80),n/a,0,0,0,0,0,0,1,2022-08-07T20:34:13.2285748Z,0
4.68671,100.8619171,Daerah: Perak<br>No:4445<br>Hex coord:(37;80),n/a,0,0,0,0,0,0,1,2022-08-07T20:34:13.9066346Z,0
4.69449,100.8754638,Daerah: Perak<br>No:4446<br>Hex coord:(38;80),n/a,0,0,0,0,0,0,1,2022-08-07T20:34:14.6037930Z,0
4.68671,100.8890105,Daerah: Perak<br>No:4447<br>Hex coord:(39;80),n/a,0,0,0,0,0,0,1,2022-08-07T20:34:15.2913210Z,0
4.69449,100.9025572,Daerah: Perak<br>No:4448<br>Hex coord:(40;80),n/a,0,0,0,0,0,0,1,2022-08-07T20:34:16.0162806Z,0
4.68671,100.9161039,Daerah: Perak<br>No:4449<br>Hex coord:(41;80),n/a,0,0,0,0,0,0,1,2022-08-07T20:34:21.6499411Z,0
4.69449,100.9296506,Daerah: Perak<br>No:4450<br>Hex coord:(42;80),n/a,0,0,0,0,0,0,1,2022-08-07T20:34:22.3320326Z,0
4.68671,100.9431973,Daerah: Perak<br>No:4451<br>Hex coord:(43;80),n/a,0,0,0,0,0,0,1,2022-08-07T20:34:23.0290859Z,0
4.69449,100.956744,Daerah: Perak<br>No:4452<br>Hex coord:(44;80),n/a,0,0,0,0,0,0,1,2022-08-07T20:34:23.7283716Z,0
4.68671,100.9702907,Daerah: Perak<br>No:4453<br>Hex coord:(45;80),n/a,0,0,0,0,0,0,1,2022-08-07T20:34:24.4172656Z,0
4.69449,100.9838374,Daerah: Perak<br>No:4454<br>Hex coord:(46;80),n/a,0,0,0,0,0,0,1,2022-08-07T20:34:25.1180601Z,0
4.68671,100.9973842,Daerah: Perak<br>No:4455<br>Hex coord:(47;80),n/a,0,0,0,0,0,0,1,2022-08-07T20:34:25.8614210Z,0
4.69449,101.0109309,Daerah: Perak<br>No:4456<br>Hex coord:(48;80),n/a,0,0,0,0,0,0,1,2022-08-07T20:34:26.5573293Z,0
4.68671,101.0244776,Daerah: Perak<br>No:4457<br>Hex coord:(49;80),n/a,0,0,0,0,0,0,1,2022-08-07T20:34:27.2516352Z,0
4.69449,101.0380243,Daerah: Perak<br>No:4458<br>Hex coord:(50;80),n/a,0,0,0,0,0,0,1,2022-08-07T20:34:27.9494025Z,0
4.68671,101.051571,Daerah: Perak<br>No:4459<br>Hex coord:(51;80),n/a,0,0,0,0,0,0,1,2022-08-07T20:34:28.6402733Z,0
4.69449,101.0651177,Daerah: Perak<br>No:4460<br>Hex coord:(52;80),n/a,0,0,0,0,0,0,1,2022-08-07T20:34:29.3334749Z,0
4.68671,101.0786644,Daerah: Perak<br>No:4461<br>Hex coord:(53;80),n/a,8,0,0,0,0,0,1,2022-08-07T20:34:30.0443796Z,0
4.69449,101.0922111,Daerah: Perak<br>No:4462<br>Hex coord:(54;80),n/a,2,0,0,0,0,0,1,2022-08-07T20:34:30.7624498Z,0
4.68671,101.1057578,Daerah: Perak<br>No:4463<br>Hex coord:(55;80),n/a,4,0,0,0,0,0,1,2022-08-07T20:34:31.4848518Z,0
4.69449,101.1193045,Daerah: Perak<br>No:4464<br>Hex coord:(56;80),n/a,6,0,0,0,0,0,1,2022-08-07T20:34:32.2015473Z,0
4.68671,101.1328512,Daerah: Perak<br>No:4465<br>Hex coord:(57;80),n/a,7,0,0,0,0,0,1,2022-08-07T20:34:32.9102742Z,0
4.69449,101.1463979,Daerah: Perak<br>No:4466<br>Hex coord:(58;80),n/a,1,0,0,0,0,0,1,2022-08-07T20:34:33.6215979Z,0
4.68671,101.1599446,Daerah: Perak<br>No:4467<br>Hex coord:(59;80),n/a,0,0,0,0,0,0,1,2022-08-07T20:34:34.3197559Z,0
4.69449,101.1734913,Daerah: Perak<br>No:4468<br>Hex coord:(60;80),n/a,0,0,0,0,0,0,1,2022-08-07T20:34:35.0267104Z,0
4.68671,101.187038,Daerah: Perak<br>No:4469<br>Hex coord:(61;80),n/a,0,0,0,0,0,0,1,2022-08-07T20:34:35.7199118Z,0
4.69449,101.2005847,Daerah: Perak<br>No:4470<br>Hex coord:(62;80),n/a,0,0,0,0,0,0,1,2022-08-07T20:34:36.4614708Z,0
4.68671,101.2141314,Daerah: Perak<br>No:4471<br>Hex coord:(63;80),n/a,0,0,0,0,0,0,1,2022-08-07T20:34:37.1482758Z,0
4.69449,101.2276781,Daerah: Perak<br>No:4472<br>Hex coord:(64;80),n/a,0,0,0,0,0,0,1,2022-08-07T20:34:37.8359386Z,0
4.68671,101.2412249,Daerah: Perak<br>No:4473<br>Hex coord:(65;80),n/a,0,0,0,0,0,0,1,2022-08-07T20:34:38.5256844Z,0
4.69449,101.2547716,Daerah: Perak<br>No:4474<br>Hex coord:(66;80),n/a,0,0,0,0,0,0,1,2022-08-07T20:34:39.2055132Z,0
4.68671,101.2683183,Daerah: Perak<br>No:4475<br>Hex coord:(67;80),n/a,0,0,0,0,0,0,1,2022-08-07T20:34:39.8928728Z,0
4.69449,101.281865,Daerah: Perak<br>No:4476<br>Hex coord:(68;80),n/a,0,0,0,0,0,0,1,2022-08-07T20:34:40.5898534Z,0
4.68671,101.2954117,Daerah: Perak<br>No:4477<br>Hex coord:(69;80),n/a,0,0,0,0,0,0,1,2022-08-07T20:34:41.3237841Z,0
4.69449,101.3089584,Daerah: Perak<br>No:4478<br>Hex coord:(70;80),n/a,0,0,0,0,0,0,1,2022-08-07T20:34:42.0182939Z,0
4.68671,101.3225051,Daerah: Perak<br>No:4479<br>Hex coord:(71;80),n/a,0,0,0,0,0,0,1,2022-08-07T20:34:42.7074328Z,0
4.67893,100.6045297,Daerah: Perak<br>No:4480<br>Hex coord:(18;81),n/a,0,0,0,0,0,0,1,2022-08-07T20:34:43.4112467Z,0
4.67893,100.6316231,Daerah: Perak<br>No:4481<br>Hex coord:(20;81),n/a,0,0,0,0,0,0,1,2022-08-07T20:34:44.1296483Z,0
4.67893,100.6587165,Daerah: Perak<br>No:4482<br>Hex coord:(22;81),n/a,0,0,0,0,0,0,1,2022-08-07T20:34:44.8111315Z,0
4.67115,100.6722632,Daerah: Perak<br>No:4483<br>Hex coord:(23;81),n/a,0,0,0,0,0,0,1,2022-08-07T20:34:45.4906057Z,0
4.67893,100.6858099,Daerah: Perak<br>No:4484<br>Hex coord:(24;81),n/a,0,0,0,0,0,0,1,2022-08-07T20:34:46.2832350Z,0
4.67115,100.6993566,Daerah: Perak<br>No:4485<br>Hex coord:(25;81),n/a,0,0,0,0,0,0,1,2022-08-07T20:34:46.9747822Z,0
4.67893,100.7129033,Daerah: Perak<br>No:4486<br>Hex coord:(26;81),n/a,0,0,0,0,0,0,1,2022-08-07T20:34:47.6641456Z,0
4.67115,100.72645,Daerah: Perak<br>No:4487<br>Hex coord:(27;81),n/a,0,0,0,0,0,0,1,2022-08-07T20:34:48.3509956Z,0
4.67893,100.7399968,Daerah: Perak<br>No:4488<br>Hex coord:(28;81),n/a,0,0,0,0,0,0,1,2022-08-07T20:34:49.0443486Z,0
4.67115,100.7535435,Daerah: Perak<br>No:4489<br>Hex coord:(29;81),n/a,0,0,0,0,0,0,1,2022-08-07T20:34:49.7418871Z,0
4.67893,100.7670902,Daerah: Perak<br>No:4490<br>Hex coord:(30;81),n/a,0,0,0,0,0,0,1,2022-08-07T20:34:50.4328262Z,0
4.67115,100.7806369,Daerah: Perak<br>No:4491<br>Hex coord:(31;81),n/a,0,0,0,0,0,0,1,2022-08-07T20:34:51.1923678Z,0
4.67893,100.7941836,Daerah: Perak<br>No:4492<br>Hex coord:(32;81),n/a,0,0,0,0,0,0,1,2022-08-07T20:34:51.8700180Z,0
4.67115,100.8077303,Daerah: Perak<br>No:4493<br>Hex coord:(33;81),n/a,0,0,0,0,0,0,1,2022-08-07T20:34:52.5538223Z,0
4.67893,100.821277,Daerah: Perak<br>No:4494<br>Hex coord:(34;81),n/a,0,0,0,0,0,0,1,2022-08-07T20:34:53.2534347Z,0
4.67115,100.8348237,Daerah: Perak<br>No:4495<br>Hex coord:(35;81),n/a,0,0,0,0,0,0,1,2022-08-07T20:34:53.9443800Z,0
4.67893,100.8483704,Daerah: Perak<br>No:4496<br>Hex coord:(36;81),n/a,0,0,0,0,0,0,1,2022-08-07T20:34:54.6452440Z,0
4.67115,100.8619171,Daerah: Perak<br>No:4497<br>Hex coord:(37;81),n/a,0,0,0,0,0,0,1,2022-08-07T20:34:55.3428911Z,0
4.67893,100.8754638,Daerah: Perak<br>No:4498<br>Hex coord:(38;81),n/a,0,0,0,0,0,0,1,2022-08-07T20:34:56.0796074Z,0
4.67115,100.8890105,Daerah: Perak<br>No:4499<br>Hex coord:(39;81),n/a,0,0,0,0,0,0,1,2022-08-07T20:34:56.7597700Z,0
4.67893,100.9025572,Daerah: Perak<br>No:4500<br>Hex coord:(40;81),n/a,0,0,0,0,0,0,1,2022-08-07T20:34:57.4476541Z,0
4.67115,100.9161039,Daerah: Perak<br>No:4501<br>Hex coord:(41;81),n/a,0,0,0,0,0,0,1,2022-08-07T20:34:58.1396198Z,0
4.67893,100.9296506,Daerah: Perak<br>No:4502<br>Hex coord:(42;81),n/a,0,0,0,0,0,0,1,2022-08-07T20:34:58.9071534Z,0
4.67115,100.9431973,Daerah: Perak<br>No:4503<br>Hex coord:(43;81),n/a,0,0,0,0,0,0,1,2022-08-07T20:34:59.5982098Z,0
4.67893,100.956744,Daerah: Perak<br>No:4504<br>Hex coord:(44;81),n/a,0,0,0,0,0,0,1,2022-08-07T20:35:00.3129444Z,0
4.67115,100.9702907,Daerah: Perak<br>No:4505<br>Hex coord:(45;81),n/a,0,0,0,0,0,0,1,2022-08-07T20:35:01.0559818Z,0
4.67893,100.9838374,Daerah: Perak<br>No:4506<br>Hex coord:(46;81),n/a,0,0,0,0,0,0,1,2022-08-07T20:35:01.7623489Z,0
4.67115,100.9973842,Daerah: Perak<br>No:4507<br>Hex coord:(47;81),n/a,0,0,0,0,0,0,1,2022-08-07T20:35:02.4681992Z,0
4.67893,101.0109309,Daerah: Perak<br>No:4508<br>Hex coord:(48;81),n/a,0,0,0,0,0,0,1,2022-08-07T20:35:03.1581206Z,0
4.67115,101.0244776,Daerah: Perak<br>No:4509<br>Hex coord:(49;81),n/a,0,0,0,0,0,0,1,2022-08-07T20:35:03.8541221Z,0
4.67893,101.0380243,Daerah: Perak<br>No:4510<br>Hex coord:(50;81),n/a,0,0,0,0,0,0,1,2022-08-07T20:35:04.5503741Z,0
4.67115,101.051571,Daerah: Perak<br>No:4511<br>Hex coord:(51;81),n/a,0,0,0,0,0,0,1,2022-08-07T20:35:05.2506303Z,0
4.67893,101.0651177,Daerah: Perak<br>No:4512<br>Hex coord:(52;81),n/a,0,0,0,0,0,0,1,2022-08-07T20:35:05.9793469Z,0
4.67115,101.0786644,Daerah: Perak<br>No:4513<br>Hex coord:(53;81),n/a,5,0,0,0,0,0,1,2022-08-07T20:35:06.6897609Z,0
4.67893,101.0922111,Daerah: Perak<br>No:4514<br>Hex coord:(54;81),n/a,2,0,0,0,0,0,1,2022-08-07T20:35:07.4155708Z,0
4.67115,101.1057578,Daerah: Perak<br>No:4515<br>Hex coord:(55;81),n/a,5,0,0,0,0,0,1,2022-08-07T20:35:08.1351490Z,0
4.67893,101.1193045,Daerah: Perak<br>No:4516<br>Hex coord:(56;81),n/a,19,0,0,0,0,0,1,2022-08-07T20:35:08.9015745Z,0
4.67115,101.1328512,Daerah: Perak<br>No:4517<br>Hex coord:(57;81),n/a,0,0,0,0,0,0,1,2022-08-07T20:35:09.6290520Z,0
4.67893,101.1463979,Daerah: Perak<br>No:4518<br>Hex coord:(58;81),n/a,1,0,0,0,0,0,1,2022-08-07T20:35:10.3370610Z,0
4.67115,101.1599446,Daerah: Perak<br>No:4519<br>Hex coord:(59;81),n/a,3,0,0,0,0,0,1,2022-08-07T20:35:11.1720670Z,0
4.67893,101.1734913,Daerah: Perak<br>No:4520<br>Hex coord:(60;81),n/a,0,0,0,0,0,0,1,2022-08-07T20:35:11.8829706Z,0
4.67115,101.187038,Daerah: Perak<br>No:4521<br>Hex coord:(61;81),n/a,0,0,0,0,0,0,1,2022-08-07T20:35:12.5674578Z,0
4.67893,101.2005847,Daerah: Perak<br>No:4522<br>Hex coord:(62;81),n/a,0,0,0,0,0,0,1,2022-08-07T20:35:13.2599615Z,0
4.67115,101.2141314,Daerah: Perak<br>No:4523<br>Hex coord:(63;81),n/a,0,0,0,0,0,0,1,2022-08-07T20:35:13.9351720Z,0
4.67893,101.2276781,Daerah: Perak<br>No:4524<br>Hex coord:(64;81),n/a,0,0,0,0,0,0,1,2022-08-07T20:35:14.6328769Z,0
4.67115,101.2412249,Daerah: Perak<br>No:4525<br>Hex coord:(65;81),n/a,0,0,0,0,0,0,1,2022-08-07T20:35:15.3231819Z,0
4.67893,101.2547716,Daerah: Perak<br>No:4526<br>Hex coord:(66;81),n/a,0,0,0,0,0,0,1,2022-08-07T20:35:16.0372435Z,0
4.67115,101.2683183,Daerah: Perak<br>No:4527<br>Hex coord:(67;81),n/a,0,0,0,0,0,0,1,2022-08-07T20:35:16.7573274Z,0
4.67893,101.281865,Daerah: Perak<br>No:4528<br>Hex coord:(68;81),n/a,0,0,0,0,0,0,1,2022-08-07T20:35:17.4486213Z,0
4.67115,101.2954117,Daerah: Perak<br>No:4529<br>Hex coord:(69;81),n/a,0,0,0,0,0,0,1,2022-08-07T20:35:18.1355270Z,0
4.67893,101.3089584,Daerah: Perak<br>No:4530<br>Hex coord:(70;81),n/a,0,0,0,0,0,0,1,2022-08-07T20:35:18.8220885Z,0
4.67115,101.3225051,Daerah: Perak<br>No:4531<br>Hex coord:(71;81),n/a,0,0,0,0,0,0,1,2022-08-07T20:35:19.5125289Z,0
4.67893,101.3360518,Daerah: Perak<br>No:4532<br>Hex coord:(72;81),n/a,0,0,0,0,0,0,1,2022-08-07T20:35:20.2051101Z,0
4.67115,101.3495985,Daerah: Perak<br>No:4533<br>Hex coord:(73;81),n/a,0,0,0,0,0,0,1,2022-08-07T20:35:20.9359834Z,0
4.65559,100.6451698,Daerah: Perak<br>No:4534<br>Hex coord:(21;82),n/a,0,0,0,0,0,0,1,2022-08-07T20:35:21.6360175Z,0
4.66337,100.6587165,Daerah: Perak<br>No:4535<br>Hex coord:(22;82),n/a,0,0,0,0,0,0,1,2022-08-07T20:35:22.3121966Z,0
4.65559,100.6722632,Daerah: Perak<br>No:4536<br>Hex coord:(23;82),n/a,0,0,0,0,0,0,1,2022-08-07T20:35:23.0083278Z,0
4.66337,100.6858099,Daerah: Perak<br>No:4537<br>Hex coord:(24;82),n/a,15,0,0,0,0,0,1,2022-08-07T20:35:23.6929313Z,0
4.65559,100.6993566,Daerah: Perak<br>No:4538<br>Hex coord:(25;82),n/a,0,0,0,0,0,0,1,2022-08-07T20:35:24.3820958Z,0
4.66337,100.7129033,Daerah: Perak<br>No:4539<br>Hex coord:(26;82),n/a,0,0,0,0,0,0,1,2022-08-07T20:35:25.0600318Z,0
4.65559,100.72645,Daerah: Perak<br>No:4540<br>Hex coord:(27;82),n/a,0,0,0,0,0,0,1,2022-08-07T20:35:25.7638011Z,0
4.66337,100.7399968,Daerah: Perak<br>No:4541<br>Hex coord:(28;82),n/a,17,0,0,0,0,0,1,2022-08-07T20:35:26.4964107Z,0
4.65559,100.7535435,Daerah: Perak<br>No:4542<br>Hex coord:(29;82),n/a,0,0,0,0,0,0,1,2022-08-07T20:35:27.1879930Z,0
4.66337,100.7670902,Daerah: Perak<br>No:4543<br>Hex coord:(30;82),n/a,0,0,0,0,0,0,1,2022-08-07T20:35:27.8723794Z,0
4.65559,100.7806369,Daerah: Perak<br>No:4544<br>Hex coord:(31;82),n/a,0,0,0,0,0,0,1,2022-08-07T20:35:28.5625437Z,0
4.66337,100.7941836,Daerah: Perak<br>No:4545<br>Hex coord:(32;82),n/a,9,0,0,0,0,0,1,2022-08-07T20:35:29.2462653Z,0
4.65559,100.8077303,Daerah: Perak<br>No:4546<br>Hex coord:(33;82),n/a,0,0,0,0,0,0,1,2022-08-07T20:35:29.9432307Z,0
4.66337,100.821277,Daerah: Perak<br>No:4547<br>Hex coord:(34;82),n/a,0,0,0,0,0,0,1,2022-08-07T20:35:30.6220514Z,0
4.65559,100.8348237,Daerah: Perak<br>No:4548<br>Hex coord:(35;82),n/a,0,0,0,0,0,0,1,2022-08-07T20:35:31.3563052Z,0
4.66337,100.8483704,Daerah: Perak<br>No:4549<br>Hex coord:(36;82),n/a,0,0,0,0,0,0,1,2022-08-07T20:35:32.0432541Z,0
4.65559,100.8619171,Daerah: Perak<br>No:4550<br>Hex coord:(37;82),n/a,0,0,0,0,0,0,1,2022-08-07T20:35:32.7266958Z,0
4.66337,100.8754638,Daerah: Perak<br>No:4551<br>Hex coord:(38;82),n/a,0,0,0,0,0,0,1,2022-08-07T20:35:33.4093104Z,0
4.65559,100.8890105,Daerah: Perak<br>No:4552<br>Hex coord:(39;82),n/a,0,0,0,0,0,0,1,2022-08-07T20:35:34.1016188Z,0
4.66337,100.9025572,Daerah: Perak<br>No:4553<br>Hex coord:(40;82),n/a,2,0,0,0,0,0,1,2022-08-07T20:35:34.8029699Z,0
4.65559,100.9161039,Daerah: Perak<br>No:4554<br>Hex coord:(41;82),n/a,0,0,0,0,0,0,1,2022-08-07T20:35:35.4911554Z,0
4.66337,100.9296506,Daerah: Perak<br>No:4555<br>Hex coord:(42;82),n/a,0,0,0,0,0,0,1,2022-08-07T20:35:36.2204458Z,0
4.65559,100.9431973,Daerah: Perak<br>No:4556<br>Hex coord:(43;82),n/a,0,0,0,0,0,0,1,2022-08-07T20:35:36.9247859Z,0
4.66337,100.956744,Daerah: Perak<br>No:4557<br>Hex coord:(44;82),n/a,0,0,0,0,0,0,1,2022-08-07T20:35:37.6040871Z,0
4.65559,100.9702907,Daerah: Perak<br>No:4558<br>Hex coord:(45;82),n/a,0,0,0,0,0,0,1,2022-08-07T20:35:38.2956662Z,0
4.66337,100.9838374,Daerah: Perak<br>No:4559<br>Hex coord:(46;82),n/a,0,0,0,0,0,0,1,2022-08-07T20:35:38.9848223Z,0
4.65559,100.9973842,Daerah: Perak<br>No:4560<br>Hex coord:(47;82),n/a,0,0,0,0,0,0,1,2022-08-07T20:35:39.6753652Z,0
4.66337,101.0109309,Daerah: Perak<br>No:4561<br>Hex coord:(48;82),n/a,0,0,0,0,0,0,1,2022-08-07T20:35:40.3679108Z,0
4.65559,101.0244776,Daerah: Perak<br>No:4562<br>Hex coord:(49;82),n/a,0,0,0,0,0,0,1,2022-08-07T20:35:41.0882245Z,0
4.66337,101.0380243,Daerah: Perak<br>No:4563<br>Hex coord:(50;82),n/a,0,0,0,0,0,0,1,2022-08-07T20:35:41.7867462Z,0
4.65559,101.051571,Daerah: Perak<br>No:4564<br>Hex coord:(51;82),n/a,0,0,0,0,0,0,1,2022-08-07T20:35:42.5257844Z,0
4.66337,101.0651177,Daerah: Perak<br>No:4565<br>Hex coord:(52;82),n/a,5,0,0,0,0,0,1,2022-08-07T20:35:43.2565513Z,0
4.65559,101.0786644,Daerah: Perak<br>No:4566<br>Hex coord:(53;82),n/a,9,0,0,0,0,0,1,2022-08-07T20:35:43.9744350Z,0
4.66337,101.0922111,Daerah: Perak<br>No:4567<br>Hex coord:(54;82),n/a,5,0,0,0,0,0,1,2022-08-07T20:35:44.6958515Z,0
4.65559,101.1057578,Daerah: Perak<br>No:4568<br>Hex coord:(55;82),n/a,5,0,0,0,0,0,1,2022-08-07T20:35:45.4260197Z,0
4.66337,101.1193045,Daerah: Perak<br>No:4569<br>Hex coord:(56;82),n/a,1,0,0,0,0,0,1,2022-08-07T20:35:46.1575827Z,0
4.65559,101.1328512,Daerah: Perak<br>No:4570<br>Hex coord:(57;82),n/a,4,0,0,0,0,0,1,2022-08-07T20:35:46.8857765Z,0
4.66337,101.1463979,Daerah: Perak<br>No:4571<br>Hex coord:(58;82),n/a,7,0,0,0,0,0,1,2022-08-07T20:35:47.5983282Z,0
4.65559,101.1599446,Daerah: Perak<br>No:4572<br>Hex coord:(59;82),n/a,3,0,0,0,0,0,1,2022-08-07T20:35:48.3133773Z,0
4.66337,101.1734913,Daerah: Perak<br>No:4573<br>Hex coord:(60;82),n/a,5,0,0,0,0,0,1,2022-08-07T20:35:49.0901128Z,0
4.65559,101.187038,Daerah: Perak<br>No:4574<br>Hex coord:(61;82),n/a,4,0,0,0,0,0,1,2022-08-07T20:35:49.7916905Z,0
4.66337,101.2005847,Daerah: Perak<br>No:4575<br>Hex coord:(62;82),n/a,0,0,0,0,0,0,1,2022-08-07T20:35:50.4899080Z,0
4.65559,101.2141314,Daerah: Perak<br>No:4576<br>Hex coord:(63;82),n/a,0,0,0,0,0,0,1,2022-08-07T20:35:51.4221085Z,0
4.66337,101.2276781,Daerah: Perak<br>No:4577<br>Hex coord:(64;82),n/a,0,0,0,0,0,0,1,2022-08-07T20:35:52.1391024Z,0
4.65559,101.2412249,Daerah: Perak<br>No:4578<br>Hex coord:(65;82),n/a,0,0,0,0,0,0,1,2022-08-07T20:35:52.8481032Z,0
4.66337,101.2547716,Daerah: Perak<br>No:4579<br>Hex coord:(66;82),n/a,0,0,0,0,0,0,1,2022-08-07T20:35:53.5331363Z,0
4.65559,101.2683183,Daerah: Perak<br>No:4580<br>Hex coord:(67;82),n/a,0,0,0,0,0,0,1,2022-08-07T20:35:54.2281675Z,0
4.66337,101.281865,Daerah: Perak<br>No:4581<br>Hex coord:(68;82),n/a,0,0,0,0,0,0,1,2022-08-07T20:35:54.9133344Z,0
4.65559,101.2954117,Daerah: Perak<br>No:4582<br>Hex coord:(69;82),n/a,0,0,0,0,0,0,1,2022-08-07T20:35:55.6016541Z,0
4.66337,101.3089584,Daerah: Perak<br>No:4583<br>Hex coord:(70;82),n/a,0,0,0,0,0,0,1,2022-08-07T20:35:56.3294689Z,0
4.65559,101.3225051,Daerah: Perak<br>No:4584<br>Hex coord:(71;82),n/a,0,0,0,0,0,0,1,2022-08-07T20:35:57.0249872Z,0
4.66337,101.3360518,Daerah: Perak<br>No:4585<br>Hex coord:(72;82),n/a,2,0,0,0,0,0,1,2022-08-07T20:35:57.7084173Z,0
4.65559,101.3495985,Daerah: Perak<br>No:4586<br>Hex coord:(73;82),n/a,0,0,0,0,0,0,1,2022-08-07T20:35:58.3964483Z,0
4.64003,100.6180764,Daerah: Perak<br>No:4587<br>Hex coord:(19;83),n/a,0,0,0,0,0,0,1,2022-08-07T20:35:59.0947258Z,0
4.64781,100.6316231,Daerah: Perak<br>No:4588<br>Hex coord:(20;83),n/a,0,0,0,0,0,0,1,2022-08-07T20:35:59.7931276Z,0
4.64003,100.6451698,Daerah: Perak<br>No:4589<br>Hex coord:(21;83),n/a,0,0,0,0,0,0,1,2022-08-07T20:36:00.5023747Z,0
4.64781,100.6587165,Daerah: Perak<br>No:4590<br>Hex coord:(22;83),n/a,0,0,0,0,0,0,1,2022-08-07T20:36:01.2362959Z,0
4.64003,100.6722632,Daerah: Perak<br>No:4591<br>Hex coord:(23;83),n/a,0,0,0,0,0,0,1,2022-08-07T20:36:01.9299613Z,0
4.64781,100.6858099,Daerah: Perak<br>No:4592<br>Hex coord:(24;83),n/a,0,0,0,0,0,0,1,2022-08-07T20:36:02.6196392Z,0
4.64003,100.6993566,Daerah: Perak<br>No:4593<br>Hex coord:(25;83),n/a,0,0,0,0,0,0,1,2022-08-07T20:36:03.3180387Z,0
4.64781,100.7129033,Daerah: Perak<br>No:4594<br>Hex coord:(26;83),n/a,0,0,0,0,0,0,1,2022-08-07T20:36:04.0084178Z,0
4.64003,100.72645,Daerah: Perak<br>No:4595<br>Hex coord:(27;83),n/a,0,0,0,0,0,0,1,2022-08-07T20:36:04.6860341Z,0
4.64781,100.7399968,Daerah: Perak<br>No:4596<br>Hex coord:(28;83),n/a,0,0,0,0,0,0,1,2022-08-07T20:36:05.3850494Z,0
4.64003,100.7535435,Daerah: Perak<br>No:4597<br>Hex coord:(29;83),n/a,0,0,0,0,0,0,1,2022-08-07T20:36:06.1011543Z,0
4.64781,100.7670902,Daerah: Perak<br>No:4598<br>Hex coord:(30;83),n/a,0,0,0,0,0,0,1,2022-08-07T20:36:06.7953097Z,0
4.64003,100.7806369,Daerah: Perak<br>No:4599<br>Hex coord:(31;83),n/a,0,0,0,0,0,0,1,2022-08-07T20:36:07.4885401Z,0
4.64781,100.7941836,Daerah: Perak<br>No:4600<br>Hex coord:(32;83),n/a,0,0,0,0,0,0,1,2022-08-07T20:36:08.1826012Z,0
4.64003,100.8077303,Daerah: Perak<br>No:4601<br>Hex coord:(33;83),n/a,0,0,0,0,0,0,1,2022-08-07T20:36:08.8738752Z,0
4.64781,100.821277,Daerah: Perak<br>No:4602<br>Hex coord:(34;83),n/a,0,0,0,0,0,0,1,2022-08-07T20:36:09.5700382Z,0
4.64003,100.8348237,Daerah: Perak<br>No:4603<br>Hex coord:(35;83),n/a,0,0,0,0,0,0,1,2022-08-07T20:36:10.2602391Z,0
4.64781,100.8483704,Daerah: Perak<br>No:4604<br>Hex coord:(36;83),n/a,0,0,0,0,0,0,1,2022-08-07T20:36:10.9803851Z,0
4.64003,100.8619171,Daerah: Perak<br>No:4605<br>Hex coord:(37;83),n/a,0,0,0,0,0,0,1,2022-08-07T20:36:11.6730779Z,0
4.64781,100.8754638,Daerah: Perak<br>No:4606<br>Hex coord:(38;83),n/a,0,0,0,0,0,0,1,2022-08-07T20:36:12.3706662Z,0
4.64003,100.8890105,Daerah: Perak<br>No:4607<br>Hex coord:(39;83),n/a,0,0,0,0,0,0,1,2022-08-07T20:36:13.0659680Z,0
4.64781,100.9025572,Daerah: Perak<br>No:4608<br>Hex coord:(40;83),n/a,0,0,0,0,0,0,1,2022-08-07T20:36:13.7663180Z,0
4.64003,100.9161039,Daerah: Perak<br>No:4609<br>Hex coord:(41;83),n/a,0,0,0,0,0,0,1,2022-08-07T20:36:14.4588423Z,0
4.64781,100.9296506,Daerah: Perak<br>No:4610<br>Hex coord:(42;83),n/a,0,0,0,0,0,0,1,2022-08-07T20:36:15.1505867Z,0
4.64003,100.9431973,Daerah: Perak<br>No:4611<br>Hex coord:(43;83),n/a,0,0,0,0,0,0,1,2022-08-07T20:36:15.8811423Z,0
4.64781,100.956744,Daerah: Perak<br>No:4612<br>Hex coord:(44;83),n/a,0,0,0,0,0,0,1,2022-08-07T20:36:16.5923089Z,0
4.64003,100.9702907,Daerah: Perak<br>No:4613<br>Hex coord:(45;83),n/a,0,0,0,0,0,0,1,2022-08-07T20:36:17.2908345Z,0
4.64781,100.9838374,Daerah: Perak<br>No:4614<br>Hex coord:(46;83),n/a,0,0,0,0,0,0,1,2022-08-07T20:36:17.9866748Z,0
4.64003,100.9973842,Daerah: Perak<br>No:4615<br>Hex coord:(47;83),n/a,0,0,0,0,0,0,1,2022-08-07T20:36:18.6780474Z,0
4.64781,101.0109309,Daerah: Perak<br>No:4616<br>Hex coord:(48;83),n/a,0,0,0,0,0,0,1,2022-08-07T20:36:19.3831094Z,0
4.64003,101.0244776,Daerah: Perak<br>No:4617<br>Hex coord:(49;83),n/a,0,0,0,0,0,0,1,2022-08-07T20:36:20.0830161Z,0
4.64781,101.0380243,Daerah: Perak<br>No:4618<br>Hex coord:(50;83),n/a,0,0,0,0,0,0,1,2022-08-07T20:36:20.7977134Z,0
4.64003,101.051571,Daerah: Perak<br>No:4619<br>Hex coord:(51;83),n/a,3,0,0,0,0,0,1,2022-08-07T20:36:21.5334975Z,0
4.64781,101.0651177,Daerah: Perak<br>No:4620<br>Hex coord:(52;83),n/a,5,0,0,0,0,0,1,2022-08-07T20:36:22.2539594Z,0
4.64003,101.0786644,Daerah: Perak<br>No:4621<br>Hex coord:(53;83),n/a,14,0,0,0,0,0,1,2022-08-07T20:36:22.9796958Z,0
4.64781,101.0922111,Daerah: Perak<br>No:4622<br>Hex coord:(54;83),n/a,7,0,0,0,0,0,1,2022-08-07T20:36:23.6992289Z,0
4.64003,101.1057578,Daerah: Perak<br>No:4623<br>Hex coord:(55;83),n/a,2,0,0,0,0,0,1,2022-08-07T20:36:24.4283806Z,0
4.64781,101.1193045,Daerah: Perak<br>No:4624<br>Hex coord:(56;83),n/a,7,0,0,0,0,0,1,2022-08-07T20:36:25.1526973Z,0
4.64003,101.1328512,Daerah: Perak<br>No:4625<br>Hex coord:(57;83),n/a,22,0,0,0,0,0,1,2022-08-07T20:36:25.8912547Z,0
4.64781,101.1463979,Daerah: Perak<br>No:4626<br>Hex coord:(58;83),n/a,7,0,0,0,0,0,1,2022-08-07T20:36:26.6126588Z,0
4.64003,101.1599446,Daerah: Perak<br>No:4627<br>Hex coord:(59;83),n/a,3,0,0,0,0,0,1,2022-08-07T20:36:27.3291161Z,0
4.64781,101.1734913,Daerah: Perak<br>No:4628<br>Hex coord:(60;83),n/a,0,0,0,0,0,0,1,2022-08-07T20:36:28.0508872Z,0
4.64003,101.187038,Daerah: Perak<br>No:4629<br>Hex coord:(61;83),n/a,0,0,0,0,0,0,1,2022-08-07T20:36:28.7822268Z,0
4.64781,101.2005847,Daerah: Perak<br>No:4630<br>Hex coord:(62;83),n/a,0,0,0,0,0,0,1,2022-08-07T20:36:29.4982636Z,0
4.64003,101.2141314,Daerah: Perak<br>No:4631<br>Hex coord:(63;83),n/a,0,0,0,0,0,0,1,2022-08-07T20:36:30.1853090Z,0
4.64781,101.2276781,Daerah: Perak<br>No:4632<br>Hex coord:(64;83),n/a,0,0,0,0,0,0,1,2022-08-07T20:36:30.9018997Z,0
4.64003,101.2412249,Daerah: Perak<br>No:4633<br>Hex coord:(65;83),n/a,0,0,0,0,0,0,1,2022-08-07T20:36:31.5865162Z,0
4.64781,101.2547716,Daerah: Perak<br>No:4634<br>Hex coord:(66;83),n/a,0,0,0,0,0,0,1,2022-08-07T20:36:32.2708977Z,0
4.64003,101.2683183,Daerah: Perak<br>No:4635<br>Hex coord:(67;83),n/a,0,0,0,0,0,0,1,2022-08-07T20:36:32.9568883Z,0
4.64781,101.281865,Daerah: Perak<br>No:4636<br>Hex coord:(68;83),n/a,0,0,0,0,0,0,1,2022-08-07T20:36:33.6439398Z,0
4.64003,101.2954117,Daerah: Perak<br>No:4637<br>Hex coord:(69;83),n/a,0,0,0,0,0,0,1,2022-08-07T20:36:34.3425256Z,0
4.64781,101.3089584,Daerah: Perak<br>No:4638<br>Hex coord:(70;83),n/a,0,0,0,0,0,0,1,2022-08-07T20:36:35.0408048Z,0
4.64003,101.3225051,Daerah: Perak<br>No:4639<br>Hex coord:(71;83),n/a,0,0,0,0,0,0,1,2022-08-07T20:36:35.7431399Z,0
4.64781,101.3360518,Daerah: Perak<br>No:4640<br>Hex coord:(72;83),n/a,0,0,0,0,0,0,1,2022-08-07T20:36:36.5191622Z,0
4.64003,101.3495985,Daerah: Perak<br>No:4641<br>Hex coord:(73;83),n/a,0,0,0,0,0,0,1,2022-08-07T20:36:37.2041554Z,0
4.64781,101.3631452,Daerah: Perak<br>No:4642<br>Hex coord:(74;83),n/a,0,0,0,0,0,0,1,2022-08-07T20:36:37.9113948Z,0
4.63225,100.6045297,Daerah: Perak<br>No:4643<br>Hex coord:(18;84),n/a,0,0,0,0,0,0,1,2022-08-07T20:36:38.5950816Z,0
4.62447,100.6180764,Daerah: Perak<br>No:4644<br>Hex coord:(19;84),n/a,0,0,0,0,0,0,1,2022-08-07T20:36:39.2952793Z,0
4.63225,100.6316231,Daerah: Perak<br>No:4645<br>Hex coord:(20;84),n/a,0,0,0,0,0,0,1,2022-08-07T20:36:39.9889951Z,0
4.62447,100.6451698,Daerah: Perak<br>No:4646<br>Hex coord:(21;84),n/a,0,0,0,0,0,0,1,2022-08-07T20:36:40.6813715Z,0
4.63225,100.6587165,Daerah: Perak<br>No:4647<br>Hex coord:(22;84),n/a,0,0,0,0,0,0,1,2022-08-07T20:36:41.4035251Z,0
4.62447,100.6722632,Daerah: Perak<br>No:4648<br>Hex coord:(23;84),n/a,0,0,0,0,0,0,1,2022-08-07T20:36:42.0970060Z,0
4.63225,100.6858099,Daerah: Perak<br>No:4649<br>Hex coord:(24;84),n/a,0,0,0,0,0,0,1,2022-08-07T20:36:42.8001578Z,0
4.62447,100.6993566,Daerah: Perak<br>No:4650<br>Hex coord:(25;84),n/a,0,0,0,0,0,0,1,2022-08-07T20:36:43.5003852Z,0
4.63225,100.7129033,Daerah: Perak<br>No:4651<br>Hex coord:(26;84),n/a,0,0,0,0,0,0,1,2022-08-07T20:36:44.1890506Z,0
4.62447,100.72645,Daerah: Perak<br>No:4652<br>Hex coord:(27;84),n/a,0,0,0,0,0,0,1,2022-08-07T20:36:44.8887813Z,0
4.63225,100.7399968,Daerah: Perak<br>No:4653<br>Hex coord:(28;84),n/a,0,0,0,0,0,0,1,2022-08-07T20:36:45.5744813Z,0
4.62447,100.7535435,Daerah: Perak<br>No:4654<br>Hex coord:(29;84),n/a,0,0,0,0,0,0,1,2022-08-07T20:36:46.3067644Z,0
4.63225,100.7670902,Daerah: Perak<br>No:4655<br>Hex coord:(30;84),n/a,0,0,0,0,0,0,1,2022-08-07T20:36:46.9996624Z,0
4.62447,100.7806369,Daerah: Perak<br>No:4656<br>Hex coord:(31;84),n/a,0,0,0,0,0,0,1,2022-08-07T20:36:47.7269311Z,0
4.63225,100.7941836,Daerah: Perak<br>No:4657<br>Hex coord:(32;84),n/a,0,0,0,0,0,0,1,2022-08-07T20:36:48.4312618Z,0
4.62447,100.8077303,Daerah: Perak<br>No:4658<br>Hex coord:(33;84),n/a,0,0,0,0,0,0,1,2022-08-07T20:36:49.1307164Z,0
4.63225,100.821277,Daerah: Perak<br>No:4659<br>Hex coord:(34;84),n/a,0,0,0,0,0,0,1,2022-08-07T20:36:49.8237837Z,0
4.62447,100.8348237,Daerah: Perak<br>No:4660<br>Hex coord:(35;84),n/a,0,0,0,0,0,0,1,2022-08-07T20:36:50.5130614Z,0
4.63225,100.8483704,Daerah: Perak<br>No:4661<br>Hex coord:(36;84),n/a,0,0,0,0,0,0,1,2022-08-07T20:36:51.2347282Z,0
4.62447,100.8619171,Daerah: Perak<br>No:4662<br>Hex coord:(37;84),n/a,0,0,0,0,0,0,1,2022-08-07T20:36:51.9377476Z,0
4.63225,100.8754638,Daerah: Perak<br>No:4663<br>Hex coord:(38;84),n/a,0,0,0,0,0,0,1,2022-08-07T20:36:52.6309020Z,0
4.62447,100.8890105,Daerah: Perak<br>No:4664<br>Hex coord:(39;84),n/a,0,0,0,0,0,0,1,2022-08-07T20:36:53.3235229Z,0
4.63225,100.9025572,Daerah: Perak<br>No:4665<br>Hex coord:(40;84),n/a,0,0,0,0,0,0,1,2022-08-07T20:36:54.0094864Z,0
4.62447,100.9161039,Daerah: Perak<br>No:4666<br>Hex coord:(41;84),n/a,0,0,0,0,0,0,1,2022-08-07T20:36:54.6994732Z,0
4.63225,100.9296506,Daerah: Perak<br>No:4667<br>Hex coord:(42;84),n/a,0,0,0,0,0,0,1,2022-08-07T20:36:55.3834181Z,0
4.62447,100.9431973,Daerah: Perak<br>No:4668<br>Hex coord:(43;84),n/a,0,0,0,0,0,0,1,2022-08-07T20:36:56.1062758Z,0
4.63225,100.956744,Daerah: Perak<br>No:4669<br>Hex coord:(44;84),n/a,0,0,0,0,0,0,1,2022-08-07T20:36:56.7951900Z,0
4.62447,100.9702907,Daerah: Perak<br>No:4670<br>Hex coord:(45;84),n/a,0,0,0,0,0,0,1,2022-08-07T20:36:57.4892583Z,0
4.63225,100.9838374,Daerah: Perak<br>No:4671<br>Hex coord:(46;84),n/a,0,0,0,0,0,0,1,2022-08-07T20:36:58.1871273Z,0
4.62447,100.9973842,Daerah: Perak<br>No:4672<br>Hex coord:(47;84),n/a,0,0,0,0,0,0,1,2022-08-07T20:36:58.8810164Z,0
4.63225,101.0109309,Daerah: Perak<br>No:4673<br>Hex coord:(48;84),n/a,0,0,0,0,0,0,1,2022-08-07T20:36:59.5735381Z,0
4.62447,101.0244776,Daerah: Perak<br>No:4674<br>Hex coord:(49;84),n/a,0,0,0,0,0,0,1,2022-08-07T20:37:00.2820396Z,0
4.63225,101.0380243,Daerah: Perak<br>No:4675<br>Hex coord:(50;84),n/a,1,0,0,0,0,0,1,2022-08-07T20:37:01.0189037Z,0
4.62447,101.051571,Daerah: Perak<br>No:4676<br>Hex coord:(51;84),n/a,4,0,0,0,0,0,1,2022-08-07T20:37:01.7438717Z,0
4.63225,101.0651177,Daerah: Perak<br>No:4677<br>Hex coord:(52;84),n/a,6,0,0,0,0,0,1,2022-08-07T20:37:02.4622843Z,0
4.62447,101.0786644,Daerah: Perak<br>No:4678<br>Hex coord:(53;84),n/a,5,0,0,0,0,0,1,2022-08-07T20:37:03.1749720Z,0
4.63225,101.0922111,Daerah: Perak<br>No:4679<br>Hex coord:(54;84),n/a,5,0,0,0,0,0,1,2022-08-07T20:37:03.8927720Z,0
4.62447,101.1057578,Daerah: Perak<br>No:4680<br>Hex coord:(55;84),n/a,3,0,0,0,0,0,1,2022-08-07T20:37:04.6409250Z,0
4.63225,101.1193045,Daerah: Perak<br>No:4681<br>Hex coord:(56;84),n/a,9,0,0,0,0,0,1,2022-08-07T20:37:05.3589298Z,0
4.62447,101.1328512,Daerah: Perak<br>No:4682<br>Hex coord:(57;84),n/a,25,0,0,0,0,0,1,2022-08-07T20:37:06.0864827Z,0
4.63225,101.1463979,Daerah: Perak<br>No:4683<br>Hex coord:(58;84),n/a,21,0,0,0,0,0,1,2022-08-07T20:37:06.7992758Z,0
4.62447,101.1599446,Daerah: Perak<br>No:4684<br>Hex coord:(59;84),n/a,2,0,0,0,0,0,1,2022-08-07T20:37:07.5022731Z,0
4.63225,101.1734913,Daerah: Perak<br>No:4685<br>Hex coord:(60;84),n/a,0,0,0,0,0,0,1,2022-08-07T20:37:08.2087194Z,0
4.62447,101.187038,Daerah: Perak<br>No:4686<br>Hex coord:(61;84),n/a,0,0,0,0,0,0,1,2022-08-07T20:37:08.9096863Z,0
4.63225,101.2005847,Daerah: Perak<br>No:4687<br>Hex coord:(62;84),n/a,0,0,0,0,0,0,1,2022-08-07T20:37:09.6043819Z,0
4.62447,101.2141314,Daerah: Perak<br>No:4688<br>Hex coord:(63;84),n/a,0,0,0,0,0,0,1,2022-08-07T20:37:10.2979051Z,0
4.63225,101.2276781,Daerah: Perak<br>No:4689<br>Hex coord:(64;84),n/a,0,0,0,0,0,0,1,2022-08-07T20:37:11.0329315Z,0
4.62447,101.2412249,Daerah: Perak<br>No:4690<br>Hex coord:(65;84),n/a,0,0,0,0,0,0,1,2022-08-07T20:37:11.7230092Z,0
4.63225,101.2547716,Daerah: Perak<br>No:4691<br>Hex coord:(66;84),n/a,0,0,0,0,0,0,1,2022-08-07T20:37:12.4133215Z,0
4.62447,101.2683183,Daerah: Perak<br>No:4692<br>Hex coord:(67;84),n/a,0,0,0,0,0,0,1,2022-08-07T20:37:13.1090713Z,0
4.63225,101.281865,Daerah: Perak<br>No:4693<br>Hex coord:(68;84),n/a,0,0,0,0,0,0,1,2022-08-07T20:37:13.8007665Z,0
4.62447,101.2954117,Daerah: Perak<br>No:4694<br>Hex coord:(69;84),n/a,0,0,0,0,0,0,1,2022-08-07T20:37:14.4800079Z,0
4.63225,101.3089584,Daerah: Perak<br>No:4695<br>Hex coord:(70;84),n/a,0,0,0,0,0,0,1,2022-08-07T20:37:15.1688094Z,0
4.62447,101.3225051,Daerah: Perak<br>No:4696<br>Hex coord:(71;84),n/a,0,0,0,0,0,0,1,2022-08-07T20:37:15.9051780Z,0
4.63225,101.3360518,Daerah: Perak<br>No:4697<br>Hex coord:(72;84),n/a,0,0,0,0,0,0,1,2022-08-07T20:37:16.5987217Z,0
4.62447,101.3495985,Daerah: Perak<br>No:4698<br>Hex coord:(73;84),n/a,0,0,0,0,0,0,1,2022-08-07T20:37:17.2956739Z,0
4.63225,101.3631452,Daerah: Perak<br>No:4699<br>Hex coord:(74;84),n/a,0,0,0,0,0,0,1,2022-08-07T20:37:17.9903842Z,0
4.60891,100.590983,Daerah: Perak<br>No:4700<br>Hex coord:(17;85),n/a,0,0,0,0,0,0,1,2022-08-07T20:37:18.6840794Z,0
4.61669,100.6045297,Daerah: Perak<br>No:4701<br>Hex coord:(18;85),n/a,0,0,0,0,0,0,1,2022-08-07T20:37:19.3734617Z,0
4.60891,100.6180764,Daerah: Perak<br>No:4702<br>Hex coord:(19;85),n/a,0,0,0,0,0,0,1,2022-08-07T20:37:20.0578684Z,0
4.61669,100.6316231,Daerah: Perak<br>No:4703<br>Hex coord:(20;85),n/a,0,0,0,0,0,0,1,2022-08-07T20:37:20.7465080Z,0
4.60891,100.6451698,Daerah: Perak<br>No:4704<br>Hex coord:(21;85),n/a,0,0,0,0,0,0,1,2022-08-07T20:37:21.5957329Z,0
4.61669,100.6587165,Daerah: Perak<br>No:4705<br>Hex coord:(22;85),n/a,0,0,0,0,0,0,1,2022-08-07T20:37:22.2849424Z,0
4.60891,100.6722632,Daerah: Perak<br>No:4706<br>Hex coord:(23;85),n/a,0,0,0,0,0,0,1,2022-08-07T20:37:22.9830585Z,0
4.61669,100.6858099,Daerah: Perak<br>No:4707<br>Hex coord:(24;85),n/a,0,0,0,0,0,0,1,2022-08-07T20:37:23.6823842Z,0
4.60891,100.6993566,Daerah: Perak<br>No:4708<br>Hex coord:(25;85),n/a,0,0,0,0,0,0,1,2022-08-07T20:37:24.3802039Z,0
4.61669,100.7129033,Daerah: Perak<br>No:4709<br>Hex coord:(26;85),n/a,0,0,0,0,0,0,1,2022-08-07T20:37:25.0802438Z,0
4.60891,100.72645,Daerah: Perak<br>No:4710<br>Hex coord:(27;85),n/a,0,0,0,0,0,0,1,2022-08-07T20:37:25.7631350Z,0
4.61669,100.7399968,Daerah: Perak<br>No:4711<br>Hex coord:(28;85),n/a,0,0,0,0,0,0,1,2022-08-07T20:37:26.4857816Z,0
4.60891,100.7535435,Daerah: Perak<br>No:4712<br>Hex coord:(29;85),n/a,0,0,0,0,0,0,1,2022-08-07T20:37:27.1784736Z,0
4.61669,100.7670902,Daerah: Perak<br>No:4713<br>Hex coord:(30;85),n/a,0,0,0,0,0,0,1,2022-08-07T20:37:27.8806350Z,0
4.60891,100.7806369,Daerah: Perak<br>No:4714<br>Hex coord:(31;85),n/a,0,0,0,0,0,0,1,2022-08-07T20:37:28.5756333Z,0
4.61669,100.7941836,Daerah: Perak<br>No:4715<br>Hex coord:(32;85),n/a,0,0,0,0,0,0,1,2022-08-07T20:37:29.2754960Z,0
4.60891,100.8077303,Daerah: Perak<br>No:4716<br>Hex coord:(33;85),n/a,0,0,0,0,0,0,1,2022-08-07T20:37:29.9672012Z,0
4.61669,100.821277,Daerah: Perak<br>No:4717<br>Hex coord:(34;85),n/a,0,0,0,0,0,0,1,2022-08-07T20:37:30.6592846Z,0
4.60891,100.8348237,Daerah: Perak<br>No:4718<br>Hex coord:(35;85),n/a,0,0,0,0,0,0,1,2022-08-07T20:37:31.3798584Z,0
4.61669,100.8483704,Daerah: Perak<br>No:4719<br>Hex coord:(36;85),n/a,0,0,0,0,0,0,1,2022-08-07T20:37:32.0752920Z,0
4.60891,100.8619171,Daerah: Perak<br>No:4720<br>Hex coord:(37;85),n/a,0,0,0,0,0,0,1,2022-08-07T20:37:32.7580614Z,0
4.61669,100.8754638,Daerah: Perak<br>No:4721<br>Hex coord:(38;85),n/a,0,0,0,0,0,0,1,2022-08-07T20:37:33.4397014Z,0
4.60891,100.8890105,Daerah: Perak<br>No:4722<br>Hex coord:(39;85),n/a,0,0,0,0,0,0,1,2022-08-07T20:37:34.1318408Z,0
4.61669,100.9025572,Daerah: Perak<br>No:4723<br>Hex coord:(40;85),n/a,1,0,0,0,0,0,1,2022-08-07T20:37:34.8310834Z,0
4.60891,100.9161039,Daerah: Perak<br>No:4724<br>Hex coord:(41;85),n/a,0,0,0,0,0,0,1,2022-08-07T20:37:35.5286776Z,0
4.61669,100.9296506,Daerah: Perak<br>No:4725<br>Hex coord:(42;85),n/a,0,0,0,0,0,0,1,2022-08-07T20:37:36.2559137Z,0
4.60891,100.9431973,Daerah: Perak<br>No:4726<br>Hex coord:(43;85),n/a,0,0,0,0,0,0,1,2022-08-07T20:37:36.9463913Z,0
4.61669,100.956744,Daerah: Perak<br>No:4727<br>Hex coord:(44;85),n/a,0,0,0,0,0,0,1,2022-08-07T20:37:37.6312783Z,0
4.60891,100.9702907,Daerah: Perak<br>No:4728<br>Hex coord:(45;85),n/a,0,0,0,0,0,0,1,2022-08-07T20:37:38.3411378Z,0
4.61669,100.9838374,Daerah: Perak<br>No:4729<br>Hex coord:(46;85),n/a,0,0,0,0,0,0,1,2022-08-07T20:37:39.0472979Z,0
4.60891,100.9973842,Daerah: Perak<br>No:4730<br>Hex coord:(47;85),n/a,0,0,0,0,0,0,1,2022-08-07T20:37:39.7396376Z,0
4.61669,101.0109309,Daerah: Perak<br>No:4731<br>Hex coord:(48;85),n/a,0,0,0,0,0,0,1,2022-08-07T20:37:40.4494242Z,0
4.60891,101.0244776,Daerah: Perak<br>No:4732<br>Hex coord:(49;85),n/a,0,0,0,0,0,0,1,2022-08-07T20:37:41.1788136Z,0
4.61669,101.0380243,Daerah: Perak<br>No:4733<br>Hex coord:(50;85),n/a,0,0,0,0,0,0,1,2022-08-07T20:37:41.8965245Z,0
4.60891,101.051571,Daerah: Perak<br>No:4734<br>Hex coord:(51;85),n/a,16,0,0,0,0,0,1,2022-08-07T20:37:42.6082445Z,0
4.61669,101.0651177,Daerah: Perak<br>No:4735<br>Hex coord:(52;85),n/a,9,0,0,0,0,0,1,2022-08-07T20:37:43.3483548Z,0
4.60891,101.0786644,Daerah: Perak<br>No:4736<br>Hex coord:(53;85),n/a,5,0,0,0,0,0,1,2022-08-07T20:37:44.0760507Z,0
4.61669,101.0922111,Daerah: Perak<br>No:4737<br>Hex coord:(54;85),n/a,3,0,0,0,0,0,1,2022-08-07T20:37:44.8118419Z,0
4.60891,101.1057578,Daerah: Perak<br>No:4738<br>Hex coord:(55;85),n/a,30,0,0,0,0,0,1,2022-08-07T20:37:45.5478589Z,0
4.61669,101.1193045,Daerah: Perak<br>No:4739<br>Hex coord:(56;85),n/a,18,0,0,0,0,0,1,2022-08-07T20:37:46.2841845Z,0
4.60891,101.1328512,Daerah: Perak<br>No:4740<br>Hex coord:(57;85),n/a,6,0,0,0,0,0,1,2022-08-07T20:37:47.0039721Z,0
4.61669,101.1463979,Daerah: Perak<br>No:4741<br>Hex coord:(58;85),n/a,14,0,0,0,0,0,1,2022-08-07T20:37:47.7262244Z,0
4.60891,101.1599446,Daerah: Perak<br>No:4742<br>Hex coord:(59;85),n/a,0,0,0,0,0,0,1,2022-08-07T20:37:48.4460538Z,0
4.61669,101.1734913,Daerah: Perak<br>No:4743<br>Hex coord:(60;85),n/a,0,0,0,0,0,0,1,2022-08-07T20:37:49.1556978Z,0
4.60891,101.187038,Daerah: Perak<br>No:4744<br>Hex coord:(61;85),n/a,0,0,0,0,0,0,1,2022-08-07T20:37:49.8548527Z,0
4.61669,101.2005847,Daerah: Perak<br>No:4745<br>Hex coord:(62;85),n/a,0,0,0,0,0,0,1,2022-08-07T20:37:50.5450501Z,0
4.60891,101.2141314,Daerah: Perak<br>No:4746<br>Hex coord:(63;85),n/a,0,0,0,0,0,0,1,2022-08-07T20:37:51.2827805Z,0
4.61669,101.2276781,Daerah: Perak<br>No:4747<br>Hex coord:(64;85),n/a,0,0,0,0,0,0,1,2022-08-07T20:37:51.9774558Z,0
4.60891,101.2412249,Daerah: Perak<br>No:4748<br>Hex coord:(65;85),n/a,0,0,0,0,0,0,1,2022-08-07T20:37:52.6790303Z,0
4.61669,101.2547716,Daerah: Perak<br>No:4749<br>Hex coord:(66;85),n/a,0,0,0,0,0,0,1,2022-08-07T20:37:53.3723337Z,0
4.60891,101.2683183,Daerah: Perak<br>No:4750<br>Hex coord:(67;85),n/a,0,0,0,0,0,0,1,2022-08-07T20:37:54.0623671Z,0
4.61669,101.281865,Daerah: Perak<br>No:4751<br>Hex coord:(68;85),n/a,0,0,0,0,0,0,1,2022-08-07T20:37:54.7575977Z,0
4.60891,101.2954117,Daerah: Perak<br>No:4752<br>Hex coord:(69;85),n/a,0,0,0,0,0,0,1,2022-08-07T20:37:55.4469822Z,0
4.61669,101.3089584,Daerah: Perak<br>No:4753<br>Hex coord:(70;85),n/a,0,0,0,0,0,0,1,2022-08-07T20:37:56.1722646Z,0
4.60891,101.3225051,Daerah: Perak<br>No:4754<br>Hex coord:(71;85),n/a,0,0,0,0,0,0,1,2022-08-07T20:37:56.8566042Z,0
4.61669,101.3360518,Daerah: Perak<br>No:4755<br>Hex coord:(72;85),n/a,0,0,0,0,0,0,1,2022-08-07T20:37:57.5518724Z,0
4.60891,101.3495985,Daerah: Perak<br>No:4756<br>Hex coord:(73;85),n/a,0,0,0,0,0,0,1,2022-08-07T20:37:58.2422465Z,0
4.61669,101.3631452,Daerah: Perak<br>No:4757<br>Hex coord:(74;85),n/a,0,0,0,0,0,0,1,2022-08-07T20:37:58.9376756Z,0
4.59335,100.590983,Daerah: Perak<br>No:4758<br>Hex coord:(17;86),n/a,0,0,0,0,0,0,1,2022-08-07T20:37:59.6242415Z,0
4.60113,100.6045297,Daerah: Perak<br>No:4759<br>Hex coord:(18;86),n/a,0,0,0,0,0,0,1,2022-08-07T20:38:00.3414470Z,0
4.59335,100.6180764,Daerah: Perak<br>No:4760<br>Hex coord:(19;86),n/a,0,0,0,0,0,0,1,2022-08-07T20:38:01.0956592Z,0
4.60113,100.6316231,Daerah: Perak<br>No:4761<br>Hex coord:(20;86),n/a,0,0,0,0,0,0,1,2022-08-07T20:38:01.7861321Z,0
4.59335,100.6451698,Daerah: Perak<br>No:4762<br>Hex coord:(21;86),n/a,0,0,0,0,0,0,1,2022-08-07T20:38:02.4780084Z,0
4.60113,100.6587165,Daerah: Perak<br>No:4763<br>Hex coord:(22;86),n/a,0,0,0,0,0,0,1,2022-08-07T20:38:03.1645046Z,0
4.59335,100.6722632,Daerah: Perak<br>No:4764<br>Hex coord:(23;86),n/a,0,0,0,0,0,0,1,2022-08-07T20:38:03.8469413Z,0
4.60113,100.6858099,Daerah: Perak<br>No:4765<br>Hex coord:(24;86),n/a,0,0,0,0,0,0,1,2022-08-07T20:38:04.5531301Z,0
4.59335,100.6993566,Daerah: Perak<br>No:4766<br>Hex coord:(25;86),n/a,0,0,0,0,0,0,1,2022-08-07T20:38:05.2469277Z,0
4.60113,100.7129033,Daerah: Perak<br>No:4767<br>Hex coord:(26;86),n/a,0,0,0,0,0,0,1,2022-08-07T20:38:06.0009583Z,0
4.59335,100.72645,Daerah: Perak<br>No:4768<br>Hex coord:(27;86),n/a,0,0,0,0,0,0,1,2022-08-07T20:38:06.7196154Z,0
4.60113,100.7399968,Daerah: Perak<br>No:4769<br>Hex coord:(28;86),n/a,0,0,0,0,0,0,1,2022-08-07T20:38:07.4622334Z,0
4.59335,100.7535435,Daerah: Perak<br>No:4770<br>Hex coord:(29;86),n/a,0,0,0,0,0,0,1,2022-08-07T20:38:08.1542086Z,0
4.60113,100.7670902,Daerah: Perak<br>No:4771<br>Hex coord:(30;86),n/a,0,0,0,0,0,0,1,2022-08-07T20:38:08.8619373Z,0
4.59335,100.7806369,Daerah: Perak<br>No:4772<br>Hex coord:(31;86),n/a,0,0,0,0,0,0,1,2022-08-07T20:38:09.5537823Z,0
4.60113,100.7941836,Daerah: Perak<br>No:4773<br>Hex coord:(32;86),n/a,0,0,0,0,0,0,1,2022-08-07T20:38:10.2497480Z,0
4.59335,100.8077303,Daerah: Perak<br>No:4774<br>Hex coord:(33;86),n/a,0,0,0,0,0,0,1,2022-08-07T20:38:11.0635457Z,0
4.60113,100.821277,Daerah: Perak<br>No:4775<br>Hex coord:(34;86),n/a,0,0,0,0,0,0,1,2022-08-07T20:38:11.7613504Z,0
4.59335,100.8348237,Daerah: Perak<br>No:4776<br>Hex coord:(35;86),n/a,0,0,0,0,0,0,1,2022-08-07T20:38:12.4506730Z,0
4.60113,100.8483704,Daerah: Perak<br>No:4777<br>Hex coord:(36;86),n/a,0,0,0,0,0,0,1,2022-08-07T20:38:13.1455450Z,0
4.59335,100.8619171,Daerah: Perak<br>No:4778<br>Hex coord:(37;86),n/a,0,0,0,0,0,0,1,2022-08-07T20:38:13.8397712Z,0
4.60113,100.8754638,Daerah: Perak<br>No:4779<br>Hex coord:(38;86),n/a,1,0,0,0,0,0,1,2022-08-07T20:38:14.5303278Z,0
4.59335,100.8890105,Daerah: Perak<br>No:4780<br>Hex coord:(39;86),n/a,0,0,0,0,0,0,1,2022-08-07T20:38:15.2296479Z,0
4.60113,100.9025572,Daerah: Perak<br>No:4781<br>Hex coord:(40;86),n/a,0,0,0,0,0,0,1,2022-08-07T20:38:15.9589907Z,0
4.59335,100.9161039,Daerah: Perak<br>No:4782<br>Hex coord:(41;86),n/a,0,0,0,0,0,0,1,2022-08-07T20:38:16.6519381Z,0
4.60113,100.9296506,Daerah: Perak<br>No:4783<br>Hex coord:(42;86),n/a,0,0,0,0,0,0,1,2022-08-07T20:38:17.3350520Z,0
4.59335,100.9431973,Daerah: Perak<br>No:4784<br>Hex coord:(43;86),n/a,0,0,0,0,0,0,1,2022-08-07T20:38:18.0224866Z,0
4.60113,100.956744,Daerah: Perak<br>No:4785<br>Hex coord:(44;86),n/a,0,0,0,0,0,0,1,2022-08-07T20:38:18.7204225Z,0
4.59335,100.9702907,Daerah: Perak<br>No:4786<br>Hex coord:(45;86),n/a,0,0,0,0,0,0,1,2022-08-07T20:38:19.4130240Z,0
4.60113,100.9838374,Daerah: Perak<br>No:4787<br>Hex coord:(46;86),n/a,0,0,0,0,0,0,1,2022-08-07T20:38:20.1066341Z,0
4.59335,100.9973842,Daerah: Perak<br>No:4788<br>Hex coord:(47;86),n/a,0,0,0,0,0,0,1,2022-08-07T20:38:20.7957440Z,0
4.60113,101.0109309,Daerah: Perak<br>No:4789<br>Hex coord:(48;86),n/a,0,0,0,0,0,0,1,2022-08-07T20:38:21.5286080Z,0
4.59335,101.0244776,Daerah: Perak<br>No:4790<br>Hex coord:(49;86),n/a,0,0,0,0,0,0,1,2022-08-07T20:38:22.2297850Z,0
4.60113,101.0380243,Daerah: Perak<br>No:4791<br>Hex coord:(50;86),n/a,2,0,0,0,0,0,1,2022-08-07T20:38:22.9473560Z,0
4.59335,101.051571,Daerah: Perak<br>No:4792<br>Hex coord:(51;86),n/a,23,0,0,0,0,0,1,2022-08-07T20:38:23.6888079Z,0
4.60113,101.0651177,Daerah: Perak<br>No:4793<br>Hex coord:(52;86),n/a,8,0,0,0,0,0,1,2022-08-07T20:38:24.4091279Z,0
4.59335,101.0786644,Daerah: Perak<br>No:4794<br>Hex coord:(53;86),n/a,4,0,0,0,0,0,1,2022-08-07T20:38:25.1358990Z,0
4.60113,101.0922111,Daerah: Perak<br>No:4795<br>Hex coord:(54;86),n/a,13,0,0,0,0,0,1,2022-08-07T20:38:25.8721296Z,0
4.59335,101.1057578,Daerah: Perak<br>No:4796<br>Hex coord:(55;86),n/a,3,0,0,0,0,0,1,2022-08-07T20:38:26.6083502Z,0
4.60113,101.1193045,Daerah: Perak<br>No:4797<br>Hex coord:(56;86),n/a,9,0,0,0,0,0,1,2022-08-07T20:38:27.3464745Z,0
4.59335,101.1328512,Daerah: Perak<br>No:4798<br>Hex coord:(57;86),n/a,16,0,0,0,0,0,1,2022-08-07T20:38:28.0617384Z,0
4.60113,101.1463979,Daerah: Perak<br>No:4799<br>Hex coord:(58;86),n/a,2,0,0,0,0,0,1,2022-08-07T20:38:28.7888254Z,0
4.59335,101.1599446,Daerah: Perak<br>No:4800<br>Hex coord:(59;86),n/a,0,0,0,0,0,0,1,2022-08-07T20:38:29.4934177Z,0
4.60113,101.1734913,Daerah: Perak<br>No:4801<br>Hex coord:(60;86),n/a,0,0,0,0,0,0,1,2022-08-07T20:38:30.2328974Z,0
4.59335,101.187038,Daerah: Perak<br>No:4802<br>Hex coord:(61;86),n/a,0,0,0,0,0,0,1,2022-08-07T20:38:30.9712336Z,0
4.60113,101.2005847,Daerah: Perak<br>No:4803<br>Hex coord:(62;86),n/a,0,0,0,0,0,0,1,2022-08-07T20:38:31.6716013Z,0
4.59335,101.2141314,Daerah: Perak<br>No:4804<br>Hex coord:(63;86),n/a,0,0,0,0,0,0,1,2022-08-07T20:38:32.3642230Z,0
4.60113,101.2276781,Daerah: Perak<br>No:4805<br>Hex coord:(64;86),n/a,0,0,0,0,0,0,1,2022-08-07T20:38:33.0545643Z,0
4.59335,101.2412249,Daerah: Perak<br>No:4806<br>Hex coord:(65;86),n/a,0,0,0,0,0,0,1,2022-08-07T20:38:33.7359403Z,0
4.60113,101.2547716,Daerah: Perak<br>No:4807<br>Hex coord:(66;86),n/a,0,0,0,0,0,0,1,2022-08-07T20:38:34.4326908Z,0
4.59335,101.2683183,Daerah: Perak<br>No:4808<br>Hex coord:(67;86),n/a,0,0,0,0,0,0,1,2022-08-07T20:38:35.1163603Z,0
4.60113,101.281865,Daerah: Perak<br>No:4809<br>Hex coord:(68;86),n/a,0,0,0,0,0,0,1,2022-08-07T20:38:35.8024813Z,0
4.59335,101.2954117,Daerah: Perak<br>No:4810<br>Hex coord:(69;86),n/a,0,0,0,0,0,0,1,2022-08-07T20:38:36.4946704Z,0
4.60113,101.3089584,Daerah: Perak<br>No:4811<br>Hex coord:(70;86),n/a,0,0,0,0,0,0,1,2022-08-07T20:38:37.1829330Z,0
4.59335,101.3225051,Daerah: Perak<br>No:4812<br>Hex coord:(71;86),n/a,0,0,0,0,0,0,1,2022-08-07T20:38:37.8790190Z,0
4.60113,101.3360518,Daerah: Perak<br>No:4813<br>Hex coord:(72;86),n/a,0,0,0,0,0,0,1,2022-08-07T20:38:38.5717458Z,0
4.59335,101.3495985,Daerah: Perak<br>No:4814<br>Hex coord:(73;86),n/a,0,0,0,0,0,0,1,2022-08-07T20:38:39.2716621Z,0
4.60113,101.3631452,Daerah: Perak<br>No:4815<br>Hex coord:(74;86),n/a,0,0,0,0,0,0,1,2022-08-07T20:38:39.9557862Z,0
4.57779,100.590983,Daerah: Perak<br>No:4816<br>Hex coord:(17;87),n/a,0,0,0,0,0,0,1,2022-08-07T20:38:40.6463642Z,0
4.58557,100.6045297,Daerah: Perak<br>No:4817<br>Hex coord:(18;87),n/a,0,0,0,0,0,0,1,2022-08-07T20:38:41.3779018Z,0
4.57779,100.6180764,Daerah: Perak<br>No:4818<br>Hex coord:(19;87),n/a,0,0,0,0,0,0,1,2022-08-07T20:38:42.0673135Z,0
4.58557,100.6316231,Daerah: Perak<br>No:4819<br>Hex coord:(20;87),n/a,0,0,0,0,0,0,1,2022-08-07T20:38:42.7583759Z,0
4.57779,100.6451698,Daerah: Perak<br>No:4820<br>Hex coord:(21;87),n/a,0,0,0,0,0,0,1,2022-08-07T20:38:43.4469048Z,0
4.58557,100.6587165,Daerah: Perak<br>No:4821<br>Hex coord:(22;87),n/a,0,0,0,0,0,0,1,2022-08-07T20:38:44.1296197Z,0
4.57779,100.6722632,Daerah: Perak<br>No:4822<br>Hex coord:(23;87),n/a,0,0,0,0,0,0,1,2022-08-07T20:38:44.8179642Z,0
4.58557,100.6858099,Daerah: Perak<br>No:4823<br>Hex coord:(24;87),n/a,0,0,0,0,0,0,1,2022-08-07T20:38:45.5105752Z,0
4.57779,100.6993566,Daerah: Perak<br>No:4824<br>Hex coord:(25;87),n/a,0,0,0,0,0,0,1,2022-08-07T20:38:46.2328242Z,0
4.58557,100.7129033,Daerah: Perak<br>No:4825<br>Hex coord:(26;87),n/a,0,0,0,0,0,0,1,2022-08-07T20:38:46.9215623Z,0
4.57779,100.72645,Daerah: Perak<br>No:4826<br>Hex coord:(27;87),n/a,0,0,0,0,0,0,1,2022-08-07T20:38:47.6147274Z,0
4.58557,100.7399968,Daerah: Perak<br>No:4827<br>Hex coord:(28;87),n/a,0,0,0,0,0,0,1,2022-08-07T20:38:48.3060609Z,0
4.57779,100.7535435,Daerah: Perak<br>No:4828<br>Hex coord:(29;87),n/a,0,0,0,0,0,0,1,2022-08-07T20:38:48.9949229Z,0
4.58557,100.7670902,Daerah: Perak<br>No:4829<br>Hex coord:(30;87),n/a,0,0,0,0,0,0,1,2022-08-07T20:38:49.6860542Z,0
4.57779,100.7806369,Daerah: Perak<br>No:4830<br>Hex coord:(31;87),n/a,0,0,0,0,0,0,1,2022-08-07T20:38:50.3803161Z,0
4.58557,100.7941836,Daerah: Perak<br>No:4831<br>Hex coord:(32;87),n/a,0,0,0,0,0,0,1,2022-08-07T20:38:51.2157471Z,0
4.57779,100.8077303,Daerah: Perak<br>No:4832<br>Hex coord:(33;87),n/a,0,0,0,0,0,0,1,2022-08-07T20:38:51.9176330Z,0
4.58557,100.821277,Daerah: Perak<br>No:4833<br>Hex coord:(34;87),n/a,0,0,0,0,0,0,1,2022-08-07T20:38:52.6004492Z,0
4.57779,100.8348237,Daerah: Perak<br>No:4834<br>Hex coord:(35;87),n/a,0,0,0,0,0,0,1,2022-08-07T20:38:53.3020627Z,0
4.58557,100.8483704,Daerah: Perak<br>No:4835<br>Hex coord:(36;87),n/a,0,0,0,0,0,0,1,2022-08-07T20:38:53.9980619Z,0
4.57779,100.8619171,Daerah: Perak<br>No:4836<br>Hex coord:(37;87),n/a,0,0,0,0,0,0,1,2022-08-07T20:38:54.6901999Z,0
4.58557,100.8754638,Daerah: Perak<br>No:4837<br>Hex coord:(38;87),n/a,1,0,0,0,0,0,1,2022-08-07T20:38:55.3864188Z,0
4.57779,100.8890105,Daerah: Perak<br>No:4838<br>Hex coord:(39;87),n/a,0,0,0,0,0,0,1,2022-08-07T20:38:56.1178447Z,0
4.58557,100.9025572,Daerah: Perak<br>No:4839<br>Hex coord:(40;87),n/a,0,0,0,0,0,0,1,2022-08-07T20:38:56.7958276Z,0
4.57779,100.9161039,Daerah: Perak<br>No:4840<br>Hex coord:(41;87),n/a,0,0,0,0,0,0,1,2022-08-07T20:38:57.4831964Z,0
4.58557,100.9296506,Daerah: Perak<br>No:4841<br>Hex coord:(42;87),n/a,0,0,0,0,0,0,1,2022-08-07T20:38:58.1779585Z,0
4.57779,100.9431973,Daerah: Perak<br>No:4842<br>Hex coord:(43;87),n/a,0,0,0,0,0,0,1,2022-08-07T20:38:58.8665600Z,0
4.58557,100.956744,Daerah: Perak<br>No:4843<br>Hex coord:(44;87),n/a,0,0,0,0,0,0,1,2022-08-07T20:38:59.5654911Z,0
4.57779,100.9702907,Daerah: Perak<br>No:4844<br>Hex coord:(45;87),n/a,0,0,0,0,0,0,1,2022-08-07T20:39:00.2537477Z,0
4.58557,100.9838374,Daerah: Perak<br>No:4845<br>Hex coord:(46;87),n/a,0,0,0,0,0,0,1,2022-08-07T20:39:00.9874176Z,0
4.57779,100.9973842,Daerah: Perak<br>No:4846<br>Hex coord:(47;87),n/a,0,0,0,0,0,0,1,2022-08-07T20:39:01.6900627Z,0
4.58557,101.0109309,Daerah: Perak<br>No:4847<br>Hex coord:(48;87),n/a,0,0,0,0,0,0,1,2022-08-07T20:39:02.3968020Z,0
4.57779,101.0244776,Daerah: Perak<br>No:4848<br>Hex coord:(49;87),n/a,0,0,0,0,0,0,1,2022-08-07T20:39:03.1238092Z,0
4.58557,101.0380243,Daerah: Perak<br>No:4849<br>Hex coord:(50;87),n/a,11,0,0,0,0,0,1,2022-08-07T20:39:03.8556442Z,0
4.57779,101.051571,Daerah: Perak<br>No:4850<br>Hex coord:(51;87),n/a,19,0,0,0,0,0,1,2022-08-07T20:39:04.5901777Z,0
4.58557,101.0651177,Daerah: Perak<br>No:4851<br>Hex coord:(52;87),n/a,9,0,0,0,0,0,1,2022-08-07T20:39:05.3222091Z,0
4.57779,101.0786644,Daerah: Perak<br>No:4852<br>Hex coord:(53;87),n/a,9,0,0,0,0,0,1,2022-08-07T20:39:06.0454196Z,0
4.58557,101.0922111,Daerah: Perak<br>No:4853<br>Hex coord:(54;87),n/a,7,0,0,0,0,0,1,2022-08-07T20:39:06.7861466Z,0
4.57779,101.1057578,Daerah: Perak<br>No:4854<br>Hex coord:(55;87),n/a,6,0,0,0,0,0,1,2022-08-07T20:39:07.5170705Z,0
4.58557,101.1193045,Daerah: Perak<br>No:4855<br>Hex coord:(56;87),n/a,14,0,0,0,0,0,1,2022-08-07T20:39:08.2477156Z,0
4.57779,101.1328512,Daerah: Perak<br>No:4856<br>Hex coord:(57;87),n/a,13,0,0,0,0,0,1,2022-08-07T20:39:08.9801010Z,0
4.58557,101.1463979,Daerah: Perak<br>No:4857<br>Hex coord:(58;87),n/a,2,0,0,0,0,0,1,2022-08-07T20:39:09.6966709Z,0
4.57779,101.1599446,Daerah: Perak<br>No:4858<br>Hex coord:(59;87),n/a,0,0,0,0,0,0,1,2022-08-07T20:39:10.4006969Z,0
4.58557,101.1734913,Daerah: Perak<br>No:4859<br>Hex coord:(60;87),n/a,0,0,0,0,0,0,1,2022-08-07T20:39:11.1314041Z,0
4.57779,101.187038,Daerah: Perak<br>No:4860<br>Hex coord:(61;87),n/a,0,0,0,0,0,0,1,2022-08-07T20:39:11.8290684Z,0
4.58557,101.2005847,Daerah: Perak<br>No:4861<br>Hex coord:(62;87),n/a,0,0,0,0,0,0,1,2022-08-07T20:39:12.5189678Z,0
4.57779,101.2141314,Daerah: Perak<br>No:4862<br>Hex coord:(63;87),n/a,0,0,0,0,0,0,1,2022-08-07T20:39:13.2075972Z,0
4.58557,101.2276781,Daerah: Perak<br>No:4863<br>Hex coord:(64;87),n/a,0,0,0,0,0,0,1,2022-08-07T20:39:13.8982251Z,0
4.57779,101.2412249,Daerah: Perak<br>No:4864<br>Hex coord:(65;87),n/a,0,0,0,0,0,0,1,2022-08-07T20:39:14.5988036Z,0
4.58557,101.2547716,Daerah: Perak<br>No:4865<br>Hex coord:(66;87),n/a,0,0,0,0,0,0,1,2022-08-07T20:39:15.2918623Z,0
4.57779,101.2683183,Daerah: Perak<br>No:4866<br>Hex coord:(67;87),n/a,0,0,0,0,0,0,1,2022-08-07T20:39:16.0252712Z,0
4.58557,101.281865,Daerah: Perak<br>No:4867<br>Hex coord:(68;87),n/a,0,0,0,0,0,0,1,2022-08-07T20:39:16.7139553Z,0
4.57779,101.2954117,Daerah: Perak<br>No:4868<br>Hex coord:(69;87),n/a,0,0,0,0,0,0,1,2022-08-07T20:39:17.4017257Z,0
4.58557,101.3089584,Daerah: Perak<br>No:4869<br>Hex coord:(70;87),n/a,0,0,0,0,0,0,1,2022-08-07T20:39:18.0929002Z,0
4.57779,101.3225051,Daerah: Perak<br>No:4870<br>Hex coord:(71;87),n/a,0,0,0,0,0,0,1,2022-08-07T20:39:18.7853780Z,0
4.58557,101.3360518,Daerah: Perak<br>No:4871<br>Hex coord:(72;87),n/a,0,0,0,0,0,0,1,2022-08-07T20:39:19.4866459Z,0
4.57779,101.3495985,Daerah: Perak<br>No:4872<br>Hex coord:(73;87),n/a,0,0,0,0,0,0,1,2022-08-07T20:39:20.1909817Z,0
4.57001,100.6045297,Daerah: Perak<br>No:4873<br>Hex coord:(18;88),n/a,0,0,0,0,0,0,1,2022-08-07T20:39:20.9158899Z,0
4.56223,100.6180764,Daerah: Perak<br>No:4874<br>Hex coord:(19;88),n/a,0,0,0,0,0,0,1,2022-08-07T20:39:21.6056644Z,0
4.57001,100.6316231,Daerah: Perak<br>No:4875<br>Hex coord:(20;88),n/a,0,0,0,0,0,0,1,2022-08-07T20:39:22.3047826Z,0
4.57001,100.6587165,Daerah: Perak<br>No:4876<br>Hex coord:(22;88),n/a,0,0,0,0,0,0,1,2022-08-07T20:39:23.0017259Z,0
4.56223,100.6722632,Daerah: Perak<br>No:4877<br>Hex coord:(23;88),n/a,0,0,0,0,0,0,1,2022-08-07T20:39:23.6930205Z,0
4.57001,100.6858099,Daerah: Perak<br>No:4878<br>Hex coord:(24;88),n/a,0,0,0,0,0,0,1,2022-08-07T20:39:24.3897706Z,0
4.56223,100.6993566,Daerah: Perak<br>No:4879<br>Hex coord:(25;88),n/a,0,0,0,0,0,0,1,2022-08-07T20:39:25.0858663Z,0
4.57001,100.7129033,Daerah: Perak<br>No:4880<br>Hex coord:(26;88),n/a,0,0,0,0,0,0,1,2022-08-07T20:39:25.7696876Z,0
4.56223,100.72645,Daerah: Perak<br>No:4881<br>Hex coord:(27;88),n/a,0,0,0,0,0,0,1,2022-08-07T20:39:26.5097534Z,0
4.57001,100.7399968,Daerah: Perak<br>No:4882<br>Hex coord:(28;88),n/a,0,0,0,0,0,0,1,2022-08-07T20:39:27.1972971Z,0
4.56223,100.7535435,Daerah: Perak<br>No:4883<br>Hex coord:(29;88),n/a,0,0,0,0,0,0,1,2022-08-07T20:39:27.8834864Z,0
4.57001,100.7670902,Daerah: Perak<br>No:4884<br>Hex coord:(30;88),n/a,0,0,0,0,0,0,1,2022-08-07T20:39:28.5648690Z,0
4.56223,100.7806369,Daerah: Perak<br>No:4885<br>Hex coord:(31;88),n/a,0,0,0,0,0,0,1,2022-08-07T20:39:29.2715989Z,0
4.57001,100.7941836,Daerah: Perak<br>No:4886<br>Hex coord:(32;88),n/a,0,0,0,0,0,0,1,2022-08-07T20:39:29.9674209Z,0
4.56223,100.8077303,Daerah: Perak<br>No:4887<br>Hex coord:(33;88),n/a,0,0,0,0,0,0,1,2022-08-07T20:39:30.6600523Z,0
4.57001,100.821277,Daerah: Perak<br>No:4888<br>Hex coord:(34;88),n/a,0,0,0,0,0,0,1,2022-08-07T20:39:31.4378436Z,0
4.56223,100.8348237,Daerah: Perak<br>No:4889<br>Hex coord:(35;88),n/a,0,0,0,0,0,0,1,2022-08-07T20:39:32.1420565Z,0
4.57001,100.8483704,Daerah: Perak<br>No:4890<br>Hex coord:(36;88),n/a,0,0,0,0,0,0,1,2022-08-07T20:39:32.8404454Z,0
4.56223,100.8619171,Daerah: Perak<br>No:4891<br>Hex coord:(37;88),n/a,0,0,0,0,0,0,1,2022-08-07T20:39:33.5445921Z,0
4.57001,100.8754638,Daerah: Perak<br>No:4892<br>Hex coord:(38;88),n/a,0,0,0,0,0,0,1,2022-08-07T20:39:34.2497125Z,0
4.56223,100.8890105,Daerah: Perak<br>No:4893<br>Hex coord:(39;88),n/a,0,0,0,0,0,0,1,2022-08-07T20:39:34.9347708Z,0
4.57001,100.9025572,Daerah: Perak<br>No:4894<br>Hex coord:(40;88),n/a,0,0,0,0,0,0,1,2022-08-07T20:39:35.6319206Z,0
4.56223,100.9161039,Daerah: Perak<br>No:4895<br>Hex coord:(41;88),n/a,0,0,0,0,0,0,1,2022-08-07T20:39:36.4534543Z,0
4.57001,100.9296506,Daerah: Perak<br>No:4896<br>Hex coord:(42;88),n/a,0,0,0,0,0,0,1,2022-08-07T20:39:37.2637382Z,0
4.56223,100.9431973,Daerah: Perak<br>No:4897<br>Hex coord:(43;88),n/a,0,0,0,0,0,0,1,2022-08-07T20:39:37.9548635Z,0
4.57001,100.956744,Daerah: Perak<br>No:4898<br>Hex coord:(44;88),n/a,0,0,0,0,0,0,1,2022-08-07T20:39:38.6579764Z,0
4.56223,100.9702907,Daerah: Perak<br>No:4899<br>Hex coord:(45;88),n/a,0,0,0,0,0,0,1,2022-08-07T20:39:39.3508814Z,0
4.57001,100.9838374,Daerah: Perak<br>No:4900<br>Hex coord:(46;88),n/a,0,0,0,0,0,0,1,2022-08-07T20:39:40.0972274Z,0
4.56223,100.9973842,Daerah: Perak<br>No:4901<br>Hex coord:(47;88),n/a,0,0,0,0,0,0,1,2022-08-07T20:39:40.8023780Z,0
4.57001,101.0109309,Daerah: Perak<br>No:4902<br>Hex coord:(48;88),n/a,0,0,0,0,0,0,1,2022-08-07T20:39:41.5228369Z,0
4.56223,101.0244776,Daerah: Perak<br>No:4903<br>Hex coord:(49;88),n/a,0,0,0,0,0,0,1,2022-08-07T20:39:42.2375071Z,0
4.57001,101.0380243,Daerah: Perak<br>No:4904<br>Hex coord:(50;88),n/a,10,0,0,0,0,0,1,2022-08-07T20:39:42.9475583Z,0
4.56223,101.051571,Daerah: Perak<br>No:4905<br>Hex coord:(51;88),n/a,7,0,0,0,0,0,1,2022-08-07T20:39:43.6665651Z,0
4.57001,101.0651177,Daerah: Perak<br>No:4906<br>Hex coord:(52;88),n/a,2,0,0,0,0,0,1,2022-08-07T20:39:44.3899673Z,0
4.56223,101.0786644,Daerah: Perak<br>No:4907<br>Hex coord:(53;88),n/a,8,0,0,0,0,0,1,2022-08-07T20:39:45.1333519Z,0
4.57001,101.0922111,Daerah: Perak<br>No:4908<br>Hex coord:(54;88),n/a,3,0,0,0,0,0,1,2022-08-07T20:39:45.8683802Z,0
4.56223,101.1057578,Daerah: Perak<br>No:4909<br>Hex coord:(55;88),n/a,12,0,0,0,0,0,1,2022-08-07T20:39:51.4142649Z,0
4.57001,101.1193045,Daerah: Perak<br>No:4910<br>Hex coord:(56;88),n/a,10,0,0,0,0,0,1,2022-08-07T20:39:52.1298643Z,0
4.56223,101.1328512,Daerah: Perak<br>No:4911<br>Hex coord:(57;88),n/a,10,0,0,0,0,0,1,2022-08-07T20:39:52.8481275Z,0
4.57001,101.1463979,Daerah: Perak<br>No:4912<br>Hex coord:(58;88),n/a,6,0,0,0,0,0,1,2022-08-07T20:39:53.5701412Z,0
4.56223,101.1599446,Daerah: Perak<br>No:4913<br>Hex coord:(59;88),n/a,0,0,0,0,0,0,1,2022-08-07T20:39:54.2659882Z,0
4.57001,101.1734913,Daerah: Perak<br>No:4914<br>Hex coord:(60;88),n/a,0,0,0,0,0,0,1,2022-08-07T20:39:54.9688156Z,0
4.56223,101.187038,Daerah: Perak<br>No:4915<br>Hex coord:(61;88),n/a,0,0,0,0,0,0,1,2022-08-07T20:39:55.6684441Z,0
4.57001,101.2005847,Daerah: Perak<br>No:4916<br>Hex coord:(62;88),n/a,0,0,0,0,0,0,1,2022-08-07T20:39:56.4060715Z,0
4.56223,101.2141314,Daerah: Perak<br>No:4917<br>Hex coord:(63;88),n/a,0,0,0,0,0,0,1,2022-08-07T20:39:57.1079551Z,0
4.57001,101.2276781,Daerah: Perak<br>No:4918<br>Hex coord:(64;88),n/a,0,0,0,0,0,0,1,2022-08-07T20:39:57.8098442Z,0
4.56223,101.2412249,Daerah: Perak<br>No:4919<br>Hex coord:(65;88),n/a,0,0,0,0,0,0,1,2022-08-07T20:39:58.4982318Z,0
4.57001,101.2547716,Daerah: Perak<br>No:4920<br>Hex coord:(66;88),n/a,0,0,0,0,0,0,1,2022-08-07T20:39:59.2074433Z,0
4.56223,101.2683183,Daerah: Perak<br>No:4921<br>Hex coord:(67;88),n/a,0,0,0,0,0,0,1,2022-08-07T20:39:59.8961973Z,0
4.57001,101.281865,Daerah: Perak<br>No:4922<br>Hex coord:(68;88),n/a,0,0,0,0,0,0,1,2022-08-07T20:40:00.5955848Z,0
4.56223,101.2954117,Daerah: Perak<br>No:4923<br>Hex coord:(69;88),n/a,0,0,0,0,0,0,1,2022-08-07T20:40:01.3247484Z,0
4.57001,101.3089584,Daerah: Perak<br>No:4924<br>Hex coord:(70;88),n/a,0,0,0,0,0,0,1,2022-08-07T20:40:02.0206582Z,0
4.56223,101.3225051,Daerah: Perak<br>No:4925<br>Hex coord:(71;88),n/a,0,0,0,0,0,0,1,2022-08-07T20:40:02.7035139Z,0
4.57001,101.3360518,Daerah: Perak<br>No:4926<br>Hex coord:(72;88),n/a,0,0,0,0,0,0,1,2022-08-07T20:40:03.4150925Z,0
4.56223,101.3495985,Daerah: Perak<br>No:4927<br>Hex coord:(73;88),n/a,0,0,0,0,0,0,1,2022-08-07T20:40:04.0999646Z,0
4.55445,100.6587165,Daerah: Perak<br>No:4928<br>Hex coord:(22;89),n/a,0,0,0,0,0,0,1,2022-08-07T20:40:04.7923721Z,0
4.54667,100.6722632,Daerah: Perak<br>No:4929<br>Hex coord:(23;89),n/a,0,0,0,0,0,0,1,2022-08-07T20:40:05.4884552Z,0
4.55445,100.6858099,Daerah: Perak<br>No:4930<br>Hex coord:(24;89),n/a,0,0,0,0,0,0,1,2022-08-07T20:40:06.2113222Z,0
4.54667,100.6993566,Daerah: Perak<br>No:4931<br>Hex coord:(25;89),n/a,0,0,0