lat,lon,label,placename,weeklyactive,totalactive,weeklyrecovered,totalrecovered,weeklydeaths,totaldeaths,weight,timestamp,reserved
5.91595,101.5392524,Daerah: Perak<br>No:1<br>Hex coord:(87;1),n/a,0,0,0,0,0,0,1,2022-04-23T04:00:15.7815706Z,0
5.91595,101.5663458,Daerah: Perak<br>No:2<br>Hex coord:(89;1),n/a,0,0,0,0,0,0,1,2022-04-23T04:00:17.5291348Z,0
5.92373,101.5798925,Daerah: Perak<br>No:3<br>Hex coord:(90;1),n/a,0,0,0,0,0,0,1,2022-04-23T04:00:18.5353664Z,0
5.91595,101.5934392,Daerah: Perak<br>No:4<br>Hex coord:(91;1),n/a,0,0,0,0,0,0,1,2022-04-23T04:00:19.4573761Z,0
5.90039,101.5392524,Daerah: Perak<br>No:5<br>Hex coord:(87;2),n/a,0,0,0,0,0,0,1,2022-04-23T04:00:20.2753226Z,0
5.90817,101.5527991,Daerah: Perak<br>No:6<br>Hex coord:(88;2),n/a,0,0,0,0,0,0,1,2022-04-23T04:00:21.0308719Z,0
5.90039,101.5663458,Daerah: Perak<br>No:7<br>Hex coord:(89;2),n/a,0,0,0,0,0,0,1,2022-04-23T04:00:21.8612309Z,0
5.90817,101.5798925,Daerah: Perak<br>No:8<br>Hex coord:(90;2),n/a,0,0,0,0,0,0,1,2022-04-23T04:00:22.6324406Z,0
5.90039,101.5934392,Daerah: Perak<br>No:9<br>Hex coord:(91;2),n/a,0,0,0,0,0,0,1,2022-04-23T04:00:23.3835846Z,0
5.90817,101.6069859,Daerah: Perak<br>No:10<br>Hex coord:(92;2),n/a,0,0,0,0,0,0,1,2022-04-23T04:00:24.1869838Z,0
5.88483,101.512159,Daerah: Perak<br>No:11<br>Hex coord:(85;3),n/a,0,0,0,0,0,0,1,2022-04-23T04:00:24.9632506Z,0
5.89261,101.5257057,Daerah: Perak<br>No:12<br>Hex coord:(86;3),n/a,0,0,0,0,0,0,1,2022-04-23T04:00:25.7333112Z,0
5.88483,101.5392524,Daerah: Perak<br>No:13<br>Hex coord:(87;3),n/a,0,0,0,0,0,0,1,2022-04-23T04:00:26.4988635Z,0
5.89261,101.5527991,Daerah: Perak<br>No:14<br>Hex coord:(88;3),n/a,0,0,0,0,0,0,1,2022-04-23T04:00:27.2723690Z,0
5.88483,101.5663458,Daerah: Perak<br>No:15<br>Hex coord:(89;3),n/a,0,0,0,0,0,0,1,2022-04-23T04:00:28.0646656Z,0
5.89261,101.5798925,Daerah: Perak<br>No:16<br>Hex coord:(90;3),n/a,0,0,0,0,0,0,1,2022-04-23T04:00:29.0040605Z,0
5.88483,101.5934392,Daerah: Perak<br>No:17<br>Hex coord:(91;3),n/a,0,0,0,0,0,0,1,2022-04-23T04:00:29.8207721Z,0
5.89261,101.6069859,Daerah: Perak<br>No:18<br>Hex coord:(92;3),n/a,0,0,0,0,0,0,1,2022-04-23T04:00:30.8951123Z,0
5.88483,101.6205326,Daerah: Perak<br>No:19<br>Hex coord:(93;3),n/a,0,0,0,0,0,0,1,2022-04-23T04:00:32.8019872Z,0
5.86927,101.4037853,Daerah: Perak<br>No:20<br>Hex coord:(77;4),n/a,0,0,0,0,0,0,1,2022-04-23T04:00:33.5629149Z,0
5.86927,101.4308787,Daerah: Perak<br>No:21<br>Hex coord:(79;4),n/a,0,0,0,0,0,0,1,2022-04-23T04:00:34.3673981Z,0
5.86927,101.4579721,Daerah: Perak<br>No:22<br>Hex coord:(81;4),n/a,0,0,0,0,0,0,1,2022-04-23T04:00:36.2835624Z,0
5.86927,101.4850655,Daerah: Perak<br>No:23<br>Hex coord:(83;4),n/a,0,0,0,0,0,0,1,2022-04-23T04:00:37.1071536Z,0
5.87705,101.4986123,Daerah: Perak<br>No:24<br>Hex coord:(84;4),n/a,0,0,0,0,0,0,1,2022-04-23T04:00:37.9404158Z,0
5.86927,101.512159,Daerah: Perak<br>No:25<br>Hex coord:(85;4),n/a,0,0,0,0,0,0,1,2022-04-23T04:00:38.7854544Z,0
5.87705,101.5257057,Daerah: Perak<br>No:26<br>Hex coord:(86;4),n/a,0,0,0,0,0,0,1,2022-04-23T04:00:39.6602622Z,0
5.86927,101.5392524,Daerah: Perak<br>No:27<br>Hex coord:(87;4),n/a,0,0,0,0,0,0,1,2022-04-23T04:00:40.4995233Z,0
5.87705,101.5527991,Daerah: Perak<br>No:28<br>Hex coord:(88;4),n/a,0,0,0,0,0,0,1,2022-04-23T04:00:41.2947434Z,0
5.86927,101.5663458,Daerah: Perak<br>No:29<br>Hex coord:(89;4),n/a,0,0,0,0,0,0,1,2022-04-23T04:00:42.1216541Z,0
5.87705,101.5798925,Daerah: Perak<br>No:30<br>Hex coord:(90;4),n/a,0,0,0,0,0,0,1,2022-04-23T04:00:42.9517543Z,0
5.86927,101.5934392,Daerah: Perak<br>No:31<br>Hex coord:(91;4),n/a,0,0,0,0,0,0,1,2022-04-23T04:00:43.9427879Z,0
5.87705,101.6069859,Daerah: Perak<br>No:32<br>Hex coord:(92;4),n/a,0,0,0,0,0,0,1,2022-04-23T04:00:44.7758816Z,0
5.86927,101.6205326,Daerah: Perak<br>No:33<br>Hex coord:(93;4),n/a,0,0,0,0,0,0,1,2022-04-23T04:00:45.6562100Z,0
5.86927,101.647626,Daerah: Perak<br>No:34<br>Hex coord:(95;4),n/a,0,0,0,0,0,0,1,2022-04-23T04:00:46.5026432Z,0
5.86149,101.3902386,Daerah: Perak<br>No:35<br>Hex coord:(76;5),n/a,0,0,0,0,0,0,1,2022-04-23T04:00:47.2519443Z,0
5.85371,101.4037853,Daerah: Perak<br>No:36<br>Hex coord:(77;5),n/a,0,0,0,0,0,0,1,2022-04-23T04:00:48.1132561Z,0
5.86149,101.417332,Daerah: Perak<br>No:37<br>Hex coord:(78;5),n/a,0,0,0,0,0,0,1,2022-04-23T04:00:48.9475379Z,0
5.85371,101.4308787,Daerah: Perak<br>No:38<br>Hex coord:(79;5),n/a,0,0,0,0,0,0,1,2022-04-23T04:00:49.7659145Z,0
5.86149,101.4444254,Daerah: Perak<br>No:39<br>Hex coord:(80;5),n/a,0,0,0,0,0,0,1,2022-04-23T04:00:50.6298359Z,0
5.85371,101.4579721,Daerah: Perak<br>No:40<br>Hex coord:(81;5),n/a,0,0,0,0,0,0,1,2022-04-23T04:00:51.4954804Z,0
5.86149,101.4715188,Daerah: Perak<br>No:41<br>Hex coord:(82;5),n/a,0,0,0,0,0,0,1,2022-04-23T04:00:52.2829100Z,0
5.85371,101.4850655,Daerah: Perak<br>No:42<br>Hex coord:(83;5),n/a,0,0,0,0,0,0,1,2022-04-23T04:00:53.1033618Z,0
5.86149,101.4986123,Daerah: Perak<br>No:43<br>Hex coord:(84;5),n/a,0,0,0,0,0,0,1,2022-04-23T04:00:53.9319690Z,0
5.85371,101.512159,Daerah: Perak<br>No:44<br>Hex coord:(85;5),n/a,0,0,0,0,0,0,1,2022-04-23T04:00:54.7452875Z,0
5.86149,101.5257057,Daerah: Perak<br>No:45<br>Hex coord:(86;5),n/a,0,0,0,0,0,0,1,2022-04-23T04:00:55.5280038Z,0
5.85371,101.5392524,Daerah: Perak<br>No:46<br>Hex coord:(87;5),n/a,0,0,0,0,0,0,1,2022-04-23T04:00:56.3049200Z,0
5.86149,101.5527991,Daerah: Perak<br>No:47<br>Hex coord:(88;5),n/a,0,0,0,0,0,0,1,2022-04-23T04:00:57.0894293Z,0
5.85371,101.5663458,Daerah: Perak<br>No:48<br>Hex coord:(89;5),n/a,0,0,0,0,0,0,1,2022-04-23T04:00:57.9148096Z,0
5.86149,101.5798925,Daerah: Perak<br>No:49<br>Hex coord:(90;5),n/a,0,0,0,0,0,0,1,2022-04-23T04:00:58.7357822Z,0
5.85371,101.5934392,Daerah: Perak<br>No:50<br>Hex coord:(91;5),n/a,0,0,0,0,0,0,1,2022-04-23T04:00:59.5839666Z,0
5.86149,101.6069859,Daerah: Perak<br>No:51<br>Hex coord:(92;5),n/a,0,0,0,0,0,0,1,2022-04-23T04:01:00.6502250Z,0
5.85371,101.6205326,Daerah: Perak<br>No:52<br>Hex coord:(93;5),n/a,0,0,0,0,0,0,1,2022-04-23T04:01:01.6675170Z,0
5.86149,101.6340793,Daerah: Perak<br>No:53<br>Hex coord:(94;5),n/a,0,0,0,0,0,0,1,2022-04-23T04:01:02.5687744Z,0
5.85371,101.647626,Daerah: Perak<br>No:54<br>Hex coord:(95;5),n/a,0,0,0,0,0,0,1,2022-04-23T04:01:03.4384883Z,0
5.83815,101.3766919,Daerah: Perak<br>No:55<br>Hex coord:(75;6),n/a,0,0,0,0,0,0,1,2022-04-23T04:01:05.7411413Z,0
5.84593,101.3902386,Daerah: Perak<br>No:56<br>Hex coord:(76;6),n/a,0,0,0,0,0,0,1,2022-04-23T04:01:06.9824614Z,0
5.83815,101.4037853,Daerah: Perak<br>No:57<br>Hex coord:(77;6),n/a,0,0,0,0,0,0,1,2022-04-23T04:01:08.0544618Z,0
5.84593,101.417332,Daerah: Perak<br>No:58<br>Hex coord:(78;6),n/a,0,0,0,0,0,0,1,2022-04-23T04:01:08.9895885Z,0
5.83815,101.4308787,Daerah: Perak<br>No:59<br>Hex coord:(79;6),n/a,0,0,0,0,0,0,1,2022-04-23T04:01:09.9569440Z,0
5.84593,101.4444254,Daerah: Perak<br>No:60<br>Hex coord:(80;6),n/a,0,0,0,0,0,0,1,2022-04-23T04:01:11.1046810Z,0
5.83815,101.4579721,Daerah: Perak<br>No:61<br>Hex coord:(81;6),n/a,0,0,0,0,0,0,1,2022-04-23T04:01:11.8729748Z,0
5.84593,101.4715188,Daerah: Perak<br>No:62<br>Hex coord:(82;6),n/a,0,0,0,0,0,0,1,2022-04-23T04:01:12.6184868Z,0
5.83815,101.4850655,Daerah: Perak<br>No:63<br>Hex coord:(83;6),n/a,0,0,0,0,0,0,1,2022-04-23T04:01:13.3948636Z,0
5.84593,101.4986123,Daerah: Perak<br>No:64<br>Hex coord:(84;6),n/a,0,0,0,0,0,0,1,2022-04-23T04:01:14.1366158Z,0
5.83815,101.512159,Daerah: Perak<br>No:65<br>Hex coord:(85;6),n/a,0,0,0,0,0,0,1,2022-04-23T04:01:14.8962620Z,0
5.84593,101.5257057,Daerah: Perak<br>No:66<br>Hex coord:(86;6),n/a,0,0,0,0,0,0,1,2022-04-23T04:01:15.6856229Z,0
5.83815,101.5392524,Daerah: Perak<br>No:67<br>Hex coord:(87;6),n/a,0,0,0,0,0,0,1,2022-04-23T04:01:16.4867243Z,0
5.84593,101.5527991,Daerah: Perak<br>No:68<br>Hex coord:(88;6),n/a,0,0,0,0,0,0,1,2022-04-23T04:01:17.2912779Z,0
5.83815,101.5663458,Daerah: Perak<br>No:69<br>Hex coord:(89;6),n/a,0,0,0,0,0,0,1,2022-04-23T04:01:18.0915846Z,0
5.84593,101.5798925,Daerah: Perak<br>No:70<br>Hex coord:(90;6),n/a,0,0,0,0,0,0,1,2022-04-23T04:01:18.8920682Z,0
5.83815,101.5934392,Daerah: Perak<br>No:71<br>Hex coord:(91;6),n/a,0,0,0,0,0,0,1,2022-04-23T04:01:19.7086118Z,0
5.84593,101.6069859,Daerah: Perak<br>No:72<br>Hex coord:(92;6),n/a,0,0,0,0,0,0,1,2022-04-23T04:01:20.5308163Z,0
5.83815,101.6205326,Daerah: Perak<br>No:73<br>Hex coord:(93;6),n/a,0,0,0,0,0,0,1,2022-04-23T04:01:21.3284737Z,0
5.84593,101.6340793,Daerah: Perak<br>No:74<br>Hex coord:(94;6),n/a,0,0,0,0,0,0,1,2022-04-23T04:01:22.1326951Z,0
5.83815,101.647626,Daerah: Perak<br>No:75<br>Hex coord:(95;6),n/a,0,0,0,0,0,0,1,2022-04-23T04:01:22.9046157Z,0
5.84593,101.6611727,Daerah: Perak<br>No:76<br>Hex coord:(96;6),n/a,0,0,0,0,0,0,1,2022-04-23T04:01:23.6940447Z,0
5.82259,101.3495985,Daerah: Perak<br>No:77<br>Hex coord:(73;7),n/a,0,0,0,0,0,0,1,2022-04-23T04:01:25.4820788Z,0
5.83037,101.3631452,Daerah: Perak<br>No:78<br>Hex coord:(74;7),n/a,0,0,0,0,0,0,1,2022-04-23T04:01:26.3852092Z,0
5.82259,101.3766919,Daerah: Perak<br>No:79<br>Hex coord:(75;7),n/a,0,0,0,0,0,0,1,2022-04-23T04:01:27.1925628Z,0
5.83037,101.3902386,Daerah: Perak<br>No:80<br>Hex coord:(76;7),n/a,0,0,0,0,0,0,1,2022-04-23T04:01:28.0092661Z,0
5.82259,101.4037853,Daerah: Perak<br>No:81<br>Hex coord:(77;7),n/a,0,0,0,0,0,0,1,2022-04-23T04:01:28.8259206Z,0
5.83037,101.417332,Daerah: Perak<br>No:82<br>Hex coord:(78;7),n/a,0,0,0,0,0,0,1,2022-04-23T04:01:29.6288211Z,0
5.82259,101.4308787,Daerah: Perak<br>No:83<br>Hex coord:(79;7),n/a,0,0,0,0,0,0,1,2022-04-23T04:01:30.4280857Z,0
5.83037,101.4444254,Daerah: Perak<br>No:84<br>Hex coord:(80;7),n/a,0,0,0,0,0,0,1,2022-04-23T04:01:31.2143241Z,0
5.82259,101.4579721,Daerah: Perak<br>No:85<br>Hex coord:(81;7),n/a,0,0,0,0,0,0,1,2022-04-23T04:01:32.0137093Z,0
5.83037,101.4715188,Daerah: Perak<br>No:86<br>Hex coord:(82;7),n/a,0,0,0,0,0,0,1,2022-04-23T04:01:32.8825733Z,0
5.82259,101.4850655,Daerah: Perak<br>No:87<br>Hex coord:(83;7),n/a,0,0,0,0,0,0,1,2022-04-23T04:01:33.6673014Z,0
5.83037,101.4986123,Daerah: Perak<br>No:88<br>Hex coord:(84;7),n/a,0,0,0,0,0,0,1,2022-04-23T04:01:34.4465884Z,0
5.82259,101.512159,Daerah: Perak<br>No:89<br>Hex coord:(85;7),n/a,0,0,0,0,0,0,1,2022-04-23T04:01:35.2012652Z,0
5.83037,101.5257057,Daerah: Perak<br>No:90<br>Hex coord:(86;7),n/a,0,0,0,0,0,0,1,2022-04-23T04:01:35.9304269Z,0
5.82259,101.5392524,Daerah: Perak<br>No:91<br>Hex coord:(87;7),n/a,0,0,0,0,0,0,1,2022-04-23T04:01:36.7132665Z,0
5.83037,101.5527991,Daerah: Perak<br>No:92<br>Hex coord:(88;7),n/a,0,0,0,0,0,0,1,2022-04-23T04:01:37.4952954Z,0
5.82259,101.5663458,Daerah: Perak<br>No:93<br>Hex coord:(89;7),n/a,0,0,0,0,0,0,1,2022-04-23T04:01:38.3046815Z,0
5.83037,101.5798925,Daerah: Perak<br>No:94<br>Hex coord:(90;7),n/a,0,0,0,0,0,0,1,2022-04-23T04:01:39.0703493Z,0
5.82259,101.5934392,Daerah: Perak<br>No:95<br>Hex coord:(91;7),n/a,0,0,0,0,0,0,1,2022-04-23T04:01:39.8474757Z,0
5.83037,101.6069859,Daerah: Perak<br>No:96<br>Hex coord:(92;7),n/a,0,0,0,0,0,0,1,2022-04-23T04:01:40.6291794Z,0
5.82259,101.6205326,Daerah: Perak<br>No:97<br>Hex coord:(93;7),n/a,0,0,0,0,0,0,1,2022-04-23T04:01:42.3924819Z,0
5.83037,101.6340793,Daerah: Perak<br>No:98<br>Hex coord:(94;7),n/a,0,0,0,0,0,0,1,2022-04-23T04:01:43.1538555Z,0
5.82259,101.647626,Daerah: Perak<br>No:99<br>Hex coord:(95;7),n/a,0,0,0,0,0,0,1,2022-04-23T04:01:43.9671152Z,0
5.80703,101.2954117,Daerah: Perak<br>No:100<br>Hex coord:(69;8),n/a,0,0,0,0,0,0,1,2022-04-23T04:01:44.7188816Z,0
5.80703,101.3225051,Daerah: Perak<br>No:101<br>Hex coord:(71;8),n/a,0,0,0,0,0,0,1,2022-04-23T04:01:45.5737334Z,0
5.80703,101.3495985,Daerah: Perak<br>No:102<br>Hex coord:(73;8),n/a,0,0,0,0,0,0,1,2022-04-23T04:01:46.3031604Z,0
5.81481,101.3631452,Daerah: Perak<br>No:103<br>Hex coord:(74;8),n/a,0,0,0,0,0,0,1,2022-04-23T04:01:47.0850977Z,0
5.80703,101.3766919,Daerah: Perak<br>No:104<br>Hex coord:(75;8),n/a,0,0,0,0,0,0,1,2022-04-23T04:01:47.9012717Z,0
5.81481,101.3902386,Daerah: Perak<br>No:105<br>Hex coord:(76;8),n/a,0,0,0,0,0,0,1,2022-04-23T04:01:48.6627335Z,0
5.80703,101.4037853,Daerah: Perak<br>No:106<br>Hex coord:(77;8),n/a,0,0,0,0,0,0,1,2022-04-23T04:01:49.4137928Z,0
5.81481,101.417332,Daerah: Perak<br>No:107<br>Hex coord:(78;8),n/a,0,0,0,0,0,0,1,2022-04-23T04:01:50.1747564Z,0
5.80703,101.4308787,Daerah: Perak<br>No:108<br>Hex coord:(79;8),n/a,0,0,0,0,0,0,1,2022-04-23T04:01:50.9444086Z,0
5.81481,101.4444254,Daerah: Perak<br>No:109<br>Hex coord:(80;8),n/a,0,0,0,0,0,0,1,2022-04-23T04:01:51.7081514Z,0
5.80703,101.4579721,Daerah: Perak<br>No:110<br>Hex coord:(81;8),n/a,0,0,0,0,0,0,1,2022-04-23T04:01:52.5017303Z,0
5.81481,101.4715188,Daerah: Perak<br>No:111<br>Hex coord:(82;8),n/a,0,0,0,0,0,0,1,2022-04-23T04:01:53.3909441Z,0
5.80703,101.4850655,Daerah: Perak<br>No:112<br>Hex coord:(83;8),n/a,0,0,0,0,0,0,1,2022-04-23T04:01:54.2580941Z,0
5.81481,101.4986123,Daerah: Perak<br>No:113<br>Hex coord:(84;8),n/a,0,0,0,0,0,0,1,2022-04-23T04:01:55.1671714Z,0
5.80703,101.512159,Daerah: Perak<br>No:114<br>Hex coord:(85;8),n/a,0,0,0,0,0,0,1,2022-04-23T04:01:56.0310694Z,0
5.81481,101.5257057,Daerah: Perak<br>No:115<br>Hex coord:(86;8),n/a,0,0,0,0,0,0,1,2022-04-23T04:01:56.9068892Z,0
5.80703,101.5392524,Daerah: Perak<br>No:116<br>Hex coord:(87;8),n/a,0,0,0,0,0,0,1,2022-04-23T04:01:57.7301478Z,0
5.81481,101.5527991,Daerah: Perak<br>No:117<br>Hex coord:(88;8),n/a,0,0,0,0,0,0,1,2022-04-23T04:01:58.6309908Z,0
5.80703,101.5663458,Daerah: Perak<br>No:118<br>Hex coord:(89;8),n/a,0,0,0,0,0,0,1,2022-04-23T04:01:59.5246573Z,0
5.81481,101.5798925,Daerah: Perak<br>No:119<br>Hex coord:(90;8),n/a,0,0,0,0,0,0,1,2022-04-23T04:02:00.6129672Z,0
5.80703,101.5934392,Daerah: Perak<br>No:120<br>Hex coord:(91;8),n/a,0,0,0,0,0,0,1,2022-04-23T04:02:01.4921852Z,0
5.81481,101.6069859,Daerah: Perak<br>No:121<br>Hex coord:(92;8),n/a,0,0,0,0,0,0,1,2022-04-23T04:02:02.3151791Z,0
5.80703,101.6205326,Daerah: Perak<br>No:122<br>Hex coord:(93;8),n/a,0,0,0,0,0,0,1,2022-04-23T04:02:03.1613193Z,0
5.81481,101.6340793,Daerah: Perak<br>No:123<br>Hex coord:(94;8),n/a,0,0,0,0,0,0,1,2022-04-23T04:02:04.0209406Z,0
5.80703,101.647626,Daerah: Perak<br>No:124<br>Hex coord:(95;8),n/a,0,0,0,0,0,0,1,2022-04-23T04:02:04.8317882Z,0
5.79147,101.2683183,Daerah: Perak<br>No:125<br>Hex coord:(67;9),n/a,0,0,0,0,0,0,1,2022-04-23T04:02:05.6909353Z,0
5.79925,101.281865,Daerah: Perak<br>No:126<br>Hex coord:(68;9),n/a,0,0,0,0,0,0,1,2022-04-23T04:02:06.5202063Z,0
5.79147,101.2954117,Daerah: Perak<br>No:127<br>Hex coord:(69;9),n/a,0,0,0,0,0,0,1,2022-04-23T04:02:07.3697026Z,0
5.79925,101.3089584,Daerah: Perak<br>No:128<br>Hex coord:(70;9),n/a,0,0,0,0,0,0,1,2022-04-23T04:02:08.2015363Z,0
5.79147,101.3225051,Daerah: Perak<br>No:129<br>Hex coord:(71;9),n/a,0,0,0,0,0,0,1,2022-04-23T04:02:09.0891326Z,0
5.79925,101.3360518,Daerah: Perak<br>No:130<br>Hex coord:(72;9),n/a,0,0,0,0,0,0,1,2022-04-23T04:02:09.9446496Z,0
5.79147,101.3495985,Daerah: Perak<br>No:131<br>Hex coord:(73;9),n/a,0,0,0,0,0,0,1,2022-04-23T04:02:10.7953174Z,0
5.79925,101.3631452,Daerah: Perak<br>No:132<br>Hex coord:(74;9),n/a,0,0,0,0,0,0,1,2022-04-23T04:02:11.6439542Z,0
5.79147,101.3766919,Daerah: Perak<br>No:133<br>Hex coord:(75;9),n/a,0,0,0,0,0,0,1,2022-04-23T04:02:12.5337237Z,0
5.79925,101.3902386,Daerah: Perak<br>No:134<br>Hex coord:(76;9),n/a,0,0,0,0,0,0,1,2022-04-23T04:02:13.4059120Z,0
5.79147,101.4037853,Daerah: Perak<br>No:135<br>Hex coord:(77;9),n/a,0,0,0,0,0,0,1,2022-04-23T04:02:14.2483485Z,0
5.79925,101.417332,Daerah: Perak<br>No:136<br>Hex coord:(78;9),n/a,0,0,0,0,0,0,1,2022-04-23T04:02:15.0813687Z,0
5.79147,101.4308787,Daerah: Perak<br>No:137<br>Hex coord:(79;9),n/a,0,0,0,0,0,0,1,2022-04-23T04:02:15.8549975Z,0
5.79925,101.4444254,Daerah: Perak<br>No:138<br>Hex coord:(80;9),n/a,0,0,0,0,0,0,1,2022-04-23T04:02:16.6089328Z,0
5.79147,101.4579721,Daerah: Perak<br>No:139<br>Hex coord:(81;9),n/a,0,0,0,0,0,0,1,2022-04-23T04:02:17.3963672Z,0
5.79925,101.4715188,Daerah: Perak<br>No:140<br>Hex coord:(82;9),n/a,0,0,0,0,0,0,1,2022-04-23T04:02:18.1925196Z,0
5.79147,101.4850655,Daerah: Perak<br>No:141<br>Hex coord:(83;9),n/a,0,0,0,0,0,0,1,2022-04-23T04:02:18.9621698Z,0
5.79925,101.4986123,Daerah: Perak<br>No:142<br>Hex coord:(84;9),n/a,0,0,0,0,0,0,1,2022-04-23T04:02:19.7727365Z,0
5.79147,101.512159,Daerah: Perak<br>No:143<br>Hex coord:(85;9),n/a,0,0,0,0,0,0,1,2022-04-23T04:02:20.5929032Z,0
5.79925,101.5257057,Daerah: Perak<br>No:144<br>Hex coord:(86;9),n/a,0,0,0,0,0,0,1,2022-04-23T04:02:21.3517123Z,0
5.79147,101.5392524,Daerah: Perak<br>No:145<br>Hex coord:(87;9),n/a,0,0,0,0,0,0,1,2022-04-23T04:02:22.1337568Z,0
5.79925,101.5527991,Daerah: Perak<br>No:146<br>Hex coord:(88;9),n/a,0,0,0,0,0,0,1,2022-04-23T04:02:22.9154407Z,0
5.79147,101.5663458,Daerah: Perak<br>No:147<br>Hex coord:(89;9),n/a,0,0,0,0,0,0,1,2022-04-23T04:02:23.6841079Z,0
5.79925,101.5798925,Daerah: Perak<br>No:148<br>Hex coord:(90;9),n/a,0,0,0,0,0,0,1,2022-04-23T04:02:24.4655948Z,0
5.79147,101.5934392,Daerah: Perak<br>No:149<br>Hex coord:(91;9),n/a,0,0,0,0,0,0,1,2022-04-23T04:02:25.2698754Z,0
5.79925,101.6069859,Daerah: Perak<br>No:150<br>Hex coord:(92;9),n/a,0,0,0,0,0,0,1,2022-04-23T04:02:26.0538346Z,0
5.79147,101.6205326,Daerah: Perak<br>No:151<br>Hex coord:(93;9),n/a,0,0,0,0,0,0,1,2022-04-23T04:02:26.8176529Z,0
5.79925,101.6340793,Daerah: Perak<br>No:152<br>Hex coord:(94;9),n/a,0,0,0,0,0,0,1,2022-04-23T04:02:27.5885794Z,0
5.79147,101.647626,Daerah: Perak<br>No:153<br>Hex coord:(95;9),n/a,0,0,0,0,0,0,1,2022-04-23T04:02:28.3594622Z,0
5.79925,101.6611727,Daerah: Perak<br>No:154<br>Hex coord:(96;9),n/a,0,0,0,0,0,0,1,2022-04-23T04:02:29.1172221Z,0
5.77591,100.9973842,Daerah: Perak<br>No:155<br>Hex coord:(47;10),n/a,0,0,0,0,0,0,1,2022-04-23T04:02:30.8965514Z,0
5.77591,101.2683183,Daerah: Perak<br>No:156<br>Hex coord:(67;10),n/a,0,0,0,0,0,0,1,2022-04-23T04:02:31.6469738Z,0
5.78369,101.281865,Daerah: Perak<br>No:157<br>Hex coord:(68;10),n/a,0,0,0,0,0,0,1,2022-04-23T04:02:32.4249082Z,0
5.77591,101.2954117,Daerah: Perak<br>No:158<br>Hex coord:(69;10),n/a,0,0,0,0,0,0,1,2022-04-23T04:02:33.2017310Z,0
5.78369,101.3089584,Daerah: Perak<br>No:159<br>Hex coord:(70;10),n/a,0,0,0,0,0,0,1,2022-04-23T04:02:34.2145726Z,0
5.77591,101.3225051,Daerah: Perak<br>No:160<br>Hex coord:(71;10),n/a,0,0,0,0,0,0,1,2022-04-23T04:02:35.0593586Z,0
5.78369,101.3360518,Daerah: Perak<br>No:161<br>Hex coord:(72;10),n/a,0,0,0,0,0,0,1,2022-04-23T04:02:35.8315429Z,0
5.77591,101.3495985,Daerah: Perak<br>No:162<br>Hex coord:(73;10),n/a,0,0,0,0,0,0,1,2022-04-23T04:02:36.6429525Z,0
5.78369,101.3631452,Daerah: Perak<br>No:163<br>Hex coord:(74;10),n/a,0,0,0,0,0,0,1,2022-04-23T04:02:37.6961892Z,0
5.77591,101.3766919,Daerah: Perak<br>No:164<br>Hex coord:(75;10),n/a,0,0,0,0,0,0,1,2022-04-23T04:02:38.4752810Z,0
5.78369,101.3902386,Daerah: Perak<br>No:165<br>Hex coord:(76;10),n/a,0,0,0,0,0,0,1,2022-04-23T04:02:39.2461821Z,0
5.77591,101.4037853,Daerah: Perak<br>No:166<br>Hex coord:(77;10),n/a,0,0,0,0,0,0,1,2022-04-23T04:02:39.9979774Z,0
5.78369,101.417332,Daerah: Perak<br>No:167<br>Hex coord:(78;10),n/a,0,0,0,0,0,0,1,2022-04-23T04:02:40.7534352Z,0
5.77591,101.4308787,Daerah: Perak<br>No:168<br>Hex coord:(79;10),n/a,0,0,0,0,0,0,1,2022-04-23T04:02:41.5231574Z,0
5.78369,101.4444254,Daerah: Perak<br>No:169<br>Hex coord:(80;10),n/a,0,0,0,0,0,0,1,2022-04-23T04:02:42.3066760Z,0
5.77591,101.4579721,Daerah: Perak<br>No:170<br>Hex coord:(81;10),n/a,0,0,0,0,0,0,1,2022-04-23T04:02:43.0808146Z,0
5.78369,101.4715188,Daerah: Perak<br>No:171<br>Hex coord:(82;10),n/a,0,0,0,0,0,0,1,2022-04-23T04:02:44.8332457Z,0
5.77591,101.4850655,Daerah: Perak<br>No:172<br>Hex coord:(83;10),n/a,0,0,0,0,0,0,1,2022-04-23T04:02:45.6053368Z,0
5.78369,101.4986123,Daerah: Perak<br>No:173<br>Hex coord:(84;10),n/a,0,0,0,0,0,0,1,2022-04-23T04:02:47.3702432Z,0
5.77591,101.512159,Daerah: Perak<br>No:174<br>Hex coord:(85;10),n/a,0,0,0,0,0,0,1,2022-04-23T04:02:48.1278052Z,0
5.78369,101.5257057,Daerah: Perak<br>No:175<br>Hex coord:(86;10),n/a,0,0,0,0,0,0,1,2022-04-23T04:02:48.9009839Z,0
5.77591,101.5392524,Daerah: Perak<br>No:176<br>Hex coord:(87;10),n/a,0,0,0,0,0,0,1,2022-04-23T04:02:49.6469055Z,0
5.78369,101.5527991,Daerah: Perak<br>No:177<br>Hex coord:(88;10),n/a,0,0,0,0,0,0,1,2022-04-23T04:02:50.4010664Z,0
5.77591,101.5663458,Daerah: Perak<br>No:178<br>Hex coord:(89;10),n/a,0,0,0,0,0,0,1,2022-04-23T04:02:51.1641010Z,0
5.78369,101.5798925,Daerah: Perak<br>No:179<br>Hex coord:(90;10),n/a,0,0,0,0,0,0,1,2022-04-23T04:02:51.9072354Z,0
5.77591,101.5934392,Daerah: Perak<br>No:180<br>Hex coord:(91;10),n/a,0,0,0,0,0,0,1,2022-04-23T04:02:52.6816960Z,0
5.78369,101.6069859,Daerah: Perak<br>No:181<br>Hex coord:(92;10),n/a,0,0,0,0,0,0,1,2022-04-23T04:02:53.4406944Z,0
5.77591,101.6205326,Daerah: Perak<br>No:182<br>Hex coord:(93;10),n/a,0,0,0,0,0,0,1,2022-04-23T04:02:54.1889315Z,0
5.78369,101.6340793,Daerah: Perak<br>No:183<br>Hex coord:(94;10),n/a,0,0,0,0,0,0,1,2022-04-23T04:02:54.9431872Z,0
5.77591,101.647626,Daerah: Perak<br>No:184<br>Hex coord:(95;10),n/a,0,0,0,0,0,0,1,2022-04-23T04:02:55.7117038Z,0
5.78369,101.6611727,Daerah: Perak<br>No:185<br>Hex coord:(96;10),n/a,0,0,0,0,0,0,1,2022-04-23T04:02:56.4816980Z,0
5.77591,101.6747194,Daerah: Perak<br>No:186<br>Hex coord:(97;10),n/a,0,0,0,0,0,0,1,2022-04-23T04:02:57.2608235Z,0
5.76813,100.956744,Daerah: Perak<br>No:187<br>Hex coord:(44;11),n/a,0,0,0,0,0,0,1,2022-04-23T04:02:58.0018248Z,0
5.76035,100.9702907,Daerah: Perak<br>No:188<br>Hex coord:(45;11),n/a,0,0,0,0,0,0,1,2022-04-23T04:02:58.7559986Z,0
5.76813,100.9838374,Daerah: Perak<br>No:189<br>Hex coord:(46;11),n/a,0,0,0,0,0,0,1,2022-04-23T04:02:59.5068974Z,0
5.76035,100.9973842,Daerah: Perak<br>No:190<br>Hex coord:(47;11),n/a,0,0,0,0,0,0,1,2022-04-23T04:03:00.5007812Z,0
5.76813,101.0109309,Daerah: Perak<br>No:191<br>Hex coord:(48;11),n/a,0,0,0,0,0,0,1,2022-04-23T04:03:01.2451579Z,0
5.76813,101.2547716,Daerah: Perak<br>No:192<br>Hex coord:(66;11),n/a,0,0,0,0,0,0,1,2022-04-23T04:03:01.9945801Z,0
5.76035,101.2683183,Daerah: Perak<br>No:193<br>Hex coord:(67;11),n/a,0,0,0,0,0,0,1,2022-04-23T04:03:02.7560894Z,0
5.76813,101.281865,Daerah: Perak<br>No:194<br>Hex coord:(68;11),n/a,0,0,0,0,0,0,1,2022-04-23T04:03:03.5503288Z,0
5.76035,101.2954117,Daerah: Perak<br>No:195<br>Hex coord:(69;11),n/a,0,0,0,0,0,0,1,2022-04-23T04:03:04.4850892Z,0
5.76813,101.3089584,Daerah: Perak<br>No:196<br>Hex coord:(70;11),n/a,0,0,0,0,0,0,1,2022-04-23T04:03:06.2509172Z,0
5.76035,101.3225051,Daerah: Perak<br>No:197<br>Hex coord:(71;11),n/a,0,0,0,0,0,0,1,2022-04-23T04:03:07.0206303Z,0
5.76813,101.3360518,Daerah: Perak<br>No:198<br>Hex coord:(72;11),n/a,0,0,0,0,0,0,1,2022-04-23T04:03:07.8369487Z,0
5.76035,101.3495985,Daerah: Perak<br>No:199<br>Hex coord:(73;11),n/a,0,0,0,0,0,0,1,2022-04-23T04:03:08.6125456Z,0
5.76813,101.3631452,Daerah: Perak<br>No:200<br>Hex coord:(74;11),n/a,0,0,0,0,0,0,1,2022-04-23T04:03:09.3981324Z,0
5.76035,101.3766919,Daerah: Perak<br>No:201<br>Hex coord:(75;11),n/a,0,0,0,0,0,0,1,2022-04-23T04:03:10.1841100Z,0
5.76813,101.3902386,Daerah: Perak<br>No:202<br>Hex coord:(76;11),n/a,0,0,0,0,0,0,1,2022-04-23T04:03:10.9419090Z,0
5.76035,101.4037853,Daerah: Perak<br>No:203<br>Hex coord:(77;11),n/a,0,0,0,0,0,0,1,2022-04-23T04:03:12.7101393Z,0
5.76813,101.417332,Daerah: Perak<br>No:204<br>Hex coord:(78;11),n/a,0,0,0,0,0,0,1,2022-04-23T04:03:13.4691399Z,0
5.76035,101.4308787,Daerah: Perak<br>No:205<br>Hex coord:(79;11),n/a,0,0,0,0,0,0,1,2022-04-23T04:03:14.2245219Z,0
5.76813,101.4444254,Daerah: Perak<br>No:206<br>Hex coord:(80;11),n/a,0,0,0,0,0,0,1,2022-04-23T04:03:14.9885166Z,0
5.76035,101.4579721,Daerah: Perak<br>No:207<br>Hex coord:(81;11),n/a,0,0,0,0,0,0,1,2022-04-23T04:03:15.7509186Z,0
5.76813,101.4715188,Daerah: Perak<br>No:208<br>Hex coord:(82;11),n/a,0,0,0,0,0,0,1,2022-04-23T04:03:17.5861110Z,0
5.76035,101.4850655,Daerah: Perak<br>No:209<br>Hex coord:(83;11),n/a,0,0,0,0,0,0,1,2022-04-23T04:03:18.3546069Z,0
5.76813,101.4986123,Daerah: Perak<br>No:210<br>Hex coord:(84;11),n/a,0,0,0,0,0,0,1,2022-04-23T04:03:19.1253592Z,0
5.76035,101.512159,Daerah: Perak<br>No:211<br>Hex coord:(85;11),n/a,0,0,0,0,0,0,1,2022-04-23T04:03:19.8949352Z,0
5.76813,101.5257057,Daerah: Perak<br>No:212<br>Hex coord:(86;11),n/a,0,0,0,0,0,0,1,2022-04-23T04:03:20.6599391Z,0
5.76035,101.5392524,Daerah: Perak<br>No:213<br>Hex coord:(87;11),n/a,0,0,0,0,0,0,1,2022-04-23T04:03:21.4367417Z,0
5.76813,101.5527991,Daerah: Perak<br>No:214<br>Hex coord:(88;11),n/a,0,0,0,0,0,0,1,2022-04-23T04:03:22.2112921Z,0
5.76035,101.5663458,Daerah: Perak<br>No:215<br>Hex coord:(89;11),n/a,0,0,0,0,0,0,1,2022-04-23T04:03:22.9655081Z,0
5.76813,101.5798925,Daerah: Perak<br>No:216<br>Hex coord:(90;11),n/a,0,0,0,0,0,0,1,2022-04-23T04:03:23.7268301Z,0
5.76035,101.5934392,Daerah: Perak<br>No:217<br>Hex coord:(91;11),n/a,0,0,0,0,0,0,1,2022-04-23T04:03:24.4977423Z,0
5.76813,101.6069859,Daerah: Perak<br>No:218<br>Hex coord:(92;11),n/a,0,0,0,0,0,0,1,2022-04-23T04:03:25.2960345Z,0
5.76035,101.6205326,Daerah: Perak<br>No:219<br>Hex coord:(93;11),n/a,0,0,0,0,0,0,1,2022-04-23T04:03:26.0502839Z,0
5.76813,101.6340793,Daerah: Perak<br>No:220<br>Hex coord:(94;11),n/a,0,0,0,0,0,0,1,2022-04-23T04:03:26.8307183Z,0
5.76035,101.647626,Daerah: Perak<br>No:221<br>Hex coord:(95;11),n/a,0,0,0,0,0,0,1,2022-04-23T04:03:27.6004325Z,0
5.76813,101.6611727,Daerah: Perak<br>No:222<br>Hex coord:(96;11),n/a,0,0,0,0,0,0,1,2022-04-23T04:03:28.3606032Z,0
5.76035,101.6747194,Daerah: Perak<br>No:223<br>Hex coord:(97;11),n/a,0,0,0,0,0,0,1,2022-04-23T04:03:29.1303831Z,0
5.76813,101.6882661,Daerah: Perak<br>No:224<br>Hex coord:(98;11),n/a,0,0,0,0,0,0,1,2022-04-23T04:03:29.9310686Z,0
5.74479,100.9702907,Daerah: Perak<br>No:225<br>Hex coord:(45;12),n/a,0,0,0,0,0,0,1,2022-04-23T04:03:30.8568493Z,0
5.75257,100.9838374,Daerah: Perak<br>No:226<br>Hex coord:(46;12),n/a,0,0,0,0,0,0,1,2022-04-23T04:03:31.6361415Z,0
5.74479,100.9973842,Daerah: Perak<br>No:227<br>Hex coord:(47;12),n/a,0,0,0,0,0,0,1,2022-04-23T04:03:32.4158115Z,0
5.75257,101.0109309,Daerah: Perak<br>No:228<br>Hex coord:(48;12),n/a,0,0,0,0,0,0,1,2022-04-23T04:03:33.1921966Z,0
5.74479,101.0244776,Daerah: Perak<br>No:229<br>Hex coord:(49;12),n/a,0,0,0,0,0,0,1,2022-04-23T04:03:33.9598078Z,0
5.75257,101.2547716,Daerah: Perak<br>No:230<br>Hex coord:(66;12),n/a,0,0,0,0,0,0,1,2022-04-23T04:03:34.7295624Z,0
5.74479,101.2683183,Daerah: Perak<br>No:231<br>Hex coord:(67;12),n/a,0,0,0,0,0,0,1,2022-04-23T04:03:35.4740903Z,0
5.75257,101.281865,Daerah: Perak<br>No:232<br>Hex coord:(68;12),n/a,0,0,0,0,0,0,1,2022-04-23T04:03:36.2639944Z,0
5.74479,101.2954117,Daerah: Perak<br>No:233<br>Hex coord:(69;12),n/a,0,0,0,0,0,0,1,2022-04-23T04:03:37.0312817Z,0
5.75257,101.3089584,Daerah: Perak<br>No:234<br>Hex coord:(70;12),n/a,0,0,0,0,0,0,1,2022-04-23T04:03:37.7865355Z,0
5.74479,101.3225051,Daerah: Perak<br>No:235<br>Hex coord:(71;12),n/a,0,0,0,0,0,0,1,2022-04-23T04:03:38.5431566Z,0
5.75257,101.3360518,Daerah: Perak<br>No:236<br>Hex coord:(72;12),n/a,0,0,0,0,0,0,1,2022-04-23T04:03:39.2986043Z,0
5.74479,101.3495985,Daerah: Perak<br>No:237<br>Hex coord:(73;12),n/a,0,0,0,0,0,0,1,2022-04-23T04:03:40.0659139Z,0
5.75257,101.3631452,Daerah: Perak<br>No:238<br>Hex coord:(74;12),n/a,0,0,0,0,0,0,1,2022-04-23T04:03:40.8242288Z,0
5.74479,101.3766919,Daerah: Perak<br>No:239<br>Hex coord:(75;12),n/a,0,0,0,0,0,0,1,2022-04-23T04:03:41.5696256Z,0
5.75257,101.3902386,Daerah: Perak<br>No:240<br>Hex coord:(76;12),n/a,0,0,0,0,0,0,1,2022-04-23T04:03:42.3241765Z,0
5.74479,101.4037853,Daerah: Perak<br>No:241<br>Hex coord:(77;12),n/a,0,0,0,0,0,0,1,2022-04-23T04:03:43.1319380Z,0
5.75257,101.417332,Daerah: Perak<br>No:242<br>Hex coord:(78;12),n/a,0,0,0,0,0,0,1,2022-04-23T04:03:43.8894743Z,0
5.74479,101.4308787,Daerah: Perak<br>No:243<br>Hex coord:(79;12),n/a,0,0,0,0,0,0,1,2022-04-23T04:03:44.6711344Z,0
5.75257,101.4444254,Daerah: Perak<br>No:244<br>Hex coord:(80;12),n/a,0,0,0,0,0,0,1,2022-04-23T04:03:45.4285040Z,0
5.74479,101.4579721,Daerah: Perak<br>No:245<br>Hex coord:(81;12),n/a,0,0,0,0,0,0,1,2022-04-23T04:03:46.1738978Z,0
5.75257,101.4715188,Daerah: Perak<br>No:246<br>Hex coord:(82;12),n/a,0,0,0,0,0,0,1,2022-04-23T04:03:46.9368465Z,0
5.74479,101.4850655,Daerah: Perak<br>No:247<br>Hex coord:(83;12),n/a,0,0,0,0,0,0,1,2022-04-23T04:03:47.7366675Z,0
5.75257,101.4986123,Daerah: Perak<br>No:248<br>Hex coord:(84;12),n/a,0,0,0,0,0,0,1,2022-04-23T04:03:48.5090002Z,0
5.74479,101.512159,Daerah: Perak<br>No:249<br>Hex coord:(85;12),n/a,0,0,0,0,0,0,1,2022-04-23T04:03:49.2812908Z,0
5.75257,101.5257057,Daerah: Perak<br>No:250<br>Hex coord:(86;12),n/a,0,0,0,0,0,0,1,2022-04-23T04:03:50.0413378Z,0
5.74479,101.5392524,Daerah: Perak<br>No:251<br>Hex coord:(87;12),n/a,0,0,0,0,0,0,1,2022-04-23T04:03:50.8217578Z,0
5.75257,101.5527991,Daerah: Perak<br>No:252<br>Hex coord:(88;12),n/a,0,0,0,0,0,0,1,2022-04-23T04:03:52.5673714Z,0
5.74479,101.5663458,Daerah: Perak<br>No:253<br>Hex coord:(89;12),n/a,0,0,0,0,0,0,1,2022-04-23T04:03:53.3379317Z,0
5.75257,101.5798925,Daerah: Perak<br>No:254<br>Hex coord:(90;12),n/a,0,0,0,0,0,0,1,2022-04-23T04:03:54.0965750Z,0
5.74479,101.5934392,Daerah: Perak<br>No:255<br>Hex coord:(91;12),n/a,0,0,0,0,0,0,1,2022-04-23T04:03:54.8686943Z,0
5.75257,101.6069859,Daerah: Perak<br>No:256<br>Hex coord:(92;12),n/a,0,0,0,0,0,0,1,2022-04-23T04:03:55.7436796Z,0
5.74479,101.6205326,Daerah: Perak<br>No:257<br>Hex coord:(93;12),n/a,0,0,0,0,0,0,1,2022-04-23T04:03:56.5077727Z,0
5.75257,101.6340793,Daerah: Perak<br>No:258<br>Hex coord:(94;12),n/a,0,0,0,0,0,0,1,2022-04-23T04:03:57.3980300Z,0
5.74479,101.647626,Daerah: Perak<br>No:259<br>Hex coord:(95;12),n/a,0,0,0,0,0,0,1,2022-04-23T04:03:58.2689965Z,0
5.75257,101.6611727,Daerah: Perak<br>No:260<br>Hex coord:(96;12),n/a,0,0,0,0,0,0,1,2022-04-23T04:03:59.0351535Z,0
5.74479,101.6747194,Daerah: Perak<br>No:261<br>Hex coord:(97;12),n/a,0,0,0,0,0,0,1,2022-04-23T04:03:59.8029136Z,0
5.75257,101.6882661,Daerah: Perak<br>No:262<br>Hex coord:(98;12),n/a,0,0,0,0,0,0,1,2022-04-23T04:04:00.8974257Z,0
5.73701,100.9838374,Daerah: Perak<br>No:263<br>Hex coord:(46;13),n/a,1 ,0,0,0,0,0,1,2022-04-23T04:04:01.6744937Z,0
5.72923,100.9973842,Daerah: Perak<br>No:264<br>Hex coord:(47;13),n/a,0,0,0,0,0,0,1,2022-04-23T04:04:02.4547496Z,0
5.73701,101.0109309,Daerah: Perak<br>No:265<br>Hex coord:(48;13),n/a,0,0,0,0,0,0,1,2022-04-23T04:04:03.2197866Z,0
5.72923,101.0244776,Daerah: Perak<br>No:266<br>Hex coord:(49;13),n/a,0,0,0,0,0,0,1,2022-04-23T04:04:03.9716073Z,0
5.73701,101.0380243,Daerah: Perak<br>No:267<br>Hex coord:(50;13),n/a,0,0,0,0,0,0,1,2022-04-23T04:04:04.7427606Z,0
5.72923,101.051571,Daerah: Perak<br>No:268<br>Hex coord:(51;13),n/a,0,0,0,0,0,0,1,2022-04-23T04:04:05.5516184Z,0
5.72923,101.2683183,Daerah: Perak<br>No:269<br>Hex coord:(67;13),n/a,0,0,0,0,0,0,1,2022-04-23T04:04:06.2807221Z,0
5.73701,101.281865,Daerah: Perak<br>No:270<br>Hex coord:(68;13),n/a,0,0,0,0,0,0,1,2022-04-23T04:04:07.0314055Z,0
5.72923,101.2954117,Daerah: Perak<br>No:271<br>Hex coord:(69;13),n/a,0,0,0,0,0,0,1,2022-04-23T04:04:07.7641794Z,0
5.73701,101.3089584,Daerah: Perak<br>No:272<br>Hex coord:(70;13),n/a,0,0,0,0,0,0,1,2022-04-23T04:04:08.5244987Z,0
5.72923,101.3225051,Daerah: Perak<br>No:273<br>Hex coord:(71;13),n/a,0,0,0,0,0,0,1,2022-04-23T04:04:09.2690645Z,0
5.73701,101.3360518,Daerah: Perak<br>No:274<br>Hex coord:(72;13),n/a,0,0,0,0,0,0,1,2022-04-23T04:04:10.0126658Z,0
5.72923,101.3495985,Daerah: Perak<br>No:275<br>Hex coord:(73;13),n/a,0,0,0,0,0,0,1,2022-04-23T04:04:10.7775454Z,0
5.73701,101.3631452,Daerah: Perak<br>No:276<br>Hex coord:(74;13),n/a,0,0,0,0,0,0,1,2022-04-23T04:04:11.5282447Z,0
5.72923,101.3766919,Daerah: Perak<br>No:277<br>Hex coord:(75;13),n/a,0,0,0,0,0,0,1,2022-04-23T04:04:12.3153783Z,0
5.73701,101.3902386,Daerah: Perak<br>No:278<br>Hex coord:(76;13),n/a,0,0,0,0,0,0,1,2022-04-23T04:04:14.1512020Z,0
5.72923,101.4037853,Daerah: Perak<br>No:279<br>Hex coord:(77;13),n/a,0,0,0,0,0,0,1,2022-04-23T04:04:14.9323611Z,0
5.73701,101.417332,Daerah: Perak<br>No:280<br>Hex coord:(78;13),n/a,0,0,0,0,0,0,1,2022-04-23T04:04:15.6794555Z,0
5.72923,101.4308787,Daerah: Perak<br>No:281<br>Hex coord:(79;13),n/a,0,0,0,0,0,0,1,2022-04-23T04:04:16.4515720Z,0
5.73701,101.4444254,Daerah: Perak<br>No:282<br>Hex coord:(80;13),n/a,0,0,0,0,0,0,1,2022-04-23T04:04:17.2141344Z,0
5.72923,101.4579721,Daerah: Perak<br>No:283<br>Hex coord:(81;13),n/a,0,0,0,0,0,0,1,2022-04-23T04:04:17.9730504Z,0
5.73701,101.4715188,Daerah: Perak<br>No:284<br>Hex coord:(82;13),n/a,0,0,0,0,0,0,1,2022-04-23T04:04:18.8428879Z,0
5.72923,101.4850655,Daerah: Perak<br>No:285<br>Hex coord:(83;13),n/a,0,0,0,0,0,0,1,2022-04-23T04:04:19.6161614Z,0
5.73701,101.4986123,Daerah: Perak<br>No:286<br>Hex coord:(84;13),n/a,0,0,0,0,0,0,1,2022-04-23T04:04:20.3765771Z,0
5.72923,101.512159,Daerah: Perak<br>No:287<br>Hex coord:(85;13),n/a,0,0,0,0,0,0,1,2022-04-23T04:04:21.1497765Z,0
5.73701,101.5257057,Daerah: Perak<br>No:288<br>Hex coord:(86;13),n/a,0,0,0,0,0,0,1,2022-04-23T04:04:21.9292627Z,0
5.72923,101.5392524,Daerah: Perak<br>No:289<br>Hex coord:(87;13),n/a,0,0,0,0,0,0,1,2022-04-23T04:04:22.6941756Z,0
5.73701,101.5527991,Daerah: Perak<br>No:290<br>Hex coord:(88;13),n/a,0,0,0,0,0,0,1,2022-04-23T04:04:24.4703812Z,0
5.72923,101.5663458,Daerah: Perak<br>No:291<br>Hex coord:(89;13),n/a,0,0,0,0,0,0,1,2022-04-23T04:04:25.2570878Z,0
5.73701,101.5798925,Daerah: Perak<br>No:292<br>Hex coord:(90;13),n/a,0,0,0,0,0,0,1,2022-04-23T04:04:26.0270378Z,0
5.72923,101.5934392,Daerah: Perak<br>No:293<br>Hex coord:(91;13),n/a,0,0,0,0,0,0,1,2022-04-23T04:04:26.7819543Z,0
5.73701,101.6069859,Daerah: Perak<br>No:294<br>Hex coord:(92;13),n/a,0,0,0,0,0,0,1,2022-04-23T04:04:27.5552361Z,0
5.72923,101.6205326,Daerah: Perak<br>No:295<br>Hex coord:(93;13),n/a,0,0,0,0,0,0,1,2022-04-23T04:04:28.4690801Z,0
5.73701,101.6340793,Daerah: Perak<br>No:296<br>Hex coord:(94;13),n/a,0,0,0,0,0,0,1,2022-04-23T04:04:29.2091011Z,0
5.72923,101.647626,Daerah: Perak<br>No:297<br>Hex coord:(95;13),n/a,0,0,0,0,0,0,1,2022-04-23T04:04:29.9916938Z,0
5.73701,101.6611727,Daerah: Perak<br>No:298<br>Hex coord:(96;13),n/a,0,0,0,0,0,0,1,2022-04-23T04:04:30.9332010Z,0
5.72923,101.6747194,Daerah: Perak<br>No:299<br>Hex coord:(97;13),n/a,0,0,0,0,0,0,1,2022-04-23T04:04:31.7340010Z,0
5.73701,101.6882661,Daerah: Perak<br>No:300<br>Hex coord:(98;13),n/a,0,0,0,0,0,0,1,2022-04-23T04:04:32.4976497Z,0
5.72145,100.9838374,Daerah: Perak<br>No:301<br>Hex coord:(46;14),n/a,8 ,0,0,0,0,0,1,2022-04-23T04:04:33.2751419Z,0
5.71367,100.9973842,Daerah: Perak<br>No:302<br>Hex coord:(47;14),n/a,16 ,0,0,0,0,0,1,2022-04-23T04:04:34.0466207Z,0
5.72145,101.0109309,Daerah: Perak<br>No:303<br>Hex coord:(48;14),n/a,1 ,0,0,0,0,0,1,2022-04-23T04:04:34.8151642Z,0
5.71367,101.0244776,Daerah: Perak<br>No:304<br>Hex coord:(49;14),n/a,0,0,0,0,0,0,1,2022-04-23T04:04:35.5768133Z,0
5.72145,101.0380243,Daerah: Perak<br>No:305<br>Hex coord:(50;14),n/a,0,0,0,0,0,0,1,2022-04-23T04:04:36.3525449Z,0
5.71367,101.051571,Daerah: Perak<br>No:306<br>Hex coord:(51;14),n/a,0,0,0,0,0,0,1,2022-04-23T04:04:37.2232156Z,0
5.72145,101.0651177,Daerah: Perak<br>No:307<br>Hex coord:(52;14),n/a,0,0,0,0,0,0,1,2022-04-23T04:04:37.9798345Z,0
5.71367,101.0786644,Daerah: Perak<br>No:308<br>Hex coord:(53;14),n/a,0,0,0,0,0,0,1,2022-04-23T04:04:38.7126549Z,0
5.71367,101.2683183,Daerah: Perak<br>No:309<br>Hex coord:(67;14),n/a,0,0,0,0,0,0,1,2022-04-23T04:04:39.4513477Z,0
5.72145,101.281865,Daerah: Perak<br>No:310<br>Hex coord:(68;14),n/a,0,0,0,0,0,0,1,2022-04-23T04:04:40.1852852Z,0
5.71367,101.2954117,Daerah: Perak<br>No:311<br>Hex coord:(69;14),n/a,0,0,0,0,0,0,1,2022-04-23T04:04:41.0507446Z,0
5.72145,101.3089584,Daerah: Perak<br>No:312<br>Hex coord:(70;14),n/a,0,0,0,0,0,0,1,2022-04-23T04:04:41.7927136Z,0
5.71367,101.3225051,Daerah: Perak<br>No:313<br>Hex coord:(71;14),n/a,0,0,0,0,0,0,1,2022-04-23T04:04:42.5088300Z,0
5.72145,101.3360518,Daerah: Perak<br>No:314<br>Hex coord:(72;14),n/a,0,0,0,0,0,0,1,2022-04-23T04:04:43.2654308Z,0
5.71367,101.3495985,Daerah: Perak<br>No:315<br>Hex coord:(73;14),n/a,0,0,0,0,0,0,1,2022-04-23T04:04:44.0065086Z,0
5.72145,101.3631452,Daerah: Perak<br>No:316<br>Hex coord:(74;14),n/a,0,0,0,0,0,0,1,2022-04-23T04:04:44.8929528Z,0
5.71367,101.3766919,Daerah: Perak<br>No:317<br>Hex coord:(75;14),n/a,0,0,0,0,0,0,1,2022-04-23T04:04:45.6829600Z,0
5.72145,101.3902386,Daerah: Perak<br>No:318<br>Hex coord:(76;14),n/a,0,0,0,0,0,0,1,2022-04-23T04:04:46.4217356Z,0
5.71367,101.4037853,Daerah: Perak<br>No:319<br>Hex coord:(77;14),n/a,0,0,0,0,0,0,1,2022-04-23T04:04:47.2283427Z,0
5.72145,101.417332,Daerah: Perak<br>No:320<br>Hex coord:(78;14),n/a,0,0,0,0,0,0,1,2022-04-23T04:04:48.0019918Z,0
5.71367,101.4308787,Daerah: Perak<br>No:321<br>Hex coord:(79;14),n/a,0,0,0,0,0,0,1,2022-04-23T04:04:48.7865502Z,0
5.72145,101.4444254,Daerah: Perak<br>No:322<br>Hex coord:(80;14),n/a,0,0,0,0,0,0,1,2022-04-23T04:04:49.5917685Z,0
5.71367,101.4579721,Daerah: Perak<br>No:323<br>Hex coord:(81;14),n/a,0,0,0,0,0,0,1,2022-04-23T04:04:50.3889712Z,0
5.72145,101.4715188,Daerah: Perak<br>No:324<br>Hex coord:(82;14),n/a,0,0,0,0,0,0,1,2022-04-23T04:04:51.1654644Z,0
5.71367,101.4850655,Daerah: Perak<br>No:325<br>Hex coord:(83;14),n/a,0,0,0,0,0,0,1,2022-04-23T04:04:51.9136242Z,0
5.72145,101.4986123,Daerah: Perak<br>No:326<br>Hex coord:(84;14),n/a,0,0,0,0,0,0,1,2022-04-23T04:04:52.7333486Z,0
5.71367,101.512159,Daerah: Perak<br>No:327<br>Hex coord:(85;14),n/a,0,0,0,0,0,0,1,2022-04-23T04:04:53.4976442Z,0
5.72145,101.5257057,Daerah: Perak<br>No:328<br>Hex coord:(86;14),n/a,0,0,0,0,0,0,1,2022-04-23T04:04:54.2511905Z,0
5.71367,101.5392524,Daerah: Perak<br>No:329<br>Hex coord:(87;14),n/a,0,0,0,0,0,0,1,2022-04-23T04:04:55.0840656Z,0
5.72145,101.5527991,Daerah: Perak<br>No:330<br>Hex coord:(88;14),n/a,0,0,0,0,0,0,1,2022-04-23T04:04:55.9300298Z,0
5.71367,101.5663458,Daerah: Perak<br>No:331<br>Hex coord:(89;14),n/a,0,0,0,0,0,0,1,2022-04-23T04:04:56.7509910Z,0
5.72145,101.5798925,Daerah: Perak<br>No:332<br>Hex coord:(90;14),n/a,0,0,0,0,0,0,1,2022-04-23T04:04:57.5039870Z,0
5.71367,101.5934392,Daerah: Perak<br>No:333<br>Hex coord:(91;14),n/a,0,0,0,0,0,0,1,2022-04-23T04:04:58.2689811Z,0
5.72145,101.6069859,Daerah: Perak<br>No:334<br>Hex coord:(92;14),n/a,0,0,0,0,0,0,1,2022-04-23T04:04:59.0302543Z,0
5.71367,101.6205326,Daerah: Perak<br>No:335<br>Hex coord:(93;14),n/a,0,0,0,0,0,0,1,2022-04-23T04:04:59.8036195Z,0
5.72145,101.6340793,Daerah: Perak<br>No:336<br>Hex coord:(94;14),n/a,0,0,0,0,0,0,1,2022-04-23T04:05:00.7760162Z,0
5.71367,101.647626,Daerah: Perak<br>No:337<br>Hex coord:(95;14),n/a,0,0,0,0,0,0,1,2022-04-23T04:05:01.5397066Z,0
5.72145,101.6611727,Daerah: Perak<br>No:338<br>Hex coord:(96;14),n/a,0,0,0,0,0,0,1,2022-04-23T04:05:02.3154500Z,0
5.71367,101.6747194,Daerah: Perak<br>No:339<br>Hex coord:(97;14),n/a,0,0,0,0,0,0,1,2022-04-23T04:05:03.0720196Z,0
5.72145,101.6882661,Daerah: Perak<br>No:340<br>Hex coord:(98;14),n/a,0,0,0,0,0,0,1,2022-04-23T04:05:03.8119315Z,0
5.70589,100.9838374,Daerah: Perak<br>No:341<br>Hex coord:(46;15),n/a,0,0,0,0,0,0,1,2022-04-23T04:05:04.5745383Z,0
5.69811,100.9973842,Daerah: Perak<br>No:342<br>Hex coord:(47;15),n/a,12 ,0,0,0,0,0,1,2022-04-23T04:05:05.3346597Z,0
5.70589,101.0109309,Daerah: Perak<br>No:343<br>Hex coord:(48;15),n/a,0,0,0,0,0,0,1,2022-04-23T04:05:06.0817515Z,0
5.69811,101.0244776,Daerah: Perak<br>No:344<br>Hex coord:(49;15),n/a,0,0,0,0,0,0,1,2022-04-23T04:05:06.8355608Z,0
5.70589,101.0380243,Daerah: Perak<br>No:345<br>Hex coord:(50;15),n/a,0,0,0,0,0,0,1,2022-04-23T04:05:07.5953845Z,0
5.69811,101.051571,Daerah: Perak<br>No:346<br>Hex coord:(51;15),n/a,0,0,0,0,0,0,1,2022-04-23T04:05:08.3408543Z,0
5.70589,101.0651177,Daerah: Perak<br>No:347<br>Hex coord:(52;15),n/a,0,0,0,0,0,0,1,2022-04-23T04:05:09.1223819Z,0
5.69811,101.0786644,Daerah: Perak<br>No:348<br>Hex coord:(53;15),n/a,0,0,0,0,0,0,1,2022-04-23T04:05:09.8992207Z,0
5.70589,101.2547716,Daerah: Perak<br>No:349<br>Hex coord:(66;15),n/a,0,0,0,0,0,0,1,2022-04-23T04:05:10.6774303Z,0
5.69811,101.2683183,Daerah: Perak<br>No:350<br>Hex coord:(67;15),n/a,0,0,0,0,0,0,1,2022-04-23T04:05:11.4681753Z,0
5.70589,101.281865,Daerah: Perak<br>No:351<br>Hex coord:(68;15),n/a,0,0,0,0,0,0,1,2022-04-23T04:05:12.2471427Z,0
5.69811,101.2954117,Daerah: Perak<br>No:352<br>Hex coord:(69;15),n/a,0,0,0,0,0,0,1,2022-04-23T04:05:13.0442670Z,0
5.70589,101.3089584,Daerah: Perak<br>No:353<br>Hex coord:(70;15),n/a,0,0,0,0,0,0,1,2022-04-23T04:05:13.8081663Z,0
5.69811,101.3225051,Daerah: Perak<br>No:354<br>Hex coord:(71;15),n/a,0,0,0,0,0,0,1,2022-04-23T04:05:14.5872609Z,0
5.70589,101.3360518,Daerah: Perak<br>No:355<br>Hex coord:(72;15),n/a,0,0,0,0,0,0,1,2022-04-23T04:05:15.3588298Z,0
5.69811,101.3495985,Daerah: Perak<br>No:356<br>Hex coord:(73;15),n/a,0,0,0,0,0,0,1,2022-04-23T04:05:16.1701480Z,0
5.70589,101.3631452,Daerah: Perak<br>No:357<br>Hex coord:(74;15),n/a,0,0,0,0,0,0,1,2022-04-23T04:05:16.9161288Z,0
5.69811,101.3766919,Daerah: Perak<br>No:358<br>Hex coord:(75;15),n/a,0,0,0,0,0,0,1,2022-04-23T04:05:17.6502695Z,0
5.70589,101.3902386,Daerah: Perak<br>No:359<br>Hex coord:(76;15),n/a,0,0,0,0,0,0,1,2022-04-23T04:05:18.4136642Z,0
5.69811,101.4037853,Daerah: Perak<br>No:360<br>Hex coord:(77;15),n/a,0,0,0,0,0,0,1,2022-04-23T04:05:19.1659500Z,0
5.70589,101.417332,Daerah: Perak<br>No:361<br>Hex coord:(78;15),n/a,0,0,0,0,0,0,1,2022-04-23T04:05:19.9260284Z,0
5.69811,101.4308787,Daerah: Perak<br>No:362<br>Hex coord:(79;15),n/a,0,0,0,0,0,0,1,2022-04-23T04:05:20.6729107Z,0
5.70589,101.4444254,Daerah: Perak<br>No:363<br>Hex coord:(80;15),n/a,0,0,0,0,0,0,1,2022-04-23T04:05:21.4200296Z,0
5.69811,101.4579721,Daerah: Perak<br>No:364<br>Hex coord:(81;15),n/a,0,0,0,0,0,0,1,2022-04-23T04:05:22.1755667Z,0
5.70589,101.4715188,Daerah: Perak<br>No:365<br>Hex coord:(82;15),n/a,0,0,0,0,0,0,1,2022-04-23T04:05:22.9207027Z,0
5.69811,101.4850655,Daerah: Perak<br>No:366<br>Hex coord:(83;15),n/a,0,0,0,0,0,0,1,2022-04-23T04:05:23.6934715Z,0
5.70589,101.4986123,Daerah: Perak<br>No:367<br>Hex coord:(84;15),n/a,0,0,0,0,0,0,1,2022-04-23T04:05:24.5000706Z,0
5.69811,101.512159,Daerah: Perak<br>No:368<br>Hex coord:(85;15),n/a,0,0,0,0,0,0,1,2022-04-23T04:05:25.3198631Z,0
5.70589,101.5257057,Daerah: Perak<br>No:369<br>Hex coord:(86;15),n/a,0,0,0,0,0,0,1,2022-04-23T04:05:26.0792820Z,0
5.69811,101.5392524,Daerah: Perak<br>No:370<br>Hex coord:(87;15),n/a,0,0,0,0,0,0,1,2022-04-23T04:05:26.8486719Z,0
5.70589,101.5527991,Daerah: Perak<br>No:371<br>Hex coord:(88;15),n/a,0,0,0,0,0,0,1,2022-04-23T04:05:27.5967936Z,0
5.69811,101.5663458,Daerah: Perak<br>No:372<br>Hex coord:(89;15),n/a,0,0,0,0,0,0,1,2022-04-23T04:05:28.3534482Z,0
5.70589,101.5798925,Daerah: Perak<br>No:373<br>Hex coord:(90;15),n/a,0,0,0,0,0,0,1,2022-04-23T04:05:29.1123831Z,0
5.69811,101.5934392,Daerah: Perak<br>No:374<br>Hex coord:(91;15),n/a,0,0,0,0,0,0,1,2022-04-23T04:05:29.8671444Z,0
5.70589,101.6069859,Daerah: Perak<br>No:375<br>Hex coord:(92;15),n/a,0,0,0,0,0,0,1,2022-04-23T04:05:30.6862760Z,0
5.69811,101.6205326,Daerah: Perak<br>No:376<br>Hex coord:(93;15),n/a,0,0,0,0,0,0,1,2022-04-23T04:05:31.4496877Z,0
5.70589,101.6340793,Daerah: Perak<br>No:377<br>Hex coord:(94;15),n/a,0,0,0,0,0,0,1,2022-04-23T04:05:32.2288813Z,0
5.69811,101.647626,Daerah: Perak<br>No:378<br>Hex coord:(95;15),n/a,0,0,0,0,0,0,1,2022-04-23T04:05:33.0279021Z,0
5.70589,101.6611727,Daerah: Perak<br>No:379<br>Hex coord:(96;15),n/a,0,0,0,0,0,0,1,2022-04-23T04:05:33.7829897Z,0
5.69811,101.6747194,Daerah: Perak<br>No:380<br>Hex coord:(97;15),n/a,0,0,0,0,0,0,1,2022-04-23T04:05:34.5372981Z,0
5.70589,101.6882661,Daerah: Perak<br>No:381<br>Hex coord:(98;15),n/a,0,0,0,0,0,0,1,2022-04-23T04:05:35.3043418Z,0
5.69033,100.9838374,Daerah: Perak<br>No:382<br>Hex coord:(46;16),n/a,0,0,0,0,0,0,1,2022-04-23T04:05:36.0702948Z,0
5.68255,100.9973842,Daerah: Perak<br>No:383<br>Hex coord:(47;16),n/a,0,0,0,0,0,0,1,2022-04-23T04:05:37.0099606Z,0
5.69033,101.0109309,Daerah: Perak<br>No:384<br>Hex coord:(48;16),n/a,0,0,0,0,0,0,1,2022-04-23T04:05:37.7857894Z,0
5.68255,101.0244776,Daerah: Perak<br>No:385<br>Hex coord:(49;16),n/a,0,0,0,0,0,0,1,2022-04-23T04:05:38.5233133Z,0
5.69033,101.0380243,Daerah: Perak<br>No:386<br>Hex coord:(50;16),n/a,0,0,0,0,0,0,1,2022-04-23T04:05:39.3108098Z,0
5.68255,101.051571,Daerah: Perak<br>No:387<br>Hex coord:(51;16),n/a,0,0,0,0,0,0,1,2022-04-23T04:05:41.0886116Z,0
5.69033,101.0651177,Daerah: Perak<br>No:388<br>Hex coord:(52;16),n/a,0,0,0,0,0,0,1,2022-04-23T04:05:41.8344553Z,0
5.68255,101.0786644,Daerah: Perak<br>No:389<br>Hex coord:(53;16),n/a,0,0,0,0,0,0,1,2022-04-23T04:05:42.7304557Z,0
5.69033,101.0922111,Daerah: Perak<br>No:390<br>Hex coord:(54;16),n/a,0,0,0,0,0,0,1,2022-04-23T04:05:43.4883015Z,0
5.68255,101.1057578,Daerah: Perak<br>No:391<br>Hex coord:(55;16),n/a,0,0,0,0,0,0,1,2022-04-23T04:05:44.2656807Z,0
5.68255,101.2412249,Daerah: Perak<br>No:392<br>Hex coord:(65;16),n/a,0,0,0,0,0,0,1,2022-04-23T04:05:45.0396474Z,0
5.69033,101.2547716,Daerah: Perak<br>No:393<br>Hex coord:(66;16),n/a,0,0,0,0,0,0,1,2022-04-23T04:05:45.8224905Z,0
5.68255,101.2683183,Daerah: Perak<br>No:394<br>Hex coord:(67;16),n/a,0,0,0,0,0,0,1,2022-04-23T04:05:46.5898793Z,0
5.69033,101.281865,Daerah: Perak<br>No:395<br>Hex coord:(68;16),n/a,0,0,0,0,0,0,1,2022-04-23T04:05:47.3991349Z,0
5.68255,101.2954117,Daerah: Perak<br>No:396<br>Hex coord:(69;16),n/a,0,0,0,0,0,0,1,2022-04-23T04:05:48.1352836Z,0
5.69033,101.3089584,Daerah: Perak<br>No:397<br>Hex coord:(70;16),n/a,0,0,0,0,0,0,1,2022-04-23T04:05:48.9086374Z,0
5.68255,101.3225051,Daerah: Perak<br>No:398<br>Hex coord:(71;16),n/a,0,0,0,0,0,0,1,2022-04-23T04:05:49.6532386Z,0
5.69033,101.3360518,Daerah: Perak<br>No:399<br>Hex coord:(72;16),n/a,0,0,0,0,0,0,1,2022-04-23T04:05:50.3824615Z,0
5.68255,101.3495985,Daerah: Perak<br>No:400<br>Hex coord:(73;16),n/a,0,0,0,0,0,0,1,2022-04-23T04:05:51.1628622Z,0
5.69033,101.3631452,Daerah: Perak<br>No:401<br>Hex coord:(74;16),n/a,0,0,0,0,0,0,1,2022-04-23T04:05:52.0814134Z,0
5.68255,101.3766919,Daerah: Perak<br>No:402<br>Hex coord:(75;16),n/a,0,0,0,0,0,0,1,2022-04-23T04:05:52.8186315Z,0
5.69033,101.3902386,Daerah: Perak<br>No:403<br>Hex coord:(76;16),n/a,0,0,0,0,0,0,1,2022-04-23T04:05:53.6335628Z,0
5.68255,101.4037853,Daerah: Perak<br>No:404<br>Hex coord:(77;16),n/a,0,0,0,0,0,0,1,2022-04-23T04:05:54.3989513Z,0
5.69033,101.417332,Daerah: Perak<br>No:405<br>Hex coord:(78;16),n/a,0,0,0,0,0,0,1,2022-04-23T04:05:55.1865396Z,0
5.68255,101.4308787,Daerah: Perak<br>No:406<br>Hex coord:(79;16),n/a,0,0,0,0,0,0,1,2022-04-23T04:05:55.9932434Z,0
5.69033,101.4444254,Daerah: Perak<br>No:407<br>Hex coord:(80;16),n/a,0,0,0,0,0,0,1,2022-04-23T04:05:56.7561934Z,0
5.68255,101.4579721,Daerah: Perak<br>No:408<br>Hex coord:(81;16),n/a,0,0,0,0,0,0,1,2022-04-23T04:05:57.5282664Z,0
5.69033,101.4715188,Daerah: Perak<br>No:409<br>Hex coord:(82;16),n/a,0,0,0,0,0,0,1,2022-04-23T04:05:58.2944376Z,0
5.68255,101.4850655,Daerah: Perak<br>No:410<br>Hex coord:(83;16),n/a,0,0,0,0,0,0,1,2022-04-23T04:05:59.0446667Z,0
5.69033,101.4986123,Daerah: Perak<br>No:411<br>Hex coord:(84;16),n/a,0,0,0,0,0,0,1,2022-04-23T04:05:59.7851995Z,0
5.68255,101.512159,Daerah: Perak<br>No:412<br>Hex coord:(85;16),n/a,0,0,0,0,0,0,1,2022-04-23T04:06:00.7569235Z,0
5.69033,101.5257057,Daerah: Perak<br>No:413<br>Hex coord:(86;16),n/a,0,0,0,0,0,0,1,2022-04-23T04:06:01.5349650Z,0
5.68255,101.5392524,Daerah: Perak<br>No:414<br>Hex coord:(87;16),n/a,0,0,0,0,0,0,1,2022-04-23T04:06:02.3010796Z,0
5.69033,101.5527991,Daerah: Perak<br>No:415<br>Hex coord:(88;16),n/a,0,0,0,0,0,0,1,2022-04-23T04:06:03.0541256Z,0
5.68255,101.5663458,Daerah: Perak<br>No:416<br>Hex coord:(89;16),n/a,0,0,0,0,0,0,1,2022-04-23T04:06:03.8311744Z,0
5.69033,101.5798925,Daerah: Perak<br>No:417<br>Hex coord:(90;16),n/a,0,0,0,0,0,0,1,2022-04-23T04:06:04.7925056Z,0
5.68255,101.5934392,Daerah: Perak<br>No:418<br>Hex coord:(91;16),n/a,0,0,0,0,0,0,1,2022-04-23T04:06:05.5598581Z,0
5.69033,101.6069859,Daerah: Perak<br>No:419<br>Hex coord:(92;16),n/a,0,0,0,0,0,0,1,2022-04-23T04:06:06.3343469Z,0
5.68255,101.6205326,Daerah: Perak<br>No:420<br>Hex coord:(93;16),n/a,0,0,0,0,0,0,1,2022-04-23T04:06:07.1065070Z,0
5.69033,101.6340793,Daerah: Perak<br>No:421<br>Hex coord:(94;16),n/a,0,0,0,0,0,0,1,2022-04-23T04:06:07.8654215Z,0
5.68255,101.647626,Daerah: Perak<br>No:422<br>Hex coord:(95;16),n/a,0,0,0,0,0,0,1,2022-04-23T04:06:08.6411122Z,0
5.69033,101.6611727,Daerah: Perak<br>No:423<br>Hex coord:(96;16),n/a,0,0,0,0,0,0,1,2022-04-23T04:06:09.4430761Z,0
5.67477,100.9838374,Daerah: Perak<br>No:424<br>Hex coord:(46;17),n/a,0,0,0,0,0,0,1,2022-04-23T04:06:10.2128217Z,0
5.66699,100.9973842,Daerah: Perak<br>No:425<br>Hex coord:(47;17),n/a,0,0,0,0,0,0,1,2022-04-23T04:06:10.9717182Z,0
5.67477,101.0109309,Daerah: Perak<br>No:426<br>Hex coord:(48;17),n/a,0,0,0,0,0,0,1,2022-04-23T04:06:11.7377716Z,0
5.66699,101.0244776,Daerah: Perak<br>No:427<br>Hex coord:(49;17),n/a,0,0,0,0,0,0,1,2022-04-23T04:06:12.4908624Z,0
5.67477,101.0380243,Daerah: Perak<br>No:428<br>Hex coord:(50;17),n/a,0,0,0,0,0,0,1,2022-04-23T04:06:13.2748974Z,0
5.66699,101.051571,Daerah: Perak<br>No:429<br>Hex coord:(51;17),n/a,0,0,0,0,0,0,1,2022-04-23T04:06:14.0339001Z,0
5.67477,101.0651177,Daerah: Perak<br>No:430<br>Hex coord:(52;17),n/a,0,0,0,0,0,0,1,2022-04-23T04:06:14.8062306Z,0
5.66699,101.0786644,Daerah: Perak<br>No:431<br>Hex coord:(53;17),n/a,0,0,0,0,0,0,1,2022-04-23T04:06:15.5721487Z,0
5.67477,101.0922111,Daerah: Perak<br>No:432<br>Hex coord:(54;17),n/a,0,0,0,0,0,0,1,2022-04-23T04:06:16.3180608Z,0
5.66699,101.1057578,Daerah: Perak<br>No:433<br>Hex coord:(55;17),n/a,0,0,0,0,0,0,1,2022-04-23T04:06:17.0699094Z,0
5.67477,101.2276781,Daerah: Perak<br>No:434<br>Hex coord:(64;17),n/a,0,0,0,0,0,0,1,2022-04-23T04:06:17.8336839Z,0
5.66699,101.2412249,Daerah: Perak<br>No:435<br>Hex coord:(65;17),n/a,0,0,0,0,0,0,1,2022-04-23T04:06:18.5771998Z,0
5.67477,101.2547716,Daerah: Perak<br>No:436<br>Hex coord:(66;17),n/a,0,0,0,0,0,0,1,2022-04-23T04:06:19.3367635Z,0
5.66699,101.2683183,Daerah: Perak<br>No:437<br>Hex coord:(67;17),n/a,0,0,0,0,0,0,1,2022-04-23T04:06:20.1786037Z,0
5.67477,101.281865,Daerah: Perak<br>No:438<br>Hex coord:(68;17),n/a,0,0,0,0,0,0,1,2022-04-23T04:06:20.9243846Z,0
5.66699,101.2954117,Daerah: Perak<br>No:439<br>Hex coord:(69;17),n/a,0,0,0,0,0,0,1,2022-04-23T04:06:21.6673123Z,0
5.67477,101.3089584,Daerah: Perak<br>No:440<br>Hex coord:(70;17),n/a,0,0,0,0,0,0,1,2022-04-23T04:06:22.4346164Z,0
5.66699,101.3225051,Daerah: Perak<br>No:441<br>Hex coord:(71;17),n/a,0,0,0,0,0,0,1,2022-04-23T04:06:23.1726787Z,0
5.67477,101.3360518,Daerah: Perak<br>No:442<br>Hex coord:(72;17),n/a,0,0,0,0,0,0,1,2022-04-23T04:06:23.9498347Z,0
5.66699,101.3495985,Daerah: Perak<br>No:443<br>Hex coord:(73;17),n/a,0,0,0,0,0,0,1,2022-04-23T04:06:24.7186135Z,0
5.67477,101.3631452,Daerah: Perak<br>No:444<br>Hex coord:(74;17),n/a,0,0,0,0,0,0,1,2022-04-23T04:06:25.4952249Z,0
5.66699,101.3766919,Daerah: Perak<br>No:445<br>Hex coord:(75;17),n/a,0,0,0,0,0,0,1,2022-04-23T04:06:26.2553865Z,0
5.67477,101.3902386,Daerah: Perak<br>No:446<br>Hex coord:(76;17),n/a,0,0,0,0,0,0,1,2022-04-23T04:06:27.0268514Z,0
5.66699,101.4037853,Daerah: Perak<br>No:447<br>Hex coord:(77;17),n/a,0,0,0,0,0,0,1,2022-04-23T04:06:27.7900964Z,0
5.67477,101.417332,Daerah: Perak<br>No:448<br>Hex coord:(78;17),n/a,0,0,0,0,0,0,1,2022-04-23T04:06:28.5430459Z,0
5.66699,101.4308787,Daerah: Perak<br>No:449<br>Hex coord:(79;17),n/a,0,0,0,0,0,0,1,2022-04-23T04:06:29.2985112Z,0
5.67477,101.4444254,Daerah: Perak<br>No:450<br>Hex coord:(80;17),n/a,0,0,0,0,0,0,1,2022-04-23T04:06:30.0432829Z,0
5.66699,101.4579721,Daerah: Perak<br>No:451<br>Hex coord:(81;17),n/a,0,0,0,0,0,0,1,2022-04-23T04:06:31.1924653Z,0
5.67477,101.4715188,Daerah: Perak<br>No:452<br>Hex coord:(82;17),n/a,0,0,0,0,0,0,1,2022-04-23T04:06:31.9759620Z,0
5.66699,101.4850655,Daerah: Perak<br>No:453<br>Hex coord:(83;17),n/a,0,0,0,0,0,0,1,2022-04-23T04:06:32.7522457Z,0
5.67477,101.4986123,Daerah: Perak<br>No:454<br>Hex coord:(84;17),n/a,0,0,0,0,0,0,1,2022-04-23T04:06:33.5084458Z,0
5.66699,101.512159,Daerah: Perak<br>No:455<br>Hex coord:(85;17),n/a,0,0,0,0,0,0,1,2022-04-23T04:06:34.2780492Z,0
5.67477,101.5257057,Daerah: Perak<br>No:456<br>Hex coord:(86;17),n/a,0,0,0,0,0,0,1,2022-04-23T04:06:35.0607207Z,0
5.66699,101.5392524,Daerah: Perak<br>No:457<br>Hex coord:(87;17),n/a,0,0,0,0,0,0,1,2022-04-23T04:06:35.8340727Z,0
5.67477,101.5527991,Daerah: Perak<br>No:458<br>Hex coord:(88;17),n/a,0,0,0,0,0,0,1,2022-04-23T04:06:36.5682474Z,0
5.66699,101.5663458,Daerah: Perak<br>No:459<br>Hex coord:(89;17),n/a,0,0,0,0,0,0,1,2022-04-23T04:06:37.3484336Z,0
5.67477,101.5798925,Daerah: Perak<br>No:460<br>Hex coord:(90;17),n/a,0,0,0,0,0,0,1,2022-04-23T04:06:38.1003352Z,0
5.66699,101.5934392,Daerah: Perak<br>No:461<br>Hex coord:(91;17),n/a,0,0,0,0,0,0,1,2022-04-23T04:06:38.8934731Z,0
5.67477,101.6069859,Daerah: Perak<br>No:462<br>Hex coord:(92;17),n/a,0,0,0,0,0,0,1,2022-04-23T04:06:39.6351565Z,0
5.66699,101.6205326,Daerah: Perak<br>No:463<br>Hex coord:(93;17),n/a,0,0,0,0,0,0,1,2022-04-23T04:06:40.4190442Z,0
5.67477,101.6340793,Daerah: Perak<br>No:464<br>Hex coord:(94;17),n/a,0,0,0,0,0,0,1,2022-04-23T04:06:41.1851854Z,0
5.66699,101.647626,Daerah: Perak<br>No:465<br>Hex coord:(95;17),n/a,0,0,0,0,0,0,1,2022-04-23T04:06:41.9453236Z,0
5.67477,101.6611727,Daerah: Perak<br>No:466<br>Hex coord:(96;17),n/a,0,0,0,0,0,0,1,2022-04-23T04:06:42.7138623Z,0
5.65143,100.9702907,Daerah: Perak<br>No:467<br>Hex coord:(45;18),n/a,0,0,0,0,0,0,1,2022-04-23T04:06:43.4795337Z,0
5.65921,100.9838374,Daerah: Perak<br>No:468<br>Hex coord:(46;18),n/a,0,0,0,0,0,0,1,2022-04-23T04:06:44.2809063Z,0
5.65143,100.9973842,Daerah: Perak<br>No:469<br>Hex coord:(47;18),n/a,0,0,0,0,0,0,1,2022-04-23T04:06:45.0613418Z,0
5.65921,101.0109309,Daerah: Perak<br>No:470<br>Hex coord:(48;18),n/a,0,0,0,0,0,0,1,2022-04-23T04:06:45.8561285Z,0
5.65143,101.0244776,Daerah: Perak<br>No:471<br>Hex coord:(49;18),n/a,0,0,0,0,0,0,1,2022-04-23T04:06:46.5950860Z,0
5.65921,101.0380243,Daerah: Perak<br>No:472<br>Hex coord:(50;18),n/a,0,0,0,0,0,0,1,2022-04-23T04:06:47.3667214Z,0
5.65143,101.051571,Daerah: Perak<br>No:473<br>Hex coord:(51;18),n/a,0,0,0,0,0,0,1,2022-04-23T04:06:48.1637933Z,0
5.65921,101.0651177,Daerah: Perak<br>No:474<br>Hex coord:(52;18),n/a,0,0,0,0,0,0,1,2022-04-23T04:06:48.9145478Z,0
5.65143,101.0786644,Daerah: Perak<br>No:475<br>Hex coord:(53;18),n/a,0,0,0,0,0,0,1,2022-04-23T04:06:49.6640373Z,0
5.65921,101.0922111,Daerah: Perak<br>No:476<br>Hex coord:(54;18),n/a,0,0,0,0,0,0,1,2022-04-23T04:06:50.4420370Z,0
5.65143,101.1057578,Daerah: Perak<br>No:477<br>Hex coord:(55;18),n/a,0,0,0,0,0,0,1,2022-04-23T04:06:51.2021312Z,0
5.65921,101.1193045,Daerah: Perak<br>No:478<br>Hex coord:(56;18),n/a,0,0,0,0,0,0,1,2022-04-23T04:06:51.9766767Z,0
5.65143,101.2141314,Daerah: Perak<br>No:479<br>Hex coord:(63;18),n/a,0,0,0,0,0,0,1,2022-04-23T04:06:52.7522820Z,0
5.65921,101.2276781,Daerah: Perak<br>No:480<br>Hex coord:(64;18),n/a,0,0,0,0,0,0,1,2022-04-23T04:06:53.5077413Z,0
5.65143,101.2412249,Daerah: Perak<br>No:481<br>Hex coord:(65;18),n/a,0,0,0,0,0,0,1,2022-04-23T04:06:54.3396824Z,0
5.65921,101.2547716,Daerah: Perak<br>No:482<br>Hex coord:(66;18),n/a,0,0,0,0,0,0,1,2022-04-23T04:06:55.1318741Z,0
5.65143,101.2683183,Daerah: Perak<br>No:483<br>Hex coord:(67;18),n/a,0,0,0,0,0,0,1,2022-04-23T04:06:55.8860104Z,0
5.65921,101.281865,Daerah: Perak<br>No:484<br>Hex coord:(68;18),n/a,0,0,0,0,0,0,1,2022-04-23T04:06:56.6525763Z,0
5.65143,101.2954117,Daerah: Perak<br>No:485<br>Hex coord:(69;18),n/a,0,0,0,0,0,0,1,2022-04-23T04:06:57.4147749Z,0
5.65921,101.3089584,Daerah: Perak<br>No:486<br>Hex coord:(70;18),n/a,0,0,0,0,0,0,1,2022-04-23T04:06:58.1820942Z,0
5.65143,101.3225051,Daerah: Perak<br>No:487<br>Hex coord:(71;18),n/a,0,0,0,0,0,0,1,2022-04-23T04:06:59.9655204Z,0
5.65921,101.3360518,Daerah: Perak<br>No:488<br>Hex coord:(72;18),n/a,0,0,0,0,0,0,1,2022-04-23T04:07:00.9177828Z,0
5.65143,101.3495985,Daerah: Perak<br>No:489<br>Hex coord:(73;18),n/a,0,0,0,0,0,0,1,2022-04-23T04:07:01.6911513Z,0
5.65921,101.3631452,Daerah: Perak<br>No:490<br>Hex coord:(74;18),n/a,0,0,0,0,0,0,1,2022-04-23T04:07:02.4751670Z,0
5.65143,101.3766919,Daerah: Perak<br>No:491<br>Hex coord:(75;18),n/a,0,0,0,0,0,0,1,2022-04-23T04:07:03.2401184Z,0
5.65921,101.3902386,Daerah: Perak<br>No:492<br>Hex coord:(76;18),n/a,0,0,0,0,0,0,1,2022-04-23T04:07:04.3077033Z,0
5.65143,101.4037853,Daerah: Perak<br>No:493<br>Hex coord:(77;18),n/a,0,0,0,0,0,0,1,2022-04-23T04:07:05.0774042Z,0
5.65921,101.417332,Daerah: Perak<br>No:494<br>Hex coord:(78;18),n/a,0,0,0,0,0,0,1,2022-04-23T04:07:06.8659427Z,0
5.65143,101.4308787,Daerah: Perak<br>No:495<br>Hex coord:(79;18),n/a,0,0,0,0,0,0,1,2022-04-23T04:07:07.6194690Z,0
5.65921,101.4444254,Daerah: Perak<br>No:496<br>Hex coord:(80;18),n/a,0,0,0,0,0,0,1,2022-04-23T04:07:08.3711866Z,0
5.65143,101.4579721,Daerah: Perak<br>No:497<br>Hex coord:(81;18),n/a,0,0,0,0,0,0,1,2022-04-23T04:07:09.1367681Z,0
5.65921,101.4715188,Daerah: Perak<br>No:498<br>Hex coord:(82;18),n/a,0,0,0,0,0,0,1,2022-04-23T04:07:10.0888213Z,0
5.65143,101.4850655,Daerah: Perak<br>No:499<br>Hex coord:(83;18),n/a,0,0,0,0,0,0,1,2022-04-23T04:07:10.8155612Z,0
5.65921,101.4986123,Daerah: Perak<br>No:500<br>Hex coord:(84;18),n/a,0,0,0,0,0,0,1,2022-04-23T04:07:11.5650211Z,0
5.65143,101.512159,Daerah: Perak<br>No:501<br>Hex coord:(85;18),n/a,0,0,0,0,0,0,1,2022-04-23T04:07:12.3359146Z,0
5.65921,101.5257057,Daerah: Perak<br>No:502<br>Hex coord:(86;18),n/a,0,0,0,0,0,0,1,2022-04-23T04:07:13.1080729Z,0
5.65143,101.5392524,Daerah: Perak<br>No:503<br>Hex coord:(87;18),n/a,0,0,0,0,0,0,1,2022-04-23T04:07:13.8908793Z,0
5.65921,101.5527991,Daerah: Perak<br>No:504<br>Hex coord:(88;18),n/a,0,0,0,0,0,0,1,2022-04-23T04:07:14.6451649Z,0
5.65143,101.5663458,Daerah: Perak<br>No:505<br>Hex coord:(89;18),n/a,0,0,0,0,0,0,1,2022-04-23T04:07:15.4612694Z,0
5.65921,101.5798925,Daerah: Perak<br>No:506<br>Hex coord:(90;18),n/a,0,0,0,0,0,0,1,2022-04-23T04:07:16.2220564Z,0
5.65143,101.5934392,Daerah: Perak<br>No:507<br>Hex coord:(91;18),n/a,0,0,0,0,0,0,1,2022-04-23T04:07:16.9661691Z,0
5.65921,101.6069859,Daerah: Perak<br>No:508<br>Hex coord:(92;18),n/a,0,0,0,0,0,0,1,2022-04-23T04:07:17.7478228Z,0
5.65143,101.6205326,Daerah: Perak<br>No:509<br>Hex coord:(93;18),n/a,0,0,0,0,0,0,1,2022-04-23T04:07:18.5044308Z,0
5.65921,101.6340793,Daerah: Perak<br>No:510<br>Hex coord:(94;18),n/a,0,0,0,0,0,0,1,2022-04-23T04:07:19.2811420Z,0
5.65143,101.647626,Daerah: Perak<br>No:511<br>Hex coord:(95;18),n/a,0,0,0,0,0,0,1,2022-04-23T04:07:20.0581425Z,0
5.64365,100.956744,Daerah: Perak<br>No:512<br>Hex coord:(44;19),n/a,0,0,0,0,0,0,1,2022-04-23T04:07:20.8183830Z,0
5.63587,100.9702907,Daerah: Perak<br>No:513<br>Hex coord:(45;19),n/a,0,0,0,0,0,0,1,2022-04-23T04:07:21.5868567Z,0
5.64365,100.9838374,Daerah: Perak<br>No:514<br>Hex coord:(46;19),n/a,0,0,0,0,0,0,1,2022-04-23T04:07:22.3536032Z,0
5.63587,100.9973842,Daerah: Perak<br>No:515<br>Hex coord:(47;19),n/a,0,0,0,0,0,0,1,2022-04-23T04:07:23.1072734Z,0
5.64365,101.0109309,Daerah: Perak<br>No:516<br>Hex coord:(48;19),n/a,0,0,0,0,0,0,1,2022-04-23T04:07:23.8745903Z,0
5.63587,101.0244776,Daerah: Perak<br>No:517<br>Hex coord:(49;19),n/a,0,0,0,0,0,0,1,2022-04-23T04:07:24.6133382Z,0
5.64365,101.0380243,Daerah: Perak<br>No:518<br>Hex coord:(50;19),n/a,0,0,0,0,0,0,1,2022-04-23T04:07:25.5181039Z,0
5.63587,101.051571,Daerah: Perak<br>No:519<br>Hex coord:(51;19),n/a,0,0,0,0,0,0,1,2022-04-23T04:07:26.2756388Z,0
5.64365,101.0651177,Daerah: Perak<br>No:520<br>Hex coord:(52;19),n/a,0,0,0,0,0,0,1,2022-04-23T04:07:27.0441431Z,0
5.63587,101.0786644,Daerah: Perak<br>No:521<br>Hex coord:(53;19),n/a,0,0,0,0,0,0,1,2022-04-23T04:07:27.7985604Z,0
5.64365,101.0922111,Daerah: Perak<br>No:522<br>Hex coord:(54;19),n/a,0,0,0,0,0,0,1,2022-04-23T04:07:28.6051783Z,0
5.63587,101.1057578,Daerah: Perak<br>No:523<br>Hex coord:(55;19),n/a,0,0,0,0,0,0,1,2022-04-23T04:07:29.3570258Z,0
5.64365,101.1193045,Daerah: Perak<br>No:524<br>Hex coord:(56;19),n/a,0,0,0,0,0,0,1,2022-04-23T04:07:30.1004683Z,0
5.64365,101.1734913,Daerah: Perak<br>No:525<br>Hex coord:(60;19),n/a,0,0,0,0,0,0,1,2022-04-23T04:07:30.9268045Z,0
5.63587,101.187038,Daerah: Perak<br>No:526<br>Hex coord:(61;19),n/a,0,0,0,0,0,0,1,2022-04-23T04:07:31.7066906Z,0
5.64365,101.2005847,Daerah: Perak<br>No:527<br>Hex coord:(62;19),n/a,0,0,0,0,0,0,1,2022-04-23T04:07:32.4751884Z,0
5.63587,101.2141314,Daerah: Perak<br>No:528<br>Hex coord:(63;19),n/a,0,0,0,0,0,0,1,2022-04-23T04:07:33.2413721Z,0
5.64365,101.2276781,Daerah: Perak<br>No:529<br>Hex coord:(64;19),n/a,0,0,0,0,0,0,1,2022-04-23T04:07:34.0260888Z,0
5.63587,101.2412249,Daerah: Perak<br>No:530<br>Hex coord:(65;19),n/a,0,0,0,0,0,0,1,2022-04-23T04:07:34.9155681Z,0
5.64365,101.2547716,Daerah: Perak<br>No:531<br>Hex coord:(66;19),n/a,0,0,0,0,0,0,1,2022-04-23T04:07:35.6899437Z,0
5.63587,101.2683183,Daerah: Perak<br>No:532<br>Hex coord:(67;19),n/a,0,0,0,0,0,0,1,2022-04-23T04:07:36.4544328Z,0
5.64365,101.281865,Daerah: Perak<br>No:533<br>Hex coord:(68;19),n/a,0,0,0,0,0,0,1,2022-04-23T04:07:37.1972257Z,0
5.63587,101.2954117,Daerah: Perak<br>No:534<br>Hex coord:(69;19),n/a,0,0,0,0,0,0,1,2022-04-23T04:07:37.9645238Z,0
5.64365,101.3089584,Daerah: Perak<br>No:535<br>Hex coord:(70;19),n/a,0,0,0,0,0,0,1,2022-04-23T04:07:38.7449995Z,0
5.63587,101.3225051,Daerah: Perak<br>No:536<br>Hex coord:(71;19),n/a,0,0,0,0,0,0,1,2022-04-23T04:07:39.5015724Z,0
5.64365,101.3360518,Daerah: Perak<br>No:537<br>Hex coord:(72;19),n/a,0,0,0,0,0,0,1,2022-04-23T04:07:40.2903988Z,0
5.63587,101.3495985,Daerah: Perak<br>No:538<br>Hex coord:(73;19),n/a,0,0,0,0,0,0,1,2022-04-23T04:07:41.0476331Z,0
5.64365,101.3631452,Daerah: Perak<br>No:539<br>Hex coord:(74;19),n/a,0,0,0,0,0,0,1,2022-04-23T04:07:41.7978124Z,0
5.63587,101.3766919,Daerah: Perak<br>No:540<br>Hex coord:(75;19),n/a,0,0,0,0,0,0,1,2022-04-23T04:07:42.5785547Z,0
5.64365,101.3902386,Daerah: Perak<br>No:541<br>Hex coord:(76;19),n/a,0,0,0,0,0,0,1,2022-04-23T04:07:43.3455946Z,0
5.63587,101.4037853,Daerah: Perak<br>No:542<br>Hex coord:(77;19),n/a,0,0,0,0,0,0,1,2022-04-23T04:07:44.1121911Z,0
5.64365,101.417332,Daerah: Perak<br>No:543<br>Hex coord:(78;19),n/a,0,0,0,0,0,0,1,2022-04-23T04:07:44.8640886Z,0
5.63587,101.4308787,Daerah: Perak<br>No:544<br>Hex coord:(79;19),n/a,0,0,0,0,0,0,1,2022-04-23T04:07:45.6163629Z,0
5.64365,101.4444254,Daerah: Perak<br>No:545<br>Hex coord:(80;19),n/a,0,0,0,0,0,0,1,2022-04-23T04:07:46.3753911Z,0
5.63587,101.4579721,Daerah: Perak<br>No:546<br>Hex coord:(81;19),n/a,0,0,0,0,0,0,1,2022-04-23T04:07:47.2403978Z,0
5.64365,101.4715188,Daerah: Perak<br>No:547<br>Hex coord:(82;19),n/a,0,0,0,0,0,0,1,2022-04-23T04:07:47.9862993Z,0
5.63587,101.4850655,Daerah: Perak<br>No:548<br>Hex coord:(83;19),n/a,0,0,0,0,0,0,1,2022-04-23T04:07:48.7429320Z,0
5.64365,101.4986123,Daerah: Perak<br>No:549<br>Hex coord:(84;19),n/a,0,0,0,0,0,0,1,2022-04-23T04:07:49.5041744Z,0
5.63587,101.512159,Daerah: Perak<br>No:550<br>Hex coord:(85;19),n/a,0,0,0,0,0,0,1,2022-04-23T04:07:50.3346548Z,0
5.64365,101.5257057,Daerah: Perak<br>No:551<br>Hex coord:(86;19),n/a,0,0,0,0,0,0,1,2022-04-23T04:07:51.0960161Z,0
5.63587,101.5392524,Daerah: Perak<br>No:552<br>Hex coord:(87;19),n/a,0,0,0,0,0,0,1,2022-04-23T04:07:51.8574183Z,0
5.64365,101.5527991,Daerah: Perak<br>No:553<br>Hex coord:(88;19),n/a,0,0,0,0,0,0,1,2022-04-23T04:07:52.5897298Z,0
5.63587,101.5663458,Daerah: Perak<br>No:554<br>Hex coord:(89;19),n/a,0,0,0,0,0,0,1,2022-04-23T04:07:53.3649753Z,0
5.64365,101.5798925,Daerah: Perak<br>No:555<br>Hex coord:(90;19),n/a,0,0,0,0,0,0,1,2022-04-23T04:07:54.1892180Z,0
5.63587,101.5934392,Daerah: Perak<br>No:556<br>Hex coord:(91;19),n/a,0,0,0,0,0,0,1,2022-04-23T04:07:54.9398349Z,0
5.64365,101.6069859,Daerah: Perak<br>No:557<br>Hex coord:(92;19),n/a,0,0,0,0,0,0,1,2022-04-23T04:07:55.8132142Z,0
5.63587,101.6205326,Daerah: Perak<br>No:558<br>Hex coord:(93;19),n/a,0,0,0,0,0,0,1,2022-04-23T04:07:56.6248413Z,0
5.64365,101.6340793,Daerah: Perak<br>No:559<br>Hex coord:(94;19),n/a,0,0,0,0,0,0,1,2022-04-23T04:07:57.3753693Z,0
5.63587,101.647626,Daerah: Perak<br>No:560<br>Hex coord:(95;19),n/a,0,0,0,0,0,0,1,2022-04-23T04:07:58.1295383Z,0
5.62031,100.9431973,Daerah: Perak<br>No:561<br>Hex coord:(43;20),n/a,0,0,0,0,0,0,1,2022-04-23T04:07:58.9135920Z,0
5.62809,100.956744,Daerah: Perak<br>No:562<br>Hex coord:(44;20),n/a,0,0,0,0,0,0,1,2022-04-23T04:07:59.6642268Z,0
5.62031,100.9702907,Daerah: Perak<br>No:563<br>Hex coord:(45;20),n/a,0,0,0,0,0,0,1,2022-04-23T04:08:00.4482438Z,0
5.62809,100.9838374,Daerah: Perak<br>No:564<br>Hex coord:(46;20),n/a,0,0,0,0,0,0,1,2022-04-23T04:08:01.1976988Z,0
5.62031,100.9973842,Daerah: Perak<br>No:565<br>Hex coord:(47;20),n/a,0,0,0,0,0,0,1,2022-04-23T04:08:02.0111629Z,0
5.62809,101.0109309,Daerah: Perak<br>No:566<br>Hex coord:(48;20),n/a,0,0,0,0,0,0,1,2022-04-23T04:08:02.8909455Z,0
5.62031,101.0244776,Daerah: Perak<br>No:567<br>Hex coord:(49;20),n/a,0,0,0,0,0,0,1,2022-04-23T04:08:03.7464610Z,0
5.62809,101.0380243,Daerah: Perak<br>No:568<br>Hex coord:(50;20),n/a,0,0,0,0,0,0,1,2022-04-23T04:08:04.5126100Z,0
5.62031,101.051571,Daerah: Perak<br>No:569<br>Hex coord:(51;20),n/a,0,0,0,0,0,0,1,2022-04-23T04:08:05.4050627Z,0
5.62809,101.0651177,Daerah: Perak<br>No:570<br>Hex coord:(52;20),n/a,0,0,0,0,0,0,1,2022-04-23T04:08:06.1580893Z,0
5.62031,101.0786644,Daerah: Perak<br>No:571<br>Hex coord:(53;20),n/a,0,0,0,0,0,0,1,2022-04-23T04:08:06.9397320Z,0
5.62809,101.0922111,Daerah: Perak<br>No:572<br>Hex coord:(54;20),n/a,0,0,0,0,0,0,1,2022-04-23T04:08:07.7414837Z,0
5.62031,101.1057578,Daerah: Perak<br>No:573<br>Hex coord:(55;20),n/a,0,0,0,0,0,0,1,2022-04-23T04:08:08.5994408Z,0
5.62809,101.1193045,Daerah: Perak<br>No:574<br>Hex coord:(56;20),n/a,0,0,0,0,0,0,1,2022-04-23T04:08:09.4538867Z,0
5.62031,101.1599446,Daerah: Perak<br>No:575<br>Hex coord:(59;20),n/a,0,0,0,0,0,0,1,2022-04-23T04:08:10.3295822Z,0
5.62809,101.1734913,Daerah: Perak<br>No:576<br>Hex coord:(60;20),n/a,0,0,0,0,0,0,1,2022-04-23T04:08:11.1566986Z,0
5.62031,101.187038,Daerah: Perak<br>No:577<br>Hex coord:(61;20),n/a,0,0,0,0,0,0,1,2022-04-23T04:08:11.9249181Z,0
5.62809,101.2005847,Daerah: Perak<br>No:578<br>Hex coord:(62;20),n/a,0,0,0,0,0,0,1,2022-04-23T04:08:12.6866860Z,0
5.62031,101.2141314,Daerah: Perak<br>No:579<br>Hex coord:(63;20),n/a,0,0,0,0,0,0,1,2022-04-23T04:08:13.4847141Z,0
5.62809,101.2276781,Daerah: Perak<br>No:580<br>Hex coord:(64;20),n/a,0,0,0,0,0,0,1,2022-04-23T04:08:14.2484703Z,0
5.62031,101.2412249,Daerah: Perak<br>No:581<br>Hex coord:(65;20),n/a,0,0,0,0,0,0,1,2022-04-23T04:08:15.0328859Z,0
5.62809,101.2547716,Daerah: Perak<br>No:582<br>Hex coord:(66;20),n/a,0,0,0,0,0,0,1,2022-04-23T04:08:15.9453759Z,0
5.62031,101.2683183,Daerah: Perak<br>No:583<br>Hex coord:(67;20),n/a,0,0,0,0,0,0,1,2022-04-23T04:08:17.0185333Z,0
5.62809,101.281865,Daerah: Perak<br>No:584<br>Hex coord:(68;20),n/a,0,0,0,0,0,0,1,2022-04-23T04:08:18.8991021Z,0
5.62031,101.2954117,Daerah: Perak<br>No:585<br>Hex coord:(69;20),n/a,0,0,0,0,0,0,1,2022-04-23T04:08:19.7617241Z,0
5.62809,101.3089584,Daerah: Perak<br>No:586<br>Hex coord:(70;20),n/a,0,0,0,0,0,0,1,2022-04-23T04:08:20.6375294Z,0
5.62031,101.3225051,Daerah: Perak<br>No:587<br>Hex coord:(71;20),n/a,0,0,0,0,0,0,1,2022-04-23T04:08:21.4513409Z,0
5.62809,101.3360518,Daerah: Perak<br>No:588<br>Hex coord:(72;20),n/a,0,0,0,0,0,0,1,2022-04-23T04:08:22.2651536Z,0
5.62031,101.3495985,Daerah: Perak<br>No:589<br>Hex coord:(73;20),n/a,0,0,0,0,0,0,1,2022-04-23T04:08:24.0917115Z,0
5.62809,101.3631452,Daerah: Perak<br>No:590<br>Hex coord:(74;20),n/a,0,0,0,0,0,0,1,2022-04-23T04:08:24.9442294Z,0
5.62031,101.3766919,Daerah: Perak<br>No:591<br>Hex coord:(75;20),n/a,0,0,0,0,0,0,1,2022-04-23T04:08:25.7994016Z,0
5.62809,101.3902386,Daerah: Perak<br>No:592<br>Hex coord:(76;20),n/a,0,0,0,0,0,0,1,2022-04-23T04:08:26.6267557Z,0
5.62031,101.4037853,Daerah: Perak<br>No:593<br>Hex coord:(77;20),n/a,0,0,0,0,0,0,1,2022-04-23T04:08:27.4627592Z,0
5.62809,101.417332,Daerah: Perak<br>No:594<br>Hex coord:(78;20),n/a,0,0,0,0,0,0,1,2022-04-23T04:08:28.2701396Z,0
5.62031,101.4308787,Daerah: Perak<br>No:595<br>Hex coord:(79;20),n/a,0,0,0,0,0,0,1,2022-04-23T04:08:29.1044127Z,0
5.62809,101.4444254,Daerah: Perak<br>No:596<br>Hex coord:(80;20),n/a,0,0,0,0,0,0,1,2022-04-23T04:08:29.9314135Z,0
5.62031,101.4579721,Daerah: Perak<br>No:597<br>Hex coord:(81;20),n/a,0,0,0,0,0,0,1,2022-04-23T04:08:30.7749703Z,0
5.62809,101.4715188,Daerah: Perak<br>No:598<br>Hex coord:(82;20),n/a,0,0,0,0,0,0,1,2022-04-23T04:08:31.5994013Z,0
5.62031,101.4850655,Daerah: Perak<br>No:599<br>Hex coord:(83;20),n/a,0,0,0,0,0,0,1,2022-04-23T04:08:32.4252144Z,0
5.62809,101.4986123,Daerah: Perak<br>No:600<br>Hex coord:(84;20),n/a,0,0,0,0,0,0,1,2022-04-23T04:08:33.3855879Z,0
5.62031,101.512159,Daerah: Perak<br>No:601<br>Hex coord:(85;20),n/a,0,0,0,0,0,0,1,2022-04-23T04:08:34.2601362Z,0
5.62809,101.5257057,Daerah: Perak<br>No:602<br>Hex coord:(86;20),n/a,0,0,0,0,0,0,1,2022-04-23T04:08:35.2454942Z,0
5.62031,101.5392524,Daerah: Perak<br>No:603<br>Hex coord:(87;20),n/a,0,0,0,0,0,0,1,2022-04-23T04:08:36.0735174Z,0
5.62809,101.5527991,Daerah: Perak<br>No:604<br>Hex coord:(88;20),n/a,0,0,0,0,0,0,1,2022-04-23T04:08:36.9144424Z,0
5.62031,101.5663458,Daerah: Perak<br>No:605<br>Hex coord:(89;20),n/a,0,0,0,0,0,0,1,2022-04-23T04:08:37.7396297Z,0
5.62809,101.5798925,Daerah: Perak<br>No:606<br>Hex coord:(90;20),n/a,0,0,0,0,0,0,1,2022-04-23T04:08:38.5876917Z,0
5.62031,101.5934392,Daerah: Perak<br>No:607<br>Hex coord:(91;20),n/a,0,0,0,0,0,0,1,2022-04-23T04:08:39.4242243Z,0
5.62809,101.6069859,Daerah: Perak<br>No:608<br>Hex coord:(92;20),n/a,0,0,0,0,0,0,1,2022-04-23T04:08:40.2598318Z,0
5.62031,101.6205326,Daerah: Perak<br>No:609<br>Hex coord:(93;20),n/a,0,0,0,0,0,0,1,2022-04-23T04:08:41.1137747Z,0
5.62809,101.6340793,Daerah: Perak<br>No:610<br>Hex coord:(94;20),n/a,0,0,0,0,0,0,1,2022-04-23T04:08:41.9073133Z,0
5.62031,101.647626,Daerah: Perak<br>No:611<br>Hex coord:(95;20),n/a,0,0,0,0,0,0,1,2022-04-23T04:08:42.7583620Z,0
5.61253,100.9296506,Daerah: Perak<br>No:612<br>Hex coord:(42;21),n/a,0,0,0,0,0,0,1,2022-04-23T04:08:43.8137752Z,0
5.60475,100.9431973,Daerah: Perak<br>No:613<br>Hex coord:(43;21),n/a,0,0,0,0,0,0,1,2022-04-23T04:08:44.6454200Z,0
5.61253,100.956744,Daerah: Perak<br>No:614<br>Hex coord:(44;21),n/a,0,0,0,0,0,0,1,2022-04-23T04:08:45.4568533Z,0
5.60475,100.9702907,Daerah: Perak<br>No:615<br>Hex coord:(45;21),n/a,0,0,0,0,0,0,1,2022-04-23T04:08:46.2564737Z,0
5.61253,100.9838374,Daerah: Perak<br>No:616<br>Hex coord:(46;21),n/a,0,0,0,0,0,0,1,2022-04-23T04:08:47.0618220Z,0
5.60475,100.9973842,Daerah: Perak<br>No:617<br>Hex coord:(47;21),n/a,0,0,0,0,0,0,1,2022-04-23T04:08:47.8768893Z,0
5.61253,101.0109309,Daerah: Perak<br>No:618<br>Hex coord:(48;21),n/a,0,0,0,0,0,0,1,2022-04-23T04:08:48.7013825Z,0
5.60475,101.0244776,Daerah: Perak<br>No:619<br>Hex coord:(49;21),n/a,0,0,0,0,0,0,1,2022-04-23T04:08:49.5592667Z,0
5.61253,101.0380243,Daerah: Perak<br>No:620<br>Hex coord:(50;21),n/a,0,0,0,0,0,0,1,2022-04-23T04:08:50.4028945Z,0
5.60475,101.051571,Daerah: Perak<br>No:621<br>Hex coord:(51;21),n/a,0,0,0,0,0,0,1,2022-04-23T04:08:51.2525396Z,0
5.61253,101.0651177,Daerah: Perak<br>No:622<br>Hex coord:(52;21),n/a,0,0,0,0,0,0,1,2022-04-23T04:08:52.1472294Z,0
5.60475,101.0786644,Daerah: Perak<br>No:623<br>Hex coord:(53;21),n/a,0,0,0,0,0,0,1,2022-04-23T04:08:52.9648104Z,0
5.61253,101.0922111,Daerah: Perak<br>No:624<br>Hex coord:(54;21),n/a,0,0,0,0,0,0,1,2022-04-23T04:08:53.9286431Z,0
5.60475,101.1057578,Daerah: Perak<br>No:625<br>Hex coord:(55;21),n/a,0,0,0,0,0,0,1,2022-04-23T04:08:54.7948677Z,0
5.61253,101.1193045,Daerah: Perak<br>No:626<br>Hex coord:(56;21),n/a,0,0,0,0,0,0,1,2022-04-23T04:08:55.6506497Z,0
5.60475,101.1328512,Daerah: Perak<br>No:627<br>Hex coord:(57;21),n/a,0,0,0,0,0,0,1,2022-04-23T04:08:56.5207016Z,0
5.61253,101.1463979,Daerah: Perak<br>No:628<br>Hex coord:(58;21),n/a,0,0,0,0,0,0,1,2022-04-23T04:08:57.3596357Z,0
5.60475,101.1599446,Daerah: Perak<br>No:629<br>Hex coord:(59;21),n/a,0,0,0,0,0,0,1,2022-04-23T04:08:58.2253810Z,0
5.61253,101.1734913,Daerah: Perak<br>No:630<br>Hex coord:(60;21),n/a,0,0,0,0,0,0,1,2022-04-23T04:08:59.1681959Z,0
5.60475,101.187038,Daerah: Perak<br>No:631<br>Hex coord:(61;21),n/a,0,0,0,0,0,0,1,2022-04-23T04:09:00.0309639Z,0
5.61253,101.2005847,Daerah: Perak<br>No:632<br>Hex coord:(62;21),n/a,0,0,0,0,0,0,1,2022-04-23T04:09:01.1577127Z,0
5.60475,101.2141314,Daerah: Perak<br>No:633<br>Hex coord:(63;21),n/a,0,0,0,0,0,0,1,2022-04-23T04:09:01.9903565Z,0
5.61253,101.2276781,Daerah: Perak<br>No:634<br>Hex coord:(64;21),n/a,0,0,0,0,0,0,1,2022-04-23T04:09:02.8219874Z,0
5.60475,101.2412249,Daerah: Perak<br>No:635<br>Hex coord:(65;21),n/a,0,0,0,0,0,0,1,2022-04-23T04:09:03.6752619Z,0
5.61253,101.2547716,Daerah: Perak<br>No:636<br>Hex coord:(66;21),n/a,0,0,0,0,0,0,1,2022-04-23T04:09:04.6389162Z,0
5.60475,101.2683183,Daerah: Perak<br>No:637<br>Hex coord:(67;21),n/a,0,0,0,0,0,0,1,2022-04-23T04:09:05.4934169Z,0
5.61253,101.281865,Daerah: Perak<br>No:638<br>Hex coord:(68;21),n/a,0,0,0,0,0,0,1,2022-04-23T04:09:06.3186108Z,0
5.60475,101.2954117,Daerah: Perak<br>No:639<br>Hex coord:(69;21),n/a,0,0,0,0,0,0,1,2022-04-23T04:09:07.1877274Z,0
5.61253,101.3089584,Daerah: Perak<br>No:640<br>Hex coord:(70;21),n/a,0,0,0,0,0,0,1,2022-04-23T04:09:08.1647913Z,0
5.60475,101.3225051,Daerah: Perak<br>No:641<br>Hex coord:(71;21),n/a,0,0,0,0,0,0,1,2022-04-23T04:09:09.0073675Z,0
5.61253,101.3360518,Daerah: Perak<br>No:642<br>Hex coord:(72;21),n/a,0,0,0,0,0,0,1,2022-04-23T04:09:09.7804296Z,0
5.60475,101.3495985,Daerah: Perak<br>No:643<br>Hex coord:(73;21),n/a,0,0,0,0,0,0,1,2022-04-23T04:09:10.6752454Z,0
5.61253,101.3631452,Daerah: Perak<br>No:644<br>Hex coord:(74;21),n/a,0,0,0,0,0,0,1,2022-04-23T04:09:11.5244656Z,0
5.60475,101.3766919,Daerah: Perak<br>No:645<br>Hex coord:(75;21),n/a,0,0,0,0,0,0,1,2022-04-23T04:09:12.4143554Z,0
5.61253,101.3902386,Daerah: Perak<br>No:646<br>Hex coord:(76;21),n/a,0,0,0,0,0,0,1,2022-04-23T04:09:13.2811512Z,0
5.60475,101.4037853,Daerah: Perak<br>No:647<br>Hex coord:(77;21),n/a,0,0,0,0,0,0,1,2022-04-23T04:09:14.1986424Z,0
5.61253,101.417332,Daerah: Perak<br>No:648<br>Hex coord:(78;21),n/a,0,0,0,0,0,0,1,2022-04-23T04:09:15.0446175Z,0
5.60475,101.4308787,Daerah: Perak<br>No:649<br>Hex coord:(79;21),n/a,0,0,0,0,0,0,1,2022-04-23T04:09:15.9608812Z,0
5.61253,101.4444254,Daerah: Perak<br>No:650<br>Hex coord:(80;21),n/a,0,0,0,0,0,0,1,2022-04-23T04:09:16.7758882Z,0
5.60475,101.4579721,Daerah: Perak<br>No:651<br>Hex coord:(81;21),n/a,0,0,0,0,0,0,1,2022-04-23T04:09:17.6344378Z,0
5.61253,101.4715188,Daerah: Perak<br>No:652<br>Hex coord:(82;21),n/a,0,0,0,0,0,0,1,2022-04-23T04:09:18.4499305Z,0
5.60475,101.4850655,Daerah: Perak<br>No:653<br>Hex coord:(83;21),n/a,0,0,0,0,0,0,1,2022-04-23T04:09:19.2625254Z,0
5.61253,101.4986123,Daerah: Perak<br>No:654<br>Hex coord:(84;21),n/a,0,0,0,0,0,0,1,2022-04-23T04:09:20.0957381Z,0
5.60475,101.512159,Daerah: Perak<br>No:655<br>Hex coord:(85;21),n/a,0,0,0,0,0,0,1,2022-04-23T04:09:20.9163941Z,0
5.61253,101.5257057,Daerah: Perak<br>No:656<br>Hex coord:(86;21),n/a,0,0,0,0,0,0,1,2022-04-23T04:09:21.6896590Z,0
5.60475,101.5392524,Daerah: Perak<br>No:657<br>Hex coord:(87;21),n/a,0,0,0,0,0,0,1,2022-04-23T04:09:22.5203142Z,0
5.61253,101.5527991,Daerah: Perak<br>No:658<br>Hex coord:(88;21),n/a,0,0,0,0,0,0,1,2022-04-23T04:09:23.3577536Z,0
5.60475,101.5663458,Daerah: Perak<br>No:659<br>Hex coord:(89;21),n/a,0,0,0,0,0,0,1,2022-04-23T04:09:24.2121024Z,0
5.61253,101.5798925,Daerah: Perak<br>No:660<br>Hex coord:(90;21),n/a,0,0,0,0,0,0,1,2022-04-23T04:09:25.0104010Z,0
5.60475,101.5934392,Daerah: Perak<br>No:661<br>Hex coord:(91;21),n/a,0,0,0,0,0,0,1,2022-04-23T04:09:25.8122910Z,0
5.61253,101.6069859,Daerah: Perak<br>No:662<br>Hex coord:(92;21),n/a,0,0,0,0,0,0,1,2022-04-23T04:09:26.6034399Z,0
5.60475,101.6205326,Daerah: Perak<br>No:663<br>Hex coord:(93;21),n/a,0,0,0,0,0,0,1,2022-04-23T04:09:27.4375126Z,0
5.61253,101.6340793,Daerah: Perak<br>No:664<br>Hex coord:(94;21),n/a,0,0,0,0,0,0,1,2022-04-23T04:09:28.2755110Z,0
5.60475,101.647626,Daerah: Perak<br>No:665<br>Hex coord:(95;21),n/a,0,0,0,0,0,0,1,2022-04-23T04:09:29.0891560Z,0
5.59697,100.956744,Daerah: Perak<br>No:666<br>Hex coord:(44;22),n/a,0,0,0,0,0,0,1,2022-04-23T04:09:29.9384415Z,0
5.58919,100.9702907,Daerah: Perak<br>No:667<br>Hex coord:(45;22),n/a,0,0,0,0,0,0,1,2022-04-23T04:09:30.7837789Z,0
5.59697,100.9838374,Daerah: Perak<br>No:668<br>Hex coord:(46;22),n/a,0,0,0,0,0,0,1,2022-04-23T04:09:31.7214768Z,0
5.58919,100.9973842,Daerah: Perak<br>No:669<br>Hex coord:(47;22),n/a,0,0,0,0,0,0,1,2022-04-23T04:09:32.6135883Z,0
5.59697,101.0109309,Daerah: Perak<br>No:670<br>Hex coord:(48;22),n/a,0,0,0,0,0,0,1,2022-04-23T04:09:33.4379751Z,0
5.58919,101.0244776,Daerah: Perak<br>No:671<br>Hex coord:(49;22),n/a,0,0,0,0,0,0,1,2022-04-23T04:09:34.2970566Z,0
5.59697,101.0380243,Daerah: Perak<br>No:672<br>Hex coord:(50;22),n/a,0,0,0,0,0,0,1,2022-04-23T04:09:35.1180269Z,0
5.58919,101.051571,Daerah: Perak<br>No:673<br>Hex coord:(51;22),n/a,0,0,0,0,0,0,1,2022-04-23T04:09:35.9247405Z,0
5.59697,101.0651177,Daerah: Perak<br>No:674<br>Hex coord:(52;22),n/a,0,0,0,0,0,0,1,2022-04-23T04:09:36.7342211Z,0
5.58919,101.0786644,Daerah: Perak<br>No:675<br>Hex coord:(53;22),n/a,0,0,0,0,0,0,1,2022-04-23T04:09:37.5856641Z,0
5.59697,101.0922111,Daerah: Perak<br>No:676<br>Hex coord:(54;22),n/a,0,0,0,0,0,0,1,2022-04-23T04:09:38.3805534Z,0
5.58919,101.1057578,Daerah: Perak<br>No:677<br>Hex coord:(55;22),n/a,0,0,0,0,0,0,1,2022-04-23T04:09:39.2561666Z,0
5.59697,101.1193045,Daerah: Perak<br>No:678<br>Hex coord:(56;22),n/a,0,0,0,0,0,0,1,2022-04-23T04:09:40.0630901Z,0
5.58919,101.1328512,Daerah: Perak<br>No:679<br>Hex coord:(57;22),n/a,0,0,0,0,0,0,1,2022-04-23T04:09:40.9290799Z,0
5.59697,101.1463979,Daerah: Perak<br>No:680<br>Hex coord:(58;22),n/a,0,0,0,0,0,0,1,2022-04-23T04:09:41.7631368Z,0
5.58919,101.1599446,Daerah: Perak<br>No:681<br>Hex coord:(59;22),n/a,0,0,0,0,0,0,1,2022-04-23T04:09:42.6001733Z,0
5.59697,101.1734913,Daerah: Perak<br>No:682<br>Hex coord:(60;22),n/a,0,0,0,0,0,0,1,2022-04-23T04:09:43.4280584Z,0
5.58919,101.187038,Daerah: Perak<br>No:683<br>Hex coord:(61;22),n/a,0,0,0,0,0,0,1,2022-04-23T04:09:44.2739951Z,0
5.59697,101.2005847,Daerah: Perak<br>No:684<br>Hex coord:(62;22),n/a,0,0,0,0,0,0,1,2022-04-23T04:09:45.1258320Z,0
5.58919,101.2141314,Daerah: Perak<br>No:685<br>Hex coord:(63;22),n/a,0,0,0,0,0,0,1,2022-04-23T04:09:45.9621044Z,0
5.59697,101.2276781,Daerah: Perak<br>No:686<br>Hex coord:(64;22),n/a,0,0,0,0,0,0,1,2022-04-23T04:09:46.7748847Z,0
5.58919,101.2412249,Daerah: Perak<br>No:687<br>Hex coord:(65;22),n/a,0,0,0,0,0,0,1,2022-04-23T04:09:47.5990002Z,0
5.59697,101.2547716,Daerah: Perak<br>No:688<br>Hex coord:(66;22),n/a,0,0,0,0,0,0,1,2022-04-23T04:09:48.4488063Z,0
5.58919,101.2683183,Daerah: Perak<br>No:689<br>Hex coord:(67;22),n/a,0,0,0,0,0,0,1,2022-04-23T04:09:49.2589670Z,0
5.59697,101.281865,Daerah: Perak<br>No:690<br>Hex coord:(68;22),n/a,0,0,0,0,0,0,1,2022-04-23T04:09:50.0824199Z,0
5.58919,101.2954117,Daerah: Perak<br>No:691<br>Hex coord:(69;22),n/a,0,0,0,0,0,0,1,2022-04-23T04:09:50.8604283Z,0
5.59697,101.3089584,Daerah: Perak<br>No:692<br>Hex coord:(70;22),n/a,0,0,0,0,0,0,1,2022-04-23T04:09:51.6968829Z,0
5.58919,101.3225051,Daerah: Perak<br>No:693<br>Hex coord:(71;22),n/a,0,0,0,0,0,0,1,2022-04-23T04:09:52.5417389Z,0
5.59697,101.3360518,Daerah: Perak<br>No:694<br>Hex coord:(72;22),n/a,0,0,0,0,0,0,1,2022-04-23T04:09:53.3959866Z,0
5.58919,101.3495985,Daerah: Perak<br>No:695<br>Hex coord:(73;22),n/a,0,0,0,0,0,0,1,2022-04-23T04:09:54.2252825Z,0
5.59697,101.3631452,Daerah: Perak<br>No:696<br>Hex coord:(74;22),n/a,0,0,0,0,0,0,1,2022-04-23T04:09:54.9890391Z,0
5.58919,101.3766919,Daerah: Perak<br>No:697<br>Hex coord:(75;22),n/a,0,0,0,0,0,0,1,2022-04-23T04:09:56.1687100Z,0
5.59697,101.3902386,Daerah: Perak<br>No:698<br>Hex coord:(76;22),n/a,0,0,0,0,0,0,1,2022-04-23T04:09:56.9979982Z,0
5.58919,101.4037853,Daerah: Perak<br>No:699<br>Hex coord:(77;22),n/a,0,0,0,0,0,0,1,2022-04-23T04:09:57.8499133Z,0
5.59697,101.417332,Daerah: Perak<br>No:700<br>Hex coord:(78;22),n/a,0,0,0,0,0,0,1,2022-04-23T04:09:58.7438032Z,0
5.58919,101.4308787,Daerah: Perak<br>No:701<br>Hex coord:(79;22),n/a,0,0,0,0,0,0,1,2022-04-23T04:09:59.6324138Z,0
5.59697,101.4444254,Daerah: Perak<br>No:702<br>Hex coord:(80;22),n/a,0,0,0,0,0,0,1,2022-04-23T04:10:00.4953380Z,0
5.58919,101.4579721,Daerah: Perak<br>No:703<br>Hex coord:(81;22),n/a,0,0,0,0,0,0,1,2022-04-23T04:10:01.4862996Z,0
5.59697,101.4715188,Daerah: Perak<br>No:704<br>Hex coord:(82;22),n/a,0,0,0,0,0,0,1,2022-04-23T04:10:02.4251199Z,0
5.58919,101.4850655,Daerah: Perak<br>No:705<br>Hex coord:(83;22),n/a,0,0,0,0,0,0,1,2022-04-23T04:10:03.2113387Z,0
5.59697,101.4986123,Daerah: Perak<br>No:706<br>Hex coord:(84;22),n/a,0,0,0,0,0,0,1,2022-04-23T04:10:04.3099762Z,0
5.58919,101.512159,Daerah: Perak<br>No:707<br>Hex coord:(85;22),n/a,0,0,0,0,0,0,1,2022-04-23T04:10:05.0427536Z,0
5.59697,101.5257057,Daerah: Perak<br>No:708<br>Hex coord:(86;22),n/a,0,0,0,0,0,0,1,2022-04-23T04:10:05.8149023Z,0
5.58919,101.5392524,Daerah: Perak<br>No:709<br>Hex coord:(87;22),n/a,0,0,0,0,0,0,1,2022-04-23T04:10:06.5691441Z,0
5.59697,101.5527991,Daerah: Perak<br>No:710<br>Hex coord:(88;22),n/a,0,0,0,0,0,0,1,2022-04-23T04:10:07.5080236Z,0
5.58919,101.5663458,Daerah: Perak<br>No:711<br>Hex coord:(89;22),n/a,0,0,0,0,0,0,1,2022-04-23T04:10:08.2777585Z,0
5.59697,101.5798925,Daerah: Perak<br>No:712<br>Hex coord:(90;22),n/a,0,0,0,0,0,0,1,2022-04-23T04:10:09.0546129Z,0
5.58919,101.5934392,Daerah: Perak<br>No:713<br>Hex coord:(91;22),n/a,0,0,0,0,0,0,1,2022-04-23T04:10:09.7993124Z,0
5.59697,101.6069859,Daerah: Perak<br>No:714<br>Hex coord:(92;22),n/a,0,0,0,0,0,0,1,2022-04-23T04:10:10.5630444Z,0
5.58919,101.6205326,Daerah: Perak<br>No:715<br>Hex coord:(93;22),n/a,0,0,0,0,0,0,1,2022-04-23T04:10:11.3530180Z,0
5.59697,101.6340793,Daerah: Perak<br>No:716<br>Hex coord:(94;22),n/a,0,0,0,0,0,0,1,2022-04-23T04:10:12.1132684Z,0
5.58919,101.647626,Daerah: Perak<br>No:717<br>Hex coord:(95;22),n/a,0,0,0,0,0,0,1,2022-04-23T04:10:12.8736591Z,0
5.59697,101.6611727,Daerah: Perak<br>No:718<br>Hex coord:(96;22),n/a,0,0,0,0,0,0,1,2022-04-23T04:10:13.6778434Z,0
5.58919,101.6747194,Daerah: Perak<br>No:719<br>Hex coord:(97;22),n/a,0,0,0,0,0,0,1,2022-04-23T04:10:14.4750348Z,0
5.58141,100.956744,Daerah: Perak<br>No:720<br>Hex coord:(44;23),n/a,0,0,0,0,0,0,1,2022-04-23T04:10:15.4333964Z,0
5.57363,100.9702907,Daerah: Perak<br>No:721<br>Hex coord:(45;23),n/a,0,0,0,0,0,0,1,2022-04-23T04:10:16.3436760Z,0
5.58141,100.9838374,Daerah: Perak<br>No:722<br>Hex coord:(46;23),n/a,0,0,0,0,0,0,1,2022-04-23T04:10:17.2476992Z,0
5.57363,100.9973842,Daerah: Perak<br>No:723<br>Hex coord:(47;23),n/a,0,0,0,0,0,0,1,2022-04-23T04:10:18.0238232Z,0
5.58141,101.0109309,Daerah: Perak<br>No:724<br>Hex coord:(48;23),n/a,0,0,0,0,0,0,1,2022-04-23T04:10:18.8324602Z,0
5.57363,101.0244776,Daerah: Perak<br>No:725<br>Hex coord:(49;23),n/a,0,0,0,0,0,0,1,2022-04-23T04:10:19.6431834Z,0
5.58141,101.0380243,Daerah: Perak<br>No:726<br>Hex coord:(50;23),n/a,0,0,0,0,0,0,1,2022-04-23T04:10:20.5828853Z,0
5.57363,101.051571,Daerah: Perak<br>No:727<br>Hex coord:(51;23),n/a,1 ,0,0,0,0,0,1,2022-04-23T04:10:21.4037996Z,0
5.58141,101.0651177,Daerah: Perak<br>No:728<br>Hex coord:(52;23),n/a,0,0,0,0,0,0,1,2022-04-23T04:10:22.1628739Z,0
5.57363,101.0786644,Daerah: Perak<br>No:729<br>Hex coord:(53;23),n/a,0,0,0,0,0,0,1,2022-04-23T04:10:22.9337406Z,0
5.58141,101.0922111,Daerah: Perak<br>No:730<br>Hex coord:(54;23),n/a,0,0,0,0,0,0,1,2022-04-23T04:10:23.7136965Z,0
5.57363,101.1057578,Daerah: Perak<br>No:731<br>Hex coord:(55;23),n/a,0,0,0,0,0,0,1,2022-04-23T04:10:24.5780137Z,0
5.58141,101.1193045,Daerah: Perak<br>No:732<br>Hex coord:(56;23),n/a,0,0,0,0,0,0,1,2022-04-23T04:10:25.5085728Z,0
5.57363,101.1328512,Daerah: Perak<br>No:733<br>Hex coord:(57;23),n/a,0,0,0,0,0,0,1,2022-04-23T04:10:26.3046225Z,0
5.58141,101.1463979,Daerah: Perak<br>No:734<br>Hex coord:(58;23),n/a,0,0,0,0,0,0,1,2022-04-23T04:10:27.1880162Z,0
5.57363,101.1599446,Daerah: Perak<br>No:735<br>Hex coord:(59;23),n/a,0,0,0,0,0,0,1,2022-04-23T04:10:27.9868507Z,0
5.58141,101.1734913,Daerah: Perak<br>No:736<br>Hex coord:(60;23),n/a,0,0,0,0,0,0,1,2022-04-23T04:10:28.7696972Z,0
5.57363,101.187038,Daerah: Perak<br>No:737<br>Hex coord:(61;23),n/a,0,0,0,0,0,0,1,2022-04-23T04:10:29.5576573Z,0
5.58141,101.2005847,Daerah: Perak<br>No:738<br>Hex coord:(62;23),n/a,0,0,0,0,0,0,1,2022-04-23T04:10:30.3913174Z,0
5.57363,101.2141314,Daerah: Perak<br>No:739<br>Hex coord:(63;23),n/a,0,0,0,0,0,0,1,2022-04-23T04:10:31.1874894Z,0
5.58141,101.2276781,Daerah: Perak<br>No:740<br>Hex coord:(64;23),n/a,0,0,0,0,0,0,1,2022-04-23T04:10:32.0278016Z,0
5.57363,101.2412249,Daerah: Perak<br>No:741<br>Hex coord:(65;23),n/a,0,0,0,0,0,0,1,2022-04-23T04:10:32.8589525Z,0
5.58141,101.2547716,Daerah: Perak<br>No:742<br>Hex coord:(66;23),n/a,0,0,0,0,0,0,1,2022-04-23T04:10:33.6639844Z,0
5.57363,101.2683183,Daerah: Perak<br>No:743<br>Hex coord:(67;23),n/a,0,0,0,0,0,0,1,2022-04-23T04:10:34.5236965Z,0
5.58141,101.281865,Daerah: Perak<br>No:744<br>Hex coord:(68;23),n/a,0,0,0,0,0,0,1,2022-04-23T04:10:35.3182510Z,0
5.57363,101.2954117,Daerah: Perak<br>No:745<br>Hex coord:(69;23),n/a,0,0,0,0,0,0,1,2022-04-23T04:10:36.0663476Z,0
5.58141,101.3089584,Daerah: Perak<br>No:746<br>Hex coord:(70;23),n/a,0,0,0,0,0,0,1,2022-04-23T04:10:36.8480130Z,0
5.57363,101.3225051,Daerah: Perak<br>No:747<br>Hex coord:(71;23),n/a,0,0,0,0,0,0,1,2022-04-23T04:10:37.6069945Z,0
5.58141,101.3360518,Daerah: Perak<br>No:748<br>Hex coord:(72;23),n/a,0,0,0,0,0,0,1,2022-04-23T04:10:38.3506238Z,0
5.57363,101.3495985,Daerah: Perak<br>No:749<br>Hex coord:(73;23),n/a,0,0,0,0,0,0,1,2022-04-23T04:10:39.1241751Z,0
5.58141,101.3631452,Daerah: Perak<br>No:750<br>Hex coord:(74;23),n/a,0,0,0,0,0,0,1,2022-04-23T04:10:39.9149906Z,0
5.57363,101.3766919,Daerah: Perak<br>No:751<br>Hex coord:(75;23),n/a,0,0,0,0,0,0,1,2022-04-23T04:10:40.6656115Z,0
5.58141,101.3902386,Daerah: Perak<br>No:752<br>Hex coord:(76;23),n/a,0,0,0,0,0,0,1,2022-04-23T04:10:41.5832055Z,0
5.57363,101.4037853,Daerah: Perak<br>No:753<br>Hex coord:(77;23),n/a,0,0,0,0,0,0,1,2022-04-23T04:10:42.3456452Z,0
5.58141,101.417332,Daerah: Perak<br>No:754<br>Hex coord:(78;23),n/a,0,0,0,0,0,0,1,2022-04-23T04:10:43.1164075Z,0
5.57363,101.4308787,Daerah: Perak<br>No:755<br>Hex coord:(79;23),n/a,0,0,0,0,0,0,1,2022-04-23T04:10:43.9124474Z,0
5.58141,101.4444254,Daerah: Perak<br>No:756<br>Hex coord:(80;23),n/a,0,0,0,0,0,0,1,2022-04-23T04:10:44.6705932Z,0
5.57363,101.4579721,Daerah: Perak<br>No:757<br>Hex coord:(81;23),n/a,0,0,0,0,0,0,1,2022-04-23T04:10:45.4328140Z,0
5.58141,101.4715188,Daerah: Perak<br>No:758<br>Hex coord:(82;23),n/a,0,0,0,0,0,0,1,2022-04-23T04:10:46.2073739Z,0
5.57363,101.4850655,Daerah: Perak<br>No:759<br>Hex coord:(83;23),n/a,0,0,0,0,0,0,1,2022-04-23T04:10:46.9725477Z,0
5.58141,101.4986123,Daerah: Perak<br>No:760<br>Hex coord:(84;23),n/a,0,0,0,0,0,0,1,2022-04-23T04:10:47.7602091Z,0
5.57363,101.512159,Daerah: Perak<br>No:761<br>Hex coord:(85;23),n/a,0,0,0,0,0,0,1,2022-04-23T04:10:48.5070084Z,0
5.58141,101.5257057,Daerah: Perak<br>No:762<br>Hex coord:(86;23),n/a,0,0,0,0,0,0,1,2022-04-23T04:10:49.2850703Z,0
5.57363,101.5392524,Daerah: Perak<br>No:763<br>Hex coord:(87;23),n/a,0,0,0,0,0,0,1,2022-04-23T04:10:50.0680046Z,0
5.58141,101.5527991,Daerah: Perak<br>No:764<br>Hex coord:(88;23),n/a,0,0,0,0,0,0,1,2022-04-23T04:10:50.8322674Z,0
5.57363,101.5663458,Daerah: Perak<br>No:765<br>Hex coord:(89;23),n/a,0,0,0,0,0,0,1,2022-04-23T04:10:51.6527930Z,0
5.58141,101.5798925,Daerah: Perak<br>No:766<br>Hex coord:(90;23),n/a,0,0,0,0,0,0,1,2022-04-23T04:10:52.4033998Z,0
5.57363,101.5934392,Daerah: Perak<br>No:767<br>Hex coord:(91;23),n/a,0,0,0,0,0,0,1,2022-04-23T04:10:53.1791052Z,0
5.58141,101.6069859,Daerah: Perak<br>No:768<br>Hex coord:(92;23),n/a,0,0,0,0,0,0,1,2022-04-23T04:10:53.9619518Z,0
5.57363,101.6205326,Daerah: Perak<br>No:769<br>Hex coord:(93;23),n/a,0,0,0,0,0,0,1,2022-04-23T04:10:54.7423903Z,0
5.58141,101.6340793,Daerah: Perak<br>No:770<br>Hex coord:(94;23),n/a,0,0,0,0,0,0,1,2022-04-23T04:10:55.5049570Z,0
5.57363,101.647626,Daerah: Perak<br>No:771<br>Hex coord:(95;23),n/a,0,0,0,0,0,0,1,2022-04-23T04:10:56.2805960Z,0
5.58141,101.6611727,Daerah: Perak<br>No:772<br>Hex coord:(96;23),n/a,0,0,0,0,0,0,1,2022-04-23T04:10:57.0610666Z,0
5.57363,101.6747194,Daerah: Perak<br>No:773<br>Hex coord:(97;23),n/a,0,0,0,0,0,0,1,2022-04-23T04:10:57.8310379Z,0
5.56585,100.956744,Daerah: Perak<br>No:774<br>Hex coord:(44;24),n/a,0,0,0,0,0,0,1,2022-04-23T04:10:58.6803120Z,0
5.55807,100.9702907,Daerah: Perak<br>No:775<br>Hex coord:(45;24),n/a,0,0,0,0,0,0,1,2022-04-23T04:10:59.4381218Z,0
5.56585,100.9838374,Daerah: Perak<br>No:776<br>Hex coord:(46;24),n/a,0,0,0,0,0,0,1,2022-04-23T04:11:00.2957541Z,0
5.55807,100.9973842,Daerah: Perak<br>No:777<br>Hex coord:(47;24),n/a,0,0,0,0,0,0,1,2022-04-23T04:11:01.1228910Z,0
5.56585,101.0109309,Daerah: Perak<br>No:778<br>Hex coord:(48;24),n/a,0,0,0,0,0,0,1,2022-04-23T04:11:01.9492193Z,0
5.55807,101.0244776,Daerah: Perak<br>No:779<br>Hex coord:(49;24),n/a,0,0,0,0,0,0,1,2022-04-23T04:11:02.7938395Z,0
5.56585,101.0380243,Daerah: Perak<br>No:780<br>Hex coord:(50;24),n/a,0,0,0,0,0,0,1,2022-04-23T04:11:03.6694027Z,0
5.55807,101.051571,Daerah: Perak<br>No:781<br>Hex coord:(51;24),n/a,0,0,0,0,0,0,1,2022-04-23T04:11:04.7022750Z,0
5.56585,101.0651177,Daerah: Perak<br>No:782<br>Hex coord:(52;24),n/a,1 ,0,0,0,0,0,1,2022-04-23T04:11:05.5377988Z,0
5.55807,101.0786644,Daerah: Perak<br>No:783<br>Hex coord:(53;24),n/a,0,0,0,0,0,0,1,2022-04-23T04:11:06.3989570Z,0
5.56585,101.0922111,Daerah: Perak<br>No:784<br>Hex coord:(54;24),n/a,0,0,0,0,0,0,1,2022-04-23T04:11:07.2799944Z,0
5.55807,101.1057578,Daerah: Perak<br>No:785<br>Hex coord:(55;24),n/a,0,0,0,0,0,0,1,2022-04-23T04:11:08.1124592Z,0
5.56585,101.1193045,Daerah: Perak<br>No:786<br>Hex coord:(56;24),n/a,0,0,0,0,0,0,1,2022-04-23T04:11:08.9666822Z,0
5.55807,101.1328512,Daerah: Perak<br>No:787<br>Hex coord:(57;24),n/a,0,0,0,0,0,0,1,2022-04-23T04:11:09.8730191Z,0
5.56585,101.1463979,Daerah: Perak<br>No:788<br>Hex coord:(58;24),n/a,0,0,0,0,0,0,1,2022-04-23T04:11:10.7233024Z,0
5.55807,101.1599446,Daerah: Perak<br>No:789<br>Hex coord:(59;24),n/a,0,0,0,0,0,0,1,2022-04-23T04:11:12.5426259Z,0
5.56585,101.1734913,Daerah: Perak<br>No:790<br>Hex coord:(60;24),n/a,0,0,0,0,0,0,1,2022-04-23T04:11:13.3884542Z,0
5.55807,101.187038,Daerah: Perak<br>No:791<br>Hex coord:(61;24),n/a,0,0,0,0,0,0,1,2022-04-23T04:11:14.1500531Z,0
5.56585,101.2005847,Daerah: Perak<br>No:792<br>Hex coord:(62;24),n/a,0,0,0,0,0,0,1,2022-04-23T04:11:14.9266760Z,0
5.55807,101.2141314,Daerah: Perak<br>No:793<br>Hex coord:(63;24),n/a,0,0,0,0,0,0,1,2022-04-23T04:11:15.6880449Z,0
5.56585,101.2276781,Daerah: Perak<br>No:794<br>Hex coord:(64;24),n/a,0,0,0,0,0,0,1,2022-04-23T04:11:16.4923469Z,0
5.55807,101.2412249,Daerah: Perak<br>No:795<br>Hex coord:(65;24),n/a,0,0,0,0,0,0,1,2022-04-23T04:11:17.2501243Z,0
5.56585,101.2547716,Daerah: Perak<br>No:796<br>Hex coord:(66;24),n/a,0,0,0,0,0,0,1,2022-04-23T04:11:18.0176838Z,0
5.55807,101.2683183,Daerah: Perak<br>No:797<br>Hex coord:(67;24),n/a,0,0,0,0,0,0,1,2022-04-23T04:11:18.8206440Z,0
5.56585,101.281865,Daerah: Perak<br>No:798<br>Hex coord:(68;24),n/a,0,0,0,0,0,0,1,2022-04-23T04:11:19.5954918Z,0
5.55807,101.2954117,Daerah: Perak<br>No:799<br>Hex coord:(69;24),n/a,0,0,0,0,0,0,1,2022-04-23T04:11:20.3838350Z,0
5.56585,101.3089584,Daerah: Perak<br>No:800<br>Hex coord:(70;24),n/a,0,0,0,0,0,0,1,2022-04-23T04:11:21.1737708Z,0
5.55807,101.3225051,Daerah: Perak<br>No:801<br>Hex coord:(71;24),n/a,0,0,0,0,0,0,1,2022-04-23T04:11:21.9638896Z,0
5.56585,101.3360518,Daerah: Perak<br>No:802<br>Hex coord:(72;24),n/a,0,0,0,0,0,0,1,2022-04-23T04:11:22.7323137Z,0
5.55807,101.3495985,Daerah: Perak<br>No:803<br>Hex coord:(73;24),n/a,0,0,0,0,0,0,1,2022-04-23T04:11:23.5806777Z,0
5.56585,101.3631452,Daerah: Perak<br>No:804<br>Hex coord:(74;24),n/a,0,0,0,0,0,0,1,2022-04-23T04:11:24.3360663Z,0
5.55807,101.3766919,Daerah: Perak<br>No:805<br>Hex coord:(75;24),n/a,0,0,0,0,0,0,1,2022-04-23T04:11:25.1057581Z,0
5.56585,101.3902386,Daerah: Perak<br>No:806<br>Hex coord:(76;24),n/a,0,0,0,0,0,0,1,2022-04-23T04:11:25.9088567Z,0
5.55807,101.4037853,Daerah: Perak<br>No:807<br>Hex coord:(77;24),n/a,0,0,0,0,0,0,1,2022-04-23T04:11:26.7082950Z,0
5.56585,101.417332,Daerah: Perak<br>No:808<br>Hex coord:(78;24),n/a,0,0,0,0,0,0,1,2022-04-23T04:11:27.4696881Z,0
5.55807,101.4308787,Daerah: Perak<br>No:809<br>Hex coord:(79;24),n/a,0,0,0,0,0,0,1,2022-04-23T04:11:29.2904993Z,0
5.56585,101.4444254,Daerah: Perak<br>No:810<br>Hex coord:(80;24),n/a,0,0,0,0,0,0,1,2022-04-23T04:11:30.0528276Z,0
5.55807,101.4579721,Daerah: Perak<br>No:811<br>Hex coord:(81;24),n/a,0,0,0,0,0,0,1,2022-04-23T04:11:30.8142489Z,0
5.56585,101.4715188,Daerah: Perak<br>No:812<br>Hex coord:(82;24),n/a,0,0,0,0,0,0,1,2022-04-23T04:11:31.5810143Z,0
5.55807,101.4850655,Daerah: Perak<br>No:813<br>Hex coord:(83;24),n/a,0,0,0,0,0,0,1,2022-04-23T04:11:32.3510631Z,0
5.56585,101.4986123,Daerah: Perak<br>No:814<br>Hex coord:(84;24),n/a,0,0,0,0,0,0,1,2022-04-23T04:11:33.1236904Z,0
5.55807,101.512159,Daerah: Perak<br>No:815<br>Hex coord:(85;24),n/a,0,0,0,0,0,0,1,2022-04-23T04:11:33.8836410Z,0
5.56585,101.5257057,Daerah: Perak<br>No:816<br>Hex coord:(86;24),n/a,0,0,0,0,0,0,1,2022-04-23T04:11:34.6426080Z,0
5.55807,101.5392524,Daerah: Perak<br>No:817<br>Hex coord:(87;24),n/a,0,0,0,0,0,0,1,2022-04-23T04:11:35.4123455Z,0
5.56585,101.5527991,Daerah: Perak<br>No:818<br>Hex coord:(88;24),n/a,0,0,0,0,0,0,1,2022-04-23T04:11:36.1750626Z,0
5.55807,101.5663458,Daerah: Perak<br>No:819<br>Hex coord:(89;24),n/a,0,0,0,0,0,0,1,2022-04-23T04:11:37.0232605Z,0
5.56585,101.5798925,Daerah: Perak<br>No:820<br>Hex coord:(90;24),n/a,0,0,0,0,0,0,1,2022-04-23T04:11:37.8024971Z,0
5.55807,101.5934392,Daerah: Perak<br>No:821<br>Hex coord:(91;24),n/a,0,0,0,0,0,0,1,2022-04-23T04:11:38.5961074Z,0
5.56585,101.6069859,Daerah: Perak<br>No:822<br>Hex coord:(92;24),n/a,0,0,0,0,0,0,1,2022-04-23T04:11:39.4086428Z,0
5.55807,101.6205326,Daerah: Perak<br>No:823<br>Hex coord:(93;24),n/a,0,0,0,0,0,0,1,2022-04-23T04:11:40.2297332Z,0
5.56585,101.6340793,Daerah: Perak<br>No:824<br>Hex coord:(94;24),n/a,0,0,0,0,0,0,1,2022-04-23T04:11:41.0184545Z,0
5.55807,101.647626,Daerah: Perak<br>No:825<br>Hex coord:(95;24),n/a,0,0,0,0,0,0,1,2022-04-23T04:11:42.8717565Z,0
5.56585,101.6611727,Daerah: Perak<br>No:826<br>Hex coord:(96;24),n/a,0,0,0,0,0,0,1,2022-04-23T04:11:43.7410962Z,0
5.54251,100.9431973,Daerah: Perak<br>No:827<br>Hex coord:(43;25),n/a,0,0,0,0,0,0,1,2022-04-23T04:11:44.5096514Z,0
5.55029,100.956744,Daerah: Perak<br>No:828<br>Hex coord:(44;25),n/a,0,0,0,0,0,0,1,2022-04-23T04:11:46.2718889Z,0
5.54251,100.9702907,Daerah: Perak<br>No:829<br>Hex coord:(45;25),n/a,0,0,0,0,0,0,1,2022-04-23T04:11:47.0153192Z,0
5.55029,100.9838374,Daerah: Perak<br>No:830<br>Hex coord:(46;25),n/a,0,0,0,0,0,0,1,2022-04-23T04:11:47.8218995Z,0
5.54251,100.9973842,Daerah: Perak<br>No:831<br>Hex coord:(47;25),n/a,0,0,0,0,0,0,1,2022-04-23T04:11:48.6273700Z,0
5.55029,101.0109309,Daerah: Perak<br>No:832<br>Hex coord:(48;25),n/a,0,0,0,0,0,0,1,2022-04-23T04:11:49.4422845Z,0
5.54251,101.0244776,Daerah: Perak<br>No:833<br>Hex coord:(49;25),n/a,0,0,0,0,0,0,1,2022-04-23T04:11:50.2012445Z,0
5.55029,101.0380243,Daerah: Perak<br>No:834<br>Hex coord:(50;25),n/a,0,0,0,0,0,0,1,2022-04-23T04:11:51.9765165Z,0
5.54251,101.051571,Daerah: Perak<br>No:835<br>Hex coord:(51;25),n/a,0,0,0,0,0,0,1,2022-04-23T04:11:52.7735931Z,0
5.55029,101.0651177,Daerah: Perak<br>No:836<br>Hex coord:(52;25),n/a,0,0,0,0,0,0,1,2022-04-23T04:11:53.5211898Z,0
5.54251,101.0786644,Daerah: Perak<br>No:837<br>Hex coord:(53;25),n/a,0,0,0,0,0,0,1,2022-04-23T04:11:54.2705096Z,0
5.55029,101.0922111,Daerah: Perak<br>No:838<br>Hex coord:(54;25),n/a,0,0,0,0,0,0,1,2022-04-23T04:11:55.2070927Z,0
5.54251,101.1057578,Daerah: Perak<br>No:839<br>Hex coord:(55;25),n/a,0,0,0,0,0,0,1,2022-04-23T04:11:55.9827448Z,0
5.55029,101.1193045,Daerah: Perak<br>No:840<br>Hex coord:(56;25),n/a,0,0,0,0,0,0,1,2022-04-23T04:11:56.7351085Z,0
5.54251,101.1328512,Daerah: Perak<br>No:841<br>Hex coord:(57;25),n/a,0,0,0,0,0,0,1,2022-04-23T04:11:57.5372494Z,0
5.55029,101.1463979,Daerah: Perak<br>No:842<br>Hex coord:(58;25),n/a,0,0,0,0,0,0,1,2022-04-23T04:11:58.2871436Z,0
5.54251,101.1599446,Daerah: Perak<br>No:843<br>Hex coord:(59;25),n/a,0,0,0,0,0,0,1,2022-04-23T04:11:59.0581105Z,0
5.55029,101.1734913,Daerah: Perak<br>No:844<br>Hex coord:(60;25),n/a,0,0,0,0,0,0,1,2022-04-23T04:11:59.8421351Z,0
5.54251,101.187038,Daerah: Perak<br>No:845<br>Hex coord:(61;25),n/a,0,0,0,0,0,0,1,2022-04-23T04:12:00.6608270Z,0
5.55029,101.2005847,Daerah: Perak<br>No:846<br>Hex coord:(62;25),n/a,0,0,0,0,0,0,1,2022-04-23T04:12:01.4363184Z,0
5.54251,101.2141314,Daerah: Perak<br>No:847<br>Hex coord:(63;25),n/a,0,0,0,0,0,0,1,2022-04-23T04:12:02.2609602Z,0
5.55029,101.2276781,Daerah: Perak<br>No:848<br>Hex coord:(64;25),n/a,0,0,0,0,0,0,1,2022-04-23T04:12:03.1688976Z,0
5.54251,101.2412249,Daerah: Perak<br>No:849<br>Hex coord:(65;25),n/a,0,0,0,0,0,0,1,2022-04-23T04:12:04.3023230Z,0
5.55029,101.2547716,Daerah: Perak<br>No:850<br>Hex coord:(66;25),n/a,0,0,0,0,0,0,1,2022-04-23T04:12:05.0554331Z,0
5.54251,101.2683183,Daerah: Perak<br>No:851<br>Hex coord:(67;25),n/a,0,0,0,0,0,0,1,2022-04-23T04:12:05.8334953Z,0
5.55029,101.281865,Daerah: Perak<br>No:852<br>Hex coord:(68;25),n/a,0,0,0,0,0,0,1,2022-04-23T04:12:06.6016724Z,0
5.54251,101.2954117,Daerah: Perak<br>No:853<br>Hex coord:(69;25),n/a,0,0,0,0,0,0,1,2022-04-23T04:12:08.3678394Z,0
5.55029,101.3089584,Daerah: Perak<br>No:854<br>Hex coord:(70;25),n/a,0,0,0,0,0,0,1,2022-04-23T04:12:09.3124076Z,0
5.54251,101.3225051,Daerah: Perak<br>No:855<br>Hex coord:(71;25),n/a,0,0,0,0,0,0,1,2022-04-23T04:12:10.0772390Z,0
5.55029,101.3360518,Daerah: Perak<br>No:856<br>Hex coord:(72;25),n/a,0,0,0,0,0,0,1,2022-04-23T04:12:10.8860249Z,0
5.54251,101.3495985,Daerah: Perak<br>No:857<br>Hex coord:(73;25),n/a,0,0,0,0,0,0,1,2022-04-23T04:12:11.6560080Z,0
5.55029,101.3631452,Daerah: Perak<br>No:858<br>Hex coord:(74;25),n/a,0,0,0,0,0,0,1,2022-04-23T04:12:12.4101149Z,0
5.54251,101.3766919,Daerah: Perak<br>No:859<br>Hex coord:(75;25),n/a,0,0,0,0,0,0,1,2022-04-23T04:12:13.2108645Z,0
5.55029,101.3902386,Daerah: Perak<br>No:860<br>Hex coord:(76;25),n/a,0,0,0,0,0,0,1,2022-04-23T04:12:14.0063237Z,0
5.54251,101.4037853,Daerah: Perak<br>No:861<br>Hex coord:(77;25),n/a,0,0,0,0,0,0,1,2022-04-23T04:12:14.7409344Z,0
5.55029,101.417332,Daerah: Perak<br>No:862<br>Hex coord:(78;25),n/a,0,0,0,0,0,0,1,2022-04-23T04:12:15.4820482Z,0
5.54251,101.4308787,Daerah: Perak<br>No:863<br>Hex coord:(79;25),n/a,0,0,0,0,0,0,1,2022-04-23T04:12:16.5010817Z,0
5.55029,101.4444254,Daerah: Perak<br>No:864<br>Hex coord:(80;25),n/a,0,0,0,0,0,0,1,2022-04-23T04:12:17.3920186Z,0
5.54251,101.4579721,Daerah: Perak<br>No:865<br>Hex coord:(81;25),n/a,0,0,0,0,0,0,1,2022-04-23T04:12:18.1688725Z,0
5.55029,101.4715188,Daerah: Perak<br>No:866<br>Hex coord:(82;25),n/a,0,0,0,0,0,0,1,2022-04-23T04:12:18.9874515Z,0
5.54251,101.4850655,Daerah: Perak<br>No:867<br>Hex coord:(83;25),n/a,0,0,0,0,0,0,1,2022-04-23T04:12:19.7682159Z,0
5.55029,101.4986123,Daerah: Perak<br>No:868<br>Hex coord:(84;25),n/a,0,0,0,0,0,0,1,2022-04-23T04:12:20.5174586Z,0
5.54251,101.512159,Daerah: Perak<br>No:869<br>Hex coord:(85;25),n/a,0,0,0,0,0,0,1,2022-04-23T04:12:21.2739806Z,0
5.55029,101.5257057,Daerah: Perak<br>No:870<br>Hex coord:(86;25),n/a,0,0,0,0,0,0,1,2022-04-23T04:12:22.0270767Z,0
5.54251,101.5392524,Daerah: Perak<br>No:871<br>Hex coord:(87;25),n/a,0,0,0,0,0,0,1,2022-04-23T04:12:22.7921240Z,0
5.55029,101.5527991,Daerah: Perak<br>No:872<br>Hex coord:(88;25),n/a,0,0,0,0,0,0,1,2022-04-23T04:12:23.5572291Z,0
5.54251,101.5663458,Daerah: Perak<br>No:873<br>Hex coord:(89;25),n/a,0,0,0,0,0,0,1,2022-04-23T04:12:24.3159267Z,0
5.55029,101.5798925,Daerah: Perak<br>No:874<br>Hex coord:(90;25),n/a,0,0,0,0,0,0,1,2022-04-23T04:12:25.0736688Z,0
5.54251,101.5934392,Daerah: Perak<br>No:875<br>Hex coord:(91;25),n/a,0,0,0,0,0,0,1,2022-04-23T04:12:25.8293520Z,0
5.55029,101.6069859,Daerah: Perak<br>No:876<br>Hex coord:(92;25),n/a,0,0,0,0,0,0,1,2022-04-23T04:12:26.5833403Z,0
5.54251,101.6205326,Daerah: Perak<br>No:877<br>Hex coord:(93;25),n/a,0,0,0,0,0,0,1,2022-04-23T04:12:27.3601891Z,0
5.55029,101.6340793,Daerah: Perak<br>No:878<br>Hex coord:(94;25),n/a,0,0,0,0,0,0,1,2022-04-23T04:12:28.1221915Z,0
5.54251,101.647626,Daerah: Perak<br>No:879<br>Hex coord:(95;25),n/a,0,0,0,0,0,0,1,2022-04-23T04:12:28.8617083Z,0
5.55029,101.6611727,Daerah: Perak<br>No:880<br>Hex coord:(96;25),n/a,0,0,0,0,0,0,1,2022-04-23T04:12:29.6598173Z,0
5.52695,100.9431973,Daerah: Perak<br>No:881<br>Hex coord:(43;26),n/a,0,0,0,0,0,0,1,2022-04-23T04:12:30.4392726Z,0
5.53473,100.956744,Daerah: Perak<br>No:882<br>Hex coord:(44;26),n/a,0,0,0,0,0,0,1,2022-04-23T04:12:31.2174574Z,0
5.52695,100.9702907,Daerah: Perak<br>No:883<br>Hex coord:(45;26),n/a,0,0,0,0,0,0,1,2022-04-23T04:12:31.9784872Z,0
5.53473,100.9838374,Daerah: Perak<br>No:884<br>Hex coord:(46;26),n/a,0,0,0,0,0,0,1,2022-04-23T04:12:32.7577387Z,0
5.52695,100.9973842,Daerah: Perak<br>No:885<br>Hex coord:(47;26),n/a,0,0,0,0,0,0,1,2022-04-23T04:12:33.5715857Z,0
5.53473,101.0109309,Daerah: Perak<br>No:886<br>Hex coord:(48;26),n/a,0,0,0,0,0,0,1,2022-04-23T04:12:34.3339934Z,0
5.52695,101.0244776,Daerah: Perak<br>No:887<br>Hex coord:(49;26),n/a,0,0,0,0,0,0,1,2022-04-23T04:12:35.0994246Z,0
5.53473,101.0380243,Daerah: Perak<br>No:888<br>Hex coord:(50;26),n/a,0,0,0,0,0,0,1,2022-04-23T04:12:35.8973302Z,0
5.52695,101.051571,Daerah: Perak<br>No:889<br>Hex coord:(51;26),n/a,0,0,0,0,0,0,1,2022-04-23T04:12:36.6466736Z,0
5.53473,101.0651177,Daerah: Perak<br>No:890<br>Hex coord:(52;26),n/a,0,0,0,0,0,0,1,2022-04-23T04:12:37.3866788Z,0
5.52695,101.0786644,Daerah: Perak<br>No:891<br>Hex coord:(53;26),n/a,0,0,0,0,0,0,1,2022-04-23T04:12:38.1611759Z,0
5.53473,101.0922111,Daerah: Perak<br>No:892<br>Hex coord:(54;26),n/a,0,0,0,0,0,0,1,2022-04-23T04:12:38.9208363Z,0
5.52695,101.1057578,Daerah: Perak<br>No:893<br>Hex coord:(55;26),n/a,0,0,0,0,0,0,1,2022-04-23T04:12:39.7091749Z,0
5.53473,101.1193045,Daerah: Perak<br>No:894<br>Hex coord:(56;26),n/a,0,0,0,0,0,0,1,2022-04-23T04:12:40.4916870Z,0
5.52695,101.1328512,Daerah: Perak<br>No:895<br>Hex coord:(57;26),n/a,0,0,0,0,0,0,1,2022-04-23T04:12:41.2554723Z,0
5.53473,101.1463979,Daerah: Perak<br>No:896<br>Hex coord:(58;26),n/a,0,0,0,0,0,0,1,2022-04-23T04:12:42.0288212Z,0
5.52695,101.1599446,Daerah: Perak<br>No:897<br>Hex coord:(59;26),n/a,0,0,0,0,0,0,1,2022-04-23T04:12:42.8843172Z,0
5.53473,101.1734913,Daerah: Perak<br>No:898<br>Hex coord:(60;26),n/a,0,0,0,0,0,0,1,2022-04-23T04:12:43.6588885Z,0
5.52695,101.187038,Daerah: Perak<br>No:899<br>Hex coord:(61;26),n/a,0,0,0,0,0,0,1,2022-04-23T04:12:44.4406537Z,0
5.53473,101.2005847,Daerah: Perak<br>No:900<br>Hex coord:(62;26),n/a,0,0,0,0,0,0,1,2022-04-23T04:12:45.1947478Z,0
5.52695,101.2141314,Daerah: Perak<br>No:901<br>Hex coord:(63;26),n/a,0,0,0,0,0,0,1,2022-04-23T04:12:45.9486145Z,0
5.53473,101.2276781,Daerah: Perak<br>No:902<br>Hex coord:(64;26),n/a,0,0,0,0,0,0,1,2022-04-23T04:12:46.7383840Z,0
5.52695,101.2412249,Daerah: Perak<br>No:903<br>Hex coord:(65;26),n/a,0,0,0,0,0,0,1,2022-04-23T04:12:47.5482963Z,0
5.53473,101.2547716,Daerah: Perak<br>No:904<br>Hex coord:(66;26),n/a,0,0,0,0,0,0,1,2022-04-23T04:12:48.4227003Z,0
5.52695,101.2683183,Daerah: Perak<br>No:905<br>Hex coord:(67;26),n/a,0,0,0,0,0,0,1,2022-04-23T04:12:49.1637046Z,0
5.53473,101.281865,Daerah: Perak<br>No:906<br>Hex coord:(68;26),n/a,0,0,0,0,0,0,1,2022-04-23T04:12:49.9274473Z,0
5.52695,101.2954117,Daerah: Perak<br>No:907<br>Hex coord:(69;26),n/a,0,0,0,0,0,0,1,2022-04-23T04:12:50.6855302Z,0
5.53473,101.3089584,Daerah: Perak<br>No:908<br>Hex coord:(70;26),n/a,0,0,0,0,0,0,1,2022-04-23T04:12:51.4240021Z,0
5.52695,101.3225051,Daerah: Perak<br>No:909<br>Hex coord:(71;26),n/a,0,0,0,0,0,0,1,2022-04-23T04:12:52.2056458Z,0
5.53473,101.3360518,Daerah: Perak<br>No:910<br>Hex coord:(72;26),n/a,0,0,0,0,0,0,1,2022-04-23T04:12:52.9469282Z,0
5.52695,101.3495985,Daerah: Perak<br>No:911<br>Hex coord:(73;26),n/a,0,0,0,0,0,0,1,2022-04-23T04:12:53.7702289Z,0
5.53473,101.3631452,Daerah: Perak<br>No:912<br>Hex coord:(74;26),n/a,0,0,0,0,0,0,1,2022-04-23T04:12:54.6043383Z,0
5.52695,101.3766919,Daerah: Perak<br>No:913<br>Hex coord:(75;26),n/a,0,0,0,0,0,0,1,2022-04-23T04:12:56.3858609Z,0
5.53473,101.3902386,Daerah: Perak<br>No:914<br>Hex coord:(76;26),n/a,0,0,0,0,0,0,1,2022-04-23T04:12:57.1529971Z,0
5.52695,101.4037853,Daerah: Perak<br>No:915<br>Hex coord:(77;26),n/a,0,0,0,0,0,0,1,2022-04-23T04:12:57.9190380Z,0
5.53473,101.417332,Daerah: Perak<br>No:916<br>Hex coord:(78;26),n/a,0,0,0,0,0,0,1,2022-04-23T04:12:58.6626337Z,0
5.52695,101.4308787,Daerah: Perak<br>No:917<br>Hex coord:(79;26),n/a,0,0,0,0,0,0,1,2022-04-23T04:12:59.4001845Z,0
5.53473,101.4444254,Daerah: Perak<br>No:918<br>Hex coord:(80;26),n/a,0,0,0,0,0,0,1,2022-04-23T04:13:00.2627046Z,0
5.52695,101.4579721,Daerah: Perak<br>No:919<br>Hex coord:(81;26),n/a,0,0,0,0,0,0,1,2022-04-23T04:13:01.0765778Z,0
5.53473,101.4715188,Daerah: Perak<br>No:920<br>Hex coord:(82;26),n/a,0,0,0,0,0,0,1,2022-04-23T04:13:01.9522734Z,0
5.52695,101.4850655,Daerah: Perak<br>No:921<br>Hex coord:(83;26),n/a,0,0,0,0,0,0,1,2022-04-23T04:13:02.7184407Z,0
5.53473,101.4986123,Daerah: Perak<br>No:922<br>Hex coord:(84;26),n/a,0,0,0,0,0,0,1,2022-04-23T04:13:03.4786673Z,0
5.52695,101.512159,Daerah: Perak<br>No:923<br>Hex coord:(85;26),n/a,0,0,0,0,0,0,1,2022-04-23T04:13:04.3937070Z,0
5.53473,101.5257057,Daerah: Perak<br>No:924<br>Hex coord:(86;26),n/a,0,0,0,0,0,0,1,2022-04-23T04:13:05.1753697Z,0
5.52695,101.5392524,Daerah: Perak<br>No:925<br>Hex coord:(87;26),n/a,0,0,0,0,0,0,1,2022-04-23T04:13:05.9250874Z,0
5.53473,101.5527991,Daerah: Perak<br>No:926<br>Hex coord:(88;26),n/a,0,0,0,0,0,0,1,2022-04-23T04:13:06.6994737Z,0
5.52695,101.5663458,Daerah: Perak<br>No:927<br>Hex coord:(89;26),n/a,0,0,0,0,0,0,1,2022-04-23T04:13:07.4571300Z,0
5.53473,101.5798925,Daerah: Perak<br>No:928<br>Hex coord:(90;26),n/a,0,0,0,0,0,0,1,2022-04-23T04:13:08.2280571Z,0
5.52695,101.5934392,Daerah: Perak<br>No:929<br>Hex coord:(91;26),n/a,0,0,0,0,0,0,1,2022-04-23T04:13:08.9786640Z,0
5.53473,101.6069859,Daerah: Perak<br>No:930<br>Hex coord:(92;26),n/a,0,0,0,0,0,0,1,2022-04-23T04:13:09.7418223Z,0
5.52695,101.6205326,Daerah: Perak<br>No:931<br>Hex coord:(93;26),n/a,0,0,0,0,0,0,1,2022-04-23T04:13:10.4978913Z,0
5.53473,101.6340793,Daerah: Perak<br>No:932<br>Hex coord:(94;26),n/a,0,0,0,0,0,0,1,2022-04-23T04:13:11.3207330Z,0
5.52695,101.647626,Daerah: Perak<br>No:933<br>Hex coord:(95;26),n/a,0,0,0,0,0,0,1,2022-04-23T04:13:12.0891294Z,0
5.53473,101.6611727,Daerah: Perak<br>No:934<br>Hex coord:(96;26),n/a,0,0,0,0,0,0,1,2022-04-23T04:13:12.8473260Z,0
5.51139,100.9431973,Daerah: Perak<br>No:935<br>Hex coord:(43;27),n/a,0,0,0,0,0,0,1,2022-04-23T04:13:13.6542220Z,0
5.51917,100.956744,Daerah: Perak<br>No:936<br>Hex coord:(44;27),n/a,0,0,0,0,0,0,1,2022-04-23T04:13:14.4105642Z,0
5.51139,100.9702907,Daerah: Perak<br>No:937<br>Hex coord:(45;27),n/a,0,0,0,0,0,0,1,2022-04-23T04:13:15.1746083Z,0
5.51917,100.9838374,Daerah: Perak<br>No:938<br>Hex coord:(46;27),n/a,0,0,0,0,0,0,1,2022-04-23T04:13:15.9431197Z,0
5.51139,100.9973842,Daerah: Perak<br>No:939<br>Hex coord:(47;27),n/a,0,0,0,0,0,0,1,2022-04-23T04:13:16.7414191Z,0
5.51917,101.0109309,Daerah: Perak<br>No:940<br>Hex coord:(48;27),n/a,0,0,0,0,0,0,1,2022-04-23T04:13:17.4646765Z,0
5.51139,101.0244776,Daerah: Perak<br>No:941<br>Hex coord:(49;27),n/a,0,0,0,0,0,0,1,2022-04-23T04:13:18.2089576Z,0
5.51917,101.0380243,Daerah: Perak<br>No:942<br>Hex coord:(50;27),n/a,0,0,0,0,0,0,1,2022-04-23T04:13:21.3899389Z,0
5.51139,101.051571,Daerah: Perak<br>No:943<br>Hex coord:(51;27),n/a,0,0,0,0,0,0,1,2022-04-23T04:13:22.1545348Z,0
5.51917,101.0651177,Daerah: Perak<br>No:944<br>Hex coord:(52;27),n/a,0,0,0,0,0,0,1,2022-04-23T04:13:22.9051745Z,0
5.51139,101.0786644,Daerah: Perak<br>No:945<br>Hex coord:(53;27),n/a,0,0,0,0,0,0,1,2022-04-23T04:13:23.6652074Z,0
5.51917,101.0922111,Daerah: Perak<br>No:946<br>Hex coord:(54;27),n/a,0,0,0,0,0,0,1,2022-04-23T04:13:24.6209744Z,0
5.51139,101.1057578,Daerah: Perak<br>No:947<br>Hex coord:(55;27),n/a,0,0,0,0,0,0,1,2022-04-23T04:13:25.6265713Z,0
5.51917,101.1193045,Daerah: Perak<br>No:948<br>Hex coord:(56;27),n/a,1 ,0,0,0,0,0,1,2022-04-23T04:13:26.5809219Z,0
5.51139,101.1328512,Daerah: Perak<br>No:949<br>Hex coord:(57;27),n/a,0,0,0,0,0,0,1,2022-04-23T04:13:28.3421417Z,0
5.51917,101.1463979,Daerah: Perak<br>No:950<br>Hex coord:(58;27),n/a,0,0,0,0,0,0,1,2022-04-23T04:13:29.0855210Z,0
5.51139,101.1599446,Daerah: Perak<br>No:951<br>Hex coord:(59;27),n/a,0,0,0,0,0,0,1,2022-04-23T04:13:29.8898071Z,0
5.51917,101.1734913,Daerah: Perak<br>No:952<br>Hex coord:(60;27),n/a,0,0,0,0,0,0,1,2022-04-23T04:13:30.6570965Z,0
5.51139,101.187038,Daerah: Perak<br>No:953<br>Hex coord:(61;27),n/a,0,0,0,0,0,0,1,2022-04-23T04:13:31.4125051Z,0
5.51917,101.2005847,Daerah: Perak<br>No:954<br>Hex coord:(62;27),n/a,0,0,0,0,0,0,1,2022-04-23T04:13:32.1655418Z,0
5.51139,101.2141314,Daerah: Perak<br>No:955<br>Hex coord:(63;27),n/a,0,0,0,0,0,0,1,2022-04-23T04:13:32.9245632Z,0
5.51917,101.2276781,Daerah: Perak<br>No:956<br>Hex coord:(64;27),n/a,0,0,0,0,0,0,1,2022-04-23T04:13:33.6861561Z,0
5.51139,101.2412249,Daerah: Perak<br>No:957<br>Hex coord:(65;27),n/a,0,0,0,0,0,0,1,2022-04-23T04:13:34.4437336Z,0
5.51917,101.2547716,Daerah: Perak<br>No:958<br>Hex coord:(66;27),n/a,0,0,0,0,0,0,1,2022-04-23T04:13:36.2095855Z,0
5.51139,101.2683183,Daerah: Perak<br>No:959<br>Hex coord:(67;27),n/a,0,0,0,0,0,0,1,2022-04-23T04:13:36.9697640Z,0
5.51917,101.281865,Daerah: Perak<br>No:960<br>Hex coord:(68;27),n/a,0,0,0,0,0,0,1,2022-04-23T04:13:37.7335937Z,0
5.51139,101.2954117,Daerah: Perak<br>No:961<br>Hex coord:(69;27),n/a,0,0,0,0,0,0,1,2022-04-23T04:13:38.4950413Z,0
5.51917,101.3089584,Daerah: Perak<br>No:962<br>Hex coord:(70;27),n/a,0,0,0,0,0,0,1,2022-04-23T04:13:39.2503166Z,0
5.51139,101.3225051,Daerah: Perak<br>No:963<br>Hex coord:(71;27),n/a,0,0,0,0,0,0,1,2022-04-23T04:13:39.9998490Z,0
5.51917,101.3360518,Daerah: Perak<br>No:964<br>Hex coord:(72;27),n/a,0,0,0,0,0,0,1,2022-04-23T04:13:40.7528328Z,0
5.51139,101.3495985,Daerah: Perak<br>No:965<br>Hex coord:(73;27),n/a,0,0,0,0,0,0,1,2022-04-23T04:13:41.5593928Z,0
5.51917,101.3631452,Daerah: Perak<br>No:966<br>Hex coord:(74;27),n/a,0,0,0,0,0,0,1,2022-04-23T04:13:42.3887085Z,0
5.51139,101.3766919,Daerah: Perak<br>No:967<br>Hex coord:(75;27),n/a,0,0,0,0,0,0,1,2022-04-23T04:13:43.1298412Z,0
5.51917,101.3902386,Daerah: Perak<br>No:968<br>Hex coord:(76;27),n/a,0,0,0,0,0,0,1,2022-04-23T04:13:43.9138600Z,0
5.51139,101.4037853,Daerah: Perak<br>No:969<br>Hex coord:(77;27),n/a,0,0,0,0,0,0,1,2022-04-23T04:13:44.6847481Z,0
5.51917,101.417332,Daerah: Perak<br>No:970<br>Hex coord:(78;27),n/a,0,0,0,0,0,0,1,2022-04-23T04:13:45.4403214Z,0
5.51139,101.4308787,Daerah: Perak<br>No:971<br>Hex coord:(79;27),n/a,0,0,0,0,0,0,1,2022-04-23T04:13:46.2052692Z,0
5.51917,101.4444254,Daerah: Perak<br>No:972<br>Hex coord:(80;27),n/a,0,0,0,0,0,0,1,2022-04-23T04:13:46.9964008Z,0
5.51139,101.4579721,Daerah: Perak<br>No:973<br>Hex coord:(81;27),n/a,0,0,0,0,0,0,1,2022-04-23T04:13:47.8991713Z,0
5.51917,101.4715188,Daerah: Perak<br>No:974<br>Hex coord:(82;27),n/a,0,0,0,0,0,0,1,2022-04-23T04:13:48.6637086Z,0
5.51139,101.4850655,Daerah: Perak<br>No:975<br>Hex coord:(83;27),n/a,0,0,0,0,0,0,1,2022-04-23T04:13:49.4176416Z,0
5.51917,101.4986123,Daerah: Perak<br>No:976<br>Hex coord:(84;27),n/a,0,0,0,0,0,0,1,2022-04-23T04:13:50.1920920Z,0
5.51139,101.512159,Daerah: Perak<br>No:977<br>Hex coord:(85;27),n/a,0,0,0,0,0,0,1,2022-04-23T04:13:50.9475366Z,0
5.51917,101.5257057,Daerah: Perak<br>No:978<br>Hex coord:(86;27),n/a,0,0,0,0,0,0,1,2022-04-23T04:13:51.6755437Z,0
5.51139,101.5392524,Daerah: Perak<br>No:979<br>Hex coord:(87;27),n/a,0,0,0,0,0,0,1,2022-04-23T04:13:52.4693212Z,0
5.51917,101.5527991,Daerah: Perak<br>No:980<br>Hex coord:(88;27),n/a,0,0,0,0,0,0,1,2022-04-23T04:13:53.2233721Z,0
5.51139,101.5663458,Daerah: Perak<br>No:981<br>Hex coord:(89;27),n/a,0,0,0,0,0,0,1,2022-04-23T04:13:53.9847228Z,0
5.51917,101.5798925,Daerah: Perak<br>No:982<br>Hex coord:(90;27),n/a,0,0,0,0,0,0,1,2022-04-23T04:13:54.7627553Z,0
5.51139,101.5934392,Daerah: Perak<br>No:983<br>Hex coord:(91;27),n/a,0,0,0,0,0,0,1,2022-04-23T04:13:55.5443630Z,0
5.51917,101.6069859,Daerah: Perak<br>No:984<br>Hex coord:(92;27),n/a,0,0,0,0,0,0,1,2022-04-23T04:13:56.3058069Z,0
5.51139,101.6205326,Daerah: Perak<br>No:985<br>Hex coord:(93;27),n/a,0,0,0,0,0,0,1,2022-04-23T04:13:57.0827555Z,0
5.51917,101.6340793,Daerah: Perak<br>No:986<br>Hex coord:(94;27),n/a,0,0,0,0,0,0,1,2022-04-23T04:13:57.9000360Z,0
5.51139,101.647626,Daerah: Perak<br>No:987<br>Hex coord:(95;27),n/a,0,0,0,0,0,0,1,2022-04-23T04:13:58.7257522Z,0
5.51139,101.6747194,Daerah: Perak<br>No:988<br>Hex coord:(97;27),n/a,0,0,0,0,0,0,1,2022-04-23T04:13:59.5404657Z,0
5.49583,100.9161039,Daerah: Perak<br>No:989<br>Hex coord:(41;28),n/a,0,0,0,0,0,0,1,2022-04-23T04:14:00.4036093Z,0
5.50361,100.9296506,Daerah: Perak<br>No:990<br>Hex coord:(42;28),n/a,0,0,0,0,0,0,1,2022-04-23T04:14:01.1535762Z,0
5.49583,100.9431973,Daerah: Perak<br>No:991<br>Hex coord:(43;28),n/a,0,0,0,0,0,0,1,2022-04-23T04:14:01.9672392Z,0
5.50361,100.956744,Daerah: Perak<br>No:992<br>Hex coord:(44;28),n/a,0,0,0,0,0,0,1,2022-04-23T04:14:02.7980087Z,0
5.49583,100.9702907,Daerah: Perak<br>No:993<br>Hex coord:(45;28),n/a,0,0,0,0,0,0,1,2022-04-23T04:14:03.7027367Z,0
5.50361,100.9838374,Daerah: Perak<br>No:994<br>Hex coord:(46;28),n/a,0,0,0,0,0,0,1,2022-04-23T04:14:04.4644328Z,0
5.49583,100.9973842,Daerah: Perak<br>No:995<br>Hex coord:(47;28),n/a,0,0,0,0,0,0,1,2022-04-23T04:14:05.2243331Z,0
5.50361,101.0109309,Daerah: Perak<br>No:996<br>Hex coord:(48;28),n/a,0,0,0,0,0,0,1,2022-04-23T04:14:06.0024411Z,0
5.49583,101.0244776,Daerah: Perak<br>No:997<br>Hex coord:(49;28),n/a,0,0,0,0,0,0,1,2022-04-23T04:14:06.7578163Z,0
5.50361,101.0380243,Daerah: Perak<br>No:998<br>Hex coord:(50;28),n/a,0,0,0,0,0,0,1,2022-04-23T04:14:07.5549275Z,0
5.49583,101.051571,Daerah: Perak<br>No:999<br>Hex coord:(51;28),n/a,0,0,0,0,0,0,1,2022-04-23T04:14:08.3611230Z,0
5.50361,101.0651177,Daerah: Perak<br>No:1000<br>Hex coord:(52;28),n/a,0,0,0,0,0,0,1,2022-04-23T04:14:09.1791231Z,0
5.49583,101.0786644,Daerah: Perak<br>No:1001<br>Hex coord:(53;28),n/a,0,0,0,0,0,0,1,2022-04-23T04:14:09.9447184Z,0
5.50361,101.0922111,Daerah: Perak<br>No:1002<br>Hex coord:(54;28),n/a,0,0,0,0,0,0,1,2022-04-23T04:14:10.6985258Z,0
5.49583,101.1057578,Daerah: Perak<br>No:1003<br>Hex coord:(55;28),n/a,0,0,0,0,0,0,1,2022-04-23T04:14:11.4717851Z,0
5.50361,101.1193045,Daerah: Perak<br>No:1004<br>Hex coord:(56;28),n/a,0,0,0,0,0,0,1,2022-04-23T04:14:12.2390294Z,0
5.49583,101.1328512,Daerah: Perak<br>No:1005<br>Hex coord:(57;28),n/a,0,0,0,0,0,0,1,2022-04-23T04:14:13.2426474Z,0
5.50361,101.1463979,Daerah: Perak<br>No:1006<br>Hex coord:(58;28),n/a,0,0,0,0,0,0,1,2022-04-23T04:14:14.0094126Z,0
5.49583,101.1599446,Daerah: Perak<br>No:1007<br>Hex coord:(59;28),n/a,0,0,0,0,0,0,1,2022-04-23T04:14:14.8288465Z,0
5.50361,101.1734913,Daerah: Perak<br>No:1008<br>Hex coord:(60;28),n/a,0,0,0,0,0,0,1,2022-04-23T04:14:16.5832782Z,0
5.49583,101.187038,Daerah: Perak<br>No:1009<br>Hex coord:(61;28),n/a,0,0,0,0,0,0,1,2022-04-23T04:14:17.3555068Z,0
5.50361,101.2005847,Daerah: Perak<br>No:1010<br>Hex coord:(62;28),n/a,0,0,0,0,0,0,1,2022-04-23T04:14:18.1201364Z,0
5.49583,101.2141314,Daerah: Perak<br>No:1011<br>Hex coord:(63;28),n/a,0,0,0,0,0,0,1,2022-04-23T04:14:18.8699309Z,0
5.50361,101.2276781,Daerah: Perak<br>No:1012<br>Hex coord:(64;28),n/a,0,0,0,0,0,0,1,2022-04-23T04:14:19.6501747Z,0
5.49583,101.2412249,Daerah: Perak<br>No:1013<br>Hex coord:(65;28),n/a,0,0,0,0,0,0,1,2022-04-23T04:14:20.4191346Z,0
5.50361,101.2547716,Daerah: Perak<br>No:1014<br>Hex coord:(66;28),n/a,0,0,0,0,0,0,1,2022-04-23T04:14:21.1630775Z,0
5.49583,101.2683183,Daerah: Perak<br>No:1015<br>Hex coord:(67;28),n/a,0,0,0,0,0,0,1,2022-04-23T04:14:21.9293840Z,0
5.50361,101.281865,Daerah: Perak<br>No:1016<br>Hex coord:(68;28),n/a,0,0,0,0,0,0,1,2022-04-23T04:14:22.6850884Z,0
5.49583,101.2954117,Daerah: Perak<br>No:1017<br>Hex coord:(69;28),n/a,0,0,0,0,0,0,1,2022-04-23T04:14:23.4427414Z,0
5.50361,101.3089584,Daerah: Perak<br>No:1018<br>Hex coord:(70;28),n/a,0,0,0,0,0,0,1,2022-04-23T04:14:24.1921077Z,0
5.49583,101.3225051,Daerah: Perak<br>No:1019<br>Hex coord:(71;28),n/a,0,0,0,0,0,0,1,2022-04-23T04:14:24.9514598Z,0
5.50361,101.3360518,Daerah: Perak<br>No:1020<br>Hex coord:(72;28),n/a,0,0,0,0,0,0,1,2022-04-23T04:14:25.7231770Z,0
5.49583,101.3495985,Daerah: Perak<br>No:1021<br>Hex coord:(73;28),n/a,0,0,0,0,0,0,1,2022-04-23T04:14:26.4972693Z,0
5.50361,101.3631452,Daerah: Perak<br>No:1022<br>Hex coord:(74;28),n/a,0,0,0,0,0,0,1,2022-04-23T04:14:27.2522384Z,0
5.49583,101.3766919,Daerah: Perak<br>No:1023<br>Hex coord:(75;28),n/a,0,0,0,0,0,0,1,2022-04-23T04:14:28.0210899Z,0
5.50361,101.3902386,Daerah: Perak<br>No:1024<br>Hex coord:(76;28),n/a,0,0,0,0,0,0,1,2022-04-23T04:14:28.7923065Z,0
5.49583,101.4037853,Daerah: Perak<br>No:1025<br>Hex coord:(77;28),n/a,0,0,0,0,0,0,1,2022-04-23T04:14:29.5788032Z,0
5.50361,101.417332,Daerah: Perak<br>No:1026<br>Hex coord:(78;28),n/a,0,0,0,0,0,0,1,2022-04-23T04:14:30.3854309Z,0
5.49583,101.4308787,Daerah: Perak<br>No:1027<br>Hex coord:(79;28),n/a,0,0,0,0,0,0,1,2022-04-23T04:14:31.1480698Z,0
5.50361,101.4444254,Daerah: Perak<br>No:1028<br>Hex coord:(80;28),n/a,0,0,0,0,0,0,1,2022-04-23T04:14:31.9085602Z,0
5.49583,101.4579721,Daerah: Perak<br>No:1029<br>Hex coord:(81;28),n/a,0,0,0,0,0,0,1,2022-04-23T04:14:32.6718984Z,0
5.50361,101.4715188,Daerah: Perak<br>No:1030<br>Hex coord:(82;28),n/a,0,0,0,0,0,0,1,2022-04-23T04:14:33.4666465Z,0
5.49583,101.4850655,Daerah: Perak<br>No:1031<br>Hex coord:(83;28),n/a,0,0,0,0,0,0,1,2022-04-23T04:14:34.2213487Z,0
5.50361,101.4986123,Daerah: Perak<br>No:1032<br>Hex coord:(84;28),n/a,0,0,0,0,0,0,1,2022-04-23T04:14:35.0031725Z,0
5.49583,101.512159,Daerah: Perak<br>No:1033<br>Hex coord:(85;28),n/a,0,0,0,0,0,0,1,2022-04-23T04:14:35.7437860Z,0
5.50361,101.5257057,Daerah: Perak<br>No:1034<br>Hex coord:(86;28),n/a,0,0,0,0,0,0,1,2022-04-23T04:14:36.4978811Z,0
5.49583,101.5392524,Daerah: Perak<br>No:1035<br>Hex coord:(87;28),n/a,0,0,0,0,0,0,1,2022-04-23T04:14:37.2770565Z,0
5.50361,101.5527991,Daerah: Perak<br>No:1036<br>Hex coord:(88;28),n/a,0,0,0,0,0,0,1,2022-04-23T04:14:38.0482065Z,0
5.49583,101.5663458,Daerah: Perak<br>No:1037<br>Hex coord:(89;28),n/a,0,0,0,0,0,0,1,2022-04-23T04:14:38.8141288Z,0
5.50361,101.5798925,Daerah: Perak<br>No:1038<br>Hex coord:(90;28),n/a,0,0,0,0,0,0,1,2022-04-23T04:14:39.5730608Z,0
5.49583,101.5934392,Daerah: Perak<br>No:1039<br>Hex coord:(91;28),n/a,0,0,0,0,0,0,1,2022-04-23T04:14:40.3450826Z,0
5.50361,101.6069859,Daerah: Perak<br>No:1040<br>Hex coord:(92;28),n/a,0,0,0,0,0,0,1,2022-04-23T04:14:41.1302069Z,0
5.49583,101.6205326,Daerah: Perak<br>No:1041<br>Hex coord:(93;28),n/a,0,0,0,0,0,0,1,2022-04-23T04:14:42.0182183Z,0
5.50361,101.6340793,Daerah: Perak<br>No:1042<br>Hex coord:(94;28),n/a,0,0,0,0,0,0,1,2022-04-23T04:14:42.7774042Z,0
5.49583,101.647626,Daerah: Perak<br>No:1043<br>Hex coord:(95;28),n/a,0,0,0,0,0,0,1,2022-04-23T04:14:43.6887894Z,0
5.50361,101.6611727,Daerah: Perak<br>No:1044<br>Hex coord:(96;28),n/a,0,0,0,0,0,0,1,2022-04-23T04:14:44.4466158Z,0
5.49583,101.6747194,Daerah: Perak<br>No:1045<br>Hex coord:(97;28),n/a,0,0,0,0,0,0,1,2022-04-23T04:14:45.2389631Z,0
5.50361,101.6882661,Daerah: Perak<br>No:1046<br>Hex coord:(98;28),n/a,0,0,0,0,0,0,1,2022-04-23T04:14:46.0847135Z,0
5.49583,101.7018128,Daerah: Perak<br>No:1047<br>Hex coord:(99;28),n/a,0,0,0,0,0,0,1,2022-04-23T04:14:46.9400123Z,0
5.50361,101.7153595,Daerah: Perak<br>No:1048<br>Hex coord:(100;28),n/a,0,0,0,0,0,0,1,2022-04-23T04:14:47.7201050Z,0
5.49583,101.7289062,Daerah: Perak<br>No:1049<br>Hex coord:(101;28),n/a,0,0,0,0,0,0,1,2022-04-23T04:14:48.4835042Z,0
5.50361,101.742453,Daerah: Perak<br>No:1050<br>Hex coord:(102;28),n/a,0,0,0,0,0,0,1,2022-04-23T04:14:49.2786882Z,0
5.48027,100.8890105,Daerah: Perak<br>No:1051<br>Hex coord:(39;29),n/a,0,0,0,0,0,0,1,2022-04-23T04:14:50.0484558Z,0
5.48805,100.9025572,Daerah: Perak<br>No:1052<br>Hex coord:(40;29),n/a,0,0,0,0,0,0,1,2022-04-23T04:14:50.8392382Z,0
5.48027,100.9161039,Daerah: Perak<br>No:1053<br>Hex coord:(41;29),n/a,0,0,0,0,0,0,1,2022-04-23T04:14:51.7024795Z,0
5.48805,100.9296506,Daerah: Perak<br>No:1054<br>Hex coord:(42;29),n/a,0,0,0,0,0,0,1,2022-04-23T04:14:52.5703287Z,0
5.48027,100.9431973,Daerah: Perak<br>No:1055<br>Hex coord:(43;29),n/a,0,0,0,0,0,0,1,2022-04-23T04:14:53.4625524Z,0
5.48805,100.956744,Daerah: Perak<br>No:1056<br>Hex coord:(44;29),n/a,0,0,0,0,0,0,1,2022-04-23T04:14:54.2523798Z,0
5.48027,100.9702907,Daerah: Perak<br>No:1057<br>Hex coord:(45;29),n/a,0,0,0,0,0,0,1,2022-04-23T04:14:55.1486819Z,0
5.48805,100.9838374,Daerah: Perak<br>No:1058<br>Hex coord:(46;29),n/a,0,0,0,0,0,0,1,2022-04-23T04:14:55.9765871Z,0
5.48027,100.9973842,Daerah: Perak<br>No:1059<br>Hex coord:(47;29),n/a,0,0,0,0,0,0,1,2022-04-23T04:14:56.8823857Z,0
5.48805,101.0109309,Daerah: Perak<br>No:1060<br>Hex coord:(48;29),n/a,0,0,0,0,0,0,1,2022-04-23T04:14:57.7921312Z,0
5.48027,101.0244776,Daerah: Perak<br>No:1061<br>Hex coord:(49;29),n/a,0,0,0,0,0,0,1,2022-04-23T04:14:58.6838151Z,0
5.48805,101.0380243,Daerah: Perak<br>No:1062<br>Hex coord:(50;29),n/a,0,0,0,0,0,0,1,2022-04-23T04:14:59.7096277Z,0
5.48027,101.051571,Daerah: Perak<br>No:1063<br>Hex coord:(51;29),n/a,0,0,0,0,0,0,1,2022-04-23T04:15:01.0371236Z,0
5.48805,101.0651177,Daerah: Perak<br>No:1064<br>Hex coord:(52;29),n/a,0,0,0,0,0,0,1,2022-04-23T04:15:02.0523493Z,0
5.48027,101.0786644,Daerah: Perak<br>No:1065<br>Hex coord:(53;29),n/a,0,0,0,0,0,0,1,2022-04-23T04:15:03.0679475Z,0
5.48805,101.0922111,Daerah: Perak<br>No:1066<br>Hex coord:(54;29),n/a,0,0,0,0,0,0,1,2022-04-23T04:15:03.9176770Z,0
5.48027,101.1057578,Daerah: Perak<br>No:1067<br>Hex coord:(55;29),n/a,0,0,0,0,0,0,1,2022-04-23T04:15:04.7681317Z,0
5.48805,101.1193045,Daerah: Perak<br>No:1068<br>Hex coord:(56;29),n/a,0,0,0,0,0,0,1,2022-04-23T04:15:05.6047910Z,0
5.48027,101.1328512,Daerah: Perak<br>No:1069<br>Hex coord:(57;29),n/a,0,0,0,0,0,0,1,2022-04-23T04:15:06.5321335Z,0
5.48805,101.1463979,Daerah: Perak<br>No:1070<br>Hex coord:(58;29),n/a,0,0,0,0,0,0,1,2022-04-23T04:15:07.3126844Z,0
5.48027,101.1599446,Daerah: Perak<br>No:1071<br>Hex coord:(59;29),n/a,0,0,0,0,0,0,1,2022-04-23T04:15:08.2013059Z,0
5.48805,101.1734913,Daerah: Perak<br>No:1072<br>Hex coord:(60;29),n/a,0,0,0,0,0,0,1,2022-04-23T04:15:08.9743021Z,0
5.48027,101.187038,Daerah: Perak<br>No:1073<br>Hex coord:(61;29),n/a,0,0,0,0,0,0,1,2022-04-23T04:15:09.7796306Z,0
5.48805,101.2005847,Daerah: Perak<br>No:1074<br>Hex coord:(62;29),n/a,0,0,0,0,0,0,1,2022-04-23T04:15:10.6100371Z,0
5.48027,101.2141314,Daerah: Perak<br>No:1075<br>Hex coord:(63;29),n/a,0,0,0,0,0,0,1,2022-04-23T04:15:11.4286154Z,0
5.48805,101.2276781,Daerah: Perak<br>No:1076<br>Hex coord:(64;29),n/a,0,0,0,0,0,0,1,2022-04-23T04:15:12.2029674Z,0
5.48027,101.2412249,Daerah: Perak<br>No:1077<br>Hex coord:(65;29),n/a,0,0,0,0,0,0,1,2022-04-23T04:15:12.9715859Z,0
5.48805,101.2547716,Daerah: Perak<br>No:1078<br>Hex coord:(66;29),n/a,0,0,0,0,0,0,1,2022-04-23T04:15:13.8521659Z,0
5.48027,101.2683183,Daerah: Perak<br>No:1079<br>Hex coord:(67;29),n/a,0,0,0,0,0,0,1,2022-04-23T04:15:14.6041343Z,0
5.48805,101.281865,Daerah: Perak<br>No:1080<br>Hex coord:(68;29),n/a,0,0,0,0,0,0,1,2022-04-23T04:15:15.4308984Z,0
5.48027,101.2954117,Daerah: Perak<br>No:1081<br>Hex coord:(69;29),n/a,0,0,0,0,0,0,1,2022-04-23T04:15:16.2065937Z,0
5.48805,101.3089584,Daerah: Perak<br>No:1082<br>Hex coord:(70;29),n/a,0,0,0,0,0,0,1,2022-04-23T04:15:16.9525160Z,0
5.48027,101.3225051,Daerah: Perak<br>No:1083<br>Hex coord:(71;29),n/a,0,0,0,0,0,0,1,2022-04-23T04:15:17.7770247Z,0
5.48805,101.3360518,Daerah: Perak<br>No:1084<br>Hex coord:(72;29),n/a,0,0,0,0,0,0,1,2022-04-23T04:15:18.5276308Z,0
5.48027,101.3495985,Daerah: Perak<br>No:1085<br>Hex coord:(73;29),n/a,0,0,0,0,0,0,1,2022-04-23T04:15:19.2913603Z,0
5.48805,101.3631452,Daerah: Perak<br>No:1086<br>Hex coord:(74;29),n/a,0,0,0,0,0,0,1,2022-04-23T04:15:20.0896887Z,0
5.48027,101.3766919,Daerah: Perak<br>No:1087<br>Hex coord:(75;29),n/a,0,0,0,0,0,0,1,2022-04-23T04:15:20.8702170Z,0
5.48805,101.3902386,Daerah: Perak<br>No:1088<br>Hex coord:(76;29),n/a,0,0,0,0,0,0,1,2022-04-23T04:15:21.6469699Z,0
5.48027,101.4037853,Daerah: Perak<br>No:1089<br>Hex coord:(77;29),n/a,0,0,0,0,0,0,1,2022-04-23T04:15:22.4593544Z,0
5.48805,101.417332,Daerah: Perak<br>No:1090<br>Hex coord:(78;29),n/a,0,0,0,0,0,0,1,2022-04-23T04:15:23.2652424Z,0
5.48027,101.4308787,Daerah: Perak<br>No:1091<br>Hex coord:(79;29),n/a,0,0,0,0,0,0,1,2022-04-23T04:15:24.0732152Z,0
5.48805,101.4444254,Daerah: Perak<br>No:1092<br>Hex coord:(80;29),n/a,0,0,0,0,0,0,1,2022-04-23T04:15:24.8714089Z,0
5.48027,101.4579721,Daerah: Perak<br>No:1093<br>Hex coord:(81;29),n/a,0,0,0,0,0,0,1,2022-04-23T04:15:25.6052911Z,0
5.48805,101.4715188,Daerah: Perak<br>No:1094<br>Hex coord:(82;29),n/a,0,0,0,0,0,0,1,2022-04-23T04:15:26.4285691Z,0
5.48027,101.4850655,Daerah: Perak<br>No:1095<br>Hex coord:(83;29),n/a,0,0,0,0,0,0,1,2022-04-23T04:15:27.1947192Z,0
5.48805,101.4986123,Daerah: Perak<br>No:1096<br>Hex coord:(84;29),n/a,0,0,0,0,0,0,1,2022-04-23T04:15:28.0111134Z,0
5.48027,101.512159,Daerah: Perak<br>No:1097<br>Hex coord:(85;29),n/a,0,0,0,0,0,0,1,2022-04-23T04:15:28.8069425Z,0
5.48805,101.5257057,Daerah: Perak<br>No:1098<br>Hex coord:(86;29),n/a,0,0,0,0,0,0,1,2022-04-23T04:15:30.6184641Z,0
5.48027,101.5392524,Daerah: Perak<br>No:1099<br>Hex coord:(87;29),n/a,0,0,0,0,0,0,1,2022-04-23T04:15:31.4280430Z,0
5.48805,101.5527991,Daerah: Perak<br>No:1100<br>Hex coord:(88;29),n/a,0,0,0,0,0,0,1,2022-04-23T04:15:32.2013429Z,0
5.48027,101.5663458,Daerah: Perak<br>No:1101<br>Hex coord:(89;29),n/a,0,0,0,0,0,0,1,2022-04-23T04:15:32.9764329Z,0
5.48805,101.5798925,Daerah: Perak<br>No:1102<br>Hex coord:(90;29),n/a,0,0,0,0,0,0,1,2022-04-23T04:15:33.7283746Z,0
5.48027,101.5934392,Daerah: Perak<br>No:1103<br>Hex coord:(91;29),n/a,0,0,0,0,0,0,1,2022-04-23T04:15:34.5083385Z,0
5.48805,101.6069859,Daerah: Perak<br>No:1104<br>Hex coord:(92;29),n/a,0,0,0,0,0,0,1,2022-04-23T04:15:35.3040513Z,0
5.48027,101.6205326,Daerah: Perak<br>No:1105<br>Hex coord:(93;29),n/a,0,0,0,0,0,0,1,2022-04-23T04:15:36.1023127Z,0
5.48805,101.6340793,Daerah: Perak<br>No:1106<br>Hex coord:(94;29),n/a,0,0,0,0,0,0,1,2022-04-23T04:15:36.8523697Z,0
5.48027,101.647626,Daerah: Perak<br>No:1107<br>Hex coord:(95;29),n/a,0,0,0,0,0,0,1,2022-04-23T04:15:37.6323950Z,0
5.48805,101.6611727,Daerah: Perak<br>No:1108<br>Hex coord:(96;29),n/a,0,0,0,0,0,0,1,2022-04-23T04:15:38.4115758Z,0
5.48027,101.6747194,Daerah: Perak<br>No:1109<br>Hex coord:(97;29),n/a,0,0,0,0,0,0,1,2022-04-23T04:15:39.1767098Z,0
5.48805,101.6882661,Daerah: Perak<br>No:1110<br>Hex coord:(98;29),n/a,0,0,0,0,0,0,1,2022-04-23T04:15:39.9620382Z,0
5.48027,101.7018128,Daerah: Perak<br>No:1111<br>Hex coord:(99;29),n/a,0,0,0,0,0,0,1,2022-04-23T04:15:40.7140873Z,0
5.48805,101.7153595,Daerah: Perak<br>No:1112<br>Hex coord:(100;29),n/a,0,0,0,0,0,0,1,2022-04-23T04:15:41.6320204Z,0
5.48027,101.7289062,Daerah: Perak<br>No:1113<br>Hex coord:(101;29),n/a,0,0,0,0,0,0,1,2022-04-23T04:15:42.4111126Z,0
5.48805,101.742453,Daerah: Perak<br>No:1114<br>Hex coord:(102;29),n/a,0,0,0,0,0,0,1,2022-04-23T04:15:43.1783022Z,0
5.46471,100.8890105,Daerah: Perak<br>No:1115<br>Hex coord:(39;30),n/a,0,0,0,0,0,0,1,2022-04-23T04:15:43.9460319Z,0
5.47249,100.9025572,Daerah: Perak<br>No:1116<br>Hex coord:(40;30),n/a,0,0,0,0,0,0,1,2022-04-23T04:15:44.7160570Z,0
5.46471,100.9161039,Daerah: Perak<br>No:1117<br>Hex coord:(41;30),n/a,0,0,0,0,0,0,1,2022-04-23T04:15:45.6609366Z,0
5.47249,100.9296506,Daerah: Perak<br>No:1118<br>Hex coord:(42;30),n/a,0,0,0,0,0,0,1,2022-04-23T04:15:46.4377894Z,0
5.46471,100.9431973,Daerah: Perak<br>No:1119<br>Hex coord:(43;30),n/a,0,0,0,0,0,0,1,2022-04-23T04:15:47.3069231Z,0
5.47249,100.956744,Daerah: Perak<br>No:1120<br>Hex coord:(44;30),n/a,0,0,0,0,0,0,1,2022-04-23T04:15:48.1926779Z,0
5.46471,100.9702907,Daerah: Perak<br>No:1121<br>Hex coord:(45;30),n/a,0,0,0,0,0,0,1,2022-04-23T04:15:48.9636327Z,0
5.47249,100.9838374,Daerah: Perak<br>No:1122<br>Hex coord:(46;30),n/a,0,0,0,0,0,0,1,2022-04-23T04:15:49.7428684Z,0
5.46471,100.9973842,Daerah: Perak<br>No:1123<br>Hex coord:(47;30),n/a,0,0,0,0,0,0,1,2022-04-23T04:15:50.4863250Z,0
5.47249,101.0109309,Daerah: Perak<br>No:1124<br>Hex coord:(48;30),n/a,0,0,0,0,0,0,1,2022-04-23T04:15:51.2668037Z,0
5.46471,101.0244776,Daerah: Perak<br>No:1125<br>Hex coord:(49;30),n/a,0,0,0,0,0,0,1,2022-04-23T04:15:52.0781945Z,0
5.47249,101.0380243,Daerah: Perak<br>No:1126<br>Hex coord:(50;30),n/a,0,0,0,0,0,0,1,2022-04-23T04:15:52.8170734Z,0
5.46471,101.051571,Daerah: Perak<br>No:1127<br>Hex coord:(51;30),n/a,0,0,0,0,0,0,1,2022-04-23T04:15:53.6821597Z,0
5.47249,101.0651177,Daerah: Perak<br>No:1128<br>Hex coord:(52;30),n/a,0,0,0,0,0,0,1,2022-04-23T04:15:54.4772666Z,0
5.46471,101.0786644,Daerah: Perak<br>No:1129<br>Hex coord:(53;30),n/a,0,0,0,0,0,0,1,2022-04-23T04:15:55.2205579Z,0
5.47249,101.0922111,Daerah: Perak<br>No:1130<br>Hex coord:(54;30),n/a,0,0,0,0,0,0,1,2022-04-23T04:15:55.9651695Z,0
5.46471,101.1057578,Daerah: Perak<br>No:1131<br>Hex coord:(55;30),n/a,0,0,0,0,0,0,1,2022-04-23T04:15:56.7897028Z,0
5.47249,101.1193045,Daerah: Perak<br>No:1132<br>Hex coord:(56;30),n/a,0,0,0,0,0,0,1,2022-04-23T04:15:57.5408123Z,0
5.46471,101.1328512,Daerah: Perak<br>No:1133<br>Hex coord:(57;30),n/a,0,0,0,0,0,0,1,2022-04-23T04:15:58.3138850Z,0
5.47249,101.1463979,Daerah: Perak<br>No:1134<br>Hex coord:(58;30),n/a,0,0,0,0,0,0,1,2022-04-23T04:15:59.2100141Z,0
5.46471,101.1599446,Daerah: Perak<br>No:1135<br>Hex coord:(59;30),n/a,0,0,0,0,0,0,1,2022-04-23T04:15:59.9608249Z,0
5.47249,101.1734913,Daerah: Perak<br>No:1136<br>Hex coord:(60;30),n/a,0,0,0,0,0,0,1,2022-04-23T04:16:00.9708006Z,0
5.46471,101.187038,Daerah: Perak<br>No:1137<br>Hex coord:(61;30),n/a,0,0,0,0,0,0,1,2022-04-23T04:16:01.7277879Z,0
5.47249,101.2005847,Daerah: Perak<br>No:1138<br>Hex coord:(62;30),n/a,0,0,0,0,0,0,1,2022-04-23T04:16:02.5290407Z,0
5.46471,101.2141314,Daerah: Perak<br>No:1139<br>Hex coord:(63;30),n/a,0,0,0,0,0,0,1,2022-04-23T04:16:03.2770827Z,0
5.47249,101.2276781,Daerah: Perak<br>No:1140<br>Hex coord:(64;30),n/a,0,0,0,0,0,0,1,2022-04-23T04:16:04.0483780Z,0
5.46471,101.2412249,Daerah: Perak<br>No:1141<br>Hex coord:(65;30),n/a,0,0,0,0,0,0,1,2022-04-23T04:16:04.9109985Z,0
5.47249,101.2547716,Daerah: Perak<br>No:1142<br>Hex coord:(66;30),n/a,0,0,0,0,0,0,1,2022-04-23T04:16:05.6676380Z,0
5.46471,101.2683183,Daerah: Perak<br>No:1143<br>Hex coord:(67;30),n/a,0,0,0,0,0,0,1,2022-04-23T04:16:06.4302399Z,0
5.47249,101.281865,Daerah: Perak<br>No:1144<br>Hex coord:(68;30),n/a,0,0,0,0,0,0,1,2022-04-23T04:16:07.1713499Z,0
5.46471,101.2954117,Daerah: Perak<br>No:1145<br>Hex coord:(69;30),n/a,0,0,0,0,0,0,1,2022-04-23T04:16:07.9467375Z,0
5.47249,101.3089584,Daerah: Perak<br>No:1146<br>Hex coord:(70;30),n/a,0,0,0,0,0,0,1,2022-04-23T04:16:08.7395650Z,0
5.46471,101.3225051,Daerah: Perak<br>No:1147<br>Hex coord:(71;30),n/a,0,0,0,0,0,0,1,2022-04-23T04:16:09.5009572Z,0
5.47249,101.3360518,Daerah: Perak<br>No:1148<br>Hex coord:(72;30),n/a,0,0,0,0,0,0,1,2022-04-23T04:16:10.2563969Z,0
5.46471,101.3495985,Daerah: Perak<br>No:1149<br>Hex coord:(73;30),n/a,0,0,0,0,0,0,1,2022-04-23T04:16:11.0130287Z,0
5.47249,101.3631452,Daerah: Perak<br>No:1150<br>Hex coord:(74;30),n/a,0,0,0,0,0,0,1,2022-04-23T04:16:11.7885702Z,0
5.46471,101.3766919,Daerah: Perak<br>No:1151<br>Hex coord:(75;30),n/a,0,0,0,0,0,0,1,2022-04-23T04:16:12.5534836Z,0
5.47249,101.3902386,Daerah: Perak<br>No:1152<br>Hex coord:(76;30),n/a,0,0,0,0,0,0,1,2022-04-23T04:16:13.3222220Z,0
5.46471,101.4037853,Daerah: Perak<br>No:1153<br>Hex coord:(77;30),n/a,0,0,0,0,0,0,1,2022-04-23T04:16:14.0940859Z,0
5.47249,101.417332,Daerah: Perak<br>No:1154<br>Hex coord:(78;30),n/a,0,0,0,0,0,0,1,2022-04-23T04:16:14.8864688Z,0
5.46471,101.4308787,Daerah: Perak<br>No:1155<br>Hex coord:(79;30),n/a,0,0,0,0,0,0,1,2022-04-23T04:16:15.6525828Z,0
5.47249,101.4444254,Daerah: Perak<br>No:1156<br>Hex coord:(80;30),n/a,0,0,0,0,0,0,1,2022-04-23T04:16:16.4222651Z,0
5.46471,101.4579721,Daerah: Perak<br>No:1157<br>Hex coord:(81;30),n/a,0,0,0,0,0,0,1,2022-04-23T04:16:17.1812302Z,0
5.47249,101.4715188,Daerah: Perak<br>No:1158<br>Hex coord:(82;30),n/a,0,0,0,0,0,0,1,2022-04-23T04:16:17.9318829Z,0
5.46471,101.4850655,Daerah: Perak<br>No:1159<br>Hex coord:(83;30),n/a,0,0,0,0,0,0,1,2022-04-23T04:16:18.7004527Z,0
5.47249,101.4986123,Daerah: Perak<br>No:1160<br>Hex coord:(84;30),n/a,0,0,0,0,0,0,1,2022-04-23T04:16:19.4760936Z,0
5.46471,101.512159,Daerah: Perak<br>No:1161<br>Hex coord:(85;30),n/a,0,0,0,0,0,0,1,2022-04-23T04:16:20.2404178Z,0
5.47249,101.5257057,Daerah: Perak<br>No:1162<br>Hex coord:(86;30),n/a,0,0,0,0,0,0,1,2022-04-23T04:16:21.0101019Z,0
5.46471,101.5392524,Daerah: Perak<br>No:1163<br>Hex coord:(87;30),n/a,0,0,0,0,0,0,1,2022-04-23T04:16:21.7543471Z,0
5.47249,101.5527991,Daerah: Perak<br>No:1164<br>Hex coord:(88;30),n/a,0,0,0,0,0,0,1,2022-04-23T04:16:22.5299967Z,0
5.46471,101.5663458,Daerah: Perak<br>No:1165<br>Hex coord:(89;30),n/a,0,0,0,0,0,0,1,2022-04-23T04:16:23.5169672Z,0
5.47249,101.5798925,Daerah: Perak<br>No:1166<br>Hex coord:(90;30),n/a,0,0,0,0,0,0,1,2022-04-23T04:16:24.3068706Z,0
5.46471,101.5934392,Daerah: Perak<br>No:1167<br>Hex coord:(91;30),n/a,0,0,0,0,0,0,1,2022-04-23T04:16:25.0503427Z,0
5.47249,101.6069859,Daerah: Perak<br>No:1168<br>Hex coord:(92;30),n/a,0,0,0,0,0,0,1,2022-04-23T04:16:25.8127263Z,0
5.46471,101.6205326,Daerah: Perak<br>No:1169<br>Hex coord:(93;30),n/a,0,0,0,0,0,0,1,2022-04-23T04:16:26.5872211Z,0
5.47249,101.6340793,Daerah: Perak<br>No:1170<br>Hex coord:(94;30),n/a,0,0,0,0,0,0,1,2022-04-23T04:16:27.3567752Z,0
5.46471,101.647626,Daerah: Perak<br>No:1171<br>Hex coord:(95;30),n/a,0,0,0,0,0,0,1,2022-04-23T04:16:28.1240870Z,0
5.47249,101.6611727,Daerah: Perak<br>No:1172<br>Hex coord:(96;30),n/a,0,0,0,0,0,0,1,2022-04-23T04:16:28.8915276Z,0
5.46471,101.6747194,Daerah: Perak<br>No:1173<br>Hex coord:(97;30),n/a,0,0,0,0,0,0,1,2022-04-23T04:16:29.6490393Z,0
5.47249,101.6882661,Daerah: Perak<br>No:1174<br>Hex coord:(98;30),n/a,0,0,0,0,0,0,1,2022-04-23T04:16:30.4429720Z,0
5.46471,101.7018128,Daerah: Perak<br>No:1175<br>Hex coord:(99;30),n/a,0,0,0,0,0,0,1,2022-04-23T04:16:31.2103589Z,0
5.47249,101.7153595,Daerah: Perak<br>No:1176<br>Hex coord:(100;30),n/a,0,0,0,0,0,0,1,2022-04-23T04:16:31.9943743Z,0
5.46471,101.7289062,Daerah: Perak<br>No:1177<br>Hex coord:(101;30),n/a,0,0,0,0,0,0,1,2022-04-23T04:16:32.8121691Z,0
5.45693,100.8754638,Daerah: Perak<br>No:1178<br>Hex coord:(38;31),n/a,0,0,0,0,0,0,1,2022-04-23T04:16:33.5730044Z,0
5.44915,100.8890105,Daerah: Perak<br>No:1179<br>Hex coord:(39;31),n/a,0,0,0,0,0,0,1,2022-04-23T04:16:34.3332206Z,0
5.45693,100.9025572,Daerah: Perak<br>No:1180<br>Hex coord:(40;31),n/a,0,0,0,0,0,0,1,2022-04-23T04:16:35.1207621Z,0
5.44915,100.9161039,Daerah: Perak<br>No:1181<br>Hex coord:(41;31),n/a,0,0,0,0,0,0,1,2022-04-23T04:16:35.8991578Z,0
5.45693,100.9296506,Daerah: Perak<br>No:1182<br>Hex coord:(42;31),n/a,0,0,0,0,0,0,1,2022-04-23T04:16:36.6516199Z,0
5.44915,100.9431973,Daerah: Perak<br>No:1183<br>Hex coord:(43;31),n/a,0,0,0,0,0,0,1,2022-04-23T04:16:37.4144489Z,0
5.45693,100.956744,Daerah: Perak<br>No:1184<br>Hex coord:(44;31),n/a,0,0,0,0,0,0,1,2022-04-23T04:16:38.2389985Z,0
5.44915,100.9702907,Daerah: Perak<br>No:1185<br>Hex coord:(45;31),n/a,0,0,0,0,0,0,1,2022-04-23T04:16:39.0041864Z,0
5.45693,100.9838374,Daerah: Perak<br>No:1186<br>Hex coord:(46;31),n/a,0,0,0,0,0,0,1,2022-04-23T04:16:39.7975332Z,0
5.44915,100.9973842,Daerah: Perak<br>No:1187<br>Hex coord:(47;31),n/a,0,0,0,0,0,0,1,2022-04-23T04:16:40.5423790Z,0
5.45693,101.0109309,Daerah: Perak<br>No:1188<br>Hex coord:(48;31),n/a,0,0,0,0,0,0,1,2022-04-23T04:16:41.2988978Z,0
5.44915,101.0244776,Daerah: Perak<br>No:1189<br>Hex coord:(49;31),n/a,0,0,0,0,0,0,1,2022-04-23T04:16:42.0553976Z,0
5.45693,101.0380243,Daerah: Perak<br>No:1190<br>Hex coord:(50;31),n/a,0,0,0,0,0,0,1,2022-04-23T04:16:42.7941816Z,0
5.44915,101.051571,Daerah: Perak<br>No:1191<br>Hex coord:(51;31),n/a,0,0,0,0,0,0,1,2022-04-23T04:16:43.5320363Z,0
5.45693,101.0651177,Daerah: Perak<br>No:1192<br>Hex coord:(52;31),n/a,0,0,0,0,0,0,1,2022-04-23T04:16:44.3441556Z,0
5.44915,101.0786644,Daerah: Perak<br>No:1193<br>Hex coord:(53;31),n/a,0,0,0,0,0,0,1,2022-04-23T04:16:45.1206823Z,0
5.45693,101.0922111,Daerah: Perak<br>No:1194<br>Hex coord:(54;31),n/a,0,0,0,0,0,0,1,2022-04-23T04:16:45.8932354Z,0
5.44915,101.1057578,Daerah: Perak<br>No:1195<br>Hex coord:(55;31),n/a,0,0,0,0,0,0,1,2022-04-23T04:16:46.6727035Z,0
5.45693,101.1193045,Daerah: Perak<br>No:1196<br>Hex coord:(56;31),n/a,0,0,0,0,0,0,1,2022-04-23T04:16:47.4349781Z,0
5.44915,101.1328512,Daerah: Perak<br>No:1197<br>Hex coord:(57;31),n/a,2 ,0,0,0,0,0,1,2022-04-23T04:16:48.1820700Z,0
5.45693,101.1463979,Daerah: Perak<br>No:1198<br>Hex coord:(58;31),n/a,6 ,0,0,0,0,0,1,2022-04-23T04:16:48.9422512Z,0
5.44915,101.1599446,Daerah: Perak<br>No:1199<br>Hex coord:(59;31),n/a,1 ,0,0,0,0,0,1,2022-04-23T04:16:49.7286461Z,0
5.45693,101.1734913,Daerah: Perak<br>No:1200<br>Hex coord:(60;31),n/a,1 ,0,0,0,0,0,1,2022-04-23T04:16:50.4888453Z,0
5.44915,101.187038,Daerah: Perak<br>No:1201<br>Hex coord:(61;31),n/a,0,0,0,0,0,0,1,2022-04-23T04:16:51.2418029Z,0
5.45693,101.2005847,Daerah: Perak<br>No:1202<br>Hex coord:(62;31),n/a,0,0,0,0,0,0,1,2022-04-23T04:16:52.0196243Z,0
5.44915,101.2141314,Daerah: Perak<br>No:1203<br>Hex coord:(63;31),n/a,0,0,0,0,0,0,1,2022-04-23T04:16:52.7754758Z,0
5.45693,101.2276781,Daerah: Perak<br>No:1204<br>Hex coord:(64;31),n/a,0,0,0,0,0,0,1,2022-04-23T04:16:53.5736361Z,0
5.44915,101.2412249,Daerah: Perak<br>No:1205<br>Hex coord:(65;31),n/a,0,0,0,0,0,0,1,2022-04-23T04:16:54.3350366Z,0
5.45693,101.2547716,Daerah: Perak<br>No:1206<br>Hex coord:(66;31),n/a,0,0,0,0,0,0,1,2022-04-23T04:16:55.1321457Z,0
5.44915,101.2683183,Daerah: Perak<br>No:1207<br>Hex coord:(67;31),n/a,0,0,0,0,0,0,1,2022-04-23T04:16:55.9127700Z,0
5.45693,101.281865,Daerah: Perak<br>No:1208<br>Hex coord:(68;31),n/a,0,0,0,0,0,0,1,2022-04-23T04:16:56.7586545Z,0
5.44915,101.2954117,Daerah: Perak<br>No:1209<br>Hex coord:(69;31),n/a,0,0,0,0,0,0,1,2022-04-23T04:16:57.5866365Z,0
5.45693,101.3089584,Daerah: Perak<br>No:1210<br>Hex coord:(70;31),n/a,0,0,0,0,0,0,1,2022-04-23T04:16:58.5125185Z,0
5.44915,101.3225051,Daerah: Perak<br>No:1211<br>Hex coord:(71;31),n/a,0,0,0,0,0,0,1,2022-04-23T04:16:59.2965426Z,0
5.45693,101.3360518,Daerah: Perak<br>No:1212<br>Hex coord:(72;31),n/a,0,0,0,0,0,0,1,2022-04-23T04:17:00.0615264Z,0
5.44915,101.3495985,Daerah: Perak<br>No:1213<br>Hex coord:(73;31),n/a,0,0,0,0,0,0,1,2022-04-23T04:17:00.9062780Z,0
5.45693,101.3631452,Daerah: Perak<br>No:1214<br>Hex coord:(74;31),n/a,0,0,0,0,0,0,1,2022-04-23T04:17:01.6795504Z,0
5.44915,101.3766919,Daerah: Perak<br>No:1215<br>Hex coord:(75;31),n/a,0,0,0,0,0,0,1,2022-04-23T04:17:02.4254463Z,0
5.45693,101.3902386,Daerah: Perak<br>No:1216<br>Hex coord:(76;31),n/a,0,0,0,0,0,0,1,2022-04-23T04:17:03.2808663Z,0
5.44915,101.4037853,Daerah: Perak<br>No:1217<br>Hex coord:(77;31),n/a,0,0,0,0,0,0,1,2022-04-23T04:17:04.0363550Z,0
5.45693,101.417332,Daerah: Perak<br>No:1218<br>Hex coord:(78;31),n/a,0,0,0,0,0,0,1,2022-04-23T04:17:04.7930279Z,0
5.44915,101.4308787,Daerah: Perak<br>No:1219<br>Hex coord:(79;31),n/a,0,0,0,0,0,0,1,2022-04-23T04:17:05.5560564Z,0
5.45693,101.4444254,Daerah: Perak<br>No:1220<br>Hex coord:(80;31),n/a,0,0,0,0,0,0,1,2022-04-23T04:17:06.3189779Z,0
5.44915,101.4579721,Daerah: Perak<br>No:1221<br>Hex coord:(81;31),n/a,0,0,0,0,0,0,1,2022-04-23T04:17:07.0830021Z,0
5.45693,101.4715188,Daerah: Perak<br>No:1222<br>Hex coord:(82;31),n/a,0,0,0,0,0,0,1,2022-04-23T04:17:07.8636854Z,0
5.44915,101.4850655,Daerah: Perak<br>No:1223<br>Hex coord:(83;31),n/a,0,0,0,0,0,0,1,2022-04-23T04:17:08.6428967Z,0
5.45693,101.4986123,Daerah: Perak<br>No:1224<br>Hex coord:(84;31),n/a,0,0,0,0,0,0,1,2022-04-23T04:17:09.4086781Z,0
5.44915,101.512159,Daerah: Perak<br>No:1225<br>Hex coord:(85;31),n/a,0,0,0,0,0,0,1,2022-04-23T04:17:10.1863921Z,0
5.45693,101.5257057,Daerah: Perak<br>No:1226<br>Hex coord:(86;31),n/a,0,0,0,0,0,0,1,2022-04-23T04:17:11.0866907Z,0
5.44915,101.5392524,Daerah: Perak<br>No:1227<br>Hex coord:(87;31),n/a,0,0,0,0,0,0,1,2022-04-23T04:17:11.8281473Z,0
5.45693,101.5527991,Daerah: Perak<br>No:1228<br>Hex coord:(88;31),n/a,0,0,0,0,0,0,1,2022-04-23T04:17:12.5950033Z,0
5.44915,101.5663458,Daerah: Perak<br>No:1229<br>Hex coord:(89;31),n/a,0,0,0,0,0,0,1,2022-04-23T04:17:13.3669309Z,0
5.45693,101.5798925,Daerah: Perak<br>No:1230<br>Hex coord:(90;31),n/a,0,0,0,0,0,0,1,2022-04-23T04:17:14.1406384Z,0
5.44915,101.5934392,Daerah: Perak<br>No:1231<br>Hex coord:(91;31),n/a,0,0,0,0,0,0,1,2022-04-23T04:17:14.9595885Z,0
5.45693,101.6069859,Daerah: Perak<br>No:1232<br>Hex coord:(92;31),n/a,0,0,0,0,0,0,1,2022-04-23T04:17:15.9027152Z,0
5.44915,101.6205326,Daerah: Perak<br>No:1233<br>Hex coord:(93;31),n/a,0,0,0,0,0,0,1,2022-04-23T04:17:16.7536169Z,0
5.45693,101.6340793,Daerah: Perak<br>No:1234<br>Hex coord:(94;31),n/a,0,0,0,0,0,0,1,2022-04-23T04:17:17.6354313Z,0
5.44915,101.647626,Daerah: Perak<br>No:1235<br>Hex coord:(95;31),n/a,0,0,0,0,0,0,1,2022-04-23T04:17:18.4407456Z,0
5.45693,101.6611727,Daerah: Perak<br>No:1236<br>Hex coord:(96;31),n/a,0,0,0,0,0,0,1,2022-04-23T04:17:19.2665648Z,0
5.44915,101.6747194,Daerah: Perak<br>No:1237<br>Hex coord:(97;31),n/a,0,0,0,0,0,0,1,2022-04-23T04:17:20.1256176Z,0
5.45693,101.6882661,Daerah: Perak<br>No:1238<br>Hex coord:(98;31),n/a,0,0,0,0,0,0,1,2022-04-23T04:17:21.0550037Z,0
5.44915,101.7018128,Daerah: Perak<br>No:1239<br>Hex coord:(99;31),n/a,0,0,0,0,0,0,1,2022-04-23T04:17:21.8858129Z,0
5.45693,101.7153595,Daerah: Perak<br>No:1240<br>Hex coord:(100;31),n/a,0,0,0,0,0,0,1,2022-04-23T04:17:22.7314823Z,0
5.44915,101.7289062,Daerah: Perak<br>No:1241<br>Hex coord:(101;31),n/a,0,0,0,0,0,0,1,2022-04-23T04:17:23.5571416Z,0
5.44137,100.8754638,Daerah: Perak<br>No:1242<br>Hex coord:(38;32),n/a,0,0,0,0,0,0,1,2022-04-23T04:17:24.4890901Z,0
5.43359,100.8890105,Daerah: Perak<br>No:1243<br>Hex coord:(39;32),n/a,0,0,0,0,0,0,1,2022-04-23T04:17:25.3364518Z,0
5.44137,100.9025572,Daerah: Perak<br>No:1244<br>Hex coord:(40;32),n/a,0,0,0,0,0,0,1,2022-04-23T04:17:26.1560499Z,0
5.43359,100.9161039,Daerah: Perak<br>No:1245<br>Hex coord:(41;32),n/a,0,0,0,0,0,0,1,2022-04-23T04:17:27.0065250Z,0
5.44137,100.9296506,Daerah: Perak<br>No:1246<br>Hex coord:(42;32),n/a,0,0,0,0,0,0,1,2022-04-23T04:17:27.8501428Z,0
5.43359,100.9431973,Daerah: Perak<br>No:1247<br>Hex coord:(43;32),n/a,0,0,0,0,0,0,1,2022-04-23T04:17:28.8253366Z,0
5.44137,100.956744,Daerah: Perak<br>No:1248<br>Hex coord:(44;32),n/a,0,0,0,0,0,0,1,2022-04-23T04:17:29.6886495Z,0
5.43359,100.9702907,Daerah: Perak<br>No:1249<br>Hex coord:(45;32),n/a,0,0,0,0,0,0,1,2022-04-23T04:17:30.5336655Z,0
5.44137,100.9838374,Daerah: Perak<br>No:1250<br>Hex coord:(46;32),n/a,0,0,0,0,0,0,1,2022-04-23T04:17:31.3958669Z,0
5.43359,100.9973842,Daerah: Perak<br>No:1251<br>Hex coord:(47;32),n/a,0,0,0,0,0,0,1,2022-04-23T04:17:32.3570454Z,0
5.44137,101.0109309,Daerah: Perak<br>No:1252<br>Hex coord:(48;32),n/a,0,0,0,0,0,0,1,2022-04-23T04:17:33.2406454Z,0
5.43359,101.0244776,Daerah: Perak<br>No:1253<br>Hex coord:(49;32),n/a,0,0,0,0,0,0,1,2022-04-23T04:17:34.0592482Z,0
5.44137,101.0380243,Daerah: Perak<br>No:1254<br>Hex coord:(50;32),n/a,0,0,0,0,0,0,1,2022-04-23T04:17:34.9312189Z,0
5.43359,101.051571,Daerah: Perak<br>No:1255<br>Hex coord:(51;32),n/a,0,0,0,0,0,0,1,2022-04-23T04:17:35.7641565Z,0
5.44137,101.0651177,Daerah: Perak<br>No:1256<br>Hex coord:(52;32),n/a,0,0,0,0,0,0,1,2022-04-23T04:17:36.6195395Z,0
5.43359,101.0786644,Daerah: Perak<br>No:1257<br>Hex coord:(53;32),n/a,0,0,0,0,0,0,1,2022-04-23T04:17:37.6100075Z,0
5.44137,101.0922111,Daerah: Perak<br>No:1258<br>Hex coord:(54;32),n/a,0,0,0,0,0,0,1,2022-04-23T04:17:38.5217578Z,0
5.43359,101.1057578,Daerah: Perak<br>No:1259<br>Hex coord:(55;32),n/a,0,0,0,0,0,0,1,2022-04-23T04:17:39.5839318Z,0
5.44137,101.1193045,Daerah: Perak<br>No:1260<br>Hex coord:(56;32),n/a,0,0,0,0,0,0,1,2022-04-23T04:17:40.4366823Z,0
5.43359,101.1328512,Daerah: Perak<br>No:1261<br>Hex coord:(57;32),n/a,19 ,0,0,0,0,0,1,2022-04-23T04:17:41.1964931Z,0
5.44137,101.1463979,Daerah: Perak<br>No:1262<br>Hex coord:(58;32),n/a,1 ,0,0,0,0,0,1,2022-04-23T04:17:41.9644711Z,0
5.43359,101.1599446,Daerah: Perak<br>No:1263<br>Hex coord:(59;32),n/a,0,0,0,0,0,0,1,2022-04-23T04:17:42.7556905Z,0
5.44137,101.1734913,Daerah: Perak<br>No:1264<br>Hex coord:(60;32),n/a,0,0,0,0,0,0,1,2022-04-23T04:17:43.6662993Z,0
5.43359,101.187038,Daerah: Perak<br>No:1265<br>Hex coord:(61;32),n/a,0,0,0,0,0,0,1,2022-04-23T04:17:44.4885454Z,0
5.44137,101.2005847,Daerah: Perak<br>No:1266<br>Hex coord:(62;32),n/a,5 ,0,0,0,0,0,1,2022-04-23T04:17:45.2898983Z,0
5.43359,101.2141314,Daerah: Perak<br>No:1267<br>Hex coord:(63;32),n/a,0,0,0,0,0,0,1,2022-04-23T04:17:46.0444061Z,0
5.44137,101.2276781,Daerah: Perak<br>No:1268<br>Hex coord:(64;32),n/a,1 ,0,0,0,0,0,1,2022-04-23T04:17:46.8382449Z,0
5.43359,101.2412249,Daerah: Perak<br>No:1269<br>Hex coord:(65;32),n/a,0,0,0,0,0,0,1,2022-04-23T04:17:47.5994813Z,0
5.44137,101.2547716,Daerah: Perak<br>No:1270<br>Hex coord:(66;32),n/a,0,0,0,0,0,0,1,2022-04-23T04:17:48.4724756Z,0
5.43359,101.2683183,Daerah: Perak<br>No:1271<br>Hex coord:(67;32),n/a,0,0,0,0,0,0,1,2022-04-23T04:17:49.3916767Z,0
5.44137,101.281865,Daerah: Perak<br>No:1272<br>Hex coord:(68;32),n/a,0,0,0,0,0,0,1,2022-04-23T04:17:50.1740506Z,0
5.43359,101.2954117,Daerah: Perak<br>No:1273<br>Hex coord:(69;32),n/a,0,0,0,0,0,0,1,2022-04-23T04:17:50.9077940Z,0
5.44137,101.3089584,Daerah: Perak<br>No:1274<br>Hex coord:(70;32),n/a,0,0,0,0,0,0,1,2022-04-23T04:17:51.6418129Z,0
5.43359,101.3225051,Daerah: Perak<br>No:1275<br>Hex coord:(71;32),n/a,0,0,0,0,0,0,1,2022-04-23T04:17:52.4887391Z,0
5.44137,101.3360518,Daerah: Perak<br>No:1276<br>Hex coord:(72;32),n/a,0,0,0,0,0,0,1,2022-04-23T04:17:53.4134811Z,0
5.43359,101.3495985,Daerah: Perak<br>No:1277<br>Hex coord:(73;32),n/a,0,0,0,0,0,0,1,2022-04-23T04:17:54.2609423Z,0
5.44137,101.3631452,Daerah: Perak<br>No:1278<br>Hex coord:(74;32),n/a,0,0,0,0,0,0,1,2022-04-23T04:17:55.1564084Z,0
5.43359,101.3766919,Daerah: Perak<br>No:1279<br>Hex coord:(75;32),n/a,0,0,0,0,0,0,1,2022-04-23T04:17:55.9733067Z,0
5.44137,101.3902386,Daerah: Perak<br>No:1280<br>Hex coord:(76;32),n/a,0,0,0,0,0,0,1,2022-04-23T04:17:56.7834794Z,0
5.43359,101.4037853,Daerah: Perak<br>No:1281<br>Hex coord:(77;32),n/a,0,0,0,0,0,0,1,2022-04-23T04:17:57.5231066Z,0
5.44137,101.417332,Daerah: Perak<br>No:1282<br>Hex coord:(78;32),n/a,0,0,0,0,0,0,1,2022-04-23T04:17:58.3089836Z,0
5.43359,101.4308787,Daerah: Perak<br>No:1283<br>Hex coord:(79;32),n/a,0,0,0,0,0,0,1,2022-04-23T04:17:59.1216052Z,0
5.44137,101.4444254,Daerah: Perak<br>No:1284<br>Hex coord:(80;32),n/a,0,0,0,0,0,0,1,2022-04-23T04:17:59.9167379Z,0
5.43359,101.4579721,Daerah: Perak<br>No:1285<br>Hex coord:(81;32),n/a,0,0,0,0,0,0,1,2022-04-23T04:18:00.7067137Z,0
5.44137,101.4715188,Daerah: Perak<br>No:1286<br>Hex coord:(82;32),n/a,0,0,0,0,0,0,1,2022-04-23T04:18:01.5093152Z,0
5.43359,101.4850655,Daerah: Perak<br>No:1287<br>Hex coord:(83;32),n/a,0,0,0,0,0,0,1,2022-04-23T04:18:02.2841325Z,0
5.44137,101.4986123,Daerah: Perak<br>No:1288<br>Hex coord:(84;32),n/a,0,0,0,0,0,0,1,2022-04-23T04:18:03.1767167Z,0
5.43359,101.512159,Daerah: Perak<br>No:1289<br>Hex coord:(85;32),n/a,0,0,0,0,0,0,1,2022-04-23T04:18:04.2553951Z,0
5.44137,101.5257057,Daerah: Perak<br>No:1290<br>Hex coord:(86;32),n/a,0,0,0,0,0,0,1,2022-04-23T04:18:04.9987863Z,0
5.43359,101.5392524,Daerah: Perak<br>No:1291<br>Hex coord:(87;32),n/a,0,0,0,0,0,0,1,2022-04-23T04:18:05.7730142Z,0
5.44137,101.5527991,Daerah: Perak<br>No:1292<br>Hex coord:(88;32),n/a,0,0,0,0,0,0,1,2022-04-23T04:18:06.5420370Z,0
5.43359,101.5663458,Daerah: Perak<br>No:1293<br>Hex coord:(89;32),n/a,0,0,0,0,0,0,1,2022-04-23T04:18:07.3511457Z,0
5.44137,101.5798925,Daerah: Perak<br>No:1294<br>Hex coord:(90;32),n/a,0,0,0,0,0,0,1,2022-04-23T04:18:08.0880414Z,0
5.43359,101.5934392,Daerah: Perak<br>No:1295<br>Hex coord:(91;32),n/a,0,0,0,0,0,0,1,2022-04-23T04:18:08.8266869Z,0
5.44137,101.6069859,Daerah: Perak<br>No:1296<br>Hex coord:(92;32),n/a,0,0,0,0,0,0,1,2022-04-23T04:18:09.6581061Z,0
5.43359,101.6205326,Daerah: Perak<br>No:1297<br>Hex coord:(93;32),n/a,0,0,0,0,0,0,1,2022-04-23T04:18:10.4088561Z,0
5.44137,101.6340793,Daerah: Perak<br>No:1298<br>Hex coord:(94;32),n/a,0,0,0,0,0,0,1,2022-04-23T04:18:11.1723880Z,0
5.43359,101.647626,Daerah: Perak<br>No:1299<br>Hex coord:(95;32),n/a,0,0,0,0,0,0,1,2022-04-23T04:18:11.9299426Z,0
5.44137,101.6611727,Daerah: Perak<br>No:1300<br>Hex coord:(96;32),n/a,0,0,0,0,0,0,1,2022-04-23T04:18:12.6835170Z,0
5.43359,101.6747194,Daerah: Perak<br>No:1301<br>Hex coord:(97;32),n/a,0,0,0,0,0,0,1,2022-04-23T04:18:13.4445785Z,0
5.44137,101.6882661,Daerah: Perak<br>No:1302<br>Hex coord:(98;32),n/a,0,0,0,0,0,0,1,2022-04-23T04:18:14.2185680Z,0
5.43359,101.7018128,Daerah: Perak<br>No:1303<br>Hex coord:(99;32),n/a,0,0,0,0,0,0,1,2022-04-23T04:18:15.0076874Z,0
5.44137,101.7153595,Daerah: Perak<br>No:1304<br>Hex coord:(100;32),n/a,0,0,0,0,0,0,1,2022-04-23T04:18:15.7901208Z,0
5.43359,101.7289062,Daerah: Perak<br>No:1305<br>Hex coord:(101;32),n/a,0,0,0,0,0,0,1,2022-04-23T04:18:16.5649570Z,0
5.42581,100.8754638,Daerah: Perak<br>No:1306<br>Hex coord:(38;33),n/a,0,0,0,0,0,0,1,2022-04-23T04:18:17.3046382Z,0
5.41803,100.8890105,Daerah: Perak<br>No:1307<br>Hex coord:(39;33),n/a,0,0,0,0,0,0,1,2022-04-23T04:18:18.0567310Z,0
5.42581,100.9025572,Daerah: Perak<br>No:1308<br>Hex coord:(40;33),n/a,0,0,0,0,0,0,1,2022-04-23T04:18:18.8389686Z,0
5.41803,100.9161039,Daerah: Perak<br>No:1309<br>Hex coord:(41;33),n/a,0,0,0,0,0,0,1,2022-04-23T04:18:19.6019962Z,0
5.42581,100.9296506,Daerah: Perak<br>No:1310<br>Hex coord:(42;33),n/a,0,0,0,0,0,0,1,2022-04-23T04:18:20.3490101Z,0
5.41803,100.9431973,Daerah: Perak<br>No:1311<br>Hex coord:(43;33),n/a,0,0,0,0,0,0,1,2022-04-23T04:18:21.0971141Z,0
5.42581,100.956744,Daerah: Perak<br>No:1312<br>Hex coord:(44;33),n/a,0,0,0,0,0,0,1,2022-04-23T04:18:21.8958934Z,0
5.41803,100.9702907,Daerah: Perak<br>No:1313<br>Hex coord:(45;33),n/a,0,0,0,0,0,0,1,2022-04-23T04:18:22.7015300Z,0
5.42581,100.9838374,Daerah: Perak<br>No:1314<br>Hex coord:(46;33),n/a,0,0,0,0,0,0,1,2022-04-23T04:18:23.4784373Z,0
5.41803,100.9973842,Daerah: Perak<br>No:1315<br>Hex coord:(47;33),n/a,0,0,0,0,0,0,1,2022-04-23T04:18:25.2624520Z,0
5.42581,101.0109309,Daerah: Perak<br>No:1316<br>Hex coord:(48;33),n/a,0,0,0,0,0,0,1,2022-04-23T04:18:26.0170034Z,0
5.41803,101.0244776,Daerah: Perak<br>No:1317<br>Hex coord:(49;33),n/a,0,0,0,0,0,0,1,2022-04-23T04:18:26.8209916Z,0
5.42581,101.0380243,Daerah: Perak<br>No:1318<br>Hex coord:(50;33),n/a,0,0,0,0,0,0,1,2022-04-23T04:18:27.5747614Z,0
5.41803,101.051571,Daerah: Perak<br>No:1319<br>Hex coord:(51;33),n/a,0,0,0,0,0,0,1,2022-04-23T04:18:28.3418706Z,0
5.42581,101.0651177,Daerah: Perak<br>No:1320<br>Hex coord:(52;33),n/a,0,0,0,0,0,0,1,2022-04-23T04:18:29.1215445Z,0
5.41803,101.0786644,Daerah: Perak<br>No:1321<br>Hex coord:(53;33),n/a,0,0,0,0,0,0,1,2022-04-23T04:18:29.8846038Z,0
5.42581,101.0922111,Daerah: Perak<br>No:1322<br>Hex coord:(54;33),n/a,0,0,0,0,0,0,1,2022-04-23T04:18:30.6662254Z,0
5.41803,101.1057578,Daerah: Perak<br>No:1323<br>Hex coord:(55;33),n/a,0,0,0,0,0,0,1,2022-04-23T04:18:31.4215532Z,0
5.42581,101.1193045,Daerah: Perak<br>No:1324<br>Hex coord:(56;33),n/a,1 ,0,0,0,0,0,1,2022-04-23T04:18:32.1951592Z,0
5.41803,101.1328512,Daerah: Perak<br>No:1325<br>Hex coord:(57;33),n/a,1 ,0,0,0,0,0,1,2022-04-23T04:18:32.9446690Z,0
5.42581,101.1463979,Daerah: Perak<br>No:1326<br>Hex coord:(58;33),n/a,0,0,0,0,0,0,1,2022-04-23T04:18:33.7273516Z,0
5.41803,101.1599446,Daerah: Perak<br>No:1327<br>Hex coord:(59;33),n/a,0,0,0,0,0,0,1,2022-04-23T04:18:34.4719993Z,0
5.42581,101.1734913,Daerah: Perak<br>No:1328<br>Hex coord:(60;33),n/a,0,0,0,0,0,0,1,2022-04-23T04:18:35.2136237Z,0
5.41803,101.187038,Daerah: Perak<br>No:1329<br>Hex coord:(61;33),n/a,0,0,0,0,0,0,1,2022-04-23T04:18:36.0015225Z,0
5.42581,101.2005847,Daerah: Perak<br>No:1330<br>Hex coord:(62;33),n/a,0,0,0,0,0,0,1,2022-04-23T04:18:36.7750388Z,0
5.41803,101.2141314,Daerah: Perak<br>No:1331<br>Hex coord:(63;33),n/a,0,0,0,0,0,0,1,2022-04-23T04:18:37.5481334Z,0
5.42581,101.2276781,Daerah: Perak<br>No:1332<br>Hex coord:(64;33),n/a,0,0,0,0,0,0,1,2022-04-23T04:18:38.5481639Z,0
5.41803,101.2412249,Daerah: Perak<br>No:1333<br>Hex coord:(65;33),n/a,0,0,0,0,0,0,1,2022-04-23T04:18:39.3076642Z,0
5.42581,101.2547716,Daerah: Perak<br>No:1334<br>Hex coord:(66;33),n/a,0,0,0,0,0,0,1,2022-04-23T04:18:40.1067073Z,0
5.41803,101.2683183,Daerah: Perak<br>No:1335<br>Hex coord:(67;33),n/a,0,0,0,0,0,0,1,2022-04-23T04:18:40.9207430Z,0
5.42581,101.281865,Daerah: Perak<br>No:1336<br>Hex coord:(68;33),n/a,0,0,0,0,0,0,1,2022-04-23T04:18:41.7107326Z,0
5.41803,101.2954117,Daerah: Perak<br>No:1337<br>Hex coord:(69;33),n/a,0,0,0,0,0,0,1,2022-04-23T04:18:42.5214453Z,0
5.42581,101.3089584,Daerah: Perak<br>No:1338<br>Hex coord:(70;33),n/a,0,0,0,0,0,0,1,2022-04-23T04:18:43.3128745Z,0
5.41803,101.3225051,Daerah: Perak<br>No:1339<br>Hex coord:(71;33),n/a,0,0,0,0,0,0,1,2022-04-23T04:18:44.1126594Z,0
5.42581,101.3360518,Daerah: Perak<br>No:1340<br>Hex coord:(72;33),n/a,0,0,0,0,0,0,1,2022-04-23T04:18:44.8874103Z,0
5.41803,101.3495985,Daerah: Perak<br>No:1341<br>Hex coord:(73;33),n/a,0,0,0,0,0,0,1,2022-04-23T04:18:45.6272929Z,0
5.42581,101.3631452,Daerah: Perak<br>No:1342<br>Hex coord:(74;33),n/a,0,0,0,0,0,0,1,2022-04-23T04:18:46.5145708Z,0
5.41803,101.3766919,Daerah: Perak<br>No:1343<br>Hex coord:(75;33),n/a,0,0,0,0,0,0,1,2022-04-23T04:18:47.3590552Z,0
5.42581,101.3902386,Daerah: Perak<br>No:1344<br>Hex coord:(76;33),n/a,0,0,0,0,0,0,1,2022-04-23T04:18:48.1423041Z,0
5.41803,101.4037853,Daerah: Perak<br>No:1345<br>Hex coord:(77;33),n/a,0,0,0,0,0,0,1,2022-04-23T04:18:48.9130152Z,0
5.42581,101.417332,Daerah: Perak<br>No:1346<br>Hex coord:(78;33),n/a,0,0,0,0,0,0,1,2022-04-23T04:18:49.6772003Z,0
5.41803,101.4308787,Daerah: Perak<br>No:1347<br>Hex coord:(79;33),n/a,0,0,0,0,0,0,1,2022-04-23T04:18:50.4528480Z,0
5.42581,101.4444254,Daerah: Perak<br>No:1348<br>Hex coord:(80;33),n/a,0,0,0,0,0,0,1,2022-04-23T04:18:52.1932700Z,0
5.41803,101.4579721,Daerah: Perak<br>No:1349<br>Hex coord:(81;33),n/a,0,0,0,0,0,0,1,2022-04-23T04:18:52.9611080Z,0
5.42581,101.4715188,Daerah: Perak<br>No:1350<br>Hex coord:(82;33),n/a,0,0,0,0,0,0,1,2022-04-23T04:18:53.7358082Z,0
5.41803,101.4850655,Daerah: Perak<br>No:1351<br>Hex coord:(83;33),n/a,0,0,0,0,0,0,1,2022-04-23T04:18:54.5390380Z,0
5.42581,101.4986123,Daerah: Perak<br>No:1352<br>Hex coord:(84;33),n/a,0,0,0,0,0,0,1,2022-04-23T04:18:55.2866120Z,0
5.41803,101.512159,Daerah: Perak<br>No:1353<br>Hex coord:(85;33),n/a,0,0,0,0,0,0,1,2022-04-23T04:18:56.0573959Z,0
5.42581,101.5257057,Daerah: Perak<br>No:1354<br>Hex coord:(86;33),n/a,0,0,0,0,0,0,1,2022-04-23T04:18:56.8246280Z,0
5.41803,101.5392524,Daerah: Perak<br>No:1355<br>Hex coord:(87;33),n/a,0,0,0,0,0,0,1,2022-04-23T04:18:57.6123050Z,0
5.42581,101.5527991,Daerah: Perak<br>No:1356<br>Hex coord:(88;33),n/a,0,0,0,0,0,0,1,2022-04-23T04:18:58.3817794Z,0
5.41803,101.5663458,Daerah: Perak<br>No:1357<br>Hex coord:(89;33),n/a,0,0,0,0,0,0,1,2022-04-23T04:18:59.1565772Z,0
5.42581,101.5798925,Daerah: Perak<br>No:1358<br>Hex coord:(90;33),n/a,0,0,0,0,0,0,1,2022-04-23T04:18:59.9149268Z,0
5.41803,101.5934392,Daerah: Perak<br>No:1359<br>Hex coord:(91;33),n/a,0,0,0,0,0,0,1,2022-04-23T04:19:00.8074445Z,0
5.42581,101.6069859,Daerah: Perak<br>No:1360<br>Hex coord:(92;33),n/a,0,0,0,0,0,0,1,2022-04-23T04:19:01.5602124Z,0
5.41803,101.6205326,Daerah: Perak<br>No:1361<br>Hex coord:(93;33),n/a,0,0,0,0,0,0,1,2022-04-23T04:19:02.3223775Z,0
5.42581,101.6340793,Daerah: Perak<br>No:1362<br>Hex coord:(94;33),n/a,0,0,0,0,0,0,1,2022-04-23T04:19:03.0754836Z,0
5.41803,101.647626,Daerah: Perak<br>No:1363<br>Hex coord:(95;33),n/a,0,0,0,0,0,0,1,2022-04-23T04:19:03.8565091Z,0
5.42581,101.6611727,Daerah: Perak<br>No:1364<br>Hex coord:(96;33),n/a,0,0,0,0,0,0,1,2022-04-23T04:19:04.5962598Z,0
5.41803,101.6747194,Daerah: Perak<br>No:1365<br>Hex coord:(97;33),n/a,0,0,0,0,0,0,1,2022-04-23T04:19:05.4147708Z,0
5.42581,101.6882661,Daerah: Perak<br>No:1366<br>Hex coord:(98;33),n/a,0,0,0,0,0,0,1,2022-04-23T04:19:06.2018202Z,0
5.41803,101.7018128,Daerah: Perak<br>No:1367<br>Hex coord:(99;33),n/a,0,0,0,0,0,0,1,2022-04-23T04:19:06.9937141Z,0
5.42581,101.7153595,Daerah: Perak<br>No:1368<br>Hex coord:(100;33),n/a,0,0,0,0,0,0,1,2022-04-23T04:19:08.7426137Z,0
5.41803,101.7289062,Daerah: Perak<br>No:1369<br>Hex coord:(101;33),n/a,0,0,0,0,0,0,1,2022-04-23T04:19:09.4943233Z,0
5.42581,101.742453,Daerah: Perak<br>No:1370<br>Hex coord:(102;33),n/a,0,0,0,0,0,0,1,2022-04-23T04:19:10.2687893Z,0
5.41025,100.8754638,Daerah: Perak<br>No:1371<br>Hex coord:(38;34),n/a,0,0,0,0,0,0,1,2022-04-23T04:19:11.0301937Z,0
5.40247,100.8890105,Daerah: Perak<br>No:1372<br>Hex coord:(39;34),n/a,0,0,0,0,0,0,1,2022-04-23T04:19:11.9175473Z,0
5.41025,100.9025572,Daerah: Perak<br>No:1373<br>Hex coord:(40;34),n/a,0,0,0,0,0,0,1,2022-04-23T04:19:12.6985733Z,0
5.40247,100.9161039,Daerah: Perak<br>No:1374<br>Hex coord:(41;34),n/a,0,0,0,0,0,0,1,2022-04-23T04:19:13.5271056Z,0
5.41025,100.9296506,Daerah: Perak<br>No:1375<br>Hex coord:(42;34),n/a,0,0,0,0,0,0,1,2022-04-23T04:19:14.3092832Z,0
5.40247,100.9431973,Daerah: Perak<br>No:1376<br>Hex coord:(43;34),n/a,0,0,0,0,0,0,1,2022-04-23T04:19:15.0766125Z,0
5.41025,100.956744,Daerah: Perak<br>No:1377<br>Hex coord:(44;34),n/a,0,0,0,0,0,0,1,2022-04-23T04:19:15.8460484Z,0
5.40247,100.9702907,Daerah: Perak<br>No:1378<br>Hex coord:(45;34),n/a,0,0,0,0,0,0,1,2022-04-23T04:19:16.7077611Z,0
5.41025,100.9838374,Daerah: Perak<br>No:1379<br>Hex coord:(46;34),n/a,0,0,0,0,0,0,1,2022-04-23T04:19:17.4548308Z,0
5.40247,100.9973842,Daerah: Perak<br>No:1380<br>Hex coord:(47;34),n/a,0,0,0,0,0,0,1,2022-04-23T04:19:18.2353003Z,0
5.41025,101.0109309,Daerah: Perak<br>No:1381<br>Hex coord:(48;34),n/a,0,0,0,0,0,0,1,2022-04-23T04:19:19.0110963Z,0
5.40247,101.0244776,Daerah: Perak<br>No:1382<br>Hex coord:(49;34),n/a,0,0,0,0,0,0,1,2022-04-23T04:19:19.7808223Z,0
5.41025,101.0380243,Daerah: Perak<br>No:1383<br>Hex coord:(50;34),n/a,0,0,0,0,0,0,1,2022-04-23T04:19:20.5552639Z,0
5.40247,101.051571,Daerah: Perak<br>No:1384<br>Hex coord:(51;34),n/a,0,0,0,0,0,0,1,2022-04-23T04:19:21.3284907Z,0
5.41025,101.0651177,Daerah: Perak<br>No:1385<br>Hex coord:(52;34),n/a,0,0,0,0,0,0,1,2022-04-23T04:19:22.0935019Z,0
5.40247,101.0786644,Daerah: Perak<br>No:1386<br>Hex coord:(53;34),n/a,0,0,0,0,0,0,1,2022-04-23T04:19:22.9764377Z,0
5.41025,101.0922111,Daerah: Perak<br>No:1387<br>Hex coord:(54;34),n/a,0,0,0,0,0,0,1,2022-04-23T04:19:23.7259174Z,0
5.40247,101.1057578,Daerah: Perak<br>No:1388<br>Hex coord:(55;34),n/a,0,0,0,0,0,0,1,2022-04-23T04:19:24.4967848Z,0
5.41025,101.1193045,Daerah: Perak<br>No:1389<br>Hex coord:(56;34),n/a,2 ,0,0,0,0,0,1,2022-04-23T04:19:25.2617183Z,0
5.40247,101.1328512,Daerah: Perak<br>No:1390<br>Hex coord:(57;34),n/a,1 ,0,0,0,0,0,1,2022-04-23T04:19:26.0457357Z,0
5.41025,101.1463979,Daerah: Perak<br>No:1391<br>Hex coord:(58;34),n/a,0,0,0,0,0,0,1,2022-04-23T04:19:26.7678779Z,0
5.40247,101.1599446,Daerah: Perak<br>No:1392<br>Hex coord:(59;34),n/a,0,0,0,0,0,0,1,2022-04-23T04:19:27.5482622Z,0
5.41025,101.1734913,Daerah: Perak<br>No:1393<br>Hex coord:(60;34),n/a,0,0,0,0,0,0,1,2022-04-23T04:19:28.3166842Z,0
5.40247,101.187038,Daerah: Perak<br>No:1394<br>Hex coord:(61;34),n/a,0,0,0,0,0,0,1,2022-04-23T04:19:29.0748151Z,0
5.41025,101.2005847,Daerah: Perak<br>No:1395<br>Hex coord:(62;34),n/a,0,0,0,0,0,0,1,2022-04-23T04:19:29.8515113Z,0
5.40247,101.2141314,Daerah: Perak<br>No:1396<br>Hex coord:(63;34),n/a,0,0,0,0,0,0,1,2022-04-23T04:19:30.6259581Z,0
5.41025,101.2276781,Daerah: Perak<br>No:1397<br>Hex coord:(64;34),n/a,0,0,0,0,0,0,1,2022-04-23T04:19:31.3803132Z,0
5.40247,101.2412249,Daerah: Perak<br>No:1398<br>Hex coord:(65;34),n/a,0,0,0,0,0,0,1,2022-04-23T04:19:32.2469029Z,0
5.41025,101.2547716,Daerah: Perak<br>No:1399<br>Hex coord:(66;34),n/a,0,0,0,0,0,0,1,2022-04-23T04:19:33.0307033Z,0
5.40247,101.2683183,Daerah: Perak<br>No:1400<br>Hex coord:(67;34),n/a,0,0,0,0,0,0,1,2022-04-23T04:19:33.8394680Z,0
5.41025,101.281865,Daerah: Perak<br>No:1401<br>Hex coord:(68;34),n/a,0,0,0,0,0,0,1,2022-04-23T04:19:34.6272991Z,0
5.40247,101.2954117,Daerah: Perak<br>No:1402<br>Hex coord:(69;34),n/a,0,0,0,0,0,0,1,2022-04-23T04:19:35.5123969Z,0
5.41025,101.3089584,Daerah: Perak<br>No:1403<br>Hex coord:(70;34),n/a,0,0,0,0,0,0,1,2022-04-23T04:19:36.2737315Z,0
5.40247,101.3225051,Daerah: Perak<br>No:1404<br>Hex coord:(71;34),n/a,0,0,0,0,0,0,1,2022-04-23T04:19:37.0544002Z,0
5.41025,101.3360518,Daerah: Perak<br>No:1405<br>Hex coord:(72;34),n/a,0,0,0,0,0,0,1,2022-04-23T04:19:37.8066417Z,0
5.40247,101.3495985,Daerah: Perak<br>No:1406<br>Hex coord:(73;34),n/a,0,0,0,0,0,0,1,2022-04-23T04:19:38.6093003Z,0
5.41025,101.3631452,Daerah: Perak<br>No:1407<br>Hex coord:(74;34),n/a,0,0,0,0,0,0,1,2022-04-23T04:19:39.4015681Z,0
5.40247,101.3766919,Daerah: Perak<br>No:1408<br>Hex coord:(75;34),n/a,0,0,0,0,0,0,1,2022-04-23T04:19:40.1998158Z,0
5.41025,101.3902386,Daerah: Perak<br>No:1409<br>Hex coord:(76;34),n/a,0,0,0,0,0,0,1,2022-04-23T04:19:40.9933268Z,0
5.40247,101.4037853,Daerah: Perak<br>No:1410<br>Hex coord:(77;34),n/a,0,0,0,0,0,0,1,2022-04-23T04:19:41.7641960Z,0
5.41025,101.417332,Daerah: Perak<br>No:1411<br>Hex coord:(78;34),n/a,0,0,0,0,0,0,1,2022-04-23T04:19:42.5398959Z,0
5.40247,101.4308787,Daerah: Perak<br>No:1412<br>Hex coord:(79;34),n/a,0,0,0,0,0,0,1,2022-04-23T04:19:43.3942270Z,0
5.41025,101.4444254,Daerah: Perak<br>No:1413<br>Hex coord:(80;34),n/a,0,0,0,0,0,0,1,2022-04-23T04:19:44.1654892Z,0
5.40247,101.4579721,Daerah: Perak<br>No:1414<br>Hex coord:(81;34),n/a,0,0,0,0,0,0,1,2022-04-23T04:19:44.9342160Z,0
5.41025,101.4715188,Daerah: Perak<br>No:1415<br>Hex coord:(82;34),n/a,0,0,0,0,0,0,1,2022-04-23T04:19:45.7298364Z,0
5.40247,101.4850655,Daerah: Perak<br>No:1416<br>Hex coord:(83;34),n/a,0,0,0,0,0,0,1,2022-04-23T04:19:46.4671611Z,0
5.41025,101.4986123,Daerah: Perak<br>No:1417<br>Hex coord:(84;34),n/a,0,0,0,0,0,0,1,2022-04-23T04:19:47.2116516Z,0
5.40247,101.512159,Daerah: Perak<br>No:1418<br>Hex coord:(85;34),n/a,0,0,0,0,0,0,1,2022-04-23T04:19:47.9635521Z,0
5.41025,101.5257057,Daerah: Perak<br>No:1419<br>Hex coord:(86;34),n/a,0,0,0,0,0,0,1,2022-04-23T04:19:48.7146496Z,0
5.40247,101.5392524,Daerah: Perak<br>No:1420<br>Hex coord:(87;34),n/a,0,0,0,0,0,0,1,2022-04-23T04:19:49.5162258Z,0
5.41025,101.5527991,Daerah: Perak<br>No:1421<br>Hex coord:(88;34),n/a,0,0,0,0,0,0,1,2022-04-23T04:19:50.2775402Z,0
5.40247,101.5663458,Daerah: Perak<br>No:1422<br>Hex coord:(89;34),n/a,0,0,0,0,0,0,1,2022-04-23T04:19:51.0574032Z,0
5.41025,101.5798925,Daerah: Perak<br>No:1423<br>Hex coord:(90;34),n/a,0,0,0,0,0,0,1,2022-04-23T04:19:51.8109313Z,0
5.40247,101.5934392,Daerah: Perak<br>No:1424<br>Hex coord:(91;34),n/a,0,0,0,0,0,0,1,2022-04-23T04:19:52.6706255Z,0
5.41025,101.6069859,Daerah: Perak<br>No:1425<br>Hex coord:(92;34),n/a,0,0,0,0,0,0,1,2022-04-23T04:19:53.4087769Z,0
5.40247,101.6205326,Daerah: Perak<br>No:1426<br>Hex coord:(93;34),n/a,0,0,0,0,0,0,1,2022-04-23T04:19:54.1761204Z,0
5.41025,101.6340793,Daerah: Perak<br>No:1427<br>Hex coord:(94;34),n/a,0,0,0,0,0,0,1,2022-04-23T04:19:54.9255643Z,0
5.40247,101.647626,Daerah: Perak<br>No:1428<br>Hex coord:(95;34),n/a,0,0,0,0,0,0,1,2022-04-23T04:19:55.6821699Z,0
5.41025,101.6611727,Daerah: Perak<br>No:1429<br>Hex coord:(96;34),n/a,0,0,0,0,0,0,1,2022-04-23T04:19:56.4507007Z,0
5.40247,101.6747194,Daerah: Perak<br>No:1430<br>Hex coord:(97;34),n/a,0,0,0,0,0,0,1,2022-04-23T04:19:57.2453951Z,0
5.41025,101.6882661,Daerah: Perak<br>No:1431<br>Hex coord:(98;34),n/a,0,0,0,0,0,0,1,2022-04-23T04:19:58.0067848Z,0
5.40247,101.7018128,Daerah: Perak<br>No:1432<br>Hex coord:(99;34),n/a,0,0,0,0,0,0,1,2022-04-23T04:19:58.7635418Z,0
5.41025,101.7153595,Daerah: Perak<br>No:1433<br>Hex coord:(100;34),n/a,0,0,0,0,0,0,1,2022-04-23T04:19:59.5047254Z,0
5.40247,101.7289062,Daerah: Perak<br>No:1434<br>Hex coord:(101;34),n/a,0,0,0,0,0,0,1,2022-04-23T04:20:00.3481468Z,0
5.38691,100.8619171,Daerah: Perak<br>No:1435<br>Hex coord:(37;35),n/a,0,0,0,0,0,0,1,2022-04-23T04:20:01.1042760Z,0
5.39469,100.8754638,Daerah: Perak<br>No:1436<br>Hex coord:(38;35),n/a,0,0,0,0,0,0,1,2022-04-23T04:20:01.8614150Z,0
5.38691,100.8890105,Daerah: Perak<br>No:1437<br>Hex coord:(39;35),n/a,0,0,0,0,0,0,1,2022-04-23T04:20:02.6365432Z,0
5.39469,100.9025572,Daerah: Perak<br>No:1438<br>Hex coord:(40;35),n/a,0,0,0,0,0,0,1,2022-04-23T04:20:03.4183402Z,0
5.38691,100.9161039,Daerah: Perak<br>No:1439<br>Hex coord:(41;35),n/a,0,0,0,0,0,0,1,2022-04-23T04:20:04.1742839Z,0
5.39469,100.9296506,Daerah: Perak<br>No:1440<br>Hex coord:(42;35),n/a,0,0,0,0,0,0,1,2022-04-23T04:20:04.9443545Z,0
5.38691,100.9431973,Daerah: Perak<br>No:1441<br>Hex coord:(43;35),n/a,0,0,0,0,0,0,1,2022-04-23T04:20:05.6753674Z,0
5.39469,100.956744,Daerah: Perak<br>No:1442<br>Hex coord:(44;35),n/a,0,0,0,0,0,0,1,2022-04-23T04:20:06.4891628Z,0
5.38691,100.9702907,Daerah: Perak<br>No:1443<br>Hex coord:(45;35),n/a,0,0,0,0,0,0,1,2022-04-23T04:20:07.3019581Z,0
5.39469,100.9838374,Daerah: Perak<br>No:1444<br>Hex coord:(46;35),n/a,0,0,0,0,0,0,1,2022-04-23T04:20:08.0584325Z,0
5.38691,100.9973842,Daerah: Perak<br>No:1445<br>Hex coord:(47;35),n/a,0,0,0,0,0,0,1,2022-04-23T04:20:08.8174690Z,0
5.39469,101.0109309,Daerah: Perak<br>No:1446<br>Hex coord:(48;35),n/a,0,0,0,0,0,0,1,2022-04-23T04:20:09.6174957Z,0
5.38691,101.0244776,Daerah: Perak<br>No:1447<br>Hex coord:(49;35),n/a,0,0,0,0,0,0,1,2022-04-23T04:20:10.3926183Z,0
5.39469,101.0380243,Daerah: Perak<br>No:1448<br>Hex coord:(50;35),n/a,0,0,0,0,0,0,1,2022-04-23T04:20:11.1361659Z,0
5.38691,101.051571,Daerah: Perak<br>No:1449<br>Hex coord:(51;35),n/a,7 ,0,0,0,0,0,1,2022-04-23T04:20:11.9272868Z,0
5.39469,101.0651177,Daerah: Perak<br>No:1450<br>Hex coord:(52;35),n/a,0,0,0,0,0,0,1,2022-04-23T04:20:12.7112995Z,0
5.38691,101.0786644,Daerah: Perak<br>No:1451<br>Hex coord:(53;35),n/a,0,0,0,0,0,0,1,2022-04-23T04:20:13.4917384Z,0
5.39469,101.0922111,Daerah: Perak<br>No:1452<br>Hex coord:(54;35),n/a,0,0,0,0,0,0,1,2022-04-23T04:20:14.2733997Z,0
5.38691,101.1057578,Daerah: Perak<br>No:1453<br>Hex coord:(55;35),n/a,0,0,0,0,0,0,1,2022-04-23T04:20:15.0539321Z,0
5.39469,101.1193045,Daerah: Perak<br>No:1454<br>Hex coord:(56;35),n/a,0,0,0,0,0,0,1,2022-04-23T04:20:15.8378789Z,0
5.38691,101.1328512,Daerah: Perak<br>No:1455<br>Hex coord:(57;35),n/a,0,0,0,0,0,0,1,2022-04-23T04:20:17.5859095Z,0
5.39469,101.1463979,Daerah: Perak<br>No:1456<br>Hex coord:(58;35),n/a,0,0,0,0,0,0,1,2022-04-23T04:20:18.5461711Z,0
5.38691,101.1599446,Daerah: Perak<br>No:1457<br>Hex coord:(59;35),n/a,0,0,0,0,0,0,1,2022-04-23T04:20:19.2861097Z,0
5.39469,101.1734913,Daerah: Perak<br>No:1458<br>Hex coord:(60;35),n/a,0,0,0,0,0,0,1,2022-04-23T04:20:20.0475556Z,0
5.38691,101.187038,Daerah: Perak<br>No:1459<br>Hex coord:(61;35),n/a,0,0,0,0,0,0,1,2022-04-23T04:20:20.8614667Z,0
5.39469,101.2005847,Daerah: Perak<br>No:1460<br>Hex coord:(62;35),n/a,0,0,0,0,0,0,1,2022-04-23T04:20:22.6295662Z,0
5.38691,101.2141314,Daerah: Perak<br>No:1461<br>Hex coord:(63;35),n/a,0,0,0,0,0,0,1,2022-04-23T04:20:23.3873900Z,0
5.39469,101.2276781,Daerah: Perak<br>No:1462<br>Hex coord:(64;35),n/a,0,0,0,0,0,0,1,2022-04-23T04:20:24.1489364Z,0
5.38691,101.2412249,Daerah: Perak<br>No:1463<br>Hex coord:(65;35),n/a,0,0,0,0,0,0,1,2022-04-23T04:20:24.9447247Z,0
5.39469,101.2547716,Daerah: Perak<br>No:1464<br>Hex coord:(66;35),n/a,0,0,0,0,0,0,1,2022-04-23T04:20:25.7001465Z,0
5.38691,101.2683183,Daerah: Perak<br>No:1465<br>Hex coord:(67;35),n/a,0,0,0,0,0,0,1,2022-04-23T04:20:26.4603289Z,0
5.39469,101.281865,Daerah: Perak<br>No:1466<br>Hex coord:(68;35),n/a,0,0,0,0,0,0,1,2022-04-23T04:20:27.2371814Z,0
5.38691,101.2954117,Daerah: Perak<br>No:1467<br>Hex coord:(69;35),n/a,0,0,0,0,0,0,1,2022-04-23T04:20:28.0330369Z,0
5.39469,101.3089584,Daerah: Perak<br>No:1468<br>Hex coord:(70;35),n/a,0,0,0,0,0,0,1,2022-04-23T04:20:28.8004791Z,0
5.38691,101.3225051,Daerah: Perak<br>No:1469<br>Hex coord:(71;35),n/a,0,0,0,0,0,0,1,2022-04-23T04:20:29.5475546Z,0
5.39469,101.3360518,Daerah: Perak<br>No:1470<br>Hex coord:(72;35),n/a,0,0,0,0,0,0,1,2022-04-23T04:20:30.3067144Z,0
5.38691,101.3495985,Daerah: Perak<br>No:1471<br>Hex coord:(73;35),n/a,0,0,0,0,0,0,1,2022-04-23T04:20:31.2120608Z,0
5.39469,101.3631452,Daerah: Perak<br>No:1472<br>Hex coord:(74;35),n/a,0,0,0,0,0,0,1,2022-04-23T04:20:31.9436624Z,0
5.38691,101.3766919,Daerah: Perak<br>No:1473<br>Hex coord:(75;35),n/a,0,0,0,0,0,0,1,2022-04-23T04:20:32.7182056Z,0
5.39469,101.3902386,Daerah: Perak<br>No:1474<br>Hex coord:(76;35),n/a,0,0,0,0,0,0,1,2022-04-23T04:20:33.4925435Z,0
5.38691,101.4037853,Daerah: Perak<br>No:1475<br>Hex coord:(77;35),n/a,0,0,0,0,0,0,1,2022-04-23T04:20:34.2515892Z,0
5.39469,101.417332,Daerah: Perak<br>No:1476<br>Hex coord:(78;35),n/a,0,0,0,0,0,0,1,2022-04-23T04:20:34.9963805Z,0
5.38691,101.4308787,Daerah: Perak<br>No:1477<br>Hex coord:(79;35),n/a,0,0,0,0,0,0,1,2022-04-23T04:20:35.7315425Z,0
5.39469,101.4444254,Daerah: Perak<br>No:1478<br>Hex coord:(80;35),n/a,0,0,0,0,0,0,1,2022-04-23T04:20:36.4880652Z,0
5.38691,101.4579721,Daerah: Perak<br>No:1479<br>Hex coord:(81;35),n/a,0,0,0,0,0,0,1,2022-04-23T04:20:37.2654324Z,0
5.39469,101.4715188,Daerah: Perak<br>No:1480<br>Hex coord:(82;35),n/a,0,0,0,0,0,0,1,2022-04-23T04:20:38.0407413Z,0
5.38691,101.4850655,Daerah: Perak<br>No:1481<br>Hex coord:(83;35),n/a,0,0,0,0,0,0,1,2022-04-23T04:20:38.8007625Z,0
5.39469,101.4986123,Daerah: Perak<br>No:1482<br>Hex coord:(84;35),n/a,0,0,0,0,0,0,1,2022-04-23T04:20:39.5866537Z,0
5.38691,101.512159,Daerah: Perak<br>No:1483<br>Hex coord:(85;35),n/a,0,0,0,0,0,0,1,2022-04-23T04:20:40.3538631Z,0
5.39469,101.5257057,Daerah: Perak<br>No:1484<br>Hex coord:(86;35),n/a,0,0,0,0,0,0,1,2022-04-23T04:20:41.1279586Z,0
5.38691,101.5392524,Daerah: Perak<br>No:1485<br>Hex coord:(87;35),n/a,0,0,0,0,0,0,1,2022-04-23T04:20:42.9022067Z,0
5.39469,101.5527991,Daerah: Perak<br>No:1486<br>Hex coord:(88;35),n/a,0,0,0,0,0,0,1,2022-04-23T04:20:43.6856444Z,0
5.38691,101.5663458,Daerah: Perak<br>No:1487<br>Hex coord:(89;35),n/a,0,0,0,0,0,0,1,2022-04-23T04:20:44.4574504Z,0
5.39469,101.5798925,Daerah: Perak<br>No:1488<br>Hex coord:(90;35),n/a,0,0,0,0,0,0,1,2022-04-23T04:20:45.2216319Z,0
5.38691,101.5934392,Daerah: Perak<br>No:1489<br>Hex coord:(91;35),n/a,0,0,0,0,0,0,1,2022-04-23T04:20:45.9861537Z,0
5.39469,101.6069859,Daerah: Perak<br>No:1490<br>Hex coord:(92;35),n/a,0,0,0,0,0,0,1,2022-04-23T04:20:46.7715040Z,0
5.38691,101.6205326,Daerah: Perak<br>No:1491<br>Hex coord:(93;35),n/a,0,0,0,0,0,0,1,2022-04-23T04:20:47.5329956Z,0
5.39469,101.6340793,Daerah: Perak<br>No:1492<br>Hex coord:(94;35),n/a,0,0,0,0,0,0,1,2022-04-23T04:20:48.4965581Z,0
5.38691,101.647626,Daerah: Perak<br>No:1493<br>Hex coord:(95;35),n/a,0,0,0,0,0,0,1,2022-04-23T04:20:49.2675688Z,0
5.39469,101.6611727,Daerah: Perak<br>No:1494<br>Hex coord:(96;35),n/a,0,0,0,0,0,0,1,2022-04-23T04:20:50.0243700Z,0
5.38691,101.6747194,Daerah: Perak<br>No:1495<br>Hex coord:(97;35),n/a,0,0,0,0,0,0,1,2022-04-23T04:20:50.7927465Z,0
5.39469,101.6882661,Daerah: Perak<br>No:1496<br>Hex coord:(98;35),n/a,0,0,0,0,0,0,1,2022-04-23T04:20:52.5860409Z,0
5.38691,101.7018128,Daerah: Perak<br>No:1497<br>Hex coord:(99;35),n/a,0,0,0,0,0,0,1,2022-04-23T04:20:53.4042972Z,0
5.39469,101.7153595,Daerah: Perak<br>No:1498<br>Hex coord:(100;35),n/a,0,0,0,0,0,0,1,2022-04-23T04:20:54.1809305Z,0
5.38691,101.7289062,Daerah: Perak<br>No:1499<br>Hex coord:(101;35),n/a,0,0,0,0,0,0,1,2022-04-23T04:20:54.9570581Z,0
5.37135,100.8619171,Daerah: Perak<br>No:1500<br>Hex coord:(37;36),n/a,0,0,0,0,0,0,1,2022-04-23T04:20:55.7094355Z,0
5.37913,100.8754638,Daerah: Perak<br>No:1501<br>Hex coord:(38;36),n/a,0,0,0,0,0,0,1,2022-04-23T04:20:56.5061211Z,0
5.37135,100.8890105,Daerah: Perak<br>No:1502<br>Hex coord:(39;36),n/a,0,0,0,0,0,0,1,2022-04-23T04:20:57.2736595Z,0
5.37913,100.9025572,Daerah: Perak<br>No:1503<br>Hex coord:(40;36),n/a,0,0,0,0,0,0,1,2022-04-23T04:20:58.0420254Z,0
5.37135,100.9161039,Daerah: Perak<br>No:1504<br>Hex coord:(41;36),n/a,0,0,0,0,0,0,1,2022-04-23T04:20:58.7983354Z,0
5.37913,100.9296506,Daerah: Perak<br>No:1505<br>Hex coord:(42;36),n/a,0,0,0,0,0,0,1,2022-04-23T04:20:59.5948494Z,0
5.37135,100.9431973,Daerah: Perak<br>No:1506<br>Hex coord:(43;36),n/a,0,0,0,0,0,0,1,2022-04-23T04:21:00.3618149Z,0
5.37913,100.956744,Daerah: Perak<br>No:1507<br>Hex coord:(44;36),n/a,0,0,0,0,0,0,1,2022-04-23T04:21:01.2045265Z,0
5.37135,100.9702907,Daerah: Perak<br>No:1508<br>Hex coord:(45;36),n/a,0,0,0,0,0,0,1,2022-04-23T04:21:02.0507396Z,0
5.37913,100.9838374,Daerah: Perak<br>No:1509<br>Hex coord:(46;36),n/a,0,0,0,0,0,0,1,2022-04-23T04:21:03.0136559Z,0
5.37135,100.9973842,Daerah: Perak<br>No:1510<br>Hex coord:(47;36),n/a,0,0,0,0,0,0,1,2022-04-23T04:21:03.8719945Z,0
5.37913,101.0109309,Daerah: Perak<br>No:1511<br>Hex coord:(48;36),n/a,0,0,0,0,0,0,1,2022-04-23T04:21:04.7030319Z,0
5.37135,101.0244776,Daerah: Perak<br>No:1512<br>Hex coord:(49;36),n/a,0,0,0,0,0,0,1,2022-04-23T04:21:05.5532822Z,0
5.37913,101.0380243,Daerah: Perak<br>No:1513<br>Hex coord:(50;36),n/a,0,0,0,0,0,0,1,2022-04-23T04:21:06.3761820Z,0
5.37135,101.051571,Daerah: Perak<br>No:1514<br>Hex coord:(51;36),n/a,1 ,0,0,0,0,0,1,2022-04-23T04:21:07.1920307Z,0
5.37913,101.0651177,Daerah: Perak<br>No:1515<br>Hex coord:(52;36),n/a,0,0,0,0,0,0,1,2022-04-23T04:21:08.0285872Z,0
5.37135,101.0786644,Daerah: Perak<br>No:1516<br>Hex coord:(53;36),n/a,0,0,0,0,0,0,1,2022-04-23T04:21:08.9181254Z,0
5.37913,101.0922111,Daerah: Perak<br>No:1517<br>Hex coord:(54;36),n/a,0,0,0,0,0,0,1,2022-04-23T04:21:09.7494213Z,0
5.37135,101.1057578,Daerah: Perak<br>No:1518<br>Hex coord:(55;36),n/a,0,0,0,0,0,0,1,2022-04-23T04:21:10.6051567Z,0
5.37913,101.1193045,Daerah: Perak<br>No:1519<br>Hex coord:(56;36),n/a,0,0,0,0,0,0,1,2022-04-23T04:21:11.4123872Z,0
5.37135,101.1328512,Daerah: Perak<br>No:1520<br>Hex coord:(57;36),n/a,0,0,0,0,0,0,1,2022-04-23T04:21:12.1637776Z,0
5.37913,101.1463979,Daerah: Perak<br>No:1521<br>Hex coord:(58;36),n/a,0,0,0,0,0,0,1,2022-04-23T04:21:12.9118616Z,0
5.37135,101.1599446,Daerah: Perak<br>No:1522<br>Hex coord:(59;36),n/a,0,0,0,0,0,0,1,2022-04-23T04:21:13.6929416Z,0
5.37913,101.1734913,Daerah: Perak<br>No:1523<br>Hex coord:(60;36),n/a,0,0,0,0,0,0,1,2022-04-23T04:21:14.4428948Z,0
5.37135,101.187038,Daerah: Perak<br>No:1524<br>Hex coord:(61;36),n/a,0,0,0,0,0,0,1,2022-04-23T04:21:15.2092871Z,0
5.37913,101.2005847,Daerah: Perak<br>No:1525<br>Hex coord:(62;36),n/a,0,0,0,0,0,0,1,2022-04-23T04:21:15.9630365Z,0
5.37135,101.2141314,Daerah: Perak<br>No:1526<br>Hex coord:(63;36),n/a,0,0,0,0,0,0,1,2022-04-23T04:21:16.7079402Z,0
5.37913,101.2276781,Daerah: Perak<br>No:1527<br>Hex coord:(64;36),n/a,0,0,0,0,0,0,1,2022-04-23T04:21:17.4698444Z,0
5.37135,101.2412249,Daerah: Perak<br>No:1528<br>Hex coord:(65;36),n/a,0,0,0,0,0,0,1,2022-04-23T04:21:18.2719908Z,0
5.37913,101.2547716,Daerah: Perak<br>No:1529<br>Hex coord:(66;36),n/a,0,0,0,0,0,0,1,2022-04-23T04:21:19.0997682Z,0
5.37135,101.2683183,Daerah: Perak<br>No:1530<br>Hex coord:(67;36),n/a,0,0,0,0,0,0,1,2022-04-23T04:21:19.9453284Z,0
5.37913,101.281865,Daerah: Perak<br>No:1531<br>Hex coord:(68;36),n/a,0,0,0,0,0,0,1,2022-04-23T04:21:20.7162011Z,0
5.37135,101.2954117,Daerah: Perak<br>No:1532<br>Hex coord:(69;36),n/a,0,0,0,0,0,0,1,2022-04-23T04:21:21.4694998Z,0
5.37913,101.3089584,Daerah: Perak<br>No:1533<br>Hex coord:(70;36),n/a,0,0,0,0,0,0,1,2022-04-23T04:21:22.2245295Z,0
5.37135,101.3225051,Daerah: Perak<br>No:1534<br>Hex coord:(71;36),n/a,0,0,0,0,0,0,1,2022-04-23T04:21:22.9977542Z,0
5.37913,101.3360518,Daerah: Perak<br>No:1535<br>Hex coord:(72;36),n/a,0,0,0,0,0,0,1,2022-04-23T04:21:23.7485325Z,0
5.37135,101.3495985,Daerah: Perak<br>No:1536<br>Hex coord:(73;36),n/a,0,0,0,0,0,0,1,2022-04-23T04:21:24.5218309Z,0
5.37913,101.3631452,Daerah: Perak<br>No:1537<br>Hex coord:(74;36),n/a,0,0,0,0,0,0,1,2022-04-23T04:21:25.2928679Z,0
5.37135,101.3766919,Daerah: Perak<br>No:1538<br>Hex coord:(75;36),n/a,0,0,0,0,0,0,1,2022-04-23T04:21:26.1237515Z,0
5.37913,101.3902386,Daerah: Perak<br>No:1539<br>Hex coord:(76;36),n/a,0,0,0,0,0,0,1,2022-04-23T04:21:26.8907360Z,0
5.37135,101.4037853,Daerah: Perak<br>No:1540<br>Hex coord:(77;36),n/a,0,0,0,0,0,0,1,2022-04-23T04:21:27.6463237Z,0
5.37913,101.417332,Daerah: Perak<br>No:1541<br>Hex coord:(78;36),n/a,0,0,0,0,0,0,1,2022-04-23T04:21:28.4756211Z,0
5.37135,101.4308787,Daerah: Perak<br>No:1542<br>Hex coord:(79;36),n/a,0,0,0,0,0,0,1,2022-04-23T04:21:29.2179794Z,0
5.37913,101.4444254,Daerah: Perak<br>No:1543<br>Hex coord:(80;36),n/a,0,0,0,0,0,0,1,2022-04-23T04:21:29.9765856Z,0
5.37135,101.4579721,Daerah: Perak<br>No:1544<br>Hex coord:(81;36),n/a,0,0,0,0,0,0,1,2022-04-23T04:21:30.7677085Z,0
5.37913,101.4715188,Daerah: Perak<br>No:1545<br>Hex coord:(82;36),n/a,0,0,0,0,0,0,1,2022-04-23T04:21:31.5488840Z,0
5.37135,101.4850655,Daerah: Perak<br>No:1546<br>Hex coord:(83;36),n/a,0,0,0,0,0,0,1,2022-04-23T04:21:32.3016625Z,0
5.37913,101.4986123,Daerah: Perak<br>No:1547<br>Hex coord:(84;36),n/a,0,0,0,0,0,0,1,2022-04-23T04:21:33.1494486Z,0
5.37135,101.512159,Daerah: Perak<br>No:1548<br>Hex coord:(85;36),n/a,0,0,0,0,0,0,1,2022-04-23T04:21:33.8811829Z,0
5.37913,101.5257057,Daerah: Perak<br>No:1549<br>Hex coord:(86;36),n/a,0,0,0,0,0,0,1,2022-04-23T04:21:34.6268831Z,0
5.37135,101.5392524,Daerah: Perak<br>No:1550<br>Hex coord:(87;36),n/a,0,0,0,0,0,0,1,2022-04-23T04:21:35.4144106Z,0
5.37913,101.5527991,Daerah: Perak<br>No:1551<br>Hex coord:(88;36),n/a,0,0,0,0,0,0,1,2022-04-23T04:21:36.1979240Z,0
5.37135,101.5663458,Daerah: Perak<br>No:1552<br>Hex coord:(89;36),n/a,0,0,0,0,0,0,1,2022-04-23T04:21:36.9607607Z,0
5.37913,101.5798925,Daerah: Perak<br>No:1553<br>Hex coord:(90;36),n/a,0,0,0,0,0,0,1,2022-04-23T04:21:37.7344985Z,0
5.37135,101.5934392,Daerah: Perak<br>No:1554<br>Hex coord:(91;36),n/a,0,0,0,0,0,0,1,2022-04-23T04:21:38.5300724Z,0
5.37913,101.6069859,Daerah: Perak<br>No:1555<br>Hex coord:(92;36),n/a,0,0,0,0,0,0,1,2022-04-23T04:21:39.3227806Z,0
5.37135,101.6205326,Daerah: Perak<br>No:1556<br>Hex coord:(93;36),n/a,0,0,0,0,0,0,1,2022-04-23T04:21:40.0802717Z,0
5.37913,101.6340793,Daerah: Perak<br>No:1557<br>Hex coord:(94;36),n/a,0,0,0,0,0,0,1,2022-04-23T04:21:40.8470035Z,0
5.37135,101.647626,Daerah: Perak<br>No:1558<br>Hex coord:(95;36),n/a,0,0,0,0,0,0,1,2022-04-23T04:21:41.5879911Z,0
5.37913,101.6611727,Daerah: Perak<br>No:1559<br>Hex coord:(96;36),n/a,0,0,0,0,0,0,1,2022-04-23T04:21:42.3355708Z,0
5.37135,101.6747194,Daerah: Perak<br>No:1560<br>Hex coord:(97;36),n/a,0,0,0,0,0,0,1,2022-04-23T04:21:43.0871954Z,0
5.37913,101.6882661,Daerah: Perak<br>No:1561<br>Hex coord:(98;36),n/a,0,0,0,0,0,0,1,2022-04-23T04:21:43.9087901Z,0
5.37135,101.7018128,Daerah: Perak<br>No:1562<br>Hex coord:(99;36),n/a,0,0,0,0,0,0,1,2022-04-23T04:21:44.6876731Z,0
5.37913,101.7153595,Daerah: Perak<br>No:1563<br>Hex coord:(100;36),n/a,0,0,0,0,0,0,1,2022-04-23T04:21:45.4488586Z,0
5.37135,101.7289062,Daerah: Perak<br>No:1564<br>Hex coord:(101;36),n/a,0,0,0,0,0,0,1,2022-04-23T04:21:46.2398430Z,0
5.37913,101.742453,Daerah: Perak<br>No:1565<br>Hex coord:(102;36),n/a,0,0,0,0,0,0,1,2022-04-23T04:21:47.0583013Z,0
5.35579,100.8619171,Daerah: Perak<br>No:1566<br>Hex coord:(37;37),n/a,0,0,0,0,0,0,1,2022-04-23T04:21:47.8347891Z,0
5.36357,100.8754638,Daerah: Perak<br>No:1567<br>Hex coord:(38;37),n/a,0,0,0,0,0,0,1,2022-04-23T04:21:48.7152848Z,0
5.35579,100.8890105,Daerah: Perak<br>No:1568<br>Hex coord:(39;37),n/a,0,0,0,0,0,0,1,2022-04-23T04:21:49.4721293Z,0
5.36357,100.9025572,Daerah: Perak<br>No:1569<br>Hex coord:(40;37),n/a,0,0,0,0,0,0,1,2022-04-23T04:21:50.2332653Z,0
5.35579,100.9161039,Daerah: Perak<br>No:1570<br>Hex coord:(41;37),n/a,0,0,0,0,0,0,1,2022-04-23T04:21:51.0144921Z,0
5.36357,100.9296506,Daerah: Perak<br>No:1571<br>Hex coord:(42;37),n/a,0,0,0,0,0,0,1,2022-04-23T04:21:51.7731030Z,0
5.35579,100.9431973,Daerah: Perak<br>No:1572<br>Hex coord:(43;37),n/a,0,0,0,0,0,0,1,2022-04-23T04:21:52.5546425Z,0
5.36357,100.956744,Daerah: Perak<br>No:1573<br>Hex coord:(44;37),n/a,0,0,0,0,0,0,1,2022-04-23T04:21:53.3074094Z,0
5.35579,100.9702907,Daerah: Perak<br>No:1574<br>Hex coord:(45;37),n/a,0,0,0,0,0,0,1,2022-04-23T04:21:54.2027643Z,0
5.36357,100.9838374,Daerah: Perak<br>No:1575<br>Hex coord:(46;37),n/a,0,0,0,0,0,0,1,2022-04-23T04:21:54.9792805Z,0
5.35579,100.9973842,Daerah: Perak<br>No:1576<br>Hex coord:(47;37),n/a,0,0,0,0,0,0,1,2022-04-23T04:21:55.7443160Z,0
5.36357,101.0109309,Daerah: Perak<br>No:1577<br>Hex coord:(48;37),n/a,0,0,0,0,0,0,1,2022-04-23T04:21:56.5117625Z,0
5.35579,101.0244776,Daerah: Perak<br>No:1578<br>Hex coord:(49;37),n/a,0,0,0,0,0,0,1,2022-04-23T04:21:57.3033218Z,0
5.36357,101.0380243,Daerah: Perak<br>No:1579<br>Hex coord:(50;37),n/a,0,0,0,0,0,0,1,2022-04-23T04:21:58.2513315Z,0
5.35579,101.051571,Daerah: Perak<br>No:1580<br>Hex coord:(51;37),n/a,0,0,0,0,0,0,1,2022-04-23T04:21:59.0211166Z,0
5.36357,101.0651177,Daerah: Perak<br>No:1581<br>Hex coord:(52;37),n/a,0,0,0,0,0,0,1,2022-04-23T04:21:59.7916011Z,0
5.35579,101.0786644,Daerah: Perak<br>No:1582<br>Hex coord:(53;37),n/a,0,0,0,0,0,0,1,2022-04-23T04:22:00.5652877Z,0
5.36357,101.0922111,Daerah: Perak<br>No:1583<br>Hex coord:(54;37),n/a,0,0,0,0,0,0,1,2022-04-23T04:22:01.3207872Z,0
5.35579,101.1057578,Daerah: Perak<br>No:1584<br>Hex coord:(55;37),n/a,0,0,0,0,0,0,1,2022-04-23T04:22:02.0959449Z,0
5.36357,101.1193045,Daerah: Perak<br>No:1585<br>Hex coord:(56;37),n/a,0,0,0,0,0,0,1,2022-04-23T04:22:02.8570382Z,0
5.35579,101.1328512,Daerah: Perak<br>No:1586<br>Hex coord:(57;37),n/a,0,0,0,0,0,0,1,2022-04-23T04:22:03.6032136Z,0
5.36357,101.1463979,Daerah: Perak<br>No:1587<br>Hex coord:(58;37),n/a,0,0,0,0,0,0,1,2022-04-23T04:22:04.3710538Z,0
5.35579,101.1599446,Daerah: Perak<br>No:1588<br>Hex coord:(59;37),n/a,0,0,0,0,0,0,1,2022-04-23T04:22:06.1347052Z,0
5.36357,101.1734913,Daerah: Perak<br>No:1589<br>Hex coord:(60;37),n/a,0,0,0,0,0,0,1,2022-04-23T04:22:07.0155677Z,0
5.35579,101.187038,Daerah: Perak<br>No:1590<br>Hex coord:(61;37),n/a,0,0,0,0,0,0,1,2022-04-23T04:22:07.7549124Z,0
5.36357,101.2005847,Daerah: Perak<br>No:1591<br>Hex coord:(62;37),n/a,0,0,0,0,0,0,1,2022-04-23T04:22:08.5176763Z,0
5.35579,101.2141314,Daerah: Perak<br>No:1592<br>Hex coord:(63;37),n/a,0,0,0,0,0,0,1,2022-04-23T04:22:09.2771387Z,0
5.36357,101.2276781,Daerah: Perak<br>No:1593<br>Hex coord:(64;37),n/a,0,0,0,0,0,0,1,2022-04-23T04:22:10.0161892Z,0
5.35579,101.2412249,Daerah: Perak<br>No:1594<br>Hex coord:(65;37),n/a,0,0,0,0,0,0,1,2022-04-23T04:22:10.8066588Z,0
5.36357,101.2547716,Daerah: Perak<br>No:1595<br>Hex coord:(66;37),n/a,0,0,0,0,0,0,1,2022-04-23T04:22:11.5641799Z,0
5.35579,101.2683183,Daerah: Perak<br>No:1596<br>Hex coord:(67;37),n/a,0,0,0,0,0,0,1,2022-04-23T04:22:12.3449547Z,0
5.36357,101.281865,Daerah: Perak<br>No:1597<br>Hex coord:(68;37),n/a,0,0,0,0,0,0,1,2022-04-23T04:22:13.1190885Z,0
5.35579,101.2954117,Daerah: Perak<br>No:1598<br>Hex coord:(69;37),n/a,0,0,0,0,0,0,1,2022-04-23T04:22:14.0683028Z,0
5.36357,101.3089584,Daerah: Perak<br>No:1599<br>Hex coord:(70;37),n/a,0,0,0,0,0,0,1,2022-04-23T04:22:14.8442165Z,0
5.35579,101.3225051,Daerah: Perak<br>No:1600<br>Hex coord:(71;37),n/a,0,0,0,0,0,0,1,2022-04-23T04:22:15.6601446Z,0
5.36357,101.3360518,Daerah: Perak<br>No:1601<br>Hex coord:(72;37),n/a,0,0,0,0,0,0,1,2022-04-23T04:22:16.4426836Z,0
5.35579,101.3495985,Daerah: Perak<br>No:1602<br>Hex coord:(73;37),n/a,0,0,0,0,0,0,1,2022-04-23T04:22:17.2292998Z,0
5.36357,101.3631452,Daerah: Perak<br>No:1603<br>Hex coord:(74;37),n/a,0,0,0,0,0,0,1,2022-04-23T04:22:17.9740726Z,0
5.35579,101.3766919,Daerah: Perak<br>No:1604<br>Hex coord:(75;37),n/a,0,0,0,0,0,0,1,2022-04-23T04:22:18.7312495Z,0
5.36357,101.3902386,Daerah: Perak<br>No:1605<br>Hex coord:(76;37),n/a,0,0,0,0,0,0,1,2022-04-23T04:22:19.5103406Z,0
5.35579,101.4037853,Daerah: Perak<br>No:1606<br>Hex coord:(77;37),n/a,0,0,0,0,0,0,1,2022-04-23T04:22:20.2600824Z,0
5.36357,101.417332,Daerah: Perak<br>No:1607<br>Hex coord:(78;37),n/a,0,0,0,0,0,0,1,2022-04-23T04:22:21.0357529Z,0
5.35579,101.4308787,Daerah: Perak<br>No:1608<br>Hex coord:(79;37),n/a,0,0,0,0,0,0,1,2022-04-23T04:22:21.7856670Z,0
5.36357,101.4444254,Daerah: Perak<br>No:1609<br>Hex coord:(80;37),n/a,0,0,0,0,0,0,1,2022-04-23T04:22:22.5710805Z,0
5.35579,101.4579721,Daerah: Perak<br>No:1610<br>Hex coord:(81;37),n/a,0,0,0,0,0,0,1,2022-04-23T04:22:23.3702835Z,0
5.36357,101.4715188,Daerah: Perak<br>No:1611<br>Hex coord:(82;37),n/a,0,0,0,0,0,0,1,2022-04-23T04:22:24.1709617Z,0
5.35579,101.4850655,Daerah: Perak<br>No:1612<br>Hex coord:(83;37),n/a,0,0,0,0,0,0,1,2022-04-23T04:22:24.9279474Z,0
5.36357,101.4986123,Daerah: Perak<br>No:1613<br>Hex coord:(84;37),n/a,0,0,0,0,0,0,1,2022-04-23T04:22:25.6913764Z,0
5.35579,101.512159,Daerah: Perak<br>No:1614<br>Hex coord:(85;37),n/a,0,0,0,0,0,0,1,2022-04-23T04:22:26.4476499Z,0
5.36357,101.5257057,Daerah: Perak<br>No:1615<br>Hex coord:(86;37),n/a,0,0,0,0,0,0,1,2022-04-23T04:22:27.2559368Z,0
5.35579,101.5392524,Daerah: Perak<br>No:1616<br>Hex coord:(87;37),n/a,0,0,0,0,0,0,1,2022-04-23T04:22:28.0039360Z,0
5.36357,101.5527991,Daerah: Perak<br>No:1617<br>Hex coord:(88;37),n/a,0,0,0,0,0,0,1,2022-04-23T04:22:28.7989343Z,0
5.35579,101.5663458,Daerah: Perak<br>No:1618<br>Hex coord:(89;37),n/a,0,0,0,0,0,0,1,2022-04-23T04:22:29.5626725Z,0
5.36357,101.5798925,Daerah: Perak<br>No:1619<br>Hex coord:(90;37),n/a,0,0,0,0,0,0,1,2022-04-23T04:22:30.3319263Z,0
5.35579,101.5934392,Daerah: Perak<br>No:1620<br>Hex coord:(91;37),n/a,0,0,0,0,0,0,1,2022-04-23T04:22:31.0906406Z,0
5.36357,101.6069859,Daerah: Perak<br>No:1621<br>Hex coord:(92;37),n/a,0,0,0,0,0,0,1,2022-04-23T04:22:31.8970187Z,0
5.36357,101.6340793,Daerah: Perak<br>No:1622<br>Hex coord:(94;37),n/a,0,0,0,0,0,0,1,2022-04-23T04:22:32.6667695Z,0
5.35579,101.647626,Daerah: Perak<br>No:1623<br>Hex coord:(95;37),n/a,0,0,0,0,0,0,1,2022-04-23T04:22:33.4563864Z,0
5.36357,101.6611727,Daerah: Perak<br>No:1624<br>Hex coord:(96;37),n/a,0,0,0,0,0,0,1,2022-04-23T04:22:34.2770374Z,0
5.35579,101.6747194,Daerah: Perak<br>No:1625<br>Hex coord:(97;37),n/a,0,0,0,0,0,0,1,2022-04-23T04:22:35.0256416Z,0
5.36357,101.6882661,Daerah: Perak<br>No:1626<br>Hex coord:(98;37),n/a,0,0,0,0,0,0,1,2022-04-23T04:22:35.7740768Z,0
5.35579,101.7018128,Daerah: Perak<br>No:1627<br>Hex coord:(99;37),n/a,0,0,0,0,0,0,1,2022-04-23T04:22:36.5714630Z,0
5.36357,101.7153595,Daerah: Perak<br>No:1628<br>Hex coord:(100;37),n/a,0,0,0,0,0,0,1,2022-04-23T04:22:37.3345007Z,0
5.34023,100.8348237,Daerah: Perak<br>No:1629<br>Hex coord:(35;38),n/a,0,0,0,0,0,0,1,2022-04-23T04:22:38.1088570Z,0
5.34801,100.8483704,Daerah: Perak<br>No:1630<br>Hex coord:(36;38),n/a,0,0,0,0,0,0,1,2022-04-23T04:22:38.8803652Z,0
5.34023,100.8619171,Daerah: Perak<br>No:1631<br>Hex coord:(37;38),n/a,0,0,0,0,0,0,1,2022-04-23T04:22:39.6433919Z,0
5.34801,100.8754638,Daerah: Perak<br>No:1632<br>Hex coord:(38;38),n/a,0,0,0,0,0,0,1,2022-04-23T04:22:40.4385900Z,0
5.34023,100.8890105,Daerah: Perak<br>No:1633<br>Hex coord:(39;38),n/a,0,0,0,0,0,0,1,2022-04-23T04:22:41.2086805Z,0
5.34801,100.9025572,Daerah: Perak<br>No:1634<br>Hex coord:(40;38),n/a,0,0,0,0,0,0,1,2022-04-23T04:22:41.9660763Z,0
5.34023,100.9161039,Daerah: Perak<br>No:1635<br>Hex coord:(41;38),n/a,0,0,0,0,0,0,1,2022-04-23T04:22:42.7133763Z,0
5.34801,100.9296506,Daerah: Perak<br>No:1636<br>Hex coord:(42;38),n/a,0,0,0,0,0,0,1,2022-04-23T04:22:43.4946455Z,0
5.34023,100.9431973,Daerah: Perak<br>No:1637<br>Hex coord:(43;38),n/a,0,0,0,0,0,0,1,2022-04-23T04:22:44.3295196Z,0
5.34801,100.956744,Daerah: Perak<br>No:1638<br>Hex coord:(44;38),n/a,0,0,0,0,0,0,1,2022-04-23T04:22:45.4169637Z,0
5.34023,100.9702907,Daerah: Perak<br>No:1639<br>Hex coord:(45;38),n/a,0,0,0,0,0,0,1,2022-04-23T04:22:46.2783631Z,0
5.34801,100.9838374,Daerah: Perak<br>No:1640<br>Hex coord:(46;38),n/a,0,0,0,0,0,0,1,2022-04-23T04:22:47.0694693Z,0
5.34023,100.9973842,Daerah: Perak<br>No:1641<br>Hex coord:(47;38),n/a,0,0,0,0,0,0,1,2022-04-23T04:22:47.8577297Z,0
5.34801,101.0109309,Daerah: Perak<br>No:1642<br>Hex coord:(48;38),n/a,0,0,0,0,0,0,1,2022-04-23T04:22:48.6768541Z,0
5.34023,101.0244776,Daerah: Perak<br>No:1643<br>Hex coord:(49;38),n/a,0,0,0,0,0,0,1,2022-04-23T04:22:49.4507622Z,0
5.34801,101.0380243,Daerah: Perak<br>No:1644<br>Hex coord:(50;38),n/a,0,0,0,0,0,0,1,2022-04-23T04:22:50.2375651Z,0
5.34023,101.051571,Daerah: Perak<br>No:1645<br>Hex coord:(51;38),n/a,0,0,0,0,0,0,1,2022-04-23T04:22:51.0725367Z,0
5.34801,101.0651177,Daerah: Perak<br>No:1646<br>Hex coord:(52;38),n/a,0,0,0,0,0,0,1,2022-04-23T04:22:51.9015470Z,0
5.34023,101.0786644,Daerah: Perak<br>No:1647<br>Hex coord:(53;38),n/a,0,0,0,0,0,0,1,2022-04-23T04:22:52.7563916Z,0
5.34801,101.0922111,Daerah: Perak<br>No:1648<br>Hex coord:(54;38),n/a,0,0,0,0,0,0,1,2022-04-23T04:22:53.5119420Z,0
5.34023,101.1057578,Daerah: Perak<br>No:1649<br>Hex coord:(55;38),n/a,0,0,0,0,0,0,1,2022-04-23T04:22:54.2915013Z,0
5.34801,101.1193045,Daerah: Perak<br>No:1650<br>Hex coord:(56;38),n/a,0,0,0,0,0,0,1,2022-04-23T04:22:55.1456802Z,0
5.34023,101.1328512,Daerah: Perak<br>No:1651<br>Hex coord:(57;38),n/a,0,0,0,0,0,0,1,2022-04-23T04:22:55.9140012Z,0
5.34801,101.1463979,Daerah: Perak<br>No:1652<br>Hex coord:(58;38),n/a,0,0,0,0,0,0,1,2022-04-23T04:22:56.6560959Z,0
5.34023,101.1599446,Daerah: Perak<br>No:1653<br>Hex coord:(59;38),n/a,0,0,0,0,0,0,1,2022-04-23T04:22:57.4299878Z,0
5.34801,101.1734913,Daerah: Perak<br>No:1654<br>Hex coord:(60;38),n/a,0,0,0,0,0,0,1,2022-04-23T04:22:58.1940726Z,0
5.34023,101.187038,Daerah: Perak<br>No:1655<br>Hex coord:(61;38),n/a,0,0,0,0,0,0,1,2022-04-23T04:22:58.9484562Z,0
5.34801,101.2005847,Daerah: Perak<br>No:1656<br>Hex coord:(62;38),n/a,0,0,0,0,0,0,1,2022-04-23T04:22:59.7077108Z,0
5.34023,101.2141314,Daerah: Perak<br>No:1657<br>Hex coord:(63;38),n/a,0,0,0,0,0,0,1,2022-04-23T04:23:00.5087651Z,0
5.34801,101.2276781,Daerah: Perak<br>No:1658<br>Hex coord:(64;38),n/a,0,0,0,0,0,0,1,2022-04-23T04:23:01.2578756Z,0
5.34023,101.2412249,Daerah: Perak<br>No:1659<br>Hex coord:(65;38),n/a,0,0,0,0,0,0,1,2022-04-23T04:23:02.0289399Z,0
5.34801,101.2547716,Daerah: Perak<br>No:1660<br>Hex coord:(66;38),n/a,0,0,0,0,0,0,1,2022-04-23T04:23:02.7810867Z,0
5.34023,101.2683183,Daerah: Perak<br>No:1661<br>Hex coord:(67;38),n/a,0,0,0,0,0,0,1,2022-04-23T04:23:03.5368020Z,0
5.34801,101.281865,Daerah: Perak<br>No:1662<br>Hex coord:(68;38),n/a,0,0,0,0,0,0,1,2022-04-23T04:23:04.2858509Z,0
5.34023,101.2954117,Daerah: Perak<br>No:1663<br>Hex coord:(69;38),n/a,0,0,0,0,0,0,1,2022-04-23T04:23:05.0710249Z,0
5.34801,101.3089584,Daerah: Perak<br>No:1664<br>Hex coord:(70;38),n/a,0,0,0,0,0,0,1,2022-04-23T04:23:05.9789544Z,0
5.34023,101.3225051,Daerah: Perak<br>No:1665<br>Hex coord:(71;38),n/a,0,0,0,0,0,0,1,2022-04-23T04:23:06.7407779Z,0
5.34801,101.3360518,Daerah: Perak<br>No:1666<br>Hex coord:(72;38),n/a,0,0,0,0,0,0,1,2022-04-23T04:23:07.4932947Z,0
5.34023,101.3495985,Daerah: Perak<br>No:1667<br>Hex coord:(73;38),n/a,0,0,0,0,0,0,1,2022-04-23T04:23:08.3062794Z,0
5.34801,101.3631452,Daerah: Perak<br>No:1668<br>Hex coord:(74;38),n/a,0,0,0,0,0,0,1,2022-04-23T04:23:09.1488843Z,0
5.34023,101.3766919,Daerah: Perak<br>No:1669<br>Hex coord:(75;38),n/a,0,0,0,0,0,0,1,2022-04-23T04:23:09.9746626Z,0
5.34801,101.3902386,Daerah: Perak<br>No:1670<br>Hex coord:(76;38),n/a,0,0,0,0,0,0,1,2022-04-23T04:23:10.7718485Z,0
5.34023,101.4037853,Daerah: Perak<br>No:1671<br>Hex coord:(77;38),n/a,0,0,0,0,0,0,1,2022-04-23T04:23:11.5150300Z,0
5.34801,101.417332,Daerah: Perak<br>No:1672<br>Hex coord:(78;38),n/a,0,0,0,0,0,0,1,2022-04-23T04:23:12.2764891Z,0
5.34023,101.4308787,Daerah: Perak<br>No:1673<br>Hex coord:(79;38),n/a,0,0,0,0,0,0,1,2022-04-23T04:23:13.1186475Z,0
5.34801,101.4444254,Daerah: Perak<br>No:1674<br>Hex coord:(80;38),n/a,0,0,0,0,0,0,1,2022-04-23T04:23:13.8659857Z,0
5.34023,101.4579721,Daerah: Perak<br>No:1675<br>Hex coord:(81;38),n/a,0,0,0,0,0,0,1,2022-04-23T04:23:14.6403556Z,0
5.34801,101.4715188,Daerah: Perak<br>No:1676<br>Hex coord:(82;38),n/a,0,0,0,0,0,0,1,2022-04-23T04:23:15.5255929Z,0
5.34023,101.4850655,Daerah: Perak<br>No:1677<br>Hex coord:(83;38),n/a,0,0,0,0,0,0,1,2022-04-23T04:23:16.3599089Z,0
5.34801,101.4986123,Daerah: Perak<br>No:1678<br>Hex coord:(84;38),n/a,0,0,0,0,0,0,1,2022-04-23T04:23:17.7063854Z,0
5.34023,101.512159,Daerah: Perak<br>No:1679<br>Hex coord:(85;38),n/a,0,0,0,0,0,0,1,2022-04-23T04:23:18.5898666Z,0
5.34801,101.5257057,Daerah: Perak<br>No:1680<br>Hex coord:(86;38),n/a,0,0,0,0,0,0,1,2022-04-23T04:23:19.4436931Z,0
5.34023,101.5392524,Daerah: Perak<br>No:1681<br>Hex coord:(87;38),n/a,0,0,0,0,0,0,1,2022-04-23T04:23:20.2193479Z,0
5.34801,101.5527991,Daerah: Perak<br>No:1682<br>Hex coord:(88;38),n/a,0,0,0,0,0,0,1,2022-04-23T04:23:20.9759359Z,0
5.34023,101.5663458,Daerah: Perak<br>No:1683<br>Hex coord:(89;38),n/a,0,0,0,0,0,0,1,2022-04-23T04:23:21.8004178Z,0
5.34801,101.5798925,Daerah: Perak<br>No:1684<br>Hex coord:(90;38),n/a,0,0,0,0,0,0,1,2022-04-23T04:23:22.6655106Z,0
5.34023,101.5934392,Daerah: Perak<br>No:1685<br>Hex coord:(91;38),n/a,0,0,0,0,0,0,1,2022-04-23T04:23:25.4551436Z,0
5.34801,101.6340793,Daerah: Perak<br>No:1686<br>Hex coord:(94;38),n/a,0,0,0,0,0,0,1,2022-04-23T04:23:26.5464427Z,0
5.34801,101.6611727,Daerah: Perak<br>No:1687<br>Hex coord:(96;38),n/a,0,0,0,0,0,0,1,2022-04-23T04:23:27.3966030Z,0
5.34023,101.6747194,Daerah: Perak<br>No:1688<br>Hex coord:(97;38),n/a,0,0,0,0,0,0,1,2022-04-23T04:23:28.2321254Z,0
5.34801,101.6882661,Daerah: Perak<br>No:1689<br>Hex coord:(98;38),n/a,0,0,0,0,0,0,1,2022-04-23T04:23:29.0439940Z,0
5.32467,100.8348237,Daerah: Perak<br>No:1690<br>Hex coord:(35;39),n/a,0,0,0,0,0,0,1,2022-04-23T04:23:29.8676397Z,0
5.33245,100.8483704,Daerah: Perak<br>No:1691<br>Hex coord:(36;39),n/a,0,0,0,0,0,0,1,2022-04-23T04:23:30.6883101Z,0
5.32467,100.8619171,Daerah: Perak<br>No:1692<br>Hex coord:(37;39),n/a,0,0,0,0,0,0,1,2022-04-23T04:23:31.4540134Z,0
5.33245,100.8754638,Daerah: Perak<br>No:1693<br>Hex coord:(38;39),n/a,0,0,0,0,0,0,1,2022-04-23T04:23:32.3367888Z,0
5.32467,100.8890105,Daerah: Perak<br>No:1694<br>Hex coord:(39;39),n/a,0,0,0,0,0,0,1,2022-04-23T04:23:33.2462858Z,0
5.33245,100.9025572,Daerah: Perak<br>No:1695<br>Hex coord:(40;39),n/a,0,0,0,0,0,0,1,2022-04-23T04:23:34.3668125Z,0
5.32467,100.9161039,Daerah: Perak<br>No:1696<br>Hex coord:(41;39),n/a,0,0,0,0,0,0,1,2022-04-23T04:23:35.1265149Z,0
5.33245,100.9296506,Daerah: Perak<br>No:1697<br>Hex coord:(42;39),n/a,0,0,0,0,0,0,1,2022-04-23T04:23:35.9020155Z,0
5.32467,100.9431973,Daerah: Perak<br>No:1698<br>Hex coord:(43;39),n/a,0,0,0,0,0,0,1,2022-04-23T04:23:36.6865554Z,0
5.33245,100.956744,Daerah: Perak<br>No:1699<br>Hex coord:(44;39),n/a,0,0,0,0,0,0,1,2022-04-23T04:23:37.4826231Z,0
5.32467,100.9702907,Daerah: Perak<br>No:1700<br>Hex coord:(45;39),n/a,0,0,0,0,0,0,1,2022-04-23T04:23:38.2595760Z,0
5.33245,100.9838374,Daerah: Perak<br>No:1701<br>Hex coord:(46;39),n/a,0,0,0,0,0,0,1,2022-04-23T04:23:39.0243018Z,0
5.32467,100.9973842,Daerah: Perak<br>No:1702<br>Hex coord:(47;39),n/a,0,0,0,0,0,0,1,2022-04-23T04:23:39.7611870Z,0
5.33245,101.0109309,Daerah: Perak<br>No:1703<br>Hex coord:(48;39),n/a,0,0,0,0,0,0,1,2022-04-23T04:23:40.5389911Z,0
5.32467,101.0244776,Daerah: Perak<br>No:1704<br>Hex coord:(49;39),n/a,0,0,0,0,0,0,1,2022-04-23T04:23:41.2997462Z,0
5.33245,101.0380243,Daerah: Perak<br>No:1705<br>Hex coord:(50;39),n/a,0,0,0,0,0,0,1,2022-04-23T04:23:42.0663701Z,0
5.32467,101.051571,Daerah: Perak<br>No:1706<br>Hex coord:(51;39),n/a,0,0,0,0,0,0,1,2022-04-23T04:23:42.8378134Z,0
5.33245,101.0651177,Daerah: Perak<br>No:1707<br>Hex coord:(52;39),n/a,0,0,0,0,0,0,1,2022-04-23T04:23:43.6427833Z,0
5.32467,101.0786644,Daerah: Perak<br>No:1708<br>Hex coord:(53;39),n/a,0,0,0,0,0,0,1,2022-04-23T04:23:44.4022200Z,0
5.33245,101.0922111,Daerah: Perak<br>No:1709<br>Hex coord:(54;39),n/a,0,0,0,0,0,0,1,2022-04-23T04:23:45.2102940Z,0
5.32467,101.1057578,Daerah: Perak<br>No:1710<br>Hex coord:(55;39),n/a,0,0,0,0,0,0,1,2022-04-23T04:23:45.9757743Z,0
5.33245,101.1193045,Daerah: Perak<br>No:1711<br>Hex coord:(56;39),n/a,0,0,0,0,0,0,1,2022-04-23T04:23:46.7221361Z,0
5.32467,101.1328512,Daerah: Perak<br>No:1712<br>Hex coord:(57;39),n/a,1 ,0,0,0,0,0,1,2022-04-23T04:23:47.4770749Z,0
5.33245,101.1463979,Daerah: Perak<br>No:1713<br>Hex coord:(58;39),n/a,0,0,0,0,0,0,1,2022-04-23T04:23:48.4765028Z,0
5.32467,101.1599446,Daerah: Perak<br>No:1714<br>Hex coord:(59;39),n/a,0,0,0,0,0,0,1,2022-04-23T04:23:49.2698309Z,0
5.33245,101.1734913,Daerah: Perak<br>No:1715<br>Hex coord:(60;39),n/a,0,0,0,0,0,0,1,2022-04-23T04:23:50.0062375Z,0
5.32467,101.187038,Daerah: Perak<br>No:1716<br>Hex coord:(61;39),n/a,0,0,0,0,0,0,1,2022-04-23T04:23:50.7544088Z,0
5.33245,101.2005847,Daerah: Perak<br>No:1717<br>Hex coord:(62;39),n/a,0,0,0,0,0,0,1,2022-04-23T04:23:51.5149324Z,0
5.32467,101.2141314,Daerah: Perak<br>No:1718<br>Hex coord:(63;39),n/a,0,0,0,0,0,0,1,2022-04-23T04:23:52.2883976Z,0
5.33245,101.2276781,Daerah: Perak<br>No:1719<br>Hex coord:(64;39),n/a,0,0,0,0,0,0,1,2022-04-23T04:23:53.0592470Z,0
5.32467,101.2412249,Daerah: Perak<br>No:1720<br>Hex coord:(65;39),n/a,0,0,0,0,0,0,1,2022-04-23T04:23:53.8177078Z,0
5.33245,101.2547716,Daerah: Perak<br>No:1721<br>Hex coord:(66;39),n/a,0,0,0,0,0,0,1,2022-04-23T04:23:54.5692777Z,0
5.32467,101.2683183,Daerah: Perak<br>No:1722<br>Hex coord:(67;39),n/a,0,0,0,0,0,0,1,2022-04-23T04:23:55.4632582Z,0
5.33245,101.281865,Daerah: Perak<br>No:1723<br>Hex coord:(68;39),n/a,0,0,0,0,0,0,1,2022-04-23T04:23:56.2343504Z,0
5.32467,101.2954117,Daerah: Perak<br>No:1724<br>Hex coord:(69;39),n/a,0,0,0,0,0,0,1,2022-04-23T04:23:57.0083787Z,0
5.33245,101.3089584,Daerah: Perak<br>No:1725<br>Hex coord:(70;39),n/a,0,0,0,0,0,0,1,2022-04-23T04:23:57.7922657Z,0
5.32467,101.3225051,Daerah: Perak<br>No:1726<br>Hex coord:(71;39),n/a,0,0,0,0,0,0,1,2022-04-23T04:23:58.5733721Z,0
5.33245,101.3360518,Daerah: Perak<br>No:1727<br>Hex coord:(72;39),n/a,0,0,0,0,0,0,1,2022-04-23T04:23:59.3394465Z,0
5.32467,101.3495985,Daerah: Perak<br>No:1728<br>Hex coord:(73;39),n/a,0,0,0,0,0,0,1,2022-04-23T04:24:00.1434798Z,0
5.33245,101.3631452,Daerah: Perak<br>No:1729<br>Hex coord:(74;39),n/a,0,0,0,0,0,0,1,2022-04-23T04:24:00.9622471Z,0
5.32467,101.3766919,Daerah: Perak<br>No:1730<br>Hex coord:(75;39),n/a,0,0,0,0,0,0,1,2022-04-23T04:24:01.7084899Z,0
5.33245,101.3902386,Daerah: Perak<br>No:1731<br>Hex coord:(76;39),n/a,0,0,0,0,0,0,1,2022-04-23T04:24:02.4993593Z,0
5.32467,101.4037853,Daerah: Perak<br>No:1732<br>Hex coord:(77;39),n/a,0,0,0,0,0,0,1,2022-04-23T04:24:03.2797224Z,0
5.33245,101.417332,Daerah: Perak<br>No:1733<br>Hex coord:(78;39),n/a,0,0,0,0,0,0,1,2022-04-23T04:24:04.4000296Z,0
5.32467,101.4308787,Daerah: Perak<br>No:1734<br>Hex coord:(79;39),n/a,0,0,0,0,0,0,1,2022-04-23T04:24:05.1466231Z,0
5.33245,101.4444254,Daerah: Perak<br>No:1735<br>Hex coord:(80;39),n/a,0,0,0,0,0,0,1,2022-04-23T04:24:05.8927215Z,0
5.32467,101.4579721,Daerah: Perak<br>No:1736<br>Hex coord:(81;39),n/a,0,0,0,0,0,0,1,2022-04-23T04:24:06.6916893Z,0
5.33245,101.4715188,Daerah: Perak<br>No:1737<br>Hex coord:(82;39),n/a,0,0,0,0,0,0,1,2022-04-23T04:24:07.4559726Z,0
5.32467,101.4850655,Daerah: Perak<br>No:1738<br>Hex coord:(83;39),n/a,0,0,0,0,0,0,1,2022-04-23T04:24:08.2341816Z,0
5.33245,101.4986123,Daerah: Perak<br>No:1739<br>Hex coord:(84;39),n/a,0,0,0,0,0,0,1,2022-04-23T04:24:08.9741942Z,0
5.32467,101.512159,Daerah: Perak<br>No:1740<br>Hex coord:(85;39),n/a,0,0,0,0,0,0,1,2022-04-23T04:24:09.7391687Z,0
5.33245,101.5257057,Daerah: Perak<br>No:1741<br>Hex coord:(86;39),n/a,0,0,0,0,0,0,1,2022-04-23T04:24:10.4888740Z,0
5.32467,101.5392524,Daerah: Perak<br>No:1742<br>Hex coord:(87;39),n/a,0,0,0,0,0,0,1,2022-04-23T04:24:11.2271457Z,0
5.33245,101.5527991,Daerah: Perak<br>No:1743<br>Hex coord:(88;39),n/a,0,0,0,0,0,0,1,2022-04-23T04:24:11.9749365Z,0
5.32467,101.5663458,Daerah: Perak<br>No:1744<br>Hex coord:(89;39),n/a,0,0,0,0,0,0,1,2022-04-23T04:24:12.7314237Z,0
5.30911,100.7535435,Daerah: Perak<br>No:1745<br>Hex coord:(29;40),n/a,0,0,0,0,0,0,1,2022-04-23T04:24:13.4855099Z,0
5.31689,100.7670902,Daerah: Perak<br>No:1746<br>Hex coord:(30;40),n/a,0,0,0,0,0,0,1,2022-04-23T04:24:14.2518363Z,0
5.30911,100.7806369,Daerah: Perak<br>No:1747<br>Hex coord:(31;40),n/a,0,0,0,0,0,0,1,2022-04-23T04:24:15.0134112Z,0
5.31689,100.7941836,Daerah: Perak<br>No:1748<br>Hex coord:(32;40),n/a,0,0,0,0,0,0,1,2022-04-23T04:24:15.8108499Z,0
5.30911,100.8077303,Daerah: Perak<br>No:1749<br>Hex coord:(33;40),n/a,0,0,0,0,0,0,1,2022-04-23T04:24:16.5818197Z,0
5.31689,100.821277,Daerah: Perak<br>No:1750<br>Hex coord:(34;40),n/a,0,0,0,0,0,0,1,2022-04-23T04:24:17.3584750Z,0
5.30911,100.8348237,Daerah: Perak<br>No:1751<br>Hex coord:(35;40),n/a,0,0,0,0,0,0,1,2022-04-23T04:24:18.3863302Z,0
5.31689,100.8483704,Daerah: Perak<br>No:1752<br>Hex coord:(36;40),n/a,0,0,0,0,0,0,1,2022-04-23T04:24:19.1543920Z,0
5.30911,100.8619171,Daerah: Perak<br>No:1753<br>Hex coord:(37;40),n/a,0,0,0,0,0,0,1,2022-04-23T04:24:19.9265977Z,0
5.31689,100.8754638,Daerah: Perak<br>No:1754<br>Hex coord:(38;40),n/a,0,0,0,0,0,0,1,2022-04-23T04:24:20.6974965Z,0
5.30911,100.8890105,Daerah: Perak<br>No:1755<br>Hex coord:(39;40),n/a,0,0,0,0,0,0,1,2022-04-23T04:24:21.4586444Z,0
5.31689,100.9025572,Daerah: Perak<br>No:1756<br>Hex coord:(40;40),n/a,0,0,0,0,0,0,1,2022-04-23T04:24:22.2353093Z,0
5.30911,100.9161039,Daerah: Perak<br>No:1757<br>Hex coord:(41;40),n/a,0,0,0,0,0,0,1,2022-04-23T04:24:22.9675344Z,0
5.31689,100.9296506,Daerah: Perak<br>No:1758<br>Hex coord:(42;40),n/a,0,0,0,0,0,0,1,2022-04-23T04:24:24.7236001Z,0
5.30911,100.9431973,Daerah: Perak<br>No:1759<br>Hex coord:(43;40),n/a,0,0,0,0,0,0,1,2022-04-23T04:24:25.5041765Z,0
5.31689,100.956744,Daerah: Perak<br>No:1760<br>Hex coord:(44;40),n/a,0,0,0,0,0,0,1,2022-04-23T04:24:26.2761806Z,0
5.30911,100.9702907,Daerah: Perak<br>No:1761<br>Hex coord:(45;40),n/a,0,0,0,0,0,0,1,2022-04-23T04:24:27.0488341Z,0
5.31689,100.9838374,Daerah: Perak<br>No:1762<br>Hex coord:(46;40),n/a,0,0,0,0,0,0,1,2022-04-23T04:24:27.7903086Z,0
5.30911,100.9973842,Daerah: Perak<br>No:1763<br>Hex coord:(47;40),n/a,0,0,0,0,0,0,1,2022-04-23T04:24:28.5250259Z,0
5.31689,101.0109309,Daerah: Perak<br>No:1764<br>Hex coord:(48;40),n/a,0,0,0,0,0,0,1,2022-04-23T04:24:29.2905632Z,0
5.30911,101.0244776,Daerah: Perak<br>No:1765<br>Hex coord:(49;40),n/a,0,0,0,0,0,0,1,2022-04-23T04:24:30.0666700Z,0
5.31689,101.0380243,Daerah: Perak<br>No:1766<br>Hex coord:(50;40),n/a,0,0,0,0,0,0,1,2022-04-23T04:24:30.8063529Z,0
5.30911,101.051571,Daerah: Perak<br>No:1767<br>Hex coord:(51;40),n/a,0,0,0,0,0,0,1,2022-04-23T04:24:31.5677289Z,0
5.31689,101.0651177,Daerah: Perak<br>No:1768<br>Hex coord:(52;40),n/a,0,0,0,0,0,0,1,2022-04-23T04:24:32.3385069Z,0
5.30911,101.0786644,Daerah: Perak<br>No:1769<br>Hex coord:(53;40),n/a,0,0,0,0,0,0,1,2022-04-23T04:24:33.1164233Z,0
5.31689,101.0922111,Daerah: Perak<br>No:1770<br>Hex coord:(54;40),n/a,0,0,0,0,0,0,1,2022-04-23T04:24:33.8814272Z,0
5.30911,101.1057578,Daerah: Perak<br>No:1771<br>Hex coord:(55;40),n/a,0,0,0,0,0,0,1,2022-04-23T04:24:34.7498428Z,0
5.31689,101.1193045,Daerah: Perak<br>No:1772<br>Hex coord:(56;40),n/a,0,0,0,0,0,0,1,2022-04-23T04:24:35.5422468Z,0
5.30911,101.1328512,Daerah: Perak<br>No:1773<br>Hex coord:(57;40),n/a,0,0,0,0,0,0,1,2022-04-23T04:24:36.3139266Z,0
5.31689,101.1463979,Daerah: Perak<br>No:1774<br>Hex coord:(58;40),n/a,4 ,0,0,0,0,0,1,2022-04-23T04:24:37.0736462Z,0
5.30911,101.1599446,Daerah: Perak<br>No:1775<br>Hex coord:(59;40),n/a,0,0,0,0,0,0,1,2022-04-23T04:24:37.9953229Z,0
5.31689,101.1734913,Daerah: Perak<br>No:1776<br>Hex coord:(60;40),n/a,0,0,0,0,0,0,1,2022-04-23T04:24:38.7602152Z,0
5.30911,101.187038,Daerah: Perak<br>No:1777<br>Hex coord:(61;40),n/a,0,0,0,0,0,0,1,2022-04-23T04:24:39.5316229Z,0
5.31689,101.2005847,Daerah: Perak<br>No:1778<br>Hex coord:(62;40),n/a,0,0,0,0,0,0,1,2022-04-23T04:24:40.2785945Z,0
5.30911,101.2141314,Daerah: Perak<br>No:1779<br>Hex coord:(63;40),n/a,0,0,0,0,0,0,1,2022-04-23T04:24:41.2074467Z,0
5.31689,101.2276781,Daerah: Perak<br>No:1780<br>Hex coord:(64;40),n/a,0,0,0,0,0,0,1,2022-04-23T04:24:41.9509199Z,0
5.30911,101.2412249,Daerah: Perak<br>No:1781<br>Hex coord:(65;40),n/a,0,0,0,0,0,0,1,2022-04-23T04:24:42.6939573Z,0
5.31689,101.2547716,Daerah: Perak<br>No:1782<br>Hex coord:(66;40),n/a,0,0,0,0,0,0,1,2022-04-23T04:24:43.4691724Z,0
5.30911,101.2683183,Daerah: Perak<br>No:1783<br>Hex coord:(67;40),n/a,0,0,0,0,0,0,1,2022-04-23T04:24:44.2327031Z,0
5.31689,101.281865,Daerah: Perak<br>No:1784<br>Hex coord:(68;40),n/a,0,0,0,0,0,0,1,2022-04-23T04:24:44.9908286Z,0
5.30911,101.2954117,Daerah: Perak<br>No:1785<br>Hex coord:(69;40),n/a,0,0,0,0,0,0,1,2022-04-23T04:24:45.7554365Z,0
5.31689,101.3089584,Daerah: Perak<br>No:1786<br>Hex coord:(70;40),n/a,0,0,0,0,0,0,1,2022-04-23T04:24:46.5440511Z,0
5.30911,101.3225051,Daerah: Perak<br>No:1787<br>Hex coord:(71;40),n/a,0,0,0,0,0,0,1,2022-04-23T04:24:47.2956298Z,0
5.31689,101.3360518,Daerah: Perak<br>No:1788<br>Hex coord:(72;40),n/a,0,0,0,0,0,0,1,2022-04-23T04:24:48.0738235Z,0
5.30911,101.3495985,Daerah: Perak<br>No:1789<br>Hex coord:(73;40),n/a,0,0,0,0,0,0,1,2022-04-23T04:24:48.8694266Z,0
5.31689,101.3631452,Daerah: Perak<br>No:1790<br>Hex coord:(74;40),n/a,0,0,0,0,0,0,1,2022-04-23T04:24:49.6230936Z,0
5.30911,101.3766919,Daerah: Perak<br>No:1791<br>Hex coord:(75;40),n/a,0,0,0,0,0,0,1,2022-04-23T04:24:50.3697655Z,0
5.31689,101.3902386,Daerah: Perak<br>No:1792<br>Hex coord:(76;40),n/a,0,0,0,0,0,0,1,2022-04-23T04:24:51.1770175Z,0
5.30911,101.4037853,Daerah: Perak<br>No:1793<br>Hex coord:(77;40),n/a,0,0,0,0,0,0,1,2022-04-23T04:24:51.9666694Z,0
5.31689,101.417332,Daerah: Perak<br>No:1794<br>Hex coord:(78;40),n/a,0,0,0,0,0,0,1,2022-04-23T04:24:52.7243153Z,0
5.30911,101.4308787,Daerah: Perak<br>No:1795<br>Hex coord:(79;40),n/a,0,0,0,0,0,0,1,2022-04-23T04:24:53.4966524Z,0
5.31689,101.4444254,Daerah: Perak<br>No:1796<br>Hex coord:(80;40),n/a,0,0,0,0,0,0,1,2022-04-23T04:24:54.2564005Z,0
5.30911,101.4579721,Daerah: Perak<br>No:1797<br>Hex coord:(81;40),n/a,0,0,0,0,0,0,1,2022-04-23T04:24:55.1223877Z,0
5.31689,101.4715188,Daerah: Perak<br>No:1798<br>Hex coord:(82;40),n/a,0,0,0,0,0,0,1,2022-04-23T04:24:55.9007784Z,0
5.30911,101.4850655,Daerah: Perak<br>No:1799<br>Hex coord:(83;40),n/a,0,0,0,0,0,0,1,2022-04-23T04:24:57.6574016Z,0
5.31689,101.4986123,Daerah: Perak<br>No:1800<br>Hex coord:(84;40),n/a,0,0,0,0,0,0,1,2022-04-23T04:24:58.4349744Z,0
5.30911,101.512159,Daerah: Perak<br>No:1801<br>Hex coord:(85;40),n/a,0,0,0,0,0,0,1,2022-04-23T04:24:59.2693091Z,0
5.31689,101.5257057,Daerah: Perak<br>No:1802<br>Hex coord:(86;40),n/a,0,0,0,0,0,0,1,2022-04-23T04:25:00.0269722Z,0
5.30911,101.5392524,Daerah: Perak<br>No:1803<br>Hex coord:(87;40),n/a,0,0,0,0,0,0,1,2022-04-23T04:25:00.9140125Z,0
5.31689,101.5527991,Daerah: Perak<br>No:1804<br>Hex coord:(88;40),n/a,0,0,0,0,0,0,1,2022-04-23T04:25:01.6927111Z,0
5.30911,101.5663458,Daerah: Perak<br>No:1805<br>Hex coord:(89;40),n/a,0,0,0,0,0,0,1,2022-04-23T04:25:03.4700883Z,0
5.30133,100.7399968,Daerah: Perak<br>No:1806<br>Hex coord:(28;41),n/a,0,0,0,0,0,0,1,2022-04-23T04:25:04.2720736Z,0
5.29355,100.7535435,Daerah: Perak<br>No:1807<br>Hex coord:(29;41),n/a,0,0,0,0,0,0,1,2022-04-23T04:25:05.0046719Z,0
5.30133,100.7670902,Daerah: Perak<br>No:1808<br>Hex coord:(30;41),n/a,0,0,0,0,0,0,1,2022-04-23T04:25:05.7840893Z,0
5.29355,100.7806369,Daerah: Perak<br>No:1809<br>Hex coord:(31;41),n/a,0,0,0,0,0,0,1,2022-04-23T04:25:06.5584267Z,0
5.30133,100.7941836,Daerah: Perak<br>No:1810<br>Hex coord:(32;41),n/a,0,0,0,0,0,0,1,2022-04-23T04:25:07.3302974Z,0
5.29355,100.8077303,Daerah: Perak<br>No:1811<br>Hex coord:(33;41),n/a,0,0,0,0,0,0,1,2022-04-23T04:25:09.1451474Z,0
5.30133,100.821277,Daerah: Perak<br>No:1812<br>Hex coord:(34;41),n/a,0,0,0,0,0,0,1,2022-04-23T04:25:09.9653212Z,0
5.29355,100.8348237,Daerah: Perak<br>No:1813<br>Hex coord:(35;41),n/a,0,0,0,0,0,0,1,2022-04-23T04:25:10.7504135Z,0
5.30133,100.8483704,Daerah: Perak<br>No:1814<br>Hex coord:(36;41),n/a,0,0,0,0,0,0,1,2022-04-23T04:25:11.5330133Z,0
5.29355,100.8619171,Daerah: Perak<br>No:1815<br>Hex coord:(37;41),n/a,0,0,0,0,0,0,1,2022-04-23T04:25:12.2938975Z,0
5.30133,100.8754638,Daerah: Perak<br>No:1816<br>Hex coord:(38;41),n/a,0,0,0,0,0,0,1,2022-04-23T04:25:13.0609677Z,0
5.29355,100.8890105,Daerah: Perak<br>No:1817<br>Hex coord:(39;41),n/a,0,0,0,0,0,0,1,2022-04-23T04:25:13.8255012Z,0
5.30133,100.9025572,Daerah: Perak<br>No:1818<br>Hex coord:(40;41),n/a,0,0,0,0,0,0,1,2022-04-23T04:25:14.5964378Z,0
5.29355,100.9161039,Daerah: Perak<br>No:1819<br>Hex coord:(41;41),n/a,0,0,0,0,0,0,1,2022-04-23T04:25:15.3722907Z,0
5.30133,100.9296506,Daerah: Perak<br>No:1820<br>Hex coord:(42;41),n/a,0,0,0,0,0,0,1,2022-04-23T04:25:16.1421170Z,0
5.29355,100.9431973,Daerah: Perak<br>No:1821<br>Hex coord:(43;41),n/a,0,0,0,0,0,0,1,2022-04-23T04:25:16.9297187Z,0
5.30133,100.956744,Daerah: Perak<br>No:1822<br>Hex coord:(44;41),n/a,0,0,0,0,0,0,1,2022-04-23T04:25:17.6817277Z,0
5.29355,100.9702907,Daerah: Perak<br>No:1823<br>Hex coord:(45;41),n/a,0,0,0,0,0,0,1,2022-04-23T04:25:18.5984032Z,0
5.30133,100.9838374,Daerah: Perak<br>No:1824<br>Hex coord:(46;41),n/a,0,0,0,0,0,0,1,2022-04-23T04:25:19.3988889Z,0
5.29355,100.9973842,Daerah: Perak<br>No:1825<br>Hex coord:(47;41),n/a,0,0,0,0,0,0,1,2022-04-23T04:25:20.3300022Z,0
5.30133,101.0109309,Daerah: Perak<br>No:1826<br>Hex coord:(48;41),n/a,0,0,0,0,0,0,1,2022-04-23T04:25:21.0808057Z,0
5.29355,101.0244776,Daerah: Perak<br>No:1827<br>Hex coord:(49;41),n/a,0,0,0,0,0,0,1,2022-04-23T04:25:21.8267687Z,0
5.30133,101.0380243,Daerah: Perak<br>No:1828<br>Hex coord:(50;41),n/a,0,0,0,0,0,0,1,2022-04-23T04:25:22.5963244Z,0
5.29355,101.051571,Daerah: Perak<br>No:1829<br>Hex coord:(51;41),n/a,2 ,0,0,0,0,0,1,2022-04-23T04:25:23.5700723Z,0
5.30133,101.0651177,Daerah: Perak<br>No:1830<br>Hex coord:(52;41),n/a,0,0,0,0,0,0,1,2022-04-23T04:25:24.3349179Z,0
5.29355,101.0786644,Daerah: Perak<br>No:1831<br>Hex coord:(53;41),n/a,0,0,0,0,0,0,1,2022-04-23T04:25:25.0829946Z,0
5.30133,101.0922111,Daerah: Perak<br>No:1832<br>Hex coord:(54;41),n/a,0,0,0,0,0,0,1,2022-04-23T04:25:25.8430688Z,0
5.29355,101.1057578,Daerah: Perak<br>No:1833<br>Hex coord:(55;41),n/a,0,0,0,0,0,0,1,2022-04-23T04:25:26.6236287Z,0
5.30133,101.1193045,Daerah: Perak<br>No:1834<br>Hex coord:(56;41),n/a,0,0,0,0,0,0,1,2022-04-23T04:25:27.3937692Z,0
5.29355,101.1328512,Daerah: Perak<br>No:1835<br>Hex coord:(57;41),n/a,0,0,0,0,0,0,1,2022-04-23T04:25:28.1772468Z,0
5.30133,101.1463979,Daerah: Perak<br>No:1836<br>Hex coord:(58;41),n/a,0,0,0,0,0,0,1,2022-04-23T04:25:28.9266880Z,0
5.29355,101.1599446,Daerah: Perak<br>No:1837<br>Hex coord:(59;41),n/a,0,0,0,0,0,0,1,2022-04-23T04:25:29.6856858Z,0
5.30133,101.1734913,Daerah: Perak<br>No:1838<br>Hex coord:(60;41),n/a,0,0,0,0,0,0,1,2022-04-23T04:25:30.4656979Z,0
5.29355,101.187038,Daerah: Perak<br>No:1839<br>Hex coord:(61;41),n/a,0,0,0,0,0,0,1,2022-04-23T04:25:31.3173374Z,0
5.30133,101.2005847,Daerah: Perak<br>No:1840<br>Hex coord:(62;41),n/a,0,0,0,0,0,0,1,2022-04-23T04:25:32.0883159Z,0
5.29355,101.2141314,Daerah: Perak<br>No:1841<br>Hex coord:(63;41),n/a,0,0,0,0,0,0,1,2022-04-23T04:25:32.8629798Z,0
5.30133,101.2276781,Daerah: Perak<br>No:1842<br>Hex coord:(64;41),n/a,0,0,0,0,0,0,1,2022-04-23T04:25:33.6168904Z,0
5.29355,101.2412249,Daerah: Perak<br>No:1843<br>Hex coord:(65;41),n/a,0,0,0,0,0,0,1,2022-04-23T04:25:34.4018211Z,0
5.30133,101.2547716,Daerah: Perak<br>No:1844<br>Hex coord:(66;41),n/a,0,0,0,0,0,0,1,2022-04-23T04:25:35.1523939Z,0
5.29355,101.2683183,Daerah: Perak<br>No:1845<br>Hex coord:(67;41),n/a,0,0,0,0,0,0,1,2022-04-23T04:25:35.9349297Z,0
5.30133,101.281865,Daerah: Perak<br>No:1846<br>Hex coord:(68;41),n/a,0,0,0,0,0,0,1,2022-04-23T04:25:36.7292662Z,0
5.29355,101.2954117,Daerah: Perak<br>No:1847<br>Hex coord:(69;41),n/a,0,0,0,0,0,0,1,2022-04-23T04:25:37.5247547Z,0
5.30133,101.3089584,Daerah: Perak<br>No:1848<br>Hex coord:(70;41),n/a,0,0,0,0,0,0,1,2022-04-23T04:25:38.3111522Z,0
5.29355,101.3225051,Daerah: Perak<br>No:1849<br>Hex coord:(71;41),n/a,0,0,0,0,0,0,1,2022-04-23T04:25:39.0796901Z,0
5.30133,101.3360518,Daerah: Perak<br>No:1850<br>Hex coord:(72;41),n/a,0,0,0,0,0,0,1,2022-04-23T04:25:39.8222510Z,0
5.29355,101.3495985,Daerah: Perak<br>No:1851<br>Hex coord:(73;41),n/a,0,0,0,0,0,0,1,2022-04-23T04:25:40.5998869Z,0
5.30133,101.3631452,Daerah: Perak<br>No:1852<br>Hex coord:(74;41),n/a,0,0,0,0,0,0,1,2022-04-23T04:25:41.4139609Z,0
5.29355,101.3766919,Daerah: Perak<br>No:1853<br>Hex coord:(75;41),n/a,0,0,0,0,0,0,1,2022-04-23T04:25:42.1834171Z,0
5.30133,101.3902386,Daerah: Perak<br>No:1854<br>Hex coord:(76;41),n/a,0,0,0,0,0,0,1,2022-04-23T04:25:42.9428197Z,0
5.29355,101.4037853,Daerah: Perak<br>No:1855<br>Hex coord:(77;41),n/a,0,0,0,0,0,0,1,2022-04-23T04:25:43.7068906Z,0
5.30133,101.417332,Daerah: Perak<br>No:1856<br>Hex coord:(78;41),n/a,0,0,0,0,0,0,1,2022-04-23T04:25:44.4638435Z,0
5.29355,101.4308787,Daerah: Perak<br>No:1857<br>Hex coord:(79;41),n/a,0,0,0,0,0,0,1,2022-04-23T04:25:45.2158121Z,0
5.30133,101.4444254,Daerah: Perak<br>No:1858<br>Hex coord:(80;41),n/a,0,0,0,0,0,0,1,2022-04-23T04:25:45.9595885Z,0
5.29355,101.4579721,Daerah: Perak<br>No:1859<br>Hex coord:(81;41),n/a,0,0,0,0,0,0,1,2022-04-23T04:25:46.7182741Z,0
5.30133,101.4715188,Daerah: Perak<br>No:1860<br>Hex coord:(82;41),n/a,0,0,0,0,0,0,1,2022-04-23T04:25:47.5169214Z,0
5.29355,101.4850655,Daerah: Perak<br>No:1861<br>Hex coord:(83;41),n/a,0,0,0,0,0,0,1,2022-04-23T04:25:48.3138945Z,0
5.30133,101.4986123,Daerah: Perak<br>No:1862<br>Hex coord:(84;41),n/a,0,0,0,0,0,0,1,2022-04-23T04:25:49.0638585Z,0
5.29355,101.512159,Daerah: Perak<br>No:1863<br>Hex coord:(85;41),n/a,0,0,0,0,0,0,1,2022-04-23T04:25:49.8388065Z,0
5.30133,101.5257057,Daerah: Perak<br>No:1864<br>Hex coord:(86;41),n/a,0,0,0,0,0,0,1,2022-04-23T04:25:50.6047869Z,0
5.29355,101.5392524,Daerah: Perak<br>No:1865<br>Hex coord:(87;41),n/a,0,0,0,0,0,0,1,2022-04-23T04:25:51.3647043Z,0
5.30133,101.5527991,Daerah: Perak<br>No:1866<br>Hex coord:(88;41),n/a,0,0,0,0,0,0,1,2022-04-23T04:25:52.2457363Z,0
5.29355,101.5663458,Daerah: Perak<br>No:1867<br>Hex coord:(89;41),n/a,0,0,0,0,0,0,1,2022-04-23T04:25:53.0199637Z,0
5.28577,100.7399968,Daerah: Perak<br>No:1868<br>Hex coord:(28;42),n/a,0,0,0,0,0,0,1,2022-04-23T04:25:53.8184989Z,0
5.27799,100.7535435,Daerah: Perak<br>No:1869<br>Hex coord:(29;42),n/a,0,0,0,0,0,0,1,2022-04-23T04:25:54.7141052Z,0
5.28577,100.7670902,Daerah: Perak<br>No:1870<br>Hex coord:(30;42),n/a,0,0,0,0,0,0,1,2022-04-23T04:25:55.4958906Z,0
5.27799,100.7806369,Daerah: Perak<br>No:1871<br>Hex coord:(31;42),n/a,0,0,0,0,0,0,1,2022-04-23T04:25:56.2776320Z,0
5.28577,100.7941836,Daerah: Perak<br>No:1872<br>Hex coord:(32;42),n/a,0,0,0,0,0,0,1,2022-04-23T04:25:57.0781906Z,0
5.27799,100.8077303,Daerah: Perak<br>No:1873<br>Hex coord:(33;42),n/a,0,0,0,0,0,0,1,2022-04-23T04:25:57.8400708Z,0
5.28577,100.821277,Daerah: Perak<br>No:1874<br>Hex coord:(34;42),n/a,0,0,0,0,0,0,1,2022-04-23T04:25:58.6138485Z,0
5.27799,100.8348237,Daerah: Perak<br>No:1875<br>Hex coord:(35;42),n/a,0,0,0,0,0,0,1,2022-04-23T04:25:59.3883679Z,0
5.28577,100.8483704,Daerah: Perak<br>No:1876<br>Hex coord:(36;42),n/a,0,0,0,0,0,0,1,2022-04-23T04:26:00.2710017Z,0
5.27799,100.8619171,Daerah: Perak<br>No:1877<br>Hex coord:(37;42),n/a,0,0,0,0,0,0,1,2022-04-23T04:26:01.1719061Z,0
5.28577,100.8754638,Daerah: Perak<br>No:1878<br>Hex coord:(38;42),n/a,0,0,0,0,0,0,1,2022-04-23T04:26:01.9956369Z,0
5.27799,100.8890105,Daerah: Perak<br>No:1879<br>Hex coord:(39;42),n/a,0,0,0,0,0,0,1,2022-04-23T04:26:02.8080688Z,0
5.28577,100.9025572,Daerah: Perak<br>No:1880<br>Hex coord:(40;42),n/a,0,0,0,0,0,0,1,2022-04-23T04:26:03.5775511Z,0
5.27799,100.9161039,Daerah: Perak<br>No:1881<br>Hex coord:(41;42),n/a,0,0,0,0,0,0,1,2022-04-23T04:26:04.3447246Z,0
5.28577,100.9296506,Daerah: Perak<br>No:1882<br>Hex coord:(42;42),n/a,0,0,0,0,0,0,1,2022-04-23T04:26:05.1027012Z,0
5.27799,100.9431973,Daerah: Perak<br>No:1883<br>Hex coord:(43;42),n/a,0,0,0,0,0,0,1,2022-04-23T04:26:05.8852309Z,0
5.28577,100.956744,Daerah: Perak<br>No:1884<br>Hex coord:(44;42),n/a,0,0,0,0,0,0,1,2022-04-23T04:26:06.7228658Z,0
5.27799,100.9702907,Daerah: Perak<br>No:1885<br>Hex coord:(45;42),n/a,0,0,0,0,0,0,1,2022-04-23T04:26:07.5390189Z,0
5.28577,100.9838374,Daerah: Perak<br>No:1886<br>Hex coord:(46;42),n/a,0,0,0,0,0,0,1,2022-04-23T04:26:08.3390896Z,0
5.27799,100.9973842,Daerah: Perak<br>No:1887<br>Hex coord:(47;42),n/a,0,0,0,0,0,0,1,2022-04-23T04:26:09.1038678Z,0
5.28577,101.0109309,Daerah: Perak<br>No:1888<br>Hex coord:(48;42),n/a,0,0,0,0,0,0,1,2022-04-23T04:26:09.8912084Z,0
5.27799,101.0244776,Daerah: Perak<br>No:1889<br>Hex coord:(49;42),n/a,0,0,0,0,0,0,1,2022-04-23T04:26:10.6603094Z,0
5.28577,101.0380243,Daerah: Perak<br>No:1890<br>Hex coord:(50;42),n/a,0,0,0,0,0,0,1,2022-04-23T04:26:11.4544201Z,0
5.27799,101.051571,Daerah: Perak<br>No:1891<br>Hex coord:(51;42),n/a,0,0,0,0,0,0,1,2022-04-23T04:26:12.2406769Z,0
5.28577,101.0651177,Daerah: Perak<br>No:1892<br>Hex coord:(52;42),n/a,0,0,0,0,0,0,1,2022-04-23T04:26:12.9998512Z,0
5.27799,101.0786644,Daerah: Perak<br>No:1893<br>Hex coord:(53;42),n/a,0,0,0,0,0,0,1,2022-04-23T04:26:13.7695014Z,0
5.28577,101.0922111,Daerah: Perak<br>No:1894<br>Hex coord:(54;42),n/a,0,0,0,0,0,0,1,2022-04-23T04:26:14.5309032Z,0
5.27799,101.1057578,Daerah: Perak<br>No:1895<br>Hex coord:(55;42),n/a,0,0,0,0,0,0,1,2022-04-23T04:26:15.2979735Z,0
5.28577,101.1193045,Daerah: Perak<br>No:1896<br>Hex coord:(56;42),n/a,0,0,0,0,0,0,1,2022-04-23T04:26:16.1497132Z,0
5.27799,101.1328512,Daerah: Perak<br>No:1897<br>Hex coord:(57;42),n/a,0,0,0,0,0,0,1,2022-04-23T04:26:17.9052302Z,0
5.28577,101.1463979,Daerah: Perak<br>No:1898<br>Hex coord:(58;42),n/a,0,0,0,0,0,0,1,2022-04-23T04:26:18.6727935Z,0
5.27799,101.1599446,Daerah: Perak<br>No:1899<br>Hex coord:(59;42),n/a,0,0,0,0,0,0,1,2022-04-23T04:26:19.4545160Z,0
5.28577,101.1734913,Daerah: Perak<br>No:1900<br>Hex coord:(60;42),n/a,0,0,0,0,0,0,1,2022-04-23T04:26:20.2446581Z,0
5.27799,101.187038,Daerah: Perak<br>No:1901<br>Hex coord:(61;42),n/a,0,0,0,0,0,0,1,2022-04-23T04:26:20.9796525Z,0
5.28577,101.2005847,Daerah: Perak<br>No:1902<br>Hex coord:(62;42),n/a,0,0,0,0,0,0,1,2022-04-23T04:26:21.7444293Z,0
5.27799,101.2141314,Daerah: Perak<br>No:1903<br>Hex coord:(63;42),n/a,0,0,0,0,0,0,1,2022-04-23T04:26:22.4917215Z,0
5.28577,101.2276781,Daerah: Perak<br>No:1904<br>Hex coord:(64;42),n/a,0,0,0,0,0,0,1,2022-04-23T04:26:23.3832925Z,0
5.27799,101.2412249,Daerah: Perak<br>No:1905<br>Hex coord:(65;42),n/a,0,0,0,0,0,0,1,2022-04-23T04:26:24.1826831Z,0
5.28577,101.2547716,Daerah: Perak<br>No:1906<br>Hex coord:(66;42),n/a,0,0,0,0,0,0,1,2022-04-23T04:26:24.9426718Z,0
5.27799,101.2683183,Daerah: Perak<br>No:1907<br>Hex coord:(67;42),n/a,0,0,0,0,0,0,1,2022-04-23T04:26:25.7610487Z,0
5.28577,101.281865,Daerah: Perak<br>No:1908<br>Hex coord:(68;42),n/a,0,0,0,0,0,0,1,2022-04-23T04:26:26.5139150Z,0
5.27799,101.2954117,Daerah: Perak<br>No:1909<br>Hex coord:(69;42),n/a,0,0,0,0,0,0,1,2022-04-23T04:26:27.3038020Z,0
5.28577,101.3089584,Daerah: Perak<br>No:1910<br>Hex coord:(70;42),n/a,0,0,0,0,0,0,1,2022-04-23T04:26:28.0532587Z,0
5.27799,101.3225051,Daerah: Perak<br>No:1911<br>Hex coord:(71;42),n/a,0,0,0,0,0,0,1,2022-04-23T04:26:28.8087576Z,0
5.28577,101.3360518,Daerah: Perak<br>No:1912<br>Hex coord:(72;42),n/a,0,0,0,0,0,0,1,2022-04-23T04:26:29.5628867Z,0
5.27799,101.3495985,Daerah: Perak<br>No:1913<br>Hex coord:(73;42),n/a,0,0,0,0,0,0,1,2022-04-23T04:26:30.4618394Z,0
5.28577,101.3631452,Daerah: Perak<br>No:1914<br>Hex coord:(74;42),n/a,0,0,0,0,0,0,1,2022-04-23T04:26:31.2084740Z,0
5.27799,101.3766919,Daerah: Perak<br>No:1915<br>Hex coord:(75;42),n/a,0,0,0,0,0,0,1,2022-04-23T04:26:31.9840730Z,0
5.28577,101.3902386,Daerah: Perak<br>No:1916<br>Hex coord:(76;42),n/a,0,0,0,0,0,0,1,2022-04-23T04:26:32.7312934Z,0
5.27799,101.4037853,Daerah: Perak<br>No:1917<br>Hex coord:(77;42),n/a,0,0,0,0,0,0,1,2022-04-23T04:26:33.4842529Z,0
5.28577,101.417332,Daerah: Perak<br>No:1918<br>Hex coord:(78;42),n/a,0,0,0,0,0,0,1,2022-04-23T04:26:34.3600191Z,0
5.27799,101.4308787,Daerah: Perak<br>No:1919<br>Hex coord:(79;42),n/a,0,0,0,0,0,0,1,2022-04-23T04:26:35.1251224Z,0
5.28577,101.4444254,Daerah: Perak<br>No:1920<br>Hex coord:(80;42),n/a,0,0,0,0,0,0,1,2022-04-23T04:26:36.0103375Z,0
5.27799,101.4579721,Daerah: Perak<br>No:1921<br>Hex coord:(81;42),n/a,0,0,0,0,0,0,1,2022-04-23T04:26:36.7624500Z,0
5.28577,101.4715188,Daerah: Perak<br>No:1922<br>Hex coord:(82;42),n/a,0,0,0,0,0,0,1,2022-04-23T04:26:37.5073214Z,0
5.27799,101.4850655,Daerah: Perak<br>No:1923<br>Hex coord:(83;42),n/a,0,0,0,0,0,0,1,2022-04-23T04:26:38.2660076Z,0
5.28577,101.4986123,Daerah: Perak<br>No:1924<br>Hex coord:(84;42),n/a,0,0,0,0,0,0,1,2022-04-23T04:26:39.1427627Z,0
5.27799,101.512159,Daerah: Perak<br>No:1925<br>Hex coord:(85;42),n/a,0,0,0,0,0,0,1,2022-04-23T04:26:40.0179903Z,0
5.28577,101.5257057,Daerah: Perak<br>No:1926<br>Hex coord:(86;42),n/a,0,0,0,0,0,0,1,2022-04-23T04:26:40.8611624Z,0
5.27799,101.5392524,Daerah: Perak<br>No:1927<br>Hex coord:(87;42),n/a,0,0,0,0,0,0,1,2022-04-23T04:26:41.6259303Z,0
5.26243,100.72645,Daerah: Perak<br>No:1928<br>Hex coord:(27;43),n/a,0,0,0,0,0,0,1,2022-04-23T04:26:42.3931944Z,0
5.27021,100.7399968,Daerah: Perak<br>No:1929<br>Hex coord:(28;43),n/a,0,0,0,0,0,0,1,2022-04-23T04:26:43.1641020Z,0
5.26243,100.7535435,Daerah: Perak<br>No:1930<br>Hex coord:(29;43),n/a,0,0,0,0,0,0,1,2022-04-23T04:26:43.9369631Z,0
5.27021,100.7670902,Daerah: Perak<br>No:1931<br>Hex coord:(30;43),n/a,0,0,0,0,0,0,1,2022-04-23T04:26:44.6980315Z,0
5.26243,100.7806369,Daerah: Perak<br>No:1932<br>Hex coord:(31;43),n/a,0,0,0,0,0,0,1,2022-04-23T04:26:45.4794347Z,0
5.27021,100.7941836,Daerah: Perak<br>No:1933<br>Hex coord:(32;43),n/a,0,0,0,0,0,0,1,2022-04-23T04:26:46.2369847Z,0
5.26243,100.8077303,Daerah: Perak<br>No:1934<br>Hex coord:(33;43),n/a,0,0,0,0,0,0,1,2022-04-23T04:26:46.9938515Z,0
5.27021,100.821277,Daerah: Perak<br>No:1935<br>Hex coord:(34;43),n/a,0,0,0,0,0,0,1,2022-04-23T04:26:47.7718596Z,0
5.26243,100.8348237,Daerah: Perak<br>No:1936<br>Hex coord:(35;43),n/a,0,0,0,0,0,0,1,2022-04-23T04:26:48.5499682Z,0
5.27021,100.8483704,Daerah: Perak<br>No:1937<br>Hex coord:(36;43),n/a,0,0,0,0,0,0,1,2022-04-23T04:26:49.3401082Z,0
5.26243,100.8619171,Daerah: Perak<br>No:1938<br>Hex coord:(37;43),n/a,0,0,0,0,0,0,1,2022-04-23T04:26:50.0992418Z,0
5.27021,100.8754638,Daerah: Perak<br>No:1939<br>Hex coord:(38;43),n/a,0,0,0,0,0,0,1,2022-04-23T04:26:50.8972429Z,0
5.26243,100.8890105,Daerah: Perak<br>No:1940<br>Hex coord:(39;43),n/a,0,0,0,0,0,0,1,2022-04-23T04:26:51.6451740Z,0
5.27021,100.9025572,Daerah: Perak<br>No:1941<br>Hex coord:(40;43),n/a,0,0,0,0,0,0,1,2022-04-23T04:26:52.3985931Z,0
5.26243,100.9161039,Daerah: Perak<br>No:1942<br>Hex coord:(41;43),n/a,0,0,0,0,0,0,1,2022-04-23T04:26:53.1872806Z,0
5.27021,100.9296506,Daerah: Perak<br>No:1943<br>Hex coord:(42;43),n/a,0,0,0,0,0,0,1,2022-04-23T04:26:53.9283447Z,0
5.26243,100.9431973,Daerah: Perak<br>No:1944<br>Hex coord:(43;43),n/a,0,0,0,0,0,0,1,2022-04-23T04:26:54.6755256Z,0
5.27021,100.956744,Daerah: Perak<br>No:1945<br>Hex coord:(44;43),n/a,0,0,0,0,0,0,1,2022-04-23T04:26:55.4441294Z,0
5.26243,100.9702907,Daerah: Perak<br>No:1946<br>Hex coord:(45;43),n/a,0,0,0,0,0,0,1,2022-04-23T04:26:56.2473957Z,0
5.27021,100.9838374,Daerah: Perak<br>No:1947<br>Hex coord:(46;43),n/a,0,0,0,0,0,0,1,2022-04-23T04:26:57.0180787Z,0
5.26243,100.9973842,Daerah: Perak<br>No:1948<br>Hex coord:(47;43),n/a,0,0,0,0,0,0,1,2022-04-23T04:26:57.7996419Z,0
5.27021,101.0109309,Daerah: Perak<br>No:1949<br>Hex coord:(48;43),n/a,0,0,0,0,0,0,1,2022-04-23T04:26:58.5803412Z,0
5.26243,101.0244776,Daerah: Perak<br>No:1950<br>Hex coord:(49;43),n/a,0,0,0,0,0,0,1,2022-04-23T04:26:59.4048404Z,0
5.27021,101.0380243,Daerah: Perak<br>No:1951<br>Hex coord:(50;43),n/a,0,0,0,0,0,0,1,2022-04-23T04:27:00.2849196Z,0
5.26243,101.051571,Daerah: Perak<br>No:1952<br>Hex coord:(51;43),n/a,0,0,0,0,0,0,1,2022-04-23T04:27:01.1716788Z,0
5.27021,101.0651177,Daerah: Perak<br>No:1953<br>Hex coord:(52;43),n/a,0,0,0,0,0,0,1,2022-04-23T04:27:01.9293902Z,0
5.26243,101.0786644,Daerah: Perak<br>No:1954<br>Hex coord:(53;43),n/a,0,0,0,0,0,0,1,2022-04-23T04:27:02.7110671Z,0
5.27021,101.0922111,Daerah: Perak<br>No:1955<br>Hex coord:(54;43),n/a,0,0,0,0,0,0,1,2022-04-23T04:27:03.4998278Z,0
5.26243,101.1057578,Daerah: Perak<br>No:1956<br>Hex coord:(55;43),n/a,0,0,0,0,0,0,1,2022-04-23T04:27:04.2658854Z,0
5.27021,101.1193045,Daerah: Perak<br>No:1957<br>Hex coord:(56;43),n/a,0,0,0,0,0,0,1,2022-04-23T04:27:05.0263415Z,0
5.26243,101.1328512,Daerah: Perak<br>No:1958<br>Hex coord:(57;43),n/a,0,0,0,0,0,0,1,2022-04-23T04:27:05.7970624Z,0
5.27021,101.1463979,Daerah: Perak<br>No:1959<br>Hex coord:(58;43),n/a,0,0,0,0,0,0,1,2022-04-23T04:27:06.5453218Z,0
5.26243,101.1599446,Daerah: Perak<br>No:1960<br>Hex coord:(59;43),n/a,0,0,0,0,0,0,1,2022-04-23T04:27:07.2996050Z,0
5.27021,101.1734913,Daerah: Perak<br>No:1961<br>Hex coord:(60;43),n/a,0,0,0,0,0,0,1,2022-04-23T04:27:08.0585229Z,0
5.26243,101.187038,Daerah: Perak<br>No:1962<br>Hex coord:(61;43),n/a,0,0,0,0,0,0,1,2022-04-23T04:27:08.8270504Z,0
5.27021,101.2005847,Daerah: Perak<br>No:1963<br>Hex coord:(62;43),n/a,0,0,0,0,0,0,1,2022-04-23T04:27:09.5693891Z,0
5.26243,101.2141314,Daerah: Perak<br>No:1964<br>Hex coord:(63;43),n/a,0,0,0,0,0,0,1,2022-04-23T04:27:10.3531394Z,0
5.27021,101.2276781,Daerah: Perak<br>No:1965<br>Hex coord:(64;43),n/a,0,0,0,0,0,0,1,2022-04-23T04:27:11.1103121Z,0
5.26243,101.2412249,Daerah: Perak<br>No:1966<br>Hex coord:(65;43),n/a,0,0,0,0,0,0,1,2022-04-23T04:27:11.8702711Z,0
5.27021,101.2547716,Daerah: Perak<br>No:1967<br>Hex coord:(66;43),n/a,0,0,0,0,0,0,1,2022-04-23T04:27:12.6362210Z,0
5.26243,101.2683183,Daerah: Perak<br>No:1968<br>Hex coord:(67;43),n/a,0,0,0,0,0,0,1,2022-04-23T04:27:13.4020173Z,0
5.27021,101.281865,Daerah: Perak<br>No:1969<br>Hex coord:(68;43),n/a,0,0,0,0,0,0,1,2022-04-23T04:27:14.1979859Z,0
5.26243,101.2954117,Daerah: Perak<br>No:1970<br>Hex coord:(69;43),n/a,0,0,0,0,0,0,1,2022-04-23T04:27:14.9568188Z,0
5.27021,101.3089584,Daerah: Perak<br>No:1971<br>Hex coord:(70;43),n/a,0,0,0,0,0,0,1,2022-04-23T04:27:15.7035307Z,0
5.26243,101.3225051,Daerah: Perak<br>No:1972<br>Hex coord:(71;43),n/a,0,0,0,0,0,0,1,2022-04-23T04:27:16.4788053Z,0
5.27021,101.3360518,Daerah: Perak<br>No:1973<br>Hex coord:(72;43),n/a,0,0,0,0,0,0,1,2022-04-23T04:27:17.2563491Z,0
5.26243,101.3495985,Daerah: Perak<br>No:1974<br>Hex coord:(73;43),n/a,0,0,0,0,0,0,1,2022-04-23T04:27:18.0243741Z,0
5.27021,101.3631452,Daerah: Perak<br>No:1975<br>Hex coord:(74;43),n/a,0,0,0,0,0,0,1,2022-04-23T04:27:18.8175089Z,0
5.26243,101.3766919,Daerah: Perak<br>No:1976<br>Hex coord:(75;43),n/a,0,0,0,0,0,0,1,2022-04-23T04:27:19.5891418Z,0
5.27021,101.3902386,Daerah: Perak<br>No:1977<br>Hex coord:(76;43),n/a,0,0,0,0,0,0,1,2022-04-23T04:27:20.3604953Z,0
5.26243,101.4037853,Daerah: Perak<br>No:1978<br>Hex coord:(77;43),n/a,0,0,0,0,0,0,1,2022-04-23T04:27:21.1533254Z,0
5.27021,101.417332,Daerah: Perak<br>No:1979<br>Hex coord:(78;43),n/a,0,0,0,0,0,0,1,2022-04-23T04:27:21.9214745Z,0
5.26243,101.4308787,Daerah: Perak<br>No:1980<br>Hex coord:(79;43),n/a,0,0,0,0,0,0,1,2022-04-23T04:27:22.6780573Z,0
5.27021,101.4444254,Daerah: Perak<br>No:1981<br>Hex coord:(80;43),n/a,0,0,0,0,0,0,1,2022-04-23T04:27:23.4501312Z,0
5.26243,101.4579721,Daerah: Perak<br>No:1982<br>Hex coord:(81;43),n/a,0,0,0,0,0,0,1,2022-04-23T04:27:24.2049714Z,0
5.27021,101.4715188,Daerah: Perak<br>No:1983<br>Hex coord:(82;43),n/a,0,0,0,0,0,0,1,2022-04-23T04:27:24.9636957Z,0
5.26243,101.4850655,Daerah: Perak<br>No:1984<br>Hex coord:(83;43),n/a,0,0,0,0,0,0,1,2022-04-23T04:27:25.7826562Z,0
5.27021,101.4986123,Daerah: Perak<br>No:1985<br>Hex coord:(84;43),n/a,0,0,0,0,0,0,1,2022-04-23T04:27:26.5359009Z,0
5.26243,101.512159,Daerah: Perak<br>No:1986<br>Hex coord:(85;43),n/a,0,0,0,0,0,0,1,2022-04-23T04:27:27.2907777Z,0
5.24687,100.6993566,Daerah: Perak<br>No:1987<br>Hex coord:(25;44),n/a,0,0,0,0,0,0,1,2022-04-23T04:27:28.1205656Z,0
5.25465,100.7129033,Daerah: Perak<br>No:1988<br>Hex coord:(26;44),n/a,0,0,0,0,0,0,1,2022-04-23T04:27:28.8615004Z,0
5.24687,100.72645,Daerah: Perak<br>No:1989<br>Hex coord:(27;44),n/a,0,0,0,0,0,0,1,2022-04-23T04:27:29.6245771Z,0
5.25465,100.7399968,Daerah: Perak<br>No:1990<br>Hex coord:(28;44),n/a,0,0,0,0,0,0,1,2022-04-23T04:27:30.3977770Z,0
5.24687,100.7535435,Daerah: Perak<br>No:1991<br>Hex coord:(29;44),n/a,1 ,0,0,0,0,0,1,2022-04-23T04:27:31.1578685Z,0
5.25465,100.7670902,Daerah: Perak<br>No:1992<br>Hex coord:(30;44),n/a,0,0,0,0,0,0,1,2022-04-23T04:27:32.0411509Z,0
5.24687,100.7806369,Daerah: Perak<br>No:1993<br>Hex coord:(31;44),n/a,1 ,0,0,0,0,0,1,2022-04-23T04:27:32.8391980Z,0
5.25465,100.7941836,Daerah: Perak<br>No:1994<br>Hex coord:(32;44),n/a,0,0,0,0,0,0,1,2022-04-23T04:27:33.6195218Z,0
5.24687,100.8077303,Daerah: Perak<br>No:1995<br>Hex coord:(33;44),n/a,0,0,0,0,0,0,1,2022-04-23T04:27:34.3810663Z,0
5.25465,100.821277,Daerah: Perak<br>No:1996<br>Hex coord:(34;44),n/a,0,0,0,0,0,0,1,2022-04-23T04:27:35.1324054Z,0
5.24687,100.8348237,Daerah: Perak<br>No:1997<br>Hex coord:(35;44),n/a,0,0,0,0,0,0,1,2022-04-23T04:27:35.8885324Z,0
5.25465,100.8483704,Daerah: Perak<br>No:1998<br>Hex coord:(36;44),n/a,0,0,0,0,0,0,1,2022-04-23T04:27:36.6349694Z,0
5.24687,100.8619171,Daerah: Perak<br>No:1999<br>Hex coord:(37;44),n/a,0,0,0,0,0,0,1,2022-04-23T04:27:37.4291863Z,0
5.25465,100.8754638,Daerah: Perak<br>No:2000<br>Hex coord:(38;44),n/a,0,0,0,0,0,0,1,2022-04-23T04:27:38.1838278Z,0
5.24687,100.8890105,Daerah: Perak<br>No:2001<br>Hex coord:(39;44),n/a,0,0,0,0,0,0,1,2022-04-23T04:27:39.0879820Z,0
5.25465,100.9025572,Daerah: Perak<br>No:2002<br>Hex coord:(40;44),n/a,0,0,0,0,0,0,1,2022-04-23T04:27:39.8425626Z,0
5.24687,100.9161039,Daerah: Perak<br>No:2003<br>Hex coord:(41;44),n/a,0,0,0,0,0,0,1,2022-04-23T04:27:40.7997453Z,0
5.25465,100.9296506,Daerah: Perak<br>No:2004<br>Hex coord:(42;44),n/a,0,0,0,0,0,0,1,2022-04-23T04:27:41.5511221Z,0
5.24687,100.9431973,Daerah: Perak<br>No:2005<br>Hex coord:(43;44),n/a,0,0,0,0,0,0,1,2022-04-23T04:27:42.3249299Z,0
5.25465,100.956744,Daerah: Perak<br>No:2006<br>Hex coord:(44;44),n/a,0,0,0,0,0,0,1,2022-04-23T04:27:43.0811627Z,0
5.24687,100.9702907,Daerah: Perak<br>No:2007<br>Hex coord:(45;44),n/a,0,0,0,0,0,0,1,2022-04-23T04:27:43.8516666Z,0
5.25465,100.9838374,Daerah: Perak<br>No:2008<br>Hex coord:(46;44),n/a,0,0,0,0,0,0,1,2022-04-23T04:27:44.6127342Z,0
5.24687,100.9973842,Daerah: Perak<br>No:2009<br>Hex coord:(47;44),n/a,0,0,0,0,0,0,1,2022-04-23T04:27:45.4415543Z,0
5.25465,101.0109309,Daerah: Perak<br>No:2010<br>Hex coord:(48;44),n/a,0,0,0,0,0,0,1,2022-04-23T04:27:46.2363836Z,0
5.24687,101.0244776,Daerah: Perak<br>No:2011<br>Hex coord:(49;44),n/a,0,0,0,0,0,0,1,2022-04-23T04:27:46.9838711Z,0
5.25465,101.0380243,Daerah: Perak<br>No:2012<br>Hex coord:(50;44),n/a,0,0,0,0,0,0,1,2022-04-23T04:27:47.7342711Z,0
5.24687,101.051571,Daerah: Perak<br>No:2013<br>Hex coord:(51;44),n/a,0,0,0,0,0,0,1,2022-04-23T04:27:48.4999229Z,0
5.25465,101.0651177,Daerah: Perak<br>No:2014<br>Hex coord:(52;44),n/a,0,0,0,0,0,0,1,2022-04-23T04:27:49.2552999Z,0
5.24687,101.0786644,Daerah: Perak<br>No:2015<br>Hex coord:(53;44),n/a,0,0,0,0,0,0,1,2022-04-23T04:27:50.0160419Z,0
5.25465,101.0922111,Daerah: Perak<br>No:2016<br>Hex coord:(54;44),n/a,0,0,0,0,0,0,1,2022-04-23T04:27:50.7617171Z,0
5.24687,101.1057578,Daerah: Perak<br>No:2017<br>Hex coord:(55;44),n/a,0,0,0,0,0,0,1,2022-04-23T04:27:51.5102567Z,0
5.25465,101.1193045,Daerah: Perak<br>No:2018<br>Hex coord:(56;44),n/a,0,0,0,0,0,0,1,2022-04-23T04:27:52.2582404Z,0
5.24687,101.1328512,Daerah: Perak<br>No:2019<br>Hex coord:(57;44),n/a,0,0,0,0,0,0,1,2022-04-23T04:27:53.0272308Z,0
5.25465,101.1463979,Daerah: Perak<br>No:2020<br>Hex coord:(58;44),n/a,0,0,0,0,0,0,1,2022-04-23T04:27:53.7959767Z,0
5.24687,101.1599446,Daerah: Perak<br>No:2021<br>Hex coord:(59;44),n/a,0,0,0,0,0,0,1,2022-04-23T04:27:54.5625592Z,0
5.25465,101.1734913,Daerah: Perak<br>No:2022<br>Hex coord:(60;44),n/a,0,0,0,0,0,0,1,2022-04-23T04:27:55.3015658Z,0
5.24687,101.187038,Daerah: Perak<br>No:2023<br>Hex coord:(61;44),n/a,0,0,0,0,0,0,1,2022-04-23T04:27:56.0721531Z,0
5.25465,101.2005847,Daerah: Perak<br>No:2024<br>Hex coord:(62;44),n/a,0,0,0,0,0,0,1,2022-04-23T04:27:56.8435924Z,0
5.24687,101.2141314,Daerah: Perak<br>No:2025<br>Hex coord:(63;44),n/a,0,0,0,0,0,0,1,2022-04-23T04:27:57.6119176Z,0
5.25465,101.2276781,Daerah: Perak<br>No:2026<br>Hex coord:(64;44),n/a,0,0,0,0,0,0,1,2022-04-23T04:27:58.3490459Z,0
5.24687,101.2412249,Daerah: Perak<br>No:2027<br>Hex coord:(65;44),n/a,0,0,0,0,0,0,1,2022-04-23T04:27:59.1573591Z,0
5.25465,101.2547716,Daerah: Perak<br>No:2028<br>Hex coord:(66;44),n/a,0,0,0,0,0,0,1,2022-04-23T04:27:59.9256257Z,0
5.24687,101.2683183,Daerah: Perak<br>No:2029<br>Hex coord:(67;44),n/a,0,0,0,0,0,0,1,2022-04-23T04:28:00.7215789Z,0
5.25465,101.281865,Daerah: Perak<br>No:2030<br>Hex coord:(68;44),n/a,0,0,0,0,0,0,1,2022-04-23T04:28:01.4814329Z,0
5.24687,101.2954117,Daerah: Perak<br>No:2031<br>Hex coord:(69;44),n/a,0,0,0,0,0,0,1,2022-04-23T04:28:02.2764174Z,0
5.25465,101.3089584,Daerah: Perak<br>No:2032<br>Hex coord:(70;44),n/a,0,0,0,0,0,0,1,2022-04-23T04:28:03.0371840Z,0
5.24687,101.3225051,Daerah: Perak<br>No:2033<br>Hex coord:(71;44),n/a,0,0,0,0,0,0,1,2022-04-23T04:28:03.8119845Z,0
5.25465,101.3360518,Daerah: Perak<br>No:2034<br>Hex coord:(72;44),n/a,0,0,0,0,0,0,1,2022-04-23T04:28:04.5827092Z,0
5.24687,101.3495985,Daerah: Perak<br>No:2035<br>Hex coord:(73;44),n/a,0,0,0,0,0,0,1,2022-04-23T04:28:05.3853648Z,0
5.25465,101.3631452,Daerah: Perak<br>No:2036<br>Hex coord:(74;44),n/a,0,0,0,0,0,0,1,2022-04-23T04:28:06.2111647Z,0
5.24687,101.3766919,Daerah: Perak<br>No:2037<br>Hex coord:(75;44),n/a,0,0,0,0,0,0,1,2022-04-23T04:28:07.0887722Z,0
5.25465,101.3902386,Daerah: Perak<br>No:2038<br>Hex coord:(76;44),n/a,0,0,0,0,0,0,1,2022-04-23T04:28:07.9451120Z,0
5.24687,101.4037853,Daerah: Perak<br>No:2039<br>Hex coord:(77;44),n/a,0,0,0,0,0,0,1,2022-04-23T04:28:08.7260852Z,0
5.25465,101.417332,Daerah: Perak<br>No:2040<br>Hex coord:(78;44),n/a,0,0,0,0,0,0,1,2022-04-23T04:28:09.4855496Z,0
5.24687,101.4308787,Daerah: Perak<br>No:2041<br>Hex coord:(79;44),n/a,0,0,0,0,0,0,1,2022-04-23T04:28:10.3001859Z,0
5.25465,101.4444254,Daerah: Perak<br>No:2042<br>Hex coord:(80;44),n/a,0,0,0,0,0,0,1,2022-04-23T04:28:11.0777539Z,0
5.24687,101.4579721,Daerah: Perak<br>No:2043<br>Hex coord:(81;44),n/a,0,0,0,0,0,0,1,2022-04-23T04:28:11.8162990Z,0
5.25465,101.4715188,Daerah: Perak<br>No:2044<br>Hex coord:(82;44),n/a,0,0,0,0,0,0,1,2022-04-23T04:28:12.5861092Z,0
5.24687,101.4850655,Daerah: Perak<br>No:2045<br>Hex coord:(83;44),n/a,0,0,0,0,0,0,1,2022-04-23T04:28:13.3543791Z,0
5.25465,101.4986123,Daerah: Perak<br>No:2046<br>Hex coord:(84;44),n/a,0,0,0,0,0,0,1,2022-04-23T04:28:14.1114913Z,0
5.24687,101.512159,Daerah: Perak<br>No:2047<br>Hex coord:(85;44),n/a,0,0,0,0,0,0,1,2022-04-23T04:28:14.8770805Z,0
5.23131,100.6993566,Daerah: Perak<br>No:2048<br>Hex coord:(25;45),n/a,0,0,0,0,0,0,1,2022-04-23T04:28:15.6253235Z,0
5.23909,100.7129033,Daerah: Perak<br>No:2049<br>Hex coord:(26;45),n/a,0,0,0,0,0,0,1,2022-04-23T04:28:16.4487048Z,0
5.23131,100.72645,Daerah: Perak<br>No:2050<br>Hex coord:(27;45),n/a,0,0,0,0,0,0,1,2022-04-23T04:28:17.2112735Z,0
5.23909,100.7399968,Daerah: Perak<br>No:2051<br>Hex coord:(28;45),n/a,1 ,0,0,0,0,0,1,2022-04-23T04:28:18.1805800Z,0
5.23131,100.7535435,Daerah: Perak<br>No:2052<br>Hex coord:(29;45),n/a,0,0,0,0,0,0,1,2022-04-23T04:28:18.9561331Z,0
5.23909,100.7670902,Daerah: Perak<br>No:2053<br>Hex coord:(30;45),n/a,0,0,0,0,0,0,1,2022-04-23T04:28:19.7091378Z,0
5.23131,100.7806369,Daerah: Perak<br>No:2054<br>Hex coord:(31;45),n/a,0,0,0,0,0,0,1,2022-04-23T04:28:20.4695611Z,0
5.23909,100.7941836,Daerah: Perak<br>No:2055<br>Hex coord:(32;45),n/a,0,0,0,0,0,0,1,2022-04-23T04:28:21.2425628Z,0
5.23131,100.8077303,Daerah: Perak<br>No:2056<br>Hex coord:(33;45),n/a,0,0,0,0,0,0,1,2022-04-23T04:28:22.0120825Z,0
5.23909,100.821277,Daerah: Perak<br>No:2057<br>Hex coord:(34;45),n/a,0,0,0,0,0,0,1,2022-04-23T04:28:22.8947014Z,0
5.23131,100.8348237,Daerah: Perak<br>No:2058<br>Hex coord:(35;45),n/a,0,0,0,0,0,0,1,2022-04-23T04:28:23.6740085Z,0
5.23909,100.8483704,Daerah: Perak<br>No:2059<br>Hex coord:(36;45),n/a,0,0,0,0,0,0,1,2022-04-23T04:28:24.4372716Z,0
5.23131,100.8619171,Daerah: Perak<br>No:2060<br>Hex coord:(37;45),n/a,0,0,0,0,0,0,1,2022-04-23T04:28:25.2156025Z,0
5.23909,100.8754638,Daerah: Perak<br>No:2061<br>Hex coord:(38;45),n/a,0,0,0,0,0,0,1,2022-04-23T04:28:25.9897028Z,0
5.23131,100.8890105,Daerah: Perak<br>No:2062<br>Hex coord:(39;45),n/a,0,0,0,0,0,0,1,2022-04-23T04:28:26.7409813Z,0
5.23909,100.9025572,Daerah: Perak<br>No:2063<br>Hex coord:(40;45),n/a,0,0,0,0,0,0,1,2022-04-23T04:28:27.5584096Z,0
5.23131,100.9161039,Daerah: Perak<br>No:2064<br>Hex coord:(41;45),n/a,0,0,0,0,0,0,1,2022-04-23T04:28:28.3581721Z,0
5.23909,100.9296506,Daerah: Perak<br>No:2065<br>Hex coord:(42;45),n/a,0,0,0,0,0,0,1,2022-04-23T04:28:29.1175986Z,0
5.23131,100.9431973,Daerah: Perak<br>No:2066<br>Hex coord:(43;45),n/a,0,0,0,0,0,0,1,2022-04-23T04:28:29.8728745Z,0
5.23909,100.956744,Daerah: Perak<br>No:2067<br>Hex coord:(44;45),n/a,0,0,0,0,0,0,1,2022-04-23T04:28:30.6668610Z,0
5.23131,100.9702907,Daerah: Perak<br>No:2068<br>Hex coord:(45;45),n/a,0,0,0,0,0,0,1,2022-04-23T04:28:31.4813315Z,0
5.23909,100.9838374,Daerah: Perak<br>No:2069<br>Hex coord:(46;45),n/a,0,0,0,0,0,0,1,2022-04-23T04:28:32.2536907Z,0
5.23131,100.9973842,Daerah: Perak<br>No:2070<br>Hex coord:(47;45),n/a,0,0,0,0,0,0,1,2022-04-23T04:28:33.0143434Z,0
5.23909,101.0109309,Daerah: Perak<br>No:2071<br>Hex coord:(48;45),n/a,0,0,0,0,0,0,1,2022-04-23T04:28:33.7602784Z,0
5.23131,101.0244776,Daerah: Perak<br>No:2072<br>Hex coord:(49;45),n/a,0,0,0,0,0,0,1,2022-04-23T04:28:34.5205553Z,0
5.23909,101.0380243,Daerah: Perak<br>No:2073<br>Hex coord:(50;45),n/a,0,0,0,0,0,0,1,2022-04-23T04:28:35.3012170Z,0
5.23131,101.051571,Daerah: Perak<br>No:2074<br>Hex coord:(51;45),n/a,0,0,0,0,0,0,1,2022-04-23T04:28:36.0600276Z,0
5.23909,101.0651177,Daerah: Perak<br>No:2075<br>Hex coord:(52;45),n/a,0,0,0,0,0,0,1,2022-04-23T04:28:36.8223725Z,0
5.23131,101.0786644,Daerah: Perak<br>No:2076<br>Hex coord:(53;45),n/a,0,0,0,0,0,0,1,2022-04-23T04:28:37.5759775Z,0
5.23909,101.0922111,Daerah: Perak<br>No:2077<br>Hex coord:(54;45),n/a,0,0,0,0,0,0,1,2022-04-23T04:28:38.3470729Z,0
5.23131,101.1057578,Daerah: Perak<br>No:2078<br>Hex coord:(55;45),n/a,0,0,0,0,0,0,1,2022-04-23T04:28:39.2371090Z,0
5.23909,101.1193045,Daerah: Perak<br>No:2079<br>Hex coord:(56;45),n/a,0,0,0,0,0,0,1,2022-04-23T04:28:40.1138769Z,0
5.23131,101.1328512,Daerah: Perak<br>No:2080<br>Hex coord:(57;45),n/a,0,0,0,0,0,0,1,2022-04-23T04:28:40.9162721Z,0
5.23909,101.1463979,Daerah: Perak<br>No:2081<br>Hex coord:(58;45),n/a,0,0,0,0,0,0,1,2022-04-23T04:28:41.6594907Z,0
5.23131,101.1599446,Daerah: Perak<br>No:2082<br>Hex coord:(59;45),n/a,0,0,0,0,0,0,1,2022-04-23T04:28:42.4088583Z,0
5.23909,101.1734913,Daerah: Perak<br>No:2083<br>Hex coord:(60;45),n/a,0,0,0,0,0,0,1,2022-04-23T04:28:44.1824063Z,0
5.23131,101.187038,Daerah: Perak<br>No:2084<br>Hex coord:(61;45),n/a,0,0,0,0,0,0,1,2022-04-23T04:28:44.9762934Z,0
5.23909,101.2005847,Daerah: Perak<br>No:2085<br>Hex coord:(62;45),n/a,0,0,0,0,0,0,1,2022-04-23T04:28:45.7483468Z,0
5.23131,101.2141314,Daerah: Perak<br>No:2086<br>Hex coord:(63;45),n/a,0,0,0,0,0,0,1,2022-04-23T04:28:46.5113405Z,0
5.23909,101.2276781,Daerah: Perak<br>No:2087<br>Hex coord:(64;45),n/a,0,0,0,0,0,0,1,2022-04-23T04:28:47.2841943Z,0
5.23131,101.2412249,Daerah: Perak<br>No:2088<br>Hex coord:(65;45),n/a,0,0,0,0,0,0,1,2022-04-23T04:28:48.0396306Z,0
5.23909,101.2547716,Daerah: Perak<br>No:2089<br>Hex coord:(66;45),n/a,0,0,0,0,0,0,1,2022-04-23T04:28:48.8141372Z,0
5.23131,101.2683183,Daerah: Perak<br>No:2090<br>Hex coord:(67;45),n/a,0,0,0,0,0,0,1,2022-04-23T04:28:49.6219827Z,0
5.23909,101.281865,Daerah: Perak<br>No:2091<br>Hex coord:(68;45),n/a,0,0,0,0,0,0,1,2022-04-23T04:28:50.5549598Z,0
5.23131,101.2954117,Daerah: Perak<br>No:2092<br>Hex coord:(69;45),n/a,0,0,0,0,0,0,1,2022-04-23T04:28:51.3044360Z,0
5.23909,101.3089584,Daerah: Perak<br>No:2093<br>Hex coord:(70;45),n/a,0,0,0,0,0,0,1,2022-04-23T04:28:52.1027304Z,0
5.23131,101.3225051,Daerah: Perak<br>No:2094<br>Hex coord:(71;45),n/a,0,0,0,0,0,0,1,2022-04-23T04:28:52.8760141Z,0
5.23909,101.3360518,Daerah: Perak<br>No:2095<br>Hex coord:(72;45),n/a,0,0,0,0,0,0,1,2022-04-23T04:28:53.6195768Z,0
5.23131,101.3495985,Daerah: Perak<br>No:2096<br>Hex coord:(73;45),n/a,0,0,0,0,0,0,1,2022-04-23T04:28:54.3952239Z,0
5.23909,101.3631452,Daerah: Perak<br>No:2097<br>Hex coord:(74;45),n/a,0,0,0,0,0,0,1,2022-04-23T04:28:56.2111810Z,0
5.23131,101.3766919,Daerah: Perak<br>No:2098<br>Hex coord:(75;45),n/a,0,0,0,0,0,0,1,2022-04-23T04:28:56.9427786Z,0
5.23909,101.3902386,Daerah: Perak<br>No:2099<br>Hex coord:(76;45),n/a,0,0,0,0,0,0,1,2022-04-23T04:28:57.6985276Z,0
5.23131,101.4037853,Daerah: Perak<br>No:2100<br>Hex coord:(77;45),n/a,0,0,0,0,0,0,1,2022-04-23T04:28:58.4523922Z,0
5.23909,101.417332,Daerah: Perak<br>No:2101<br>Hex coord:(78;45),n/a,0,0,0,0,0,0,1,2022-04-23T04:28:59.2139263Z,0
5.23131,101.4308787,Daerah: Perak<br>No:2102<br>Hex coord:(79;45),n/a,0,0,0,0,0,0,1,2022-04-23T04:29:00.0311466Z,0
5.23909,101.4444254,Daerah: Perak<br>No:2103<br>Hex coord:(80;45),n/a,0,0,0,0,0,0,1,2022-04-23T04:29:00.8247387Z,0
5.23131,101.4579721,Daerah: Perak<br>No:2104<br>Hex coord:(81;45),n/a,0,0,0,0,0,0,1,2022-04-23T04:29:01.5777513Z,0
5.23909,101.4715188,Daerah: Perak<br>No:2105<br>Hex coord:(82;45),n/a,0,0,0,0,0,0,1,2022-04-23T04:29:02.4522626Z,0
5.23131,101.4850655,Daerah: Perak<br>No:2106<br>Hex coord:(83;45),n/a,0,0,0,0,0,0,1,2022-04-23T04:29:03.2058528Z,0
5.23909,101.4986123,Daerah: Perak<br>No:2107<br>Hex coord:(84;45),n/a,0,0,0,0,0,0,1,2022-04-23T04:29:03.9869891Z,0
5.21575,100.6993566,Daerah: Perak<br>No:2108<br>Hex coord:(25;46),n/a,1 ,0,0,0,0,0,1,2022-04-23T04:29:04.7448187Z,0
5.22353,100.7129033,Daerah: Perak<br>No:2109<br>Hex coord:(26;46),n/a,0,0,0,0,0,0,1,2022-04-23T04:29:05.4835612Z,0
5.21575,100.72645,Daerah: Perak<br>No:2110<br>Hex coord:(27;46),n/a,0,0,0,0,0,0,1,2022-04-23T04:29:06.2485491Z,0
5.22353,100.7399968,Daerah: Perak<br>No:2111<br>Hex coord:(28;46),n/a,0,0,0,0,0,0,1,2022-04-23T04:29:07.0086886Z,0
5.21575,100.7535435,Daerah: Perak<br>No:2112<br>Hex coord:(29;46),n/a,0,0,0,0,0,0,1,2022-04-23T04:29:07.7855933Z,0
5.22353,100.7670902,Daerah: Perak<br>No:2113<br>Hex coord:(30;46),n/a,0,0,0,0,0,0,1,2022-04-23T04:29:08.5588634Z,0
5.21575,100.7806369,Daerah: Perak<br>No:2114<br>Hex coord:(31;46),n/a,0,0,0,0,0,0,1,2022-04-23T04:29:09.3226803Z,0
5.22353,100.7941836,Daerah: Perak<br>No:2115<br>Hex coord:(32;46),n/a,0,0,0,0,0,0,1,2022-04-23T04:29:10.1448153Z,0
5.21575,100.8077303,Daerah: Perak<br>No:2116<br>Hex coord:(33;46),n/a,0,0,0,0,0,0,1,2022-04-23T04:29:10.8944534Z,0
5.22353,100.821277,Daerah: Perak<br>No:2117<br>Hex coord:(34;46),n/a,0,0,0,0,0,0,1,2022-04-23T04:29:11.7046810Z,0
5.21575,100.8348237,Daerah: Perak<br>No:2118<br>Hex coord:(35;46),n/a,0,0,0,0,0,0,1,2022-04-23T04:29:12.4660123Z,0
5.22353,100.8483704,Daerah: Perak<br>No:2119<br>Hex coord:(36;46),n/a,0,0,0,0,0,0,1,2022-04-23T04:29:13.2515256Z,0
5.21575,100.8619171,Daerah: Perak<br>No:2120<br>Hex coord:(37;46),n/a,0,0,0,0,0,0,1,2022-04-23T04:29:14.0318442Z,0
5.22353,100.8754638,Daerah: Perak<br>No:2121<br>Hex coord:(38;46),n/a,0,0,0,0,0,0,1,2022-04-23T04:29:14.8028933Z,0
5.21575,100.8890105,Daerah: Perak<br>No:2122<br>Hex coord:(39;46),n/a,0,0,0,0,0,0,1,2022-04-23T04:29:15.5633728Z,0
5.22353,100.9025572,Daerah: Perak<br>No:2123<br>Hex coord:(40;46),n/a,0,0,0,0,0,0,1,2022-04-23T04:29:16.3741559Z,0
5.21575,100.9161039,Daerah: Perak<br>No:2124<br>Hex coord:(41;46),n/a,0,0,0,0,0,0,1,2022-04-23T04:29:17.1212117Z,0
5.22353,100.9296506,Daerah: Perak<br>No:2125<br>Hex coord:(42;46),n/a,0,0,0,0,0,0,1,2022-04-23T04:29:17.8897843Z,0
5.21575,100.9431973,Daerah: Perak<br>No:2126<br>Hex coord:(43;46),n/a,0,0,0,0,0,0,1,2022-04-23T04:29:18.6463141Z,0
5.22353,100.956744,Daerah: Perak<br>No:2127<br>Hex coord:(44;46),n/a,0,0,0,0,0,0,1,2022-04-23T04:29:19.4077890Z,0
5.21575,100.9702907,Daerah: Perak<br>No:2128<br>Hex coord:(45;46),n/a,0,0,0,0,0,0,1,2022-04-23T04:29:20.3758503Z,0
5.22353,100.9838374,Daerah: Perak<br>No:2129<br>Hex coord:(46;46),n/a,0,0,0,0,0,0,1,2022-04-23T04:29:21.1536086Z,0
5.21575,100.9973842,Daerah: Perak<br>No:2130<br>Hex coord:(47;46),n/a,0,0,0,0,0,0,1,2022-04-23T04:29:21.9115168Z,0
5.22353,101.0109309,Daerah: Perak<br>No:2131<br>Hex coord:(48;46),n/a,0,0,0,0,0,0,1,2022-04-23T04:29:22.8808101Z,0
5.21575,101.0244776,Daerah: Perak<br>No:2132<br>Hex coord:(49;46),n/a,0,0,0,0,0,0,1,2022-04-23T04:29:23.6314073Z,0
5.22353,101.0380243,Daerah: Perak<br>No:2133<br>Hex coord:(50;46),n/a,0,0,0,0,0,0,1,2022-04-23T04:29:24.3823009Z,0
5.21575,101.051571,Daerah: Perak<br>No:2134<br>Hex coord:(51;46),n/a,0,0,0,0,0,0,1,2022-04-23T04:29:25.1449110Z,0
5.22353,101.0651177,Daerah: Perak<br>No:2135<br>Hex coord:(52;46),n/a,0,0,0,0,0,0,1,2022-04-23T04:29:25.8897159Z,0
5.21575,101.0786644,Daerah: Perak<br>No:2136<br>Hex coord:(53;46),n/a,0,0,0,0,0,0,1,2022-04-23T04:29:26.6747748Z,0
5.22353,101.0922111,Daerah: Perak<br>No:2137<br>Hex coord:(54;46),n/a,0,0,0,0,0,0,1,2022-04-23T04:29:28.4513423Z,0
5.21575,101.1057578,Daerah: Perak<br>No:2138<br>Hex coord:(55;46),n/a,0,0,0,0,0,0,1,2022-04-23T04:29:29.2174793Z,0
5.22353,101.1193045,Daerah: Perak<br>No:2139<br>Hex coord:(56;46),n/a,0,0,0,0,0,0,1,2022-04-23T04:29:30.0047883Z,0
5.21575,101.1328512,Daerah: Perak<br>No:2140<br>Hex coord:(57;46),n/a,0,0,0,0,0,0,1,2022-04-23T04:29:31.7818426Z,0
5.22353,101.1463979,Daerah: Perak<br>No:2141<br>Hex coord:(58;46),n/a,0,0,0,0,0,0,1,2022-04-23T04:29:32.5966003Z,0
5.21575,101.1599446,Daerah: Perak<br>No:2142<br>Hex coord:(59;46),n/a,0,0,0,0,0,0,1,2022-04-23T04:29:33.3520693Z,0
5.22353,101.1734913,Daerah: Perak<br>No:2143<br>Hex coord:(60;46),n/a,0,0,0,0,0,0,1,2022-04-23T04:29:34.0788713Z,0
5.21575,101.187038,Daerah: Perak<br>No:2144<br>Hex coord:(61;46),n/a,0,0,0,0,0,0,1,2022-04-23T04:29:34.8330717Z,0
5.22353,101.2005847,Daerah: Perak<br>No:2145<br>Hex coord:(62;46),n/a,0,0,0,0,0,0,1,2022-04-23T04:29:35.5955883Z,0
5.21575,101.2141314,Daerah: Perak<br>No:2146<br>Hex coord:(63;46),n/a,0,0,0,0,0,0,1,2022-04-23T04:29:36.3564533Z,0
5.22353,101.2276781,Daerah: Perak<br>No:2147<br>Hex coord:(64;46),n/a,0,0,0,0,0,0,1,2022-04-23T04:29:37.1956949Z,0
5.21575,101.2412249,Daerah: Perak<br>No:2148<br>Hex coord:(65;46),n/a,0,0,0,0,0,0,1,2022-04-23T04:29:37.9989542Z,0
5.22353,101.2547716,Daerah: Perak<br>No:2149<br>Hex coord:(66;46),n/a,0,0,0,0,0,0,1,2022-04-23T04:29:38.8891825Z,0
5.21575,101.2683183,Daerah: Perak<br>No:2150<br>Hex coord:(67;46),n/a,0,0,0,0,0,0,1,2022-04-23T04:29:39.6646754Z,0
5.22353,101.281865,Daerah: Perak<br>No:2151<br>Hex coord:(68;46),n/a,0,0,0,0,0,0,1,2022-04-23T04:29:40.4631030Z,0
5.21575,101.2954117,Daerah: Perak<br>No:2152<br>Hex coord:(69;46),n/a,0,0,0,0,0,0,1,2022-04-23T04:29:41.2887176Z,0
5.22353,101.3089584,Daerah: Perak<br>No:2153<br>Hex coord:(70;46),n/a,0,0,0,0,0,0,1,2022-04-23T04:29:42.0489279Z,0
5.21575,101.3225051,Daerah: Perak<br>No:2154<br>Hex coord:(71;46),n/a,0,0,0,0,0,0,1,2022-04-23T04:29:42.8043789Z,0
5.22353,101.3360518,Daerah: Perak<br>No:2155<br>Hex coord:(72;46),n/a,0,0,0,0,0,0,1,2022-04-23T04:29:43.5740619Z,0
5.21575,101.3495985,Daerah: Perak<br>No:2156<br>Hex coord:(73;46),n/a,0,0,0,0,0,0,1,2022-04-23T04:29:44.3452875Z,0
5.22353,101.3631452,Daerah: Perak<br>No:2157<br>Hex coord:(74;46),n/a,0,0,0,0,0,0,1,2022-04-23T04:29:45.1256361Z,0
5.21575,101.3766919,Daerah: Perak<br>No:2158<br>Hex coord:(75;46),n/a,0,0,0,0,0,0,1,2022-04-23T04:29:45.8871887Z,0
5.22353,101.3902386,Daerah: Perak<br>No:2159<br>Hex coord:(76;46),n/a,0,0,0,0,0,0,1,2022-04-23T04:29:46.6449040Z,0
5.21575,101.4037853,Daerah: Perak<br>No:2160<br>Hex coord:(77;46),n/a,0,0,0,0,0,0,1,2022-04-23T04:29:47.4120187Z,0
5.22353,101.417332,Daerah: Perak<br>No:2161<br>Hex coord:(78;46),n/a,0,0,0,0,0,0,1,2022-04-23T04:29:48.1550032Z,0
5.21575,101.4308787,Daerah: Perak<br>No:2162<br>Hex coord:(79;46),n/a,0,0,0,0,0,0,1,2022-04-23T04:29:48.9258954Z,0
5.22353,101.4444254,Daerah: Perak<br>No:2163<br>Hex coord:(80;46),n/a,0,0,0,0,0,0,1,2022-04-23T04:29:49.6858628Z,0
5.21575,101.4579721,Daerah: Perak<br>No:2164<br>Hex coord:(81;46),n/a,0,0,0,0,0,0,1,2022-04-23T04:29:50.4391407Z,0
5.22353,101.4715188,Daerah: Perak<br>No:2165<br>Hex coord:(82;46),n/a,0,0,0,0,0,0,1,2022-04-23T04:29:51.2147132Z,0
5.21575,101.4850655,Daerah: Perak<br>No:2166<br>Hex coord:(83;46),n/a,0,0,0,0,0,0,1,2022-04-23T04:29:51.9711969Z,0
5.22353,101.4986123,Daerah: Perak<br>No:2167<br>Hex coord:(84;46),n/a,0,0,0,0,0,0,1,2022-04-23T04:29:52.7262130Z,0
5.20019,100.6722632,Daerah: Perak<br>No:2168<br>Hex coord:(23;47),n/a,0,0,0,0,0,0,1,2022-04-23T04:29:53.4671193Z,0
5.20797,100.6858099,Daerah: Perak<br>No:2169<br>Hex coord:(24;47),n/a,1 ,0,0,0,0,0,1,2022-04-23T04:29:54.2208505Z,0
5.20019,100.6993566,Daerah: Perak<br>No:2170<br>Hex coord:(25;47),n/a,0,0,0,0,0,0,1,2022-04-23T04:29:55.1624277Z,0
5.20797,100.7129033,Daerah: Perak<br>No:2171<br>Hex coord:(26;47),n/a,0,0,0,0,0,0,1,2022-04-23T04:29:55.9033300Z,0
5.20019,100.72645,Daerah: Perak<br>No:2172<br>Hex coord:(27;47),n/a,1 ,0,0,0,0,0,1,2022-04-23T04:29:56.6654048Z,0
5.20797,100.7399968,Daerah: Perak<br>No:2173<br>Hex coord:(28;47),n/a,0,0,0,0,0,0,1,2022-04-23T04:29:57.4499936Z,0
5.20019,100.7535435,Daerah: Perak<br>No:2174<br>Hex coord:(29;47),n/a,0,0,0,0,0,0,1,2022-04-23T04:29:58.2214635Z,0
5.20797,100.7670902,Daerah: Perak<br>No:2175<br>Hex coord:(30;47),n/a,0,0,0,0,0,0,1,2022-04-23T04:29:59.0184067Z,0
5.20019,100.7806369,Daerah: Perak<br>No:2176<br>Hex coord:(31;47),n/a,0,0,0,0,0,0,1,2022-04-23T04:29:59.7957082Z,0
5.20797,100.7941836,Daerah: Perak<br>No:2177<br>Hex coord:(32;47),n/a,0,0,0,0,0,0,1,2022-04-23T04:30:00.5744519Z,0
5.20019,100.8077303,Daerah: Perak<br>No:2178<br>Hex coord:(33;47),n/a,0,0,0,0,0,0,1,2022-04-23T04:30:01.3478387Z,0
5.20797,100.821277,Daerah: Perak<br>No:2179<br>Hex coord:(34;47),n/a,0,0,0,0,0,0,1,2022-04-23T04:30:02.1077558Z,0
5.20019,100.8348237,Daerah: Perak<br>No:2180<br>Hex coord:(35;47),n/a,0,0,0,0,0,0,1,2022-04-23T04:30:02.8486630Z,0
5.20797,100.8483704,Daerah: Perak<br>No:2181<br>Hex coord:(36;47),n/a,0,0,0,0,0,0,1,2022-04-23T04:30:03.6116651Z,0
5.20019,100.8619171,Daerah: Perak<br>No:2182<br>Hex coord:(37;47),n/a,0,0,0,0,0,0,1,2022-04-23T04:30:05.3789560Z,0
5.20797,100.8754638,Daerah: Perak<br>No:2183<br>Hex coord:(38;47),n/a,0,0,0,0,0,0,1,2022-04-23T04:30:06.1635259Z,0
5.20019,100.8890105,Daerah: Perak<br>No:2184<br>Hex coord:(39;47),n/a,0,0,0,0,0,0,1,2022-04-23T04:30:06.8975061Z,0
5.20797,100.9025572,Daerah: Perak<br>No:2185<br>Hex coord:(40;47),n/a,0,0,0,0,0,0,1,2022-04-23T04:30:07.6743799Z,0
5.20019,100.9161039,Daerah: Perak<br>No:2186<br>Hex coord:(41;47),n/a,0,0,0,0,0,0,1,2022-04-23T04:30:08.4425906Z,0
5.20797,100.9296506,Daerah: Perak<br>No:2187<br>Hex coord:(42;47),n/a,0,0,0,0,0,0,1,2022-04-23T04:30:09.2048490Z,0
5.20019,100.9431973,Daerah: Perak<br>No:2188<br>Hex coord:(43;47),n/a,0,0,0,0,0,0,1,2022-04-23T04:30:09.9821668Z,0
5.20797,100.956744,Daerah: Perak<br>No:2189<br>Hex coord:(44;47),n/a,0,0,0,0,0,0,1,2022-04-23T04:30:10.7370582Z,0
5.20019,100.9702907,Daerah: Perak<br>No:2190<br>Hex coord:(45;47),n/a,0,0,0,0,0,0,1,2022-04-23T04:30:11.4927632Z,0
5.20797,100.9838374,Daerah: Perak<br>No:2191<br>Hex coord:(46;47),n/a,0,0,0,0,0,0,1,2022-04-23T04:30:12.2664611Z,0
5.20019,100.9973842,Daerah: Perak<br>No:2192<br>Hex coord:(47;47),n/a,0,0,0,0,0,0,1,2022-04-23T04:30:14.0317100Z,0
5.20797,101.0109309,Daerah: Perak<br>No:2193<br>Hex coord:(48;47),n/a,0,0,0,0,0,0,1,2022-04-23T04:30:14.7778181Z,0
5.20019,101.0244776,Daerah: Perak<br>No:2194<br>Hex coord:(49;47),n/a,0,0,0,0,0,0,1,2022-04-23T04:30:15.5288407Z,0
5.20797,101.0380243,Daerah: Perak<br>No:2195<br>Hex coord:(50;47),n/a,0,0,0,0,0,0,1,2022-04-23T04:30:16.2726145Z,0
5.20019,101.051571,Daerah: Perak<br>No:2196<br>Hex coord:(51;47),n/a,0,0,0,0,0,0,1,2022-04-23T04:30:17.0662719Z,0
5.20797,101.0651177,Daerah: Perak<br>No:2197<br>Hex coord:(52;47),n/a,0,0,0,0,0,0,1,2022-04-23T04:30:17.8321615Z,0
5.20019,101.0786644,Daerah: Perak<br>No:2198<br>Hex coord:(53;47),n/a,0,0,0,0,0,0,1,2022-04-23T04:30:18.6361655Z,0
5.20797,101.0922111,Daerah: Perak<br>No:2199<br>Hex coord:(54;47),n/a,0,0,0,0,0,0,1,2022-04-23T04:30:19.4054654Z,0
5.20019,101.1057578,Daerah: Perak<br>No:2200<br>Hex coord:(55;47),n/a,0,0,0,0,0,0,1,2022-04-23T04:30:20.2383567Z,0
5.20797,101.1193045,Daerah: Perak<br>No:2201<br>Hex coord:(56;47),n/a,0,0,0,0,0,0,1,2022-04-23T04:30:21.0312274Z,0
5.20019,101.1328512,Daerah: Perak<br>No:2202<br>Hex coord:(57;47),n/a,0,0,0,0,0,0,1,2022-04-23T04:30:21.9480862Z,0
5.20797,101.1463979,Daerah: Perak<br>No:2203<br>Hex coord:(58;47),n/a,0,0,0,0,0,0,1,2022-04-23T04:30:22.7475669Z,0
5.20019,101.1599446,Daerah: Perak<br>No:2204<br>Hex coord:(59;47),n/a,0,0,0,0,0,0,1,2022-04-23T04:30:23.5286230Z,0
5.20797,101.1734913,Daerah: Perak<br>No:2205<br>Hex coord:(60;47),n/a,0,0,0,0,0,0,1,2022-04-23T04:30:24.3085507Z,0
5.20019,101.187038,Daerah: Perak<br>No:2206<br>Hex coord:(61;47),n/a,0,0,0,0,0,0,1,2022-04-23T04:30:25.0738075Z,0
5.20797,101.2005847,Daerah: Perak<br>No:2207<br>Hex coord:(62;47),n/a,0,0,0,0,0,0,1,2022-04-23T04:30:25.8297429Z,0
5.20019,101.2141314,Daerah: Perak<br>No:2208<br>Hex coord:(63;47),n/a,0,0,0,0,0,0,1,2022-04-23T04:30:26.5850233Z,0
5.20797,101.2276781,Daerah: Perak<br>No:2209<br>Hex coord:(64;47),n/a,0,0,0,0,0,0,1,2022-04-23T04:30:27.3185342Z,0
5.20019,101.2412249,Daerah: Perak<br>No:2210<br>Hex coord:(65;47),n/a,0,0,0,0,0,0,1,2022-04-23T04:30:28.0891311Z,0
5.20797,101.2547716,Daerah: Perak<br>No:2211<br>Hex coord:(66;47),n/a,0,0,0,0,0,0,1,2022-04-23T04:30:28.8305476Z,0
5.20019,101.2683183,Daerah: Perak<br>No:2212<br>Hex coord:(67;47),n/a,0,0,0,0,0,0,1,2022-04-23T04:30:29.6037032Z,0
5.20797,101.281865,Daerah: Perak<br>No:2213<br>Hex coord:(68;47),n/a,0,0,0,0,0,0,1,2022-04-23T04:30:30.3908525Z,0
5.20019,101.2954117,Daerah: Perak<br>No:2214<br>Hex coord:(69;47),n/a,0,0,0,0,0,0,1,2022-04-23T04:30:31.3091886Z,0
5.20797,101.3089584,Daerah: Perak<br>No:2215<br>Hex coord:(70;47),n/a,0,0,0,0,0,0,1,2022-04-23T04:30:32.0626890Z,0
5.20019,101.3225051,Daerah: Perak<br>No:2216<br>Hex coord:(71;47),n/a,0,0,0,0,0,0,1,2022-04-23T04:30:32.8418522Z,0
5.20797,101.3360518,Daerah: Perak<br>No:2217<br>Hex coord:(72;47),n/a,0,0,0,0,0,0,1,2022-04-23T04:30:33.6085573Z,0
5.20019,101.3495985,Daerah: Perak<br>No:2218<br>Hex coord:(73;47),n/a,0,0,0,0,0,0,1,2022-04-23T04:30:34.3659007Z,0
5.20797,101.3631452,Daerah: Perak<br>No:2219<br>Hex coord:(74;47),n/a,0,0,0,0,0,0,1,2022-04-23T04:30:35.1595718Z,0
5.20019,101.3766919,Daerah: Perak<br>No:2220<br>Hex coord:(75;47),n/a,0,0,0,0,0,0,1,2022-04-23T04:30:35.9305780Z,0
5.20797,101.3902386,Daerah: Perak<br>No:2221<br>Hex coord:(76;47),n/a,0,0,0,0,0,0,1,2022-04-23T04:30:36.7024670Z,0
5.20019,101.4037853,Daerah: Perak<br>No:2222<br>Hex coord:(77;47),n/a,0,0,0,0,0,0,1,2022-04-23T04:30:37.4738601Z,0
5.20797,101.417332,Daerah: Perak<br>No:2223<br>Hex coord:(78;47),n/a,0,0,0,0,0,0,1,2022-04-23T04:30:38.3429858Z,0
5.20019,101.4308787,Daerah: Perak<br>No:2224<br>Hex coord:(79;47),n/a,0,0,0,0,0,0,1,2022-04-23T04:30:39.1114534Z,0
5.20797,101.4444254,Daerah: Perak<br>No:2225<br>Hex coord:(80;47),n/a,0,0,0,0,0,0,1,2022-04-23T04:30:39.8824307Z,0
5.20019,101.4579721,Daerah: Perak<br>No:2226<br>Hex coord:(81;47),n/a,0,0,0,0,0,0,1,2022-04-23T04:30:40.6189509Z,0
5.20797,101.4715188,Daerah: Perak<br>No:2227<br>Hex coord:(82;47),n/a,0,0,0,0,0,0,1,2022-04-23T04:30:41.3706360Z,0
5.20019,101.4850655,Daerah: Perak<br>No:2228<br>Hex coord:(83;47),n/a,0,0,0,0,0,0,1,2022-04-23T04:30:42.1408303Z,0
5.20797,101.4986123,Daerah: Perak<br>No:2229<br>Hex coord:(84;47),n/a,0,0,0,0,0,0,1,2022-04-23T04:30:42.9067461Z,0
5.18463,100.6722632,Daerah: Perak<br>No:2230<br>Hex coord:(23;48),n/a,0,0,0,0,0,0,1,2022-04-23T04:30:43.6887218Z,0
5.19241,100.6858099,Daerah: Perak<br>No:2231<br>Hex coord:(24;48),n/a,0,0,0,0,0,0,1,2022-04-23T04:30:45.4530216Z,0
5.18463,100.6993566,Daerah: Perak<br>No:2232<br>Hex coord:(25;48),n/a,0,0,0,0,0,0,1,2022-04-23T04:30:46.2158298Z,0
5.19241,100.7129033,Daerah: Perak<br>No:2233<br>Hex coord:(26;48),n/a,0,0,0,0,0,0,1,2022-04-23T04:30:46.9871789Z,0
5.18463,100.72645,Daerah: Perak<br>No:2234<br>Hex coord:(27;48),n/a,0,0,0,0,0,0,1,2022-04-23T04:30:47.7455505Z,0
5.19241,100.7399968,Daerah: Perak<br>No:2235<br>Hex coord:(28;48),n/a,0,0,0,0,0,0,1,2022-04-23T04:30:48.4959126Z,0
5.18463,100.7535435,Daerah: Perak<br>No:2236<br>Hex coord:(29;48),n/a,0,0,0,0,0,0,1,2022-04-23T04:30:49.2598997Z,0
5.19241,100.7670902,Daerah: Perak<br>No:2237<br>Hex coord:(30;48),n/a,0,0,0,0,0,0,1,2022-04-23T04:30:50.0435663Z,0
5.18463,100.7806369,Daerah: Perak<br>No:2238<br>Hex coord:(31;48),n/a,0,0,0,0,0,0,1,2022-04-23T04:30:50.7922447Z,0
5.19241,100.7941836,Daerah: Perak<br>No:2239<br>Hex coord:(32;48),n/a,0,0,0,0,0,0,1,2022-04-23T04:30:52.5371193Z,0
5.18463,100.8077303,Daerah: Perak<br>No:2240<br>Hex coord:(33;48),n/a,0,0,0,0,0,0,1,2022-04-23T04:30:53.2767647Z,0
5.19241,100.821277,Daerah: Perak<br>No:2241<br>Hex coord:(34;48),n/a,0,0,0,0,0,0,1,2022-04-23T04:30:54.0350661Z,0
5.18463,100.8348237,Daerah: Perak<br>No:2242<br>Hex coord:(35;48),n/a,0,0,0,0,0,0,1,2022-04-23T04:30:54.8398651Z,0
5.19241,100.8483704,Daerah: Perak<br>No:2243<br>Hex coord:(36;48),n/a,0,0,0,0,0,0,1,2022-04-23T04:30:55.6014490Z,0
5.18463,100.8619171,Daerah: Perak<br>No:2244<br>Hex coord:(37;48),n/a,0,0,0,0,0,0,1,2022-04-23T04:30:56.3731188Z,0
5.19241,100.8754638,Daerah: Perak<br>No:2245<br>Hex coord:(38;48),n/a,0,0,0,0,0,0,1,2022-04-23T04:30:57.1287290Z,0
5.18463,100.8890105,Daerah: Perak<br>No:2246<br>Hex coord:(39;48),n/a,0,0,0,0,0,0,1,2022-04-23T04:30:57.8970818Z,0
5.19241,100.9025572,Daerah: Perak<br>No:2247<br>Hex coord:(40;48),n/a,0,0,0,0,0,0,1,2022-04-23T04:30:58.6473131Z,0
5.18463,100.9161039,Daerah: Perak<br>No:2248<br>Hex coord:(41;48),n/a,0,0,0,0,0,0,1,2022-04-23T04:30:59.3988953Z,0
5.19241,100.9296506,Daerah: Perak<br>No:2249<br>Hex coord:(42;48),n/a,0,0,0,0,0,0,1,2022-04-23T04:31:00.3747477Z,0
5.18463,100.9431973,Daerah: Perak<br>No:2250<br>Hex coord:(43;48),n/a,0,0,0,0,0,0,1,2022-04-23T04:31:01.1759754Z,0
5.19241,100.956744,Daerah: Perak<br>No:2251<br>Hex coord:(44;48),n/a,0,0,0,0,0,0,1,2022-04-23T04:31:02.1353014Z,0
5.18463,100.9702907,Daerah: Perak<br>No:2252<br>Hex coord:(45;48),n/a,0,0,0,0,0,0,1,2022-04-23T04:31:02.9695369Z,0
5.19241,100.9838374,Daerah: Perak<br>No:2253<br>Hex coord:(46;48),n/a,0,0,0,0,0,0,1,2022-04-23T04:31:03.7985811Z,0
5.18463,100.9973842,Daerah: Perak<br>No:2254<br>Hex coord:(47;48),n/a,0,0,0,0,0,0,1,2022-04-23T04:31:04.6427861Z,0
5.19241,101.0109309,Daerah: Perak<br>No:2255<br>Hex coord:(48;48),n/a,0,0,0,0,0,0,1,2022-04-23T04:31:05.4870562Z,0
5.18463,101.0244776,Daerah: Perak<br>No:2256<br>Hex coord:(49;48),n/a,0,0,0,0,0,0,1,2022-04-23T04:31:06.3180345Z,0
5.19241,101.0380243,Daerah: Perak<br>No:2257<br>Hex coord:(50;48),n/a,0,0,0,0,0,0,1,2022-04-23T04:31:07.1360216Z,0
5.18463,101.051571,Daerah: Perak<br>No:2258<br>Hex coord:(51;48),n/a,0,0,0,0,0,0,1,2022-04-23T04:31:08.0003187Z,0
5.19241,101.0651177,Daerah: Perak<br>No:2259<br>Hex coord:(52;48),n/a,0,0,0,0,0,0,1,2022-04-23T04:31:08.8273318Z,0
5.18463,101.0786644,Daerah: Perak<br>No:2260<br>Hex coord:(53;48),n/a,0,0,0,0,0,0,1,2022-04-23T04:31:09.5726485Z,0
5.19241,101.0922111,Daerah: Perak<br>No:2261<br>Hex coord:(54;48),n/a,0,0,0,0,0,0,1,2022-04-23T04:31:10.3858846Z,0
5.18463,101.1057578,Daerah: Perak<br>No:2262<br>Hex coord:(55;48),n/a,0,0,0,0,0,0,1,2022-04-23T04:31:11.1437244Z,0
5.19241,101.1193045,Daerah: Perak<br>No:2263<br>Hex coord:(56;48),n/a,0,0,0,0,0,0,1,2022-04-23T04:31:11.9071744Z,0
5.18463,101.1328512,Daerah: Perak<br>No:2264<br>Hex coord:(57;48),n/a,0,0,0,0,0,0,1,2022-04-23T04:31:12.6749821Z,0
5.19241,101.1463979,Daerah: Perak<br>No:2265<br>Hex coord:(58;48),n/a,0,0,0,0,0,0,1,2022-04-23T04:31:13.4590303Z,0
5.18463,101.1599446,Daerah: Perak<br>No:2266<br>Hex coord:(59;48),n/a,0,0,0,0,0,0,1,2022-04-23T04:31:14.2154319Z,0
5.19241,101.1734913,Daerah: Perak<br>No:2267<br>Hex coord:(60;48),n/a,0,0,0,0,0,0,1,2022-04-23T04:31:14.9752821Z,0
5.18463,101.187038,Daerah: Perak<br>No:2268<br>Hex coord:(61;48),n/a,0,0,0,0,0,0,1,2022-04-23T04:31:15.7539148Z,0
5.19241,101.2005847,Daerah: Perak<br>No:2269<br>Hex coord:(62;48),n/a,0,0,0,0,0,0,1,2022-04-23T04:31:16.5223374Z,0
5.18463,101.2141314,Daerah: Perak<br>No:2270<br>Hex coord:(63;48),n/a,0,0,0,0,0,0,1,2022-04-23T04:31:17.2830409Z,0
5.19241,101.2276781,Daerah: Perak<br>No:2271<br>Hex coord:(64;48),n/a,0,0,0,0,0,0,1,2022-04-23T04:31:18.0379696Z,0
5.18463,101.2412249,Daerah: Perak<br>No:2272<br>Hex coord:(65;48),n/a,0,0,0,0,0,0,1,2022-04-23T04:31:18.8362613Z,0
5.19241,101.2547716,Daerah: Perak<br>No:2273<br>Hex coord:(66;48),n/a,0,0,0,0,0,0,1,2022-04-23T04:31:19.6300971Z,0
5.18463,101.2683183,Daerah: Perak<br>No:2274<br>Hex coord:(67;48),n/a,0,0,0,0,0,0,1,2022-04-23T04:31:20.4281013Z,0
5.19241,101.281865,Daerah: Perak<br>No:2275<br>Hex coord:(68;48),n/a,0,0,0,0,0,0,1,2022-04-23T04:31:21.1585294Z,0
5.18463,101.2954117,Daerah: Perak<br>No:2276<br>Hex coord:(69;48),n/a,0,0,0,0,0,0,1,2022-04-23T04:31:22.9398465Z,0
5.19241,101.3089584,Daerah: Perak<br>No:2277<br>Hex coord:(70;48),n/a,0,0,0,0,0,0,1,2022-04-23T04:31:23.6892923Z,0
5.18463,101.3225051,Daerah: Perak<br>No:2278<br>Hex coord:(71;48),n/a,0,0,0,0,0,0,1,2022-04-23T04:31:24.5033873Z,0
5.19241,101.3360518,Daerah: Perak<br>No:2279<br>Hex coord:(72;48),n/a,0,0,0,0,0,0,1,2022-04-23T04:31:25.2668781Z,0
5.18463,101.3495985,Daerah: Perak<br>No:2280<br>Hex coord:(73;48),n/a,0,0,0,0,0,0,1,2022-04-23T04:31:26.0358250Z,0
5.19241,101.3631452,Daerah: Perak<br>No:2281<br>Hex coord:(74;48),n/a,0,0,0,0,0,0,1,2022-04-23T04:31:26.8168740Z,0
5.18463,101.3766919,Daerah: Perak<br>No:2282<br>Hex coord:(75;48),n/a,0,0,0,0,0,0,1,2022-04-23T04:31:27.5831675Z,0
5.19241,101.3902386,Daerah: Perak<br>No:2283<br>Hex coord:(76;48),n/a,0,0,0,0,0,0,1,2022-04-23T04:31:28.3457515Z,0
5.18463,101.4037853,Daerah: Perak<br>No:2284<br>Hex coord:(77;48),n/a,0,0,0,0,0,0,1,2022-04-23T04:31:29.1988958Z,0
5.19241,101.417332,Daerah: Perak<br>No:2285<br>Hex coord:(78;48),n/a,0,0,0,0,0,0,1,2022-04-23T04:31:30.1377942Z,0
5.18463,101.4308787,Daerah: Perak<br>No:2286<br>Hex coord:(79;48),n/a,0,0,0,0,0,0,1,2022-04-23T04:31:30.9063726Z,0
5.19241,101.4444254,Daerah: Perak<br>No:2287<br>Hex coord:(80;48),n/a,0,0,0,0,0,0,1,2022-04-23T04:31:31.7201611Z,0
5.18463,101.4579721,Daerah: Perak<br>No:2288<br>Hex coord:(81;48),n/a,0,0,0,0,0,0,1,2022-04-23T04:31:32.4805886Z,0
5.19241,101.4715188,Daerah: Perak<br>No:2289<br>Hex coord:(82;48),n/a,0,0,0,0,0,0,1,2022-04-23T04:31:33.2637262Z,0
5.18463,101.4850655,Daerah: Perak<br>No:2290<br>Hex coord:(83;48),n/a,0,0,0,0,0,0,1,2022-04-23T04:31:34.0418799Z,0
5.16907,100.6451698,Daerah: Perak<br>No:2291<br>Hex coord:(21;49),n/a,0,0,0,0,0,0,1,2022-04-23T04:31:34.7930447Z,0
5.17685,100.6587165,Daerah: Perak<br>No:2292<br>Hex coord:(22;49),n/a,0,0,0,0,0,0,1,2022-04-23T04:31:35.5473187Z,0
5.16907,100.6722632,Daerah: Perak<br>No:2293<br>Hex coord:(23;49),n/a,4 ,0,0,0,0,0,1,2022-04-23T04:31:36.3217810Z,0
5.17685,100.6858099,Daerah: Perak<br>No:2294<br>Hex coord:(24;49),n/a,0,0,0,0,0,0,1,2022-04-23T04:31:37.0817049Z,0
5.16907,100.6993566,Daerah: Perak<br>No:2295<br>Hex coord:(25;49),n/a,0,0,0,0,0,0,1,2022-04-23T04:31:37.8501713Z,0
5.17685,100.7129033,Daerah: Perak<br>No:2296<br>Hex coord:(26;49),n/a,0,0,0,0,0,0,1,2022-04-23T04:31:38.6187451Z,0
5.16907,100.72645,Daerah: Perak<br>No:2297<br>Hex coord:(27;49),n/a,0,0,0,0,0,0,1,2022-04-23T04:31:39.4363933Z,0
5.17685,100.7399968,Daerah: Perak<br>No:2298<br>Hex coord:(28;49),n/a,0,0,0,0,0,0,1,2022-04-23T04:31:40.2037200Z,0
5.16907,100.7535435,Daerah: Perak<br>No:2299<br>Hex coord:(29;49),n/a,0,0,0,0,0,0,1,2022-04-23T04:31:40.9608773Z,0
5.17685,100.7670902,Daerah: Perak<br>No:2300<br>Hex coord:(30;49),n/a,0,0,0,0,0,0,1,2022-04-23T04:31:41.7317553Z,0
5.16907,100.7806369,Daerah: Perak<br>No:2301<br>Hex coord:(31;49),n/a,0,0,0,0,0,0,1,2022-04-23T04:31:42.5047222Z,0
5.17685,100.7941836,Daerah: Perak<br>No:2302<br>Hex coord:(32;49),n/a,0,0,0,0,0,0,1,2022-04-23T04:31:43.3076685Z,0
5.16907,100.8077303,Daerah: Perak<br>No:2303<br>Hex coord:(33;49),n/a,0,0,0,0,0,0,1,2022-04-23T04:31:44.1381518Z,0
5.17685,100.821277,Daerah: Perak<br>No:2304<br>Hex coord:(34;49),n/a,0,0,0,0,0,0,1,2022-04-23T04:31:44.9734162Z,0
5.16907,100.8348237,Daerah: Perak<br>No:2305<br>Hex coord:(35;49),n/a,0,0,0,0,0,0,1,2022-04-23T04:31:45.7896276Z,0
5.17685,100.8483704,Daerah: Perak<br>No:2306<br>Hex coord:(36;49),n/a,0,0,0,0,0,0,1,2022-04-23T04:31:46.5712534Z,0
5.16907,100.8619171,Daerah: Perak<br>No:2307<br>Hex coord:(37;49),n/a,0,0,0,0,0,0,1,2022-04-23T04:31:47.3397436Z,0
5.17685,100.8754638,Daerah: Perak<br>No:2308<br>Hex coord:(38;49),n/a,0,0,0,0,0,0,1,2022-04-23T04:31:48.0859203Z,0
5.16907,100.8890105,Daerah: Perak<br>No:2309<br>Hex coord:(39;49),n/a,0,0,0,0,0,0,1,2022-04-23T04:31:48.8351815Z,0
5.17685,100.9025572,Daerah: Perak<br>No:2310<br>Hex coord:(40;49),n/a,0,0,0,0,0,0,1,2022-04-23T04:31:49.6083925Z,0
5.16907,100.9161039,Daerah: Perak<br>No:2311<br>Hex coord:(41;49),n/a,0,0,0,0,0,0,1,2022-04-23T04:31:51.4407567Z,0
5.17685,100.9296506,Daerah: Perak<br>No:2312<br>Hex coord:(42;49),n/a,0,0,0,0,0,0,1,2022-04-23T04:31:52.4691950Z,0
5.16907,100.9431973,Daerah: Perak<br>No:2313<br>Hex coord:(43;49),n/a,0,0,0,0,0,0,1,2022-04-23T04:31:53.3400227Z,0
5.17685,100.956744,Daerah: Perak<br>No:2314<br>Hex coord:(44;49),n/a,0,0,0,0,0,0,1,2022-04-23T04:31:54.2926242Z,0
5.16907,100.9702907,Daerah: Perak<br>No:2315<br>Hex coord:(45;49),n/a,0,0,0,0,0,0,1,2022-04-23T04:31:55.2300106Z,0
5.17685,100.9838374,Daerah: Perak<br>No:2316<br>Hex coord:(46;49),n/a,0,0,0,0,0,0,1,2022-04-23T04:31:56.1381052Z,0
5.16907,100.9973842,Daerah: Perak<br>No:2317<br>Hex coord:(47;49),n/a,0,0,0,0,0,0,1,2022-04-23T04:31:57.1515070Z,0
5.17685,101.0109309,Daerah: Perak<br>No:2318<br>Hex coord:(48;49),n/a,0,0,0,0,0,0,1,2022-04-23T04:31:57.9096678Z,0
5.16907,101.0244776,Daerah: Perak<br>No:2319<br>Hex coord:(49;49),n/a,0,0,0,0,0,0,1,2022-04-23T04:31:58.6877303Z,0
5.17685,101.0380243,Daerah: Perak<br>No:2320<br>Hex coord:(50;49),n/a,0,0,0,0,0,0,1,2022-04-23T04:31:59.4564452Z,0
5.16907,101.051571,Daerah: Perak<br>No:2321<br>Hex coord:(51;49),n/a,0,0,0,0,0,0,1,2022-04-23T04:32:00.5203202Z,0
5.17685,101.0651177,Daerah: Perak<br>No:2322<br>Hex coord:(52;49),n/a,0,0,0,0,0,0,1,2022-04-23T04:32:01.2900578Z,0
5.16907,101.0786644,Daerah: Perak<br>No:2323<br>Hex coord:(53;49),n/a,0,0,0,0,0,0,1,2022-04-23T04:32:02.0466251Z,0
5.17685,101.0922111,Daerah: Perak<br>No:2324<br>Hex coord:(54;49),n/a,0,0,0,0,0,0,1,2022-04-23T04:32:02.7873637Z,0
5.16907,101.1057578,Daerah: Perak<br>No:2325<br>Hex coord:(55;49),n/a,0,0,0,0,0,0,1,2022-04-23T04:32:03.5820377Z,0
5.17685,101.1193045,Daerah: Perak<br>No:2326<br>Hex coord:(56;49),n/a,0,0,0,0,0,0,1,2022-04-23T04:32:04.3838627Z,0
5.16907,101.1328512,Daerah: Perak<br>No:2327<br>Hex coord:(57;49),n/a,0,0,0,0,0,0,1,2022-04-23T04:32:05.1503061Z,0
5.17685,101.1463979,Daerah: Perak<br>No:2328<br>Hex coord:(58;49),n/a,0,0,0,0,0,0,1,2022-04-23T04:32:05.9194721Z,0
5.16907,101.1599446,Daerah: Perak<br>No:2329<br>Hex coord:(59;49),n/a,0,0,0,0,0,0,1,2022-04-23T04:32:06.7293155Z,0
5.17685,101.1734913,Daerah: Perak<br>No:2330<br>Hex coord:(60;49),n/a,0,0,0,0,0,0,1,2022-04-23T04:32:07.4782273Z,0
5.16907,101.187038,Daerah: Perak<br>No:2331<br>Hex coord:(61;49),n/a,0,0,0,0,0,0,1,2022-04-23T04:32:08.2473081Z,0
5.17685,101.2005847,Daerah: Perak<br>No:2332<br>Hex coord:(62;49),n/a,0,0,0,0,0,0,1,2022-04-23T04:32:08.9836629Z,0
5.16907,101.2141314,Daerah: Perak<br>No:2333<br>Hex coord:(63;49),n/a,0,0,0,0,0,0,1,2022-04-23T04:32:09.7950913Z,0
5.17685,101.2276781,Daerah: Perak<br>No:2334<br>Hex coord:(64;49),n/a,0,0,0,0,0,0,1,2022-04-23T04:32:10.5635724Z,0
5.16907,101.2412249,Daerah: Perak<br>No:2335<br>Hex coord:(65;49),n/a,0,0,0,0,0,0,1,2022-04-23T04:32:12.3291547Z,0
5.17685,101.2547716,Daerah: Perak<br>No:2336<br>Hex coord:(66;49),n/a,0,0,0,0,0,0,1,2022-04-23T04:32:13.0991782Z,0
5.16907,101.2683183,Daerah: Perak<br>No:2337<br>Hex coord:(67;49),n/a,0,0,0,0,0,0,1,2022-04-23T04:32:13.8687243Z,0
5.17685,101.281865,Daerah: Perak<br>No:2338<br>Hex coord:(68;49),n/a,0,0,0,0,0,0,1,2022-04-23T04:32:14.6181926Z,0
5.16907,101.2954117,Daerah: Perak<br>No:2339<br>Hex coord:(69;49),n/a,0,0,0,0,0,0,1,2022-04-23T04:32:15.3819424Z,0
5.17685,101.3089584,Daerah: Perak<br>No:2340<br>Hex coord:(70;49),n/a,0,0,0,0,0,0,1,2022-04-23T04:32:16.1707614Z,0
5.16907,101.3225051,Daerah: Perak<br>No:2341<br>Hex coord:(71;49),n/a,0,0,0,0,0,0,1,2022-04-23T04:32:16.9190455Z,0
5.17685,101.3360518,Daerah: Perak<br>No:2342<br>Hex coord:(72;49),n/a,0,0,0,0,0,0,1,2022-04-23T04:32:17.7411475Z,0
5.16907,101.3495985,Daerah: Perak<br>No:2343<br>Hex coord:(73;49),n/a,0,0,0,0,0,0,1,2022-04-23T04:32:18.4655663Z,0
5.17685,101.3631452,Daerah: Perak<br>No:2344<br>Hex coord:(74;49),n/a,0,0,0,0,0,0,1,2022-04-23T04:32:19.2426612Z,0
5.16907,101.3766919,Daerah: Perak<br>No:2345<br>Hex coord:(75;49),n/a,0,0,0,0,0,0,1,2022-04-23T04:32:20.0208039Z,0
5.17685,101.3902386,Daerah: Perak<br>No:2346<br>Hex coord:(76;49),n/a,0,0,0,0,0,0,1,2022-04-23T04:32:20.7809037Z,0
5.16907,101.4037853,Daerah: Perak<br>No:2347<br>Hex coord:(77;49),n/a,0,0,0,0,0,0,1,2022-04-23T04:32:21.5172457Z,0
5.17685,101.417332,Daerah: Perak<br>No:2348<br>Hex coord:(78;49),n/a,0,0,0,0,0,0,1,2022-04-23T04:32:22.3806540Z,0
5.16907,101.4308787,Daerah: Perak<br>No:2349<br>Hex coord:(79;49),n/a,0,0,0,0,0,0,1,2022-04-23T04:32:23.1591197Z,0
5.17685,101.4444254,Daerah: Perak<br>No:2350<br>Hex coord:(80;49),n/a,0,0,0,0,0,0,1,2022-04-23T04:32:23.9205385Z,0
5.16907,101.4579721,Daerah: Perak<br>No:2351<br>Hex coord:(81;49),n/a,0,0,0,0,0,0,1,2022-04-23T04:32:24.8094068Z,0
5.17685,101.4715188,Daerah: Perak<br>No:2352<br>Hex coord:(82;49),n/a,0,0,0,0,0,0,1,2022-04-23T04:32:25.5791232Z,0
5.16907,101.4850655,Daerah: Perak<br>No:2353<br>Hex coord:(83;49),n/a,0,0,0,0,0,0,1,2022-04-23T04:32:26.3869839Z,0
5.16129,100.6316231,Daerah: Perak<br>No:2354<br>Hex coord:(20;50),n/a,0,0,0,0,0,0,1,2022-04-23T04:32:27.1531104Z,0
5.15351,100.6451698,Daerah: Perak<br>No:2355<br>Hex coord:(21;50),n/a,0,0,0,0,0,0,1,2022-04-23T04:32:27.9229572Z,0
5.16129,100.6587165,Daerah: Perak<br>No:2356<br>Hex coord:(22;50),n/a,0,0,0,0,0,0,1,2022-04-23T04:32:28.6880015Z,0
5.15351,100.6722632,Daerah: Perak<br>No:2357<br>Hex coord:(23;50),n/a,0,0,0,0,0,0,1,2022-04-23T04:32:29.4515339Z,0
5.16129,100.6858099,Daerah: Perak<br>No:2358<br>Hex coord:(24;50),n/a,4 ,0,0,0,0,0,1,2022-04-23T04:32:30.2796434Z,0
5.15351,100.6993566,Daerah: Perak<br>No:2359<br>Hex coord:(25;50),n/a,0,0,0,0,0,0,1,2022-04-23T04:32:31.0783706Z,0
5.16129,100.7129033,Daerah: Perak<br>No:2360<br>Hex coord:(26;50),n/a,0,0,0,0,0,0,1,2022-04-23T04:32:31.8429670Z,0
5.15351,100.72645,Daerah: Perak<br>No:2361<br>Hex coord:(27;50),n/a,0,0,0,0,0,0,1,2022-04-23T04:32:32.7140458Z,0
5.16129,100.7399968,Daerah: Perak<br>No:2362<br>Hex coord:(28;50),n/a,0,0,0,0,0,0,1,2022-04-23T04:32:33.4646033Z,0
5.15351,100.7535435,Daerah: Perak<br>No:2363<br>Hex coord:(29;50),n/a,0,0,0,0,0,0,1,2022-04-23T04:32:35.4999786Z,0
5.16129,100.7670902,Daerah: Perak<br>No:2364<br>Hex coord:(30;50),n/a,3 ,0,0,0,0,0,1,2022-04-23T04:32:36.3279446Z,0
5.15351,100.7806369,Daerah: Perak<br>No:2365<br>Hex coord:(31;50),n/a,0,0,0,0,0,0,1,2022-04-23T04:32:37.1070587Z,0
5.16129,100.7941836,Daerah: Perak<br>No:2366<br>Hex coord:(32;50),n/a,0,0,0,0,0,0,1,2022-04-23T04:32:37.8685027Z,0
5.15351,100.8077303,Daerah: Perak<br>No:2367<br>Hex coord:(33;50),n/a,0,0,0,0,0,0,1,2022-04-23T04:32:38.6692011Z,0
5.16129,100.821277,Daerah: Perak<br>No:2368<br>Hex coord:(34;50),n/a,0,0,0,0,0,0,1,2022-04-23T04:32:39.4543451Z,0
5.15351,100.8348237,Daerah: Perak<br>No:2369<br>Hex coord:(35;50),n/a,0,0,0,0,0,0,1,2022-04-23T04:32:40.2288540Z,0
5.16129,100.8483704,Daerah: Perak<br>No:2370<br>Hex coord:(36;50),n/a,0,0,0,0,0,0,1,2022-04-23T04:32:41.1059635Z,0
5.15351,100.8619171,Daerah: Perak<br>No:2371<br>Hex coord:(37;50),n/a,0,0,0,0,0,0,1,2022-04-23T04:32:42.9006107Z,0
5.16129,100.8754638,Daerah: Perak<br>No:2372<br>Hex coord:(38;50),n/a,0,0,0,0,0,0,1,2022-04-23T04:32:43.8522348Z,0
5.15351,100.8890105,Daerah: Perak<br>No:2373<br>Hex coord:(39;50),n/a,0,0,0,0,0,0,1,2022-04-23T04:32:44.8734703Z,0
5.16129,100.9025572,Daerah: Perak<br>No:2374<br>Hex coord:(40;50),n/a,0,0,0,0,0,0,1,2022-04-23T04:32:45.8149239Z,0
5.15351,100.9161039,Daerah: Perak<br>No:2375<br>Hex coord:(41;50),n/a,0,0,0,0,0,0,1,2022-04-23T04:32:46.6964748Z,0
5.16129,100.9296506,Daerah: Perak<br>No:2376<br>Hex coord:(42;50),n/a,0,0,0,0,0,0,1,2022-04-23T04:32:47.5915858Z,0
5.15351,100.9431973,Daerah: Perak<br>No:2377<br>Hex coord:(43;50),n/a,0,0,0,0,0,0,1,2022-04-23T04:32:48.4344612Z,0
5.16129,100.956744,Daerah: Perak<br>No:2378<br>Hex coord:(44;50),n/a,0,0,0,0,0,0,1,2022-04-23T04:32:49.2832330Z,0
5.15351,100.9702907,Daerah: Perak<br>No:2379<br>Hex coord:(45;50),n/a,0,0,0,0,0,0,1,2022-04-23T04:32:50.1574533Z,0
5.16129,100.9838374,Daerah: Perak<br>No:2380<br>Hex coord:(46;50),n/a,0,0,0,0,0,0,1,2022-04-23T04:32:50.9854059Z,0
5.15351,100.9973842,Daerah: Perak<br>No:2381<br>Hex coord:(47;50),n/a,1 ,0,0,0,0,0,1,2022-04-23T04:32:51.8474828Z,0
5.16129,101.0109309,Daerah: Perak<br>No:2382<br>Hex coord:(48;50),n/a,1 ,0,0,0,0,0,1,2022-04-23T04:32:52.7887282Z,0
5.15351,101.0244776,Daerah: Perak<br>No:2383<br>Hex coord:(49;50),n/a,0,0,0,0,0,0,1,2022-04-23T04:32:53.6658500Z,0
5.16129,101.0380243,Daerah: Perak<br>No:2384<br>Hex coord:(50;50),n/a,0,0,0,0,0,0,1,2022-04-23T04:32:54.5199737Z,0
5.15351,101.051571,Daerah: Perak<br>No:2385<br>Hex coord:(51;50),n/a,0,0,0,0,0,0,1,2022-04-23T04:32:55.3482293Z,0
5.16129,101.0651177,Daerah: Perak<br>No:2386<br>Hex coord:(52;50),n/a,0,0,0,0,0,0,1,2022-04-23T04:32:56.1874012Z,0
5.15351,101.0786644,Daerah: Perak<br>No:2387<br>Hex coord:(53;50),n/a,0,0,0,0,0,0,1,2022-04-23T04:32:57.0252682Z,0
5.16129,101.0922111,Daerah: Perak<br>No:2388<br>Hex coord:(54;50),n/a,0,0,0,0,0,0,1,2022-04-23T04:32:57.8430618Z,0
5.15351,101.1057578,Daerah: Perak<br>No:2389<br>Hex coord:(55;50),n/a,0,0,0,0,0,0,1,2022-04-23T04:32:58.8254897Z,0
5.16129,101.1193045,Daerah: Perak<br>No:2390<br>Hex coord:(56;50),n/a,0,0,0,0,0,0,1,2022-04-23T04:32:59.6710726Z,0
5.15351,101.1328512,Daerah: Perak<br>No:2391<br>Hex coord:(57;50),n/a,0,0,0,0,0,0,1,2022-04-23T04:33:00.6776921Z,0
5.16129,101.1463979,Daerah: Perak<br>No:2392<br>Hex coord:(58;50),n/a,0,0,0,0,0,0,1,2022-04-23T04:33:01.5259784Z,0
5.15351,101.1599446,Daerah: Perak<br>No:2393<br>Hex coord:(59;50),n/a,0,0,0,0,0,0,1,2022-04-23T04:33:02.3887288Z,0
5.16129,101.1734913,Daerah: Perak<br>No:2394<br>Hex coord:(60;50),n/a,0,0,0,0,0,0,1,2022-04-23T04:33:03.2549582Z,0
5.15351,101.187038,Daerah: Perak<br>No:2395<br>Hex coord:(61;50),n/a,0,0,0,0,0,0,1,2022-04-23T04:33:04.1676478Z,0
5.16129,101.2005847,Daerah: Perak<br>No:2396<br>Hex coord:(62;50),n/a,0,0,0,0,0,0,1,2022-04-23T04:33:05.0470185Z,0
5.15351,101.2141314,Daerah: Perak<br>No:2397<br>Hex coord:(63;50),n/a,0,0,0,0,0,0,1,2022-04-23T04:33:06.0466726Z,0
5.16129,101.2276781,Daerah: Perak<br>No:2398<br>Hex coord:(64;50),n/a,0,0,0,0,0,0,1,2022-04-23T04:33:06.8604469Z,0
5.15351,101.2412249,Daerah: Perak<br>No:2399<br>Hex coord:(65;50),n/a,0,0,0,0,0,0,1,2022-04-23T04:33:07.6694996Z,0
5.16129,101.2547716,Daerah: Perak<br>No:2400<br>Hex coord:(66;50),n/a,0,0,0,0,0,0,1,2022-04-23T04:33:08.4546899Z,0
5.15351,101.2683183,Daerah: Perak<br>No:2401<br>Hex coord:(67;50),n/a,0,0,0,0,0,0,1,2022-04-23T04:33:09.2065378Z,0
5.16129,101.281865,Daerah: Perak<br>No:2402<br>Hex coord:(68;50),n/a,0,0,0,0,0,0,1,2022-04-23T04:33:09.9702832Z,0
5.15351,101.2954117,Daerah: Perak<br>No:2403<br>Hex coord:(69;50),n/a,0,0,0,0,0,0,1,2022-04-23T04:33:10.7202227Z,0
5.16129,101.3089584,Daerah: Perak<br>No:2404<br>Hex coord:(70;50),n/a,0,0,0,0,0,0,1,2022-04-23T04:33:11.4983240Z,0
5.15351,101.3225051,Daerah: Perak<br>No:2405<br>Hex coord:(71;50),n/a,0,0,0,0,0,0,1,2022-04-23T04:33:12.2451266Z,0
5.16129,101.3360518,Daerah: Perak<br>No:2406<br>Hex coord:(72;50),n/a,0,0,0,0,0,0,1,2022-04-23T04:33:13.0214277Z,0
5.15351,101.3495985,Daerah: Perak<br>No:2407<br>Hex coord:(73;50),n/a,0,0,0,0,0,0,1,2022-04-23T04:33:13.7983089Z,0
5.16129,101.3631452,Daerah: Perak<br>No:2408<br>Hex coord:(74;50),n/a,0,0,0,0,0,0,1,2022-04-23T04:33:14.5552665Z,0
5.15351,101.3766919,Daerah: Perak<br>No:2409<br>Hex coord:(75;50),n/a,0,0,0,0,0,0,1,2022-04-23T04:33:15.3392987Z,0
5.16129,101.3902386,Daerah: Perak<br>No:2410<br>Hex coord:(76;50),n/a,0,0,0,0,0,0,1,2022-04-23T04:33:16.0791971Z,0
5.15351,101.4037853,Daerah: Perak<br>No:2411<br>Hex coord:(77;50),n/a,0,0,0,0,0,0,1,2022-04-23T04:33:16.8501032Z,0
5.16129,101.417332,Daerah: Perak<br>No:2412<br>Hex coord:(78;50),n/a,0,0,0,0,0,0,1,2022-04-23T04:33:17.6233755Z,0
5.15351,101.4308787,Daerah: Perak<br>No:2413<br>Hex coord:(79;50),n/a,0,0,0,0,0,0,1,2022-04-23T04:33:18.4038460Z,0
5.16129,101.4444254,Daerah: Perak<br>No:2414<br>Hex coord:(80;50),n/a,0,0,0,0,0,0,1,2022-04-23T04:33:19.1711896Z,0
5.15351,101.4579721,Daerah: Perak<br>No:2415<br>Hex coord:(81;50),n/a,0,0,0,0,0,0,1,2022-04-23T04:33:19.9516822Z,0
5.16129,101.4715188,Daerah: Perak<br>No:2416<br>Hex coord:(82;50),n/a,0,0,0,0,0,0,1,2022-04-23T04:33:20.7130992Z,0
5.14573,100.6316231,Daerah: Perak<br>No:2417<br>Hex coord:(20;51),n/a,0,0,0,0,0,0,1,2022-04-23T04:33:21.4841576Z,0
5.13795,100.6451698,Daerah: Perak<br>No:2418<br>Hex coord:(21;51),n/a,0,0,0,0,0,0,1,2022-04-23T04:33:22.2441432Z,0
5.14573,100.6587165,Daerah: Perak<br>No:2419<br>Hex coord:(22;51),n/a,0,0,0,0,0,0,1,2022-04-23T04:33:23.0258004Z,0
5.13795,100.6722632,Daerah: Perak<br>No:2420<br>Hex coord:(23;51),n/a,0,0,0,0,0,0,1,2022-04-23T04:33:23.7830243Z,0
5.14573,100.6858099,Daerah: Perak<br>No:2421<br>Hex coord:(24;51),n/a,0,0,0,0,0,0,1,2022-04-23T04:33:24.5781386Z,0
5.13795,100.6993566,Daerah: Perak<br>No:2422<br>Hex coord:(25;51),n/a,0,0,0,0,0,0,1,2022-04-23T04:33:25.3390098Z,0
5.14573,100.7129033,Daerah: Perak<br>No:2423<br>Hex coord:(26;51),n/a,0,0,0,0,0,0,1,2022-04-23T04:33:26.1180066Z,0
5.13795,100.72645,Daerah: Perak<br>No:2424<br>Hex coord:(27;51),n/a,0,0,0,0,0,0,1,2022-04-23T04:33:26.8501612Z,0
5.14573,100.7399968,Daerah: Perak<br>No:2425<br>Hex coord:(28;51),n/a,0,0,0,0,0,0,1,2022-04-23T04:33:27.6244201Z,0
5.13795,100.7535435,Daerah: Perak<br>No:2426<br>Hex coord:(29;51),n/a,1 ,0,0,0,0,0,1,2022-04-23T04:33:28.4017121Z,0
5.14573,100.7670902,Daerah: Perak<br>No:2427<br>Hex coord:(30;51),n/a,0,0,0,0,0,0,1,2022-04-23T04:33:29.3787652Z,0
5.13795,100.7806369,Daerah: Perak<br>No:2428<br>Hex coord:(31;51),n/a,0,0,0,0,0,0,1,2022-04-23T04:33:30.1663525Z,0
5.14573,100.7941836,Daerah: Perak<br>No:2429<br>Hex coord:(32;51),n/a,0,0,0,0,0,0,1,2022-04-23T04:33:31.0008549Z,0
5.13795,100.8077303,Daerah: Perak<br>No:2430<br>Hex coord:(33;51),n/a,0,0,0,0,0,0,1,2022-04-23T04:33:31.7972883Z,0
5.14573,100.821277,Daerah: Perak<br>No:2431<br>Hex coord:(34;51),n/a,0,0,0,0,0,0,1,2022-04-23T04:33:32.5905013Z,0
5.13795,100.8348237,Daerah: Perak<br>No:2432<br>Hex coord:(35;51),n/a,2 ,0,0,0,0,0,1,2022-04-23T04:33:33.3564011Z,0
5.14573,100.8483704,Daerah: Perak<br>No:2433<br>Hex coord:(36;51),n/a,0,0,0,0,0,0,1,2022-04-23T04:33:34.2890369Z,0
5.13795,100.8619171,Daerah: Perak<br>No:2434<br>Hex coord:(37;51),n/a,0,0,0,0,0,0,1,2022-04-23T04:33:35.0170715Z,0
5.14573,100.8754638,Daerah: Perak<br>No:2435<br>Hex coord:(38;51),n/a,0,0,0,0,0,0,1,2022-04-23T04:33:35.7558265Z,0
5.13795,100.8890105,Daerah: Perak<br>No:2436<br>Hex coord:(39;51),n/a,0,0,0,0,0,0,1,2022-04-23T04:33:36.5099792Z,0
5.14573,100.9025572,Daerah: Perak<br>No:2437<br>Hex coord:(40;51),n/a,0,0,0,0,0,0,1,2022-04-23T04:33:37.2708027Z,0
5.13795,100.9161039,Daerah: Perak<br>No:2438<br>Hex coord:(41;51),n/a,0,0,0,0,0,0,1,2022-04-23T04:33:38.0625156Z,0
5.14573,100.9296506,Daerah: Perak<br>No:2439<br>Hex coord:(42;51),n/a,0,0,0,0,0,0,1,2022-04-23T04:33:38.8385832Z,0
5.13795,100.9431973,Daerah: Perak<br>No:2440<br>Hex coord:(43;51),n/a,0,0,0,0,0,0,1,2022-04-23T04:33:39.6882400Z,0
5.14573,100.956744,Daerah: Perak<br>No:2441<br>Hex coord:(44;51),n/a,0,0,0,0,0,0,1,2022-04-23T04:33:40.4587630Z,0
5.13795,100.9702907,Daerah: Perak<br>No:2442<br>Hex coord:(45;51),n/a,0,0,0,0,0,0,1,2022-04-23T04:33:42.2782273Z,0
5.14573,100.9838374,Daerah: Perak<br>No:2443<br>Hex coord:(46;51),n/a,0,0,0,0,0,0,1,2022-04-23T04:33:43.0158040Z,0
5.13795,100.9973842,Daerah: Perak<br>No:2444<br>Hex coord:(47;51),n/a,0,0,0,0,0,0,1,2022-04-23T04:33:43.7604970Z,0
5.14573,101.0109309,Daerah: Perak<br>No:2445<br>Hex coord:(48;51),n/a,0,0,0,0,0,0,1,2022-04-23T04:33:44.5409257Z,0
5.13795,101.0244776,Daerah: Perak<br>No:2446<br>Hex coord:(49;51),n/a,0,0,0,0,0,0,1,2022-04-23T04:33:45.2963497Z,0
5.14573,101.0380243,Daerah: Perak<br>No:2447<br>Hex coord:(50;51),n/a,0,0,0,0,0,0,1,2022-04-23T04:33:46.0731152Z,0
5.13795,101.051571,Daerah: Perak<br>No:2448<br>Hex coord:(51;51),n/a,0,0,0,0,0,0,1,2022-04-23T04:33:46.8842767Z,0
5.14573,101.0651177,Daerah: Perak<br>No:2449<br>Hex coord:(52;51),n/a,0,0,0,0,0,0,1,2022-04-23T04:33:47.6161943Z,0
5.13795,101.0786644,Daerah: Perak<br>No:2450<br>Hex coord:(53;51),n/a,0,0,0,0,0,0,1,2022-04-23T04:33:48.3930881Z,0
5.14573,101.0922111,Daerah: Perak<br>No:2451<br>Hex coord:(54;51),n/a,0,0,0,0,0,0,1,2022-04-23T04:33:49.1734849Z,0
5.13795,101.1057578,Daerah: Perak<br>No:2452<br>Hex coord:(55;51),n/a,0,0,0,0,0,0,1,2022-04-23T04:33:49.9312699Z,0
5.14573,101.1193045,Daerah: Perak<br>No:2453<br>Hex coord:(56;51),n/a,0,0,0,0,0,0,1,2022-04-23T04:33:50.6890875Z,0
5.13795,101.1328512,Daerah: Perak<br>No:2454<br>Hex coord:(57;51),n/a,0,0,0,0,0,0,1,2022-04-23T04:33:51.4850668Z,0
5.14573,101.1463979,Daerah: Perak<br>No:2455<br>Hex coord:(58;51),n/a,0,0,0,0,0,0,1,2022-04-23T04:33:52.2351163Z,0
5.13795,101.1599446,Daerah: Perak<br>No:2456<br>Hex coord:(59;51),n/a,0,0,0,0,0,0,1,2022-04-23T04:33:52.9864325Z,0
5.14573,101.1734913,Daerah: Perak<br>No:2457<br>Hex coord:(60;51),n/a,0,0,0,0,0,0,1,2022-04-23T04:33:53.7262903Z,0
5.13795,101.187038,Daerah: Perak<br>No:2458<br>Hex coord:(61;51),n/a,0,0,0,0,0,0,1,2022-04-23T04:33:54.4899340Z,0
5.14573,101.2005847,Daerah: Perak<br>No:2459<br>Hex coord:(62;51),n/a,0,0,0,0,0,0,1,2022-04-23T04:33:55.2454039Z,0
5.13795,101.2141314,Daerah: Perak<br>No:2460<br>Hex coord:(63;51),n/a,0,0,0,0,0,0,1,2022-04-23T04:33:56.0005666Z,0
5.14573,101.2276781,Daerah: Perak<br>No:2461<br>Hex coord:(64;51),n/a,0,0,0,0,0,0,1,2022-04-23T04:33:56.7635136Z,0
5.13795,101.2412249,Daerah: Perak<br>No:2462<br>Hex coord:(65;51),n/a,0,0,0,0,0,0,1,2022-04-23T04:33:57.5369683Z,0
5.14573,101.2547716,Daerah: Perak<br>No:2463<br>Hex coord:(66;51),n/a,0,0,0,0,0,0,1,2022-04-23T04:33:58.3017584Z,0
5.13795,101.2683183,Daerah: Perak<br>No:2464<br>Hex coord:(67;51),n/a,0,0,0,0,0,0,1,2022-04-23T04:33:59.0702879Z,0
5.14573,101.281865,Daerah: Perak<br>No:2465<br>Hex coord:(68;51),n/a,0,0,0,0,0,0,1,2022-04-23T04:33:59.8650209Z,0
5.13795,101.2954117,Daerah: Perak<br>No:2466<br>Hex coord:(69;51),n/a,0,0,0,0,0,0,1,2022-04-23T04:34:00.6567256Z,0
5.14573,101.3089584,Daerah: Perak<br>No:2467<br>Hex coord:(70;51),n/a,0,0,0,0,0,0,1,2022-04-23T04:34:01.4188477Z,0
5.13795,101.3225051,Daerah: Perak<br>No:2468<br>Hex coord:(71;51),n/a,0,0,0,0,0,0,1,2022-04-23T04:34:02.1874983Z,0
5.14573,101.3360518,Daerah: Perak<br>No:2469<br>Hex coord:(72;51),n/a,0,0,0,0,0,0,1,2022-04-23T04:34:02.9845435Z,0
5.13795,101.3495985,Daerah: Perak<br>No:2470<br>Hex coord:(73;51),n/a,0,0,0,0,0,0,1,2022-04-23T04:34:03.7757502Z,0
5.14573,101.3631452,Daerah: Perak<br>No:2471<br>Hex coord:(74;51),n/a,0,0,0,0,0,0,1,2022-04-23T04:34:04.5406591Z,0
5.13795,101.3766919,Daerah: Perak<br>No:2472<br>Hex coord:(75;51),n/a,0,0,0,0,0,0,1,2022-04-23T04:34:06.3005368Z,0
5.14573,101.3902386,Daerah: Perak<br>No:2473<br>Hex coord:(76;51),n/a,0,0,0,0,0,0,1,2022-04-23T04:34:07.0368763Z,0
5.13795,101.4037853,Daerah: Perak<br>No:2474<br>Hex coord:(77;51),n/a,0,0,0,0,0,0,1,2022-04-23T04:34:07.8274474Z,0
5.14573,101.417332,Daerah: Perak<br>No:2475<br>Hex coord:(78;51),n/a,0,0,0,0,0,0,1,2022-04-23T04:34:08.6169054Z,0
5.13795,101.4308787,Daerah: Perak<br>No:2476<br>Hex coord:(79;51),n/a,0,0,0,0,0,0,1,2022-04-23T04:34:09.3778157Z,0
5.14573,101.4444254,Daerah: Perak<br>No:2477<br>Hex coord:(80;51),n/a,0,0,0,0,0,0,1,2022-04-23T04:34:10.1303641Z,0
5.13795,101.4579721,Daerah: Perak<br>No:2478<br>Hex coord:(81;51),n/a,0,0,0,0,0,0,1,2022-04-23T04:34:10.8950714Z,0
5.14573,101.4715188,Daerah: Perak<br>No:2479<br>Hex coord:(82;51),n/a,0,0,0,0,0,0,1,2022-04-23T04:34:11.6421166Z,0
5.13795,101.4850655,Daerah: Perak<br>No:2480<br>Hex coord:(83;51),n/a,0,0,0,0,0,0,1,2022-04-23T04:34:12.4155204Z,0
5.12239,100.4013291,Daerah: Perak<br>No:2481<br>Hex coord:(3;52),n/a,0,0,0,0,0,0,1,2022-04-23T04:34:13.1970753Z,0
5.12239,100.4284225,Daerah: Perak<br>No:2482<br>Hex coord:(5;52),n/a,0,0,0,0,0,0,1,2022-04-23T04:34:13.9528463Z,0
5.12239,100.4555159,Daerah: Perak<br>No:2483<br>Hex coord:(7;52),n/a,1 ,0,0,0,0,0,1,2022-04-23T04:34:14.7355877Z,0
5.12239,100.4826093,Daerah: Perak<br>No:2484<br>Hex coord:(9;52),n/a,10 ,0,0,0,0,0,1,2022-04-23T04:34:15.5169816Z,0
5.12239,100.5097028,Daerah: Perak<br>No:2485<br>Hex coord:(11;52),n/a,3 ,0,0,0,0,0,1,2022-04-23T04:34:16.2828753Z,0
5.12239,100.6180764,Daerah: Perak<br>No:2486<br>Hex coord:(19;52),n/a,0,0,0,0,0,0,1,2022-04-23T04:34:17.0445139Z,0
5.13017,100.6316231,Daerah: Perak<br>No:2487<br>Hex coord:(20;52),n/a,0,0,0,0,0,0,1,2022-04-23T04:34:17.9130215Z,0
5.12239,100.6451698,Daerah: Perak<br>No:2488<br>Hex coord:(21;52),n/a,0,0,0,0,0,0,1,2022-04-23T04:34:18.6950265Z,0
5.13017,100.6587165,Daerah: Perak<br>No:2489<br>Hex coord:(22;52),n/a,0,0,0,0,0,0,1,2022-04-23T04:34:19.4598970Z,0
5.12239,100.6722632,Daerah: Perak<br>No:2490<br>Hex coord:(23;52),n/a,0,0,0,0,0,0,1,2022-04-23T04:34:20.2230339Z,0
5.13017,100.6858099,Daerah: Perak<br>No:2491<br>Hex coord:(24;52),n/a,0,0,0,0,0,0,1,2022-04-23T04:34:21.0016621Z,0
5.12239,100.6993566,Daerah: Perak<br>No:2492<br>Hex coord:(25;52),n/a,0,0,0,0,0,0,1,2022-04-23T04:34:21.7921375Z,0
5.13017,100.7129033,Daerah: Perak<br>No:2493<br>Hex coord:(26;52),n/a,0,0,0,0,0,0,1,2022-04-23T04:34:22.5727629Z,0
5.12239,100.72645,Daerah: Perak<br>No:2494<br>Hex coord:(27;52),n/a,0,0,0,0,0,0,1,2022-04-23T04:34:23.3277796Z,0
5.13017,100.7399968,Daerah: Perak<br>No:2495<br>Hex coord:(28;52),n/a,0,0,0,0,0,0,1,2022-04-23T04:34:24.0935062Z,0
5.12239,100.7535435,Daerah: Perak<br>No:2496<br>Hex coord:(29;52),n/a,0,0,0,0,0,0,1,2022-04-23T04:34:24.8690698Z,0
5.13017,100.7670902,Daerah: Perak<br>No:2497<br>Hex coord:(30;52),n/a,0,0,0,0,0,0,1,2022-04-23T04:34:25.6459602Z,0
5.12239,100.7806369,Daerah: Perak<br>No:2498<br>Hex coord:(31;52),n/a,1 ,0,0,0,0,0,1,2022-04-23T04:34:26.4096992Z,0
5.13017,100.7941836,Daerah: Perak<br>No:2499<br>Hex coord:(32;52),n/a,0,0,0,0,0,0,1,2022-04-23T04:34:27.1746456Z,0
5.12239,100.8077303,Daerah: Perak<br>No:2500<br>Hex coord:(33;52),n/a,0,0,0,0,0,0,1,2022-04-23T04:34:27.9220869Z,0
5.13017,100.821277,Daerah: Perak<br>No:2501<br>Hex coord:(34;52),n/a,0,0,0,0,0,0,1,2022-04-23T04:34:28.7546236Z,0
5.12239,100.8348237,Daerah: Perak<br>No:2502<br>Hex coord:(35;52),n/a,0,0,0,0,0,0,1,2022-04-23T04:34:29.5314917Z,0
5.13017,100.8483704,Daerah: Perak<br>No:2503<br>Hex coord:(36;52),n/a,0,0,0,0,0,0,1,2022-04-23T04:34:30.3035894Z,0
5.12239,100.8619171,Daerah: Perak<br>No:2504<br>Hex coord:(37;52),n/a,0,0,0,0,0,0,1,2022-04-23T04:34:31.0864078Z,0
5.13017,100.8754638,Daerah: Perak<br>No:2505<br>Hex coord:(38;52),n/a,0,0,0,0,0,0,1,2022-04-23T04:34:31.8584959Z,0
5.12239,100.8890105,Daerah: Perak<br>No:2506<br>Hex coord:(39;52),n/a,0,0,0,0,0,0,1,2022-04-23T04:34:32.6735055Z,0
5.13017,100.9025572,Daerah: Perak<br>No:2507<br>Hex coord:(40;52),n/a,0,0,0,0,0,0,1,2022-04-23T04:34:33.4551447Z,0
5.12239,100.9161039,Daerah: Perak<br>No:2508<br>Hex coord:(41;52),n/a,0,0,0,0,0,0,1,2022-04-23T04:34:34.2272892Z,0
5.13017,100.9296506,Daerah: Perak<br>No:2509<br>Hex coord:(42;52),n/a,0,0,0,0,0,0,1,2022-04-23T04:34:34.9671953Z,0
5.12239,100.9431973,Daerah: Perak<br>No:2510<br>Hex coord:(43;52),n/a,0,0,0,0,0,0,1,2022-04-23T04:34:35.7422180Z,0
5.13017,100.956744,Daerah: Perak<br>No:2511<br>Hex coord:(44;52),n/a,0,0,0,0,0,0,1,2022-04-23T04:34:36.5066736Z,0
5.12239,100.9702907,Daerah: Perak<br>No:2512<br>Hex coord:(45;52),n/a,1 ,0,0,0,0,0,1,2022-04-23T04:34:37.2918275Z,0
5.13017,100.9838374,Daerah: Perak<br>No:2513<br>Hex coord:(46;52),n/a,0,0,0,0,0,0,1,2022-04-23T04:34:38.0722557Z,0
5.12239,100.9973842,Daerah: Perak<br>No:2514<br>Hex coord:(47;52),n/a,1 ,0,0,0,0,0,1,2022-04-23T04:34:38.8435464Z,0
5.13017,101.0109309,Daerah: Perak<br>No:2515<br>Hex coord:(48;52),n/a,0,0,0,0,0,0,1,2022-04-23T04:34:39.6392057Z,0
5.12239,101.0244776,Daerah: Perak<br>No:2516<br>Hex coord:(49;52),n/a,0,0,0,0,0,0,1,2022-04-23T04:34:40.4136278Z,0
5.13017,101.0380243,Daerah: Perak<br>No:2517<br>Hex coord:(50;52),n/a,0,0,0,0,0,0,1,2022-04-23T04:34:41.1773975Z,0
5.12239,101.051571,Daerah: Perak<br>No:2518<br>Hex coord:(51;52),n/a,0,0,0,0,0,0,1,2022-04-23T04:34:41.9593657Z,0
5.13017,101.0651177,Daerah: Perak<br>No:2519<br>Hex coord:(52;52),n/a,0,0,0,0,0,0,1,2022-04-23T04:34:42.7263393Z,0
5.12239,101.0786644,Daerah: Perak<br>No:2520<br>Hex coord:(53;52),n/a,0,0,0,0,0,0,1,2022-04-23T04:34:43.5116006Z,0
5.13017,101.0922111,Daerah: Perak<br>No:2521<br>Hex coord:(54;52),n/a,0,0,0,0,0,0,1,2022-04-23T04:34:44.2443224Z,0
5.12239,101.1057578,Daerah: Perak<br>No:2522<br>Hex coord:(55;52),n/a,0,0,0,0,0,0,1,2022-04-23T04:34:45.1576844Z,0
5.13017,101.1193045,Daerah: Perak<br>No:2523<br>Hex coord:(56;52),n/a,0,0,0,0,0,0,1,2022-04-23T04:34:45.8981733Z,0
5.12239,101.1328512,Daerah: Perak<br>No:2524<br>Hex coord:(57;52),n/a,0,0,0,0,0,0,1,2022-04-23T04:34:46.6536543Z,0
5.13017,101.1463979,Daerah: Perak<br>No:2525<br>Hex coord:(58;52),n/a,0,0,0,0,0,0,1,2022-04-23T04:34:47.4352569Z,0
5.12239,101.1599446,Daerah: Perak<br>No:2526<br>Hex coord:(59;52),n/a,0,0,0,0,0,0,1,2022-04-23T04:34:48.1978612Z,0
5.13017,101.1734913,Daerah: Perak<br>No:2527<br>Hex coord:(60;52),n/a,0,0,0,0,0,0,1,2022-04-23T04:34:49.9552062Z,0
5.12239,101.187038,Daerah: Perak<br>No:2528<br>Hex coord:(61;52),n/a,0,0,0,0,0,0,1,2022-04-23T04:34:50.7801612Z,0
5.13017,101.2005847,Daerah: Perak<br>No:2529<br>Hex coord:(62;52),n/a,0,0,0,0,0,0,1,2022-04-23T04:34:51.6477838Z,0
5.12239,101.2141314,Daerah: Perak<br>No:2530<br>Hex coord:(63;52),n/a,0,0,0,0,0,0,1,2022-04-23T04:34:52.4442934Z,0
5.13017,101.2276781,Daerah: Perak<br>No:2531<br>Hex coord:(64;52),n/a,0,0,0,0,0,0,1,2022-04-23T04:34:53.2116030Z,0
5.12239,101.2412249,Daerah: Perak<br>No:2532<br>Hex coord:(65;52),n/a,0,0,0,0,0,0,1,2022-04-23T04:34:53.9838706Z,0
5.13017,101.2547716,Daerah: Perak<br>No:2533<br>Hex coord:(66;52),n/a,0,0,0,0,0,0,1,2022-04-23T04:34:54.7450934Z,0
5.12239,101.2683183,Daerah: Perak<br>No:2534<br>Hex coord:(67;52),n/a,0,0,0,0,0,0,1,2022-04-23T04:34:55.5534017Z,0
5.13017,101.281865,Daerah: Perak<br>No:2535<br>Hex coord:(68;52),n/a,0,0,0,0,0,0,1,2022-04-23T04:34:56.3323197Z,0
5.12239,101.2954117,Daerah: Perak<br>No:2536<br>Hex coord:(69;52),n/a,0,0,0,0,0,0,1,2022-04-23T04:34:57.0850080Z,0
5.13017,101.3089584,Daerah: Perak<br>No:2537<br>Hex coord:(70;52),n/a,0,0,0,0,0,0,1,2022-04-23T04:34:57.8620050Z,0
5.12239,101.3225051,Daerah: Perak<br>No:2538<br>Hex coord:(71;52),n/a,0,0,0,0,0,0,1,2022-04-23T04:34:58.6240142Z,0
5.13017,101.3360518,Daerah: Perak<br>No:2539<br>Hex coord:(72;52),n/a,0,0,0,0,0,0,1,2022-04-23T04:34:59.4040399Z,0
5.12239,101.3495985,Daerah: Perak<br>No:2540<br>Hex coord:(73;52),n/a,0,0,0,0,0,0,1,2022-04-23T04:35:00.2468936Z,0
5.13017,101.3631452,Daerah: Perak<br>No:2541<br>Hex coord:(74;52),n/a,0,0,0,0,0,0,1,2022-04-23T04:35:01.0586200Z,0
5.12239,101.3766919,Daerah: Perak<br>No:2542<br>Hex coord:(75;52),n/a,0,0,0,0,0,0,1,2022-04-23T04:35:01.8126343Z,0
5.13017,101.3902386,Daerah: Perak<br>No:2543<br>Hex coord:(76;52),n/a,0,0,0,0,0,0,1,2022-04-23T04:35:02.5864562Z,0
5.12239,101.4037853,Daerah: Perak<br>No:2544<br>Hex coord:(77;52),n/a,0,0,0,0,0,0,1,2022-04-23T04:35:03.3644356Z,0
5.13017,101.417332,Daerah: Perak<br>No:2545<br>Hex coord:(78;52),n/a,0,0,0,0,0,0,1,2022-04-23T04:35:05.2946992Z,0
5.12239,101.4308787,Daerah: Perak<br>No:2546<br>Hex coord:(79;52),n/a,0,0,0,0,0,0,1,2022-04-23T04:35:06.0527608Z,0
5.13017,101.4444254,Daerah: Perak<br>No:2547<br>Hex coord:(80;52),n/a,0,0,0,0,0,0,1,2022-04-23T04:35:06.8104550Z,0
5.12239,101.4579721,Daerah: Perak<br>No:2548<br>Hex coord:(81;52),n/a,0,0,0,0,0,0,1,2022-04-23T04:35:07.5743277Z,0
5.13017,101.4715188,Daerah: Perak<br>No:2549<br>Hex coord:(82;52),n/a,0,0,0,0,0,0,1,2022-04-23T04:35:08.3578864Z,0
5.10683,100.3742357,Daerah: Perak<br>No:2550<br>Hex coord:(1;53),n/a,0,0,0,0,0,0,1,2022-04-23T04:35:10.1587984Z,0
5.11461,100.3877824,Daerah: Perak<br>No:2551<br>Hex coord:(2;53),n/a,0,0,0,0,0,0,1,2022-04-23T04:35:10.9359348Z,0
5.10683,100.4013291,Daerah: Perak<br>No:2552<br>Hex coord:(3;53),n/a,0,0,0,0,0,0,1,2022-04-23T04:35:11.6891466Z,0
5.11461,100.4148758,Daerah: Perak<br>No:2553<br>Hex coord:(4;53),n/a,1 ,0,0,0,0,0,1,2022-04-23T04:35:12.4636271Z,0
5.10683,100.4284225,Daerah: Perak<br>No:2554<br>Hex coord:(5;53),n/a,0,0,0,0,0,0,1,2022-04-23T04:35:13.2551525Z,0
5.11461,100.4419692,Daerah: Perak<br>No:2555<br>Hex coord:(6;53),n/a,1 ,0,0,0,0,0,1,2022-04-23T04:35:14.0180345Z,0
5.10683,100.4555159,Daerah: Perak<br>No:2556<br>Hex coord:(7;53),n/a,1 ,0,0,0,0,0,1,2022-04-23T04:35:14.7852357Z,0
5.11461,100.4690626,Daerah: Perak<br>No:2557<br>Hex coord:(8;53),n/a,2 ,0,0,0,0,0,1,2022-04-23T04:35:15.5210656Z,0
5.10683,100.4826093,Daerah: Perak<br>No:2558<br>Hex coord:(9;53),n/a,7 ,0,0,0,0,0,1,2022-04-23T04:35:16.2881717Z,0
5.11461,100.4961561,Daerah: Perak<br>No:2559<br>Hex coord:(10;53),n/a,3 ,0,0,0,0,0,1,2022-04-23T04:35:17.0362110Z,0
5.10683,100.5097028,Daerah: Perak<br>No:2560<br>Hex coord:(11;53),n/a,0,0,0,0,0,0,1,2022-04-23T04:35:17.7912605Z,0
5.10683,100.590983,Daerah: Perak<br>No:2561<br>Hex coord:(17;53),n/a,0,0,0,0,0,0,1,2022-04-23T04:35:18.5259156Z,0
5.11461,100.6045297,Daerah: Perak<br>No:2562<br>Hex coord:(18;53),n/a,0,0,0,0,0,0,1,2022-04-23T04:35:19.3223040Z,0
5.10683,100.6180764,Daerah: Perak<br>No:2563<br>Hex coord:(19;53),n/a,0,0,0,0,0,0,1,2022-04-23T04:35:20.0587176Z,0
5.11461,100.6316231,Daerah: Perak<br>No:2564<br>Hex coord:(20;53),n/a,0,0,0,0,0,0,1,2022-04-23T04:35:20.8284632Z,0
5.10683,100.6451698,Daerah: Perak<br>No:2565<br>Hex coord:(21;53),n/a,0,0,0,0,0,0,1,2022-04-23T04:35:21.6002814Z,0
5.11461,100.6587165,Daerah: Perak<br>No:2566<br>Hex coord:(22;53),n/a,0,0,0,0,0,0,1,2022-04-23T04:35:22.3569663Z,0
5.10683,100.6722632,Daerah: Perak<br>No:2567<br>Hex coord:(23;53),n/a,0,0,0,0,0,0,1,2022-04-23T04:35:23.1071862Z,0
5.11461,100.6858099,Daerah: Perak<br>No:2568<br>Hex coord:(24;53),n/a,0,0,0,0,0,0,1,2022-04-23T04:35:23.8626089Z,0
5.10683,100.6993566,Daerah: Perak<br>No:2569<br>Hex coord:(25;53),n/a,0,0,0,0,0,0,1,2022-04-23T04:35:24.6339925Z,0
5.11461,100.7129033,Daerah: Perak<br>No:2570<br>Hex coord:(26;53),n/a,1 ,0,0,0,0,0,1,2022-04-23T04:35:25.3968645Z,0
5.10683,100.72645,Daerah: Perak<br>No:2571<br>Hex coord:(27;53),n/a,0,0,0,0,0,0,1,2022-04-23T04:35:26.1682547Z,0
5.11461,100.7399968,Daerah: Perak<br>No:2572<br>Hex coord:(28;53),n/a,0,0,0,0,0,0,1,2022-04-23T04:35:27.9422959Z,0
5.10683,100.7535435,Daerah: Perak<br>No:2573<br>Hex coord:(29;53),n/a,0,0,0,0,0,0,1,2022-04-23T04:35:28.7042426Z,0
5.11461,100.7670902,Daerah: Perak<br>No:2574<br>Hex coord:(30;53),n/a,3 ,0,0,0,0,0,1,2022-04-23T04:35:29.4967053Z,0
5.10683,100.7806369,Daerah: Perak<br>No:2575<br>Hex coord:(31;53),n/a,0,0,0,0,0,0,1,2022-04-23T04:35:30.3026782Z,0
5.11461,100.7941836,Daerah: Perak<br>No:2576<br>Hex coord:(32;53),n/a,0,0,0,0,0,0,1,2022-04-23T04:35:31.1106313Z,0
5.10683,100.8077303,Daerah: Perak<br>No:2577<br>Hex coord:(33;53),n/a,0,0,0,0,0,0,1,2022-04-23T04:35:31.9070693Z,0
5.11461,100.821277,Daerah: Perak<br>No:2578<br>Hex coord:(34;53),n/a,0,0,0,0,0,0,1,2022-04-23T04:35:32.6732861Z,0
5.10683,100.8348237,Daerah: Perak<br>No:2579<br>Hex coord:(35;53),n/a,0,0,0,0,0,0,1,2022-04-23T04:35:33.4366553Z,0
5.11461,100.8483704,Daerah: Perak<br>No:2580<br>Hex coord:(36;53),n/a,0,0,0,0,0,0,1,2022-04-23T04:35:34.1987631Z,0
5.10683,100.8619171,Daerah: Perak<br>No:2581<br>Hex coord:(37;53),n/a,0,0,0,0,0,0,1,2022-04-23T04:35:34.9650686Z,0
5.11461,100.8754638,Daerah: Perak<br>No:2582<br>Hex coord:(38;53),n/a,0,0,0,0,0,0,1,2022-04-23T04:35:35.7816262Z,0
5.10683,100.8890105,Daerah: Perak<br>No:2583<br>Hex coord:(39;53),n/a,0,0,0,0,0,0,1,2022-04-23T04:35:36.5294090Z,0
5.11461,100.9025572,Daerah: Perak<br>No:2584<br>Hex coord:(40;53),n/a,0,0,0,0,0,0,1,2022-04-23T04:35:37.3061397Z,0
5.10683,100.9161039,Daerah: Perak<br>No:2585<br>Hex coord:(41;53),n/a,0,0,0,0,0,0,1,2022-04-23T04:35:38.0758094Z,0
5.11461,100.9296506,Daerah: Perak<br>No:2586<br>Hex coord:(42;53),n/a,0,0,0,0,0,0,1,2022-04-23T04:35:40.1880906Z,0
5.10683,100.9431973,Daerah: Perak<br>No:2587<br>Hex coord:(43;53),n/a,0,0,0,0,0,0,1,2022-04-23T04:35:40.9439102Z,0
5.11461,100.956744,Daerah: Perak<br>No:2588<br>Hex coord:(44;53),n/a,0,0,0,0,0,0,1,2022-04-23T04:35:41.7177330Z,0
5.10683,100.9702907,Daerah: Perak<br>No:2589<br>Hex coord:(45;53),n/a,2 ,0,0,0,0,0,1,2022-04-23T04:35:42.4709221Z,0
5.11461,100.9838374,Daerah: Perak<br>No:2590<br>Hex coord:(46;53),n/a,0,0,0,0,0,0,1,2022-04-23T04:35:43.2314080Z,0
5.10683,100.9973842,Daerah: Perak<br>No:2591<br>Hex coord:(47;53),n/a,0,0,0,0,0,0,1,2022-04-23T04:35:43.9869456Z,0
5.11461,101.0109309,Daerah: Perak<br>No:2592<br>Hex coord:(48;53),n/a,0,0,0,0,0,0,1,2022-04-23T04:35:44.7466690Z,0
5.10683,101.0244776,Daerah: Perak<br>No:2593<br>Hex coord:(49;53),n/a,0,0,0,0,0,0,1,2022-04-23T04:35:45.5090317Z,0
5.11461,101.0380243,Daerah: Perak<br>No:2594<br>Hex coord:(50;53),n/a,0,0,0,0,0,0,1,2022-04-23T04:35:46.2815979Z,0
5.10683,101.051571,Daerah: Perak<br>No:2595<br>Hex coord:(51;53),n/a,0,0,0,0,0,0,1,2022-04-23T04:35:47.0483589Z,0
5.11461,101.0651177,Daerah: Perak<br>No:2596<br>Hex coord:(52;53),n/a,0,0,0,0,0,0,1,2022-04-23T04:35:47.8870239Z,0
5.10683,101.0786644,Daerah: Perak<br>No:2597<br>Hex coord:(53;53),n/a,0,0,0,0,0,0,1,2022-04-23T04:35:48.7833801Z,0
5.11461,101.0922111,Daerah: Perak<br>No:2598<br>Hex coord:(54;53),n/a,0,0,0,0,0,0,1,2022-04-23T04:35:49.5837963Z,0
5.10683,101.1057578,Daerah: Perak<br>No:2599<br>Hex coord:(55;53),n/a,0,0,0,0,0,0,1,2022-04-23T04:35:50.3740321Z,0
5.11461,101.1193045,Daerah: Perak<br>No:2600<br>Hex coord:(56;53),n/a,0,0,0,0,0,0,1,2022-04-23T04:35:51.1573287Z,0
5.10683,101.1328512,Daerah: Perak<br>No:2601<br>Hex coord:(57;53),n/a,0,0,0,0,0,0,1,2022-04-23T04:35:51.8988967Z,0
5.11461,101.1463979,Daerah: Perak<br>No:2602<br>Hex coord:(58;53),n/a,0,0,0,0,0,0,1,2022-04-23T04:35:52.6803339Z,0
5.10683,101.1599446,Daerah: Perak<br>No:2603<br>Hex coord:(59;53),n/a,0,0,0,0,0,0,1,2022-04-23T04:35:53.4454311Z,0
5.11461,101.1734913,Daerah: Perak<br>No:2604<br>Hex coord:(60;53),n/a,0,0,0,0,0,0,1,2022-04-23T04:35:54.2400709Z,0
5.10683,101.187038,Daerah: Perak<br>No:2605<br>Hex coord:(61;53),n/a,0,0,0,0,0,0,1,2022-04-23T04:35:55.1558334Z,0
5.11461,101.2005847,Daerah: Perak<br>No:2606<br>Hex coord:(62;53),n/a,0,0,0,0,0,0,1,2022-04-23T04:35:55.9925338Z,0
5.10683,101.2141314,Daerah: Perak<br>No:2607<br>Hex coord:(63;53),n/a,0,0,0,0,0,0,1,2022-04-23T04:35:56.7538590Z,0
5.11461,101.2276781,Daerah: Perak<br>No:2608<br>Hex coord:(64;53),n/a,0,0,0,0,0,0,1,2022-04-23T04:35:57.5097837Z,0
5.10683,101.2412249,Daerah: Perak<br>No:2609<br>Hex coord:(65;53),n/a,0,0,0,0,0,0,1,2022-04-23T04:35:58.2644966Z,0
5.11461,101.2547716,Daerah: Perak<br>No:2610<br>Hex coord:(66;53),n/a,0,0,0,0,0,0,1,2022-04-23T04:35:59.0580530Z,0
5.10683,101.2683183,Daerah: Perak<br>No:2611<br>Hex coord:(67;53),n/a,0,0,0,0,0,0,1,2022-04-23T04:35:59.8301032Z,0
5.11461,101.281865,Daerah: Perak<br>No:2612<br>Hex coord:(68;53),n/a,0,0,0,0,0,0,1,2022-04-23T04:36:00.6017219Z,0
5.10683,101.2954117,Daerah: Perak<br>No:2613<br>Hex coord:(69;53),n/a,0,0,0,0,0,0,1,2022-04-23T04:36:01.3743216Z,0
5.11461,101.3089584,Daerah: Perak<br>No:2614<br>Hex coord:(70;53),n/a,0,0,0,0,0,0,1,2022-04-23T04:36:02.1604477Z,0
5.10683,101.3225051,Daerah: Perak<br>No:2615<br>Hex coord:(71;53),n/a,0,0,0,0,0,0,1,2022-04-23T04:36:02.9203133Z,0
5.11461,101.3360518,Daerah: Perak<br>No:2616<br>Hex coord:(72;53),n/a,0,0,0,0,0,0,1,2022-04-23T04:36:03.7364542Z,0
5.10683,101.3495985,Daerah: Perak<br>No:2617<br>Hex coord:(73;53),n/a,0,0,0,0,0,0,1,2022-04-23T04:36:04.4779683Z,0
5.11461,101.3631452,Daerah: Perak<br>No:2618<br>Hex coord:(74;53),n/a,0,0,0,0,0,0,1,2022-04-23T04:36:05.2711283Z,0
5.10683,101.3766919,Daerah: Perak<br>No:2619<br>Hex coord:(75;53),n/a,0,0,0,0,0,0,1,2022-04-23T04:36:06.0429373Z,0
5.11461,101.3902386,Daerah: Perak<br>No:2620<br>Hex coord:(76;53),n/a,0,0,0,0,0,0,1,2022-04-23T04:36:06.7924262Z,0
5.10683,101.4037853,Daerah: Perak<br>No:2621<br>Hex coord:(77;53),n/a,0,0,0,0,0,0,1,2022-04-23T04:36:07.5706775Z,0
5.11461,101.417332,Daerah: Perak<br>No:2622<br>Hex coord:(78;53),n/a,0,0,0,0,0,0,1,2022-04-23T04:36:08.3513664Z,0
5.10683,101.4308787,Daerah: Perak<br>No:2623<br>Hex coord:(79;53),n/a,0,0,0,0,0,0,1,2022-04-23T04:36:09.1483440Z,0
5.11461,101.4444254,Daerah: Perak<br>No:2624<br>Hex coord:(80;53),n/a,0,0,0,0,0,0,1,2022-04-23T04:36:09.9155893Z,0
5.10683,101.4579721,Daerah: Perak<br>No:2625<br>Hex coord:(81;53),n/a,0,0,0,0,0,0,1,2022-04-23T04:36:10.6836907Z,0
5.11461,101.4715188,Daerah: Perak<br>No:2626<br>Hex coord:(82;53),n/a,0,0,0,0,0,0,1,2022-04-23T04:36:11.4407662Z,0
5.09127,100.3742357,Daerah: Perak<br>No:2627<br>Hex coord:(1;54),n/a,0,0,0,0,0,0,1,2022-04-23T04:36:12.1949220Z,0
5.09905,100.3877824,Daerah: Perak<br>No:2628<br>Hex coord:(2;54),n/a,0,0,0,0,0,0,1,2022-04-23T04:36:12.9702415Z,0
5.09127,100.4013291,Daerah: Perak<br>No:2629<br>Hex coord:(3;54),n/a,0,0,0,0,0,0,1,2022-04-23T04:36:13.7306362Z,0
5.09905,100.4148758,Daerah: Perak<br>No:2630<br>Hex coord:(4;54),n/a,0,0,0,0,0,0,1,2022-04-23T04:36:14.4875259Z,0
5.09127,100.4284225,Daerah: Perak<br>No:2631<br>Hex coord:(5;54),n/a,1 ,0,0,0,0,0,1,2022-04-23T04:36:15.3033128Z,0
5.09905,100.4419692,Daerah: Perak<br>No:2632<br>Hex coord:(6;54),n/a,0,0,0,0,0,0,1,2022-04-23T04:36:16.0857606Z,0
5.09127,100.4555159,Daerah: Perak<br>No:2633<br>Hex coord:(7;54),n/a,0,0,0,0,0,0,1,2022-04-23T04:36:16.9554059Z,0
5.09905,100.4690626,Daerah: Perak<br>No:2634<br>Hex coord:(8;54),n/a,1 ,0,0,0,0,0,1,2022-04-23T04:36:17.7130319Z,0
5.09127,100.4826093,Daerah: Perak<br>No:2635<br>Hex coord:(9;54),n/a,5 ,0,0,0,0,0,1,2022-04-23T04:36:18.5175463Z,0
5.09905,100.4961561,Daerah: Perak<br>No:2636<br>Hex coord:(10;54),n/a,1 ,0,0,0,0,0,1,2022-04-23T04:36:19.2623854Z,0
5.09127,100.5097028,Daerah: Perak<br>No:2637<br>Hex coord:(11;54),n/a,0,0,0,0,0,0,1,2022-04-23T04:36:20.0245537Z,0
5.09127,100.5367962,Daerah: Perak<br>No:2638<br>Hex coord:(13;54),n/a,0,0,0,0,0,0,1,2022-04-23T04:36:20.7984342Z,0
5.09127,100.590983,Daerah: Perak<br>No:2639<br>Hex coord:(17;54),n/a,0,0,0,0,0,0,1,2022-04-23T04:36:21.5548637Z,0
5.09905,100.6045297,Daerah: Perak<br>No:2640<br>Hex coord:(18;54),n/a,0,0,0,0,0,0,1,2022-04-23T04:36:22.3176674Z,0
5.09127,100.6180764,Daerah: Perak<br>No:2641<br>Hex coord:(19;54),n/a,0,0,0,0,0,0,1,2022-04-23T04:36:23.1059545Z,0
5.09905,100.6316231,Daerah: Perak<br>No:2642<br>Hex coord:(20;54),n/a,0,0,0,0,0,0,1,2022-04-23T04:36:23.8375386Z,0
5.09127,100.6451698,Daerah: Perak<br>No:2643<br>Hex coord:(21;54),n/a,0,0,0,0,0,0,1,2022-04-23T04:36:24.6193007Z,0
5.09905,100.6587165,Daerah: Perak<br>No:2644<br>Hex coord:(22;54),n/a,0,0,0,0,0,0,1,2022-04-23T04:36:25.5711531Z,0
5.09127,100.6722632,Daerah: Perak<br>No:2645<br>Hex coord:(23;54),n/a,0,0,0,0,0,0,1,2022-04-23T04:36:26.3503921Z,0
5.09905,100.6858099,Daerah: Perak<br>No:2646<br>Hex coord:(24;54),n/a,0,0,0,0,0,0,1,2022-04-23T04:36:27.1011788Z,0
5.09127,100.6993566,Daerah: Perak<br>No:2647<br>Hex coord:(25;54),n/a,0,0,0,0,0,0,1,2022-04-23T04:36:27.8542169Z,0
5.09905,100.7129033,Daerah: Perak<br>No:2648<br>Hex coord:(26;54),n/a,0,0,0,0,0,0,1,2022-04-23T04:36:28.6143026Z,0
5.09127,100.72645,Daerah: Perak<br>No:2649<br>Hex coord:(27;54),n/a,0,0,0,0,0,0,1,2022-04-23T04:36:29.3899218Z,0
5.09905,100.7399968,Daerah: Perak<br>No:2650<br>Hex coord:(28;54),n/a,0,0,0,0,0,0,1,2022-04-23T04:36:30.1560869Z,0
5.09127,100.7535435,Daerah: Perak<br>No:2651<br>Hex coord:(29;54),n/a,0,0,0,0,0,0,1,2022-04-23T04:36:30.8983942Z,0
5.09905,100.7670902,Daerah: Perak<br>No:2652<br>Hex coord:(30;54),n/a,0,0,0,0,0,0,1,2022-04-23T04:36:31.6754871Z,0
5.09127,100.7806369,Daerah: Perak<br>No:2653<br>Hex coord:(31;54),n/a,0,0,0,0,0,0,1,2022-04-23T04:36:32.4710755Z,0
5.09905,100.7941836,Daerah: Perak<br>No:2654<br>Hex coord:(32;54),n/a,0,0,0,0,0,0,1,2022-04-23T04:36:33.4100203Z,0
5.09127,100.8077303,Daerah: Perak<br>No:2655<br>Hex coord:(33;54),n/a,0,0,0,0,0,0,1,2022-04-23T04:36:34.1847274Z,0
5.09905,100.821277,Daerah: Perak<br>No:2656<br>Hex coord:(34;54),n/a,0,0,0,0,0,0,1,2022-04-23T04:36:34.9351281Z,0
5.09127,100.8348237,Daerah: Perak<br>No:2657<br>Hex coord:(35;54),n/a,2 ,0,0,0,0,0,1,2022-04-23T04:36:36.7010353Z,0
5.09905,100.8483704,Daerah: Perak<br>No:2658<br>Hex coord:(36;54),n/a,0,0,0,0,0,0,1,2022-04-23T04:36:37.4534352Z,0
5.09127,100.8619171,Daerah: Perak<br>No:2659<br>Hex coord:(37;54),n/a,0,0,0,0,0,0,1,2022-04-23T04:36:38.2559228Z,0
5.09905,100.8754638,Daerah: Perak<br>No:2660<br>Hex coord:(38;54),n/a,0,0,0,0,0,0,1,2022-04-23T04:36:39.2046773Z,0
5.09127,100.8890105,Daerah: Perak<br>No:2661<br>Hex coord:(39;54),n/a,0,0,0,0,0,0,1,2022-04-23T04:36:39.9786900Z,0
5.09905,100.9025572,Daerah: Perak<br>No:2662<br>Hex coord:(40;54),n/a,0,0,0,0,0,0,1,2022-04-23T04:36:40.7805678Z,0
5.09127,100.9161039,Daerah: Perak<br>No:2663<br>Hex coord:(41;54),n/a,0,0,0,0,0,0,1,2022-04-23T04:36:41.5979795Z,0
5.09905,100.9296506,Daerah: Perak<br>No:2664<br>Hex coord:(42;54),n/a,0,0,0,0,0,0,1,2022-04-23T04:36:42.3534590Z,0
5.09127,100.9431973,Daerah: Perak<br>No:2665<br>Hex coord:(43;54),n/a,0,0,0,0,0,0,1,2022-04-23T04:36:43.1457945Z,0
5.09905,100.956744,Daerah: Perak<br>No:2666<br>Hex coord:(44;54),n/a,1 ,0,0,0,0,0,1,2022-04-23T04:36:43.9179706Z,0
5.09127,100.9702907,Daerah: Perak<br>No:2667<br>Hex coord:(45;54),n/a,1 ,0,0,0,0,0,1,2022-04-23T04:36:44.6709142Z,0
5.09905,100.9838374,Daerah: Perak<br>No:2668<br>Hex coord:(46;54),n/a,0,0,0,0,0,0,1,2022-04-23T04:36:45.4216494Z,0
5.09127,100.9973842,Daerah: Perak<br>No:2669<br>Hex coord:(47;54),n/a,0,0,0,0,0,0,1,2022-04-23T04:36:46.1781354Z,0
5.09905,101.0109309,Daerah: Perak<br>No:2670<br>Hex coord:(48;54),n/a,0,0,0,0,0,0,1,2022-04-23T04:36:46.9443544Z,0
5.09127,101.0244776,Daerah: Perak<br>No:2671<br>Hex coord:(49;54),n/a,0,0,0,0,0,0,1,2022-04-23T04:36:47.7131319Z,0
5.09905,101.0380243,Daerah: Perak<br>No:2672<br>Hex coord:(50;54),n/a,0,0,0,0,0,0,1,2022-04-23T04:36:48.4790215Z,0
5.09127,101.051571,Daerah: Perak<br>No:2673<br>Hex coord:(51;54),n/a,0,0,0,0,0,0,1,2022-04-23T04:36:49.2415705Z,0
5.09905,101.0651177,Daerah: Perak<br>No:2674<br>Hex coord:(52;54),n/a,0,0,0,0,0,0,1,2022-04-23T04:36:50.0063904Z,0
5.09127,101.0786644,Daerah: Perak<br>No:2675<br>Hex coord:(53;54),n/a,0,0,0,0,0,0,1,2022-04-23T04:36:50.8061671Z,0
5.09905,101.0922111,Daerah: Perak<br>No:2676<br>Hex coord:(54;54),n/a,0,0,0,0,0,0,1,2022-04-23T04:36:51.5882997Z,0
5.09127,101.1057578,Daerah: Perak<br>No:2677<br>Hex coord:(55;54),n/a,0,0,0,0,0,0,1,2022-04-23T04:36:52.3551696Z,0
5.09905,101.1193045,Daerah: Perak<br>No:2678<br>Hex coord:(56;54),n/a,0,0,0,0,0,0,1,2022-04-23T04:36:53.1273104Z,0
5.09127,101.1328512,Daerah: Perak<br>No:2679<br>Hex coord:(57;54),n/a,0,0,0,0,0,0,1,2022-04-23T04:36:53.8821769Z,0
5.09905,101.1463979,Daerah: Perak<br>No:2680<br>Hex coord:(58;54),n/a,0,0,0,0,0,0,1,2022-04-23T04:36:54.6416764Z,0
5.09127,101.1599446,Daerah: Perak<br>No:2681<br>Hex coord:(59;54),n/a,0,0,0,0,0,0,1,2022-04-23T04:36:55.3959459Z,0
5.09905,101.1734913,Daerah: Perak<br>No:2682<br>Hex coord:(60;54),n/a,0,0,0,0,0,0,1,2022-04-23T04:36:56.1548641Z,0
5.09127,101.187038,Daerah: Perak<br>No:2683<br>Hex coord:(61;54),n/a,0,0,0,0,0,0,1,2022-04-23T04:36:56.9186985Z,0
5.09905,101.2005847,Daerah: Perak<br>No:2684<br>Hex coord:(62;54),n/a,0,0,0,0,0,0,1,2022-04-23T04:36:57.6862516Z,0
5.09127,101.2141314,Daerah: Perak<br>No:2685<br>Hex coord:(63;54),n/a,0,0,0,0,0,0,1,2022-04-23T04:36:59.5151768Z,0
5.09905,101.2276781,Daerah: Perak<br>No:2686<br>Hex coord:(64;54),n/a,0,0,0,0,0,0,1,2022-04-23T04:37:00.3336084Z,0
5.09127,101.2412249,Daerah: Perak<br>No:2687<br>Hex coord:(65;54),n/a,0,0,0,0,0,0,1,2022-04-23T04:37:01.0907537Z,0
5.09905,101.2547716,Daerah: Perak<br>No:2688<br>Hex coord:(66;54),n/a,0,0,0,0,0,0,1,2022-04-23T04:37:01.8574932Z,0
5.09127,101.2683183,Daerah: Perak<br>No:2689<br>Hex coord:(67;54),n/a,0,0,0,0,0,0,1,2022-04-23T04:37:02.6177015Z,0
5.09905,101.281865,Daerah: Perak<br>No:2690<br>Hex coord:(68;54),n/a,0,0,0,0,0,0,1,2022-04-23T04:37:03.3588231Z,0
5.09127,101.2954117,Daerah: Perak<br>No:2691<br>Hex coord:(69;54),n/a,0,0,0,0,0,0,1,2022-04-23T04:37:04.2551798Z,0
5.09905,101.3089584,Daerah: Perak<br>No:2692<br>Hex coord:(70;54),n/a,0,0,0,0,0,0,1,2022-04-23T04:37:05.3675754Z,0
5.09127,101.3225051,Daerah: Perak<br>No:2693<br>Hex coord:(71;54),n/a,0,0,0,0,0,0,1,2022-04-23T04:37:06.1373769Z,0
5.09905,101.3360518,Daerah: Perak<br>No:2694<br>Hex coord:(72;54),n/a,0,0,0,0,0,0,1,2022-04-23T04:37:07.2083758Z,0
5.09127,101.3495985,Daerah: Perak<br>No:2695<br>Hex coord:(73;54),n/a,0,0,0,0,0,0,1,2022-04-23T04:37:07.9841345Z,0
5.09905,101.3631452,Daerah: Perak<br>No:2696<br>Hex coord:(74;54),n/a,0,0,0,0,0,0,1,2022-04-23T04:37:08.7371482Z,0
5.09127,101.3766919,Daerah: Perak<br>No:2697<br>Hex coord:(75;54),n/a,0,0,0,0,0,0,1,2022-04-23T04:37:10.6775461Z,0
5.09905,101.3902386,Daerah: Perak<br>No:2698<br>Hex coord:(76;54),n/a,0,0,0,0,0,0,1,2022-04-23T04:37:11.4288424Z,0
5.09127,101.4037853,Daerah: Perak<br>No:2699<br>Hex coord:(77;54),n/a,0,0,0,0,0,0,1,2022-04-23T04:37:12.1878008Z,0
5.09905,101.417332,Daerah: Perak<br>No:2700<br>Hex coord:(78;54),n/a,0,0,0,0,0,0,1,2022-04-23T04:37:12.9660260Z,0
5.09127,101.4308787,Daerah: Perak<br>No:2701<br>Hex coord:(79;54),n/a,0,0,0,0,0,0,1,2022-04-23T04:37:13.7618434Z,0
5.09905,101.4444254,Daerah: Perak<br>No:2702<br>Hex coord:(80;54),n/a,0,0,0,0,0,0,1,2022-04-23T04:37:14.5149257Z,0
5.09127,101.4579721,Daerah: Perak<br>No:2703<br>Hex coord:(81;54),n/a,0,0,0,0,0,0,1,2022-04-23T04:37:15.2825884Z,0
5.09905,101.4715188,Daerah: Perak<br>No:2704<br>Hex coord:(82;54),n/a,0,0,0,0,0,0,1,2022-04-23T04:37:16.0984292Z,0
5.08349,100.3877824,Daerah: Perak<br>No:2705<br>Hex coord:(2;55),n/a,3 ,0,0,0,0,0,1,2022-04-23T04:37:16.8455098Z,0
5.07571,100.4013291,Daerah: Perak<br>No:2706<br>Hex coord:(3;55),n/a,0,0,0,0,0,0,1,2022-04-23T04:37:17.5937820Z,0
5.08349,100.4148758,Daerah: Perak<br>No:2707<br>Hex coord:(4;55),n/a,0,0,0,0,0,0,1,2022-04-23T04:37:18.3325353Z,0
5.07571,100.4284225,Daerah: Perak<br>No:2708<br>Hex coord:(5;55),n/a,1 ,0,0,0,0,0,1,2022-04-23T04:37:19.0879414Z,0
5.08349,100.4419692,Daerah: Perak<br>No:2709<br>Hex coord:(6;55),n/a,0,0,0,0,0,0,1,2022-04-23T04:37:19.8838811Z,0
5.07571,100.4555159,Daerah: Perak<br>No:2710<br>Hex coord:(7;55),n/a,0,0,0,0,0,0,1,2022-04-23T04:37:20.6238712Z,0
5.08349,100.4690626,Daerah: Perak<br>No:2711<br>Hex coord:(8;55),n/a,0,0,0,0,0,0,1,2022-04-23T04:37:21.4233504Z,0
5.07571,100.4826093,Daerah: Perak<br>No:2712<br>Hex coord:(9;55),n/a,0,0,0,0,0,0,1,2022-04-23T04:37:22.2049738Z,0
5.08349,100.4961561,Daerah: Perak<br>No:2713<br>Hex coord:(10;55),n/a,0,0,0,0,0,0,1,2022-04-23T04:37:23.9500930Z,0
5.07571,100.5097028,Daerah: Perak<br>No:2714<br>Hex coord:(11;55),n/a,0,0,0,0,0,0,1,2022-04-23T04:37:24.7532782Z,0
5.08349,100.5232495,Daerah: Perak<br>No:2715<br>Hex coord:(12;55),n/a,0,0,0,0,0,0,1,2022-04-23T04:37:25.6079537Z,0
5.07571,100.5367962,Daerah: Perak<br>No:2716<br>Hex coord:(13;55),n/a,0,0,0,0,0,0,1,2022-04-23T04:37:26.3671939Z,0
5.07571,100.5638896,Daerah: Perak<br>No:2717<br>Hex coord:(15;55),n/a,0,0,0,0,0,0,1,2022-04-23T04:37:27.1152217Z,0
5.08349,100.5774363,Daerah: Perak<br>No:2718<br>Hex coord:(16;55),n/a,0,0,0,0,0,0,1,2022-04-23T04:37:27.9040711Z,0
5.07571,100.590983,Daerah: Perak<br>No:2719<br>Hex coord:(17;55),n/a,0,0,0,0,0,0,1,2022-04-23T04:37:28.6859047Z,0
5.08349,100.6045297,Daerah: Perak<br>No:2720<br>Hex coord:(18;55),n/a,0,0,0,0,0,0,1,2022-04-23T04:37:29.4447929Z,0
5.07571,100.6180764,Daerah: Perak<br>No:2721<br>Hex coord:(19;55),n/a,0,0,0,0,0,0,1,2022-04-23T04:37:30.2264026Z,0
5.08349,100.6316231,Daerah: Perak<br>No:2722<br>Hex coord:(20;55),n/a,0,0,0,0,0,0,1,2022-04-23T04:37:31.0032825Z,0
5.07571,100.6451698,Daerah: Perak<br>No:2723<br>Hex coord:(21;55),n/a,0,0,0,0,0,0,1,2022-04-23T04:37:31.7861321Z,0
5.08349,100.6587165,Daerah: Perak<br>No:2724<br>Hex coord:(22;55),n/a,0,0,0,0,0,0,1,2022-04-23T04:37:32.5415116Z,0
5.07571,100.6722632,Daerah: Perak<br>No:2725<br>Hex coord:(23;55),n/a,0,0,0,0,0,0,1,2022-04-23T04:37:34.3197381Z,0
5.08349,100.6858099,Daerah: Perak<br>No:2726<br>Hex coord:(24;55),n/a,0,0,0,0,0,0,1,2022-04-23T04:37:35.0795398Z,0
5.07571,100.6993566,Daerah: Perak<br>No:2727<br>Hex coord:(25;55),n/a,0,0,0,0,0,0,1,2022-04-23T04:37:35.8646404Z,0
5.08349,100.7129033,Daerah: Perak<br>No:2728<br>Hex coord:(26;55),n/a,0,0,0,0,0,0,1,2022-04-23T04:37:36.6778386Z,0
5.07571,100.72645,Daerah: Perak<br>No:2729<br>Hex coord:(27;55),n/a,0,0,0,0,0,0,1,2022-04-23T04:37:37.4135772Z,0
5.08349,100.7399968,Daerah: Perak<br>No:2730<br>Hex coord:(28;55),n/a,0,0,0,0,0,0,1,2022-04-23T04:37:38.2099407Z,0
5.07571,100.7535435,Daerah: Perak<br>No:2731<br>Hex coord:(29;55),n/a,0,0,0,0,0,0,1,2022-04-23T04:37:39.0066186Z,0
5.08349,100.7670902,Daerah: Perak<br>No:2732<br>Hex coord:(30;55),n/a,0,0,0,0,0,0,1,2022-04-23T04:37:39.7692010Z,0
5.07571,100.7806369,Daerah: Perak<br>No:2733<br>Hex coord:(31;55),n/a,0,0,0,0,0,0,1,2022-04-23T04:37:40.5306164Z,0
5.08349,100.7941836,Daerah: Perak<br>No:2734<br>Hex coord:(32;55),n/a,0,0,0,0,0,0,1,2022-04-23T04:37:41.2978801Z,0
5.07571,100.8077303,Daerah: Perak<br>No:2735<br>Hex coord:(33;55),n/a,0,0,0,0,0,0,1,2022-04-23T04:37:42.0748365Z,0
5.08349,100.821277,Daerah: Perak<br>No:2736<br>Hex coord:(34;55),n/a,0,0,0,0,0,0,1,2022-04-23T04:37:42.8182923Z,0
5.07571,100.8348237,Daerah: Perak<br>No:2737<br>Hex coord:(35;55),n/a,0,0,0,0,0,0,1,2022-04-23T04:37:43.5835462Z,0
5.08349,100.8483704,Daerah: Perak<br>No:2738<br>Hex coord:(36;55),n/a,2 ,0,0,0,0,0,1,2022-04-23T04:37:44.3401082Z,0
5.07571,100.8619171,Daerah: Perak<br>No:2739<br>Hex coord:(37;55),n/a,0,0,0,0,0,0,1,2022-04-23T04:37:45.0964944Z,0
5.08349,100.8754638,Daerah: Perak<br>No:2740<br>Hex coord:(38;55),n/a,0,0,0,0,0,0,1,2022-04-23T04:37:45.8745234Z,0
5.07571,100.8890105,Daerah: Perak<br>No:2741<br>Hex coord:(39;55),n/a,0,0,0,0,0,0,1,2022-04-23T04:37:46.6252188Z,0
5.08349,100.9025572,Daerah: Perak<br>No:2742<br>Hex coord:(40;55),n/a,0,0,0,0,0,0,1,2022-04-23T04:37:47.3819812Z,0
5.07571,100.9161039,Daerah: Perak<br>No:2743<br>Hex coord:(41;55),n/a,0,0,0,0,0,0,1,2022-04-23T04:37:48.1657984Z,0
5.08349,100.9296506,Daerah: Perak<br>No:2744<br>Hex coord:(42;55),n/a,0,0,0,0,0,0,1,2022-04-23T04:37:48.9202820Z,0
5.07571,100.9431973,Daerah: Perak<br>No:2745<br>Hex coord:(43;55),n/a,0,0,0,0,0,0,1,2022-04-23T04:37:49.6827854Z,0
5.08349,100.956744,Daerah: Perak<br>No:2746<br>Hex coord:(44;55),n/a,1 ,0,0,0,0,0,1,2022-04-23T04:37:50.4749658Z,0
5.07571,100.9702907,Daerah: Perak<br>No:2747<br>Hex coord:(45;55),n/a,0,0,0,0,0,0,1,2022-04-23T04:37:51.2399079Z,0
5.08349,100.9838374,Daerah: Perak<br>No:2748<br>Hex coord:(46;55),n/a,0,0,0,0,0,0,1,2022-04-23T04:37:52.0054793Z,0
5.07571,100.9973842,Daerah: Perak<br>No:2749<br>Hex coord:(47;55),n/a,1 ,0,0,0,0,0,1,2022-04-23T04:37:52.7463149Z,0
5.08349,101.0109309,Daerah: Perak<br>No:2750<br>Hex coord:(48;55),n/a,0,0,0,0,0,0,1,2022-04-23T04:37:53.5615243Z,0
5.07571,101.0244776,Daerah: Perak<br>No:2751<br>Hex coord:(49;55),n/a,0,0,0,0,0,0,1,2022-04-23T04:37:54.3056984Z,0
5.08349,101.0380243,Daerah: Perak<br>No:2752<br>Hex coord:(50;55),n/a,0,0,0,0,0,0,1,2022-04-23T04:37:55.1221163Z,0
5.07571,101.051571,Daerah: Perak<br>No:2753<br>Hex coord:(51;55),n/a,0,0,0,0,0,0,1,2022-04-23T04:37:55.8922150Z,0
5.08349,101.0651177,Daerah: Perak<br>No:2754<br>Hex coord:(52;55),n/a,0,0,0,0,0,0,1,2022-04-23T04:37:56.6629989Z,0
5.07571,101.0786644,Daerah: Perak<br>No:2755<br>Hex coord:(53;55),n/a,0,0,0,0,0,0,1,2022-04-23T04:37:57.4489386Z,0
5.08349,101.0922111,Daerah: Perak<br>No:2756<br>Hex coord:(54;55),n/a,0,0,0,0,0,0,1,2022-04-23T04:37:58.2711106Z,0
5.07571,101.1057578,Daerah: Perak<br>No:2757<br>Hex coord:(55;55),n/a,0,0,0,0,0,0,1,2022-04-23T04:37:59.0737874Z,0
5.08349,101.1193045,Daerah: Perak<br>No:2758<br>Hex coord:(56;55),n/a,0,0,0,0,0,0,1,2022-04-23T04:37:59.8241373Z,0
5.07571,101.1328512,Daerah: Perak<br>No:2759<br>Hex coord:(57;55),n/a,0,0,0,0,0,0,1,2022-04-23T04:38:00.6030070Z,0
5.08349,101.1463979,Daerah: Perak<br>No:2760<br>Hex coord:(58;55),n/a,0,0,0,0,0,0,1,2022-04-23T04:38:01.4810287Z,0
5.07571,101.1599446,Daerah: Perak<br>No:2761<br>Hex coord:(59;55),n/a,0,0,0,0,0,0,1,2022-04-23T04:38:02.2400844Z,0
5.08349,101.1734913,Daerah: Perak<br>No:2762<br>Hex coord:(60;55),n/a,0,0,0,0,0,0,1,2022-04-23T04:38:03.0062543Z,0
5.07571,101.187038,Daerah: Perak<br>No:2763<br>Hex coord:(61;55),n/a,0,0,0,0,0,0,1,2022-04-23T04:38:03.8141991Z,0
5.08349,101.2005847,Daerah: Perak<br>No:2764<br>Hex coord:(62;55),n/a,0,0,0,0,0,0,1,2022-04-23T04:38:04.5700248Z,0
5.07571,101.2141314,Daerah: Perak<br>No:2765<br>Hex coord:(63;55),n/a,0,0,0,0,0,0,1,2022-04-23T04:38:05.3451150Z,0
5.08349,101.2276781,Daerah: Perak<br>No:2766<br>Hex coord:(64;55),n/a,0,0,0,0,0,0,1,2022-04-23T04:38:06.1494195Z,0
5.07571,101.2412249,Daerah: Perak<br>No:2767<br>Hex coord:(65;55),n/a,0,0,0,0,0,0,1,2022-04-23T04:38:07.3517199Z,0
5.08349,101.2547716,Daerah: Perak<br>No:2768<br>Hex coord:(66;55),n/a,0,0,0,0,0,0,1,2022-04-23T04:38:08.1047775Z,0
5.07571,101.2683183,Daerah: Perak<br>No:2769<br>Hex coord:(67;55),n/a,0,0,0,0,0,0,1,2022-04-23T04:38:08.8852090Z,0
5.08349,101.281865,Daerah: Perak<br>No:2770<br>Hex coord:(68;55),n/a,0,0,0,0,0,0,1,2022-04-23T04:38:09.6574916Z,0
5.07571,101.2954117,Daerah: Perak<br>No:2771<br>Hex coord:(69;55),n/a,0,0,0,0,0,0,1,2022-04-23T04:38:10.4804731Z,0
5.08349,101.3089584,Daerah: Perak<br>No:2772<br>Hex coord:(70;55),n/a,0,0,0,0,0,0,1,2022-04-23T04:38:11.2549891Z,0
5.07571,101.3225051,Daerah: Perak<br>No:2773<br>Hex coord:(71;55),n/a,0,0,0,0,0,0,1,2022-04-23T04:38:12.0068423Z,0
5.08349,101.3360518,Daerah: Perak<br>No:2774<br>Hex coord:(72;55),n/a,0,0,0,0,0,0,1,2022-04-23T04:38:12.7646130Z,0
5.07571,101.3495985,Daerah: Perak<br>No:2775<br>Hex coord:(73;55),n/a,0,0,0,0,0,0,1,2022-04-23T04:38:13.5278790Z,0
5.08349,101.3631452,Daerah: Perak<br>No:2776<br>Hex coord:(74;55),n/a,0,0,0,0,0,0,1,2022-04-23T04:38:14.3004874Z,0
5.07571,101.3766919,Daerah: Perak<br>No:2777<br>Hex coord:(75;55),n/a,0,0,0,0,0,0,1,2022-04-23T04:38:15.0637914Z,0
5.08349,101.3902386,Daerah: Perak<br>No:2778<br>Hex coord:(76;55),n/a,0,0,0,0,0,0,1,2022-04-23T04:38:15.8200122Z,0
5.07571,101.4037853,Daerah: Perak<br>No:2779<br>Hex coord:(77;55),n/a,0,0,0,0,0,0,1,2022-04-23T04:38:16.5750248Z,0
5.08349,101.417332,Daerah: Perak<br>No:2780<br>Hex coord:(78;55),n/a,0,0,0,0,0,0,1,2022-04-23T04:38:17.3329306Z,0
5.07571,101.4308787,Daerah: Perak<br>No:2781<br>Hex coord:(79;55),n/a,0,0,0,0,0,0,1,2022-04-23T04:38:18.1015484Z,0
5.08349,101.4444254,Daerah: Perak<br>No:2782<br>Hex coord:(80;55),n/a,0,0,0,0,0,0,1,2022-04-23T04:38:18.9083465Z,0
5.07571,101.4579721,Daerah: Perak<br>No:2783<br>Hex coord:(81;55),n/a,0,0,0,0,0,0,1,2022-04-23T04:38:19.6707054Z,0
5.06793,100.3877824,Daerah: Perak<br>No:2784<br>Hex coord:(2;56),n/a,5 ,0,0,0,0,0,1,2022-04-23T04:38:20.4130317Z,0
5.06015,100.4013291,Daerah: Perak<br>No:2785<br>Hex coord:(3;56),n/a,0,0,0,0,0,0,1,2022-04-23T04:38:21.1851721Z,0
5.06793,100.4148758,Daerah: Perak<br>No:2786<br>Hex coord:(4;56),n/a,0,0,0,0,0,0,1,2022-04-23T04:38:21.9322097Z,0
5.06015,100.4284225,Daerah: Perak<br>No:2787<br>Hex coord:(5;56),n/a,0,0,0,0,0,0,1,2022-04-23T04:38:22.6578113Z,0
5.06793,100.4419692,Daerah: Perak<br>No:2788<br>Hex coord:(6;56),n/a,0,0,0,0,0,0,1,2022-04-23T04:38:23.4072828Z,0
5.06015,100.4555159,Daerah: Perak<br>No:2789<br>Hex coord:(7;56),n/a,0,0,0,0,0,0,1,2022-04-23T04:38:24.1519225Z,0
5.06793,100.4690626,Daerah: Perak<br>No:2790<br>Hex coord:(8;56),n/a,1 ,0,0,0,0,0,1,2022-04-23T04:38:24.9240776Z,0
5.06015,100.4826093,Daerah: Perak<br>No:2791<br>Hex coord:(9;56),n/a,0,0,0,0,0,0,1,2022-04-23T04:38:25.7893052Z,0
5.06793,100.4961561,Daerah: Perak<br>No:2792<br>Hex coord:(10;56),n/a,0,0,0,0,0,0,1,2022-04-23T04:38:26.5588757Z,0
5.06015,100.5097028,Daerah: Perak<br>No:2793<br>Hex coord:(11;56),n/a,1 ,0,0,0,0,0,1,2022-04-23T04:38:27.3380911Z,0
5.06793,100.5232495,Daerah: Perak<br>No:2794<br>Hex coord:(12;56),n/a,0,0,0,0,0,0,1,2022-04-23T04:38:28.1042510Z,0
5.06015,100.5367962,Daerah: Perak<br>No:2795<br>Hex coord:(13;56),n/a,0,0,0,0,0,0,1,2022-04-23T04:38:28.8465718Z,0
5.06793,100.5503429,Daerah: Perak<br>No:2796<br>Hex coord:(14;56),n/a,0,0,0,0,0,0,1,2022-04-23T04:38:29.6067761Z,0
5.06015,100.5638896,Daerah: Perak<br>No:2797<br>Hex coord:(15;56),n/a,0,0,0,0,0,0,1,2022-04-23T04:38:30.5865610Z,0
5.06793,100.5774363,Daerah: Perak<br>No:2798<br>Hex coord:(16;56),n/a,2 ,0,0,0,0,0,1,2022-04-23T04:38:31.4744309Z,0
5.06015,100.590983,Daerah: Perak<br>No:2799<br>Hex coord:(17;56),n/a,2 ,0,0,0,0,0,1,2022-04-23T04:38:32.3225090Z,0
5.06793,100.6045297,Daerah: Perak<br>No:2800<br>Hex coord:(18;56),n/a,0,0,0,0,0,0,1,2022-04-23T04:38:33.1380154Z,0
5.06015,100.6180764,Daerah: Perak<br>No:2801<br>Hex coord:(19;56),n/a,0,0,0,0,0,0,1,2022-04-23T04:38:33.9679618Z,0
5.06793,100.6316231,Daerah: Perak<br>No:2802<br>Hex coord:(20;56),n/a,0,0,0,0,0,0,1,2022-04-23T04:38:34.7822371Z,0
5.06015,100.6451698,Daerah: Perak<br>No:2803<br>Hex coord:(21;56),n/a,0,0,0,0,0,0,1,2022-04-23T04:38:35.7472716Z,0
5.06793,100.6587165,Daerah: Perak<br>No:2804<br>Hex coord:(22;56),n/a,0,0,0,0,0,0,1,2022-04-23T04:38:36.5739960Z,0
5.06015,100.6722632,Daerah: Perak<br>No:2805<br>Hex coord:(23;56),n/a,0,0,0,0,0,0,1,2022-04-23T04:38:37.3897733Z,0
5.06793,100.6858099,Daerah: Perak<br>No:2806<br>Hex coord:(24;56),n/a,0,0,0,0,0,0,1,2022-04-23T04:38:38.1570605Z,0
5.06015,100.6993566,Daerah: Perak<br>No:2807<br>Hex coord:(25;56),n/a,0,0,0,0,0,0,1,2022-04-23T04:38:38.9661046Z,0
5.06793,100.7129033,Daerah: Perak<br>No:2808<br>Hex coord:(26;56),n/a,0,0,0,0,0,0,1,2022-04-23T04:38:39.7265212Z,0
5.06015,100.72645,Daerah: Perak<br>No:2809<br>Hex coord:(27;56),n/a,0,0,0,0,0,0,1,2022-04-23T04:38:40.4913518Z,0
5.06793,100.7399968,Daerah: Perak<br>No:2810<br>Hex coord:(28;56),n/a,0,0,0,0,0,0,1,2022-04-23T04:38:41.2478651Z,0
5.06015,100.7535435,Daerah: Perak<br>No:2811<br>Hex coord:(29;56),n/a,0,0,0,0,0,0,1,2022-04-23T04:38:42.0116286Z,0
5.06793,100.7670902,Daerah: Perak<br>No:2812<br>Hex coord:(30;56),n/a,0,0,0,0,0,0,1,2022-04-23T04:38:42.7706341Z,0
5.06015,100.7806369,Daerah: Perak<br>No:2813<br>Hex coord:(31;56),n/a,0,0,0,0,0,0,1,2022-04-23T04:38:43.5308113Z,0
5.06793,100.7941836,Daerah: Perak<br>No:2814<br>Hex coord:(32;56),n/a,0,0,0,0,0,0,1,2022-04-23T04:38:44.4125584Z,0
5.06015,100.8077303,Daerah: Perak<br>No:2815<br>Hex coord:(33;56),n/a,0,0,0,0,0,0,1,2022-04-23T04:38:45.1930109Z,0
5.06793,100.821277,Daerah: Perak<br>No:2816<br>Hex coord:(34;56),n/a,0,0,0,0,0,0,1,2022-04-23T04:38:45.9403227Z,0
5.06015,100.8348237,Daerah: Perak<br>No:2817<br>Hex coord:(35;56),n/a,0,0,0,0,0,0,1,2022-04-23T04:38:46.6967695Z,0
5.06793,100.8483704,Daerah: Perak<br>No:2818<br>Hex coord:(36;56),n/a,0,0,0,0,0,0,1,2022-04-23T04:38:47.4664032Z,0
5.06015,100.8619171,Daerah: Perak<br>No:2819<br>Hex coord:(37;56),n/a,0,0,0,0,0,0,1,2022-04-23T04:38:48.2253264Z,0
5.06793,100.8754638,Daerah: Perak<br>No:2820<br>Hex coord:(38;56),n/a,0,0,0,0,0,0,1,2022-04-23T04:38:49.0262123Z,0
5.06015,100.8890105,Daerah: Perak<br>No:2821<br>Hex coord:(39;56),n/a,0,0,0,0,0,0,1,2022-04-23T04:38:49.7899997Z,0
5.06793,100.9025572,Daerah: Perak<br>No:2822<br>Hex coord:(40;56),n/a,0,0,0,0,0,0,1,2022-04-23T04:38:50.6370684Z,0
5.06015,100.9161039,Daerah: Perak<br>No:2823<br>Hex coord:(41;56),n/a,0,0,0,0,0,0,1,2022-04-23T04:38:51.3996330Z,0
5.06793,100.9296506,Daerah: Perak<br>No:2824<br>Hex coord:(42;56),n/a,0,0,0,0,0,0,1,2022-04-23T04:38:52.1550647Z,0
5.06015,100.9431973,Daerah: Perak<br>No:2825<br>Hex coord:(43;56),n/a,0,0,0,0,0,0,1,2022-04-23T04:38:52.9176474Z,0
5.06793,100.956744,Daerah: Perak<br>No:2826<br>Hex coord:(44;56),n/a,1 ,0,0,0,0,0,1,2022-04-23T04:38:53.6933224Z,0
5.06015,100.9702907,Daerah: Perak<br>No:2827<br>Hex coord:(45;56),n/a,0,0,0,0,0,0,1,2022-04-23T04:38:54.4691432Z,0
5.06793,100.9838374,Daerah: Perak<br>No:2828<br>Hex coord:(46;56),n/a,0,0,0,0,0,0,1,2022-04-23T04:38:56.2158161Z,0
5.06015,100.9973842,Daerah: Perak<br>No:2829<br>Hex coord:(47;56),n/a,2 ,0,0,0,0,0,1,2022-04-23T04:38:57.0534478Z,0
5.06793,101.0109309,Daerah: Perak<br>No:2830<br>Hex coord:(48;56),n/a,1 ,0,0,0,0,0,1,2022-04-23T04:38:57.8496803Z,0
5.06015,101.0244776,Daerah: Perak<br>No:2831<br>Hex coord:(49;56),n/a,0,0,0,0,0,0,1,2022-04-23T04:38:58.6214839Z,0
5.06793,101.0380243,Daerah: Perak<br>No:2832<br>Hex coord:(50;56),n/a,0,0,0,0,0,0,1,2022-04-23T04:38:59.3828335Z,0
5.06015,101.051571,Daerah: Perak<br>No:2833<br>Hex coord:(51;56),n/a,0,0,0,0,0,0,1,2022-04-23T04:39:00.2819150Z,0
5.06793,101.0651177,Daerah: Perak<br>No:2834<br>Hex coord:(52;56),n/a,0,0,0,0,0,0,1,2022-04-23T04:39:01.0726217Z,0
5.06015,101.0786644,Daerah: Perak<br>No:2835<br>Hex coord:(53;56),n/a,0,0,0,0,0,0,1,2022-04-23T04:39:01.8124796Z,0
5.06793,101.0922111,Daerah: Perak<br>No:2836<br>Hex coord:(54;56),n/a,0,0,0,0,0,0,1,2022-04-23T04:39:02.5582585Z,0
5.06015,101.1057578,Daerah: Perak<br>No:2837<br>Hex coord:(55;56),n/a,0,0,0,0,0,0,1,2022-04-23T04:39:03.3068542Z,0
5.06793,101.1193045,Daerah: Perak<br>No:2838<br>Hex coord:(56;56),n/a,0,0,0,0,0,0,1,2022-04-23T04:39:04.0643761Z,0
5.06015,101.1328512,Daerah: Perak<br>No:2839<br>Hex coord:(57;56),n/a,0,0,0,0,0,0,1,2022-04-23T04:39:04.8233695Z,0
5.06793,101.1463979,Daerah: Perak<br>No:2840<br>Hex coord:(58;56),n/a,0,0,0,0,0,0,1,2022-04-23T04:39:05.7260230Z,0
5.06015,101.1599446,Daerah: Perak<br>No:2841<br>Hex coord:(59;56),n/a,0,0,0,0,0,0,1,2022-04-23T04:39:06.4735468Z,0
5.06793,101.1734913,Daerah: Perak<br>No:2842<br>Hex coord:(60;56),n/a,0,0,0,0,0,0,1,2022-04-23T04:39:07.2849857Z,0
5.06015,101.187038,Daerah: Perak<br>No:2843<br>Hex coord:(61;56),n/a,0,0,0,0,0,0,1,2022-04-23T04:39:08.0449968Z,0
5.06793,101.2005847,Daerah: Perak<br>No:2844<br>Hex coord:(62;56),n/a,0,0,0,0,0,0,1,2022-04-23T04:39:09.9117391Z,0
5.06015,101.2141314,Daerah: Perak<br>No:2845<br>Hex coord:(63;56),n/a,0,0,0,0,0,0,1,2022-04-23T04:39:10.6335024Z,0
5.06793,101.2276781,Daerah: Perak<br>No:2846<br>Hex coord:(64;56),n/a,0,0,0,0,0,0,1,2022-04-23T04:39:11.3545417Z,0
5.06015,101.2412249,Daerah: Perak<br>No:2847<br>Hex coord:(65;56),n/a,0,0,0,0,0,0,1,2022-04-23T04:39:12.1446957Z,0
5.06793,101.2547716,Daerah: Perak<br>No:2848<br>Hex coord:(66;56),n/a,0,0,0,0,0,0,1,2022-04-23T04:39:13.4638745Z,0
5.06015,101.2683183,Daerah: Perak<br>No:2849<br>Hex coord:(67;56),n/a,0,0,0,0,0,0,1,2022-04-23T04:39:14.5108004Z,0
5.06793,101.281865,Daerah: Perak<br>No:2850<br>Hex coord:(68;56),n/a,0,0,0,0,0,0,1,2022-04-23T04:39:15.2666908Z,0
5.06015,101.2954117,Daerah: Perak<br>No:2851<br>Hex coord:(69;56),n/a,0,0,0,0,0,0,1,2022-04-23T04:39:15.9964564Z,0
5.06793,101.3089584,Daerah: Perak<br>No:2852<br>Hex coord:(70;56),n/a,0,0,0,0,0,0,1,2022-04-23T04:39:16.7146476Z,0
5.06015,101.3225051,Daerah: Perak<br>No:2853<br>Hex coord:(71;56),n/a,0,0,0,0,0,0,1,2022-04-23T04:39:17.4603416Z,0
5.06793,101.3360518,Daerah: Perak<br>No:2854<br>Hex coord:(72;56),n/a,0,0,0,0,0,0,1,2022-04-23T04:39:19.1837251Z,0
5.06015,101.3495985,Daerah: Perak<br>No:2855<br>Hex coord:(73;56),n/a,0,0,0,0,0,0,1,2022-04-23T04:39:20.0444490Z,0
5.06793,101.3631452,Daerah: Perak<br>No:2856<br>Hex coord:(74;56),n/a,0,0,0,0,0,0,1,2022-04-23T04:39:20.9490610Z,0
5.06015,101.3766919,Daerah: Perak<br>No:2857<br>Hex coord:(75;56),n/a,0,0,0,0,0,0,1,2022-04-23T04:39:21.7353266Z,0
5.06793,101.3902386,Daerah: Perak<br>No:2858<br>Hex coord:(76;56),n/a,0,0,0,0,0,0,1,2022-04-23T04:39:22.4651670Z,0
5.06015,101.4037853,Daerah: Perak<br>No:2859<br>Hex coord:(77;56),n/a,0,0,0,0,0,0,1,2022-04-23T04:39:24.2070049Z,0
5.06793,101.417332,Daerah: Perak<br>No:2860<br>Hex coord:(78;56),n/a,0,0,0,0,0,0,1,2022-04-23T04:39:24.9277293Z,0
5.06015,101.4308787,Daerah: Perak<br>No:2861<br>Hex coord:(79;56),n/a,0,0,0,0,0,0,1,2022-04-23T04:39:25.7757510Z,0
5.06793,101.4444254,Daerah: Perak<br>No:2862<br>Hex coord:(80;56),n/a,0,0,0,0,0,0,1,2022-04-23T04:39:26.8629436Z,0
5.06015,101.4579721,Daerah: Perak<br>No:2863<br>Hex coord:(81;56),n/a,0,0,0,0,0,0,1,2022-04-23T04:39:27.7373471Z,0
5.05237,100.3877824,Daerah: Perak<br>No:2864<br>Hex coord:(2;57),n/a,0,0,0,0,0,0,1,2022-04-23T04:39:28.5034675Z,0
5.04459,100.4013291,Daerah: Perak<br>No:2865<br>Hex coord:(3;57),n/a,1 ,0,0,0,0,0,1,2022-04-23T04:39:29.3266674Z,0
5.05237,100.4148758,Daerah: Perak<br>No:2866<br>Hex coord:(4;57),n/a,0,0,0,0,0,0,1,2022-04-23T04:39:30.1772194Z,0
5.04459,100.4284225,Daerah: Perak<br>No:2867<br>Hex coord:(5;57),n/a,0,0,0,0,0,0,1,2022-04-23T04:39:31.2904954Z,0
5.05237,100.4419692,Daerah: Perak<br>No:2868<br>Hex coord:(6;57),n/a,0,0,0,0,0,0,1,2022-04-23T04:39:32.1074716Z,0
5.04459,100.4555159,Daerah: Perak<br>No:2869<br>Hex coord:(7;57),n/a,0,0,0,0,0,0,1,2022-04-23T04:39:32.8640653Z,0
5.05237,100.4690626,Daerah: Perak<br>No:2870<br>Hex coord:(8;57),n/a,0,0,0,0,0,0,1,2022-04-23T04:39:33.6368020Z,0
5.04459,100.4826093,Daerah: Perak<br>No:2871<br>Hex coord:(9;57),n/a,0,0,0,0,0,0,1,2022-04-23T04:39:34.6600384Z,0
5.05237,100.4961561,Daerah: Perak<br>No:2872<br>Hex coord:(10;57),n/a,0,0,0,0,0,0,1,2022-04-23T04:39:35.7163126Z,0
5.04459,100.5097028,Daerah: Perak<br>No:2873<br>Hex coord:(11;57),n/a,0,0,0,0,0,0,1,2022-04-23T04:39:36.5603604Z,0
5.05237,100.5232495,Daerah: Perak<br>No:2874<br>Hex coord:(12;57),n/a,0,0,0,0,0,0,1,2022-04-23T04:39:37.3839451Z,0
5.04459,100.5367962,Daerah: Perak<br>No:2875<br>Hex coord:(13;57),n/a,0,0,0,0,0,0,1,2022-04-23T04:39:38.1491034Z,0
5.05237,100.5503429,Daerah: Perak<br>No:2876<br>Hex coord:(14;57),n/a,0,0,0,0,0,0,1,2022-04-23T04:39:38.9027959Z,0
5.04459,100.5638896,Daerah: Perak<br>No:2877<br>Hex coord:(15;57),n/a,0,0,0,0,0,0,1,2022-04-23T04:39:39.6739052Z,0
5.05237,100.5774363,Daerah: Perak<br>No:2878<br>Hex coord:(16;57),n/a,1 ,0,0,0,0,0,1,2022-04-23T04:39:40.4794155Z,0
5.04459,100.590983,Daerah: Perak<br>No:2879<br>Hex coord:(17;57),n/a,0,0,0,0,0,0,1,2022-04-23T04:39:41.2671759Z,0
5.05237,100.6045297,Daerah: Perak<br>No:2880<br>Hex coord:(18;57),n/a,0,0,0,0,0,0,1,2022-04-23T04:39:42.0628681Z,0
5.04459,100.6180764,Daerah: Perak<br>No:2881<br>Hex coord:(19;57),n/a,0,0,0,0,0,0,1,2022-04-23T04:39:43.8334877Z,0
5.05237,100.6316231,Daerah: Perak<br>No:2882<br>Hex coord:(20;57),n/a,1 ,0,0,0,0,0,1,2022-04-23T04:39:44.6560215Z,0
5.04459,100.6451698,Daerah: Perak<br>No:2883<br>Hex coord:(21;57),n/a,0,0,0,0,0,0,1,2022-04-23T04:39:45.4679942Z,0
5.05237,100.6587165,Daerah: Perak<br>No:2884<br>Hex coord:(22;57),n/a,0,0,0,0,0,0,1,2022-04-23T04:39:46.2575058Z,0
5.04459,100.6722632,Daerah: Perak<br>No:2885<br>Hex coord:(23;57),n/a,0,0,0,0,0,0,1,2022-04-23T04:39:48.1011018Z,0
5.05237,100.6858099,Daerah: Perak<br>No:2886<br>Hex coord:(24;57),n/a,0,0,0,0,0,0,1,2022-04-23T04:39:49.4889156Z,0
5.04459,100.6993566,Daerah: Perak<br>No:2887<br>Hex coord:(25;57),n/a,0,0,0,0,0,0,1,2022-04-23T04:39:50.5977339Z,0
5.05237,100.7129033,Daerah: Perak<br>No:2888<br>Hex coord:(26;57),n/a,0,0,0,0,0,0,1,2022-04-23T04:39:51.7043340Z,0
5.04459,100.72645,Daerah: Perak<br>No:2889<br>Hex coord:(27;57),n/a,0,0,0,0,0,0,1,2022-04-23T04:39:53.8353682Z,0
5.05237,100.7399968,Daerah: Perak<br>No:2890<br>Hex coord:(28;57),n/a,0,0,0,0,0,0,1,2022-04-23T04:39:54.5990190Z,0
5.04459,100.7535435,Daerah: Perak<br>No:2891<br>Hex coord:(29;57),n/a,0,0,0,0,0,0,1,2022-04-23T04:39:55.3833020Z,0
5.05237,100.7670902,Daerah: Perak<br>No:2892<br>Hex coord:(30;57),n/a,0,0,0,0,0,0,1,2022-04-23T04:39:56.1969846Z,0
5.04459,100.7806369,Daerah: Perak<br>No:2893<br>Hex coord:(31;57),n/a,0,0,0,0,0,0,1,2022-04-23T04:39:57.0377812Z,0
5.05237,100.7941836,Daerah: Perak<br>No:2894<br>Hex coord:(32;57),n/a,0,0,0,0,0,0,1,2022-04-23T04:39:58.5174915Z,0
5.04459,100.8077303,Daerah: Perak<br>No:2895<br>Hex coord:(33;57),n/a,0,0,0,0,0,0,1,2022-04-23T04:39:59.3276093Z,0
5.05237,100.821277,Daerah: Perak<br>No:2896<br>Hex coord:(34;57),n/a,0,0,0,0,0,0,1,2022-04-23T04:40:00.1268490Z,0
5.04459,100.8348237,Daerah: Perak<br>No:2897<br>Hex coord:(35;57),n/a,0,0,0,0,0,0,1,2022-04-23T04:40:00.9406599Z,0
5.05237,100.8483704,Daerah: Perak<br>No:2898<br>Hex coord:(36;57),n/a,0,0,0,0,0,0,1,2022-04-23T04:40:01.7266549Z,0
5.04459,100.8619171,Daerah: Perak<br>No:2899<br>Hex coord:(37;57),n/a,0,0,0,0,0,0,1,2022-04-23T04:40:02.5080480Z,0
5.05237,100.8754638,Daerah: Perak<br>No:2900<br>Hex coord:(38;57),n/a,0,0,0,0,0,0,1,2022-04-23T04:40:03.3327216Z,0
5.04459,100.8890105,Daerah: Perak<br>No:2901<br>Hex coord:(39;57),n/a,0,0,0,0,0,0,1,2022-04-23T04:40:05.0700154Z,0
5.05237,100.9025572,Daerah: Perak<br>No:2902<br>Hex coord:(40;57),n/a,0,0,0,0,0,0,1,2022-04-23T04:40:05.8831710Z,0
5.04459,100.9161039,Daerah: Perak<br>No:2903<br>Hex coord:(41;57),n/a,0,0,0,0,0,0,1,2022-04-23T04:40:06.6049624Z,0
5.05237,100.9296506,Daerah: Perak<br>No:2904<br>Hex coord:(42;57),n/a,0,0,0,0,0,0,1,2022-04-23T04:40:07.3328373Z,0
5.04459,100.9431973,Daerah: Perak<br>No:2905<br>Hex coord:(43;57),n/a,0,0,0,0,0,0,1,2022-04-23T04:40:08.0728066Z,0
5.05237,100.956744,Daerah: Perak<br>No:2906<br>Hex coord:(44;57),n/a,4 ,0,0,0,0,0,1,2022-04-23T04:40:08.8138005Z,0
5.04459,100.9702907,Daerah: Perak<br>No:2907<br>Hex coord:(45;57),n/a,0,0,0,0,0,0,1,2022-04-23T04:40:09.5616045Z,0
5.05237,100.9838374,Daerah: Perak<br>No:2908<br>Hex coord:(46;57),n/a,0,0,0,0,0,0,1,2022-04-23T04:40:10.3131447Z,0
5.04459,100.9973842,Daerah: Perak<br>No:2909<br>Hex coord:(47;57),n/a,0,0,0,0,0,0,1,2022-04-23T04:40:11.0580783Z,0
5.05237,101.0109309,Daerah: Perak<br>No:2910<br>Hex coord:(48;57),n/a,0,0,0,0,0,0,1,2022-04-23T04:40:11.7785044Z,0
5.04459,101.0244776,Daerah: Perak<br>No:2911<br>Hex coord:(49;57),n/a,0,0,0,0,0,0,1,2022-04-23T04:40:13.5586344Z,0
5.05237,101.0380243,Daerah: Perak<br>No:2912<br>Hex coord:(50;57),n/a,0,0,0,0,0,0,1,2022-04-23T04:40:14.3339414Z,0
5.04459,101.051571,Daerah: Perak<br>No:2913<br>Hex coord:(51;57),n/a,0,0,0,0,0,0,1,2022-04-23T04:40:15.2607781Z,0
5.05237,101.0651177,Daerah: Perak<br>No:2914<br>Hex coord:(52;57),n/a,0,0,0,0,0,0,1,2022-04-23T04:40:16.0310339Z,0
5.04459,101.0786644,Daerah: Perak<br>No:2915<br>Hex coord:(53;57),n/a,0,0,0,0,0,0,1,2022-04-23T04:40:16.7681905Z,0
5.05237,101.0922111,Daerah: Perak<br>No:2916<br>Hex coord:(54;57),n/a,0,0,0,0,0,0,1,2022-04-23T04:40:17.5807323Z,0
5.04459,101.1057578,Daerah: Perak<br>No:2917<br>Hex coord:(55;57),n/a,0,0,0,0,0,0,1,2022-04-23T04:40:18.3740113Z,0
5.05237,101.1193045,Daerah: Perak<br>No:2918<br>Hex coord:(56;57),n/a,0,0,0,0,0,0,1,2022-04-23T04:40:19.1448888Z,0
5.04459,101.1328512,Daerah: Perak<br>No:2919<br>Hex coord:(57;57),n/a,0,0,0,0,0,0,1,2022-04-23T04:40:19.9777666Z,0
5.05237,101.1463979,Daerah: Perak<br>No:2920<br>Hex coord:(58;57),n/a,0,0,0,0,0,0,1,2022-04-23T04:40:24.9207638Z,0
5.04459,101.1599446,Daerah: Perak<br>No:2921<br>Hex coord:(59;57),n/a,0,0,0,0,0,0,1,2022-04-23T04:40:25.9063231Z,0
5.05237,101.1734913,Daerah: Perak<br>No:2922<br>Hex coord:(60;57),n/a,0,0,0,0,0,0,1,2022-04-23T04:40:26.6686592Z,0
5.04459,101.187038,Daerah: Perak<br>No:2923<br>Hex coord:(61;57),n/a,0,0,0,0,0,0,1,2022-04-23T04:40:27.4664011Z,0
5.05237,101.2005847,Daerah: Perak<br>No:2924<br>Hex coord:(62;57),n/a,0,0,0,0,0,0,1,2022-04-23T04:40:28.2475724Z,0
5.04459,101.2141314,Daerah: Perak<br>No:2925<br>Hex coord:(63;57),n/a,0,0,0,0,0,0,1,2022-04-23T04:40:28.9807976Z,0
5.05237,101.2276781,Daerah: Perak<br>No:2926<br>Hex coord:(64;57),n/a,0,0,0,0,0,0,1,2022-04-23T04:40:29.7206488Z,0
5.04459,101.2412249,Daerah: Perak<br>No:2927<br>Hex coord:(65;57),n/a,0,0,0,0,0,0,1,2022-04-23T04:40:30.5494318Z,0
5.05237,101.2547716,Daerah: Perak<br>No:2928<br>Hex coord:(66;57),n/a,0,0,0,0,0,0,1,2022-04-23T04:40:39.5069975Z,0
5.04459,101.2683183,Daerah: Perak<br>No:2929<br>Hex coord:(67;57),n/a,0,0,0,0,0,0,1,2022-04-23T04:40:40.2278963Z,0
5.05237,101.281865,Daerah: Perak<br>No:2930<br>Hex coord:(68;57),n/a,0,0,0,0,0,0,1,2022-04-23T04:40:40.9483887Z,0
5.04459,101.2954117,Daerah: Perak<br>No:2931<br>Hex coord:(69;57),n/a,0,0,0,0,0,0,1,2022-04-23T04:40:41.7009400Z,0
5.05237,101.3089584,Daerah: Perak<br>No:2932<br>Hex coord:(70;57),n/a,0,0,0,0,0,0,1,2022-04-23T04:40:42.4598406Z,0
5.04459,101.3225051,Daerah: Perak<br>No:2933<br>Hex coord:(71;57),n/a,0,0,0,0,0,0,1,2022-04-23T04:40:43.2153173Z,0
5.05237,101.3360518,Daerah: Perak<br>No:2934<br>Hex coord:(72;57),n/a,0,0,0,0,0,0,1,2022-04-23T04:40:43.9902701Z,0
5.04459,101.3495985,Daerah: Perak<br>No:2935<br>Hex coord:(73;57),n/a,0,0,0,0,0,0,1,2022-04-23T04:40:44.7494174Z,0
5.05237,101.3631452,Daerah: Perak<br>No:2936<br>Hex coord:(74;57),n/a,0,0,0,0,0,0,1,2022-04-23T04:40:45.5826164Z,0
5.04459,101.3766919,Daerah: Perak<br>No:2937<br>Hex coord:(75;57),n/a,0,0,0,0,0,0,1,2022-04-23T04:40:46.3103355Z,0
5.05237,101.3902386,Daerah: Perak<br>No:2938<br>Hex coord:(76;57),n/a,0,0,0,0,0,0,1,2022-04-23T04:40:47.0689847Z,0
5.04459,101.4037853,Daerah: Perak<br>No:2939<br>Hex coord:(77;57),n/a,0,0,0,0,0,0,1,2022-04-23T04:40:47.7856792Z,0
5.05237,101.417332,Daerah: Perak<br>No:2940<br>Hex coord:(78;57),n/a,0,0,0,0,0,0,1,2022-04-23T04:40:48.5116504Z,0
5.04459,101.4308787,Daerah: Perak<br>No:2941<br>Hex coord:(79;57),n/a,0,0,0,0,0,0,1,2022-04-23T04:40:49.2598975Z,0
5.05237,101.4444254,Daerah: Perak<br>No:2942<br>Hex coord:(80;57),n/a,0,0,0,0,0,0,1,2022-04-23T04:40:50.0038110Z,0
5.04459,101.4579721,Daerah: Perak<br>No:2943<br>Hex coord:(81;57),n/a,0,0,0,0,0,0,1,2022-04-23T04:40:50.7661655Z,0
5.02903,100.4013291,Daerah: Perak<br>No:2944<br>Hex coord:(3;58),n/a,1 ,0,0,0,0,0,1,2022-04-23T04:40:51.4999003Z,0
5.03681,100.4148758,Daerah: Perak<br>No:2945<br>Hex coord:(4;58),n/a,0,0,0,0,0,0,1,2022-04-23T04:40:52.2277242Z,0
5.02903,100.4284225,Daerah: Perak<br>No:2946<br>Hex coord:(5;58),n/a,0,0,0,0,0,0,1,2022-04-23T04:40:52.9382952Z,0
5.03681,100.4419692,Daerah: Perak<br>No:2947<br>Hex coord:(6;58),n/a,0,0,0,0,0,0,1,2022-04-23T04:40:53.6778217Z,0
5.02903,100.4555159,Daerah: Perak<br>No:2948<br>Hex coord:(7;58),n/a,0,0,0,0,0,0,1,2022-04-23T04:40:54.4182024Z,0
5.03681,100.4690626,Daerah: Perak<br>No:2949<br>Hex coord:(8;58),n/a,0,0,0,0,0,0,1,2022-04-23T04:40:55.1434202Z,0
5.02903,100.4826093,Daerah: Perak<br>No:2950<br>Hex coord:(9;58),n/a,2 ,0,0,0,0,0,1,2022-04-23T04:40:55.8638114Z,0
5.03681,100.4961561,Daerah: Perak<br>No:2951<br>Hex coord:(10;58),n/a,0,0,0,0,0,0,1,2022-04-23T04:40:56.5779494Z,0
5.02903,100.5097028,Daerah: Perak<br>No:2952<br>Hex coord:(11;58),n/a,0,0,0,0,0,0,1,2022-04-23T04:40:57.3044873Z,0
5.03681,100.5232495,Daerah: Perak<br>No:2953<br>Hex coord:(12;58),n/a,0,0,0,0,0,0,1,2022-04-23T04:40:58.0243558Z,0
5.02903,100.5367962,Daerah: Perak<br>No:2954<br>Hex coord:(13;58),n/a,0,0,0,0,0,0,1,2022-04-23T04:40:58.7886520Z,0
5.03681,100.5503429,Daerah: Perak<br>No:2955<br>Hex coord:(14;58),n/a,0,0,0,0,0,0,1,2022-04-23T04:40:59.5157465Z,0
5.02903,100.5638896,Daerah: Perak<br>No:2956<br>Hex coord:(15;58),n/a,1 ,0,0,0,0,0,1,2022-04-23T04:41:00.3059133Z,0
5.03681,100.5774363,Daerah: Perak<br>No:2957<br>Hex coord:(16;58),n/a,0,0,0,0,0,0,1,2022-04-23T04:41:01.0341445Z,0
5.02903,100.590983,Daerah: Perak<br>No:2958<br>Hex coord:(17;58),n/a,0,0,0,0,0,0,1,2022-04-23T04:41:02.0243110Z,0
5.03681,100.6045297,Daerah: Perak<br>No:2959<br>Hex coord:(18;58),n/a,0,0,0,0,0,0,1,2022-04-23T04:41:02.9349125Z,0
5.02903,100.6180764,Daerah: Perak<br>No:2960<br>Hex coord:(19;58),n/a,0,0,0,0,0,0,1,2022-04-23T04:41:03.8229540Z,0
5.03681,100.6316231,Daerah: Perak<br>No:2961<br>Hex coord:(20;58),n/a,0,0,0,0,0,0,1,2022-04-23T04:41:04.6601348Z,0
5.02903,100.6451698,Daerah: Perak<br>No:2962<br>Hex coord:(21;58),n/a,0,0,0,0,0,0,1,2022-04-23T04:41:05.5923274Z,0
5.03681,100.6587165,Daerah: Perak<br>No:2963<br>Hex coord:(22;58),n/a,1 ,0,0,0,0,0,1,2022-04-23T04:41:06.6611041Z,0
5.02903,100.6722632,Daerah: Perak<br>No:2964<br>Hex coord:(23;58),n/a,0,0,0,0,0,0,1,2022-04-23T04:41:07.7787228Z,0
5.03681,100.6858099,Daerah: Perak<br>No:2965<br>Hex coord:(24;58),n/a,0,0,0,0,0,0,1,2022-04-23T04:41:08.7575279Z,0
5.02903,100.6993566,Daerah: Perak<br>No:2966<br>Hex coord:(25;58),n/a,0,0,0,0,0,0,1,2022-04-23T04:41:09.5805360Z,0
5.03681,100.7129033,Daerah: Perak<br>No:2967<br>Hex coord:(26;58),n/a,0,0,0,0,0,0,1,2022-04-23T04:41:10.6883238Z,0
5.02903,100.72645,Daerah: Perak<br>No:2968<br>Hex coord:(27;58),n/a,0,0,0,0,0,0,1,2022-04-23T04:41:11.6151562Z,0
5.03681,100.7399968,Daerah: Perak<br>No:2969<br>Hex coord:(28;58),n/a,0,0,0,0,0,0,1,2022-04-23T04:41:12.4830263Z,0
5.02903,100.7535435,Daerah: Perak<br>No:2970<br>Hex coord:(29;58),n/a,0,0,0,0,0,0,1,2022-04-23T04:41:13.2352040Z,0
5.03681,100.7670902,Daerah: Perak<br>No:2971<br>Hex coord:(30;58),n/a,0,0,0,0,0,0,1,2022-04-23T04:41:13.9527896Z,0
5.02903,100.7806369,Daerah: Perak<br>No:2972<br>Hex coord:(31;58),n/a,0,0,0,0,0,0,1,2022-04-23T04:41:14.6955920Z,0
5.03681,100.7941836,Daerah: Perak<br>No:2973<br>Hex coord:(32;58),n/a,0,0,0,0,0,0,1,2022-04-23T04:41:15.5748396Z,0
5.02903,100.8077303,Daerah: Perak<br>No:2974<br>Hex coord:(33;58),n/a,0,0,0,0,0,0,1,2022-04-23T04:41:16.3685091Z,0
5.03681,100.821277,Daerah: Perak<br>No:2975<br>Hex coord:(34;58),n/a,0,0,0,0,0,0,1,2022-04-23T04:41:17.1352114Z,0
5.02903,100.8348237,Daerah: Perak<br>No:2976<br>Hex coord:(35;58),n/a,0,0,0,0,0,0,1,2022-04-23T04:41:17.9059053Z,0
5.03681,100.8483704,Daerah: Perak<br>No:2977<br>Hex coord:(36;58),n/a,0,0,0,0,0,0,1,2022-04-23T04:41:18.8001324Z,0
5.02903,100.8619171,Daerah: Perak<br>No:2978<br>Hex coord:(37;58),n/a,0,0,0,0,0,0,1,2022-04-23T04:41:19.5810516Z,0
5.03681,100.8754638,Daerah: Perak<br>No:2979<br>Hex coord:(38;58),n/a,0,0,0,0,0,0,1,2022-04-23T04:41:20.4926246Z,0
5.02903,100.8890105,Daerah: Perak<br>No:2980<br>Hex coord:(39;58),n/a,0,0,0,0,0,0,1,2022-04-23T04:41:21.3008017Z,0
5.03681,100.9025572,Daerah: Perak<br>No:2981<br>Hex coord:(40;58),n/a,0,0,0,0,0,0,1,2022-04-23T04:41:22.1278156Z,0
5.02903,100.9161039,Daerah: Perak<br>No:2982<br>Hex coord:(41;58),n/a,0,0,0,0,0,0,1,2022-04-23T04:41:22.9054254Z,0
5.03681,100.9296506,Daerah: Perak<br>No:2983<br>Hex coord:(42;58),n/a,0,0,0,0,0,0,1,2022-04-23T04:41:23.6446811Z,0
5.02903,100.9431973,Daerah: Perak<br>No:2984<br>Hex coord:(43;58),n/a,0,0,0,0,0,0,1,2022-04-23T04:41:24.3887024Z,0
5.03681,100.956744,Daerah: Perak<br>No:2985<br>Hex coord:(44;58),n/a,4 ,0,0,0,0,0,1,2022-04-23T04:41:25.1863222Z,0
5.02903,100.9702907,Daerah: Perak<br>No:2986<br>Hex coord:(45;58),n/a,0,0,0,0,0,0,1,2022-04-23T04:41:26.0267042Z,0
5.03681,100.9838374,Daerah: Perak<br>No:2987<br>Hex coord:(46;58),n/a,0,0,0,0,0,0,1,2022-04-23T04:41:26.8401976Z,0
5.02903,100.9973842,Daerah: Perak<br>No:2988<br>Hex coord:(47;58),n/a,0,0,0,0,0,0,1,2022-04-23T04:41:27.6296793Z,0
5.03681,101.0109309,Daerah: Perak<br>No:2989<br>Hex coord:(48;58),n/a,0,0,0,0,0,0,1,2022-04-23T04:41:28.4866421Z,0
5.02903,101.0244776,Daerah: Perak<br>No:2990<br>Hex coord:(49;58),n/a,0,0,0,0,0,0,1,2022-04-23T04:41:29.4414069Z,0
5.03681,101.0380243,Daerah: Perak<br>No:2991<br>Hex coord:(50;58),n/a,0,0,0,0,0,0,1,2022-04-23T04:41:30.6969183Z,0
5.02903,101.051571,Daerah: Perak<br>No:2992<br>Hex coord:(51;58),n/a,0,0,0,0,0,0,1,2022-04-23T04:41:31.4382592Z,0
5.03681,101.0651177,Daerah: Perak<br>No:2993<br>Hex coord:(52;58),n/a,0,0,0,0,0,0,1,2022-04-23T04:41:32.1811283Z,0
5.02903,101.0786644,Daerah: Perak<br>No:2994<br>Hex coord:(53;58),n/a,0,0,0,0,0,0,1,2022-04-23T04:41:32.9349461Z,0
5.03681,101.0922111,Daerah: Perak<br>No:2995<br>Hex coord:(54;58),n/a,0,0,0,0,0,0,1,2022-04-23T04:41:33.8294342Z,0
5.02903,101.1057578,Daerah: Perak<br>No:2996<br>Hex coord:(55;58),n/a,0,0,0,0,0,0,1,2022-04-23T04:41:34.5836246Z,0
5.03681,101.1193045,Daerah: Perak<br>No:2997<br>Hex coord:(56;58),n/a,0,0,0,0,0,0,1,2022-04-23T04:41:36.4847621Z,0
5.02903,101.1328512,Daerah: Perak<br>No:2998<br>Hex coord:(57;58),n/a,0,0,0,0,0,0,1,2022-04-23T04:41:37.2586366Z,0
5.03681,101.1463979,Daerah: Perak<br>No:2999<br>Hex coord:(58;58),n/a,0,0,0,0,0,0,1,2022-04-23T04:41:38.0347491Z,0
5.02903,101.1599446,Daerah: Perak<br>No:3000<br>Hex coord:(59;58),n/a,0,0,0,0,0,0,1,2022-04-23T04:41:38.8606123Z,0
5.03681,101.1734913,Daerah: Perak<br>No:3001<br>Hex coord:(60;58),n/a,0,0,0,0,0,0,1,2022-04-23T04:41:40.6615646Z,0
5.02903,101.187038,Daerah: Perak<br>No:3002<br>Hex coord:(61;58),n/a,0,0,0,0,0,0,1,2022-04-23T04:41:41.4485692Z,0
5.03681,101.2005847,Daerah: Perak<br>No:3003<br>Hex coord:(62;58),n/a,0,0,0,0,0,0,1,2022-04-23T04:41:42.1921901Z,0
5.02903,101.2141314,Daerah: Perak<br>No:3004<br>Hex coord:(63;58),n/a,0,0,0,0,0,0,1,2022-04-23T04:41:42.9489432Z,0
5.03681,101.2276781,Daerah: Perak<br>No:3005<br>Hex coord:(64;58),n/a,0,0,0,0,0,0,1,2022-04-23T04:41:43.8114944Z,0
5.02903,101.2412249,Daerah: Perak<br>No:3006<br>Hex coord:(65;58),n/a,0,0,0,0,0,0,1,2022-04-23T04:41:44.6973123Z,0
5.03681,101.2547716,Daerah: Perak<br>No:3007<br>Hex coord:(66;58),n/a,0,0,0,0,0,0,1,2022-04-23T04:41:45.4402368Z,0
5.02903,101.2683183,Daerah: Perak<br>No:3008<br>Hex coord:(67;58),n/a,0,0,0,0,0,0,1,2022-04-23T04:41:46.1909930Z,0
5.03681,101.281865,Daerah: Perak<br>No:3009<br>Hex coord:(68;58),n/a,0,0,0,0,0,0,1,2022-04-23T04:41:46.9241434Z,0
5.02903,101.2954117,Daerah: Perak<br>No:3010<br>Hex coord:(69;58),n/a,0,0,0,0,0,0,1,2022-04-23T04:41:48.6573812Z,0
5.03681,101.3089584,Daerah: Perak<br>No:3011<br>Hex coord:(70;58),n/a,0,0,0,0,0,0,1,2022-04-23T04:41:50.4540724Z,0
5.02903,101.3225051,Daerah: Perak<br>No:3012<br>Hex coord:(71;58),n/a,0,0,0,0,0,0,1,2022-04-23T04:41:51.7081168Z,0
5.03681,101.3360518,Daerah: Perak<br>No:3013<br>Hex coord:(72;58),n/a,0,0,0,0,0,0,1,2022-04-23T04:41:53.4509351Z,0
5.02903,101.3495985,Daerah: Perak<br>No:3014<br>Hex coord:(73;58),n/a,0,0,0,0,0,0,1,2022-04-23T04:41:54.3684114Z,0
5.03681,101.3631452,Daerah: Perak<br>No:3015<br>Hex coord:(74;58),n/a,0,0,0,0,0,0,1,2022-04-23T04:41:55.1355644Z,0
5.02903,101.3766919,Daerah: Perak<br>No:3016<br>Hex coord:(75;58),n/a,0,0,0,0,0,0,1,2022-04-23T04:41:55.9866224Z,0
5.03681,101.3902386,Daerah: Perak<br>No:3017<br>Hex coord:(76;58),n/a,0,0,0,0,0,0,1,2022-04-23T04:41:56.7783692Z,0
5.02903,101.4037853,Daerah: Perak<br>No:3018<br>Hex coord:(77;58),n/a,0,0,0,0,0,0,1,2022-04-23T04:41:57.5084059Z,0
5.03681,101.417332,Daerah: Perak<br>No:3019<br>Hex coord:(78;58),n/a,0,0,0,0,0,0,1,2022-04-23T04:41:58.2444957Z,0
5.02903,101.4308787,Daerah: Perak<br>No:3020<br>Hex coord:(79;58),n/a,0,0,0,0,0,0,1,2022-04-23T04:41:59.0491790Z,0
5.03681,101.4444254,Daerah: Perak<br>No:3021<br>Hex coord:(80;58),n/a,0,0,0,0,0,0,1,2022-04-23T04:41:59.8280014Z,0
5.01347,100.4013291,Daerah: Perak<br>No:3022<br>Hex coord:(3;59),n/a,0,0,0,0,0,0,1,2022-04-23T04:42:00.6250561Z,0
5.02125,100.4148758,Daerah: Perak<br>No:3023<br>Hex coord:(4;59),n/a,1 ,0,0,0,0,0,1,2022-04-23T04:42:01.3840823Z,0
5.01347,100.4284225,Daerah: Perak<br>No:3024<br>Hex coord:(5;59),n/a,5 ,0,0,0,0,0,1,2022-04-23T04:42:02.1452591Z,0
5.02125,100.4419692,Daerah: Perak<br>No:3025<br>Hex coord:(6;59),n/a,0,0,0,0,0,0,1,2022-04-23T04:42:02.9293659Z,0
5.01347,100.4555159,Daerah: Perak<br>No:3026<br>Hex coord:(7;59),n/a,0,0,0,0,0,0,1,2022-04-23T04:42:03.6840239Z,0
5.02125,100.4690626,Daerah: Perak<br>No:3027<br>Hex coord:(8;59),n/a,0,0,0,0,0,0,1,2022-04-23T04:42:04.4928386Z,0
5.01347,100.4826093,Daerah: Perak<br>No:3028<br>Hex coord:(9;59),n/a,2 ,0,0,0,0,0,1,2022-04-23T04:42:05.3092708Z,0
5.02125,100.4961561,Daerah: Perak<br>No:3029<br>Hex coord:(10;59),n/a,0,0,0,0,0,0,1,2022-04-23T04:42:06.1758397Z,0
5.01347,100.5097028,Daerah: Perak<br>No:3030<br>Hex coord:(11;59),n/a,3 ,0,0,0,0,0,1,2022-04-23T04:42:07.0108181Z,0
5.02125,100.5232495,Daerah: Perak<br>No:3031<br>Hex coord:(12;59),n/a,2 ,0,0,0,0,0,1,2022-04-23T04:42:07.8102439Z,0
5.01347,100.5367962,Daerah: Perak<br>No:3032<br>Hex coord:(13;59),n/a,2 ,0,0,0,0,0,1,2022-04-23T04:42:08.6153066Z,0
5.02125,100.5503429,Daerah: Perak<br>No:3033<br>Hex coord:(14;59),n/a,0,0,0,0,0,0,1,2022-04-23T04:42:10.4164169Z,0
5.01347,100.5638896,Daerah: Perak<br>No:3034<br>Hex coord:(15;59),n/a,1 ,0,0,0,0,0,1,2022-04-23T04:42:11.2292834Z,0
5.02125,100.5774363,Daerah: Perak<br>No:3035<br>Hex coord:(16;59),n/a,1 ,0,0,0,0,0,1,2022-04-23T04:42:11.9938542Z,0
5.01347,100.590983,Daerah: Perak<br>No:3036<br>Hex coord:(17;59),n/a,0,0,0,0,0,0,1,2022-04-23T04:42:12.7312254Z,0
5.02125,100.6045297,Daerah: Perak<br>No:3037<br>Hex coord:(18;59),n/a,0,0,0,0,0,0,1,2022-04-23T04:42:13.4579698Z,0
5.01347,100.6180764,Daerah: Perak<br>No:3038<br>Hex coord:(19;59),n/a,0,0,0,0,0,0,1,2022-04-23T04:42:14.3014116Z,0
5.02125,100.6316231,Daerah: Perak<br>No:3039<br>Hex coord:(20;59),n/a,0,0,0,0,0,0,1,2022-04-23T04:42:15.0238991Z,0
5.01347,100.6451698,Daerah: Perak<br>No:3040<br>Hex coord:(21;59),n/a,0,0,0,0,0,0,1,2022-04-23T04:42:15.7459611Z,0
5.02125,100.6587165,Daerah: Perak<br>No:3041<br>Hex coord:(22;59),n/a,0,0,0,0,0,0,1,2022-04-23T04:42:16.5281145Z,0
5.01347,100.6722632,Daerah: Perak<br>No:3042<br>Hex coord:(23;59),n/a,0,0,0,0,0,0,1,2022-04-23T04:42:17.2662584Z,0
5.02125,100.6858099,Daerah: Perak<br>No:3043<br>Hex coord:(24;59),n/a,0,0,0,0,0,0,1,2022-04-23T04:42:17.9922645Z,0
5.01347,100.6993566,Daerah: Perak<br>No:3044<br>Hex coord:(25;59),n/a,0,0,0,0,0,0,1,2022-04-23T04:42:18.7828823Z,0
5.02125,100.7129033,Daerah: Perak<br>No:3045<br>Hex coord:(26;59),n/a,0,0,0,0,0,0,1,2022-04-23T04:42:19.5199432Z,0
5.01347,100.72645,Daerah: Perak<br>No:3046<br>Hex coord:(27;59),n/a,0,0,0,0,0,0,1,2022-04-23T04:42:20.2542208Z,0
5.02125,100.7399968,Daerah: Perak<br>No:3047<br>Hex coord:(28;59),n/a,0,0,0,0,0,0,1,2022-04-23T04:42:21.0233752Z,0
5.01347,100.7535435,Daerah: Perak<br>No:3048<br>Hex coord:(29;59),n/a,0,0,0,0,0,0,1,2022-04-23T04:42:21.7500205Z,0
5.02125,100.7670902,Daerah: Perak<br>No:3049<br>Hex coord:(30;59),n/a,0,0,0,0,0,0,1,2022-04-23T04:42:22.4834473Z,0
5.01347,100.7806369,Daerah: Perak<br>No:3050<br>Hex coord:(31;59),n/a,0,0,0,0,0,0,1,2022-04-23T04:42:23.2109683Z,0
5.02125,100.7941836,Daerah: Perak<br>No:3051<br>Hex coord:(32;59),n/a,0,0,0,0,0,0,1,2022-04-23T04:42:23.9496668Z,0
5.01347,100.8077303,Daerah: Perak<br>No:3052<br>Hex coord:(33;59),n/a,0,0,0,0,0,0,1,2022-04-23T04:42:24.7019412Z,0
5.02125,100.821277,Daerah: Perak<br>No:3053<br>Hex coord:(34;59),n/a,0,0,0,0,0,0,1,2022-04-23T04:42:25.4334605Z,0
5.01347,100.8348237,Daerah: Perak<br>No:3054<br>Hex coord:(35;59),n/a,0,0,0,0,0,0,1,2022-04-23T04:42:26.1602947Z,0
5.02125,100.8483704,Daerah: Perak<br>No:3055<br>Hex coord:(36;59),n/a,0,0,0,0,0,0,1,2022-04-23T04:42:26.8907736Z,0
5.01347,100.8619171,Daerah: Perak<br>No:3056<br>Hex coord:(37;59),n/a,0,0,0,0,0,0,1,2022-04-23T04:42:27.6073571Z,0
5.02125,100.8754638,Daerah: Perak<br>No:3057<br>Hex coord:(38;59),n/a,0,0,0,0,0,0,1,2022-04-23T04:42:28.3394689Z,0
5.01347,100.8890105,Daerah: Perak<br>No:3058<br>Hex coord:(39;59),n/a,0,0,0,0,0,0,1,2022-04-23T04:42:29.0657189Z,0
5.02125,100.9025572,Daerah: Perak<br>No:3059<br>Hex coord:(40;59),n/a,0,0,0,0,0,0,1,2022-04-23T04:42:29.8001257Z,0
5.01347,100.9161039,Daerah: Perak<br>No:3060<br>Hex coord:(41;59),n/a,0,0,0,0,0,0,1,2022-04-23T04:42:30.5231337Z,0
5.02125,100.9296506,Daerah: Perak<br>No:3061<br>Hex coord:(42;59),n/a,0,0,0,0,0,0,1,2022-04-23T04:42:31.3295786Z,0
5.01347,100.9431973,Daerah: Perak<br>No:3062<br>Hex coord:(43;59),n/a,6 ,0,0,0,0,0,1,2022-04-23T04:42:32.0813053Z,0
5.02125,100.956744,Daerah: Perak<br>No:3063<br>Hex coord:(44;59),n/a,6 ,0,0,0,0,0,1,2022-04-23T04:42:32.8060830Z,0
5.01347,100.9702907,Daerah: Perak<br>No:3064<br>Hex coord:(45;59),n/a,0,0,0,0,0,0,1,2022-04-23T04:42:33.5283791Z,0
5.02125,100.9838374,Daerah: Perak<br>No:3065<br>Hex coord:(46;59),n/a,0,0,0,0,0,0,1,2022-04-23T04:42:34.2657567Z,0
5.01347,100.9973842,Daerah: Perak<br>No:3066<br>Hex coord:(47;59),n/a,0,0,0,0,0,0,1,2022-04-23T04:42:34.9997379Z,0
5.02125,101.0109309,Daerah: Perak<br>No:3067<br>Hex coord:(48;59),n/a,0,0,0,0,0,0,1,2022-04-23T04:42:35.7292050Z,0
5.01347,101.0244776,Daerah: Perak<br>No:3068<br>Hex coord:(49;59),n/a,0,0,0,0,0,0,1,2022-04-23T04:42:36.4519567Z,0
5.02125,101.0380243,Daerah: Perak<br>No:3069<br>Hex coord:(50;59),n/a,0,0,0,0,0,0,1,2022-04-23T04:42:37.2178489Z,0
5.01347,101.051571,Daerah: Perak<br>No:3070<br>Hex coord:(51;59),n/a,0,0,0,0,0,0,1,2022-04-23T04:42:37.9809028Z,0
5.02125,101.0651177,Daerah: Perak<br>No:3071<br>Hex coord:(52;59),n/a,0,0,0,0,0,0,1,2022-04-23T04:42:38.7479874Z,0
5.01347,101.0786644,Daerah: Perak<br>No:3072<br>Hex coord:(53;59),n/a,0,0,0,0,0,0,1,2022-04-23T04:42:39.5117381Z,0
5.02125,101.0922111,Daerah: Perak<br>No:3073<br>Hex coord:(54;59),n/a,0,0,0,0,0,0,1,2022-04-23T04:42:40.2795864Z,0
5.01347,101.1057578,Daerah: Perak<br>No:3074<br>Hex coord:(55;59),n/a,0,0,0,0,0,0,1,2022-04-23T04:42:41.0826415Z,0
5.02125,101.1193045,Daerah: Perak<br>No:3075<br>Hex coord:(56;59),n/a,0,0,0,0,0,0,1,2022-04-23T04:42:41.8733853Z,0
5.01347,101.1328512,Daerah: Perak<br>No:3076<br>Hex coord:(57;59),n/a,0,0,0,0,0,0,1,2022-04-23T04:42:42.6358973Z,0
5.02125,101.1463979,Daerah: Perak<br>No:3077<br>Hex coord:(58;59),n/a,0,0,0,0,0,0,1,2022-04-23T04:42:43.4132025Z,0
5.01347,101.1599446,Daerah: Perak<br>No:3078<br>Hex coord:(59;59),n/a,0,0,0,0,0,0,1,2022-04-23T04:42:45.1876301Z,0
5.02125,101.1734913,Daerah: Perak<br>No:3079<br>Hex coord:(60;59),n/a,0,0,0,0,0,0,1,2022-04-23T04:42:45.9960722Z,0
5.01347,101.187038,Daerah: Perak<br>No:3080<br>Hex coord:(61;59),n/a,0,0,0,0,0,0,1,2022-04-23T04:42:46.9323227Z,0
5.02125,101.2005847,Daerah: Perak<br>No:3081<br>Hex coord:(62;59),n/a,0,0,0,0,0,0,1,2022-04-23T04:42:47.6968565Z,0
5.01347,101.2141314,Daerah: Perak<br>No:3082<br>Hex coord:(63;59),n/a,0,0,0,0,0,0,1,2022-04-23T04:42:48.4877232Z,0
5.02125,101.2276781,Daerah: Perak<br>No:3083<br>Hex coord:(64;59),n/a,0,0,0,0,0,0,1,2022-04-23T04:42:49.2435643Z,0
5.01347,101.2412249,Daerah: Perak<br>No:3084<br>Hex coord:(65;59),n/a,0,0,0,0,0,0,1,2022-04-23T04:42:49.9700428Z,0
5.02125,101.2547716,Daerah: Perak<br>No:3085<br>Hex coord:(66;59),n/a,0,0,0,0,0,0,1,2022-04-23T04:42:50.6962990Z,0
5.01347,101.2683183,Daerah: Perak<br>No:3086<br>Hex coord:(67;59),n/a,0,0,0,0,0,0,1,2022-04-23T04:42:51.4228399Z,0
5.02125,101.281865,Daerah: Perak<br>No:3087<br>Hex coord:(68;59),n/a,0,0,0,0,0,0,1,2022-04-23T04:42:52.1532757Z,0
5.01347,101.2954117,Daerah: Perak<br>No:3088<br>Hex coord:(69;59),n/a,0,0,0,0,0,0,1,2022-04-23T04:42:52.8747285Z,0
5.02125,101.3089584,Daerah: Perak<br>No:3089<br>Hex coord:(70;59),n/a,0,0,0,0,0,0,1,2022-04-23T04:42:53.6583555Z,0
5.01347,101.3225051,Daerah: Perak<br>No:3090<br>Hex coord:(71;59),n/a,0,0,0,0,0,0,1,2022-04-23T04:42:54.8181961Z,0
5.02125,101.3360518,Daerah: Perak<br>No:3091<br>Hex coord:(72;59),n/a,0,0,0,0,0,0,1,2022-04-23T04:42:55.5797615Z,0
5.01347,101.3495985,Daerah: Perak<br>No:3092<br>Hex coord:(73;59),n/a,0,0,0,0,0,0,1,2022-04-23T04:42:57.2817545Z,0
5.02125,101.3631452,Daerah: Perak<br>No:3093<br>Hex coord:(74;59),n/a,0,0,0,0,0,0,1,2022-04-23T04:42:58.1363297Z,0
5.01347,101.3766919,Daerah: Perak<br>No:3094<br>Hex coord:(75;59),n/a,0,0,0,0,0,0,1,2022-04-23T04:42:59.3283315Z,0
5.02125,101.3902386,Daerah: Perak<br>No:3095<br>Hex coord:(76;59),n/a,0,0,0,0,0,0,1,2022-04-23T04:43:00.4423715Z,0
5.01347,101.4037853,Daerah: Perak<br>No:3096<br>Hex coord:(77;59),n/a,0,0,0,0,0,0,1,2022-04-23T04:43:01.2760512Z,0
5.02125,101.417332,Daerah: Perak<br>No:3097<br>Hex coord:(78;59),n/a,0,0,0,0,0,0,1,2022-04-23T04:43:02.1917066Z,0
5.01347,101.4308787,Daerah: Perak<br>No:3098<br>Hex coord:(79;59),n/a,0,0,0,0,0,0,1,2022-04-23T04:43:03.0381873Z,0
5.02125,101.4444254,Daerah: Perak<br>No:3099<br>Hex coord:(80;59),n/a,0,0,0,0,0,0,1,2022-04-23T04:43:03.9509469Z,0
5.00569,100.4148758,Daerah: Perak<br>No:3100<br>Hex coord:(4;60),n/a,0,0,0,0,0,0,1,2022-04-23T04:43:04.6874245Z,0
4.99791,100.4284225,Daerah: Perak<br>No:3101<br>Hex coord:(5;60),n/a,1 ,0,0,0,0,0,1,2022-04-23T04:43:05.4293987Z,0
5.00569,100.4419692,Daerah: Perak<br>No:3102<br>Hex coord:(6;60),n/a,0,0,0,0,0,0,1,2022-04-23T04:43:06.1493399Z,0
4.99791,100.4555159,Daerah: Perak<br>No:3103<br>Hex coord:(7;60),n/a,0,0,0,0,0,0,1,2022-04-23T04:43:06.9047590Z,0
5.00569,100.4690626,Daerah: Perak<br>No:3104<br>Hex coord:(8;60),n/a,0,0,0,0,0,0,1,2022-04-23T04:43:07.6696443Z,0
4.99791,100.4826093,Daerah: Perak<br>No:3105<br>Hex coord:(9;60),n/a,0,0,0,0,0,0,1,2022-04-23T04:43:08.3998476Z,0
5.00569,100.4961561,Daerah: Perak<br>No:3106<br>Hex coord:(10;60),n/a,0,0,0,0,0,0,1,2022-04-23T04:43:09.1228184Z,0
4.99791,100.5097028,Daerah: Perak<br>No:3107<br>Hex coord:(11;60),n/a,0,0,0,0,0,0,1,2022-04-23T04:43:10.0386481Z,0
5.00569,100.5232495,Daerah: Perak<br>No:3108<br>Hex coord:(12;60),n/a,3 ,0,0,0,0,0,1,2022-04-23T04:43:10.8848787Z,0
4.99791,100.5367962,Daerah: Perak<br>No:3109<br>Hex coord:(13;60),n/a,0,0,0,0,0,0,1,2022-04-23T04:43:11.6124993Z,0
5.00569,100.5503429,Daerah: Perak<br>No:3110<br>Hex coord:(14;60),n/a,3 ,0,0,0,0,0,1,2022-04-23T04:43:12.3486085Z,0
4.99791,100.5638896,Daerah: Perak<br>No:3111<br>Hex coord:(15;60),n/a,1 ,0,0,0,0,0,1,2022-04-23T04:43:13.0834641Z,0
5.00569,100.5774363,Daerah: Perak<br>No:3112<br>Hex coord:(16;60),n/a,0,0,0,0,0,0,1,2022-04-23T04:43:13.8095816Z,0
4.99791,100.590983,Daerah: Perak<br>No:3113<br>Hex coord:(17;60),n/a,0,0,0,0,0,0,1,2022-04-23T04:43:14.5595456Z,0
5.00569,100.6045297,Daerah: Perak<br>No:3114<br>Hex coord:(18;60),n/a,0,0,0,0,0,0,1,2022-04-23T04:43:15.2995178Z,0
4.99791,100.6180764,Daerah: Perak<br>No:3115<br>Hex coord:(19;60),n/a,0,0,0,0,0,0,1,2022-04-23T04:43:16.0398623Z,0
5.00569,100.6316231,Daerah: Perak<br>No:3116<br>Hex coord:(20;60),n/a,0,0,0,0,0,0,1,2022-04-23T04:43:16.7726403Z,0
4.99791,100.6451698,Daerah: Perak<br>No:3117<br>Hex coord:(21;60),n/a,0,0,0,0,0,0,1,2022-04-23T04:43:17.5025923Z,0
5.00569,100.6587165,Daerah: Perak<br>No:3118<br>Hex coord:(22;60),n/a,0,0,0,0,0,0,1,2022-04-23T04:43:18.2299072Z,0
4.99791,100.6722632,Daerah: Perak<br>No:3119<br>Hex coord:(23;60),n/a,0,0,0,0,0,0,1,2022-04-23T04:43:18.9521607Z,0
5.00569,100.6858099,Daerah: Perak<br>No:3120<br>Hex coord:(24;60),n/a,0,0,0,0,0,0,1,2022-04-23T04:43:19.7012088Z,0
4.99791,100.6993566,Daerah: Perak<br>No:3121<br>Hex coord:(25;60),n/a,0,0,0,0,0,0,1,2022-04-23T04:43:20.4342146Z,0
5.00569,100.7129033,Daerah: Perak<br>No:3122<br>Hex coord:(26;60),n/a,0,0,0,0,0,0,1,2022-04-23T04:43:21.1733041Z,0
4.99791,100.72645,Daerah: Perak<br>No:3123<br>Hex coord:(27;60),n/a,0,0,0,0,0,0,1,2022-04-23T04:43:21.9093136Z,0
5.00569,100.7399968,Daerah: Perak<br>No:3124<br>Hex coord:(28;60),n/a,0,0,0,0,0,0,1,2022-04-23T04:43:22.8328263Z,0
4.99791,100.7535435,Daerah: Perak<br>No:3125<br>Hex coord:(29;60),n/a,0,0,0,0,0,0,1,2022-04-23T04:43:23.6825633Z,0
5.00569,100.7670902,Daerah: Perak<br>No:3126<br>Hex coord:(30;60),n/a,0,0,0,0,0,0,1,2022-04-23T04:43:24.4201443Z,0
4.99791,100.7806369,Daerah: Perak<br>No:3127<br>Hex coord:(31;60),n/a,0,0,0,0,0,0,1,2022-04-23T04:43:25.1529692Z,0
5.00569,100.7941836,Daerah: Perak<br>No:3128<br>Hex coord:(32;60),n/a,0,0,0,0,0,0,1,2022-04-23T04:43:25.8833514Z,0
4.99791,100.8077303,Daerah: Perak<br>No:3129<br>Hex coord:(33;60),n/a,1 ,0,0,0,0,0,1,2022-04-23T04:43:26.5986684Z,0
5.00569,100.821277,Daerah: Perak<br>No:3130<br>Hex coord:(34;60),n/a,0,0,0,0,0,0,1,2022-04-23T04:43:27.3336404Z,0
4.99791,100.8348237,Daerah: Perak<br>No:3131<br>Hex coord:(35;60),n/a,0,0,0,0,0,0,1,2022-04-23T04:43:28.2032509Z,0
5.00569,100.8483704,Daerah: Perak<br>No:3132<br>Hex coord:(36;60),n/a,0,0,0,0,0,0,1,2022-04-23T04:43:28.9471626Z,0
4.99791,100.8619171,Daerah: Perak<br>No:3133<br>Hex coord:(37;60),n/a,0,0,0,0,0,0,1,2022-04-23T04:43:29.6819048Z,0
5.00569,100.8754638,Daerah: Perak<br>No:3134<br>Hex coord:(38;60),n/a,0,0,0,0,0,0,1,2022-04-23T04:43:30.4609369Z,0
4.99791,100.8890105,Daerah: Perak<br>No:3135<br>Hex coord:(39;60),n/a,0,0,0,0,0,0,1,2022-04-23T04:43:31.2375609Z,0
5.00569,100.9025572,Daerah: Perak<br>No:3136<br>Hex coord:(40;60),n/a,0,0,0,0,0,0,1,2022-04-23T04:43:32.8370440Z,0
4.99791,100.9161039,Daerah: Perak<br>No:3137<br>Hex coord:(41;60),n/a,0,0,0,0,0,0,1,2022-04-23T04:43:34.1393685Z,0
5.00569,100.9296506,Daerah: Perak<br>No:3138<br>Hex coord:(42;60),n/a,1 ,0,0,0,0,0,1,2022-04-23T04:43:34.8737293Z,0
4.99791,100.9431973,Daerah: Perak<br>No:3139<br>Hex coord:(43;60),n/a,1 ,0,0,0,0,0,1,2022-04-23T04:43:35.5980668Z,0
5.00569,100.956744,Daerah: Perak<br>No:3140<br>Hex coord:(44;60),n/a,1 ,0,0,0,0,0,1,2022-04-23T04:43:36.3418849Z,0
4.99791,100.9702907,Daerah: Perak<br>No:3141<br>Hex coord:(45;60),n/a,1 ,0,0,0,0,0,1,2022-04-23T04:43:37.1572178Z,0
5.00569,100.9838374,Daerah: Perak<br>No:3142<br>Hex coord:(46;60),n/a,0,0,0,0,0,0,1,2022-04-23T04:43:37.8771843Z,0
4.99791,100.9973842,Daerah: Perak<br>No:3143<br>Hex coord:(47;60),n/a,0,0,0,0,0,0,1,2022-04-23T04:43:38.5936702Z,0
5.00569,101.0109309,Daerah: Perak<br>No:3144<br>Hex coord:(48;60),n/a,0,0,0,0,0,0,1,2022-04-23T04:43:39.3432638Z,0
4.99791,101.0244776,Daerah: Perak<br>No:3145<br>Hex coord:(49;60),n/a,0,0,0,0,0,0,1,2022-04-23T04:43:40.2056003Z,0
5.00569,101.0380243,Daerah: Perak<br>No:3146<br>Hex coord:(50;60),n/a,0,0,0,0,0,0,1,2022-04-23T04:43:40.9637420Z,0
4.99791,101.051571,Daerah: Perak<br>No:3147<br>Hex coord:(51;60),n/a,0,0,0,0,0,0,1,2022-04-23T04:43:41.6807617Z,0
5.00569,101.0651177,Daerah: Perak<br>No:3148<br>Hex coord:(52;60),n/a,0,0,0,0,0,0,1,2022-04-23T04:43:42.4430479Z,0
4.99791,101.0786644,Daerah: Perak<br>No:3149<br>Hex coord:(53;60),n/a,0,0,0,0,0,0,1,2022-04-23T04:43:43.1741163Z,0
5.00569,101.0922111,Daerah: Perak<br>No:3150<br>Hex coord:(54;60),n/a,0,0,0,0,0,0,1,2022-04-23T04:43:43.8976948Z,0
4.99791,101.1057578,Daerah: Perak<br>No:3151<br>Hex coord:(55;60),n/a,0,0,0,0,0,0,1,2022-04-23T04:43:44.6148597Z,0
5.00569,101.1193045,Daerah: Perak<br>No:3152<br>Hex coord:(56;60),n/a,0,0,0,0,0,0,1,2022-04-23T04:43:45.3372226Z,0
4.99791,101.1328512,Daerah: Perak<br>No:3153<br>Hex coord:(57;60),n/a,10 ,0,0,0,0,0,1,2022-04-23T04:43:46.0678476Z,0
5.00569,101.1463979,Daerah: Perak<br>No:3154<br>Hex coord:(58;60),n/a,0,0,0,0,0,0,1,2022-04-23T04:43:46.8082290Z,0
4.99791,101.1599446,Daerah: Perak<br>No:3155<br>Hex coord:(59;60),n/a,0,0,0,0,0,0,1,2022-04-23T04:43:47.5499390Z,0
5.00569,101.1734913,Daerah: Perak<br>No:3156<br>Hex coord:(60;60),n/a,0,0,0,0,0,0,1,2022-04-23T04:43:48.2766030Z,0
4.99791,101.187038,Daerah: Perak<br>No:3157<br>Hex coord:(61;60),n/a,0,0,0,0,0,0,1,2022-04-23T04:43:49.0001462Z,0
5.00569,101.2005847,Daerah: Perak<br>No:3158<br>Hex coord:(62;60),n/a,0,0,0,0,0,0,1,2022-04-23T04:43:49.7279386Z,0
4.99791,101.2141314,Daerah: Perak<br>No:3159<br>Hex coord:(63;60),n/a,0,0,0,0,0,0,1,2022-04-23T04:43:50.4681687Z,0
5.00569,101.2276781,Daerah: Perak<br>No:3160<br>Hex coord:(64;60),n/a,0,0,0,0,0,0,1,2022-04-23T04:43:51.2073316Z,0
4.99791,101.2412249,Daerah: Perak<br>No:3161<br>Hex coord:(65;60),n/a,0,0,0,0,0,0,1,2022-04-23T04:43:51.9437384Z,0
5.00569,101.2547716,Daerah: Perak<br>No:3162<br>Hex coord:(66;60),n/a,0,0,0,0,0,0,1,2022-04-23T04:43:52.7121897Z,0
4.99791,101.2683183,Daerah: Perak<br>No:3163<br>Hex coord:(67;60),n/a,0,0,0,0,0,0,1,2022-04-23T04:43:53.4343433Z,0
5.00569,101.281865,Daerah: Perak<br>No:3164<br>Hex coord:(68;60),n/a,0,0,0,0,0,0,1,2022-04-23T04:43:54.1833768Z,0
4.99791,101.2954117,Daerah: Perak<br>No:3165<br>Hex coord:(69;60),n/a,0,0,0,0,0,0,1,2022-04-23T04:43:54.9250079Z,0
5.00569,101.3089584,Daerah: Perak<br>No:3166<br>Hex coord:(70;60),n/a,0,0,0,0,0,0,1,2022-04-23T04:43:55.6636791Z,0
4.99791,101.3225051,Daerah: Perak<br>No:3167<br>Hex coord:(71;60),n/a,0,0,0,0,0,0,1,2022-04-23T04:43:56.4020540Z,0
5.00569,101.3360518,Daerah: Perak<br>No:3168<br>Hex coord:(72;60),n/a,0,0,0,0,0,0,1,2022-04-23T04:43:57.1419826Z,0
4.99791,101.3495985,Daerah: Perak<br>No:3169<br>Hex coord:(73;60),n/a,0,0,0,0,0,0,1,2022-04-23T04:43:57.8613793Z,0
5.00569,101.3631452,Daerah: Perak<br>No:3170<br>Hex coord:(74;60),n/a,0,0,0,0,0,0,1,2022-04-23T04:43:58.6036394Z,0
4.99791,101.3766919,Daerah: Perak<br>No:3171<br>Hex coord:(75;60),n/a,0,0,0,0,0,0,1,2022-04-23T04:43:59.4659551Z,0
5.00569,101.3902386,Daerah: Perak<br>No:3172<br>Hex coord:(76;60),n/a,0,0,0,0,0,0,1,2022-04-23T04:44:00.5309598Z,0
4.99791,101.4037853,Daerah: Perak<br>No:3173<br>Hex coord:(77;60),n/a,0,0,0,0,0,0,1,2022-04-23T04:44:01.4933926Z,0
5.00569,101.417332,Daerah: Perak<br>No:3174<br>Hex coord:(78;60),n/a,0,0,0,0,0,0,1,2022-04-23T04:44:02.5578138Z,0
5.00569,101.4444254,Daerah: Perak<br>No:3175<br>Hex coord:(80;60),n/a,0,0,0,0,0,0,1,2022-04-23T04:44:03.3684395Z,0
4.98235,100.4284225,Daerah: Perak<br>No:3176<br>Hex coord:(5;61),n/a,0,0,0,0,0,0,1,2022-04-23T04:44:04.1193634Z,0
4.99013,100.4419692,Daerah: Perak<br>No:3177<br>Hex coord:(6;61),n/a,0,0,0,0,0,0,1,2022-04-23T04:44:04.9004874Z,0
4.98235,100.4555159,Daerah: Perak<br>No:3178<br>Hex coord:(7;61),n/a,0,0,0,0,0,0,1,2022-04-23T04:44:05.6461889Z,0
4.99013,100.4690626,Daerah: Perak<br>No:3179<br>Hex coord:(8;61),n/a,0,0,0,0,0,0,1,2022-04-23T04:44:06.3811135Z,0
4.98235,100.4826093,Daerah: Perak<br>No:3180<br>Hex coord:(9;61),n/a,0,0,0,0,0,0,1,2022-04-23T04:44:07.1068579Z,0
4.99013,100.4961561,Daerah: Perak<br>No:3181<br>Hex coord:(10;61),n/a,0,0,0,0,0,0,1,2022-04-23T04:44:07.8446587Z,0
4.98235,100.5097028,Daerah: Perak<br>No:3182<br>Hex coord:(11;61),n/a,0,0,0,0,0,0,1,2022-04-23T04:44:08.5956050Z,0
4.99013,100.5232495,Daerah: Perak<br>No:3183<br>Hex coord:(12;61),n/a,0,0,0,0,0,0,1,2022-04-23T04:44:09.4017679Z,0
4.98235,100.5367962,Daerah: Perak<br>No:3184<br>Hex coord:(13;61),n/a,0,0,0,0,0,0,1,2022-04-23T04:44:10.2778978Z,0
4.99013,100.5503429,Daerah: Perak<br>No:3185<br>Hex coord:(14;61),n/a,0,0,0,0,0,0,1,2022-04-23T04:44:11.0170574Z,0
4.98235,100.5638896,Daerah: Perak<br>No:3186<br>Hex coord:(15;61),n/a,0,0,0,0,0,0,1,2022-04-23T04:44:11.8066508Z,0
4.99013,100.5774363,Daerah: Perak<br>No:3187<br>Hex coord:(16;61),n/a,0,0,0,0,0,0,1,2022-04-23T04:44:12.6161032Z,0
4.98235,100.590983,Daerah: Perak<br>No:3188<br>Hex coord:(17;61),n/a,0,0,0,0,0,0,1,2022-04-23T04:44:13.3774273Z,0
4.99013,100.6045297,Daerah: Perak<br>No:3189<br>Hex coord:(18;61),n/a,0,0,0,0,0,0,1,2022-04-23T04:44:14.0958055Z,0
4.98235,100.6180764,Daerah: Perak<br>No:3190<br>Hex coord:(19;61),n/a,0,0,0,0,0,0,1,2022-04-23T04:44:14.8194593Z,0
4.99013,100.6316231,Daerah: Perak<br>No:3191<br>Hex coord:(20;61),n/a,0,0,0,0,0,0,1,2022-04-23T04:44:15.5537114Z,0
4.98235,100.6451698,Daerah: Perak<br>No:3192<br>Hex coord:(21;61),n/a,1 ,0,0,0,0,0,1,2022-04-23T04:44:16.3971002Z,0
4.99013,100.6587165,Daerah: Perak<br>No:3193<br>Hex coord:(22;61),n/a,1 ,0,0,0,0,0,1,2022-04-23T04:44:17.2144020Z,0
4.98235,100.6722632,Daerah: Perak<br>No:3194<br>Hex coord:(23;61),n/a,1 ,0,0,0,0,0,1,2022-04-23T04:44:18.0796906Z,0
4.99013,100.6858099,Daerah: Perak<br>No:3195<br>Hex coord:(24;61),n/a,35 ,0,0,0,0,0,1,2022-04-23T04:44:18.9040546Z,0
4.98235,100.6993566,Daerah: Perak<br>No:3196<br>Hex coord:(25;61),n/a,0,0,0,0,0,0,1,2022-04-23T04:44:19.6417680Z,0
4.99013,100.7129033,Daerah: Perak<br>No:3197<br>Hex coord:(26;61),n/a,0,0,0,0,0,0,1,2022-04-23T04:44:20.3781289Z,0
4.98235,100.72645,Daerah: Perak<br>No:3198<br>Hex coord:(27;61),n/a,0,0,0,0,0,0,1,2022-04-23T04:44:21.0992498Z,0
4.99013,100.7399968,Daerah: Perak<br>No:3199<br>Hex coord:(28;61),n/a,0,0,0,0,0,0,1,2022-04-23T04:44:21.8204827Z,0
4.98235,100.7535435,Daerah: Perak<br>No:3200<br>Hex coord:(29;61),n/a,0,0,0,0,0,0,1,2022-04-23T04:44:22.5445688Z,0
4.99013,100.7670902,Daerah: Perak<br>No:3201<br>Hex coord:(30;61),n/a,0,0,0,0,0,0,1,2022-04-23T04:44:23.2764305Z,0
4.98235,100.7806369,Daerah: Perak<br>No:3202<br>Hex coord:(31;61),n/a,0,0,0,0,0,0,1,2022-04-23T04:44:24.1447573Z,0
4.99013,100.7941836,Daerah: Perak<br>No:3203<br>Hex coord:(32;61),n/a,0,0,0,0,0,0,1,2022-04-23T04:44:24.9856748Z,0
4.98235,100.8077303,Daerah: Perak<br>No:3204<br>Hex coord:(33;61),n/a,0,0,0,0,0,0,1,2022-04-23T04:44:25.7065890Z,0
4.99013,100.821277,Daerah: Perak<br>No:3205<br>Hex coord:(34;61),n/a,0,0,0,0,0,0,1,2022-04-23T04:44:26.4790971Z,0
4.98235,100.8348237,Daerah: Perak<br>No:3206<br>Hex coord:(35;61),n/a,0,0,0,0,0,0,1,2022-04-23T04:44:27.3341932Z,0
4.99013,100.8483704,Daerah: Perak<br>No:3207<br>Hex coord:(36;61),n/a,0,0,0,0,0,0,1,2022-04-23T04:44:28.1782290Z,0
4.98235,100.8619171,Daerah: Perak<br>No:3208<br>Hex coord:(37;61),n/a,0,0,0,0,0,0,1,2022-04-23T04:44:28.9072504Z,0
4.99013,100.8754638,Daerah: Perak<br>No:3209<br>Hex coord:(38;61),n/a,0,0,0,0,0,0,1,2022-04-23T04:44:29.6274094Z,0
4.98235,100.8890105,Daerah: Perak<br>No:3210<br>Hex coord:(39;61),n/a,0,0,0,0,0,0,1,2022-04-23T04:44:30.3540171Z,0
4.99013,100.9025572,Daerah: Perak<br>No:3211<br>Hex coord:(40;61),n/a,0,0,0,0,0,0,1,2022-04-23T04:44:31.0844918Z,0
4.98235,100.9161039,Daerah: Perak<br>No:3212<br>Hex coord:(41;61),n/a,0,0,0,0,0,0,1,2022-04-23T04:44:32.8788973Z,0
4.99013,100.9296506,Daerah: Perak<br>No:3213<br>Hex coord:(42;61),n/a,0,0,0,0,0,0,1,2022-04-23T04:44:33.5957648Z,0
4.98235,100.9431973,Daerah: Perak<br>No:3214<br>Hex coord:(43;61),n/a,0,0,0,0,0,0,1,2022-04-23T04:44:34.3290896Z,0
4.99013,100.956744,Daerah: Perak<br>No:3215<br>Hex coord:(44;61),n/a,0,0,0,0,0,0,1,2022-04-23T04:44:35.0548372Z,0
4.98235,100.9702907,Daerah: Perak<br>No:3216<br>Hex coord:(45;61),n/a,0,0,0,0,0,0,1,2022-04-23T04:44:35.7804392Z,0
4.99013,100.9838374,Daerah: Perak<br>No:3217<br>Hex coord:(46;61),n/a,0,0,0,0,0,0,1,2022-04-23T04:44:36.5070869Z,0
4.98235,100.9973842,Daerah: Perak<br>No:3218<br>Hex coord:(47;61),n/a,0,0,0,0,0,0,1,2022-04-23T04:44:37.2448324Z,0
4.99013,101.0109309,Daerah: Perak<br>No:3219<br>Hex coord:(48;61),n/a,0,0,0,0,0,0,1,2022-04-23T04:44:37.9689440Z,0
4.98235,101.0244776,Daerah: Perak<br>No:3220<br>Hex coord:(49;61),n/a,0,0,0,0,0,0,1,2022-04-23T04:44:38.6919234Z,0
4.99013,101.0380243,Daerah: Perak<br>No:3221<br>Hex coord:(50;61),n/a,0,0,0,0,0,0,1,2022-04-23T04:44:39.4440472Z,0
4.98235,101.051571,Daerah: Perak<br>No:3222<br>Hex coord:(51;61),n/a,0,0,0,0,0,0,1,2022-04-23T04:44:40.1735086Z,0
4.99013,101.0651177,Daerah: Perak<br>No:3223<br>Hex coord:(52;61),n/a,0,0,0,0,0,0,1,2022-04-23T04:44:41.9100679Z,0
4.98235,101.0786644,Daerah: Perak<br>No:3224<br>Hex coord:(53;61),n/a,0,0,0,0,0,0,1,2022-04-23T04:44:42.9200074Z,0
4.99013,101.0922111,Daerah: Perak<br>No:3225<br>Hex coord:(54;61),n/a,0,0,0,0,0,0,1,2022-04-23T04:44:44.2673470Z,0
4.98235,101.1057578,Daerah: Perak<br>No:3226<br>Hex coord:(55;61),n/a,0,0,0,0,0,0,1,2022-04-23T04:44:44.9894181Z,0
4.99013,101.1193045,Daerah: Perak<br>No:3227<br>Hex coord:(56;61),n/a,0,0,0,0,0,0,1,2022-04-23T04:44:45.7214322Z,0
4.98235,101.1328512,Daerah: Perak<br>No:3228<br>Hex coord:(57;61),n/a,0,0,0,0,0,0,1,2022-04-23T04:44:46.4454086Z,0
4.99013,101.1463979,Daerah: Perak<br>No:3229<br>Hex coord:(58;61),n/a,10 ,0,0,0,0,0,1,2022-04-23T04:44:47.1807891Z,0
4.98235,101.1599446,Daerah: Perak<br>No:3230<br>Hex coord:(59;61),n/a,0,0,0,0,0,0,1,2022-04-23T04:44:47.9029658Z,0
4.99013,101.1734913,Daerah: Perak<br>No:3231<br>Hex coord:(60;61),n/a,0,0,0,0,0,0,1,2022-04-23T04:44:48.6232750Z,0
4.98235,101.187038,Daerah: Perak<br>No:3232<br>Hex coord:(61;61),n/a,0,0,0,0,0,0,1,2022-04-23T04:44:49.3570186Z,0
4.99013,101.2005847,Daerah: Perak<br>No:3233<br>Hex coord:(62;61),n/a,0,0,0,0,0,0,1,2022-04-23T04:44:50.0814145Z,0
4.98235,101.2141314,Daerah: Perak<br>No:3234<br>Hex coord:(63;61),n/a,0,0,0,0,0,0,1,2022-04-23T04:44:50.8080714Z,0
4.99013,101.2276781,Daerah: Perak<br>No:3235<br>Hex coord:(64;61),n/a,0,0,0,0,0,0,1,2022-04-23T04:44:51.5320173Z,0
4.98235,101.2412249,Daerah: Perak<br>No:3236<br>Hex coord:(65;61),n/a,0,0,0,0,0,0,1,2022-04-23T04:44:52.2631058Z,0
4.99013,101.2547716,Daerah: Perak<br>No:3237<br>Hex coord:(66;61),n/a,0,0,0,0,0,0,1,2022-04-23T04:44:52.9888077Z,0
4.98235,101.2683183,Daerah: Perak<br>No:3238<br>Hex coord:(67;61),n/a,0,0,0,0,0,0,1,2022-04-23T04:44:53.7120086Z,0
4.99013,101.281865,Daerah: Perak<br>No:3239<br>Hex coord:(68;61),n/a,0,0,0,0,0,0,1,2022-04-23T04:44:54.4370315Z,0
4.98235,101.2954117,Daerah: Perak<br>No:3240<br>Hex coord:(69;61),n/a,0,0,0,0,0,0,1,2022-04-23T04:44:55.1591974Z,0
4.99013,101.3089584,Daerah: Perak<br>No:3241<br>Hex coord:(70;61),n/a,0,0,0,0,0,0,1,2022-04-23T04:44:55.9053229Z,0
4.98235,101.3225051,Daerah: Perak<br>No:3242<br>Hex coord:(71;61),n/a,0,0,0,0,0,0,1,2022-04-23T04:44:56.6464830Z,0
4.99013,101.3360518,Daerah: Perak<br>No:3243<br>Hex coord:(72;61),n/a,0,0,0,0,0,0,1,2022-04-23T04:44:57.3787728Z,0
4.98235,101.3495985,Daerah: Perak<br>No:3244<br>Hex coord:(73;61),n/a,0,0,0,0,0,0,1,2022-04-23T04:44:58.0986865Z,0
4.99013,101.3631452,Daerah: Perak<br>No:3245<br>Hex coord:(74;61),n/a,0,0,0,0,0,0,1,2022-04-23T04:44:58.8298040Z,0
4.98235,101.3766919,Daerah: Perak<br>No:3246<br>Hex coord:(75;61),n/a,0,0,0,0,0,0,1,2022-04-23T04:44:59.5447938Z,0
4.99013,101.3902386,Daerah: Perak<br>No:3247<br>Hex coord:(76;61),n/a,0,0,0,0,0,0,1,2022-04-23T04:45:00.3097871Z,0
4.98235,101.4037853,Daerah: Perak<br>No:3248<br>Hex coord:(77;61),n/a,0,0,0,0,0,0,1,2022-04-23T04:45:01.0566174Z,0
4.99013,101.417332,Daerah: Perak<br>No:3249<br>Hex coord:(78;61),n/a,0,0,0,0,0,0,1,2022-04-23T04:45:01.7927798Z,0
4.96679,100.4284225,Daerah: Perak<br>No:3250<br>Hex coord:(5;62),n/a,0,0,0,0,0,0,1,2022-04-23T04:45:02.5168261Z,0
4.97457,100.4419692,Daerah: Perak<br>No:3251<br>Hex coord:(6;62),n/a,0,0,0,0,0,0,1,2022-04-23T04:45:03.2501796Z,0
4.96679,100.4555159,Daerah: Perak<br>No:3252<br>Hex coord:(7;62),n/a,0,0,0,0,0,0,1,2022-04-23T04:45:03.9812897Z,0
4.97457,100.4690626,Daerah: Perak<br>No:3253<br>Hex coord:(8;62),n/a,0,0,0,0,0,0,1,2022-04-23T04:45:04.7179030Z,0
4.96679,100.4826093,Daerah: Perak<br>No:3254<br>Hex coord:(9;62),n/a,0,0,0,0,0,0,1,2022-04-23T04:45:05.4635142Z,0
4.97457,100.4961561,Daerah: Perak<br>No:3255<br>Hex coord:(10;62),n/a,0,0,0,0,0,0,1,2022-04-23T04:45:06.2094265Z,0
4.96679,100.5097028,Daerah: Perak<br>No:3256<br>Hex coord:(11;62),n/a,0,0,0,0,0,0,1,2022-04-23T04:45:06.9672247Z,0
4.97457,100.5232495,Daerah: Perak<br>No:3257<br>Hex coord:(12;62),n/a,0,0,0,0,0,0,1,2022-04-23T04:45:07.6928188Z,0
4.96679,100.5367962,Daerah: Perak<br>No:3258<br>Hex coord:(13;62),n/a,0,0,0,0,0,0,1,2022-04-23T04:45:08.5899432Z,0
4.97457,100.5503429,Daerah: Perak<br>No:3259<br>Hex coord:(14;62),n/a,1 ,0,0,0,0,0,1,2022-04-23T04:45:09.3954041Z,0
4.96679,100.5638896,Daerah: Perak<br>No:3260<br>Hex coord:(15;62),n/a,0,0,0,0,0,0,1,2022-04-23T04:45:10.1221997Z,0
4.97457,100.5774363,Daerah: Perak<br>No:3261<br>Hex coord:(16;62),n/a,1 ,0,0,0,0,0,1,2022-04-23T04:45:10.8552692Z,0
4.96679,100.590983,Daerah: Perak<br>No:3262<br>Hex coord:(17;62),n/a,0,0,0,0,0,0,1,2022-04-23T04:45:11.6005088Z,0
4.97457,100.6045297,Daerah: Perak<br>No:3263<br>Hex coord:(18;62),n/a,0,0,0,0,0,0,1,2022-04-23T04:45:12.3281575Z,0
4.96679,100.6180764,Daerah: Perak<br>No:3264<br>Hex coord:(19;62),n/a,0,0,0,0,0,0,1,2022-04-23T04:45:13.0545952Z,0
4.97457,100.6316231,Daerah: Perak<br>No:3265<br>Hex coord:(20;62),n/a,0,0,0,0,0,0,1,2022-04-23T04:45:13.9113333Z,0
4.96679,100.6451698,Daerah: Perak<br>No:3266<br>Hex coord:(21;62),n/a,2 ,0,0,0,0,0,1,2022-04-23T04:45:14.8181100Z,0
4.97457,100.6587165,Daerah: Perak<br>No:3267<br>Hex coord:(22;62),n/a,0,0,0,0,0,0,1,2022-04-23T04:45:15.5632991Z,0
4.96679,100.6722632,Daerah: Perak<br>No:3268<br>Hex coord:(23;62),n/a,0,0,0,0,0,0,1,2022-04-23T04:45:16.3263554Z,0
4.97457,100.6858099,Daerah: Perak<br>No:3269<br>Hex coord:(24;62),n/a,0,0,0,0,0,0,1,2022-04-23T04:45:17.0605538Z,0
4.96679,100.6993566,Daerah: Perak<br>No:3270<br>Hex coord:(25;62),n/a,0,0,0,0,0,0,1,2022-04-23T04:45:17.8520529Z,0
4.97457,100.7129033,Daerah: Perak<br>No:3271<br>Hex coord:(26;62),n/a,0,0,0,0,0,0,1,2022-04-23T04:45:18.6288585Z,0
4.96679,100.72645,Daerah: Perak<br>No:3272<br>Hex coord:(27;62),n/a,0,0,0,0,0,0,1,2022-04-23T04:45:19.5234986Z,0
4.97457,100.7399968,Daerah: Perak<br>No:3273<br>Hex coord:(28;62),n/a,0,0,0,0,0,0,1,2022-04-23T04:45:20.2907761Z,0
4.96679,100.7535435,Daerah: Perak<br>No:3274<br>Hex coord:(29;62),n/a,0,0,0,0,0,0,1,2022-04-23T04:45:21.0954834Z,0
4.97457,100.7670902,Daerah: Perak<br>No:3275<br>Hex coord:(30;62),n/a,0,0,0,0,0,0,1,2022-04-23T04:45:21.8343500Z,0
4.96679,100.7806369,Daerah: Perak<br>No:3276<br>Hex coord:(31;62),n/a,0,0,0,0,0,0,1,2022-04-23T04:45:22.5784181Z,0
4.97457,100.7941836,Daerah: Perak<br>No:3277<br>Hex coord:(32;62),n/a,0,0,0,0,0,0,1,2022-04-23T04:45:23.6737269Z,0
4.96679,100.8077303,Daerah: Perak<br>No:3278<br>Hex coord:(33;62),n/a,2 ,0,0,0,0,0,1,2022-04-23T04:45:24.5071054Z,0
4.97457,100.821277,Daerah: Perak<br>No:3279<br>Hex coord:(34;62),n/a,0,0,0,0,0,0,1,2022-04-23T04:45:25.3785952Z,0
4.96679,100.8348237,Daerah: Perak<br>No:3280<br>Hex coord:(35;62),n/a,0,0,0,0,0,0,1,2022-04-23T04:45:26.1124684Z,0
4.97457,100.8483704,Daerah: Perak<br>No:3281<br>Hex coord:(36;62),n/a,0,0,0,0,0,0,1,2022-04-23T04:45:26.8369409Z,0
4.96679,100.8619171,Daerah: Perak<br>No:3282<br>Hex coord:(37;62),n/a,0,0,0,0,0,0,1,2022-04-23T04:45:27.5649377Z,0
4.97457,100.8754638,Daerah: Perak<br>No:3283<br>Hex coord:(38;62),n/a,0,0,0,0,0,0,1,2022-04-23T04:45:28.2950391Z,0
4.96679,100.8890105,Daerah: Perak<br>No:3284<br>Hex coord:(39;62),n/a,0,0,0,0,0,0,1,2022-04-23T04:45:29.0365124Z,0
4.97457,100.9025572,Daerah: Perak<br>No:3285<br>Hex coord:(40;62),n/a,0,0,0,0,0,0,1,2022-04-23T04:45:29.7597286Z,0
4.96679,100.9161039,Daerah: Perak<br>No:3286<br>Hex coord:(41;62),n/a,0,0,0,0,0,0,1,2022-04-23T04:45:30.4876077Z,0
4.97457,100.9296506,Daerah: Perak<br>No:3287<br>Hex coord:(42;62),n/a,0,0,0,0,0,0,1,2022-04-23T04:45:31.2120131Z,0
4.96679,100.9431973,Daerah: Perak<br>No:3288<br>Hex coord:(43;62),n/a,0,0,0,0,0,0,1,2022-04-23T04:45:31.9424733Z,0
4.97457,100.956744,Daerah: Perak<br>No:3289<br>Hex coord:(44;62),n/a,0,0,0,0,0,0,1,2022-04-23T04:45:32.6715573Z,0
4.96679,100.9702907,Daerah: Perak<br>No:3290<br>Hex coord:(45;62),n/a,0,0,0,0,0,0,1,2022-04-23T04:45:33.4228228Z,0
4.97457,100.9838374,Daerah: Perak<br>No:3291<br>Hex coord:(46;62),n/a,0,0,0,0,0,0,1,2022-04-23T04:45:34.1589974Z,0
4.96679,100.9973842,Daerah: Perak<br>No:3292<br>Hex coord:(47;62),n/a,0,0,0,0,0,0,1,2022-04-23T04:45:34.8831889Z,0
4.97457,101.0109309,Daerah: Perak<br>No:3293<br>Hex coord:(48;62),n/a,0,0,0,0,0,0,1,2022-04-23T04:45:35.6124464Z,0
4.96679,101.0244776,Daerah: Perak<br>No:3294<br>Hex coord:(49;62),n/a,0,0,0,0,0,0,1,2022-04-23T04:45:36.3427780Z,0
4.97457,101.0380243,Daerah: Perak<br>No:3295<br>Hex coord:(50;62),n/a,0,0,0,0,0,0,1,2022-04-23T04:45:37.0636451Z,0
4.96679,101.051571,Daerah: Perak<br>No:3296<br>Hex coord:(51;62),n/a,0,0,0,0,0,0,1,2022-04-23T04:45:37.8089984Z,0
4.97457,101.0651177,Daerah: Perak<br>No:3297<br>Hex coord:(52;62),n/a,0,0,0,0,0,0,1,2022-04-23T04:45:38.5458839Z,0
4.96679,101.0786644,Daerah: Perak<br>No:3298<br>Hex coord:(53;62),n/a,0,0,0,0,0,0,1,2022-04-23T04:45:39.2762670Z,0
4.97457,101.0922111,Daerah: Perak<br>No:3299<br>Hex coord:(54;62),n/a,0,0,0,0,0,0,1,2022-04-23T04:45:40.0137999Z,0
4.96679,101.1057578,Daerah: Perak<br>No:3300<br>Hex coord:(55;62),n/a,0,0,0,0,0,0,1,2022-04-23T04:45:40.7502881Z,0
4.97457,101.1193045,Daerah: Perak<br>No:3301<br>Hex coord:(56;62),n/a,0,0,0,0,0,0,1,2022-04-23T04:45:41.4723349Z,0
4.96679,101.1328512,Daerah: Perak<br>No:3302<br>Hex coord:(57;62),n/a,0,0,0,0,0,0,1,2022-04-23T04:45:42.1960797Z,0
4.97457,101.1463979,Daerah: Perak<br>No:3303<br>Hex coord:(58;62),n/a,0,0,0,0,0,0,1,2022-04-23T04:45:42.9116087Z,0
4.96679,101.1599446,Daerah: Perak<br>No:3304<br>Hex coord:(59;62),n/a,0,0,0,0,0,0,1,2022-04-23T04:45:43.6324579Z,0
4.97457,101.1734913,Daerah: Perak<br>No:3305<br>Hex coord:(60;62),n/a,0,0,0,0,0,0,1,2022-04-23T04:45:44.3803753Z,0
4.96679,101.187038,Daerah: Perak<br>No:3306<br>Hex coord:(61;62),n/a,0,0,0,0,0,0,1,2022-04-23T04:45:45.1022823Z,0
4.97457,101.2005847,Daerah: Perak<br>No:3307<br>Hex coord:(62;62),n/a,0,0,0,0,0,0,1,2022-04-23T04:45:45.8389586Z,0
4.96679,101.2141314,Daerah: Perak<br>No:3308<br>Hex coord:(63;62),n/a,0,0,0,0,0,0,1,2022-04-23T04:45:46.5764211Z,0
4.97457,101.2276781,Daerah: Perak<br>No:3309<br>Hex coord:(64;62),n/a,0,0,0,0,0,0,1,2022-04-23T04:45:47.3199628Z,0
4.96679,101.2412249,Daerah: Perak<br>No:3310<br>Hex coord:(65;62),n/a,0,0,0,0,0,0,1,2022-04-23T04:45:48.0296520Z,0
4.97457,101.2547716,Daerah: Perak<br>No:3311<br>Hex coord:(66;62),n/a,0,0,0,0,0,0,1,2022-04-23T04:45:48.7693179Z,0
4.96679,101.2683183,Daerah: Perak<br>No:3312<br>Hex coord:(67;62),n/a,0,0,0,0,0,0,1,2022-04-23T04:45:49.4914480Z,0
4.97457,101.281865,Daerah: Perak<br>No:3313<br>Hex coord:(68;62),n/a,0,0,0,0,0,0,1,2022-04-23T04:45:50.2097956Z,0
4.96679,101.2954117,Daerah: Perak<br>No:3314<br>Hex coord:(69;62),n/a,0,0,0,0,0,0,1,2022-04-23T04:45:50.9424260Z,0
4.97457,101.3089584,Daerah: Perak<br>No:3315<br>Hex coord:(70;62),n/a,0,0,0,0,0,0,1,2022-04-23T04:45:51.6603796Z,0
4.96679,101.3225051,Daerah: Perak<br>No:3316<br>Hex coord:(71;62),n/a,0,0,0,0,0,0,1,2022-04-23T04:45:52.4200273Z,0
4.97457,101.3360518,Daerah: Perak<br>No:3317<br>Hex coord:(72;62),n/a,0,0,0,0,0,0,1,2022-04-23T04:45:53.1539549Z,0
4.96679,101.3495985,Daerah: Perak<br>No:3318<br>Hex coord:(73;62),n/a,0,0,0,0,0,0,1,2022-04-23T04:45:53.8784662Z,0
4.97457,101.3631452,Daerah: Perak<br>No:3319<br>Hex coord:(74;62),n/a,0,0,0,0,0,0,1,2022-04-23T04:45:54.5903048Z,0
4.96679,101.3766919,Daerah: Perak<br>No:3320<br>Hex coord:(75;62),n/a,0,0,0,0,0,0,1,2022-04-23T04:45:56.3627696Z,0
4.97457,101.3902386,Daerah: Perak<br>No:3321<br>Hex coord:(76;62),n/a,0,0,0,0,0,0,1,2022-04-23T04:45:57.1217047Z,0
4.96679,101.4037853,Daerah: Perak<br>No:3322<br>Hex coord:(77;62),n/a,0,0,0,0,0,0,1,2022-04-23T04:45:57.8628496Z,0
4.97457,101.417332,Daerah: Perak<br>No:3323<br>Hex coord:(78;62),n/a,0,0,0,0,0,0,1,2022-04-23T04:45:58.5729956Z,0
4.96679,101.4308787,Daerah: Perak<br>No:3324<br>Hex coord:(79;62),n/a,0,0,0,0,0,0,1,2022-04-23T04:45:59.4081353Z,0
4.95123,100.4284225,Daerah: Perak<br>No:3325<br>Hex coord:(5;63),n/a,0,0,0,0,0,0,1,2022-04-23T04:46:00.5034273Z,0
4.95901,100.4419692,Daerah: Perak<br>No:3326<br>Hex coord:(6;63),n/a,0,0,0,0,0,0,1,2022-04-23T04:46:01.2682184Z,0
4.95123,100.4555159,Daerah: Perak<br>No:3327<br>Hex coord:(7;63),n/a,0,0,0,0,0,0,1,2022-04-23T04:46:03.0057359Z,0
4.95901,100.4690626,Daerah: Perak<br>No:3328<br>Hex coord:(8;63),n/a,0,0,0,0,0,0,1,2022-04-23T04:46:03.7537196Z,0
4.95123,100.4826093,Daerah: Perak<br>No:3329<br>Hex coord:(9;63),n/a,0,0,0,0,0,0,1,2022-04-23T04:46:04.5428181Z,0
4.95901,100.4961561,Daerah: Perak<br>No:3330<br>Hex coord:(10;63),n/a,0,0,0,0,0,0,1,2022-04-23T04:46:05.2623647Z,0
4.95123,100.5097028,Daerah: Perak<br>No:3331<br>Hex coord:(11;63),n/a,0,0,0,0,0,0,1,2022-04-23T04:46:05.9806587Z,0
4.95901,100.5232495,Daerah: Perak<br>No:3332<br>Hex coord:(12;63),n/a,0,0,0,0,0,0,1,2022-04-23T04:46:06.7212977Z,0
4.95123,100.5367962,Daerah: Perak<br>No:3333<br>Hex coord:(13;63),n/a,0,0,0,0,0,0,1,2022-04-23T04:46:07.4430345Z,0
4.95901,100.5503429,Daerah: Perak<br>No:3334<br>Hex coord:(14;63),n/a,0,0,0,0,0,0,1,2022-04-23T04:46:08.1940149Z,0
4.95123,100.5638896,Daerah: Perak<br>No:3335<br>Hex coord:(15;63),n/a,0,0,0,0,0,0,1,2022-04-23T04:46:08.9204614Z,0
4.95901,100.5774363,Daerah: Perak<br>No:3336<br>Hex coord:(16;63),n/a,0,0,0,0,0,0,1,2022-04-23T04:46:09.6731599Z,0
4.95123,100.590983,Daerah: Perak<br>No:3337<br>Hex coord:(17;63),n/a,0,0,0,0,0,0,1,2022-04-23T04:46:10.4060022Z,0
4.95901,100.6045297,Daerah: Perak<br>No:3338<br>Hex coord:(18;63),n/a,1 ,0,0,0,0,0,1,2022-04-23T04:46:11.1268537Z,0
4.95123,100.6180764,Daerah: Perak<br>No:3339<br>Hex coord:(19;63),n/a,2 ,0,0,0,0,0,1,2022-04-23T04:46:11.8505310Z,0
4.95901,100.6316231,Daerah: Perak<br>No:3340<br>Hex coord:(20;63),n/a,2 ,0,0,0,0,0,1,2022-04-23T04:46:12.6615075Z,0
4.95123,100.6451698,Daerah: Perak<br>No:3341<br>Hex coord:(21;63),n/a,3 ,0,0,0,0,0,1,2022-04-23T04:46:13.3764085Z,0
4.95901,100.6587165,Daerah: Perak<br>No:3342<br>Hex coord:(22;63),n/a,6 ,0,0,0,0,0,1,2022-04-23T04:46:14.0937451Z,0
4.95123,100.6722632,Daerah: Perak<br>No:3343<br>Hex coord:(23;63),n/a,0,0,0,0,0,0,1,2022-04-23T04:46:14.8148750Z,0
4.95901,100.6858099,Daerah: Perak<br>No:3344<br>Hex coord:(24;63),n/a,0,0,0,0,0,0,1,2022-04-23T04:46:15.6666713Z,0
4.95123,100.6993566,Daerah: Perak<br>No:3345<br>Hex coord:(25;63),n/a,0,0,0,0,0,0,1,2022-04-23T04:46:16.4112897Z,0
4.95901,100.7129033,Daerah: Perak<br>No:3346<br>Hex coord:(26;63),n/a,0,0,0,0,0,0,1,2022-04-23T04:46:17.1424858Z,0
4.95123,100.72645,Daerah: Perak<br>No:3347<br>Hex coord:(27;63),n/a,2 ,0,0,0,0,0,1,2022-04-23T04:46:17.9125272Z,0
4.95901,100.7399968,Daerah: Perak<br>No:3348<br>Hex coord:(28;63),n/a,0,0,0,0,0,0,1,2022-04-23T04:46:18.6429061Z,0
4.95123,100.7535435,Daerah: Perak<br>No:3349<br>Hex coord:(29;63),n/a,0,0,0,0,0,0,1,2022-04-23T04:46:19.4031307Z,0
4.95901,100.7670902,Daerah: Perak<br>No:3350<br>Hex coord:(30;63),n/a,0,0,0,0,0,0,1,2022-04-23T04:46:20.1338404Z,0
4.95123,100.7806369,Daerah: Perak<br>No:3351<br>Hex coord:(31;63),n/a,0,0,0,0,0,0,1,2022-04-23T04:46:20.8556397Z,0
4.95901,100.7941836,Daerah: Perak<br>No:3352<br>Hex coord:(32;63),n/a,0,0,0,0,0,0,1,2022-04-23T04:46:21.5800003Z,0
4.95123,100.8077303,Daerah: Perak<br>No:3353<br>Hex coord:(33;63),n/a,0,0,0,0,0,0,1,2022-04-23T04:46:22.3068125Z,0
4.95901,100.821277,Daerah: Perak<br>No:3354<br>Hex coord:(34;63),n/a,0,0,0,0,0,0,1,2022-04-23T04:46:23.0404235Z,0
4.95123,100.8348237,Daerah: Perak<br>No:3355<br>Hex coord:(35;63),n/a,0,0,0,0,0,0,1,2022-04-23T04:46:23.7605094Z,0
4.95901,100.8483704,Daerah: Perak<br>No:3356<br>Hex coord:(36;63),n/a,0,0,0,0,0,0,1,2022-04-23T04:46:24.4939810Z,0
4.95123,100.8619171,Daerah: Perak<br>No:3357<br>Hex coord:(37;63),n/a,0,0,0,0,0,0,1,2022-04-23T04:46:25.2213110Z,0
4.95901,100.8754638,Daerah: Perak<br>No:3358<br>Hex coord:(38;63),n/a,0,0,0,0,0,0,1,2022-04-23T04:46:25.9571618Z,0
4.95123,100.8890105,Daerah: Perak<br>No:3359<br>Hex coord:(39;63),n/a,0,0,0,0,0,0,1,2022-04-23T04:46:26.7093816Z,0
4.95901,100.9025572,Daerah: Perak<br>No:3360<br>Hex coord:(40;63),n/a,0,0,0,0,0,0,1,2022-04-23T04:46:28.4278118Z,0
4.95123,100.9161039,Daerah: Perak<br>No:3361<br>Hex coord:(41;63),n/a,4 ,0,0,0,0,0,1,2022-04-23T04:46:29.1571025Z,0
4.95901,100.9296506,Daerah: Perak<br>No:3362<br>Hex coord:(42;63),n/a,2 ,0,0,0,0,0,1,2022-04-23T04:46:29.8826155Z,0
4.95123,100.9431973,Daerah: Perak<br>No:3363<br>Hex coord:(43;63),n/a,0,0,0,0,0,0,1,2022-04-23T04:46:30.6129043Z,0
4.95901,100.956744,Daerah: Perak<br>No:3364<br>Hex coord:(44;63),n/a,0,0,0,0,0,0,1,2022-04-23T04:46:31.3528723Z,0
4.95123,100.9702907,Daerah: Perak<br>No:3365<br>Hex coord:(45;63),n/a,0,0,0,0,0,0,1,2022-04-23T04:46:32.0809127Z,0
4.95901,100.9838374,Daerah: Perak<br>No:3366<br>Hex coord:(46;63),n/a,0,0,0,0,0,0,1,2022-04-23T04:46:32.9368717Z,0
4.95123,100.9973842,Daerah: Perak<br>No:3367<br>Hex coord:(47;63),n/a,0,0,0,0,0,0,1,2022-04-23T04:46:44.5314202Z,0
4.95901,101.0109309,Daerah: Perak<br>No:3368<br>Hex coord:(48;63),n/a,0,0,0,0,0,0,1,2022-04-23T04:46:45.2556304Z,0
4.95123,101.0244776,Daerah: Perak<br>No:3369<br>Hex coord:(49;63),n/a,0,0,0,0,0,0,1,2022-04-23T04:46:45.9823815Z,0
4.95901,101.0380243,Daerah: Perak<br>No:3370<br>Hex coord:(50;63),n/a,0,0,0,0,0,0,1,2022-04-23T04:46:46.7091164Z,0
4.95123,101.051571,Daerah: Perak<br>No:3371<br>Hex coord:(51;63),n/a,0,0,0,0,0,0,1,2022-04-23T04:46:47.4395623Z,0
4.95901,101.0651177,Daerah: Perak<br>No:3372<br>Hex coord:(52;63),n/a,0,0,0,0,0,0,1,2022-04-23T04:46:48.1651499Z,0
4.95123,101.0786644,Daerah: Perak<br>No:3373<br>Hex coord:(53;63),n/a,0,0,0,0,0,0,1,2022-04-23T04:46:48.8944263Z,0
4.95901,101.0922111,Daerah: Perak<br>No:3374<br>Hex coord:(54;63),n/a,0,0,0,0,0,0,1,2022-04-23T04:46:49.6475295Z,0
4.95123,101.1057578,Daerah: Perak<br>No:3375<br>Hex coord:(55;63),n/a,0,0,0,0,0,0,1,2022-04-23T04:46:50.3836190Z,0
4.95901,101.1193045,Daerah: Perak<br>No:3376<br>Hex coord:(56;63),n/a,1 ,0,0,0,0,0,1,2022-04-23T04:46:51.1069846Z,0
4.95123,101.1328512,Daerah: Perak<br>No:3377<br>Hex coord:(57;63),n/a,0,0,0,0,0,0,1,2022-04-23T04:46:51.8418163Z,0
4.95901,101.1463979,Daerah: Perak<br>No:3378<br>Hex coord:(58;63),n/a,0,0,0,0,0,0,1,2022-04-23T04:46:52.6571959Z,0
4.95123,101.1599446,Daerah: Perak<br>No:3379<br>Hex coord:(59;63),n/a,0,0,0,0,0,0,1,2022-04-23T04:46:53.3817968Z,0
4.95901,101.1734913,Daerah: Perak<br>No:3380<br>Hex coord:(60;63),n/a,0,0,0,0,0,0,1,2022-04-23T04:46:54.1230025Z,0
4.95123,101.187038,Daerah: Perak<br>No:3381<br>Hex coord:(61;63),n/a,0,0,0,0,0,0,1,2022-04-23T04:46:54.8448067Z,0
4.95901,101.2005847,Daerah: Perak<br>No:3382<br>Hex coord:(62;63),n/a,0,0,0,0,0,0,1,2022-04-23T04:46:55.5609417Z,0
4.95123,101.2141314,Daerah: Perak<br>No:3383<br>Hex coord:(63;63),n/a,0,0,0,0,0,0,1,2022-04-23T04:46:56.2937301Z,0
4.95901,101.2276781,Daerah: Perak<br>No:3384<br>Hex coord:(64;63),n/a,0,0,0,0,0,0,1,2022-04-23T04:46:57.0563038Z,0
4.95123,101.2412249,Daerah: Perak<br>No:3385<br>Hex coord:(65;63),n/a,0,0,0,0,0,0,1,2022-04-23T04:46:57.7831304Z,0
4.95901,101.2547716,Daerah: Perak<br>No:3386<br>Hex coord:(66;63),n/a,0,0,0,0,0,0,1,2022-04-23T04:46:58.5099159Z,0
4.95123,101.2683183,Daerah: Perak<br>No:3387<br>Hex coord:(67;63),n/a,0,0,0,0,0,0,1,2022-04-23T04:46:59.3249457Z,0
4.95901,101.281865,Daerah: Perak<br>No:3388<br>Hex coord:(68;63),n/a,0,0,0,0,0,0,1,2022-04-23T04:47:00.0786339Z,0
4.95123,101.2954117,Daerah: Perak<br>No:3389<br>Hex coord:(69;63),n/a,0,0,0,0,0,0,1,2022-04-23T04:47:00.9335418Z,0
4.95901,101.3089584,Daerah: Perak<br>No:3390<br>Hex coord:(70;63),n/a,0,0,0,0,0,0,1,2022-04-23T04:47:01.6720809Z,0
4.95123,101.3225051,Daerah: Perak<br>No:3391<br>Hex coord:(71;63),n/a,0,0,0,0,0,0,1,2022-04-23T04:47:02.4140316Z,0
4.95901,101.3360518,Daerah: Perak<br>No:3392<br>Hex coord:(72;63),n/a,0,0,0,0,0,0,1,2022-04-23T04:47:03.1340822Z,0
4.95123,101.3495985,Daerah: Perak<br>No:3393<br>Hex coord:(73;63),n/a,0,0,0,0,0,0,1,2022-04-23T04:47:03.9765513Z,0
4.95901,101.3631452,Daerah: Perak<br>No:3394<br>Hex coord:(74;63),n/a,0,0,0,0,0,0,1,2022-04-23T04:47:04.7106165Z,0
4.95123,101.3766919,Daerah: Perak<br>No:3395<br>Hex coord:(75;63),n/a,0,0,0,0,0,0,1,2022-04-23T04:47:05.4390541Z,0
4.95901,101.3902386,Daerah: Perak<br>No:3396<br>Hex coord:(76;63),n/a,0,0,0,0,0,0,1,2022-04-23T04:47:06.2717360Z,0
4.95123,101.4037853,Daerah: Perak<br>No:3397<br>Hex coord:(77;63),n/a,0,0,0,0,0,0,1,2022-04-23T04:47:07.4212861Z,0
4.95901,101.417332,Daerah: Perak<br>No:3398<br>Hex coord:(78;63),n/a,0,0,0,0,0,0,1,2022-04-23T04:47:09.1491194Z,0
4.95123,101.4308787,Daerah: Perak<br>No:3399<br>Hex coord:(79;63),n/a,0,0,0,0,0,0,1,2022-04-23T04:47:09.9770534Z,0
4.95901,101.4444254,Daerah: Perak<br>No:3400<br>Hex coord:(80;63),n/a,0,0,0,0,0,0,1,2022-04-23T04:47:10.6919832Z,0
4.94345,100.4419692,Daerah: Perak<br>No:3401<br>Hex coord:(6;64),n/a,0,0,0,0,0,0,1,2022-04-23T04:47:11.4164438Z,0
4.93567,100.4555159,Daerah: Perak<br>No:3402<br>Hex coord:(7;64),n/a,1 ,0,0,0,0,0,1,2022-04-23T04:47:12.1600624Z,0
4.94345,100.4690626,Daerah: Perak<br>No:3403<br>Hex coord:(8;64),n/a,0,0,0,0,0,0,1,2022-04-23T04:47:12.8940355Z,0
4.93567,100.4826093,Daerah: Perak<br>No:3404<br>Hex coord:(9;64),n/a,0,0,0,0,0,0,1,2022-04-23T04:47:13.6232762Z,0
4.94345,100.4961561,Daerah: Perak<br>No:3405<br>Hex coord:(10;64),n/a,0,0,0,0,0,0,1,2022-04-23T04:47:14.3607467Z,0
4.93567,100.5097028,Daerah: Perak<br>No:3406<br>Hex coord:(11;64),n/a,0,0,0,0,0,0,1,2022-04-23T04:47:16.0744748Z,0
4.94345,100.5232495,Daerah: Perak<br>No:3407<br>Hex coord:(12;64),n/a,0,0,0,0,0,0,1,2022-04-23T04:47:16.8077622Z,0
4.93567,100.5367962,Daerah: Perak<br>No:3408<br>Hex coord:(13;64),n/a,0,0,0,0,0,0,1,2022-04-23T04:47:17.5735206Z,0
4.94345,100.5503429,Daerah: Perak<br>No:3409<br>Hex coord:(14;64),n/a,0,0,0,0,0,0,1,2022-04-23T04:47:18.3172833Z,0
4.93567,100.5638896,Daerah: Perak<br>No:3410<br>Hex coord:(15;64),n/a,0,0,0,0,0,0,1,2022-04-23T04:47:19.0782408Z,0
4.94345,100.5774363,Daerah: Perak<br>No:3411<br>Hex coord:(16;64),n/a,0,0,0,0,0,0,1,2022-04-23T04:47:19.8047701Z,0
4.93567,100.590983,Daerah: Perak<br>No:3412<br>Hex coord:(17;64),n/a,0,0,0,0,0,0,1,2022-04-23T04:47:20.5208772Z,0
4.94345,100.6045297,Daerah: Perak<br>No:3413<br>Hex coord:(18;64),n/a,1 ,0,0,0,0,0,1,2022-04-23T04:47:21.2642885Z,0
4.93567,100.6180764,Daerah: Perak<br>No:3414<br>Hex coord:(19;64),n/a,0,0,0,0,0,0,1,2022-04-23T04:47:22.1079241Z,0
4.94345,100.6316231,Daerah: Perak<br>No:3415<br>Hex coord:(20;64),n/a,0,0,0,0,0,0,1,2022-04-23T04:47:22.9383646Z,0
4.93567,100.6451698,Daerah: Perak<br>No:3416<br>Hex coord:(21;64),n/a,1 ,0,0,0,0,0,1,2022-04-23T04:47:23.6580422Z,0
4.94345,100.6587165,Daerah: Perak<br>No:3417<br>Hex coord:(22;64),n/a,1 ,0,0,0,0,0,1,2022-04-23T04:47:25.3868443Z,0
4.93567,100.6722632,Daerah: Perak<br>No:3418<br>Hex coord:(23;64),n/a,0,0,0,0,0,0,1,2022-04-23T04:47:26.2376000Z,0
4.94345,100.6858099,Daerah: Perak<br>No:3419<br>Hex coord:(24;64),n/a,0,0,0,0,0,0,1,2022-04-23T04:47:26.9562250Z,0
4.93567,100.6993566,Daerah: Perak<br>No:3420<br>Hex coord:(25;64),n/a,0,0,0,0,0,0,1,2022-04-23T04:47:27.6662273Z,0
4.94345,100.7129033,Daerah: Perak<br>No:3421<br>Hex coord:(26;64),n/a,0,0,0,0,0,0,1,2022-04-23T04:47:28.3989922Z,0
4.93567,100.72645,Daerah: Perak<br>No:3422<br>Hex coord:(27;64),n/a,2 ,0,0,0,0,0,1,2022-04-23T04:47:29.1282308Z,0
4.94345,100.7399968,Daerah: Perak<br>No:3423<br>Hex coord:(28;64),n/a,0,0,0,0,0,0,1,2022-04-23T04:47:29.8526189Z,0
4.93567,100.7535435,Daerah: Perak<br>No:3424<br>Hex coord:(29;64),n/a,0,0,0,0,0,0,1,2022-04-23T04:47:30.5651692Z,0
4.94345,100.7670902,Daerah: Perak<br>No:3425<br>Hex coord:(30;64),n/a,0,0,0,0,0,0,1,2022-04-23T04:47:31.3041431Z,0
4.93567,100.7806369,Daerah: Perak<br>No:3426<br>Hex coord:(31;64),n/a,0,0,0,0,0,0,1,2022-04-23T04:47:32.0320996Z,0
4.94345,100.7941836,Daerah: Perak<br>No:3427<br>Hex coord:(32;64),n/a,0,0,0,0,0,0,1,2022-04-23T04:47:32.7611452Z,0
4.93567,100.8077303,Daerah: Perak<br>No:3428<br>Hex coord:(33;64),n/a,0,0,0,0,0,0,1,2022-04-23T04:47:33.4927612Z,0
4.94345,100.821277,Daerah: Perak<br>No:3429<br>Hex coord:(34;64),n/a,5 ,0,0,0,0,0,1,2022-04-23T04:47:34.2164976Z,0
4.93567,100.8348237,Daerah: Perak<br>No:3430<br>Hex coord:(35;64),n/a,0,0,0,0,0,0,1,2022-04-23T04:47:34.9463509Z,0
4.94345,100.8483704,Daerah: Perak<br>No:3431<br>Hex coord:(36;64),n/a,0,0,0,0,0,0,1,2022-04-23T04:47:35.6588870Z,0
4.93567,100.8619171,Daerah: Perak<br>No:3432<br>Hex coord:(37;64),n/a,0,0,0,0,0,0,1,2022-04-23T04:47:36.3833770Z,0
4.94345,100.8754638,Daerah: Perak<br>No:3433<br>Hex coord:(38;64),n/a,0,0,0,0,0,0,1,2022-04-23T04:47:37.0983587Z,0
4.93567,100.8890105,Daerah: Perak<br>No:3434<br>Hex coord:(39;64),n/a,0,0,0,0,0,0,1,2022-04-23T04:47:37.8250895Z,0
4.94345,100.9025572,Daerah: Perak<br>No:3435<br>Hex coord:(40;64),n/a,0,0,0,0,0,0,1,2022-04-23T04:47:38.5521229Z,0
4.93567,100.9161039,Daerah: Perak<br>No:3436<br>Hex coord:(41;64),n/a,2 ,0,0,0,0,0,1,2022-04-23T04:47:39.2764007Z,0
4.94345,100.9296506,Daerah: Perak<br>No:3437<br>Hex coord:(42;64),n/a,2 ,0,0,0,0,0,1,2022-04-23T04:47:40.0067630Z,0
4.93567,100.9431973,Daerah: Perak<br>No:3438<br>Hex coord:(43;64),n/a,5 ,0,0,0,0,0,1,2022-04-23T04:47:40.7360139Z,0
4.94345,100.956744,Daerah: Perak<br>No:3439<br>Hex coord:(44;64),n/a,0,0,0,0,0,0,1,2022-04-23T04:47:41.4568304Z,0
4.93567,100.9702907,Daerah: Perak<br>No:3440<br>Hex coord:(45;64),n/a,0,0,0,0,0,0,1,2022-04-23T04:47:42.1676824Z,0
4.94345,100.9838374,Daerah: Perak<br>No:3441<br>Hex coord:(46;64),n/a,0,0,0,0,0,0,1,2022-04-23T04:47:42.8998411Z,0
4.93567,100.9973842,Daerah: Perak<br>No:3442<br>Hex coord:(47;64),n/a,0,0,0,0,0,0,1,2022-04-23T04:47:43.6135585Z,0
4.94345,101.0109309,Daerah: Perak<br>No:3443<br>Hex coord:(48;64),n/a,0,0,0,0,0,0,1,2022-04-23T04:47:44.3749808Z,0
4.93567,101.0244776,Daerah: Perak<br>No:3444<br>Hex coord:(49;64),n/a,0,0,0,0,0,0,1,2022-04-23T04:47:45.1069357Z,0
4.94345,101.0380243,Daerah: Perak<br>No:3445<br>Hex coord:(50;64),n/a,0,0,0,0,0,0,1,2022-04-23T04:47:45.8380447Z,0
4.93567,101.051571,Daerah: Perak<br>No:3446<br>Hex coord:(51;64),n/a,0,0,0,0,0,0,1,2022-04-23T04:47:46.5912951Z,0
4.94345,101.0651177,Daerah: Perak<br>No:3447<br>Hex coord:(52;64),n/a,0,0,0,0,0,0,1,2022-04-23T04:47:47.3179980Z,0
4.93567,101.0786644,Daerah: Perak<br>No:3448<br>Hex coord:(53;64),n/a,0,0,0,0,0,0,1,2022-04-23T04:47:48.0463612Z,0
4.94345,101.0922111,Daerah: Perak<br>No:3449<br>Hex coord:(54;64),n/a,0,0,0,0,0,0,1,2022-04-23T04:47:48.7715966Z,0
4.93567,101.1057578,Daerah: Perak<br>No:3450<br>Hex coord:(55;64),n/a,1 ,0,0,0,0,0,1,2022-04-23T04:47:49.4912816Z,0
4.94345,101.1193045,Daerah: Perak<br>No:3451<br>Hex coord:(56;64),n/a,0,0,0,0,0,0,1,2022-04-23T04:47:50.2218049Z,0
4.93567,101.1328512,Daerah: Perak<br>No:3452<br>Hex coord:(57;64),n/a,0,0,0,0,0,0,1,2022-04-23T04:47:51.0630591Z,0
4.94345,101.1463979,Daerah: Perak<br>No:3453<br>Hex coord:(58;64),n/a,0,0,0,0,0,0,1,2022-04-23T04:47:51.7897937Z,0
4.93567,101.1599446,Daerah: Perak<br>No:3454<br>Hex coord:(59;64),n/a,0,0,0,0,0,0,1,2022-04-23T04:47:52.5166310Z,0
4.94345,101.1734913,Daerah: Perak<br>No:3455<br>Hex coord:(60;64),n/a,0,0,0,0,0,0,1,2022-04-23T04:47:53.2459213Z,0
4.93567,101.187038,Daerah: Perak<br>No:3456<br>Hex coord:(61;64),n/a,0,0,0,0,0,0,1,2022-04-23T04:47:53.9730096Z,0
4.94345,101.2005847,Daerah: Perak<br>No:3457<br>Hex coord:(62;64),n/a,0,0,0,0,0,0,1,2022-04-23T04:47:54.6982643Z,0
4.93567,101.2141314,Daerah: Perak<br>No:3458<br>Hex coord:(63;64),n/a,0,0,0,0,0,0,1,2022-04-23T04:47:55.4281125Z,0
4.94345,101.2276781,Daerah: Perak<br>No:3459<br>Hex coord:(64;64),n/a,0,0,0,0,0,0,1,2022-04-23T04:47:56.1483447Z,0
4.93567,101.2412249,Daerah: Perak<br>No:3460<br>Hex coord:(65;64),n/a,0,0,0,0,0,0,1,2022-04-23T04:47:56.8740033Z,0
4.94345,101.2547716,Daerah: Perak<br>No:3461<br>Hex coord:(66;64),n/a,0,0,0,0,0,0,1,2022-04-23T04:47:57.6022597Z,0
4.93567,101.2683183,Daerah: Perak<br>No:3462<br>Hex coord:(67;64),n/a,0,0,0,0,0,0,1,2022-04-23T04:47:58.3441197Z,0
4.94345,101.281865,Daerah: Perak<br>No:3463<br>Hex coord:(68;64),n/a,0,0,0,0,0,0,1,2022-04-23T04:48:00.1115195Z,0
4.93567,101.2954117,Daerah: Perak<br>No:3464<br>Hex coord:(69;64),n/a,0,0,0,0,0,0,1,2022-04-23T04:48:00.8859708Z,0
4.94345,101.3089584,Daerah: Perak<br>No:3465<br>Hex coord:(70;64),n/a,0,0,0,0,0,0,1,2022-04-23T04:48:01.6098174Z,0
4.93567,101.3225051,Daerah: Perak<br>No:3466<br>Hex coord:(71;64),n/a,0,0,0,0,0,0,1,2022-04-23T04:48:02.3371879Z,0
4.94345,101.3360518,Daerah: Perak<br>No:3467<br>Hex coord:(72;64),n/a,0,0,0,0,0,0,1,2022-04-23T04:48:03.2014434Z,0
4.93567,101.3495985,Daerah: Perak<br>No:3468<br>Hex coord:(73;64),n/a,0,0,0,0,0,0,1,2022-04-23T04:48:04.0305854Z,0
4.94345,101.3631452,Daerah: Perak<br>No:3469<br>Hex coord:(74;64),n/a,0,0,0,0,0,0,1,2022-04-23T04:48:04.8001140Z,0
4.93567,101.3766919,Daerah: Perak<br>No:3470<br>Hex coord:(75;64),n/a,0,0,0,0,0,0,1,2022-04-23T04:48:05.5246616Z,0
4.94345,101.3902386,Daerah: Perak<br>No:3471<br>Hex coord:(76;64),n/a,0,0,0,0,0,0,1,2022-04-23T04:48:06.2549897Z,0
4.93567,101.4037853,Daerah: Perak<br>No:3472<br>Hex coord:(77;64),n/a,0,0,0,0,0,0,1,2022-04-23T04:48:07.0140133Z,0
4.94345,101.417332,Daerah: Perak<br>No:3473<br>Hex coord:(78;64),n/a,0,0,0,0,0,0,1,2022-04-23T04:48:07.7579765Z,0
4.93567,101.4308787,Daerah: Perak<br>No:3474<br>Hex coord:(79;64),n/a,0,0,0,0,0,0,1,2022-04-23T04:48:08.5418011Z,0
4.94345,101.4444254,Daerah: Perak<br>No:3475<br>Hex coord:(80;64),n/a,0,0,0,0,0,0,1,2022-04-23T04:48:09.4339273Z,0
4.92789,100.4419692,Daerah: Perak<br>No:3476<br>Hex coord:(6;65),n/a,0,0,0,0,0,0,1,2022-04-23T04:48:10.2006161Z,0
4.92011,100.4555159,Daerah: Perak<br>No:3477<br>Hex coord:(7;65),n/a,0,0,0,0,0,0,1,2022-04-23T04:48:10.9792848Z,0
4.92789,100.4961561,Daerah: Perak<br>No:3478<br>Hex coord:(10;65),n/a,0,0,0,0,0,0,1,2022-04-23T04:48:11.7811319Z,0
4.92011,100.5097028,Daerah: Perak<br>No:3479<br>Hex coord:(11;65),n/a,0,0,0,0,0,0,1,2022-04-23T04:48:12.5582385Z,0
4.92789,100.5232495,Daerah: Perak<br>No:3480<br>Hex coord:(12;65),n/a,0,0,0,0,0,0,1,2022-04-23T04:48:14.3917545Z,0
4.92011,100.5367962,Daerah: Perak<br>No:3481<br>Hex coord:(13;65),n/a,0,0,0,0,0,0,1,2022-04-23T04:48:15.1828782Z,0
4.92789,100.5503429,Daerah: Perak<br>No:3482<br>Hex coord:(14;65),n/a,0,0,0,0,0,0,1,2022-04-23T04:48:15.9573653Z,0
4.92011,100.5638896,Daerah: Perak<br>No:3483<br>Hex coord:(15;65),n/a,0,0,0,0,0,0,1,2022-04-23T04:48:16.7201302Z,0
4.92789,100.5774363,Daerah: Perak<br>No:3484<br>Hex coord:(16;65),n/a,0,0,0,0,0,0,1,2022-04-23T04:48:17.4813281Z,0
4.92011,100.590983,Daerah: Perak<br>No:3485<br>Hex coord:(17;65),n/a,0,0,0,0,0,0,1,2022-04-23T04:48:18.2725988Z,0
4.92789,100.6045297,Daerah: Perak<br>No:3486<br>Hex coord:(18;65),n/a,0,0,0,0,0,0,1,2022-04-23T04:48:19.0579745Z,0
4.92011,100.6180764,Daerah: Perak<br>No:3487<br>Hex coord:(19;65),n/a,0,0,0,0,0,0,1,2022-04-23T04:48:19.8293342Z,0
4.92789,100.6316231,Daerah: Perak<br>No:3488<br>Hex coord:(20;65),n/a,0,0,0,0,0,0,1,2022-04-23T04:48:20.6543991Z,0
4.92011,100.6451698,Daerah: Perak<br>No:3489<br>Hex coord:(21;65),n/a,0,0,0,0,0,0,1,2022-04-23T04:48:21.4133634Z,0
4.92789,100.6587165,Daerah: Perak<br>No:3490<br>Hex coord:(22;65),n/a,1 ,0,0,0,0,0,1,2022-04-23T04:48:22.2091359Z,0
4.92011,100.6722632,Daerah: Perak<br>No:3491<br>Hex coord:(23;65),n/a,0,0,0,0,0,0,1,2022-04-23T04:48:23.1432939Z,0
4.92789,100.6858099,Daerah: Perak<br>No:3492<br>Hex coord:(24;65),n/a,0,0,0,0,0,0,1,2022-04-23T04:48:23.9262352Z,0
4.92011,100.6993566,Daerah: Perak<br>No:3493<br>Hex coord:(25;65),n/a,0,0,0,0,0,0,1,2022-04-23T04:48:24.7558696Z,0
4.92789,100.7129033,Daerah: Perak<br>No:3494<br>Hex coord:(26;65),n/a,1 ,0,0,0,0,0,1,2022-04-23T04:48:25.5276794Z,0
4.92011,100.72645,Daerah: Perak<br>No:3495<br>Hex coord:(27;65),n/a,2 ,0,0,0,0,0,1,2022-04-23T04:48:26.3257881Z,0
4.92789,100.7399968,Daerah: Perak<br>No:3496<br>Hex coord:(28;65),n/a,0,0,0,0,0,0,1,2022-04-23T04:48:27.0946819Z,0
4.92011,100.7535435,Daerah: Perak<br>No:3497<br>Hex coord:(29;65),n/a,0,0,0,0,0,0,1,2022-04-23T04:48:27.9656127Z,0
4.92789,100.7670902,Daerah: Perak<br>No:3498<br>Hex coord:(30;65),n/a,0,0,0,0,0,0,1,2022-04-23T04:48:28.7448335Z,0
4.92011,100.7806369,Daerah: Perak<br>No:3499<br>Hex coord:(31;65),n/a,0,0,0,0,0,0,1,2022-04-23T04:48:29.4969929Z,0
4.92789,100.7941836,Daerah: Perak<br>No:3500<br>Hex coord:(32;65),n/a,0,0,0,0,0,0,1,2022-04-23T04:48:30.2984386Z,0
4.92011,100.8077303,Daerah: Perak<br>No:3501<br>Hex coord:(33;65),n/a,0,0,0,0,0,0,1,2022-04-23T04:48:31.0969533Z,0
4.92789,100.821277,Daerah: Perak<br>No:3502<br>Hex coord:(34;65),n/a,0,0,0,0,0,0,1,2022-04-23T04:48:31.8891235Z,0
4.92011,100.8348237,Daerah: Perak<br>No:3503<br>Hex coord:(35;65),n/a,1 ,0,0,0,0,0,1,2022-04-23T04:48:32.7650918Z,0
4.92789,100.8483704,Daerah: Perak<br>No:3504<br>Hex coord:(36;65),n/a,0,0,0,0,0,0,1,2022-04-23T04:48:33.6895068Z,0
4.92011,100.8619171,Daerah: Perak<br>No:3505<br>Hex coord:(37;65),n/a,0,0,0,0,0,0,1,2022-04-23T04:48:34.6370426Z,0
4.92789,100.8754638,Daerah: Perak<br>No:3506<br>Hex coord:(38;65),n/a,0,0,0,0,0,0,1,2022-04-23T04:48:35.5089176Z,0
4.92011,100.8890105,Daerah: Perak<br>No:3507<br>Hex coord:(39;65),n/a,0,0,0,0,0,0,1,2022-04-23T04:48:36.2357194Z,0
4.92789,100.9025572,Daerah: Perak<br>No:3508<br>Hex coord:(40;65),n/a,0,0,0,0,0,0,1,2022-04-23T04:48:37.6334087Z,0
4.92011,100.9161039,Daerah: Perak<br>No:3509<br>Hex coord:(41;65),n/a,0,0,0,0,0,0,1,2022-04-23T04:48:38.3626097Z,0
4.92789,100.9296506,Daerah: Perak<br>No:3510<br>Hex coord:(42;65),n/a,1 ,0,0,0,0,0,1,2022-04-23T04:48:39.0907922Z,0
4.92011,100.9431973,Daerah: Perak<br>No:3511<br>Hex coord:(43;65),n/a,0,0,0,0,0,0,1,2022-04-23T04:48:39.8222714Z,0
4.92789,100.956744,Daerah: Perak<br>No:3512<br>Hex coord:(44;65),n/a,0,0,0,0,0,0,1,2022-04-23T04:48:40.5586234Z,0
4.92011,100.9702907,Daerah: Perak<br>No:3513<br>Hex coord:(45;65),n/a,2 ,0,0,0,0,0,1,2022-04-23T04:48:41.2892994Z,0
4.92789,100.9838374,Daerah: Perak<br>No:3514<br>Hex coord:(46;65),n/a,0,0,0,0,0,0,1,2022-04-23T04:48:42.0181856Z,0
4.92011,100.9973842,Daerah: Perak<br>No:3515<br>Hex coord:(47;65),n/a,1 ,0,0,0,0,0,1,2022-04-23T04:48:42.7474344Z,0
4.92789,101.0109309,Daerah: Perak<br>No:3516<br>Hex coord:(48;65),n/a,0,0,0,0,0,0,1,2022-04-23T04:48:43.4837130Z,0
4.92011,101.0244776,Daerah: Perak<br>No:3517<br>Hex coord:(49;65),n/a,0,0,0,0,0,0,1,2022-04-23T04:48:44.2075988Z,0
4.92789,101.0380243,Daerah: Perak<br>No:3518<br>Hex coord:(50;65),n/a,0,0,0,0,0,0,1,2022-04-23T04:48:45.0052772Z,0
4.92011,101.051571,Daerah: Perak<br>No:3519<br>Hex coord:(51;65),n/a,1 ,0,0,0,0,0,1,2022-04-23T04:48:45.7225441Z,0
4.92789,101.0651177,Daerah: Perak<br>No:3520<br>Hex coord:(52;65),n/a,1 ,0,0,0,0,0,1,2022-04-23T04:48:47.4671030Z,0
4.92011,101.0786644,Daerah: Perak<br>No:3521<br>Hex coord:(53;65),n/a,0,0,0,0,0,0,1,2022-04-23T04:48:48.1962115Z,0
4.92789,101.0922111,Daerah: Perak<br>No:3522<br>Hex coord:(54;65),n/a,0,0,0,0,0,0,1,2022-04-23T04:48:48.9253207Z,0
4.92011,101.1057578,Daerah: Perak<br>No:3523<br>Hex coord:(55;65),n/a,0,0,0,0,0,0,1,2022-04-23T04:48:49.6581043Z,0
4.92789,101.1193045,Daerah: Perak<br>No:3524<br>Hex coord:(56;65),n/a,0,0,0,0,0,0,1,2022-04-23T04:48:50.5398458Z,0
4.92011,101.1328512,Daerah: Perak<br>No:3525<br>Hex coord:(57;65),n/a,0,0,0,0,0,0,1,2022-04-23T04:48:51.2607182Z,0
4.92789,101.1463979,Daerah: Perak<br>No:3526<br>Hex coord:(58;65),n/a,0,0,0,0,0,0,1,2022-04-23T04:48:51.9827638Z,0
4.92011,101.1599446,Daerah: Perak<br>No:3527<br>Hex coord:(59;65),n/a,0,0,0,0,0,0,1,2022-04-23T04:48:52.7095613Z,0
4.92789,101.1734913,Daerah: Perak<br>No:3528<br>Hex coord:(60;65),n/a,0,0,0,0,0,0,1,2022-04-23T04:48:53.4293012Z,0
4.92011,101.187038,Daerah: Perak<br>No:3529<br>Hex coord:(61;65),n/a,0,0,0,0,0,0,1,2022-04-23T04:48:54.1571570Z,0
4.92789,101.2005847,Daerah: Perak<br>No:3530<br>Hex coord:(62;65),n/a,0,0,0,0,0,0,1,2022-04-23T04:48:54.8912740Z,0
4.92011,101.2141314,Daerah: Perak<br>No:3531<br>Hex coord:(63;65),n/a,0,0,0,0,0,0,1,2022-04-23T04:48:55.6204832Z,0
4.92789,101.2276781,Daerah: Perak<br>No:3532<br>Hex coord:(64;65),n/a,0,0,0,0,0,0,1,2022-04-23T04:48:56.3556199Z,0
4.92011,101.2412249,Daerah: Perak<br>No:3533<br>Hex coord:(65;65),n/a,0,0,0,0,0,0,1,2022-04-23T04:48:58.0950764Z,0
4.92789,101.2547716,Daerah: Perak<br>No:3534<br>Hex coord:(66;65),n/a,0,0,0,0,0,0,1,2022-04-23T04:48:58.8489722Z,0
4.92011,101.2683183,Daerah: Perak<br>No:3535<br>Hex coord:(67;65),n/a,0,0,0,0,0,0,1,2022-04-23T04:48:59.5679726Z,0
4.92789,101.281865,Daerah: Perak<br>No:3536<br>Hex coord:(68;65),n/a,0,0,0,0,0,0,1,2022-04-23T04:49:01.3220353Z,0
4.92011,101.2954117,Daerah: Perak<br>No:3537<br>Hex coord:(69;65),n/a,0,0,0,0,0,0,1,2022-04-23T04:49:02.0408356Z,0
4.92789,101.3089584,Daerah: Perak<br>No:3538<br>Hex coord:(70;65),n/a,0,0,0,0,0,0,1,2022-04-23T04:49:02.7735234Z,0
4.92011,101.3225051,Daerah: Perak<br>No:3539<br>Hex coord:(71;65),n/a,0,0,0,0,0,0,1,2022-04-23T04:49:03.5050140Z,0
4.92789,101.3360518,Daerah: Perak<br>No:3540<br>Hex coord:(72;65),n/a,0,0,0,0,0,0,1,2022-04-23T04:49:04.2271614Z,0
4.92011,101.3495985,Daerah: Perak<br>No:3541<br>Hex coord:(73;65),n/a,0,0,0,0,0,0,1,2022-04-23T04:49:04.9587670Z,0
4.92789,101.3631452,Daerah: Perak<br>No:3542<br>Hex coord:(74;65),n/a,0,0,0,0,0,0,1,2022-04-23T04:49:05.6876971Z,0
4.92011,101.3766919,Daerah: Perak<br>No:3543<br>Hex coord:(75;65),n/a,0,0,0,0,0,0,1,2022-04-23T04:49:06.4160593Z,0
4.92789,101.3902386,Daerah: Perak<br>No:3544<br>Hex coord:(76;65),n/a,0,0,0,0,0,0,1,2022-04-23T04:49:07.1461340Z,0
4.92011,101.4037853,Daerah: Perak<br>No:3545<br>Hex coord:(77;65),n/a,0,0,0,0,0,0,1,2022-04-23T04:49:07.8849000Z,0
4.92789,101.417332,Daerah: Perak<br>No:3546<br>Hex coord:(78;65),n/a,0,0,0,0,0,0,1,2022-04-23T04:49:08.6187974Z,0
4.92011,101.4308787,Daerah: Perak<br>No:3547<br>Hex coord:(79;65),n/a,0,0,0,0,0,0,1,2022-04-23T04:49:09.3742100Z,0
4.92789,101.4444254,Daerah: Perak<br>No:3548<br>Hex coord:(80;65),n/a,0,0,0,0,0,0,1,2022-04-23T04:49:10.1058833Z,0
4.91233,100.4961561,Daerah: Perak<br>No:3549<br>Hex coord:(10;66),n/a,0,0,0,0,0,0,1,2022-04-23T04:49:10.8374098Z,0
4.90455,100.5097028,Daerah: Perak<br>No:3550<br>Hex coord:(11;66),n/a,0,0,0,0,0,0,1,2022-04-23T04:49:11.5632237Z,0
4.91233,100.5232495,Daerah: Perak<br>No:3551<br>Hex coord:(12;66),n/a,0,0,0,0,0,0,1,2022-04-23T04:49:12.2982213Z,0
4.90455,100.5367962,Daerah: Perak<br>No:3552<br>Hex coord:(13;66),n/a,0,0,0,0,0,0,1,2022-04-23T04:49:13.0262736Z,0
4.91233,100.5503429,Daerah: Perak<br>No:3553<br>Hex coord:(14;66),n/a,2 ,0,0,0,0,0,1,2022-04-23T04:49:13.7495276Z,0
4.90455,100.5638896,Daerah: Perak<br>No:3554<br>Hex coord:(15;66),n/a,0,0,0,0,0,0,1,2022-04-23T04:49:14.4823299Z,0
4.91233,100.5774363,Daerah: Perak<br>No:3555<br>Hex coord:(16;66),n/a,0,0,0,0,0,0,1,2022-04-23T04:49:15.2067453Z,0
4.90455,100.590983,Daerah: Perak<br>No:3556<br>Hex coord:(17;66),n/a,0,0,0,0,0,0,1,2022-04-23T04:49:15.9549751Z,0
4.91233,100.6045297,Daerah: Perak<br>No:3557<br>Hex coord:(18;66),n/a,1 ,0,0,0,0,0,1,2022-04-23T04:49:16.6806940Z,0
4.90455,100.6180764,Daerah: Perak<br>No:3558<br>Hex coord:(19;66),n/a,0,0,0,0,0,0,1,2022-04-23T04:49:17.3979196Z,0
4.91233,100.6316231,Daerah: Perak<br>No:3559<br>Hex coord:(20;66),n/a,0,0,0,0,0,0,1,2022-04-23T04:49:18.1238906Z,0
4.90455,100.6451698,Daerah: Perak<br>No:3560<br>Hex coord:(21;66),n/a,0,0,0,0,0,0,1,2022-04-23T04:49:19.0088935Z,0
4.91233,100.6587165,Daerah: Perak<br>No:3561<br>Hex coord:(22;66),n/a,1 ,0,0,0,0,0,1,2022-04-23T04:49:19.7428533Z,0
4.90455,100.6722632,Daerah: Perak<br>No:3562<br>Hex coord:(23;66),n/a,0,0,0,0,0,0,1,2022-04-23T04:49:20.4959565Z,0
4.91233,100.6858099,Daerah: Perak<br>No:3563<br>Hex coord:(24;66),n/a,0,0,0,0,0,0,1,2022-04-23T04:49:21.2310641Z,0
4.90455,100.6993566,Daerah: Perak<br>No:3564<br>Hex coord:(25;66),n/a,1 ,0,0,0,0,0,1,2022-04-23T04:49:21.9710300Z,0
4.91233,100.7129033,Daerah: Perak<br>No:3565<br>Hex coord:(26;66),n/a,3 ,0,0,0,0,0,1,2022-04-23T04:49:22.6954742Z,0
4.90455,100.72645,Daerah: Perak<br>No:3566<br>Hex coord:(27;66),n/a,6 ,0,0,0,0,0,1,2022-04-23T04:49:23.4306595Z,0
4.91233,100.7399968,Daerah: Perak<br>No:3567<br>Hex coord:(28;66),n/a,0,0,0,0,0,0,1,2022-04-23T04:49:24.1586316Z,0
4.90455,100.7535435,Daerah: Perak<br>No:3568<br>Hex coord:(29;66),n/a,0,0,0,0,0,0,1,2022-04-23T04:49:24.8795181Z,0
4.91233,100.7670902,Daerah: Perak<br>No:3569<br>Hex coord:(30;66),n/a,0,0,0,0,0,0,1,2022-04-23T04:49:25.6109188Z,0
4.90455,100.7806369,Daerah: Perak<br>No:3570<br>Hex coord:(31;66),n/a,0,0,0,0,0,0,1,2022-04-23T04:49:26.3415015Z,0
4.91233,100.7941836,Daerah: Perak<br>No:3571<br>Hex coord:(32;66),n/a,0,0,0,0,0,0,1,2022-04-23T04:49:27.0707014Z,0
4.90455,100.8077303,Daerah: Perak<br>No:3572<br>Hex coord:(33;66),n/a,0,0,0,0,0,0,1,2022-04-23T04:49:27.8222435Z,0
4.91233,100.821277,Daerah: Perak<br>No:3573<br>Hex coord:(34;66),n/a,0,0,0,0,0,0,1,2022-04-23T04:49:28.5641844Z,0
4.90455,100.8348237,Daerah: Perak<br>No:3574<br>Hex coord:(35;66),n/a,0,0,0,0,0,0,1,2022-04-23T04:49:29.2821698Z,0
4.91233,100.8483704,Daerah: Perak<br>No:3575<br>Hex coord:(36;66),n/a,0,0,0,0,0,0,1,2022-04-23T04:49:30.0033643Z,0
4.90455,100.8619171,Daerah: Perak<br>No:3576<br>Hex coord:(37;66),n/a,0,0,0,0,0,0,1,2022-04-23T04:49:30.8120728Z,0
4.91233,100.8754638,Daerah: Perak<br>No:3577<br>Hex coord:(38;66),n/a,0,0,0,0,0,0,1,2022-04-23T04:49:31.5383813Z,0
4.90455,100.8890105,Daerah: Perak<br>No:3578<br>Hex coord:(39;66),n/a,0,0,0,0,0,0,1,2022-04-23T04:49:32.3157700Z,0
4.91233,100.9025572,Daerah: Perak<br>No:3579<br>Hex coord:(40;66),n/a,0,0,0,0,0,0,1,2022-04-23T04:49:33.0420362Z,0
4.90455,100.9161039,Daerah: Perak<br>No:3580<br>Hex coord:(41;66),n/a,0,0,0,0,0,0,1,2022-04-23T04:49:33.7923701Z,0
4.91233,100.9296506,Daerah: Perak<br>No:3581<br>Hex coord:(42;66),n/a,0,0,0,0,0,0,1,2022-04-23T04:49:34.5189313Z,0
4.90455,100.9431973,Daerah: Perak<br>No:3582<br>Hex coord:(43;66),n/a,0,0,0,0,0,0,1,2022-04-23T04:49:35.2839523Z,0
4.91233,100.956744,Daerah: Perak<br>No:3583<br>Hex coord:(44;66),n/a,2 ,0,0,0,0,0,1,2022-04-23T04:49:36.0035440Z,0
4.90455,100.9702907,Daerah: Perak<br>No:3584<br>Hex coord:(45;66),n/a,1 ,0,0,0,0,0,1,2022-04-23T04:49:36.7327051Z,0
4.91233,100.9838374,Daerah: Perak<br>No:3585<br>Hex coord:(46;66),n/a,1 ,0,0,0,0,0,1,2022-04-23T04:49:37.4499088Z,0
4.90455,100.9973842,Daerah: Perak<br>No:3586<br>Hex coord:(47;66),n/a,0,0,0,0,0,0,1,2022-04-23T04:49:38.1797605Z,0
4.91233,101.0109309,Daerah: Perak<br>No:3587<br>Hex coord:(48;66),n/a,0,0,0,0,0,0,1,2022-04-23T04:49:38.9062367Z,0
4.90455,101.0244776,Daerah: Perak<br>No:3588<br>Hex coord:(49;66),n/a,1 ,0,0,0,0,0,1,2022-04-23T04:49:39.6412191Z,0
4.91233,101.0380243,Daerah: Perak<br>No:3589<br>Hex coord:(50;66),n/a,0,0,0,0,0,0,1,2022-04-23T04:49:40.3619531Z,0
4.90455,101.051571,Daerah: Perak<br>No:3590<br>Hex coord:(51;66),n/a,0,0,0,0,0,0,1,2022-04-23T04:49:41.1030423Z,0
4.91233,101.0651177,Daerah: Perak<br>No:3591<br>Hex coord:(52;66),n/a,0,0,0,0,0,0,1,2022-04-23T04:49:41.8227503Z,0
4.90455,101.0786644,Daerah: Perak<br>No:3592<br>Hex coord:(53;66),n/a,0,0,0,0,0,0,1,2022-04-23T04:49:42.5436562Z,0
4.91233,101.0922111,Daerah: Perak<br>No:3593<br>Hex coord:(54;66),n/a,0,0,0,0,0,0,1,2022-04-23T04:49:43.2609262Z,0
4.90455,101.1057578,Daerah: Perak<br>No:3594<br>Hex coord:(55;66),n/a,0,0,0,0,0,0,1,2022-04-23T04:49:44.0151443Z,0
4.91233,101.1193045,Daerah: Perak<br>No:3595<br>Hex coord:(56;66),n/a,0,0,0,0,0,0,1,2022-04-23T04:49:44.7420023Z,0
4.90455,101.1328512,Daerah: Perak<br>No:3596<br>Hex coord:(57;66),n/a,0,0,0,0,0,0,1,2022-04-23T04:49:45.4687706Z,0
4.91233,101.1463979,Daerah: Perak<br>No:3597<br>Hex coord:(58;66),n/a,0,0,0,0,0,0,1,2022-04-23T04:49:46.1932520Z,0
4.90455,101.1599446,Daerah: Perak<br>No:3598<br>Hex coord:(59;66),n/a,0,0,0,0,0,0,1,2022-04-23T04:49:46.9152935Z,0
4.91233,101.1734913,Daerah: Perak<br>No:3599<br>Hex coord:(60;66),n/a,1 ,0,0,0,0,0,1,2022-04-23T04:49:47.6363970Z,0
4.90455,101.187038,Daerah: Perak<br>No:3600<br>Hex coord:(61;66),n/a,0,0,0,0,0,0,1,2022-04-23T04:49:48.3679394Z,0
4.91233,101.2005847,Daerah: Perak<br>No:3601<br>Hex coord:(62;66),n/a,0,0,0,0,0,0,1,2022-04-23T04:49:49.0901206Z,0
4.90455,101.2141314,Daerah: Perak<br>No:3602<br>Hex coord:(63;66),n/a,0,0,0,0,0,0,1,2022-04-23T04:49:50.8285712Z,0
4.91233,101.2276781,Daerah: Perak<br>No:3603<br>Hex coord:(64;66),n/a,0,0,0,0,0,0,1,2022-04-23T04:49:51.5456791Z,0
4.90455,101.2412249,Daerah: Perak<br>No:3604<br>Hex coord:(65;66),n/a,0,0,0,0,0,0,1,2022-04-23T04:49:52.2724935Z,0
4.91233,101.2547716,Daerah: Perak<br>No:3605<br>Hex coord:(66;66),n/a,0,0,0,0,0,0,1,2022-04-23T04:49:52.9814617Z,0
4.90455,101.2683183,Daerah: Perak<br>No:3606<br>Hex coord:(67;66),n/a,0,0,0,0,0,0,1,2022-04-23T04:49:53.7154388Z,0
4.91233,101.281865,Daerah: Perak<br>No:3607<br>Hex coord:(68;66),n/a,0,0,0,0,0,0,1,2022-04-23T04:49:54.4457255Z,0
4.90455,101.2954117,Daerah: Perak<br>No:3608<br>Hex coord:(69;66),n/a,0,0,0,0,0,0,1,2022-04-23T04:49:55.1642638Z,0
4.91233,101.3089584,Daerah: Perak<br>No:3609<br>Hex coord:(70;66),n/a,0,0,0,0,0,0,1,2022-04-23T04:49:55.8911161Z,0
4.90455,101.3225051,Daerah: Perak<br>No:3610<br>Hex coord:(71;66),n/a,0,0,0,0,0,0,1,2022-04-23T04:49:56.6084293Z,0
4.91233,101.3360518,Daerah: Perak<br>No:3611<br>Hex coord:(72;66),n/a,0,0,0,0,0,0,1,2022-04-23T04:49:57.3316814Z,0
4.90455,101.3495985,Daerah: Perak<br>No:3612<br>Hex coord:(73;66),n/a,0,0,0,0,0,0,1,2022-04-23T04:49:58.0560992Z,0
4.91233,101.3631452,Daerah: Perak<br>No:3613<br>Hex coord:(74;66),n/a,0,0,0,0,0,0,1,2022-04-23T04:49:58.7866377Z,0
4.90455,101.3766919,Daerah: Perak<br>No:3614<br>Hex coord:(75;66),n/a,0,0,0,0,0,0,1,2022-04-23T04:49:59.5194425Z,0
4.91233,101.3902386,Daerah: Perak<br>No:3615<br>Hex coord:(76;66),n/a,0,0,0,0,0,0,1,2022-04-23T04:50:00.3210748Z,0
4.90455,101.4037853,Daerah: Perak<br>No:3616<br>Hex coord:(77;66),n/a,0,0,0,0,0,0,1,2022-04-23T04:50:01.0468405Z,0
4.91233,101.417332,Daerah: Perak<br>No:3617<br>Hex coord:(78;66),n/a,0,0,0,0,0,0,1,2022-04-23T04:50:01.7700845Z,0
4.90455,101.4308787,Daerah: Perak<br>No:3618<br>Hex coord:(79;66),n/a,0,0,0,0,0,0,1,2022-04-23T04:50:02.4896680Z,0
4.91233,101.4444254,Daerah: Perak<br>No:3619<br>Hex coord:(80;66),n/a,0,0,0,0,0,0,1,2022-04-23T04:50:03.2048830Z,0
4.88899,100.4826093,Daerah: Perak<br>No:3620<br>Hex coord:(9;67),n/a,0,0,0,0,0,0,1,2022-04-23T04:50:03.9444470Z,0
4.89677,100.4961561,Daerah: Perak<br>No:3621<br>Hex coord:(10;67),n/a,0,0,0,0,0,0,1,2022-04-23T04:50:04.7064483Z,0
4.88899,100.5097028,Daerah: Perak<br>No:3622<br>Hex coord:(11;67),n/a,0,0,0,0,0,0,1,2022-04-23T04:50:05.4427008Z,0
4.89677,100.5232495,Daerah: Perak<br>No:3623<br>Hex coord:(12;67),n/a,0,0,0,0,0,0,1,2022-04-23T04:50:06.1672381Z,0
4.88899,100.5367962,Daerah: Perak<br>No:3624<br>Hex coord:(13;67),n/a,0,0,0,0,0,0,1,2022-04-23T04:50:06.9603269Z,0
4.89677,100.5503429,Daerah: Perak<br>No:3625<br>Hex coord:(14;67),n/a,0,0,0,0,0,0,1,2022-04-23T04:50:07.6799975Z,0
4.88899,100.5638896,Daerah: Perak<br>No:3626<br>Hex coord:(15;67),n/a,0,0,0,0,0,0,1,2022-04-23T04:50:08.4020629Z,0
4.89677,100.5774363,Daerah: Perak<br>No:3627<br>Hex coord:(16;67),n/a,0,0,0,0,0,0,1,2022-04-23T04:50:09.1421733Z,0
4.88899,100.590983,Daerah: Perak<br>No:3628<br>Hex coord:(17;67),n/a,0,0,0,0,0,0,1,2022-04-23T04:50:09.8664287Z,0
4.89677,100.6045297,Daerah: Perak<br>No:3629<br>Hex coord:(18;67),n/a,0,0,0,0,0,0,1,2022-04-23T04:50:10.5885065Z,0
4.88899,100.6180764,Daerah: Perak<br>No:3630<br>Hex coord:(19;67),n/a,0,0,0,0,0,0,1,2022-04-23T04:50:11.3069527Z,0
4.89677,100.6316231,Daerah: Perak<br>No:3631<br>Hex coord:(20;67),n/a,0,0,0,0,0,0,1,2022-04-23T04:50:12.0421882Z,0
4.88899,100.6451698,Daerah: Perak<br>No:3632<br>Hex coord:(21;67),n/a,0,0,0,0,0,0,1,2022-04-23T04:50:12.7629967Z,0
4.89677,100.6587165,Daerah: Perak<br>No:3633<br>Hex coord:(22;67),n/a,0,0,0,0,0,0,1,2022-04-23T04:50:13.4994242Z,0
4.88899,100.6722632,Daerah: Perak<br>No:3634<br>Hex coord:(23;67),n/a,0,0,0,0,0,0,1,2022-04-23T04:50:14.2258320Z,0
4.89677,100.6858099,Daerah: Perak<br>No:3635<br>Hex coord:(24;67),n/a,1 ,0,0,0,0,0,1,2022-04-23T04:50:14.9533245Z,0
4.88899,100.6993566,Daerah: Perak<br>No:3636<br>Hex coord:(25;67),n/a,3 ,0,0,0,0,0,1,2022-04-23T04:50:15.6795403Z,0
4.89677,100.7129033,Daerah: Perak<br>No:3637<br>Hex coord:(26;67),n/a,2 ,0,0,0,0,0,1,2022-04-23T04:50:16.4091500Z,0
4.88899,100.72645,Daerah: Perak<br>No:3638<br>Hex coord:(27;67),n/a,6 ,0,0,0,0,0,1,2022-04-23T04:50:17.1407242Z,0
4.89677,100.7399968,Daerah: Perak<br>No:3639<br>Hex coord:(28;67),n/a,16 ,0,0,0,0,0,1,2022-04-23T04:50:17.8960631Z,0
4.88899,100.7535435,Daerah: Perak<br>No:3640<br>Hex coord:(29;67),n/a,1 ,0,0,0,0,0,1,2022-04-23T04:50:18.6252569Z,0
4.89677,100.7670902,Daerah: Perak<br>No:3641<br>Hex coord:(30;67),n/a,0,0,0,0,0,0,1,2022-04-23T04:50:19.3890753Z,0
4.88899,100.7806369,Daerah: Perak<br>No:3642<br>Hex coord:(31;67),n/a,0,0,0,0,0,0,1,2022-04-23T04:50:20.1220482Z,0
4.89677,100.7941836,Daerah: Perak<br>No:3643<br>Hex coord:(32;67),n/a,0,0,0,0,0,0,1,2022-04-23T04:50:20.8558372Z,0
4.88899,100.8077303,Daerah: Perak<br>No:3644<br>Hex coord:(33;67),n/a,0,0,0,0,0,0,1,2022-04-23T04:50:21.7935414Z,0
4.89677,100.821277,Daerah: Perak<br>No:3645<br>Hex coord:(34;67),n/a,0,0,0,0,0,0,1,2022-04-23T04:50:22.6324075Z,0
4.88899,100.8348237,Daerah: Perak<br>No:3646<br>Hex coord:(35;67),n/a,0,0,0,0,0,0,1,2022-04-23T04:50:23.3550806Z,0
4.89677,100.8483704,Daerah: Perak<br>No:3647<br>Hex coord:(36;67),n/a,0,0,0,0,0,0,1,2022-04-23T04:50:24.0752689Z,0
4.88899,100.8619171,Daerah: Perak<br>No:3648<br>Hex coord:(37;67),n/a,0,0,0,0,0,0,1,2022-04-23T04:50:24.8094842Z,0
4.89677,100.8754638,Daerah: Perak<br>No:3649<br>Hex coord:(38;67),n/a,0,0,0,0,0,0,1,2022-04-23T04:50:25.5444682Z,0
4.88899,100.8890105,Daerah: Perak<br>No:3650<br>Hex coord:(39;67),n/a,0,0,0,0,0,0,1,2022-04-23T04:50:26.4421231Z,0
4.89677,100.9025572,Daerah: Perak<br>No:3651<br>Hex coord:(40;67),n/a,4 ,0,0,0,0,0,1,2022-04-23T04:50:27.2990933Z,0
4.88899,100.9161039,Daerah: Perak<br>No:3652<br>Hex coord:(41;67),n/a,0,0,0,0,0,0,1,2022-04-23T04:50:28.0503002Z,0
4.89677,100.9296506,Daerah: Perak<br>No:3653<br>Hex coord:(42;67),n/a,0,0,0,0,0,0,1,2022-04-23T04:50:28.7807216Z,0
4.88899,100.9431973,Daerah: Perak<br>No:3654<br>Hex coord:(43;67),n/a,0,0,0,0,0,0,1,2022-04-23T04:50:29.6182182Z,0
4.89677,100.956744,Daerah: Perak<br>No:3655<br>Hex coord:(44;67),n/a,0,0,0,0,0,0,1,2022-04-23T04:50:30.3378894Z,0
4.88899,100.9702907,Daerah: Perak<br>No:3656<br>Hex coord:(45;67),n/a,0,0,0,0,0,0,1,2022-04-23T04:50:31.0611870Z,0
4.89677,100.9838374,Daerah: Perak<br>No:3657<br>Hex coord:(46;67),n/a,0,0,0,0,0,0,1,2022-04-23T04:50:31.8141540Z,0
4.88899,100.9973842,Daerah: Perak<br>No:3658<br>Hex coord:(47;67),n/a,3 ,0,0,0,0,0,1,2022-04-23T04:50:32.5298486Z,0
4.89677,101.0109309,Daerah: Perak<br>No:3659<br>Hex coord:(48;67),n/a,0,0,0,0,0,0,1,2022-04-23T04:50:33.2607054Z,0
4.88899,101.0244776,Daerah: Perak<br>No:3660<br>Hex coord:(49;67),n/a,1 ,0,0,0,0,0,1,2022-04-23T04:50:33.9893247Z,0
4.89677,101.0380243,Daerah: Perak<br>No:3661<br>Hex coord:(50;67),n/a,1 ,0,0,0,0,0,1,2022-04-23T04:50:34.7451151Z,0
4.88899,101.051571,Daerah: Perak<br>No:3662<br>Hex coord:(51;67),n/a,0,0,0,0,0,0,1,2022-04-23T04:50:35.4986040Z,0
4.89677,101.0651177,Daerah: Perak<br>No:3663<br>Hex coord:(52;67),n/a,0,0,0,0,0,0,1,2022-04-23T04:50:37.3526642Z,0
4.88899,101.0786644,Daerah: Perak<br>No:3664<br>Hex coord:(53;67),n/a,0,0,0,0,0,0,1,2022-04-23T04:50:38.1101532Z,0
4.89677,101.0922111,Daerah: Perak<br>No:3665<br>Hex coord:(54;67),n/a,0,0,0,0,0,0,1,2022-04-23T04:50:38.8632065Z,0
4.88899,101.1057578,Daerah: Perak<br>No:3666<br>Hex coord:(55;67),n/a,0,0,0,0,0,0,1,2022-04-23T04:50:39.5968536Z,0
4.89677,101.1193045,Daerah: Perak<br>No:3667<br>Hex coord:(56;67),n/a,0,0,0,0,0,0,1,2022-04-23T04:50:40.4488149Z,0
4.88899,101.1328512,Daerah: Perak<br>No:3668<br>Hex coord:(57;67),n/a,0,0,0,0,0,0,1,2022-04-23T04:50:41.1698949Z,0
4.89677,101.1463979,Daerah: Perak<br>No:3669<br>Hex coord:(58;67),n/a,0,0,0,0,0,0,1,2022-04-23T04:50:42.0312727Z,0
4.88899,101.1599446,Daerah: Perak<br>No:3670<br>Hex coord:(59;67),n/a,0,0,0,0,0,0,1,2022-04-23T04:50:42.7668708Z,0
4.89677,101.1734913,Daerah: Perak<br>No:3671<br>Hex coord:(60;67),n/a,0,0,0,0,0,0,1,2022-04-23T04:50:43.6141877Z,0
4.88899,101.187038,Daerah: Perak<br>No:3672<br>Hex coord:(61;67),n/a,0,0,0,0,0,0,1,2022-04-23T04:50:44.3488712Z,0
4.89677,101.2005847,Daerah: Perak<br>No:3673<br>Hex coord:(62;67),n/a,0,0,0,0,0,0,1,2022-04-23T04:50:45.0679871Z,0
4.88899,101.2141314,Daerah: Perak<br>No:3674<br>Hex coord:(63;67),n/a,0,0,0,0,0,0,1,2022-04-23T04:50:45.8121689Z,0
4.89677,101.2276781,Daerah: Perak<br>No:3675<br>Hex coord:(64;67),n/a,0,0,0,0,0,0,1,2022-04-23T04:50:46.5522417Z,0
4.88899,101.2412249,Daerah: Perak<br>No:3676<br>Hex coord:(65;67),n/a,0,0,0,0,0,0,1,2022-04-23T04:50:47.2753061Z,0
4.89677,101.2547716,Daerah: Perak<br>No:3677<br>Hex coord:(66;67),n/a,0,0,0,0,0,0,1,2022-04-23T04:50:47.9973657Z,0
4.88899,101.2683183,Daerah: Perak<br>No:3678<br>Hex coord:(67;67),n/a,0,0,0,0,0,0,1,2022-04-23T04:50:48.7289033Z,0
4.89677,101.281865,Daerah: Perak<br>No:3679<br>Hex coord:(68;67),n/a,0,0,0,0,0,0,1,2022-04-23T04:50:49.4534292Z,0
4.88899,101.2954117,Daerah: Perak<br>No:3680<br>Hex coord:(69;67),n/a,0,0,0,0,0,0,1,2022-04-23T04:50:50.1874369Z,0
4.89677,101.3089584,Daerah: Perak<br>No:3681<br>Hex coord:(70;67),n/a,0,0,0,0,0,0,1,2022-04-23T04:50:50.9027031Z,0
4.88899,101.3225051,Daerah: Perak<br>No:3682<br>Hex coord:(71;67),n/a,0,0,0,0,0,0,1,2022-04-23T04:50:51.6304512Z,0
4.89677,101.3360518,Daerah: Perak<br>No:3683<br>Hex coord:(72;67),n/a,0,0,0,0,0,0,1,2022-04-23T04:50:52.3416073Z,0
4.88899,101.3495985,Daerah: Perak<br>No:3684<br>Hex coord:(73;67),n/a,0,0,0,0,0,0,1,2022-04-23T04:50:53.0767964Z,0
4.89677,101.3631452,Daerah: Perak<br>No:3685<br>Hex coord:(74;67),n/a,0,0,0,0,0,0,1,2022-04-23T04:50:53.8096036Z,0
4.88899,101.3766919,Daerah: Perak<br>No:3686<br>Hex coord:(75;67),n/a,0,0,0,0,0,0,1,2022-04-23T04:50:54.5411783Z,0
4.89677,101.3902386,Daerah: Perak<br>No:3687<br>Hex coord:(76;67),n/a,0,0,0,0,0,0,1,2022-04-23T04:50:55.2799017Z,0
4.88899,101.4037853,Daerah: Perak<br>No:3688<br>Hex coord:(77;67),n/a,0,0,0,0,0,0,1,2022-04-23T04:50:56.0031320Z,0
4.89677,101.417332,Daerah: Perak<br>No:3689<br>Hex coord:(78;67),n/a,0,0,0,0,0,0,1,2022-04-23T04:50:56.7311778Z,0
4.88899,101.4308787,Daerah: Perak<br>No:3690<br>Hex coord:(79;67),n/a,0,0,0,0,0,0,1,2022-04-23T04:50:57.4508508Z,0
4.89677,101.4444254,Daerah: Perak<br>No:3691<br>Hex coord:(80;67),n/a,0,0,0,0,0,0,1,2022-04-23T04:50:58.1919936Z,0
4.88121,100.4961561,Daerah: Perak<br>No:3692<br>Hex coord:(10;68),n/a,0,0,0,0,0,0,1,2022-04-23T04:50:58.9092960Z,0
4.87343,100.5097028,Daerah: Perak<br>No:3693<br>Hex coord:(11;68),n/a,0,0,0,0,0,0,1,2022-04-23T04:50:59.6468360Z,0
4.88121,100.5232495,Daerah: Perak<br>No:3694<br>Hex coord:(12;68),n/a,0,0,0,0,0,0,1,2022-04-23T04:51:00.4022920Z,0
4.88121,100.5503429,Daerah: Perak<br>No:3695<br>Hex coord:(14;68),n/a,0,0,0,0,0,0,1,2022-04-23T04:51:01.2059407Z,0
4.87343,100.5638896,Daerah: Perak<br>No:3696<br>Hex coord:(15;68),n/a,0,0,0,0,0,0,1,2022-04-23T04:51:01.9897375Z,0
4.88121,100.5774363,Daerah: Perak<br>No:3697<br>Hex coord:(16;68),n/a,0,0,0,0,0,0,1,2022-04-23T04:51:02.7793232Z,0
4.87343,100.590983,Daerah: Perak<br>No:3698<br>Hex coord:(17;68),n/a,0,0,0,0,0,0,1,2022-04-23T04:51:03.5492380Z,0
4.88121,100.6045297,Daerah: Perak<br>No:3699<br>Hex coord:(18;68),n/a,0,0,0,0,0,0,1,2022-04-23T04:51:04.3330623Z,0
4.87343,100.6180764,Daerah: Perak<br>No:3700<br>Hex coord:(19;68),n/a,0,0,0,0,0,0,1,2022-04-23T04:51:05.1113885Z,0
4.88121,100.6316231,Daerah: Perak<br>No:3701<br>Hex coord:(20;68),n/a,0,0,0,0,0,0,1,2022-04-23T04:51:05.8870290Z,0
4.87343,100.6451698,Daerah: Perak<br>No:3702<br>Hex coord:(21;68),n/a,0,0,0,0,0,0,1,2022-04-23T04:51:06.6859004Z,0
4.88121,100.6587165,Daerah: Perak<br>No:3703<br>Hex coord:(22;68),n/a,0,0,0,0,0,0,1,2022-04-23T04:51:08.4414471Z,0
4.87343,100.6722632,Daerah: Perak<br>No:3704<br>Hex coord:(23;68),n/a,0,0,0,0,0,0,1,2022-04-23T04:51:09.2623603Z,0
4.88121,100.6858099,Daerah: Perak<br>No:3705<br>Hex coord:(24;68),n/a,0,0,0,0,0,0,1,2022-04-23T04:51:10.0478136Z,0
4.87343,100.6993566,Daerah: Perak<br>No:3706<br>Hex coord:(25;68),n/a,0,0,0,0,0,0,1,2022-04-23T04:51:11.9351941Z,0
4.88121,100.7129033,Daerah: Perak<br>No:3707<br>Hex coord:(26;68),n/a,4 ,0,0,0,0,0,1,2022-04-23T04:51:12.6736823Z,0
4.87343,100.72645,Daerah: Perak<br>No:3708<br>Hex coord:(27;68),n/a,8 ,0,0,0,0,0,1,2022-04-23T04:51:13.3993272Z,0
4.88121,100.7399968,Daerah: Perak<br>No:3709<br>Hex coord:(28;68),n/a,14 ,0,0,0,0,0,1,2022-04-23T04:51:14.1225596Z,0
4.87343,100.7535435,Daerah: Perak<br>No:3710<br>Hex coord:(29;68),n/a,3 ,0,0,0,0,0,1,2022-04-23T04:51:14.8470926Z,0
4.88121,100.7670902,Daerah: Perak<br>No:3711<br>Hex coord:(30;68),n/a,0,0,0,0,0,0,1,2022-04-23T04:51:15.5852383Z,0
4.87343,100.7806369,Daerah: Perak<br>No:3712<br>Hex coord:(31;68),n/a,0,0,0,0,0,0,1,2022-04-23T04:51:16.3126638Z,0
4.88121,100.7941836,Daerah: Perak<br>No:3713<br>Hex coord:(32;68),n/a,0,0,0,0,0,0,1,2022-04-23T04:51:17.0534064Z,0
4.87343,100.8077303,Daerah: Perak<br>No:3714<br>Hex coord:(33;68),n/a,0,0,0,0,0,0,1,2022-04-23T04:51:17.7817560Z,0
4.88121,100.821277,Daerah: Perak<br>No:3715<br>Hex coord:(34;68),n/a,0,0,0,0,0,0,1,2022-04-23T04:51:18.5073919Z,0
4.87343,100.8348237,Daerah: Perak<br>No:3716<br>Hex coord:(35;68),n/a,0,0,0,0,0,0,1,2022-04-23T04:51:19.2265155Z,0
4.88121,100.8483704,Daerah: Perak<br>No:3717<br>Hex coord:(36;68),n/a,0,0,0,0,0,0,1,2022-04-23T04:51:19.9503749Z,0
4.87343,100.8619171,Daerah: Perak<br>No:3718<br>Hex coord:(37;68),n/a,1 ,0,0,0,0,0,1,2022-04-23T04:51:20.6750136Z,0
4.88121,100.8754638,Daerah: Perak<br>No:3719<br>Hex coord:(38;68),n/a,0,0,0,0,0,0,1,2022-04-23T04:51:21.4007861Z,0
4.87343,100.8890105,Daerah: Perak<br>No:3720<br>Hex coord:(39;68),n/a,0,0,0,0,0,0,1,2022-04-23T04:51:22.1409533Z,0
4.88121,100.9025572,Daerah: Perak<br>No:3721<br>Hex coord:(40;68),n/a,3 ,0,0,0,0,0,1,2022-04-23T04:51:23.9038484Z,0
4.87343,100.9161039,Daerah: Perak<br>No:3722<br>Hex coord:(41;68),n/a,2 ,0,0,0,0,0,1,2022-04-23T04:51:24.6364840Z,0
4.88121,100.9296506,Daerah: Perak<br>No:3723<br>Hex coord:(42;68),n/a,0,0,0,0,0,0,1,2022-04-23T04:51:25.4813080Z,0
4.87343,100.9431973,Daerah: Perak<br>No:3724<br>Hex coord:(43;68),n/a,2 ,0,0,0,0,0,1,2022-04-23T04:51:26.3380212Z,0
4.88121,100.956744,Daerah: Perak<br>No:3725<br>Hex coord:(44;68),n/a,1 ,0,0,0,0,0,1,2022-04-23T04:51:27.1851932Z,0
4.87343,100.9702907,Daerah: Perak<br>No:3726<br>Hex coord:(45;68),n/a,1 ,0,0,0,0,0,1,2022-04-23T04:51:27.9203624Z,0
4.88121,100.9838374,Daerah: Perak<br>No:3727<br>Hex coord:(46;68),n/a,1 ,0,0,0,0,0,1,2022-04-23T04:51:28.6691322Z,0
4.87343,100.9973842,Daerah: Perak<br>No:3728<br>Hex coord:(47;68),n/a,0,0,0,0,0,0,1,2022-04-23T04:51:30.4035607Z,0
4.88121,101.0109309,Daerah: Perak<br>No:3729<br>Hex coord:(48;68),n/a,0,0,0,0,0,0,1,2022-04-23T04:51:31.1340263Z,0
4.87343,101.0244776,Daerah: Perak<br>No:3730<br>Hex coord:(49;68),n/a,0,0,0,0,0,0,1,2022-04-23T04:51:31.8571207Z,0
4.88121,101.0380243,Daerah: Perak<br>No:3731<br>Hex coord:(50;68),n/a,1 ,0,0,0,0,0,1,2022-04-23T04:51:33.5956746Z,0
4.87343,101.051571,Daerah: Perak<br>No:3732<br>Hex coord:(51;68),n/a,0,0,0,0,0,0,1,2022-04-23T04:51:34.3129947Z,0
4.88121,101.0651177,Daerah: Perak<br>No:3733<br>Hex coord:(52;68),n/a,0,0,0,0,0,0,1,2022-04-23T04:51:35.0421812Z,0
4.87343,101.0786644,Daerah: Perak<br>No:3734<br>Hex coord:(53;68),n/a,0,0,0,0,0,0,1,2022-04-23T04:51:35.7724928Z,0
4.88121,101.0922111,Daerah: Perak<br>No:3735<br>Hex coord:(54;68),n/a,0,0,0,0,0,0,1,2022-04-23T04:51:36.5077550Z,0
4.87343,101.1057578,Daerah: Perak<br>No:3736<br>Hex coord:(55;68),n/a,0,0,0,0,0,0,1,2022-04-23T04:51:37.2296312Z,0
4.88121,101.1193045,Daerah: Perak<br>No:3737<br>Hex coord:(56;68),n/a,0,0,0,0,0,0,1,2022-04-23T04:51:37.9661383Z,0
4.87343,101.1328512,Daerah: Perak<br>No:3738<br>Hex coord:(57;68),n/a,0,0,0,0,0,0,1,2022-04-23T04:51:38.7036253Z,0
4.88121,101.1463979,Daerah: Perak<br>No:3739<br>Hex coord:(58;68),n/a,0,0,0,0,0,0,1,2022-04-23T04:51:39.4196672Z,0
4.87343,101.1599446,Daerah: Perak<br>No:3740<br>Hex coord:(59;68),n/a,0,0,0,0,0,0,1,2022-04-23T04:51:40.1527433Z,0
4.88121,101.1734913,Daerah: Perak<br>No:3741<br>Hex coord:(60;68),n/a,0,0,0,0,0,0,1,2022-04-23T04:51:40.8888450Z,0
4.87343,101.187038,Daerah: Perak<br>No:3742<br>Hex coord:(61;68),n/a,0,0,0,0,0,0,1,2022-04-23T04:51:41.6228492Z,0
4.88121,101.2005847,Daerah: Perak<br>No:3743<br>Hex coord:(62;68),n/a,0,0,0,0,0,0,1,2022-04-23T04:51:42.3579648Z,0
4.87343,101.2141314,Daerah: Perak<br>No:3744<br>Hex coord:(63;68),n/a,0,0,0,0,0,0,1,2022-04-23T04:51:43.2290244Z,0
4.88121,101.2276781,Daerah: Perak<br>No:3745<br>Hex coord:(64;68),n/a,0,0,0,0,0,0,1,2022-04-23T04:51:43.9563390Z,0
4.87343,101.2412249,Daerah: Perak<br>No:3746<br>Hex coord:(65;68),n/a,0,0,0,0,0,0,1,2022-04-23T04:51:44.6897466Z,0
4.88121,101.2547716,Daerah: Perak<br>No:3747<br>Hex coord:(66;68),n/a,0,0,0,0,0,0,1,2022-04-23T04:51:45.4249220Z,0
4.87343,101.2683183,Daerah: Perak<br>No:3748<br>Hex coord:(67;68),n/a,0,0,0,0,0,0,1,2022-04-23T04:51:46.1433971Z,0
4.88121,101.281865,Daerah: Perak<br>No:3749<br>Hex coord:(68;68),n/a,0,0,0,0,0,0,1,2022-04-23T04:51:46.8837148Z,0
4.87343,101.2954117,Daerah: Perak<br>No:3750<br>Hex coord:(69;68),n/a,0,0,0,0,0,0,1,2022-04-23T04:51:47.7650913Z,0
4.88121,101.3089584,Daerah: Perak<br>No:3751<br>Hex coord:(70;68),n/a,0,0,0,0,0,0,1,2022-04-23T04:51:48.6051367Z,0
4.87343,101.3225051,Daerah: Perak<br>No:3752<br>Hex coord:(71;68),n/a,0,0,0,0,0,0,1,2022-04-23T04:51:49.3295821Z,0
4.88121,101.3360518,Daerah: Perak<br>No:3753<br>Hex coord:(72;68),n/a,0,0,0,0,0,0,1,2022-04-23T04:51:50.0587875Z,0
4.87343,101.3495985,Daerah: Perak<br>No:3754<br>Hex coord:(73;68),n/a,0,0,0,0,0,0,1,2022-04-23T04:51:50.7860550Z,0
4.88121,101.3631452,Daerah: Perak<br>No:3755<br>Hex coord:(74;68),n/a,0,0,0,0,0,0,1,2022-04-23T04:51:51.5100733Z,0
4.87343,101.3766919,Daerah: Perak<br>No:3756<br>Hex coord:(75;68),n/a,0,0,0,0,0,0,1,2022-04-23T04:51:52.2417836Z,0
4.88121,101.3902386,Daerah: Perak<br>No:3757<br>Hex coord:(76;68),n/a,0,0,0,0,0,0,1,2022-04-23T04:51:53.0732436Z,0
4.87343,101.4037853,Daerah: Perak<br>No:3758<br>Hex coord:(77;68),n/a,0,0,0,0,0,0,1,2022-04-23T04:51:53.8023897Z,0
4.88121,101.417332,Daerah: Perak<br>No:3759<br>Hex coord:(78;68),n/a,0,0,0,0,0,0,1,2022-04-23T04:51:54.5257235Z,0
4.87343,101.4308787,Daerah: Perak<br>No:3760<br>Hex coord:(79;68),n/a,0,0,0,0,0,0,1,2022-04-23T04:51:55.2566462Z,0
4.86565,100.5232495,Daerah: Perak<br>No:3761<br>Hex coord:(12;69),n/a,0,0,0,0,0,0,1,2022-04-23T04:51:55.9905142Z,0
4.86565,100.5503429,Daerah: Perak<br>No:3762<br>Hex coord:(14;69),n/a,0,0,0,0,0,0,1,2022-04-23T04:51:56.7158638Z,0
4.86565,100.5774363,Daerah: Perak<br>No:3763<br>Hex coord:(16;69),n/a,0,0,0,0,0,0,1,2022-04-23T04:51:57.5106961Z,0
4.85787,100.590983,Daerah: Perak<br>No:3764<br>Hex coord:(17;69),n/a,0,0,0,0,0,0,1,2022-04-23T04:51:58.2457749Z,0
4.86565,100.6045297,Daerah: Perak<br>No:3765<br>Hex coord:(18;69),n/a,0,0,0,0,0,0,1,2022-04-23T04:51:59.0079281Z,0
4.85787,100.6180764,Daerah: Perak<br>No:3766<br>Hex coord:(19;69),n/a,0,0,0,0,0,0,1,2022-04-23T04:51:59.7983997Z,0
4.86565,100.6316231,Daerah: Perak<br>No:3767<br>Hex coord:(20;69),n/a,0,0,0,0,0,0,1,2022-04-23T04:52:00.5335142Z,0
4.85787,100.6451698,Daerah: Perak<br>No:3768<br>Hex coord:(21;69),n/a,0,0,0,0,0,0,1,2022-04-23T04:52:01.2638325Z,0
4.86565,100.6587165,Daerah: Perak<br>No:3769<br>Hex coord:(22;69),n/a,0,0,0,0,0,0,1,2022-04-23T04:52:01.9938666Z,0
4.85787,100.6722632,Daerah: Perak<br>No:3770<br>Hex coord:(23;69),n/a,5 ,0,0,0,0,0,1,2022-04-23T04:52:02.7199294Z,0
4.86565,100.6858099,Daerah: Perak<br>No:3771<br>Hex coord:(24;69),n/a,11 ,0,0,0,0,0,1,2022-04-23T04:52:04.4860243Z,0
4.85787,100.6993566,Daerah: Perak<br>No:3772<br>Hex coord:(25;69),n/a,0,0,0,0,0,0,1,2022-04-23T04:52:05.3222801Z,0
4.86565,100.7129033,Daerah: Perak<br>No:3773<br>Hex coord:(26;69),n/a,6 ,0,0,0,0,0,1,2022-04-23T04:52:06.0607471Z,0
4.85787,100.72645,Daerah: Perak<br>No:3774<br>Hex coord:(27;69),n/a,8 ,0,0,0,0,0,1,2022-04-23T04:52:06.7996851Z,0
4.86565,100.7399968,Daerah: Perak<br>No:3775<br>Hex coord:(28;69),n/a,6 ,0,0,0,0,0,1,2022-04-23T04:52:08.5277782Z,0
4.85787,100.7535435,Daerah: Perak<br>No:3776<br>Hex coord:(29;69),n/a,3 ,0,0,0,0,0,1,2022-04-23T04:52:09.2661663Z,0
4.86565,100.7670902,Daerah: Perak<br>No:3777<br>Hex coord:(30;69),n/a,1 ,0,0,0,0,0,1,2022-04-23T04:52:10.0098232Z,0
4.85787,100.7806369,Daerah: Perak<br>No:3778<br>Hex coord:(31;69),n/a,0,0,0,0,0,0,1,2022-04-23T04:52:10.7568126Z,0
4.86565,100.7941836,Daerah: Perak<br>No:3779<br>Hex coord:(32;69),n/a,0,0,0,0,0,0,1,2022-04-23T04:52:11.5886610Z,0
4.85787,100.8077303,Daerah: Perak<br>No:3780<br>Hex coord:(33;69),n/a,0,0,0,0,0,0,1,2022-04-23T04:52:12.3604103Z,0
4.86565,100.821277,Daerah: Perak<br>No:3781<br>Hex coord:(34;69),n/a,0,0,0,0,0,0,1,2022-04-23T04:52:13.1944688Z,0
4.85787,100.8348237,Daerah: Perak<br>No:3782<br>Hex coord:(35;69),n/a,0,0,0,0,0,0,1,2022-04-23T04:52:14.1075419Z,0
4.86565,100.8483704,Daerah: Perak<br>No:3783<br>Hex coord:(36;69),n/a,0,0,0,0,0,0,1,2022-04-23T04:52:14.8611869Z,0
4.85787,100.8619171,Daerah: Perak<br>No:3784<br>Hex coord:(37;69),n/a,0,0,0,0,0,0,1,2022-04-23T04:52:15.6058762Z,0
4.86565,100.8754638,Daerah: Perak<br>No:3785<br>Hex coord:(38;69),n/a,0,0,0,0,0,0,1,2022-04-23T04:52:16.3437481Z,0
4.85787,100.8890105,Daerah: Perak<br>No:3786<br>Hex coord:(39;69),n/a,0,0,0,0,0,0,1,2022-04-23T04:52:17.0688141Z,0
4.86565,100.9025572,Daerah: Perak<br>No:3787<br>Hex coord:(40;69),n/a,23 ,0,0,0,0,0,1,2022-04-23T04:52:17.7928551Z,0
4.85787,100.9161039,Daerah: Perak<br>No:3788<br>Hex coord:(41;69),n/a,2 ,0,0,0,0,0,1,2022-04-23T04:52:18.5331604Z,0
4.86565,100.9296506,Daerah: Perak<br>No:3789<br>Hex coord:(42;69),n/a,1 ,0,0,0,0,0,1,2022-04-23T04:52:19.2569830Z,0
4.85787,100.9431973,Daerah: Perak<br>No:3790<br>Hex coord:(43;69),n/a,1 ,0,0,0,0,0,1,2022-04-23T04:52:19.9849867Z,0
4.86565,100.956744,Daerah: Perak<br>No:3791<br>Hex coord:(44;69),n/a,0,0,0,0,0,0,1,2022-04-23T04:52:20.7044125Z,0
4.85787,100.9702907,Daerah: Perak<br>No:3792<br>Hex coord:(45;69),n/a,0,0,0,0,0,0,1,2022-04-23T04:52:21.4302761Z,0
4.86565,100.9838374,Daerah: Perak<br>No:3793<br>Hex coord:(46;69),n/a,0,0,0,0,0,0,1,2022-04-23T04:52:22.1678422Z,0
4.85787,100.9973842,Daerah: Perak<br>No:3794<br>Hex coord:(47;69),n/a,0,0,0,0,0,0,1,2022-04-23T04:52:22.8899127Z,0
4.86565,101.0109309,Daerah: Perak<br>No:3795<br>Hex coord:(48;69),n/a,0,0,0,0,0,0,1,2022-04-23T04:52:23.6219221Z,0
4.85787,101.0244776,Daerah: Perak<br>No:3796<br>Hex coord:(49;69),n/a,0,0,0,0,0,0,1,2022-04-23T04:52:24.3496502Z,0
4.86565,101.0380243,Daerah: Perak<br>No:3797<br>Hex coord:(50;69),n/a,2 ,0,0,0,0,0,1,2022-04-23T04:52:25.0746135Z,0
4.85787,101.051571,Daerah: Perak<br>No:3798<br>Hex coord:(51;69),n/a,0,0,0,0,0,0,1,2022-04-23T04:52:25.8070359Z,0
4.86565,101.0651177,Daerah: Perak<br>No:3799<br>Hex coord:(52;69),n/a,0,0,0,0,0,0,1,2022-04-23T04:52:26.5300412Z,0
4.85787,101.0786644,Daerah: Perak<br>No:3800<br>Hex coord:(53;69),n/a,0,0,0,0,0,0,1,2022-04-23T04:52:27.2531453Z,0
4.86565,101.0922111,Daerah: Perak<br>No:3801<br>Hex coord:(54;69),n/a,0,0,0,0,0,0,1,2022-04-23T04:52:27.9717310Z,0
4.85787,101.1057578,Daerah: Perak<br>No:3802<br>Hex coord:(55;69),n/a,0,0,0,0,0,0,1,2022-04-23T04:52:28.7341843Z,0
4.86565,101.1193045,Daerah: Perak<br>No:3803<br>Hex coord:(56;69),n/a,0,0,0,0,0,0,1,2022-04-23T04:52:29.4586972Z,0
4.85787,101.1328512,Daerah: Perak<br>No:3804<br>Hex coord:(57;69),n/a,0,0,0,0,0,0,1,2022-04-23T04:52:30.1823427Z,0
4.86565,101.1463979,Daerah: Perak<br>No:3805<br>Hex coord:(58;69),n/a,0,0,0,0,0,0,1,2022-04-23T04:52:30.9434006Z,0
4.85787,101.1599446,Daerah: Perak<br>No:3806<br>Hex coord:(59;69),n/a,0,0,0,0,0,0,1,2022-04-23T04:52:31.6974425Z,0
4.86565,101.1734913,Daerah: Perak<br>No:3807<br>Hex coord:(60;69),n/a,0,0,0,0,0,0,1,2022-04-23T04:52:32.4278663Z,0
4.85787,101.187038,Daerah: Perak<br>No:3808<br>Hex coord:(61;69),n/a,2 ,0,0,0,0,0,1,2022-04-23T04:52:33.1463979Z,0
4.86565,101.2005847,Daerah: Perak<br>No:3809<br>Hex coord:(62;69),n/a,0,0,0,0,0,0,1,2022-04-23T04:52:33.8612723Z,0
4.85787,101.2141314,Daerah: Perak<br>No:3810<br>Hex coord:(63;69),n/a,0,0,0,0,0,0,1,2022-04-23T04:52:34.5965109Z,0
4.86565,101.2276781,Daerah: Perak<br>No:3811<br>Hex coord:(64;69),n/a,0,0,0,0,0,0,1,2022-04-23T04:52:35.3343631Z,0
4.85787,101.2412249,Daerah: Perak<br>No:3812<br>Hex coord:(65;69),n/a,0,0,0,0,0,0,1,2022-04-23T04:52:47.0291647Z,0
4.86565,101.2547716,Daerah: Perak<br>No:3813<br>Hex coord:(66;69),n/a,0,0,0,0,0,0,1,2022-04-23T04:52:47.7568515Z,0
4.85787,101.2683183,Daerah: Perak<br>No:3814<br>Hex coord:(67;69),n/a,0,0,0,0,0,0,1,2022-04-23T04:52:48.4813457Z,0
4.86565,101.281865,Daerah: Perak<br>No:3815<br>Hex coord:(68;69),n/a,0,0,0,0,0,0,1,2022-04-23T04:52:49.2131064Z,0
4.85787,101.2954117,Daerah: Perak<br>No:3816<br>Hex coord:(69;69),n/a,0,0,0,0,0,0,1,2022-04-23T04:52:49.9570903Z,0
4.86565,101.3089584,Daerah: Perak<br>No:3817<br>Hex coord:(70;69),n/a,0,0,0,0,0,0,1,2022-04-23T04:52:50.6927631Z,0
4.85787,101.3225051,Daerah: Perak<br>No:3818<br>Hex coord:(71;69),n/a,0,0,0,0,0,0,1,2022-04-23T04:52:51.5638126Z,0
4.86565,101.3360518,Daerah: Perak<br>No:3819<br>Hex coord:(72;69),n/a,0,0,0,0,0,0,1,2022-04-23T04:52:52.2917885Z,0
4.85787,101.3495985,Daerah: Perak<br>No:3820<br>Hex coord:(73;69),n/a,0,0,0,0,0,0,1,2022-04-23T04:52:53.0176920Z,0
4.86565,101.3631452,Daerah: Perak<br>No:3821<br>Hex coord:(74;69),n/a,0,0,0,0,0,0,1,2022-04-23T04:52:53.7572937Z,0
4.85787,101.3766919,Daerah: Perak<br>No:3822<br>Hex coord:(75;69),n/a,0,0,0,0,0,0,1,2022-04-23T04:52:54.4876958Z,0
4.86565,101.3902386,Daerah: Perak<br>No:3823<br>Hex coord:(76;69),n/a,0,0,0,0,0,0,1,2022-04-23T04:52:55.2038323Z,0
4.85787,101.4037853,Daerah: Perak<br>No:3824<br>Hex coord:(77;69),n/a,0,0,0,0,0,0,1,2022-04-23T04:52:55.9334694Z,0
4.86565,101.417332,Daerah: Perak<br>No:3825<br>Hex coord:(78;69),n/a,0,0,0,0,0,0,1,2022-04-23T04:52:56.6734414Z,0
4.84231,100.5638896,Daerah: Perak<br>No:3826<br>Hex coord:(15;70),n/a,0,0,0,0,0,0,1,2022-04-23T04:52:57.3850244Z,0
4.85009,100.5774363,Daerah: Perak<br>No:3827<br>Hex coord:(16;70),n/a,0,0,0,0,0,0,1,2022-04-23T04:52:58.1003765Z,0
4.84231,100.590983,Daerah: Perak<br>No:3828<br>Hex coord:(17;70),n/a,0,0,0,0,0,0,1,2022-04-23T04:52:58.8203262Z,0
4.85009,100.6045297,Daerah: Perak<br>No:3829<br>Hex coord:(18;70),n/a,0,0,0,0,0,0,1,2022-04-23T04:52:59.5433471Z,0
4.84231,100.6180764,Daerah: Perak<br>No:3830<br>Hex coord:(19;70),n/a,0,0,0,0,0,0,1,2022-04-23T04:53:00.2988603Z,0
4.85009,100.6316231,Daerah: Perak<br>No:3831<br>Hex coord:(20;70),n/a,0,0,0,0,0,0,1,2022-04-23T04:53:01.0411985Z,0
4.84231,100.6451698,Daerah: Perak<br>No:3832<br>Hex coord:(21;70),n/a,0,0,0,0,0,0,1,2022-04-23T04:53:01.7738781Z,0
4.85009,100.6587165,Daerah: Perak<br>No:3833<br>Hex coord:(22;70),n/a,1 ,0,0,0,0,0,1,2022-04-23T04:53:02.5009344Z,0
4.84231,100.6722632,Daerah: Perak<br>No:3834<br>Hex coord:(23;70),n/a,0,0,0,0,0,0,1,2022-04-23T04:53:03.2157968Z,0
4.85009,100.6858099,Daerah: Perak<br>No:3835<br>Hex coord:(24;70),n/a,0,0,0,0,0,0,1,2022-04-23T04:53:03.9614792Z,0
4.84231,100.6993566,Daerah: Perak<br>No:3836<br>Hex coord:(25;70),n/a,3 ,0,0,0,0,0,1,2022-04-23T04:53:04.6812160Z,0
4.85009,100.7129033,Daerah: Perak<br>No:3837<br>Hex coord:(26;70),n/a,18 ,0,0,0,0,0,1,2022-04-23T04:53:05.4259545Z,0
4.84231,100.72645,Daerah: Perak<br>No:3838<br>Hex coord:(27;70),n/a,13 ,0,0,0,0,0,1,2022-04-23T04:53:06.1606447Z,0
4.85009,100.7399968,Daerah: Perak<br>No:3839<br>Hex coord:(28;70),n/a,9 ,0,0,0,0,0,1,2022-04-23T04:53:07.1559612Z,0
4.84231,100.7535435,Daerah: Perak<br>No:3840<br>Hex coord:(29;70),n/a,3 ,0,0,0,0,0,1,2022-04-23T04:53:07.8881017Z,0
4.85009,100.7670902,Daerah: Perak<br>No:3841<br>Hex coord:(30;70),n/a,0,0,0,0,0,0,1,2022-04-23T04:53:08.6144255Z,0
4.84231,100.7806369,Daerah: Perak<br>No:3842<br>Hex coord:(31;70),n/a,0,0,0,0,0,0,1,2022-04-23T04:53:09.3413093Z,0
4.85009,100.7941836,Daerah: Perak<br>No:3843<br>Hex coord:(32;70),n/a,0,0,0,0,0,0,1,2022-04-23T04:53:10.0829454Z,0
4.84231,100.8077303,Daerah: Perak<br>No:3844<br>Hex coord:(33;70),n/a,0,0,0,0,0,0,1,2022-04-23T04:53:10.7985092Z,0
4.85009,100.821277,Daerah: Perak<br>No:3845<br>Hex coord:(34;70),n/a,0,0,0,0,0,0,1,2022-04-23T04:53:11.5458750Z,0
4.84231,100.8348237,Daerah: Perak<br>No:3846<br>Hex coord:(35;70),n/a,0,0,0,0,0,0,1,2022-04-23T04:53:12.3182641Z,0
4.85009,100.8483704,Daerah: Perak<br>No:3847<br>Hex coord:(36;70),n/a,0,0,0,0,0,0,1,2022-04-23T04:53:13.0493206Z,0
4.84231,100.8619171,Daerah: Perak<br>No:3848<br>Hex coord:(37;70),n/a,0,0,0,0,0,0,1,2022-04-23T04:53:13.7725507Z,0
4.85009,100.8754638,Daerah: Perak<br>No:3849<br>Hex coord:(38;70),n/a,0,0,0,0,0,0,1,2022-04-23T04:53:14.5016879Z,0
4.84231,100.8890105,Daerah: Perak<br>No:3850<br>Hex coord:(39;70),n/a,0,0,0,0,0,0,1,2022-04-23T04:53:15.2273425Z,0
4.85009,100.9025572,Daerah: Perak<br>No:3851<br>Hex coord:(40;70),n/a,23 ,0,0,0,0,0,1,2022-04-23T04:53:15.9684989Z,0
4.84231,100.9161039,Daerah: Perak<br>No:3852<br>Hex coord:(41;70),n/a,0,0,0,0,0,0,1,2022-04-23T04:53:16.6809705Z,0
4.85009,100.9296506,Daerah: Perak<br>No:3853<br>Hex coord:(42;70),n/a,2 ,0,0,0,0,0,1,2022-04-23T04:53:17.4090988Z,0
4.84231,100.9431973,Daerah: Perak<br>No:3854<br>Hex coord:(43;70),n/a,0,0,0,0,0,0,1,2022-04-23T04:53:18.1289727Z,0
4.85009,100.956744,Daerah: Perak<br>No:3855<br>Hex coord:(44;70),n/a,1 ,0,0,0,0,0,1,2022-04-23T04:53:19.0092989Z,0
4.84231,100.9702907,Daerah: Perak<br>No:3856<br>Hex coord:(45;70),n/a,1 ,0,0,0,0,0,1,2022-04-23T04:53:19.7444348Z,0
4.85009,100.9838374,Daerah: Perak<br>No:3857<br>Hex coord:(46;70),n/a,0,0,0,0,0,0,1,2022-04-23T04:53:20.4829925Z,0
4.84231,100.9973842,Daerah: Perak<br>No:3858<br>Hex coord:(47;70),n/a,1 ,0,0,0,0,0,1,2022-04-23T04:53:21.2203128Z,0
4.85009,101.0109309,Daerah: Perak<br>No:3859<br>Hex coord:(48;70),n/a,0,0,0,0,0,0,1,2022-04-23T04:53:21.9475461Z,0
4.84231,101.0244776,Daerah: Perak<br>No:3860<br>Hex coord:(49;70),n/a,0,0,0,0,0,0,1,2022-04-23T04:53:22.6838110Z,0
4.85009,101.0380243,Daerah: Perak<br>No:3861<br>Hex coord:(50;70),n/a,0,0,0,0,0,0,1,2022-04-23T04:53:23.4141184Z,0
4.84231,101.051571,Daerah: Perak<br>No:3862<br>Hex coord:(51;70),n/a,0,0,0,0,0,0,1,2022-04-23T04:53:24.1433265Z,0
4.85009,101.0651177,Daerah: Perak<br>No:3863<br>Hex coord:(52;70),n/a,0,0,0,0,0,0,1,2022-04-23T04:53:25.0312079Z,0
4.84231,101.0786644,Daerah: Perak<br>No:3864<br>Hex coord:(53;70),n/a,1 ,0,0,0,0,0,1,2022-04-23T04:53:25.7556242Z,0
4.85009,101.0922111,Daerah: Perak<br>No:3865<br>Hex coord:(54;70),n/a,0,0,0,0,0,0,1,2022-04-23T04:53:26.4799837Z,0
4.84231,101.1057578,Daerah: Perak<br>No:3866<br>Hex coord:(55;70),n/a,0,0,0,0,0,0,1,2022-04-23T04:53:27.3246491Z,0
4.85009,101.1193045,Daerah: Perak<br>No:3867<br>Hex coord:(56;70),n/a,0,0,0,0,0,0,1,2022-04-23T04:53:28.0670323Z,0
4.84231,101.1328512,Daerah: Perak<br>No:3868<br>Hex coord:(57;70),n/a,0,0,0,0,0,0,1,2022-04-23T04:53:28.7830342Z,0
4.85009,101.1463979,Daerah: Perak<br>No:3869<br>Hex coord:(58;70),n/a,0,0,0,0,0,0,1,2022-04-23T04:53:29.5075636Z,0
4.84231,101.1599446,Daerah: Perak<br>No:3870<br>Hex coord:(59;70),n/a,0,0,0,0,0,0,1,2022-04-23T04:53:30.3833538Z,0
4.85009,101.1734913,Daerah: Perak<br>No:3871<br>Hex coord:(60;70),n/a,0,0,0,0,0,0,1,2022-04-23T04:53:31.2328839Z,0
4.84231,101.187038,Daerah: Perak<br>No:3872<br>Hex coord:(61;70),n/a,0,0,0,0,0,0,1,2022-04-23T04:53:31.9703896Z,0
4.85009,101.2005847,Daerah: Perak<br>No:3873<br>Hex coord:(62;70),n/a,2 ,0,0,0,0,0,1,2022-04-23T04:53:32.7032687Z,0
4.84231,101.2141314,Daerah: Perak<br>No:3874<br>Hex coord:(63;70),n/a,0,0,0,0,0,0,1,2022-04-23T04:53:33.4601042Z,0
4.85009,101.2276781,Daerah: Perak<br>No:3875<br>Hex coord:(64;70),n/a,0,0,0,0,0,0,1,2022-04-23T04:53:34.2012436Z,0
4.84231,101.2412249,Daerah: Perak<br>No:3876<br>Hex coord:(65;70),n/a,0,0,0,0,0,0,1,2022-04-23T04:53:34.9444174Z,0
4.85009,101.2547716,Daerah: Perak<br>No:3877<br>Hex coord:(66;70),n/a,0,0,0,0,0,0,1,2022-04-23T04:53:35.6700936Z,0
4.84231,101.2683183,Daerah: Perak<br>No:3878<br>Hex coord:(67;70),n/a,0,0,0,0,0,0,1,2022-04-23T04:53:36.4099354Z,0
4.85009,101.281865,Daerah: Perak<br>No:3879<br>Hex coord:(68;70),n/a,0,0,0,0,0,0,1,2022-04-23T04:53:37.1308704Z,0
4.84231,101.2954117,Daerah: Perak<br>No:3880<br>Hex coord:(69;70),n/a,0,0,0,0,0,0,1,2022-04-23T04:53:37.8553725Z,0
4.85009,101.3089584,Daerah: Perak<br>No:3881<br>Hex coord:(70;70),n/a,0,0,0,0,0,0,1,2022-04-23T04:53:38.6273978Z,0
4.84231,101.3225051,Daerah: Perak<br>No:3882<br>Hex coord:(71;70),n/a,0,0,0,0,0,0,1,2022-04-23T04:53:39.3745177Z,0
4.85009,101.3360518,Daerah: Perak<br>No:3883<br>Hex coord:(72;70),n/a,0,0,0,0,0,0,1,2022-04-23T04:53:40.1164581Z,0
4.84231,101.3495985,Daerah: Perak<br>No:3884<br>Hex coord:(73;70),n/a,0,0,0,0,0,0,1,2022-04-23T04:53:40.8461439Z,0
4.85009,101.3631452,Daerah: Perak<br>No:3885<br>Hex coord:(74;70),n/a,0,0,0,0,0,0,1,2022-04-23T04:53:41.5753288Z,0
4.84231,101.3766919,Daerah: Perak<br>No:3886<br>Hex coord:(75;70),n/a,0,0,0,0,0,0,1,2022-04-23T04:53:42.3200631Z,0
4.85009,101.3902386,Daerah: Perak<br>No:3887<br>Hex coord:(76;70),n/a,0,0,0,0,0,0,1,2022-04-23T04:53:43.0468557Z,0
4.83453,100.5503429,Daerah: Perak<br>No:3888<br>Hex coord:(14;71),n/a,0,0,0,0,0,0,1,2022-04-23T04:53:43.7725846Z,0
4.82675,100.5638896,Daerah: Perak<br>No:3889<br>Hex coord:(15;71),n/a,0,0,0,0,0,0,1,2022-04-23T04:53:44.4958272Z,0
4.83453,100.5774363,Daerah: Perak<br>No:3890<br>Hex coord:(16;71),n/a,0,0,0,0,0,0,1,2022-04-23T04:53:45.2202216Z,0
4.82675,100.590983,Daerah: Perak<br>No:3891<br>Hex coord:(17;71),n/a,0,0,0,0,0,0,1,2022-04-23T04:53:45.9363283Z,0
4.83453,100.6045297,Daerah: Perak<br>No:3892<br>Hex coord:(18;71),n/a,0,0,0,0,0,0,1,2022-04-23T04:53:46.6604747Z,0
4.82675,100.6180764,Daerah: Perak<br>No:3893<br>Hex coord:(19;71),n/a,0,0,0,0,0,0,1,2022-04-23T04:53:47.4057925Z,0
4.83453,100.6316231,Daerah: Perak<br>No:3894<br>Hex coord:(20;71),n/a,2 ,0,0,0,0,0,1,2022-04-23T04:53:48.1406680Z,0
4.82675,100.6451698,Daerah: Perak<br>No:3895<br>Hex coord:(21;71),n/a,0,0,0,0,0,0,1,2022-04-23T04:53:48.8676998Z,0
4.83453,100.6587165,Daerah: Perak<br>No:3896<br>Hex coord:(22;71),n/a,1 ,0,0,0,0,0,1,2022-04-23T04:53:49.5894903Z,0
4.82675,100.6722632,Daerah: Perak<br>No:3897<br>Hex coord:(23;71),n/a,0,0,0,0,0,0,1,2022-04-23T04:53:50.3163704Z,0
4.83453,100.6858099,Daerah: Perak<br>No:3898<br>Hex coord:(24;71),n/a,0,0,0,0,0,0,1,2022-04-23T04:53:51.0397147Z,0
4.82675,100.6993566,Daerah: Perak<br>No:3899<br>Hex coord:(25;71),n/a,6 ,0,0,0,0,0,1,2022-04-23T04:53:51.7685618Z,0
4.83453,100.7129033,Daerah: Perak<br>No:3900<br>Hex coord:(26;71),n/a,3 ,0,0,0,0,0,1,2022-04-23T04:53:52.5135448Z,0
4.82675,100.72645,Daerah: Perak<br>No:3901<br>Hex coord:(27;71),n/a,8 ,0,0,0,0,0,1,2022-04-23T04:53:53.2474445Z,0
4.83453,100.7399968,Daerah: Perak<br>No:3902<br>Hex coord:(28;71),n/a,13 ,0,0,0,0,0,1,2022-04-23T04:53:53.9974927Z,0
4.82675,100.7535435,Daerah: Perak<br>No:3903<br>Hex coord:(29;71),n/a,5 ,0,0,0,0,0,1,2022-04-23T04:53:54.7355980Z,0
4.83453,100.7670902,Daerah: Perak<br>No:3904<br>Hex coord:(30;71),n/a,0,0,0,0,0,0,1,2022-04-23T04:53:55.4609171Z,0
4.82675,100.7806369,Daerah: Perak<br>No:3905<br>Hex coord:(31;71),n/a,0,0,0,0,0,0,1,2022-04-23T04:53:56.1953658Z,0
4.83453,100.7941836,Daerah: Perak<br>No:3906<br>Hex coord:(32;71),n/a,0,0,0,0,0,0,1,2022-04-23T04:53:56.9173840Z,0
4.82675,100.8077303,Daerah: Perak<br>No:3907<br>Hex coord:(33;71),n/a,0,0,0,0,0,0,1,2022-04-23T04:53:57.8217767Z,0
4.83453,100.821277,Daerah: Perak<br>No:3908<br>Hex coord:(34;71),n/a,0,0,0,0,0,0,1,2022-04-23T04:53:58.5460828Z,0
4.82675,100.8348237,Daerah: Perak<br>No:3909<br>Hex coord:(35;71),n/a,0,0,0,0,0,0,1,2022-04-23T04:53:59.2789919Z,0
4.83453,100.8483704,Daerah: Perak<br>No:3910<br>Hex coord:(36;71),n/a,0,0,0,0,0,0,1,2022-04-23T04:54:00.0058410Z,0
4.82675,100.8619171,Daerah: Perak<br>No:3911<br>Hex coord:(37;71),n/a,2 ,0,0,0,0,0,1,2022-04-23T04:54:00.7409601Z,0
4.83453,100.8754638,Daerah: Perak<br>No:3912<br>Hex coord:(38;71),n/a,3 ,0,0,0,0,0,1,2022-04-23T04:54:01.4737774Z,0
4.82675,100.8890105,Daerah: Perak<br>No:3913<br>Hex coord:(39;71),n/a,0,0,0,0,0,0,1,2022-04-23T04:54:02.2114830Z,0
4.83453,100.9025572,Daerah: Perak<br>No:3914<br>Hex coord:(40;71),n/a,0,0,0,0,0,0,1,2022-04-23T04:54:02.9392945Z,0
4.82675,100.9161039,Daerah: Perak<br>No:3915<br>Hex coord:(41;71),n/a,1 ,0,0,0,0,0,1,2022-04-23T04:54:03.6732964Z,0
4.83453,100.9296506,Daerah: Perak<br>No:3916<br>Hex coord:(42;71),n/a,0,0,0,0,0,0,1,2022-04-23T04:54:04.4039110Z,0
4.82675,100.9431973,Daerah: Perak<br>No:3917<br>Hex coord:(43;71),n/a,1 ,0,0,0,0,0,1,2022-04-23T04:54:06.1457330Z,0
4.83453,100.956744,Daerah: Perak<br>No:3918<br>Hex coord:(44;71),n/a,1 ,0,0,0,0,0,1,2022-04-23T04:54:06.8664786Z,0
4.82675,100.9702907,Daerah: Perak<br>No:3919<br>Hex coord:(45;71),n/a,3 ,0,0,0,0,0,1,2022-04-23T04:54:07.6068557Z,0
4.83453,100.9838374,Daerah: Perak<br>No:3920<br>Hex coord:(46;71),n/a,1 ,0,0,0,0,0,1,2022-04-23T04:54:08.3394432Z,0
4.82675,100.9973842,Daerah: Perak<br>No:3921<br>Hex coord:(47;71),n/a,0,0,0,0,0,0,1,2022-04-23T04:54:09.0683830Z,0
4.83453,101.0109309,Daerah: Perak<br>No:3922<br>Hex coord:(48;71),n/a,1 ,0,0,0,0,0,1,2022-04-23T04:54:09.7817097Z,0
4.82675,101.0244776,Daerah: Perak<br>No:3923<br>Hex coord:(49;71),n/a,0,0,0,0,0,0,1,2022-04-23T04:54:10.5208616Z,0
4.83453,101.0380243,Daerah: Perak<br>No:3924<br>Hex coord:(50;71),n/a,0,0,0,0,0,0,1,2022-04-23T04:54:11.2572921Z,0
4.82675,101.051571,Daerah: Perak<br>No:3925<br>Hex coord:(51;71),n/a,1 ,0,0,0,0,0,1,2022-04-23T04:54:11.9804056Z,0
4.83453,101.0651177,Daerah: Perak<br>No:3926<br>Hex coord:(52;71),n/a,0,0,0,0,0,0,1,2022-04-23T04:54:12.7121077Z,0
4.82675,101.0786644,Daerah: Perak<br>No:3927<br>Hex coord:(53;71),n/a,11 ,0,0,0,0,0,1,2022-04-23T04:54:13.4389435Z,0
4.83453,101.0922111,Daerah: Perak<br>No:3928<br>Hex coord:(54;71),n/a,0,0,0,0,0,0,1,2022-04-23T04:54:14.1681009Z,0
4.82675,101.1057578,Daerah: Perak<br>No:3929<br>Hex coord:(55;71),n/a,0,0,0,0,0,0,1,2022-04-23T04:54:14.9116254Z,0
4.83453,101.1193045,Daerah: Perak<br>No:3930<br>Hex coord:(56;71),n/a,0,0,0,0,0,0,1,2022-04-23T04:54:15.6313311Z,0
4.82675,101.1328512,Daerah: Perak<br>No:3931<br>Hex coord:(57;71),n/a,0,0,0,0,0,0,1,2022-04-23T04:54:16.3665632Z,0
4.83453,101.1463979,Daerah: Perak<br>No:3932<br>Hex coord:(58;71),n/a,0,0,0,0,0,0,1,2022-04-23T04:54:17.1266553Z,0
4.82675,101.1599446,Daerah: Perak<br>No:3933<br>Hex coord:(59;71),n/a,0,0,0,0,0,0,1,2022-04-23T04:54:18.0013403Z,0
4.83453,101.1734913,Daerah: Perak<br>No:3934<br>Hex coord:(60;71),n/a,0,0,0,0,0,0,1,2022-04-23T04:54:18.7543026Z,0
4.82675,101.187038,Daerah: Perak<br>No:3935<br>Hex coord:(61;71),n/a,0,0,0,0,0,0,1,2022-04-23T04:54:19.4696834Z,0
4.83453,101.2005847,Daerah: Perak<br>No:3936<br>Hex coord:(62;71),n/a,0,0,0,0,0,0,1,2022-04-23T04:54:20.2068312Z,0
4.82675,101.2141314,Daerah: Perak<br>No:3937<br>Hex coord:(63;71),n/a,0,0,0,0,0,0,1,2022-04-23T04:54:20.9621527Z,0
4.83453,101.2276781,Daerah: Perak<br>No:3938<br>Hex coord:(64;71),n/a,0,0,0,0,0,0,1,2022-04-23T04:54:21.6794234Z,0
4.82675,101.2412249,Daerah: Perak<br>No:3939<br>Hex coord:(65;71),n/a,0,0,0,0,0,0,1,2022-04-23T04:54:22.4349346Z,0
4.83453,101.2547716,Daerah: Perak<br>No:3940<br>Hex coord:(66;71),n/a,0,0,0,0,0,0,1,2022-04-23T04:54:23.2402166Z,0
4.82675,101.2683183,Daerah: Perak<br>No:3941<br>Hex coord:(67;71),n/a,0,0,0,0,0,0,1,2022-04-23T04:54:23.9671725Z,0
4.83453,101.281865,Daerah: Perak<br>No:3942<br>Hex coord:(68;71),n/a,0,0,0,0,0,0,1,2022-04-23T04:54:24.8083459Z,0
4.82675,101.2954117,Daerah: Perak<br>No:3943<br>Hex coord:(69;71),n/a,0,0,0,0,0,0,1,2022-04-23T04:54:25.6524910Z,0
4.83453,101.3089584,Daerah: Perak<br>No:3944<br>Hex coord:(70;71),n/a,0,0,0,0,0,0,1,2022-04-23T04:54:26.3916901Z,0
4.82675,101.3225051,Daerah: Perak<br>No:3945<br>Hex coord:(71;71),n/a,0,0,0,0,0,0,1,2022-04-23T04:54:27.1632285Z,0
4.83453,101.3360518,Daerah: Perak<br>No:3946<br>Hex coord:(72;71),n/a,0,0,0,0,0,0,1,2022-04-23T04:54:27.9837636Z,0
4.82675,101.3495985,Daerah: Perak<br>No:3947<br>Hex coord:(73;71),n/a,0,0,0,0,0,0,1,2022-04-23T04:54:28.6963491Z,0
4.83453,101.3631452,Daerah: Perak<br>No:3948<br>Hex coord:(74;71),n/a,0,0,0,0,0,0,1,2022-04-23T04:54:30.4216515Z,0
4.82675,101.3766919,Daerah: Perak<br>No:3949<br>Hex coord:(75;71),n/a,0,0,0,0,0,0,1,2022-04-23T04:54:31.1479164Z,0
4.83453,101.3902386,Daerah: Perak<br>No:3950<br>Hex coord:(76;71),n/a,0,0,0,0,0,0,1,2022-04-23T04:54:31.8960016Z,0
4.82675,101.4037853,Daerah: Perak<br>No:3951<br>Hex coord:(77;71),n/a,0,0,0,0,0,0,1,2022-04-23T04:54:32.6295619Z,0
4.81119,100.5638896,Daerah: Perak<br>No:3952<br>Hex coord:(15;72),n/a,0,0,0,0,0,0,1,2022-04-23T04:54:33.3587952Z,0
4.81897,100.5774363,Daerah: Perak<br>No:3953<br>Hex coord:(16;72),n/a,0,0,0,0,0,0,1,2022-04-23T04:54:34.1606717Z,0
4.81119,100.590983,Daerah: Perak<br>No:3954<br>Hex coord:(17;72),n/a,0,0,0,0,0,0,1,2022-04-23T04:54:34.9555409Z,0
4.81897,100.6045297,Daerah: Perak<br>No:3955<br>Hex coord:(18;72),n/a,0,0,0,0,0,0,1,2022-04-23T04:54:35.7406804Z,0
4.81119,100.6180764,Daerah: Perak<br>No:3956<br>Hex coord:(19;72),n/a,0,0,0,0,0,0,1,2022-04-23T04:54:36.5252532Z,0
4.81897,100.6316231,Daerah: Perak<br>No:3957<br>Hex coord:(20;72),n/a,0,0,0,0,0,0,1,2022-04-23T04:54:37.2815393Z,0
4.81119,100.6451698,Daerah: Perak<br>No:3958<br>Hex coord:(21;72),n/a,0,0,0,0,0,0,1,2022-04-23T04:54:38.0484106Z,0
4.81897,100.6587165,Daerah: Perak<br>No:3959<br>Hex coord:(22;72),n/a,1 ,0,0,0,0,0,1,2022-04-23T04:54:38.8169615Z,0
4.81119,100.6722632,Daerah: Perak<br>No:3960<br>Hex coord:(23;72),n/a,1 ,0,0,0,0,0,1,2022-04-23T04:54:39.5705516Z,0
4.81897,100.6858099,Daerah: Perak<br>No:3961<br>Hex coord:(24;72),n/a,0,0,0,0,0,0,1,2022-04-23T04:54:40.3221118Z,0
4.81119,100.6993566,Daerah: Perak<br>No:3962<br>Hex coord:(25;72),n/a,0,0,0,0,0,0,1,2022-04-23T04:54:41.0848748Z,0
4.81897,100.7129033,Daerah: Perak<br>No:3963<br>Hex coord:(26;72),n/a,4 ,0,0,0,0,0,1,2022-04-23T04:54:41.8524359Z,0
4.81119,100.72645,Daerah: Perak<br>No:3964<br>Hex coord:(27;72),n/a,6 ,0,0,0,0,0,1,2022-04-23T04:54:42.6410859Z,0
4.81897,100.7399968,Daerah: Perak<br>No:3965<br>Hex coord:(28;72),n/a,9 ,0,0,0,0,0,1,2022-04-23T04:54:43.4644379Z,0
4.81119,100.7535435,Daerah: Perak<br>No:3966<br>Hex coord:(29;72),n/a,0,0,0,0,0,0,1,2022-04-23T04:54:44.2517327Z,0
4.81897,100.7670902,Daerah: Perak<br>No:3967<br>Hex coord:(30;72),n/a,0,0,0,0,0,0,1,2022-04-23T04:54:45.1376469Z,0
4.81119,100.7806369,Daerah: Perak<br>No:3968<br>Hex coord:(31;72),n/a,0,0,0,0,0,0,1,2022-04-23T04:54:45.8602361Z,0
4.81897,100.7941836,Daerah: Perak<br>No:3969<br>Hex coord:(32;72),n/a,0,0,0,0,0,0,1,2022-04-23T04:54:46.6175332Z,0
4.81119,100.8077303,Daerah: Perak<br>No:3970<br>Hex coord:(33;72),n/a,0,0,0,0,0,0,1,2022-04-23T04:54:47.4232849Z,0
4.81897,100.821277,Daerah: Perak<br>No:3971<br>Hex coord:(34;72),n/a,0,0,0,0,0,0,1,2022-04-23T04:54:48.1627664Z,0
4.81119,100.8348237,Daerah: Perak<br>No:3972<br>Hex coord:(35;72),n/a,0,0,0,0,0,0,1,2022-04-23T04:54:48.9020514Z,0
4.81897,100.8483704,Daerah: Perak<br>No:3973<br>Hex coord:(36;72),n/a,0,0,0,0,0,0,1,2022-04-23T04:54:49.6421043Z,0
4.81119,100.8619171,Daerah: Perak<br>No:3974<br>Hex coord:(37;72),n/a,0,0,0,0,0,0,1,2022-04-23T04:54:50.3690523Z,0
4.81897,100.8754638,Daerah: Perak<br>No:3975<br>Hex coord:(38;72),n/a,1 ,0,0,0,0,0,1,2022-04-23T04:54:51.1184520Z,0
4.81119,100.8890105,Daerah: Perak<br>No:3976<br>Hex coord:(39;72),n/a,1 ,0,0,0,0,0,1,2022-04-23T04:54:51.8463591Z,0
4.81897,100.9025572,Daerah: Perak<br>No:3977<br>Hex coord:(40;72),n/a,2 ,0,0,0,0,0,1,2022-04-23T04:54:52.5731895Z,0
4.81119,100.9161039,Daerah: Perak<br>No:3978<br>Hex coord:(41;72),n/a,1 ,0,0,0,0,0,1,2022-04-23T04:54:53.3114679Z,0
4.81897,100.9296506,Daerah: Perak<br>No:3979<br>Hex coord:(42;72),n/a,0,0,0,0,0,0,1,2022-04-23T04:54:54.1828675Z,0
4.81119,100.9431973,Daerah: Perak<br>No:3980<br>Hex coord:(43;72),n/a,1 ,0,0,0,0,0,1,2022-04-23T04:54:55.0843779Z,0
4.81897,100.956744,Daerah: Perak<br>No:3981<br>Hex coord:(44;72),n/a,0,0,0,0,0,0,1,2022-04-23T04:54:56.1156022Z,0
4.81119,100.9702907,Daerah: Perak<br>No:3982<br>Hex coord:(45;72),n/a,0,0,0,0,0,0,1,2022-04-23T04:54:57.0581728Z,0
4.81897,100.9838374,Daerah: Perak<br>No:3983<br>Hex coord:(46;72),n/a,0,0,0,0,0,0,1,2022-04-23T04:54:57.8909625Z,0
4.81119,100.9973842,Daerah: Perak<br>No:3984<br>Hex coord:(47;72),n/a,0,0,0,0,0,0,1,2022-04-23T04:54:58.8265137Z,0
4.81897,101.0109309,Daerah: Perak<br>No:3985<br>Hex coord:(48;72),n/a,0,0,0,0,0,0,1,2022-04-23T04:54:59.7888951Z,0
4.81119,101.0244776,Daerah: Perak<br>No:3986<br>Hex coord:(49;72),n/a,0,0,0,0,0,0,1,2022-04-23T04:55:00.7638380Z,0
4.81897,101.0380243,Daerah: Perak<br>No:3987<br>Hex coord:(50;72),n/a,1 ,0,0,0,0,0,1,2022-04-23T04:55:01.8454383Z,0
4.81119,101.051571,Daerah: Perak<br>No:3988<br>Hex coord:(51;72),n/a,0,0,0,0,0,0,1,2022-04-23T04:55:02.7554723Z,0
4.81897,101.0651177,Daerah: Perak<br>No:3989<br>Hex coord:(52;72),n/a,8 ,0,0,0,0,0,1,2022-04-23T04:55:03.6670946Z,0
4.81119,101.0786644,Daerah: Perak<br>No:3990<br>Hex coord:(53;72),n/a,8 ,0,0,0,0,0,1,2022-04-23T04:55:04.7515631Z,0
4.81897,101.0922111,Daerah: Perak<br>No:3991<br>Hex coord:(54;72),n/a,9 ,0,0,0,0,0,1,2022-04-23T04:55:05.5904470Z,0
4.81119,101.1057578,Daerah: Perak<br>No:3992<br>Hex coord:(55;72),n/a,1 ,0,0,0,0,0,1,2022-04-23T04:55:06.4432856Z,0
4.81897,101.1193045,Daerah: Perak<br>No:3993<br>Hex coord:(56;72),n/a,0,0,0,0,0,0,1,2022-04-23T04:55:07.3651861Z,0
4.81119,101.1328512,Daerah: Perak<br>No:3994<br>Hex coord:(57;72),n/a,0,0,0,0,0,0,1,2022-04-23T04:55:08.3154591Z,0
4.81897,101.1463979,Daerah: Perak<br>No:3995<br>Hex coord:(58;72),n/a,0,0,0,0,0,0,1,2022-04-23T04:55:09.2153033Z,0
4.81119,101.1599446,Daerah: Perak<br>No:3996<br>Hex coord:(59;72),n/a,0,0,0,0,0,0,1,2022-04-23T04:55:10.0859838Z,0
4.81897,101.1734913,Daerah: Perak<br>No:3997<br>Hex coord:(60;72),n/a,0,0,0,0,0,0,1,2022-04-23T04:55:10.8673255Z,0
4.81119,101.187038,Daerah: Perak<br>No:3998<br>Hex coord:(61;72),n/a,0,0,0,0,0,0,1,2022-04-23T04:55:11.7054128Z,0
4.81897,101.2005847,Daerah: Perak<br>No:3999<br>Hex coord:(62;72),n/a,0,0,0,0,0,0,1,2022-04-23T04:55:12.5798373Z,0
4.81119,101.2141314,Daerah: Perak<br>No:4000<br>Hex coord:(63;72),n/a,0,0,0,0,0,0,1,2022-04-23T04:55:13.3253353Z,0
4.81897,101.2276781,Daerah: Perak<br>No:4001<br>Hex coord:(64;72),n/a,0,0,0,0,0,0,1,2022-04-23T04:55:14.1228531Z,0
4.81119,101.2412249,Daerah: Perak<br>No:4002<br>Hex coord:(65;72),n/a,0,0,0,0,0,0,1,2022-04-23T04:55:14.8689304Z,0
4.81897,101.2547716,Daerah: Perak<br>No:4003<br>Hex coord:(66;72),n/a,0,0,0,0,0,0,1,2022-04-23T04:55:15.6408510Z,0
4.81119,101.2683183,Daerah: Perak<br>No:4004<br>Hex coord:(67;72),n/a,0,0,0,0,0,0,1,2022-04-23T04:55:16.5097082Z,0
4.81897,101.281865,Daerah: Perak<br>No:4005<br>Hex coord:(68;72),n/a,0,0,0,0,0,0,1,2022-04-23T04:55:17.2941910Z,0
4.81119,101.2954117,Daerah: Perak<br>No:4006<br>Hex coord:(69;72),n/a,0,0,0,0,0,0,1,2022-04-23T04:55:18.0984724Z,0
4.81897,101.3089584,Daerah: Perak<br>No:4007<br>Hex coord:(70;72),n/a,0,0,0,0,0,0,1,2022-04-23T04:55:18.8707504Z,0
4.81119,101.3225051,Daerah: Perak<br>No:4008<br>Hex coord:(71;72),n/a,0,0,0,0,0,0,1,2022-04-23T04:55:19.7506197Z,0
4.81897,101.3360518,Daerah: Perak<br>No:4009<br>Hex coord:(72;72),n/a,0,0,0,0,0,0,1,2022-04-23T04:55:20.4670635Z,0
4.81119,101.3495985,Daerah: Perak<br>No:4010<br>Hex coord:(73;72),n/a,0,0,0,0,0,0,1,2022-04-23T04:55:21.2209863Z,0
4.81897,101.3631452,Daerah: Perak<br>No:4011<br>Hex coord:(74;72),n/a,0,0,0,0,0,0,1,2022-04-23T04:55:22.1418888Z,0
4.81119,101.3766919,Daerah: Perak<br>No:4012<br>Hex coord:(75;72),n/a,0,0,0,0,0,0,1,2022-04-23T04:55:22.8876597Z,0
4.81897,101.3902386,Daerah: Perak<br>No:4013<br>Hex coord:(76;72),n/a,0,0,0,0,0,0,1,2022-04-23T04:55:23.6162895Z,0
4.81119,101.4037853,Daerah: Perak<br>No:4014<br>Hex coord:(77;72),n/a,0,0,0,0,0,0,1,2022-04-23T04:55:24.3772579Z,0
4.79563,100.5638896,Daerah: Perak<br>No:4015<br>Hex coord:(15;73),n/a,0,0,0,0,0,0,1,2022-04-23T04:55:25.1715128Z,0
4.80341,100.5774363,Daerah: Perak<br>No:4016<br>Hex coord:(16;73),n/a,0,0,0,0,0,0,1,2022-04-23T04:55:25.9527553Z,0
4.79563,100.590983,Daerah: Perak<br>No:4017<br>Hex coord:(17;73),n/a,0,0,0,0,0,0,1,2022-04-23T04:55:26.7338846Z,0
4.80341,100.6045297,Daerah: Perak<br>No:4018<br>Hex coord:(18;73),n/a,0,0,0,0,0,0,1,2022-04-23T04:55:27.6084069Z,0
4.79563,100.6180764,Daerah: Perak<br>No:4019<br>Hex coord:(19;73),n/a,0,0,0,0,0,0,1,2022-04-23T04:55:28.3567095Z,0
4.80341,100.6316231,Daerah: Perak<br>No:4020<br>Hex coord:(20;73),n/a,0,0,0,0,0,0,1,2022-04-23T04:55:29.1333596Z,0
4.79563,100.6451698,Daerah: Perak<br>No:4021<br>Hex coord:(21;73),n/a,0,0,0,0,0,0,1,2022-04-23T04:55:29.9485606Z,0
4.80341,100.6587165,Daerah: Perak<br>No:4022<br>Hex coord:(22;73),n/a,0,0,0,0,0,0,1,2022-04-23T04:55:30.7146767Z,0
4.79563,100.6722632,Daerah: Perak<br>No:4023<br>Hex coord:(23;73),n/a,1 ,0,0,0,0,0,1,2022-04-23T04:55:31.5095498Z,0
4.80341,100.6858099,Daerah: Perak<br>No:4024<br>Hex coord:(24;73),n/a,1 ,0,0,0,0,0,1,2022-04-23T04:55:32.2636508Z,0
4.79563,100.6993566,Daerah: Perak<br>No:4025<br>Hex coord:(25;73),n/a,0,0,0,0,0,0,1,2022-04-23T04:55:33.0251145Z,0
4.80341,100.7129033,Daerah: Perak<br>No:4026<br>Hex coord:(26;73),n/a,0,0,0,0,0,0,1,2022-04-23T04:55:33.7985645Z,0
4.79563,100.72645,Daerah: Perak<br>No:4027<br>Hex coord:(27;73),n/a,3 ,0,0,0,0,0,1,2022-04-23T04:55:34.6014464Z,0
4.80341,100.7399968,Daerah: Perak<br>No:4028<br>Hex coord:(28;73),n/a,5 ,0,0,0,0,0,1,2022-04-23T04:55:35.3789108Z,0
4.79563,100.7535435,Daerah: Perak<br>No:4029<br>Hex coord:(29;73),n/a,0,0,0,0,0,0,1,2022-04-23T04:55:36.1666195Z,0
4.80341,100.7670902,Daerah: Perak<br>No:4030<br>Hex coord:(30;73),n/a,0,0,0,0,0,0,1,2022-04-23T04:55:36.9503298Z,0
4.79563,100.7806369,Daerah: Perak<br>No:4031<br>Hex coord:(31;73),n/a,0,0,0,0,0,0,1,2022-04-23T04:55:37.6946179Z,0
4.80341,100.7941836,Daerah: Perak<br>No:4032<br>Hex coord:(32;73),n/a,0,0,0,0,0,0,1,2022-04-23T04:55:38.6711005Z,0
4.79563,100.8077303,Daerah: Perak<br>No:4033<br>Hex coord:(33;73),n/a,0,0,0,0,0,0,1,2022-04-23T04:55:39.4747238Z,0
4.80341,100.821277,Daerah: Perak<br>No:4034<br>Hex coord:(34;73),n/a,0,0,0,0,0,0,1,2022-04-23T04:55:40.2921480Z,0
4.79563,100.8348237,Daerah: Perak<br>No:4035<br>Hex coord:(35;73),n/a,1 ,0,0,0,0,0,1,2022-04-23T04:55:41.0674961Z,0
4.80341,100.8483704,Daerah: Perak<br>No:4036<br>Hex coord:(36;73),n/a,1 ,0,0,0,0,0,1,2022-04-23T04:55:41.8518189Z,0
4.79563,100.8619171,Daerah: Perak<br>No:4037<br>Hex coord:(37;73),n/a,0,0,0,0,0,0,1,2022-04-23T04:55:42.6120585Z,0
4.80341,100.8754638,Daerah: Perak<br>No:4038<br>Hex coord:(38;73),n/a,0,0,0,0,0,0,1,2022-04-23T04:55:43.3806155Z,0
4.79563,100.8890105,Daerah: Perak<br>No:4039<br>Hex coord:(39;73),n/a,1 ,0,0,0,0,0,1,2022-04-23T04:55:44.1674808Z,0
4.80341,100.9025572,Daerah: Perak<br>No:4040<br>Hex coord:(40;73),n/a,2 ,0,0,0,0,0,1,2022-04-23T04:55:44.9316263Z,0
4.79563,100.9161039,Daerah: Perak<br>No:4041<br>Hex coord:(41;73),n/a,0,0,0,0,0,0,1,2022-04-23T04:55:45.8075695Z,0
4.80341,100.9296506,Daerah: Perak<br>No:4042<br>Hex coord:(42;73),n/a,0,0,0,0,0,0,1,2022-04-23T04:55:46.6313372Z,0
4.79563,100.9431973,Daerah: Perak<br>No:4043<br>Hex coord:(43;73),n/a,2 ,0,0,0,0,0,1,2022-04-23T04:55:47.4065147Z,0
4.80341,100.956744,Daerah: Perak<br>No:4044<br>Hex coord:(44;73),n/a,5 ,0,0,0,0,0,1,2022-04-23T04:55:48.2112468Z,0
4.79563,100.9702907,Daerah: Perak<br>No:4045<br>Hex coord:(45;73),n/a,0,0,0,0,0,0,1,2022-04-23T04:55:49.0738267Z,0
4.80341,100.9838374,Daerah: Perak<br>No:4046<br>Hex coord:(46;73),n/a,0,0,0,0,0,0,1,2022-04-23T04:55:49.9234351Z,0
4.79563,100.9973842,Daerah: Perak<br>No:4047<br>Hex coord:(47;73),n/a,0,0,0,0,0,0,1,2022-04-23T04:55:50.7277736Z,0
4.80341,101.0109309,Daerah: Perak<br>No:4048<br>Hex coord:(48;73),n/a,0,0,0,0,0,0,1,2022-04-23T04:55:52.6518862Z,0
4.79563,101.0244776,Daerah: Perak<br>No:4049<br>Hex coord:(49;73),n/a,0,0,0,0,0,0,1,2022-04-23T04:55:53.5208344Z,0
4.80341,101.0380243,Daerah: Perak<br>No:4050<br>Hex coord:(50;73),n/a,0,0,0,0,0,0,1,2022-04-23T04:55:54.3855728Z,0
4.79563,101.051571,Daerah: Perak<br>No:4051<br>Hex coord:(51;73),n/a,0,0,0,0,0,0,1,2022-04-23T04:55:55.1749253Z,0
4.80341,101.0651177,Daerah: Perak<br>No:4052<br>Hex coord:(52;73),n/a,0,0,0,0,0,0,1,2022-04-23T04:55:55.9601832Z,0
4.79563,101.0786644,Daerah: Perak<br>No:4053<br>Hex coord:(53;73),n/a,0,0,0,0,0,0,1,2022-04-23T04:55:56.7454090Z,0
4.80341,101.0922111,Daerah: Perak<br>No:4054<br>Hex coord:(54;73),n/a,11 ,0,0,0,0,0,1,2022-04-23T04:55:57.6221566Z,0
4.79563,101.1057578,Daerah: Perak<br>No:4055<br>Hex coord:(55;73),n/a,2 ,0,0,0,0,0,1,2022-04-23T04:55:58.4580463Z,0
4.80341,101.1193045,Daerah: Perak<br>No:4056<br>Hex coord:(56;73),n/a,0,0,0,0,0,0,1,2022-04-23T04:55:59.2491695Z,0
4.79563,101.1328512,Daerah: Perak<br>No:4057<br>Hex coord:(57;73),n/a,0,0,0,0,0,0,1,2022-04-23T04:56:00.0562791Z,0
4.80341,101.1463979,Daerah: Perak<br>No:4058<br>Hex coord:(58;73),n/a,0,0,0,0,0,0,1,2022-04-23T04:56:01.0740073Z,0
4.79563,101.1599446,Daerah: Perak<br>No:4059<br>Hex coord:(59;73),n/a,0,0,0,0,0,0,1,2022-04-23T04:56:02.0087080Z,0
4.80341,101.1734913,Daerah: Perak<br>No:4060<br>Hex coord:(60;73),n/a,0,0,0,0,0,0,1,2022-04-23T04:56:02.8639244Z,0
4.79563,101.187038,Daerah: Perak<br>No:4061<br>Hex coord:(61;73),n/a,0,0,0,0,0,0,1,2022-04-23T04:56:03.6619446Z,0
4.80341,101.2005847,Daerah: Perak<br>No:4062<br>Hex coord:(62;73),n/a,0,0,0,0,0,0,1,2022-04-23T04:56:04.4605207Z,0
4.79563,101.2141314,Daerah: Perak<br>No:4063<br>Hex coord:(63;73),n/a,0,0,0,0,0,0,1,2022-04-23T04:56:05.2745336Z,0
4.80341,101.2276781,Daerah: Perak<br>No:4064<br>Hex coord:(64;73),n/a,0,0,0,0,0,0,1,2022-04-23T04:56:06.0839402Z,0
4.79563,101.2412249,Daerah: Perak<br>No:4065<br>Hex coord:(65;73),n/a,0,0,0,0,0,0,1,2022-04-23T04:56:06.8375968Z,0
4.80341,101.2547716,Daerah: Perak<br>No:4066<br>Hex coord:(66;73),n/a,0,0,0,0,0,0,1,2022-04-23T04:56:07.5758812Z,0
4.79563,101.2683183,Daerah: Perak<br>No:4067<br>Hex coord:(67;73),n/a,0,0,0,0,0,0,1,2022-04-23T04:56:08.3757702Z,0
4.80341,101.281865,Daerah: Perak<br>No:4068<br>Hex coord:(68;73),n/a,0,0,0,0,0,0,1,2022-04-23T04:56:09.1233079Z,0
4.79563,101.2954117,Daerah: Perak<br>No:4069<br>Hex coord:(69;73),n/a,0,0,0,0,0,0,1,2022-04-23T04:56:09.8511680Z,0
4.80341,101.3089584,Daerah: Perak<br>No:4070<br>Hex coord:(70;73),n/a,0,0,0,0,0,0,1,2022-04-23T04:56:10.5626169Z,0
4.79563,101.3225051,Daerah: Perak<br>No:4071<br>Hex coord:(71;73),n/a,0,0,0,0,0,0,1,2022-04-23T04:56:11.3096725Z,0
4.80341,101.3360518,Daerah: Perak<br>No:4072<br>Hex coord:(72;73),n/a,0,0,0,0,0,0,1,2022-04-23T04:56:13.0744096Z,0
4.79563,101.3495985,Daerah: Perak<br>No:4073<br>Hex coord:(73;73),n/a,0,0,0,0,0,0,1,2022-04-23T04:56:13.8395414Z,0
4.80341,101.3631452,Daerah: Perak<br>No:4074<br>Hex coord:(74;73),n/a,0,0,0,0,0,0,1,2022-04-23T04:56:14.5923505Z,0
4.79563,101.3766919,Daerah: Perak<br>No:4075<br>Hex coord:(75;73),n/a,0,0,0,0,0,0,1,2022-04-23T04:56:15.3192982Z,0
4.80341,101.3902386,Daerah: Perak<br>No:4076<br>Hex coord:(76;73),n/a,0,0,0,0,0,0,1,2022-04-23T04:56:16.0571992Z,0
4.79563,101.4037853,Daerah: Perak<br>No:4077<br>Hex coord:(77;73),n/a,0,0,0,0,0,0,1,2022-04-23T04:56:16.7892262Z,0
4.78785,100.5774363,Daerah: Perak<br>No:4078<br>Hex coord:(16;74),n/a,0,0,0,0,0,0,1,2022-04-23T04:56:18.6436205Z,0
4.78007,100.6180764,Daerah: Perak<br>No:4079<br>Hex coord:(19;74),n/a,0,0,0,0,0,0,1,2022-04-23T04:56:20.3662021Z,0
4.78785,100.6316231,Daerah: Perak<br>No:4080<br>Hex coord:(20;74),n/a,0,0,0,0,0,0,1,2022-04-23T04:56:21.1046125Z,0
4.78007,100.6451698,Daerah: Perak<br>No:4081<br>Hex coord:(21;74),n/a,0,0,0,0,0,0,1,2022-04-23T04:56:21.8412963Z,0
4.78785,100.6587165,Daerah: Perak<br>No:4082<br>Hex coord:(22;74),n/a,0,0,0,0,0,0,1,2022-04-23T04:56:22.5836594Z,0
4.78007,100.6722632,Daerah: Perak<br>No:4083<br>Hex coord:(23;74),n/a,0,0,0,0,0,0,1,2022-04-23T04:56:23.3080195Z,0
4.78785,100.6858099,Daerah: Perak<br>No:4084<br>Hex coord:(24;74),n/a,0,0,0,0,0,0,1,2022-04-23T04:56:24.0528405Z,0
4.78007,100.6993566,Daerah: Perak<br>No:4085<br>Hex coord:(25;74),n/a,1 ,0,0,0,0,0,1,2022-04-23T04:56:24.7895990Z,0
4.78785,100.7129033,Daerah: Perak<br>No:4086<br>Hex coord:(26;74),n/a,1 ,0,0,0,0,0,1,2022-04-23T04:56:25.5255845Z,0
4.78007,100.72645,Daerah: Perak<br>No:4087<br>Hex coord:(27;74),n/a,6 ,0,0,0,0,0,1,2022-04-23T04:56:26.3385671Z,0
4.78785,100.7399968,Daerah: Perak<br>No:4088<br>Hex coord:(28;74),n/a,0,0,0,0,0,0,1,2022-04-23T04:56:27.1326253Z,0
4.78007,100.7535435,Daerah: Perak<br>No:4089<br>Hex coord:(29;74),n/a,2 ,0,0,0,0,0,1,2022-04-23T04:56:27.8976624Z,0
4.78785,100.7670902,Daerah: Perak<br>No:4090<br>Hex coord:(30;74),n/a,3 ,0,0,0,0,0,1,2022-04-23T04:56:29.7760398Z,0
4.78007,100.7806369,Daerah: Perak<br>No:4091<br>Hex coord:(31;74),n/a,2 ,0,0,0,0,0,1,2022-04-23T04:56:30.6679552Z,0
4.78785,100.7941836,Daerah: Perak<br>No:4092<br>Hex coord:(32;74),n/a,0,0,0,0,0,0,1,2022-04-23T04:56:31.3986814Z,0
4.78007,100.8077303,Daerah: Perak<br>No:4093<br>Hex coord:(33;74),n/a,0,0,0,0,0,0,1,2022-04-23T04:56:32.1555069Z,0
4.78785,100.821277,Daerah: Perak<br>No:4094<br>Hex coord:(34;74),n/a,0,0,0,0,0,0,1,2022-04-23T04:56:32.9487131Z,0
4.78007,100.8348237,Daerah: Perak<br>No:4095<br>Hex coord:(35;74),n/a,0,0,0,0,0,0,1,2022-04-23T04:56:33.7767219Z,0
4.78785,100.8483704,Daerah: Perak<br>No:4096<br>Hex coord:(36;74),n/a,3 ,0,0,0,0,0,1,2022-04-23T04:56:34.5406735Z,0
4.78007,100.8619171,Daerah: Perak<br>No:4097<br>Hex coord:(37;74),n/a,3 ,0,0,0,0,0,1,2022-04-23T04:56:35.2889218Z,0
4.78785,100.8754638,Daerah: Perak<br>No:4098<br>Hex coord:(38;74),n/a,0,0,0,0,0,0,1,2022-04-23T04:56:36.0312268Z,0
4.78007,100.8890105,Daerah: Perak<br>No:4099<br>Hex coord:(39;74),n/a,2 ,0,0,0,0,0,1,2022-04-23T04:56:36.7878626Z,0
4.78785,100.9025572,Daerah: Perak<br>No:4100<br>Hex coord:(40;74),n/a,3 ,0,0,0,0,0,1,2022-04-23T04:56:37.5075381Z,0
4.78007,100.9161039,Daerah: Perak<br>No:4101<br>Hex coord:(41;74),n/a,7 ,0,0,0,0,0,1,2022-04-23T04:56:38.2403378Z,0
4.78785,100.9296506,Daerah: Perak<br>No:4102<br>Hex coord:(42;74),n/a,3 ,0,0,0,0,0,1,2022-04-23T04:56:38.9730698Z,0
4.78007,100.9431973,Daerah: Perak<br>No:4103<br>Hex coord:(43;74),n/a,76 ,0,0,0,0,0,1,2022-04-23T04:56:39.7154177Z,0
4.78785,100.956744,Daerah: Perak<br>No:4104<br>Hex coord:(44;74),n/a,0,0,0,0,0,0,1,2022-04-23T04:56:40.4457781Z,0
4.78007,100.9702907,Daerah: Perak<br>No:4105<br>Hex coord:(45;74),n/a,0,0,0,0,0,0,1,2022-04-23T04:56:41.1868925Z,0
4.78785,100.9838374,Daerah: Perak<br>No:4106<br>Hex coord:(46;74),n/a,0,0,0,0,0,0,1,2022-04-23T04:56:41.9311921Z,0
4.78007,100.9973842,Daerah: Perak<br>No:4107<br>Hex coord:(47;74),n/a,0,0,0,0,0,0,1,2022-04-23T04:56:43.6718449Z,0
4.78785,101.0109309,Daerah: Perak<br>No:4108<br>Hex coord:(48;74),n/a,0,0,0,0,0,0,1,2022-04-23T04:56:44.5827249Z,0
4.78007,101.0244776,Daerah: Perak<br>No:4109<br>Hex coord:(49;74),n/a,0,0,0,0,0,0,1,2022-04-23T04:56:45.3023563Z,0
4.78785,101.0380243,Daerah: Perak<br>No:4110<br>Hex coord:(50;74),n/a,0,0,0,0,0,0,1,2022-04-23T04:56:47.0300365Z,0
4.78007,101.051571,Daerah: Perak<br>No:4111<br>Hex coord:(51;74),n/a,0,0,0,0,0,0,1,2022-04-23T04:56:47.8761045Z,0
4.78785,101.0651177,Daerah: Perak<br>No:4112<br>Hex coord:(52;74),n/a,0,0,0,0,0,0,1,2022-04-23T04:56:48.6197858Z,0
4.78007,101.0786644,Daerah: Perak<br>No:4113<br>Hex coord:(53;74),n/a,0,0,0,0,0,0,1,2022-04-23T04:56:49.3537890Z,0
4.78785,101.0922111,Daerah: Perak<br>No:4114<br>Hex coord:(54;74),n/a,0,0,0,0,0,0,1,2022-04-23T04:56:50.0863032Z,0
4.78007,101.1057578,Daerah: Perak<br>No:4115<br>Hex coord:(55;74),n/a,0,0,0,0,0,0,1,2022-04-23T04:56:50.8099147Z,0
4.78785,101.1193045,Daerah: Perak<br>No:4116<br>Hex coord:(56;74),n/a,2 ,0,0,0,0,0,1,2022-04-23T04:56:51.5988472Z,0
4.78007,101.1328512,Daerah: Perak<br>No:4117<br>Hex coord:(57;74),n/a,0,0,0,0,0,0,1,2022-04-23T04:56:52.4299698Z,0
4.78785,101.1463979,Daerah: Perak<br>No:4118<br>Hex coord:(58;74),n/a,0,0,0,0,0,0,1,2022-04-23T04:56:53.1507817Z,0
4.78007,101.1599446,Daerah: Perak<br>No:4119<br>Hex coord:(59;74),n/a,0,0,0,0,0,0,1,2022-04-23T04:56:53.8614734Z,0
4.78785,101.1734913,Daerah: Perak<br>No:4120<br>Hex coord:(60;74),n/a,0,0,0,0,0,0,1,2022-04-23T04:56:54.5818842Z,0
4.78007,101.187038,Daerah: Perak<br>No:4121<br>Hex coord:(61;74),n/a,0,0,0,0,0,0,1,2022-04-23T04:56:55.3107152Z,0
4.78785,101.2005847,Daerah: Perak<br>No:4122<br>Hex coord:(62;74),n/a,0,0,0,0,0,0,1,2022-04-23T04:56:57.0400575Z,0
4.78007,101.2141314,Daerah: Perak<br>No:4123<br>Hex coord:(63;74),n/a,0,0,0,0,0,0,1,2022-04-23T04:56:57.7597143Z,0
4.78785,101.2276781,Daerah: Perak<br>No:4124<br>Hex coord:(64;74),n/a,0,0,0,0,0,0,1,2022-04-23T04:56:58.4734364Z,0
4.78007,101.2412249,Daerah: Perak<br>No:4125<br>Hex coord:(65;74),n/a,0,0,0,0,0,0,1,2022-04-23T04:56:59.2168078Z,0
4.78785,101.2547716,Daerah: Perak<br>No:4126<br>Hex coord:(66;74),n/a,0,0,0,0,0,0,1,2022-04-23T04:56:59.9460702Z,0
4.78007,101.2683183,Daerah: Perak<br>No:4127<br>Hex coord:(67;74),n/a,0,0,0,0,0,0,1,2022-04-23T04:57:00.6753040Z,0
4.78785,101.281865,Daerah: Perak<br>No:4128<br>Hex coord:(68;74),n/a,0,0,0,0,0,0,1,2022-04-23T04:57:01.3939473Z,0
4.78007,101.2954117,Daerah: Perak<br>No:4129<br>Hex coord:(69;74),n/a,0,0,0,0,0,0,1,2022-04-23T04:57:02.1099755Z,0
4.78785,101.3089584,Daerah: Perak<br>No:4130<br>Hex coord:(70;74),n/a,0,0,0,0,0,0,1,2022-04-23T04:57:02.8505456Z,0
4.78007,101.3225051,Daerah: Perak<br>No:4131<br>Hex coord:(71;74),n/a,0,0,0,0,0,0,1,2022-04-23T04:57:03.5766698Z,0
4.78785,101.3360518,Daerah: Perak<br>No:4132<br>Hex coord:(72;74),n/a,0,0,0,0,0,0,1,2022-04-23T04:57:04.3047371Z,0
4.78007,101.3495985,Daerah: Perak<br>No:4133<br>Hex coord:(73;74),n/a,0,0,0,0,0,0,1,2022-04-23T04:57:05.0292056Z,0
4.78785,101.3631452,Daerah: Perak<br>No:4134<br>Hex coord:(74;74),n/a,0,0,0,0,0,0,1,2022-04-23T04:57:05.7524950Z,0
4.78007,101.3766919,Daerah: Perak<br>No:4135<br>Hex coord:(75;74),n/a,0,0,0,0,0,0,1,2022-04-23T04:57:06.5110317Z,0
4.78785,101.3902386,Daerah: Perak<br>No:4136<br>Hex coord:(76;74),n/a,0,0,0,0,0,0,1,2022-04-23T04:57:07.2541404Z,0
4.77229,100.6316231,Daerah: Perak<br>No:4137<br>Hex coord:(20;75),n/a,0,0,0,0,0,0,1,2022-04-23T04:57:07.9922493Z,0
4.76451,100.6451698,Daerah: Perak<br>No:4138<br>Hex coord:(21;75),n/a,0,0,0,0,0,0,1,2022-04-23T04:57:08.7332280Z,0
4.77229,100.6587165,Daerah: Perak<br>No:4139<br>Hex coord:(22;75),n/a,0,0,0,0,0,0,1,2022-04-23T04:57:09.5862949Z,0
4.76451,100.6722632,Daerah: Perak<br>No:4140<br>Hex coord:(23;75),n/a,0,0,0,0,0,0,1,2022-04-23T04:57:10.3100334Z,0
4.77229,100.6858099,Daerah: Perak<br>No:4141<br>Hex coord:(24;75),n/a,0,0,0,0,0,0,1,2022-04-23T04:57:11.0538102Z,0
4.76451,100.6993566,Daerah: Perak<br>No:4142<br>Hex coord:(25;75),n/a,0,0,0,0,0,0,1,2022-04-23T04:57:11.7768428Z,0
4.77229,100.7129033,Daerah: Perak<br>No:4143<br>Hex coord:(26;75),n/a,3 ,0,0,0,0,0,1,2022-04-23T04:57:12.5143761Z,0
4.76451,100.72645,Daerah: Perak<br>No:4144<br>Hex coord:(27;75),n/a,3 ,0,0,0,0,0,1,2022-04-23T04:57:13.2459189Z,0
4.77229,100.7399968,Daerah: Perak<br>No:4145<br>Hex coord:(28;75),n/a,0,0,0,0,0,0,1,2022-04-23T04:57:13.9620682Z,0
4.76451,100.7535435,Daerah: Perak<br>No:4146<br>Hex coord:(29;75),n/a,0,0,0,0,0,0,1,2022-04-23T04:57:14.6888563Z,0
4.77229,100.7670902,Daerah: Perak<br>No:4147<br>Hex coord:(30;75),n/a,7 ,0,0,0,0,0,1,2022-04-23T04:57:15.4228555Z,0
4.76451,100.7806369,Daerah: Perak<br>No:4148<br>Hex coord:(31;75),n/a,0,0,0,0,0,0,1,2022-04-23T04:57:16.1580471Z,0
4.77229,100.7941836,Daerah: Perak<br>No:4149<br>Hex coord:(32;75),n/a,0,0,0,0,0,0,1,2022-04-23T04:57:16.9242247Z,0
4.76451,100.8077303,Daerah: Perak<br>No:4150<br>Hex coord:(33;75),n/a,0,0,0,0,0,0,1,2022-04-23T04:57:18.6675301Z,0
4.77229,100.821277,Daerah: Perak<br>No:4151<br>Hex coord:(34;75),n/a,0,0,0,0,0,0,1,2022-04-23T04:57:19.3925580Z,0
4.76451,100.8348237,Daerah: Perak<br>No:4152<br>Hex coord:(35;75),n/a,0,0,0,0,0,0,1,2022-04-23T04:57:20.1469485Z,0
4.77229,100.8483704,Daerah: Perak<br>No:4153<br>Hex coord:(36;75),n/a,2 ,0,0,0,0,0,1,2022-04-23T04:57:20.8869567Z,0
4.76451,100.8619171,Daerah: Perak<br>No:4154<br>Hex coord:(37;75),n/a,0,0,0,0,0,0,1,2022-04-23T04:57:21.6211205Z,0
4.77229,100.8754638,Daerah: Perak<br>No:4155<br>Hex coord:(38;75),n/a,1 ,0,0,0,0,0,1,2022-04-23T04:57:22.3432301Z,0
4.76451,100.8890105,Daerah: Perak<br>No:4156<br>Hex coord:(39;75),n/a,0,0,0,0,0,0,1,2022-04-23T04:57:23.0640661Z,0
4.77229,100.9025572,Daerah: Perak<br>No:4157<br>Hex coord:(40;75),n/a,2 ,0,0,0,0,0,1,2022-04-23T04:57:23.7908984Z,0
4.76451,100.9161039,Daerah: Perak<br>No:4158<br>Hex coord:(41;75),n/a,2 ,0,0,0,0,0,1,2022-04-23T04:57:24.5713722Z,0
4.77229,100.9296506,Daerah: Perak<br>No:4159<br>Hex coord:(42;75),n/a,70 ,0,0,0,0,0,1,2022-04-23T04:57:25.2898609Z,0
4.76451,100.9431973,Daerah: Perak<br>No:4160<br>Hex coord:(43;75),n/a,24 ,0,0,0,0,0,1,2022-04-23T04:57:26.0204555Z,0
4.77229,100.956744,Daerah: Perak<br>No:4161<br>Hex coord:(44;75),n/a,2 ,0,0,0,0,0,1,2022-04-23T04:57:26.7398366Z,0
4.76451,100.9702907,Daerah: Perak<br>No:4162<br>Hex coord:(45;75),n/a,2 ,0,0,0,0,0,1,2022-04-23T04:57:27.4690692Z,0
4.77229,100.9838374,Daerah: Perak<br>No:4163<br>Hex coord:(46;75),n/a,0,0,0,0,0,0,1,2022-04-23T04:57:28.1982343Z,0
4.76451,100.9973842,Daerah: Perak<br>No:4164<br>Hex coord:(47;75),n/a,0,0,0,0,0,0,1,2022-04-23T04:57:29.9467876Z,0
4.77229,101.0109309,Daerah: Perak<br>No:4165<br>Hex coord:(48;75),n/a,0,0,0,0,0,0,1,2022-04-23T04:57:30.6923372Z,0
4.76451,101.0244776,Daerah: Perak<br>No:4166<br>Hex coord:(49;75),n/a,0,0,0,0,0,0,1,2022-04-23T04:57:31.4429837Z,0
4.77229,101.0380243,Daerah: Perak<br>No:4167<br>Hex coord:(50;75),n/a,0,0,0,0,0,0,1,2022-04-23T04:57:32.1794071Z,0
4.76451,101.051571,Daerah: Perak<br>No:4168<br>Hex coord:(51;75),n/a,0,0,0,0,0,0,1,2022-04-23T04:57:32.8976656Z,0
4.77229,101.0651177,Daerah: Perak<br>No:4169<br>Hex coord:(52;75),n/a,0,0,0,0,0,0,1,2022-04-23T04:57:33.6197535Z,0
4.76451,101.0786644,Daerah: Perak<br>No:4170<br>Hex coord:(53;75),n/a,0,0,0,0,0,0,1,2022-04-23T04:57:34.3524507Z,0
4.77229,101.0922111,Daerah: Perak<br>No:4171<br>Hex coord:(54;75),n/a,0,0,0,0,0,0,1,2022-04-23T04:57:35.0783942Z,0
4.76451,101.1057578,Daerah: Perak<br>No:4172<br>Hex coord:(55;75),n/a,0,0,0,0,0,0,1,2022-04-23T04:57:35.8072166Z,0
4.77229,101.1193045,Daerah: Perak<br>No:4173<br>Hex coord:(56;75),n/a,0,0,0,0,0,0,1,2022-04-23T04:57:36.5488584Z,0
4.76451,101.1328512,Daerah: Perak<br>No:4174<br>Hex coord:(57;75),n/a,2 ,0,0,0,0,0,1,2022-04-23T04:57:37.2776545Z,0
4.77229,101.1463979,Daerah: Perak<br>No:4175<br>Hex coord:(58;75),n/a,0,0,0,0,0,0,1,2022-04-23T04:57:38.0176182Z,0
4.76451,101.1599446,Daerah: Perak<br>No:4176<br>Hex coord:(59;75),n/a,0,0,0,0,0,0,1,2022-04-23T04:57:38.7370793Z,0
4.77229,101.1734913,Daerah: Perak<br>No:4177<br>Hex coord:(60;75),n/a,0,0,0,0,0,0,1,2022-04-23T04:57:39.5759643Z,0
4.76451,101.187038,Daerah: Perak<br>No:4178<br>Hex coord:(61;75),n/a,0,0,0,0,0,0,1,2022-04-23T04:57:40.3069314Z,0
4.77229,101.2005847,Daerah: Perak<br>No:4179<br>Hex coord:(62;75),n/a,0,0,0,0,0,0,1,2022-04-23T04:57:41.0398979Z,0
4.76451,101.2141314,Daerah: Perak<br>No:4180<br>Hex coord:(63;75),n/a,0,0,0,0,0,0,1,2022-04-23T04:57:41.7736864Z,0
4.77229,101.2276781,Daerah: Perak<br>No:4181<br>Hex coord:(64;75),n/a,0,0,0,0,0,0,1,2022-04-23T04:57:42.6048063Z,0
4.76451,101.2412249,Daerah: Perak<br>No:4182<br>Hex coord:(65;75),n/a,0,0,0,0,0,0,1,2022-04-23T04:57:43.3248938Z,0
4.77229,101.2547716,Daerah: Perak<br>No:4183<br>Hex coord:(66;75),n/a,0,0,0,0,0,0,1,2022-04-23T04:57:44.1919587Z,0
4.76451,101.2683183,Daerah: Perak<br>No:4184<br>Hex coord:(67;75),n/a,0,0,0,0,0,0,1,2022-04-23T04:57:44.9115287Z,0
4.77229,101.281865,Daerah: Perak<br>No:4185<br>Hex coord:(68;75),n/a,0,0,0,0,0,0,1,2022-04-23T04:57:45.6420971Z,0
4.76451,101.2954117,Daerah: Perak<br>No:4186<br>Hex coord:(69;75),n/a,0,0,0,0,0,0,1,2022-04-23T04:57:46.3593084Z,0
4.77229,101.3089584,Daerah: Perak<br>No:4187<br>Hex coord:(70;75),n/a,0,0,0,0,0,0,1,2022-04-23T04:57:47.0884313Z,0
4.76451,101.3225051,Daerah: Perak<br>No:4188<br>Hex coord:(71;75),n/a,0,0,0,0,0,0,1,2022-04-23T04:57:47.8105591Z,0
4.77229,101.3360518,Daerah: Perak<br>No:4189<br>Hex coord:(72;75),n/a,0,0,0,0,0,0,1,2022-04-23T04:57:48.5290136Z,0
4.76451,101.3495985,Daerah: Perak<br>No:4190<br>Hex coord:(73;75),n/a,0,0,0,0,0,0,1,2022-04-23T04:57:49.3916575Z,0
4.77229,101.3631452,Daerah: Perak<br>No:4191<br>Hex coord:(74;75),n/a,0,0,0,0,0,0,1,2022-04-23T04:57:50.1222957Z,0
4.76451,101.3766919,Daerah: Perak<br>No:4192<br>Hex coord:(75;75),n/a,0,0,0,0,0,0,1,2022-04-23T04:57:50.8489217Z,0
4.74895,100.590983,Daerah: Perak<br>No:4193<br>Hex coord:(17;76),n/a,0,0,0,0,0,0,1,2022-04-23T04:57:51.5751642Z,0
4.75673,100.6045297,Daerah: Perak<br>No:4194<br>Hex coord:(18;76),n/a,0,0,0,0,0,0,1,2022-04-23T04:57:52.5080394Z,0
4.74895,100.6180764,Daerah: Perak<br>No:4195<br>Hex coord:(19;76),n/a,0,0,0,0,0,0,1,2022-04-23T04:57:54.2711985Z,0
4.75673,100.6316231,Daerah: Perak<br>No:4196<br>Hex coord:(20;76),n/a,0,0,0,0,0,0,1,2022-04-23T04:57:55.0989598Z,0
4.74895,100.6451698,Daerah: Perak<br>No:4197<br>Hex coord:(21;76),n/a,0,0,0,0,0,0,1,2022-04-23T04:57:55.8175159Z,0
4.75673,100.6587165,Daerah: Perak<br>No:4198<br>Hex coord:(22;76),n/a,0,0,0,0,0,0,1,2022-04-23T04:57:56.5302561Z,0
4.74895,100.6722632,Daerah: Perak<br>No:4199<br>Hex coord:(23;76),n/a,0,0,0,0,0,0,1,2022-04-23T04:57:57.2877481Z,0
4.75673,100.6858099,Daerah: Perak<br>No:4200<br>Hex coord:(24;76),n/a,0,0,0,0,0,0,1,2022-04-23T04:57:58.0227794Z,0
4.74895,100.6993566,Daerah: Perak<br>No:4201<br>Hex coord:(25;76),n/a,0,0,0,0,0,0,1,2022-04-23T04:57:58.7467440Z,0
4.75673,100.7129033,Daerah: Perak<br>No:4202<br>Hex coord:(26;76),n/a,0,0,0,0,0,0,1,2022-04-23T04:57:59.4718424Z,0
4.74895,100.72645,Daerah: Perak<br>No:4203<br>Hex coord:(27;76),n/a,0,0,0,0,0,0,1,2022-04-23T04:58:00.2284599Z,0
4.75673,100.7399968,Daerah: Perak<br>No:4204<br>Hex coord:(28;76),n/a,1 ,0,0,0,0,0,1,2022-04-23T04:58:00.9476325Z,0
4.74895,100.7535435,Daerah: Perak<br>No:4205<br>Hex coord:(29;76),n/a,0,0,0,0,0,0,1,2022-04-23T04:58:01.6692967Z,0
4.75673,100.7670902,Daerah: Perak<br>No:4206<br>Hex coord:(30;76),n/a,2 ,0,0,0,0,0,1,2022-04-23T04:58:02.3996377Z,0
4.74895,100.7806369,Daerah: Perak<br>No:4207<br>Hex coord:(31;76),n/a,0,0,0,0,0,0,1,2022-04-23T04:58:03.1098242Z,0
4.75673,100.7941836,Daerah: Perak<br>No:4208<br>Hex coord:(32;76),n/a,0,0,0,0,0,0,1,2022-04-23T04:58:03.8968194Z,0
4.74895,100.8077303,Daerah: Perak<br>No:4209<br>Hex coord:(33;76),n/a,0,0,0,0,0,0,1,2022-04-23T04:58:04.6217233Z,0
4.75673,100.821277,Daerah: Perak<br>No:4210<br>Hex coord:(34;76),n/a,0,0,0,0,0,0,1,2022-04-23T04:58:05.3580887Z,0
4.74895,100.8348237,Daerah: Perak<br>No:4211<br>Hex coord:(35;76),n/a,0,0,0,0,0,0,1,2022-04-23T04:58:06.0825733Z,0
4.75673,100.8483704,Daerah: Perak<br>No:4212<br>Hex coord:(36;76),n/a,0,0,0,0,0,0,1,2022-04-23T04:58:07.8091071Z,0
4.74895,100.8619171,Daerah: Perak<br>No:4213<br>Hex coord:(37;76),n/a,0,0,0,0,0,0,1,2022-04-23T04:58:08.5395341Z,0
4.75673,100.8754638,Daerah: Perak<br>No:4214<br>Hex coord:(38;76),n/a,0,0,0,0,0,0,1,2022-04-23T04:58:09.2664466Z,0
4.74895,100.8890105,Daerah: Perak<br>No:4215<br>Hex coord:(39;76),n/a,0,0,0,0,0,0,1,2022-04-23T04:58:09.9955391Z,0
4.75673,100.9025572,Daerah: Perak<br>No:4216<br>Hex coord:(40;76),n/a,0,0,0,0,0,0,1,2022-04-23T04:58:10.7247504Z,0
4.74895,100.9161039,Daerah: Perak<br>No:4217<br>Hex coord:(41;76),n/a,3 ,0,0,0,0,0,1,2022-04-23T04:58:11.4516420Z,0
4.75673,100.9296506,Daerah: Perak<br>No:4218<br>Hex coord:(42;76),n/a,4 ,0,0,0,0,0,1,2022-04-23T04:58:12.2906683Z,0
4.74895,100.9431973,Daerah: Perak<br>No:4219<br>Hex coord:(43;76),n/a,1 ,0,0,0,0,0,1,2022-04-23T04:58:13.0149321Z,0
4.75673,100.956744,Daerah: Perak<br>No:4220<br>Hex coord:(44;76),n/a,1 ,0,0,0,0,0,1,2022-04-23T04:58:13.7391929Z,0
4.74895,100.9702907,Daerah: Perak<br>No:4221<br>Hex coord:(45;76),n/a,0,0,0,0,0,0,1,2022-04-23T04:58:14.4744251Z,0
4.75673,100.9838374,Daerah: Perak<br>No:4222<br>Hex coord:(46;76),n/a,0,0,0,0,0,0,1,2022-04-23T04:58:16.2296880Z,0
4.74895,100.9973842,Daerah: Perak<br>No:4223<br>Hex coord:(47;76),n/a,0,0,0,0,0,0,1,2022-04-23T04:58:16.9627246Z,0
4.75673,101.0109309,Daerah: Perak<br>No:4224<br>Hex coord:(48;76),n/a,0,0,0,0,0,0,1,2022-04-23T04:58:17.7078535Z,0
4.74895,101.0244776,Daerah: Perak<br>No:4225<br>Hex coord:(49;76),n/a,0,0,0,0,0,0,1,2022-04-23T04:58:18.4262308Z,0
4.75673,101.0380243,Daerah: Perak<br>No:4226<br>Hex coord:(50;76),n/a,0,0,0,0,0,0,1,2022-04-23T04:58:19.1659181Z,0
4.74895,101.051571,Daerah: Perak<br>No:4227<br>Hex coord:(51;76),n/a,0,0,0,0,0,0,1,2022-04-23T04:58:19.8878012Z,0
4.75673,101.0651177,Daerah: Perak<br>No:4228<br>Hex coord:(52;76),n/a,0,0,0,0,0,0,1,2022-04-23T04:58:20.6207030Z,0
4.74895,101.0786644,Daerah: Perak<br>No:4229<br>Hex coord:(53;76),n/a,0,0,0,0,0,0,1,2022-04-23T04:58:21.3524922Z,0
4.75673,101.0922111,Daerah: Perak<br>No:4230<br>Hex coord:(54;76),n/a,0,0,0,0,0,0,1,2022-04-23T04:58:22.1082590Z,0
4.74895,101.1057578,Daerah: Perak<br>No:4231<br>Hex coord:(55;76),n/a,0,0,0,0,0,0,1,2022-04-23T04:58:22.8497584Z,0
4.75673,101.1193045,Daerah: Perak<br>No:4232<br>Hex coord:(56;76),n/a,2 ,0,0,0,0,0,1,2022-04-23T04:58:23.5899028Z,0
4.74895,101.1328512,Daerah: Perak<br>No:4233<br>Hex coord:(57;76),n/a,0,0,0,0,0,0,1,2022-04-23T04:58:24.5051814Z,0
4.75673,101.1463979,Daerah: Perak<br>No:4234<br>Hex coord:(58;76),n/a,1 ,0,0,0,0,0,1,2022-04-23T04:58:25.2178761Z,0
4.74895,101.1599446,Daerah: Perak<br>No:4235<br>Hex coord:(59;76),n/a,0,0,0,0,0,0,1,2022-04-23T04:58:25.9545698Z,0
4.75673,101.1734913,Daerah: Perak<br>No:4236<br>Hex coord:(60;76),n/a,0,0,0,0,0,0,1,2022-04-23T04:58:26.6876489Z,0
4.74895,101.187038,Daerah: Perak<br>No:4237<br>Hex coord:(61;76),n/a,0,0,0,0,0,0,1,2022-04-23T04:58:27.4157238Z,0
4.75673,101.2005847,Daerah: Perak<br>No:4238<br>Hex coord:(62;76),n/a,0,0,0,0,0,0,1,2022-04-23T04:58:28.1582348Z,0
4.74895,101.2141314,Daerah: Perak<br>No:4239<br>Hex coord:(63;76),n/a,0,0,0,0,0,0,1,2022-04-23T04:58:28.8925785Z,0
4.75673,101.2276781,Daerah: Perak<br>No:4240<br>Hex coord:(64;76),n/a,0,0,0,0,0,0,1,2022-04-23T04:58:29.6377368Z,0
4.74895,101.2412249,Daerah: Perak<br>No:4241<br>Hex coord:(65;76),n/a,0,0,0,0,0,0,1,2022-04-23T04:58:30.3645817Z,0
4.75673,101.2547716,Daerah: Perak<br>No:4242<br>Hex coord:(66;76),n/a,0,0,0,0,0,0,1,2022-04-23T04:58:31.0821589Z,0
4.74895,101.2683183,Daerah: Perak<br>No:4243<br>Hex coord:(67;76),n/a,0,0,0,0,0,0,1,2022-04-23T04:58:31.8013579Z,0
4.75673,101.281865,Daerah: Perak<br>No:4244<br>Hex coord:(68;76),n/a,0,0,0,0,0,0,1,2022-04-23T04:58:32.5538879Z,0
4.74895,101.2954117,Daerah: Perak<br>No:4245<br>Hex coord:(69;76),n/a,0,0,0,0,0,0,1,2022-04-23T04:58:33.3177433Z,0
4.75673,101.3089584,Daerah: Perak<br>No:4246<br>Hex coord:(70;76),n/a,0,0,0,0,0,0,1,2022-04-23T04:58:34.0506875Z,0
4.74895,101.3225051,Daerah: Perak<br>No:4247<br>Hex coord:(71;76),n/a,0,0,0,0,0,0,1,2022-04-23T04:58:34.7860478Z,0
4.75673,101.3360518,Daerah: Perak<br>No:4248<br>Hex coord:(72;76),n/a,0,0,0,0,0,0,1,2022-04-23T04:58:35.5379704Z,0
4.74895,101.3495985,Daerah: Perak<br>No:4249<br>Hex coord:(73;76),n/a,0,0,0,0,0,0,1,2022-04-23T04:58:36.2599839Z,0
4.75673,101.3631452,Daerah: Perak<br>No:4250<br>Hex coord:(74;76),n/a,0,0,0,0,0,0,1,2022-04-23T04:58:37.0010077Z,0
4.74895,101.3766919,Daerah: Perak<br>No:4251<br>Hex coord:(75;76),n/a,0,0,0,0,0,0,1,2022-04-23T04:58:37.7297489Z,0
4.74117,100.5774363,Daerah: Perak<br>No:4252<br>Hex coord:(16;77),n/a,0,0,0,0,0,0,1,2022-04-23T04:58:38.4956846Z,0
4.73339,100.590983,Daerah: Perak<br>No:4253<br>Hex coord:(17;77),n/a,0,0,0,0,0,0,1,2022-04-23T04:58:41.9869911Z,0
4.74117,100.6045297,Daerah: Perak<br>No:4254<br>Hex coord:(18;77),n/a,0,0,0,0,0,0,1,2022-04-23T04:58:42.9761960Z,0
4.73339,100.6180764,Daerah: Perak<br>No:4255<br>Hex coord:(19;77),n/a,0,0,0,0,0,0,1,2022-04-23T04:58:43.7020524Z,0
4.74117,100.6316231,Daerah: Perak<br>No:4256<br>Hex coord:(20;77),n/a,0,0,0,0,0,0,1,2022-04-23T04:58:45.4358621Z,0
4.73339,100.6451698,Daerah: Perak<br>No:4257<br>Hex coord:(21;77),n/a,0,0,0,0,0,0,1,2022-04-23T04:58:46.1613846Z,0
4.74117,100.6587165,Daerah: Perak<br>No:4258<br>Hex coord:(22;77),n/a,0,0,0,0,0,0,1,2022-04-23T04:58:46.8810879Z,0
4.73339,100.6722632,Daerah: Perak<br>No:4259<br>Hex coord:(23;77),n/a,0,0,0,0,0,0,1,2022-04-23T04:58:47.6176097Z,0
4.74117,100.6858099,Daerah: Perak<br>No:4260<br>Hex coord:(24;77),n/a,0,0,0,0,0,0,1,2022-04-23T04:58:48.3548288Z,0
4.73339,100.6993566,Daerah: Perak<br>No:4261<br>Hex coord:(25;77),n/a,0,0,0,0,0,0,1,2022-04-23T04:58:49.0756336Z,0
4.74117,100.7129033,Daerah: Perak<br>No:4262<br>Hex coord:(26;77),n/a,2 ,0,0,0,0,0,1,2022-04-23T04:58:49.8077695Z,0
4.73339,100.72645,Daerah: Perak<br>No:4263<br>Hex coord:(27;77),n/a,0,0,0,0,0,0,1,2022-04-23T04:58:50.5419915Z,0
4.74117,100.7399968,Daerah: Perak<br>No:4264<br>Hex coord:(28;77),n/a,0,0,0,0,0,0,1,2022-04-23T04:58:51.2827423Z,0
4.73339,100.7535435,Daerah: Perak<br>No:4265<br>Hex coord:(29;77),n/a,0,0,0,0,0,0,1,2022-04-23T04:58:52.0237253Z,0
4.74117,100.7670902,Daerah: Perak<br>No:4266<br>Hex coord:(30;77),n/a,1 ,0,0,0,0,0,1,2022-04-23T04:58:52.7633682Z,0
4.73339,100.7806369,Daerah: Perak<br>No:4267<br>Hex coord:(31;77),n/a,0,0,0,0,0,0,1,2022-04-23T04:58:53.4911565Z,0
4.74117,100.7941836,Daerah: Perak<br>No:4268<br>Hex coord:(32;77),n/a,0,0,0,0,0,0,1,2022-04-23T04:58:54.3729253Z,0
4.73339,100.8077303,Daerah: Perak<br>No:4269<br>Hex coord:(33;77),n/a,0,0,0,0,0,0,1,2022-04-23T04:58:55.1162668Z,0
4.74117,100.821277,Daerah: Perak<br>No:4270<br>Hex coord:(34;77),n/a,0,0,0,0,0,0,1,2022-04-23T04:58:55.8604105Z,0
4.73339,100.8348237,Daerah: Perak<br>No:4271<br>Hex coord:(35;77),n/a,0,0,0,0,0,0,1,2022-04-23T04:58:56.5835204Z,0
4.74117,100.8483704,Daerah: Perak<br>No:4272<br>Hex coord:(36;77),n/a,0,0,0,0,0,0,1,2022-04-23T04:58:57.3010097Z,0
4.73339,100.8619171,Daerah: Perak<br>No:4273<br>Hex coord:(37;77),n/a,0,0,0,0,0,0,1,2022-04-23T04:58:58.0575435Z,0
4.74117,100.8754638,Daerah: Perak<br>No:4274<br>Hex coord:(38;77),n/a,0,0,0,0,0,0,1,2022-04-23T04:58:58.7756319Z,0
4.73339,100.8890105,Daerah: Perak<br>No:4275<br>Hex coord:(39;77),n/a,0,0,0,0,0,0,1,2022-04-23T04:58:59.4974530Z,0
4.74117,100.9025572,Daerah: Perak<br>No:4276<br>Hex coord:(40;77),n/a,0,0,0,0,0,0,1,2022-04-23T04:59:00.3970310Z,0
4.73339,100.9161039,Daerah: Perak<br>No:4277<br>Hex coord:(41;77),n/a,10 ,0,0,0,0,0,1,2022-04-23T04:59:01.1544064Z,0
4.74117,100.9296506,Daerah: Perak<br>No:4278<br>Hex coord:(42;77),n/a,4 ,0,0,0,0,0,1,2022-04-23T04:59:01.8835780Z,0
4.73339,100.9431973,Daerah: Perak<br>No:4279<br>Hex coord:(43;77),n/a,0,0,0,0,0,0,1,2022-04-23T04:59:02.5937197Z,0
4.74117,100.956744,Daerah: Perak<br>No:4280<br>Hex coord:(44;77),n/a,11 ,0,0,0,0,0,1,2022-04-23T04:59:03.3374785Z,0
4.73339,100.9702907,Daerah: Perak<br>No:4281<br>Hex coord:(45;77),n/a,0,0,0,0,0,0,1,2022-04-23T04:59:04.0581450Z,0
4.74117,100.9838374,Daerah: Perak<br>No:4282<br>Hex coord:(46;77),n/a,0,0,0,0,0,0,1,2022-04-23T04:59:04.7882747Z,0
4.73339,100.9973842,Daerah: Perak<br>No:4283<br>Hex coord:(47;77),n/a,0,0,0,0,0,0,1,2022-04-23T04:59:05.5160878Z,0
4.74117,101.0109309,Daerah: Perak<br>No:4284<br>Hex coord:(48;77),n/a,0,0,0,0,0,0,1,2022-04-23T04:59:06.2410109Z,0
4.73339,101.0244776,Daerah: Perak<br>No:4285<br>Hex coord:(49;77),n/a,0,0,0,0,0,0,1,2022-04-23T04:59:06.9601509Z,0
4.74117,101.0380243,Daerah: Perak<br>No:4286<br>Hex coord:(50;77),n/a,0,0,0,0,0,0,1,2022-04-23T04:59:07.6856247Z,0
4.73339,101.051571,Daerah: Perak<br>No:4287<br>Hex coord:(51;77),n/a,0,0,0,0,0,0,1,2022-04-23T04:59:08.4367146Z,0
4.74117,101.0651177,Daerah: Perak<br>No:4288<br>Hex coord:(52;77),n/a,0,0,0,0,0,0,1,2022-04-23T04:59:09.1929219Z,0
4.73339,101.0786644,Daerah: Perak<br>No:4289<br>Hex coord:(53;77),n/a,0,0,0,0,0,0,1,2022-04-23T04:59:09.9275977Z,0
4.74117,101.0922111,Daerah: Perak<br>No:4290<br>Hex coord:(54;77),n/a,0,0,0,0,0,0,1,2022-04-23T04:59:10.6593747Z,0
4.73339,101.1057578,Daerah: Perak<br>No:4291<br>Hex coord:(55;77),n/a,1 ,0,0,0,0,0,1,2022-04-23T04:59:11.4278240Z,0
4.74117,101.1193045,Daerah: Perak<br>No:4292<br>Hex coord:(56;77),n/a,4 ,0,0,0,0,0,1,2022-04-23T04:59:12.1667259Z,0
4.73339,101.1328512,Daerah: Perak<br>No:4293<br>Hex coord:(57;77),n/a,2 ,0,0,0,0,0,1,2022-04-23T04:59:12.8914557Z,0
4.74117,101.1463979,Daerah: Perak<br>No:4294<br>Hex coord:(58;77),n/a,3 ,0,0,0,0,0,1,2022-04-23T04:59:13.6068899Z,0
4.73339,101.1599446,Daerah: Perak<br>No:4295<br>Hex coord:(59;77),n/a,0,0,0,0,0,0,1,2022-04-23T04:59:14.3508340Z,0
4.74117,101.1734913,Daerah: Perak<br>No:4296<br>Hex coord:(60;77),n/a,0,0,0,0,0,0,1,2022-04-23T04:59:15.0719129Z,0
4.73339,101.187038,Daerah: Perak<br>No:4297<br>Hex coord:(61;77),n/a,0,0,0,0,0,0,1,2022-04-23T04:59:15.8101328Z,0
4.74117,101.2005847,Daerah: Perak<br>No:4298<br>Hex coord:(62;77),n/a,0,0,0,0,0,0,1,2022-04-23T04:59:16.5376348Z,0
4.73339,101.2141314,Daerah: Perak<br>No:4299<br>Hex coord:(63;77),n/a,0,0,0,0,0,0,1,2022-04-23T04:59:17.2520474Z,0
4.74117,101.2276781,Daerah: Perak<br>No:4300<br>Hex coord:(64;77),n/a,0,0,0,0,0,0,1,2022-04-23T04:59:17.9764364Z,0
4.73339,101.2412249,Daerah: Perak<br>No:4301<br>Hex coord:(65;77),n/a,0,0,0,0,0,0,1,2022-04-23T04:59:18.7019859Z,0
4.74117,101.2547716,Daerah: Perak<br>No:4302<br>Hex coord:(66;77),n/a,0,0,0,0,0,0,1,2022-04-23T04:59:20.4279600Z,0
4.73339,101.2683183,Daerah: Perak<br>No:4303<br>Hex coord:(67;77),n/a,0,0,0,0,0,0,1,2022-04-23T04:59:21.1408806Z,0
4.74117,101.281865,Daerah: Perak<br>No:4304<br>Hex coord:(68;77),n/a,0,0,0,0,0,0,1,2022-04-23T04:59:22.8780148Z,0
4.73339,101.2954117,Daerah: Perak<br>No:4305<br>Hex coord:(69;77),n/a,0,0,0,0,0,0,1,2022-04-23T04:59:23.6069389Z,0
4.74117,101.3089584,Daerah: Perak<br>No:4306<br>Hex coord:(70;77),n/a,0,0,0,0,0,0,1,2022-04-23T04:59:24.3555364Z,0
4.73339,101.3225051,Daerah: Perak<br>No:4307<br>Hex coord:(71;77),n/a,0,0,0,0,0,0,1,2022-04-23T04:59:25.1017551Z,0
4.74117,101.3360518,Daerah: Perak<br>No:4308<br>Hex coord:(72;77),n/a,0,0,0,0,0,0,1,2022-04-23T04:59:25.9565785Z,0
4.73339,101.3495985,Daerah: Perak<br>No:4309<br>Hex coord:(73;77),n/a,0,0,0,0,0,0,1,2022-04-23T04:59:26.6790917Z,0
4.74117,101.3631452,Daerah: Perak<br>No:4310<br>Hex coord:(74;77),n/a,0,0,0,0,0,0,1,2022-04-23T04:59:27.3905445Z,0
4.73339,101.3766919,Daerah: Perak<br>No:4311<br>Hex coord:(75;77),n/a,0,0,0,0,0,0,1,2022-04-23T04:59:28.1040089Z,0
4.71783,100.590983,Daerah: Perak<br>No:4312<br>Hex coord:(17;78),n/a,0,0,0,0,0,0,1,2022-04-23T04:59:28.8518122Z,0
4.72561,100.6045297,Daerah: Perak<br>No:4313<br>Hex coord:(18;78),n/a,0,0,0,0,0,0,1,2022-04-23T04:59:29.5599788Z,0
4.71783,100.6180764,Daerah: Perak<br>No:4314<br>Hex coord:(19;78),n/a,0,0,0,0,0,0,1,2022-04-23T04:59:30.2904838Z,0
4.72561,100.6316231,Daerah: Perak<br>No:4315<br>Hex coord:(20;78),n/a,0,0,0,0,0,0,1,2022-04-23T04:59:31.0173111Z,0
4.71783,100.6451698,Daerah: Perak<br>No:4316<br>Hex coord:(21;78),n/a,0,0,0,0,0,0,1,2022-04-23T04:59:31.7978844Z,0
4.72561,100.6587165,Daerah: Perak<br>No:4317<br>Hex coord:(22;78),n/a,0,0,0,0,0,0,1,2022-04-23T04:59:32.5551624Z,0
4.71783,100.6722632,Daerah: Perak<br>No:4318<br>Hex coord:(23;78),n/a,0,0,0,0,0,0,1,2022-04-23T04:59:33.2689770Z,0
4.72561,100.6858099,Daerah: Perak<br>No:4319<br>Hex coord:(24;78),n/a,0,0,0,0,0,0,1,2022-04-23T04:59:34.0074989Z,0
4.71783,100.6993566,Daerah: Perak<br>No:4320<br>Hex coord:(25;78),n/a,0,0,0,0,0,0,1,2022-04-23T04:59:34.7287011Z,0
4.72561,100.7129033,Daerah: Perak<br>No:4321<br>Hex coord:(26;78),n/a,2 ,0,0,0,0,0,1,2022-04-23T04:59:35.4467740Z,0
4.71783,100.72645,Daerah: Perak<br>No:4322<br>Hex coord:(27;78),n/a,0,0,0,0,0,0,1,2022-04-23T04:59:36.1617747Z,0
4.72561,100.7399968,Daerah: Perak<br>No:4323<br>Hex coord:(28;78),n/a,0,0,0,0,0,0,1,2022-04-23T04:59:37.2872600Z,0
4.71783,100.7535435,Daerah: Perak<br>No:4324<br>Hex coord:(29;78),n/a,0,0,0,0,0,0,1,2022-04-23T04:59:38.0247153Z,0
4.72561,100.7670902,Daerah: Perak<br>No:4325<br>Hex coord:(30;78),n/a,0,0,0,0,0,0,1,2022-04-23T04:59:38.7517518Z,0
4.71783,100.7806369,Daerah: Perak<br>No:4326<br>Hex coord:(31;78),n/a,0,0,0,0,0,0,1,2022-04-23T04:59:39.5177872Z,0
4.72561,100.7941836,Daerah: Perak<br>No:4327<br>Hex coord:(32;78),n/a,0,0,0,0,0,0,1,2022-04-23T04:59:40.2446947Z,0
4.71783,100.8077303,Daerah: Perak<br>No:4328<br>Hex coord:(33;78),n/a,0,0,0,0,0,0,1,2022-04-23T04:59:40.9869152Z,0
4.72561,100.821277,Daerah: Perak<br>No:4329<br>Hex coord:(34;78),n/a,0,0,0,0,0,0,1,2022-04-23T04:59:41.7393082Z,0
4.71783,100.8348237,Daerah: Perak<br>No:4330<br>Hex coord:(35;78),n/a,0,0,0,0,0,0,1,2022-04-23T04:59:42.5174365Z,0
4.72561,100.8483704,Daerah: Perak<br>No:4331<br>Hex coord:(36;78),n/a,0,0,0,0,0,0,1,2022-04-23T04:59:43.2601409Z,0
4.71783,100.8619171,Daerah: Perak<br>No:4332<br>Hex coord:(37;78),n/a,0,0,0,0,0,0,1,2022-04-23T04:59:43.9929581Z,0
4.72561,100.8754638,Daerah: Perak<br>No:4333<br>Hex coord:(38;78),n/a,0,0,0,0,0,0,1,2022-04-23T04:59:44.7104940Z,0
4.71783,100.8890105,Daerah: Perak<br>No:4334<br>Hex coord:(39;78),n/a,0,0,0,0,0,0,1,2022-04-23T04:59:45.4226865Z,0
4.72561,100.9025572,Daerah: Perak<br>No:4335<br>Hex coord:(40;78),n/a,0,0,0,0,0,0,1,2022-04-23T04:59:46.1441921Z,0
4.71783,100.9161039,Daerah: Perak<br>No:4336<br>Hex coord:(41;78),n/a,0,0,0,0,0,0,1,2022-04-23T04:59:46.8626623Z,0
4.72561,100.9296506,Daerah: Perak<br>No:4337<br>Hex coord:(42;78),n/a,0,0,0,0,0,0,1,2022-04-23T04:59:47.5799690Z,0
4.71783,100.9431973,Daerah: Perak<br>No:4338<br>Hex coord:(43;78),n/a,0,0,0,0,0,0,1,2022-04-23T04:59:48.3056101Z,0
4.72561,100.956744,Daerah: Perak<br>No:4339<br>Hex coord:(44;78),n/a,1 ,0,0,0,0,0,1,2022-04-23T04:59:49.0372453Z,0
4.71783,100.9702907,Daerah: Perak<br>No:4340<br>Hex coord:(45;78),n/a,0,0,0,0,0,0,1,2022-04-23T04:59:49.7595713Z,0
4.72561,100.9838374,Daerah: Perak<br>No:4341<br>Hex coord:(46;78),n/a,0,0,0,0,0,0,1,2022-04-23T04:59:50.5027374Z,0
4.71783,100.9973842,Daerah: Perak<br>No:4342<br>Hex coord:(47;78),n/a,0,0,0,0,0,0,1,2022-04-23T04:59:51.3537441Z,0
4.72561,101.0109309,Daerah: Perak<br>No:4343<br>Hex coord:(48;78),n/a,0,0,0,0,0,0,1,2022-04-23T04:59:52.0926675Z,0
4.71783,101.0244776,Daerah: Perak<br>No:4344<br>Hex coord:(49;78),n/a,0,0,0,0,0,0,1,2022-04-23T04:59:52.8157554Z,0
4.72561,101.0380243,Daerah: Perak<br>No:4345<br>Hex coord:(50;78),n/a,0,0,0,0,0,0,1,2022-04-23T04:59:53.5577147Z,0
4.71783,101.051571,Daerah: Perak<br>No:4346<br>Hex coord:(51;78),n/a,0,0,0,0,0,0,1,2022-04-23T04:59:54.2846454Z,0
4.72561,101.0651177,Daerah: Perak<br>No:4347<br>Hex coord:(52;78),n/a,0,0,0,0,0,0,1,2022-04-23T04:59:55.0948868Z,0
4.71783,101.0786644,Daerah: Perak<br>No:4348<br>Hex coord:(53;78),n/a,0,0,0,0,0,0,1,2022-04-23T04:59:55.9146862Z,0
4.72561,101.0922111,Daerah: Perak<br>No:4349<br>Hex coord:(54;78),n/a,1 ,0,0,0,0,0,1,2022-04-23T04:59:56.6479734Z,0
4.71783,101.1057578,Daerah: Perak<br>No:4350<br>Hex coord:(55;78),n/a,10 ,0,0,0,0,0,1,2022-04-23T04:59:57.3889405Z,0
4.72561,101.1193045,Daerah: Perak<br>No:4351<br>Hex coord:(56;78),n/a,15 ,0,0,0,0,0,1,2022-04-23T04:59:58.1200312Z,0
4.71783,101.1328512,Daerah: Perak<br>No:4352<br>Hex coord:(57;78),n/a,1 ,0,0,0,0,0,1,2022-04-23T04:59:58.9625853Z,0
4.72561,101.1463979,Daerah: Perak<br>No:4353<br>Hex coord:(58;78),n/a,15 ,0,0,0,0,0,1,2022-04-23T04:59:59.7984489Z,0
4.71783,101.1599446,Daerah: Perak<br>No:4354<br>Hex coord:(59;78),n/a,0,0,0,0,0,0,1,2022-04-23T05:00:00.5233001Z,0
4.72561,101.1734913,Daerah: Perak<br>No:4355<br>Hex coord:(60;78),n/a,0,0,0,0,0,0,1,2022-04-23T05:00:01.2489350Z,0
4.71783,101.187038,Daerah: Perak<br>No:4356<br>Hex coord:(61;78),n/a,0,0,0,0,0,0,1,2022-04-23T05:00:01.9989903Z,0
4.72561,101.2005847,Daerah: Perak<br>No:4357<br>Hex coord:(62;78),n/a,0,0,0,0,0,0,1,2022-04-23T05:00:02.7311017Z,0
4.71783,101.2141314,Daerah: Perak<br>No:4358<br>Hex coord:(63;78),n/a,0,0,0,0,0,0,1,2022-04-23T05:00:03.4654535Z,0
4.72561,101.2276781,Daerah: Perak<br>No:4359<br>Hex coord:(64;78),n/a,0,0,0,0,0,0,1,2022-04-23T05:00:04.1973107Z,0
4.71783,101.2412249,Daerah: Perak<br>No:4360<br>Hex coord:(65;78),n/a,0,0,0,0,0,0,1,2022-04-23T05:00:04.9371165Z,0
4.72561,101.2547716,Daerah: Perak<br>No:4361<br>Hex coord:(66;78),n/a,0,0,0,0,0,0,1,2022-04-23T05:00:05.6752937Z,0
4.71783,101.2683183,Daerah: Perak<br>No:4362<br>Hex coord:(67;78),n/a,0,0,0,0,0,0,1,2022-04-23T05:00:06.4085162Z,0
4.72561,101.281865,Daerah: Perak<br>No:4363<br>Hex coord:(68;78),n/a,0,0,0,0,0,0,1,2022-04-23T05:00:07.1362615Z,0
4.71783,101.2954117,Daerah: Perak<br>No:4364<br>Hex coord:(69;78),n/a,0,0,0,0,0,0,1,2022-04-23T05:00:07.8566294Z,0
4.72561,101.3089584,Daerah: Perak<br>No:4365<br>Hex coord:(70;78),n/a,0,0,0,0,0,0,1,2022-04-23T05:00:08.5794098Z,0
4.71783,101.3225051,Daerah: Perak<br>No:4366<br>Hex coord:(71;78),n/a,0,0,0,0,0,0,1,2022-04-23T05:00:09.3038613Z,0
4.72561,101.3360518,Daerah: Perak<br>No:4367<br>Hex coord:(72;78),n/a,0,0,0,0,0,0,1,2022-04-23T05:00:10.0572024Z,0
4.72561,101.3631452,Daerah: Perak<br>No:4368<br>Hex coord:(74;78),n/a,0,0,0,0,0,0,1,2022-04-23T05:00:10.7922602Z,0
4.70227,100.590983,Daerah: Perak<br>No:4369<br>Hex coord:(17;79),n/a,0,0,0,0,0,0,1,2022-04-23T05:00:11.5339603Z,0
4.71005,100.6045297,Daerah: Perak<br>No:4370<br>Hex coord:(18;79),n/a,0,0,0,0,0,0,1,2022-04-23T05:00:12.2712604Z,0
4.70227,100.6180764,Daerah: Perak<br>No:4371<br>Hex coord:(19;79),n/a,0,0,0,0,0,0,1,2022-04-23T05:00:13.0053058Z,0
4.71005,100.6316231,Daerah: Perak<br>No:4372<br>Hex coord:(20;79),n/a,0,0,0,0,0,0,1,2022-04-23T05:00:13.9172642Z,0
4.70227,100.6451698,Daerah: Perak<br>No:4373<br>Hex coord:(21;79),n/a,0,0,0,0,0,0,1,2022-04-23T05:00:14.6625422Z,0
4.71005,100.6587165,Daerah: Perak<br>No:4374<br>Hex coord:(22;79),n/a,0,0,0,0,0,0,1,2022-04-23T05:00:15.3986913Z,0
4.70227,100.6722632,Daerah: Perak<br>No:4375<br>Hex coord:(23;79),n/a,0,0,0,0,0,0,1,2022-04-23T05:00:16.1429503Z,0
4.71005,100.6858099,Daerah: Perak<br>No:4376<br>Hex coord:(24;79),n/a,0,0,0,0,0,0,1,2022-04-23T05:00:17.0464275Z,0
4.70227,100.6993566,Daerah: Perak<br>No:4377<br>Hex coord:(25;79),n/a,0,0,0,0,0,0,1,2022-04-23T05:00:17.8159027Z,0
4.71005,100.7129033,Daerah: Perak<br>No:4378<br>Hex coord:(26;79),n/a,5 ,0,0,0,0,0,1,2022-04-23T05:00:18.5437384Z,0
4.70227,100.72645,Daerah: Perak<br>No:4379<br>Hex coord:(27;79),n/a,0,0,0,0,0,0,1,2022-04-23T05:00:19.2708780Z,0
4.71005,100.7399968,Daerah: Perak<br>No:4380<br>Hex coord:(28;79),n/a,0,0,0,0,0,0,1,2022-04-23T05:00:20.0036102Z,0
4.70227,100.7535435,Daerah: Perak<br>No:4381<br>Hex coord:(29;79),n/a,0,0,0,0,0,0,1,2022-04-23T05:00:20.8613771Z,0
4.71005,100.7670902,Daerah: Perak<br>No:4382<br>Hex coord:(30;79),n/a,0,0,0,0,0,0,1,2022-04-23T05:00:21.5834626Z,0
4.70227,100.7806369,Daerah: Perak<br>No:4383<br>Hex coord:(31;79),n/a,0,0,0,0,0,0,1,2022-04-23T05:00:22.3031649Z,0
4.71005,100.7941836,Daerah: Perak<br>No:4384<br>Hex coord:(32;79),n/a,0,0,0,0,0,0,1,2022-04-23T05:00:23.0192607Z,0
4.70227,100.8077303,Daerah: Perak<br>No:4385<br>Hex coord:(33;79),n/a,0,0,0,0,0,0,1,2022-04-23T05:00:23.7509180Z,0
4.71005,100.821277,Daerah: Perak<br>No:4386<br>Hex coord:(34;79),n/a,0,0,0,0,0,0,1,2022-04-23T05:00:24.4693223Z,0
4.70227,100.8348237,Daerah: Perak<br>No:4387<br>Hex coord:(35;79),n/a,0,0,0,0,0,0,1,2022-04-23T05:00:25.2081559Z,0
4.71005,100.8483704,Daerah: Perak<br>No:4388<br>Hex coord:(36;79),n/a,0,0,0,0,0,0,1,2022-04-23T05:00:25.9313575Z,0
4.70227,100.8619171,Daerah: Perak<br>No:4389<br>Hex coord:(37;79),n/a,0,0,0,0,0,0,1,2022-04-23T05:00:27.6710711Z,0
4.71005,100.8754638,Daerah: Perak<br>No:4390<br>Hex coord:(38;79),n/a,0,0,0,0,0,0,1,2022-04-23T05:00:28.3943039Z,0
4.70227,100.8890105,Daerah: Perak<br>No:4391<br>Hex coord:(39;79),n/a,0,0,0,0,0,0,1,2022-04-23T05:00:29.1258230Z,0
4.71005,100.9025572,Daerah: Perak<br>No:4392<br>Hex coord:(40;79),n/a,1 ,0,0,0,0,0,1,2022-04-23T05:00:29.8502528Z,0
4.70227,100.9161039,Daerah: Perak<br>No:4393<br>Hex coord:(41;79),n/a,0,0,0,0,0,0,1,2022-04-23T05:00:30.5749134Z,0
4.71005,100.9296506,Daerah: Perak<br>No:4394<br>Hex coord:(42;79),n/a,0,0,0,0,0,0,1,2022-04-23T05:00:31.3289608Z,0
4.70227,100.9431973,Daerah: Perak<br>No:4395<br>Hex coord:(43;79),n/a,0,0,0,0,0,0,1,2022-04-23T05:00:32.0509618Z,0
4.71005,100.956744,Daerah: Perak<br>No:4396<br>Hex coord:(44;79),n/a,0,0,0,0,0,0,1,2022-04-23T05:00:32.7860594Z,0
4.70227,100.9702907,Daerah: Perak<br>No:4397<br>Hex coord:(45;79),n/a,0,0,0,0,0,0,1,2022-04-23T05:00:34.6124161Z,0
4.71005,100.9838374,Daerah: Perak<br>No:4398<br>Hex coord:(46;79),n/a,0,0,0,0,0,0,1,2022-04-23T05:00:36.3750064Z,0
4.70227,100.9973842,Daerah: Perak<br>No:4399<br>Hex coord:(47;79),n/a,0,0,0,0,0,0,1,2022-04-23T05:00:37.1125517Z,0
4.71005,101.0109309,Daerah: Perak<br>No:4400<br>Hex coord:(48;79),n/a,0,0,0,0,0,0,1,2022-04-23T05:00:37.8334466Z,0
4.70227,101.0244776,Daerah: Perak<br>No:4401<br>Hex coord:(49;79),n/a,0,0,0,0,0,0,1,2022-04-23T05:00:38.5625610Z,0
4.71005,101.0380243,Daerah: Perak<br>No:4402<br>Hex coord:(50;79),n/a,0,0,0,0,0,0,1,2022-04-23T05:00:39.2907851Z,0
4.70227,101.051571,Daerah: Perak<br>No:4403<br>Hex coord:(51;79),n/a,0,0,0,0,0,0,1,2022-04-23T05:00:40.0106985Z,0
4.71005,101.0651177,Daerah: Perak<br>No:4404<br>Hex coord:(52;79),n/a,0,0,0,0,0,0,1,2022-04-23T05:00:40.7443208Z,0
4.70227,101.0786644,Daerah: Perak<br>No:4405<br>Hex coord:(53;79),n/a,1 ,0,0,0,0,0,1,2022-04-23T05:00:41.5820258Z,0
4.71005,101.0922111,Daerah: Perak<br>No:4406<br>Hex coord:(54;79),n/a,2 ,0,0,0,0,0,1,2022-04-23T05:00:42.3268467Z,0
4.70227,101.1057578,Daerah: Perak<br>No:4407<br>Hex coord:(55;79),n/a,10 ,0,0,0,0,0,1,2022-04-23T05:00:44.0534604Z,0
4.71005,101.1193045,Daerah: Perak<br>No:4408<br>Hex coord:(56;79),n/a,8 ,0,0,0,0,0,1,2022-04-23T05:00:44.7871330Z,0
4.70227,101.1328512,Daerah: Perak<br>No:4409<br>Hex coord:(57;79),n/a,0,0,0,0,0,0,1,2022-04-23T05:00:45.6319634Z,0
4.71005,101.1463979,Daerah: Perak<br>No:4410<br>Hex coord:(58;79),n/a,1 ,0,0,0,0,0,1,2022-04-23T05:00:46.3621934Z,0
4.70227,101.1599446,Daerah: Perak<br>No:4411<br>Hex coord:(59;79),n/a,0,0,0,0,0,0,1,2022-04-23T05:00:47.0929490Z,0
4.71005,101.1734913,Daerah: Perak<br>No:4412<br>Hex coord:(60;79),n/a,0,0,0,0,0,0,1,2022-04-23T05:00:47.8169162Z,0
4.70227,101.187038,Daerah: Perak<br>No:4413<br>Hex coord:(61;79),n/a,0,0,0,0,0,0,1,2022-04-23T05:00:48.5547765Z,0
4.71005,101.2005847,Daerah: Perak<br>No:4414<br>Hex coord:(62;79),n/a,0,0,0,0,0,0,1,2022-04-23T05:00:49.2666941Z,0
4.70227,101.2141314,Daerah: Perak<br>No:4415<br>Hex coord:(63;79),n/a,0,0,0,0,0,0,1,2022-04-23T05:00:49.9891332Z,0
4.71005,101.2276781,Daerah: Perak<br>No:4416<br>Hex coord:(64;79),n/a,0,0,0,0,0,0,1,2022-04-23T05:00:50.8660340Z,0
4.70227,101.2412249,Daerah: Perak<br>No:4417<br>Hex coord:(65;79),n/a,0,0,0,0,0,0,1,2022-04-23T05:00:51.6163725Z,0
4.71005,101.2547716,Daerah: Perak<br>No:4418<br>Hex coord:(66;79),n/a,0,0,0,0,0,0,1,2022-04-23T05:00:52.3546806Z,0
4.70227,101.2683183,Daerah: Perak<br>No:4419<br>Hex coord:(67;79),n/a,0,0,0,0,0,0,1,2022-04-23T05:00:53.1752667Z,0
4.71005,101.281865,Daerah: Perak<br>No:4420<br>Hex coord:(68;79),n/a,0,0,0,0,0,0,1,2022-04-23T05:00:53.8961730Z,0
4.70227,101.2954117,Daerah: Perak<br>No:4421<br>Hex coord:(69;79),n/a,0,0,0,0,0,0,1,2022-04-23T05:00:54.6254943Z,0
4.71005,101.3089584,Daerah: Perak<br>No:4422<br>Hex coord:(70;79),n/a,0,0,0,0,0,0,1,2022-04-23T05:00:55.3675990Z,0
4.70227,101.3225051,Daerah: Perak<br>No:4423<br>Hex coord:(71;79),n/a,0,0,0,0,0,0,1,2022-04-23T05:00:56.0967356Z,0
4.71005,101.3360518,Daerah: Perak<br>No:4424<br>Hex coord:(72;79),n/a,0,0,0,0,0,0,1,2022-04-23T05:00:56.8237522Z,0
4.68671,100.590983,Daerah: Perak<br>No:4425<br>Hex coord:(17;80),n/a,0,0,0,0,0,0,1,2022-04-23T05:00:57.7445900Z,0
4.69449,100.6045297,Daerah: Perak<br>No:4426<br>Hex coord:(18;80),n/a,0,0,0,0,0,0,1,2022-04-23T05:00:58.4796043Z,0
4.68671,100.6180764,Daerah: Perak<br>No:4427<br>Hex coord:(19;80),n/a,0,0,0,0,0,0,1,2022-04-23T05:00:59.2140193Z,0
4.69449,100.6316231,Daerah: Perak<br>No:4428<br>Hex coord:(20;80),n/a,0,0,0,0,0,0,1,2022-04-23T05:00:59.9556662Z,0
4.68671,100.6451698,Daerah: Perak<br>No:4429<br>Hex coord:(21;80),n/a,0,0,0,0,0,0,1,2022-04-23T05:01:00.7721325Z,0
4.69449,100.6587165,Daerah: Perak<br>No:4430<br>Hex coord:(22;80),n/a,0,0,0,0,0,0,1,2022-04-23T05:01:01.5338236Z,0
4.68671,100.6722632,Daerah: Perak<br>No:4431<br>Hex coord:(23;80),n/a,0,0,0,0,0,0,1,2022-04-23T05:01:02.3207820Z,0
4.69449,100.6858099,Daerah: Perak<br>No:4432<br>Hex coord:(24;80),n/a,0,0,0,0,0,0,1,2022-04-23T05:01:03.1052579Z,0
4.68671,100.6993566,Daerah: Perak<br>No:4433<br>Hex coord:(25;80),n/a,0,0,0,0,0,0,1,2022-04-23T05:01:03.8828314Z,0
4.69449,100.7129033,Daerah: Perak<br>No:4434<br>Hex coord:(26;80),n/a,0,0,0,0,0,0,1,2022-04-23T05:01:04.8131251Z,0
4.68671,100.72645,Daerah: Perak<br>No:4435<br>Hex coord:(27;80),n/a,0,0,0,0,0,0,1,2022-04-23T05:01:05.5998274Z,0
4.69449,100.7399968,Daerah: Perak<br>No:4436<br>Hex coord:(28;80),n/a,0,0,0,0,0,0,1,2022-04-23T05:01:06.3839210Z,0
4.68671,100.7535435,Daerah: Perak<br>No:4437<br>Hex coord:(29;80),n/a,0,0,0,0,0,0,1,2022-04-23T05:01:07.1630435Z,0
4.69449,100.7670902,Daerah: Perak<br>No:4438<br>Hex coord:(30;80),n/a,0,0,0,0,0,0,1,2022-04-23T05:01:08.9309718Z,0
4.68671,100.7806369,Daerah: Perak<br>No:4439<br>Hex coord:(31;80),n/a,0,0,0,0,0,0,1,2022-04-23T05:01:09.7077092Z,0
4.69449,100.7941836,Daerah: Perak<br>No:4440<br>Hex coord:(32;80),n/a,0,0,0,0,0,0,1,2022-04-23T05:01:11.4374911Z,0
4.68671,100.8077303,Daerah: Perak<br>No:4441<br>Hex coord:(33;80),n/a,0,0,0,0,0,0,1,2022-04-23T05:01:12.1557878Z,0
4.69449,100.821277,Daerah: Perak<br>No:4442<br>Hex coord:(34;80),n/a,0,0,0,0,0,0,1,2022-04-23T05:01:12.8840492Z,0
4.68671,100.8348237,Daerah: Perak<br>No:4443<br>Hex coord:(35;80),n/a,0,0,0,0,0,0,1,2022-04-23T05:01:13.6332558Z,0
4.69449,100.8483704,Daerah: Perak<br>No:4444<br>Hex coord:(36;80),n/a,0,0,0,0,0,0,1,2022-04-23T05:01:14.3600427Z,0
4.68671,100.8619171,Daerah: Perak<br>No:4445<br>Hex coord:(37;80),n/a,0,0,0,0,0,0,1,2022-04-23T05:01:15.0740665Z,0
4.69449,100.8754638,Daerah: Perak<br>No:4446<br>Hex coord:(38;80),n/a,0,0,0,0,0,0,1,2022-04-23T05:01:15.8043654Z,0
4.68671,100.8890105,Daerah: Perak<br>No:4447<br>Hex coord:(39;80),n/a,0,0,0,0,0,0,1,2022-04-23T05:01:16.5398308Z,0
4.69449,100.9025572,Daerah: Perak<br>No:4448<br>Hex coord:(40;80),n/a,0,0,0,0,0,0,1,2022-04-23T05:01:17.2825888Z,0
4.68671,100.9161039,Daerah: Perak<br>No:4449<br>Hex coord:(41;80),n/a,0,0,0,0,0,0,1,2022-04-23T05:01:18.2608690Z,0
4.69449,100.9296506,Daerah: Perak<br>No:4450<br>Hex coord:(42;80),n/a,1 ,0,0,0,0,0,1,2022-04-23T05:01:19.0891361Z,0
4.68671,100.9431973,Daerah: Perak<br>No:4451<br>Hex coord:(43;80),n/a,0,0,0,0,0,0,1,2022-04-23T05:01:19.8239182Z,0
4.69449,100.956744,Daerah: Perak<br>No:4452<br>Hex coord:(44;80),n/a,1 ,0,0,0,0,0,1,2022-04-23T05:01:20.5738418Z,0
4.68671,100.9702907,Daerah: Perak<br>No:4453<br>Hex coord:(45;80),n/a,0,0,0,0,0,0,1,2022-04-23T05:01:21.3363643Z,0
4.69449,100.9838374,Daerah: Perak<br>No:4454<br>Hex coord:(46;80),n/a,0,0,0,0,0,0,1,2022-04-23T05:01:22.0460205Z,0
4.68671,100.9973842,Daerah: Perak<br>No:4455<br>Hex coord:(47;80),n/a,0,0,0,0,0,0,1,2022-04-23T05:01:22.7656634Z,0
4.69449,101.0109309,Daerah: Perak<br>No:4456<br>Hex coord:(48;80),n/a,0,0,0,0,0,0,1,2022-04-23T05:01:23.5092699Z,0
4.68671,101.0244776,Daerah: Perak<br>No:4457<br>Hex coord:(49;80),n/a,0,0,0,0,0,0,1,2022-04-23T05:01:24.2851535Z,0
4.69449,101.0380243,Daerah: Perak<br>No:4458<br>Hex coord:(50;80),n/a,0,0,0,0,0,0,1,2022-04-23T05:01:25.0330135Z,0
4.68671,101.051571,Daerah: Perak<br>No:4459<br>Hex coord:(51;80),n/a,0,0,0,0,0,0,1,2022-04-23T05:01:25.7538656Z,0
4.69449,101.0651177,Daerah: Perak<br>No:4460<br>Hex coord:(52;80),n/a,0,0,0,0,0,0,1,2022-04-23T05:01:26.4818092Z,0
4.68671,101.0786644,Daerah: Perak<br>No:4461<br>Hex coord:(53;80),n/a,9 ,0,0,0,0,0,1,2022-04-23T05:01:27.2085085Z,0
4.69449,101.0922111,Daerah: Perak<br>No:4462<br>Hex coord:(54;80),n/a,9 ,0,0,0,0,0,1,2022-04-23T05:01:27.9616333Z,0
4.68671,101.1057578,Daerah: Perak<br>No:4463<br>Hex coord:(55;80),n/a,13 ,0,0,0,0,0,1,2022-04-23T05:01:28.6878028Z,0
4.69449,101.1193045,Daerah: Perak<br>No:4464<br>Hex coord:(56;80),n/a,17 ,0,0,0,0,0,1,2022-04-23T05:01:29.4439678Z,0
4.68671,101.1328512,Daerah: Perak<br>No:4465<br>Hex coord:(57;80),n/a,25 ,0,0,0,0,0,1,2022-04-23T05:01:30.1832381Z,0
4.69449,101.1463979,Daerah: Perak<br>No:4466<br>Hex coord:(58;80),n/a,1 ,0,0,0,0,0,1,2022-04-23T05:01:30.9186375Z,0
4.68671,101.1599446,Daerah: Perak<br>No:4467<br>Hex coord:(59;80),n/a,2 ,0,0,0,0,0,1,2022-04-23T05:01:31.6525228Z,0
4.69449,101.1734913,Daerah: Perak<br>No:4468<br>Hex coord:(60;80),n/a,0,0,0,0,0,0,1,2022-04-23T05:01:32.3654156Z,0
4.68671,101.187038,Daerah: Perak<br>No:4469<br>Hex coord:(61;80),n/a,0,0,0,0,0,0,1,2022-04-23T05:01:33.0862795Z,0
4.69449,101.2005847,Daerah: Perak<br>No:4470<br>Hex coord:(62;80),n/a,0,0,0,0,0,0,1,2022-04-23T05:01:33.8081602Z,0
4.68671,101.2141314,Daerah: Perak<br>No:4471<br>Hex coord:(63;80),n/a,0,0,0,0,0,0,1,2022-04-23T05:01:34.5465965Z,0
4.69449,101.2276781,Daerah: Perak<br>No:4472<br>Hex coord:(64;80),n/a,0,0,0,0,0,0,1,2022-04-23T05:01:35.2636867Z,0
4.68671,101.2412249,Daerah: Perak<br>No:4473<br>Hex coord:(65;80),n/a,0,0,0,0,0,0,1,2022-04-23T05:01:35.9988247Z,0
4.69449,101.2547716,Daerah: Perak<br>No:4474<br>Hex coord:(66;80),n/a,0,0,0,0,0,0,1,2022-04-23T05:01:36.8440219Z,0
4.68671,101.2683183,Daerah: Perak<br>No:4475<br>Hex coord:(67;80),n/a,0,0,0,0,0,0,1,2022-04-23T05:01:37.5870644Z,0
4.69449,101.281865,Daerah: Perak<br>No:4476<br>Hex coord:(68;80),n/a,0,0,0,0,0,0,1,2022-04-23T05:01:38.3021996Z,0
4.68671,101.2954117,Daerah: Perak<br>No:4477<br>Hex coord:(69;80),n/a,0,0,0,0,0,0,1,2022-04-23T05:01:39.0191192Z,0
4.69449,101.3089584,Daerah: Perak<br>No:4478<br>Hex coord:(70;80),n/a,0,0,0,0,0,0,1,2022-04-23T05:01:39.7401549Z,0
4.68671,101.3225051,Daerah: Perak<br>No:4479<br>Hex coord:(71;80),n/a,0,0,0,0,0,0,1,2022-04-23T05:01:40.4728287Z,0
4.67893,100.6045297,Daerah: Perak<br>No:4480<br>Hex coord:(18;81),n/a,0,0,0,0,0,0,1,2022-04-23T05:01:41.1961732Z,0
4.67893,100.6316231,Daerah: Perak<br>No:4481<br>Hex coord:(20;81),n/a,0,0,0,0,0,0,1,2022-04-23T05:01:41.9082125Z,0
4.67893,100.6587165,Daerah: Perak<br>No:4482<br>Hex coord:(22;81),n/a,0,0,0,0,0,0,1,2022-04-23T05:01:42.6150301Z,0
4.67115,100.6722632,Daerah: Perak<br>No:4483<br>Hex coord:(23;81),n/a,0,0,0,0,0,0,1,2022-04-23T05:01:43.3401701Z,0
4.67893,100.6858099,Daerah: Perak<br>No:4484<br>Hex coord:(24;81),n/a,0,0,0,0,0,0,1,2022-04-23T05:01:44.0848786Z,0
4.67115,100.6993566,Daerah: Perak<br>No:4485<br>Hex coord:(25;81),n/a,0,0,0,0,0,0,1,2022-04-23T05:01:44.7957407Z,0
4.67893,100.7129033,Daerah: Perak<br>No:4486<br>Hex coord:(26;81),n/a,0,0,0,0,0,0,1,2022-04-23T05:01:45.5175552Z,0
4.67115,100.72645,Daerah: Perak<br>No:4487<br>Hex coord:(27;81),n/a,0,0,0,0,0,0,1,2022-04-23T05:01:46.2586525Z,0
4.67893,100.7399968,Daerah: Perak<br>No:4488<br>Hex coord:(28;81),n/a,0,0,0,0,0,0,1,2022-04-23T05:01:46.9744958Z,0
4.67115,100.7535435,Daerah: Perak<br>No:4489<br>Hex coord:(29;81),n/a,0,0,0,0,0,0,1,2022-04-23T05:01:47.6937097Z,0
4.67893,100.7670902,Daerah: Perak<br>No:4490<br>Hex coord:(30;81),n/a,0,0,0,0,0,0,1,2022-04-23T05:01:48.4084042Z,0
4.67115,100.7806369,Daerah: Perak<br>No:4491<br>Hex coord:(31;81),n/a,0,0,0,0,0,0,1,2022-04-23T05:01:49.1292900Z,0
4.67893,100.7941836,Daerah: Perak<br>No:4492<br>Hex coord:(32;81),n/a,0,0,0,0,0,0,1,2022-04-23T05:01:49.8644597Z,0
4.67115,100.8077303,Daerah: Perak<br>No:4493<br>Hex coord:(33;81),n/a,0,0,0,0,0,0,1,2022-04-23T05:01:50.6357583Z,0
4.67893,100.821277,Daerah: Perak<br>No:4494<br>Hex coord:(34;81),n/a,0,0,0,0,0,0,1,2022-04-23T05:01:51.3763107Z,0
4.67115,100.8348237,Daerah: Perak<br>No:4495<br>Hex coord:(35;81),n/a,0,0,0,0,0,0,1,2022-04-23T05:01:52.0990414Z,0
4.67893,100.8483704,Daerah: Perak<br>No:4496<br>Hex coord:(36;81),n/a,0,0,0,0,0,0,1,2022-04-23T05:01:52.8146849Z,0
4.67115,100.8619171,Daerah: Perak<br>No:4497<br>Hex coord:(37;81),n/a,0,0,0,0,0,0,1,2022-04-23T05:01:53.5505413Z,0
4.67893,100.8754638,Daerah: Perak<br>No:4498<br>Hex coord:(38;81),n/a,0,0,0,0,0,0,1,2022-04-23T05:01:54.2747882Z,0
4.67115,100.8890105,Daerah: Perak<br>No:4499<br>Hex coord:(39;81),n/a,0,0,0,0,0,0,1,2022-04-23T05:01:55.0867755Z,0
4.67893,100.9025572,Daerah: Perak<br>No:4500<br>Hex coord:(40;81),n/a,0,0,0,0,0,0,1,2022-04-23T05:01:55.8301087Z,0
4.67115,100.9161039,Daerah: Perak<br>No:4501<br>Hex coord:(41;81),n/a,0,0,0,0,0,0,1,2022-04-23T05:01:56.5706888Z,0
4.67893,100.9296506,Daerah: Perak<br>No:4502<br>Hex coord:(42;81),n/a,0,0,0,0,0,0,1,2022-04-23T05:01:57.2936808Z,0
4.67115,100.9431973,Daerah: Perak<br>No:4503<br>Hex coord:(43;81),n/a,0,0,0,0,0,0,1,2022-04-23T05:01:58.0174988Z,0
4.67893,100.956744,Daerah: Perak<br>No:4504<br>Hex coord:(44;81),n/a,0,0,0,0,0,0,1,2022-04-23T05:01:58.7331057Z,0
4.67115,100.9702907,Daerah: Perak<br>No:4505<br>Hex coord:(45;81),n/a,0,0,0,0,0,0,1,2022-04-23T05:01:59.4764842Z,0
4.67893,100.9838374,Daerah: Perak<br>No:4506<br>Hex coord:(46;81),n/a,0,0,0,0,0,0,1,2022-04-23T05:02:00.2572728Z,0
4.67115,100.9973842,Daerah: Perak<br>No:4507<br>Hex coord:(47;81),n/a,0,0,0,0,0,0,1,2022-04-23T05:02:01.0276822Z,0
4.67893,101.0109309,Daerah: Perak<br>No:4508<br>Hex coord:(48;81),n/a,0,0,0,0,0,0,1,2022-04-23T05:02:01.7633165Z,0
4.67115,101.0244776,Daerah: Perak<br>No:4509<br>Hex coord:(49;81),n/a,0,0,0,0,0,0,1,2022-04-23T05:02:02.4812343Z,0
4.67893,101.0380243,Daerah: Perak<br>No:4510<br>Hex coord:(50;81),n/a,0,0,0,0,0,0,1,2022-04-23T05:02:03.2129585Z,0
4.67115,101.051571,Daerah: Perak<br>No:4511<br>Hex coord:(51;81),n/a,0,0,0,0,0,0,1,2022-04-23T05:02:03.9273145Z,0
4.67893,101.0651177,Daerah: Perak<br>No:4512<br>Hex coord:(52;81),n/a,2 ,0,0,0,0,0,1,2022-04-23T05:02:04.6495681Z,0
4.67115,101.0786644,Daerah: Perak<br>No:4513<br>Hex coord:(53;81),n/a,17 ,0,0,0,0,0,1,2022-04-23T05:02:05.3721219Z,0
4.67893,101.0922111,Daerah: Perak<br>No:4514<br>Hex coord:(54;81),n/a,9 ,0,0,0,0,0,1,2022-04-23T05:02:06.0941714Z,0
4.67115,101.1057578,Daerah: Perak<br>No:4515<br>Hex coord:(55;81),n/a,13 ,0,0,0,0,0,1,2022-04-23T05:02:06.8229457Z,0
4.67893,101.1193045,Daerah: Perak<br>No:4516<br>Hex coord:(56;81),n/a,29 ,0,0,0,0,0,1,2022-04-23T05:02:07.6888563Z,0
4.67115,101.1328512,Daerah: Perak<br>No:4517<br>Hex coord:(57;81),n/a,0,0,0,0,0,0,1,2022-04-23T05:02:08.4085187Z,0
4.67893,101.1463979,Daerah: Perak<br>No:4518<br>Hex coord:(58;81),n/a,1 ,0,0,0,0,0,1,2022-04-23T05:02:09.2363939Z,0
4.67115,101.1599446,Daerah: Perak<br>No:4519<br>Hex coord:(59;81),n/a,11 ,0,0,0,0,0,1,2022-04-23T05:02:09.9729852Z,0
4.67893,101.1734913,Daerah: Perak<br>No:4520<br>Hex coord:(60;81),n/a,0,0,0,0,0,0,1,2022-04-23T05:02:10.6923258Z,0
4.67115,101.187038,Daerah: Perak<br>No:4521<br>Hex coord:(61;81),n/a,0,0,0,0,0,0,1,2022-04-23T05:02:11.4182830Z,0
4.67893,101.2005847,Daerah: Perak<br>No:4522<br>Hex coord:(62;81),n/a,0,0,0,0,0,0,1,2022-04-23T05:02:12.1592554Z,0
4.67115,101.2141314,Daerah: Perak<br>No:4523<br>Hex coord:(63;81),n/a,0,0,0,0,0,0,1,2022-04-23T05:02:12.8844641Z,0
4.67893,101.2276781,Daerah: Perak<br>No:4524<br>Hex coord:(64;81),n/a,0,0,0,0,0,0,1,2022-04-23T05:02:13.6128678Z,0
4.67115,101.2412249,Daerah: Perak<br>No:4525<br>Hex coord:(65;81),n/a,0,0,0,0,0,0,1,2022-04-23T05:02:14.3374246Z,0
4.67893,101.2547716,Daerah: Perak<br>No:4526<br>Hex coord:(66;81),n/a,0,0,0,0,0,0,1,2022-04-23T05:02:15.0723302Z,0
4.67115,101.2683183,Daerah: Perak<br>No:4527<br>Hex coord:(67;81),n/a,0,0,0,0,0,0,1,2022-04-23T05:02:15.8995184Z,0
4.67893,101.281865,Daerah: Perak<br>No:4528<br>Hex coord:(68;81),n/a,0,0,0,0,0,0,1,2022-04-23T05:02:16.6314450Z,0
4.67115,101.2954117,Daerah: Perak<br>No:4529<br>Hex coord:(69;81),n/a,0,0,0,0,0,0,1,2022-04-23T05:02:17.3584632Z,0
4.67893,101.3089584,Daerah: Perak<br>No:4530<br>Hex coord:(70;81),n/a,0,0,0,0,0,0,1,2022-04-23T05:02:18.0855415Z,0
4.67115,101.3225051,Daerah: Perak<br>No:4531<br>Hex coord:(71;81),n/a,0,0,0,0,0,0,1,2022-04-23T05:02:18.8119337Z,0
4.67893,101.3360518,Daerah: Perak<br>No:4532<br>Hex coord:(72;81),n/a,0,0,0,0,0,0,1,2022-04-23T05:02:19.5529381Z,0
4.67115,101.3495985,Daerah: Perak<br>No:4533<br>Hex coord:(73;81),n/a,0,0,0,0,0,0,1,2022-04-23T05:02:20.2889354Z,0
4.65559,100.6451698,Daerah: Perak<br>No:4534<br>Hex coord:(21;82),n/a,0,0,0,0,0,0,1,2022-04-23T05:02:21.0149963Z,0
4.66337,100.6587165,Daerah: Perak<br>No:4535<br>Hex coord:(22;82),n/a,0,0,0,0,0,0,1,2022-04-23T05:02:21.7332946Z,0
4.65559,100.6722632,Daerah: Perak<br>No:4536<br>Hex coord:(23;82),n/a,0,0,0,0,0,0,1,2022-04-23T05:02:22.4713088Z,0
4.66337,100.6858099,Daerah: Perak<br>No:4537<br>Hex coord:(24;82),n/a,0,0,0,0,0,0,1,2022-04-23T05:02:23.1906396Z,0
4.65559,100.6993566,Daerah: Perak<br>No:4538<br>Hex coord:(25;82),n/a,3 ,0,0,0,0,0,1,2022-04-23T05:02:23.9264995Z,0
4.66337,100.7129033,Daerah: Perak<br>No:4539<br>Hex coord:(26;82),n/a,0,0,0,0,0,0,1,2022-04-23T05:02:24.7264942Z,0
4.65559,100.72645,Daerah: Perak<br>No:4540<br>Hex coord:(27;82),n/a,0,0,0,0,0,0,1,2022-04-23T05:02:25.4383520Z,0
4.66337,100.7399968,Daerah: Perak<br>No:4541<br>Hex coord:(28;82),n/a,0,0,0,0,0,0,1,2022-04-23T05:02:26.1792027Z,0
4.65559,100.7535435,Daerah: Perak<br>No:4542<br>Hex coord:(29;82),n/a,0,0,0,0,0,0,1,2022-04-23T05:02:26.8958892Z,0
4.66337,100.7670902,Daerah: Perak<br>No:4543<br>Hex coord:(30;82),n/a,0,0,0,0,0,0,1,2022-04-23T05:02:27.6250479Z,0
4.65559,100.7806369,Daerah: Perak<br>No:4544<br>Hex coord:(31;82),n/a,0,0,0,0,0,0,1,2022-04-23T05:02:28.4216943Z,0
4.66337,100.7941836,Daerah: Perak<br>No:4545<br>Hex coord:(32;82),n/a,0,0,0,0,0,0,1,2022-04-23T05:02:29.2469281Z,0
4.65559,100.8077303,Daerah: Perak<br>No:4546<br>Hex coord:(33;82),n/a,0,0,0,0,0,0,1,2022-04-23T05:02:29.9961472Z,0
4.66337,100.821277,Daerah: Perak<br>No:4547<br>Hex coord:(34;82),n/a,0,0,0,0,0,0,1,2022-04-23T05:02:30.7773267Z,0
4.65559,100.8348237,Daerah: Perak<br>No:4548<br>Hex coord:(35;82),n/a,0,0,0,0,0,0,1,2022-04-23T05:02:31.5539311Z,0
4.66337,100.8483704,Daerah: Perak<br>No:4549<br>Hex coord:(36;82),n/a,0,0,0,0,0,0,1,2022-04-23T05:02:33.2714046Z,0
4.65559,100.8619171,Daerah: Perak<br>No:4550<br>Hex coord:(37;82),n/a,0,0,0,0,0,0,1,2022-04-23T05:02:33.9827236Z,0
4.66337,100.8754638,Daerah: Perak<br>No:4551<br>Hex coord:(38;82),n/a,0,0,0,0,0,0,1,2022-04-23T05:02:34.7172143Z,0
4.65559,100.8890105,Daerah: Perak<br>No:4552<br>Hex coord:(39;82),n/a,0,0,0,0,0,0,1,2022-04-23T05:02:35.4427357Z,0
4.66337,100.9025572,Daerah: Perak<br>No:4553<br>Hex coord:(40;82),n/a,1 ,0,0,0,0,0,1,2022-04-23T05:02:36.2856509Z,0
4.65559,100.9161039,Daerah: Perak<br>No:4554<br>Hex coord:(41;82),n/a,0,0,0,0,0,0,1,2022-04-23T05:02:37.5682337Z,0
4.66337,100.9296506,Daerah: Perak<br>No:4555<br>Hex coord:(42;82),n/a,0,0,0,0,0,0,1,2022-04-23T05:02:38.2864475Z,0
4.65559,100.9431973,Daerah: Perak<br>No:4556<br>Hex coord:(43;82),n/a,0,0,0,0,0,0,1,2022-04-23T05:02:39.0070738Z,0
4.66337,100.956744,Daerah: Perak<br>No:4557<br>Hex coord:(44;82),n/a,0,0,0,0,0,0,1,2022-04-23T05:02:39.8110996Z,0
4.65559,100.9702907,Daerah: Perak<br>No:4558<br>Hex coord:(45;82),n/a,0,0,0,0,0,0,1,2022-04-23T05:02:40.5580854Z,0
4.66337,100.9838374,Daerah: Perak<br>No:4559<br>Hex coord:(46;82),n/a,0,0,0,0,0,0,1,2022-04-23T05:02:41.2858400Z,0
4.65559,100.9973842,Daerah: Perak<br>No:4560<br>Hex coord:(47;82),n/a,0,0,0,0,0,0,1,2022-04-23T05:02:41.9970826Z,0
4.66337,101.0109309,Daerah: Perak<br>No:4561<br>Hex coord:(48;82),n/a,0,0,0,0,0,0,1,2022-04-23T05:02:42.7400214Z,0
4.65559,101.0244776,Daerah: Perak<br>No:4562<br>Hex coord:(49;82),n/a,0,0,0,0,0,0,1,2022-04-23T05:02:43.4554880Z,0
4.66337,101.0380243,Daerah: Perak<br>No:4563<br>Hex coord:(50;82),n/a,0,0,0,0,0,0,1,2022-04-23T05:02:44.1777887Z,0
4.65559,101.051571,Daerah: Perak<br>No:4564<br>Hex coord:(51;82),n/a,0,0,0,0,0,0,1,2022-04-23T05:02:44.9001119Z,0
4.66337,101.0651177,Daerah: Perak<br>No:4565<br>Hex coord:(52;82),n/a,8 ,0,0,0,0,0,1,2022-04-23T05:02:45.6364747Z,0
4.65559,101.0786644,Daerah: Perak<br>No:4566<br>Hex coord:(53;82),n/a,7 ,0,0,0,0,0,1,2022-04-23T05:02:46.3854395Z,0
4.66337,101.0922111,Daerah: Perak<br>No:4567<br>Hex coord:(54;82),n/a,7 ,0,0,0,0,0,1,2022-04-23T05:02:47.2807695Z,0
4.65559,101.1057578,Daerah: Perak<br>No:4568<br>Hex coord:(55;82),n/a,24 ,0,0,0,0,0,1,2022-04-23T05:02:48.0147613Z,0
4.66337,101.1193045,Daerah: Perak<br>No:4569<br>Hex coord:(56;82),n/a,5 ,0,0,0,0,0,1,2022-04-23T05:02:48.7512769Z,0
4.65559,101.1328512,Daerah: Perak<br>No:4570<br>Hex coord:(57;82),n/a,2 ,0,0,0,0,0,1,2022-04-23T05:02:50.4801738Z,0
4.66337,101.1463979,Daerah: Perak<br>No:4571<br>Hex coord:(58;82),n/a,21 ,0,0,0,0,0,1,2022-04-23T05:02:51.2152810Z,0
4.65559,101.1599446,Daerah: Perak<br>No:4572<br>Hex coord:(59;82),n/a,10 ,0,0,0,0,0,1,2022-04-23T05:02:51.9504303Z,0
4.66337,101.1734913,Daerah: Perak<br>No:4573<br>Hex coord:(60;82),n/a,2 ,0,0,0,0,0,1,2022-04-23T05:02:52.6760562Z,0
4.65559,101.187038,Daerah: Perak<br>No:4574<br>Hex coord:(61;82),n/a,0,0,0,0,0,0,1,2022-04-23T05:02:53.4164597Z,0
4.66337,101.2005847,Daerah: Perak<br>No:4575<br>Hex coord:(62;82),n/a,0,0,0,0,0,0,1,2022-04-23T05:02:54.1564783Z,0
4.65559,101.2141314,Daerah: Perak<br>No:4576<br>Hex coord:(63;82),n/a,0,0,0,0,0,0,1,2022-04-23T05:02:54.8969791Z,0
4.66337,101.2276781,Daerah: Perak<br>No:4577<br>Hex coord:(64;82),n/a,0,0,0,0,0,0,1,2022-04-23T05:02:56.7045778Z,0
4.65559,101.2412249,Daerah: Perak<br>No:4578<br>Hex coord:(65;82),n/a,0,0,0,0,0,0,1,2022-04-23T05:02:57.4322783Z,0
4.66337,101.2547716,Daerah: Perak<br>No:4579<br>Hex coord:(66;82),n/a,0,0,0,0,0,0,1,2022-04-23T05:02:58.1781615Z,0
4.65559,101.2683183,Daerah: Perak<br>No:4580<br>Hex coord:(67;82),n/a,0,0,0,0,0,0,1,2022-04-23T05:02:58.9005204Z,0
4.66337,101.281865,Daerah: Perak<br>No:4581<br>Hex coord:(68;82),n/a,0,0,0,0,0,0,1,2022-04-23T05:02:59.6290475Z,0
4.65559,101.2954117,Daerah: Perak<br>No:4582<br>Hex coord:(69;82),n/a,0,0,0,0,0,0,1,2022-04-23T05:03:00.3756456Z,0
4.66337,101.3089584,Daerah: Perak<br>No:4583<br>Hex coord:(70;82),n/a,0,0,0,0,0,0,1,2022-04-23T05:03:01.1060399Z,0
4.65559,101.3225051,Daerah: Perak<br>No:4584<br>Hex coord:(71;82),n/a,0,0,0,0,0,0,1,2022-04-23T05:03:01.8542566Z,0
4.66337,101.3360518,Daerah: Perak<br>No:4585<br>Hex coord:(72;82),n/a,0,0,0,0,0,0,1,2022-04-23T05:03:02.5859363Z,0
4.65559,101.3495985,Daerah: Perak<br>No:4586<br>Hex coord:(73;82),n/a,0,0,0,0,0,0,1,2022-04-23T05:03:03.3234350Z,0
4.64003,100.6180764,Daerah: Perak<br>No:4587<br>Hex coord:(19;83),n/a,0,0,0,0,0,0,1,2022-04-23T05:03:04.0553103Z,0
4.64781,100.6316231,Daerah: Perak<br>No:4588<br>Hex coord:(20;83),n/a,0,0,0,0,0,0,1,2022-04-23T05:03:04.7807496Z,0
4.64003,100.6451698,Daerah: Perak<br>No:4589<br>Hex coord:(21;83),n/a,0,0,0,0,0,0,1,2022-04-23T05:03:05.5100826Z,0
4.64781,100.6587165,Daerah: Perak<br>No:4590<br>Hex coord:(22;83),n/a,0,0,0,0,0,0,1,2022-04-23T05:03:06.2330213Z,0
4.64003,100.6722632,Daerah: Perak<br>No:4591<br>Hex coord:(23;83),n/a,0,0,0,0,0,0,1,2022-04-23T05:03:06.9797533Z,0
4.64781,100.6858099,Daerah: Perak<br>No:4592<br>Hex coord:(24;83),n/a,3 ,0,0,0,0,0,1,2022-04-23T05:03:07.7197862Z,0
4.64003,100.6993566,Daerah: Perak<br>No:4593<br>Hex coord:(25;83),n/a,3 ,0,0,0,0,0,1,2022-04-23T05:03:08.4515976Z,0
4.64781,100.7129033,Daerah: Perak<br>No:4594<br>Hex coord:(26;83),n/a,0,0,0,0,0,0,1,2022-04-23T05:03:09.2204066Z,0
4.64003,100.72645,Daerah: Perak<br>No:4595<br>Hex coord:(27;83),n/a,0,0,0,0,0,0,1,2022-04-23T05:03:09.9781064Z,0
4.64781,100.7399968,Daerah: Perak<br>No:4596<br>Hex coord:(28;83),n/a,0,0,0,0,0,0,1,2022-04-23T05:03:10.7140428Z,0
4.64003,100.7535435,Daerah: Perak<br>No:4597<br>Hex coord:(29;83),n/a,0,0,0,0,0,0,1,2022-04-23T05:03:11.4460045Z,0
4.64781,100.7670902,Daerah: Perak<br>No:4598<br>Hex coord:(30;83),n/a,0,0,0,0,0,0,1,2022-04-23T05:03:12.1871817Z,0
4.64003,100.7806369,Daerah: Perak<br>No:4599<br>Hex coord:(31;83),n/a,0,0,0,0,0,0,1,2022-04-23T05:03:13.0882049Z,0
4.64781,100.7941836,Daerah: Perak<br>No:4600<br>Hex coord:(32;83),n/a,0,0,0,0,0,0,1,2022-04-23T05:03:13.8142134Z,0
4.64003,100.8077303,Daerah: Perak<br>No:4601<br>Hex coord:(33;83),n/a,0,0,0,0,0,0,1,2022-04-23T05:03:14.5391257Z,0
4.64781,100.821277,Daerah: Perak<br>No:4602<br>Hex coord:(34;83),n/a,0,0,0,0,0,0,1,2022-04-23T05:03:15.2586970Z,0
4.64003,100.8348237,Daerah: Perak<br>No:4603<br>Hex coord:(35;83),n/a,0,0,0,0,0,0,1,2022-04-23T05:03:15.9855039Z,0
4.64781,100.8483704,Daerah: Perak<br>No:4604<br>Hex coord:(36;83),n/a,0,0,0,0,0,0,1,2022-04-23T05:03:17.7047694Z,0
4.64003,100.8619171,Daerah: Perak<br>No:4605<br>Hex coord:(37;83),n/a,0,0,0,0,0,0,1,2022-04-23T05:03:18.4244932Z,0
4.64781,100.8754638,Daerah: Perak<br>No:4606<br>Hex coord:(38;83),n/a,0,0,0,0,0,0,1,2022-04-23T05:03:19.1558873Z,0
4.64003,100.8890105,Daerah: Perak<br>No:4607<br>Hex coord:(39;83),n/a,0,0,0,0,0,0,1,2022-04-23T05:03:20.0235764Z,0
4.64781,100.9025572,Daerah: Perak<br>No:4608<br>Hex coord:(40;83),n/a,0,0,0,0,0,0,1,2022-04-23T05:03:20.7610685Z,0
4.64003,100.9161039,Daerah: Perak<br>No:4609<br>Hex coord:(41;83),n/a,0,0,0,0,0,0,1,2022-04-23T05:03:21.4855853Z,0
4.64781,100.9296506,Daerah: Perak<br>No:4610<br>Hex coord:(42;83),n/a,0,0,0,0,0,0,1,2022-04-23T05:03:22.2230973Z,0
4.64003,100.9431973,Daerah: Perak<br>No:4611<br>Hex coord:(43;83),n/a,0,0,0,0,0,0,1,2022-04-23T05:03:22.9403450Z,0
4.64781,100.956744,Daerah: Perak<br>No:4612<br>Hex coord:(44;83),n/a,0,0,0,0,0,0,1,2022-04-23T05:03:23.6612862Z,0
4.64003,100.9702907,Daerah: Perak<br>No:4613<br>Hex coord:(45;83),n/a,0,0,0,0,0,0,1,2022-04-23T05:03:24.3761547Z,0
4.64781,100.9838374,Daerah: Perak<br>No:4614<br>Hex coord:(46;83),n/a,0,0,0,0,0,0,1,2022-04-23T05:03:25.1065610Z,0
4.64003,100.9973842,Daerah: Perak<br>No:4615<br>Hex coord:(47;83),n/a,0,0,0,0,0,0,1,2022-04-23T05:03:25.8261875Z,0
4.64781,101.0109309,Daerah: Perak<br>No:4616<br>Hex coord:(48;83),n/a,0,0,0,0,0,0,1,2022-04-23T05:03:26.5578657Z,0
4.64003,101.0244776,Daerah: Perak<br>No:4617<br>Hex coord:(49;83),n/a,0,0,0,0,0,0,1,2022-04-23T05:03:27.3382618Z,0
4.64781,101.0380243,Daerah: Perak<br>No:4618<br>Hex coord:(50;83),n/a,0,0,0,0,0,0,1,2022-04-23T05:03:28.0687015Z,0
4.64003,101.051571,Daerah: Perak<br>No:4619<br>Hex coord:(51;83),n/a,6 ,0,0,0,0,0,1,2022-04-23T05:03:29.0224230Z,0
4.64781,101.0651177,Daerah: Perak<br>No:4620<br>Hex coord:(52;83),n/a,5 ,0,0,0,0,0,1,2022-04-23T05:03:29.7582587Z,0
4.64003,101.0786644,Daerah: Perak<br>No:4621<br>Hex coord:(53;83),n/a,14 ,0,0,0,0,0,1,2022-04-23T05:03:30.4969989Z,0
4.64781,101.0922111,Daerah: Perak<br>No:4622<br>Hex coord:(54;83),n/a,23 ,0,0,0,0,0,1,2022-04-23T05:03:32.2401357Z,0
4.64003,101.1057578,Daerah: Perak<br>No:4623<br>Hex coord:(55;83),n/a,5 ,0,0,0,0,0,1,2022-04-23T05:03:33.0456702Z,0
4.64781,101.1193045,Daerah: Perak<br>No:4624<br>Hex coord:(56;83),n/a,14 ,0,0,0,0,0,1,2022-04-23T05:03:33.7891068Z,0
4.64003,101.1328512,Daerah: Perak<br>No:4625<br>Hex coord:(57;83),n/a,29 ,0,0,0,0,0,1,2022-04-23T05:03:34.5136899Z,0
4.64781,101.1463979,Daerah: Perak<br>No:4626<br>Hex coord:(58;83),n/a,19 ,0,0,0,0,0,1,2022-04-23T05:03:35.2464825Z,0
4.64003,101.1599446,Daerah: Perak<br>No:4627<br>Hex coord:(59;83),n/a,12 ,0,0,0,0,0,1,2022-04-23T05:03:36.1023875Z,0
4.64781,101.1734913,Daerah: Perak<br>No:4628<br>Hex coord:(60;83),n/a,0,0,0,0,0,0,1,2022-04-23T05:03:38.0047379Z,0
4.64003,101.187038,Daerah: Perak<br>No:4629<br>Hex coord:(61;83),n/a,0,0,0,0,0,0,1,2022-04-23T05:03:38.8494835Z,0
4.64781,101.2005847,Daerah: Perak<br>No:4630<br>Hex coord:(62;83),n/a,0,0,0,0,0,0,1,2022-04-23T05:03:39.6387604Z,0
4.64003,101.2141314,Daerah: Perak<br>No:4631<br>Hex coord:(63;83),n/a,0,0,0,0,0,0,1,2022-04-23T05:03:40.4176478Z,0
4.64781,101.2276781,Daerah: Perak<br>No:4632<br>Hex coord:(64;83),n/a,0,0,0,0,0,0,1,2022-04-23T05:03:42.2060769Z,0
4.64003,101.2412249,Daerah: Perak<br>No:4633<br>Hex coord:(65;83),n/a,0,0,0,0,0,0,1,2022-04-23T05:03:42.9840885Z,0
4.64781,101.2547716,Daerah: Perak<br>No:4634<br>Hex coord:(66;83),n/a,0,0,0,0,0,0,1,2022-04-23T05:03:43.7514960Z,0
4.64003,101.2683183,Daerah: Perak<br>No:4635<br>Hex coord:(67;83),n/a,0,0,0,0,0,0,1,2022-04-23T05:03:44.7113336Z,0
4.64781,101.281865,Daerah: Perak<br>No:4636<br>Hex coord:(68;83),n/a,0,0,0,0,0,0,1,2022-04-23T05:03:45.5079469Z,0
4.64003,101.2954117,Daerah: Perak<br>No:4637<br>Hex coord:(69;83),n/a,0,0,0,0,0,0,1,2022-04-23T05:03:47.3136107Z,0
4.64781,101.3089584,Daerah: Perak<br>No:4638<br>Hex coord:(70;83),n/a,0,0,0,0,0,0,1,2022-04-23T05:03:48.1113498Z,0
4.64003,101.3225051,Daerah: Perak<br>No:4639<br>Hex coord:(71;83),n/a,0,0,0,0,0,0,1,2022-04-23T05:03:48.9016164Z,0
4.64781,101.3360518,Daerah: Perak<br>No:4640<br>Hex coord:(72;83),n/a,0,0,0,0,0,0,1,2022-04-23T05:03:49.7058331Z,0
4.64003,101.3495985,Daerah: Perak<br>No:4641<br>Hex coord:(73;83),n/a,0,0,0,0,0,0,1,2022-04-23T05:03:50.4956993Z,0
4.64781,101.3631452,Daerah: Perak<br>No:4642<br>Hex coord:(74;83),n/a,0,0,0,0,0,0,1,2022-04-23T05:03:51.2736563Z,0
4.63225,100.6045297,Daerah: Perak<br>No:4643<br>Hex coord:(18;84),n/a,0,0,0,0,0,0,1,2022-04-23T05:03:52.1771833Z,0
4.62447,100.6180764,Daerah: Perak<br>No:4644<br>Hex coord:(19;84),n/a,0,0,0,0,0,0,1,2022-04-23T05:03:53.0017418Z,0
4.63225,100.6316231,Daerah: Perak<br>No:4645<br>Hex coord:(20;84),n/a,0,0,0,0,0,0,1,2022-04-23T05:03:53.7663437Z,0
4.62447,100.6451698,Daerah: Perak<br>No:4646<br>Hex coord:(21;84),n/a,0,0,0,0,0,0,1,2022-04-23T05:03:54.6697675Z,0
4.63225,100.6587165,Daerah: Perak<br>No:4647<br>Hex coord:(22;84),n/a,0,0,0,0,0,0,1,2022-04-23T05:03:55.4439479Z,0
4.62447,100.6722632,Daerah: Perak<br>No:4648<br>Hex coord:(23;84),n/a,0,0,0,0,0,0,1,2022-04-23T05:03:56.2160267Z,0
4.63225,100.6858099,Daerah: Perak<br>No:4649<br>Hex coord:(24;84),n/a,0,0,0,0,0,0,1,2022-04-23T05:03:56.9952521Z,0
4.62447,100.6993566,Daerah: Perak<br>No:4650<br>Hex coord:(25;84),n/a,0,0,0,0,0,0,1,2022-04-23T05:03:57.7341626Z,0
4.63225,100.7129033,Daerah: Perak<br>No:4651<br>Hex coord:(26;84),n/a,0,0,0,0,0,0,1,2022-04-23T05:03:58.4798575Z,0
4.62447,100.72645,Daerah: Perak<br>No:4652<br>Hex coord:(27;84),n/a,0,0,0,0,0,0,1,2022-04-23T05:03:59.2055417Z,0
4.63225,100.7399968,Daerah: Perak<br>No:4653<br>Hex coord:(28;84),n/a,0,0,0,0,0,0,1,2022-04-23T05:03:59.9835906Z,0
4.62447,100.7535435,Daerah: Perak<br>No:4654<br>Hex coord:(29;84),n/a,0,0,0,0,0,0,1,2022-04-23T05:04:00.7235421Z,0
4.63225,100.7670902,Daerah: Perak<br>No:4655<br>Hex coord:(30;84),n/a,0,0,0,0,0,0,1,2022-04-23T05:04:01.4586952Z,0
4.62447,100.7806369,Daerah: Perak<br>No:4656<br>Hex coord:(31;84),n/a,0,0,0,0,0,0,1,2022-04-23T05:04:02.1902131Z,0
4.63225,100.7941836,Daerah: Perak<br>No:4657<br>Hex coord:(32;84),n/a,0,0,0,0,0,0,1,2022-04-23T05:04:02.9230545Z,0
4.62447,100.8077303,Daerah: Perak<br>No:4658<br>Hex coord:(33;84),n/a,0,0,0,0,0,0,1,2022-04-23T05:04:03.6510534Z,0
4.63225,100.821277,Daerah: Perak<br>No:4659<br>Hex coord:(34;84),n/a,0,0,0,0,0,0,1,2022-04-23T05:04:04.4236632Z,0
4.62447,100.8348237,Daerah: Perak<br>No:4660<br>Hex coord:(35;84),n/a,0,0,0,0,0,0,1,2022-04-23T05:04:05.1597978Z,0
4.63225,100.8483704,Daerah: Perak<br>No:4661<br>Hex coord:(36;84),n/a,0,0,0,0,0,0,1,2022-04-23T05:04:05.8852022Z,0
4.62447,100.8619171,Daerah: Perak<br>No:4662<br>Hex coord:(37;84),n/a,1 ,0,0,0,0,0,1,2022-04-23T05:04:06.6188099Z,0
4.63225,100.8754638,Daerah: Perak<br>No:4663<br>Hex coord:(38;84),n/a,0,0,0,0,0,0,1,2022-04-23T05:04:07.3483781Z,0
4.62447,100.8890105,Daerah: Perak<br>No:4664<br>Hex coord:(39;84),n/a,0,0,0,0,0,0,1,2022-04-23T05:04:08.0644850Z,0
4.63225,100.9025572,Daerah: Perak<br>No:4665<br>Hex coord:(40;84),n/a,0,0,0,0,0,0,1,2022-04-23T05:04:08.7925377Z,0
4.62447,100.9161039,Daerah: Perak<br>No:4666<br>Hex coord:(41;84),n/a,0,0,0,0,0,0,1,2022-04-23T05:04:09.5193304Z,0
4.63225,100.9296506,Daerah: Perak<br>No:4667<br>Hex coord:(42;84),n/a,0,0,0,0,0,0,1,2022-04-23T05:04:10.2330479Z,0
4.62447,100.9431973,Daerah: Perak<br>No:4668<br>Hex coord:(43;84),n/a,0,0,0,0,0,0,1,2022-04-23T05:04:10.9682158Z,0
4.63225,100.956744,Daerah: Perak<br>No:4669<br>Hex coord:(44;84),n/a,0,0,0,0,0,0,1,2022-04-23T05:04:11.6997934Z,0
4.62447,100.9702907,Daerah: Perak<br>No:4670<br>Hex coord:(45;84),n/a,0,0,0,0,0,0,1,2022-04-23T05:04:12.4231478Z,0
4.63225,100.9838374,Daerah: Perak<br>No:4671<br>Hex coord:(46;84),n/a,0,0,0,0,0,0,1,2022-04-23T05:04:13.1427751Z,0
4.62447,100.9973842,Daerah: Perak<br>No:4672<br>Hex coord:(47;84),n/a,0,0,0,0,0,0,1,2022-04-23T05:04:13.8579716Z,0
4.63225,101.0109309,Daerah: Perak<br>No:4673<br>Hex coord:(48;84),n/a,0,0,0,0,0,0,1,2022-04-23T05:04:14.5844615Z,0
4.62447,101.0244776,Daerah: Perak<br>No:4674<br>Hex coord:(49;84),n/a,0,0,0,0,0,0,1,2022-04-23T05:04:15.3089373Z,0
4.63225,101.0380243,Daerah: Perak<br>No:4675<br>Hex coord:(50;84),n/a,5 ,0,0,0,0,0,1,2022-04-23T05:04:16.0350226Z,0
4.62447,101.051571,Daerah: Perak<br>No:4676<br>Hex coord:(51;84),n/a,9 ,0,0,0,0,0,1,2022-04-23T05:04:16.8519586Z,0
4.63225,101.0651177,Daerah: Perak<br>No:4677<br>Hex coord:(52;84),n/a,14 ,0,0,0,0,0,1,2022-04-23T05:04:17.5869883Z,0
4.62447,101.0786644,Daerah: Perak<br>No:4678<br>Hex coord:(53;84),n/a,15 ,0,0,0,0,0,1,2022-04-23T05:04:18.3272809Z,0
4.63225,101.0922111,Daerah: Perak<br>No:4679<br>Hex coord:(54;84),n/a,12 ,0,0,0,0,0,1,2022-04-23T05:04:19.1897615Z,0
4.62447,101.1057578,Daerah: Perak<br>No:4680<br>Hex coord:(55;84),n/a,4 ,0,0,0,0,0,1,2022-04-23T05:04:19.9054014Z,0
4.63225,101.1193045,Daerah: Perak<br>No:4681<br>Hex coord:(56;84),n/a,31 ,0,0,0,0,0,1,2022-04-23T05:04:20.6400383Z,0
4.62447,101.1328512,Daerah: Perak<br>No:4682<br>Hex coord:(57;84),n/a,21 ,0,0,0,0,0,1,2022-04-23T05:04:21.3755740Z,0
4.63225,101.1463979,Daerah: Perak<br>No:4683<br>Hex coord:(58;84),n/a,23 ,0,0,0,0,0,1,2022-04-23T05:04:22.1133095Z,0
4.62447,101.1599446,Daerah: Perak<br>No:4684<br>Hex coord:(59;84),n/a,1 ,0,0,0,0,0,1,2022-04-23T05:04:22.8684324Z,0
4.63225,101.1734913,Daerah: Perak<br>No:4685<br>Hex coord:(60;84),n/a,0,0,0,0,0,0,1,2022-04-23T05:04:23.5947748Z,0
4.62447,101.187038,Daerah: Perak<br>No:4686<br>Hex coord:(61;84),n/a,0,0,0,0,0,0,1,2022-04-23T05:04:24.3240138Z,0
4.63225,101.2005847,Daerah: Perak<br>No:4687<br>Hex coord:(62;84),n/a,0,0,0,0,0,0,1,2022-04-23T05:04:26.0684196Z,0
4.62447,101.2141314,Daerah: Perak<br>No:4688<br>Hex coord:(63;84),n/a,0,0,0,0,0,0,1,2022-04-23T05:04:26.8055921Z,0
4.63225,101.2276781,Daerah: Perak<br>No:4689<br>Hex coord:(64;84),n/a,0,0,0,0,0,0,1,2022-04-23T05:04:27.5249304Z,0
4.62447,101.2412249,Daerah: Perak<br>No:4690<br>Hex coord:(65;84),n/a,0,0,0,0,0,0,1,2022-04-23T05:04:28.3584049Z,0
4.63225,101.2547716,Daerah: Perak<br>No:4691<br>Hex coord:(66;84),n/a,0,0,0,0,0,0,1,2022-04-23T05:04:29.0986043Z,0
4.62447,101.2683183,Daerah: Perak<br>No:4692<br>Hex coord:(67;84),n/a,0,0,0,0,0,0,1,2022-04-23T05:04:29.8237476Z,0
4.63225,101.281865,Daerah: Perak<br>No:4693<br>Hex coord:(68;84),n/a,0,0,0,0,0,0,1,2022-04-23T05:04:30.5731055Z,0
4.62447,101.2954117,Daerah: Perak<br>No:4694<br>Hex coord:(69;84),n/a,0,0,0,0,0,0,1,2022-04-23T05:04:31.3197467Z,0
4.63225,101.3089584,Daerah: Perak<br>No:4695<br>Hex coord:(70;84),n/a,0,0,0,0,0,0,1,2022-04-23T05:04:32.0641330Z,0
4.62447,101.3225051,Daerah: Perak<br>No:4696<br>Hex coord:(71;84),n/a,0,0,0,0,0,0,1,2022-04-23T05:04:32.8028040Z,0
4.63225,101.3360518,Daerah: Perak<br>No:4697<br>Hex coord:(72;84),n/a,0,0,0,0,0,0,1,2022-04-23T05:04:33.5236966Z,0
4.62447,101.3495985,Daerah: Perak<br>No:4698<br>Hex coord:(73;84),n/a,0,0,0,0,0,0,1,2022-04-23T05:04:34.2470315Z,0
4.63225,101.3631452,Daerah: Perak<br>No:4699<br>Hex coord:(74;84),n/a,0,0,0,0,0,0,1,2022-04-23T05:04:34.9833281Z,0
4.60891,100.590983,Daerah: Perak<br>No:4700<br>Hex coord:(17;85),n/a,0,0,0,0,0,0,1,2022-04-23T05:04:35.7130766Z,0
4.61669,100.6045297,Daerah: Perak<br>No:4701<br>Hex coord:(18;85),n/a,0,0,0,0,0,0,1,2022-04-23T05:04:36.4408062Z,0
4.60891,100.6180764,Daerah: Perak<br>No:4702<br>Hex coord:(19;85),n/a,0,0,0,0,0,0,1,2022-04-23T05:04:37.1864710Z,0
4.61669,100.6316231,Daerah: Perak<br>No:4703<br>Hex coord:(20;85),n/a,0,0,0,0,0,0,1,2022-04-23T05:04:37.9144820Z,0
4.60891,100.6451698,Daerah: Perak<br>No:4704<br>Hex coord:(21;85),n/a,0,0,0,0,0,0,1,2022-04-23T05:04:38.6412663Z,0
4.61669,100.6587165,Daerah: Perak<br>No:4705<br>Hex coord:(22;85),n/a,0,0,0,0,0,0,1,2022-04-23T05:04:39.3884653Z,0
4.60891,100.6722632,Daerah: Perak<br>No:4706<br>Hex coord:(23;85),n/a,0,0,0,0,0,0,1,2022-04-23T05:04:40.1344146Z,0
4.61669,100.6858099,Daerah: Perak<br>No:4707<br>Hex coord:(24;85),n/a,0,0,0,0,0,0,1,2022-04-23T05:04:40.8727620Z,0
4.60891,100.6993566,Daerah: Perak<br>No:4708<br>Hex coord:(25;85),n/a,0,0,0,0,0,0,1,2022-04-23T05:04:41.5996163Z,0
4.61669,100.7129033,Daerah: Perak<br>No:4709<br>Hex coord:(26;85),n/a,1 ,0,0,0,0,0,1,2022-04-23T05:04:43.3859521Z,0
4.60891,100.72645,Daerah: Perak<br>No:4710<br>Hex coord:(27;85),n/a,0,0,0,0,0,0,1,2022-04-23T05:04:44.1744010Z,0
4.61669,100.7399968,Daerah: Perak<br>No:4711<br>Hex coord:(28;85),n/a,0,0,0,0,0,0,1,2022-04-23T05:04:44.9049445Z,0
4.60891,100.7535435,Daerah: Perak<br>No:4712<br>Hex coord:(29;85),n/a,0,0,0,0,0,0,1,2022-04-23T05:04:45.6276059Z,0
4.61669,100.7670902,Daerah: Perak<br>No:4713<br>Hex coord:(30;85),n/a,0,0,0,0,0,0,1,2022-04-23T05:04:46.3514404Z,0
4.60891,100.7806369,Daerah: Perak<br>No:4714<br>Hex coord:(31;85),n/a,0,0,0,0,0,0,1,2022-04-23T05:04:47.0627205Z,0
4.61669,100.7941836,Daerah: Perak<br>No:4715<br>Hex coord:(32;85),n/a,0,0,0,0,0,0,1,2022-04-23T05:04:47.8019816Z,0
4.60891,100.8077303,Daerah: Perak<br>No:4716<br>Hex coord:(33;85),n/a,0,0,0,0,0,0,1,2022-04-23T05:04:48.5419943Z,0
4.61669,100.821277,Daerah: Perak<br>No:4717<br>Hex coord:(34;85),n/a,0,0,0,0,0,0,1,2022-04-23T05:04:49.4302481Z,0
4.60891,100.8348237,Daerah: Perak<br>No:4718<br>Hex coord:(35;85),n/a,0,0,0,0,0,0,1,2022-04-23T05:04:50.1513541Z,0
4.61669,100.8483704,Daerah: Perak<br>No:4719<br>Hex coord:(36;85),n/a,0,0,0,0,0,0,1,2022-04-23T05:04:51.0878246Z,0
4.60891,100.8619171,Daerah: Perak<br>No:4720<br>Hex coord:(37;85),n/a,0,0,0,0,0,0,1,2022-04-23T05:04:51.8173650Z,0
4.61669,100.8754638,Daerah: Perak<br>No:4721<br>Hex coord:(38;85),n/a,1 ,0,0,0,0,0,1,2022-04-23T05:04:53.5410089Z,0
4.60891,100.8890105,Daerah: Perak<br>No:4722<br>Hex coord:(39;85),n/a,0,0,0,0,0,0,1,2022-04-23T05:04:54.2657546Z,0
4.61669,100.9025572,Daerah: Perak<br>No:4723<br>Hex coord:(40;85),n/a,9 ,0,0,0,0,0,1,2022-04-23T05:04:55.0863961Z,0
4.60891,100.9161039,Daerah: Perak<br>No:4724<br>Hex coord:(41;85),n/a,0,0,0,0,0,0,1,2022-04-23T05:04:55.8120192Z,0
4.61669,100.9296506,Daerah: Perak<br>No:4725<br>Hex coord:(42;85),n/a,0,0,0,0,0,0,1,2022-04-23T05:04:56.5434127Z,0
4.60891,100.9431973,Daerah: Perak<br>No:4726<br>Hex coord:(43;85),n/a,0,0,0,0,0,0,1,2022-04-23T05:04:57.2764829Z,0
4.61669,100.956744,Daerah: Perak<br>No:4727<br>Hex coord:(44;85),n/a,0,0,0,0,0,0,1,2022-04-23T05:04:58.0080794Z,0
4.60891,100.9702907,Daerah: Perak<br>No:4728<br>Hex coord:(45;85),n/a,0,0,0,0,0,0,1,2022-04-23T05:04:58.7297316Z,0
4.61669,100.9838374,Daerah: Perak<br>No:4729<br>Hex coord:(46;85),n/a,0,0,0,0,0,0,1,2022-04-23T05:04:59.6131993Z,0
4.60891,100.9973842,Daerah: Perak<br>No:4730<br>Hex coord:(47;85),n/a,0,0,0,0,0,0,1,2022-04-23T05:05:00.4412913Z,0
4.61669,101.0109309,Daerah: Perak<br>No:4731<br>Hex coord:(48;85),n/a,0,0,0,0,0,0,1,2022-04-23T05:05:01.2398423Z,0
4.60891,101.0244776,Daerah: Perak<br>No:4732<br>Hex coord:(49;85),n/a,0,0,0,0,0,0,1,2022-04-23T05:05:01.9938532Z,0
4.61669,101.0380243,Daerah: Perak<br>No:4733<br>Hex coord:(50;85),n/a,0,0,0,0,0,0,1,2022-04-23T05:05:02.7222207Z,0
4.60891,101.051571,Daerah: Perak<br>No:4734<br>Hex coord:(51;85),n/a,29 ,0,0,0,0,0,1,2022-04-23T05:05:04.4567318Z,0
4.61669,101.0651177,Daerah: Perak<br>No:4735<br>Hex coord:(52;85),n/a,36 ,0,0,0,0,0,1,2022-04-23T05:05:05.1895199Z,0
4.60891,101.0786644,Daerah: Perak<br>No:4736<br>Hex coord:(53;85),n/a,11 ,0,0,0,0,0,1,2022-04-23T05:05:05.9210958Z,0
4.61669,101.0922111,Daerah: Perak<br>No:4737<br>Hex coord:(54;85),n/a,4 ,0,0,0,0,0,1,2022-04-23T05:05:06.6482308Z,0
4.60891,101.1057578,Daerah: Perak<br>No:4738<br>Hex coord:(55;85),n/a,26 ,0,0,0,0,0,1,2022-04-23T05:05:07.3772643Z,0
4.61669,101.1193045,Daerah: Perak<br>No:4739<br>Hex coord:(56;85),n/a,11 ,0,0,0,0,0,1,2022-04-23T05:05:08.2135868Z,0
4.60891,101.1328512,Daerah: Perak<br>No:4740<br>Hex coord:(57;85),n/a,4 ,0,0,0,0,0,1,2022-04-23T05:05:08.9453996Z,0
4.61669,101.1463979,Daerah: Perak<br>No:4741<br>Hex coord:(58;85),n/a,7 ,0,0,0,0,0,1,2022-04-23T05:05:09.7899835Z,0
4.60891,101.1599446,Daerah: Perak<br>No:4742<br>Hex coord:(59;85),n/a,0,0,0,0,0,0,1,2022-04-23T05:05:10.5163248Z,0
4.61669,101.1734913,Daerah: Perak<br>No:4743<br>Hex coord:(60;85),n/a,0,0,0,0,0,0,1,2022-04-23T05:05:11.2352600Z,0
4.60891,101.187038,Daerah: Perak<br>No:4744<br>Hex coord:(61;85),n/a,0,0,0,0,0,0,1,2022-04-23T05:05:11.9763870Z,0
4.61669,101.2005847,Daerah: Perak<br>No:4745<br>Hex coord:(62;85),n/a,0,0,0,0,0,0,1,2022-04-23T05:05:12.7075203Z,0
4.60891,101.2141314,Daerah: Perak<br>No:4746<br>Hex coord:(63;85),n/a,0,0,0,0,0,0,1,2022-04-23T05:05:13.4447521Z,0
4.61669,101.2276781,Daerah: Perak<br>No:4747<br>Hex coord:(64;85),n/a,0,0,0,0,0,0,1,2022-04-23T05:05:14.1854785Z,0
4.60891,101.2412249,Daerah: Perak<br>No:4748<br>Hex coord:(65;85),n/a,0,0,0,0,0,0,1,2022-04-23T05:05:14.9075291Z,0
4.61669,101.2547716,Daerah: Perak<br>No:4749<br>Hex coord:(66;85),n/a,0,0,0,0,0,0,1,2022-04-23T05:05:15.6593932Z,0
4.60891,101.2683183,Daerah: Perak<br>No:4750<br>Hex coord:(67;85),n/a,0,0,0,0,0,0,1,2022-04-23T05:05:16.3850823Z,0
4.61669,101.281865,Daerah: Perak<br>No:4751<br>Hex coord:(68;85),n/a,0,0,0,0,0,0,1,2022-04-23T05:05:17.1583007Z,0
4.60891,101.2954117,Daerah: Perak<br>No:4752<br>Hex coord:(69;85),n/a,0,0,0,0,0,0,1,2022-04-23T05:05:17.8912197Z,0
4.61669,101.3089584,Daerah: Perak<br>No:4753<br>Hex coord:(70;85),n/a,0,0,0,0,0,0,1,2022-04-23T05:05:18.6361475Z,0
4.60891,101.3225051,Daerah: Perak<br>No:4754<br>Hex coord:(71;85),n/a,0,0,0,0,0,0,1,2022-04-23T05:05:19.3658846Z,0
4.61669,101.3360518,Daerah: Perak<br>No:4755<br>Hex coord:(72;85),n/a,0,0,0,0,0,0,1,2022-04-23T05:05:20.0891698Z,0
4.60891,101.3495985,Daerah: Perak<br>No:4756<br>Hex coord:(73;85),n/a,0,0,0,0,0,0,1,2022-04-23T05:05:20.8254937Z,0
4.61669,101.3631452,Daerah: Perak<br>No:4757<br>Hex coord:(74;85),n/a,0,0,0,0,0,0,1,2022-04-23T05:05:21.5514966Z,0
4.59335,100.590983,Daerah: Perak<br>No:4758<br>Hex coord:(17;86),n/a,0,0,0,0,0,0,1,2022-04-23T05:05:22.5168867Z,0
4.60113,100.6045297,Daerah: Perak<br>No:4759<br>Hex coord:(18;86),n/a,0,0,0,0,0,0,1,2022-04-23T05:05:23.2506517Z,0
4.59335,100.6180764,Daerah: Perak<br>No:4760<br>Hex coord:(19;86),n/a,0,0,0,0,0,0,1,2022-04-23T05:05:23.9774741Z,0
4.60113,100.6316231,Daerah: Perak<br>No:4761<br>Hex coord:(20;86),n/a,0,0,0,0,0,0,1,2022-04-23T05:05:24.7182276Z,0
4.59335,100.6451698,Daerah: Perak<br>No:4762<br>Hex coord:(21;86),n/a,0,0,0,0,0,0,1,2022-04-23T05:05:25.4708009Z,0
4.60113,100.6587165,Daerah: Perak<br>No:4763<br>Hex coord:(22;86),n/a,0,0,0,0,0,0,1,2022-04-23T05:05:26.2123255Z,0
4.59335,100.6722632,Daerah: Perak<br>No:4764<br>Hex coord:(23;86),n/a,0,0,0,0,0,0,1,2022-04-23T05:05:26.9387881Z,0
4.60113,100.6858099,Daerah: Perak<br>No:4765<br>Hex coord:(24;86),n/a,6 ,0,0,0,0,0,1,2022-04-23T05:05:27.6685024Z,0
4.59335,100.6993566,Daerah: Perak<br>No:4766<br>Hex coord:(25;86),n/a,0,0,0,0,0,0,1,2022-04-23T05:05:28.6739084Z,0
4.60113,100.7129033,Daerah: Perak<br>No:4767<br>Hex coord:(26;86),n/a,0,0,0,0,0,0,1,2022-04-23T05:05:29.4011501Z,0
4.59335,100.72645,Daerah: Perak<br>No:4768<br>Hex coord:(27;86),n/a,0,0,0,0,0,0,1,2022-04-23T05:05:30.1575967Z,0
4.60113,100.7399968,Daerah: Perak<br>No:4769<br>Hex coord:(28;86),n/a,0,0,0,0,0,0,1,2022-04-23T05:05:30.9012553Z,0
4.59335,100.7535435,Daerah: Perak<br>No:4770<br>Hex coord:(29;86),n/a,0,0,0,0,0,0,1,2022-04-23T05:05:31.6258966Z,0
4.60113,100.7670902,Daerah: Perak<br>No:4771<br>Hex coord:(30;86),n/a,0,0,0,0,0,0,1,2022-04-23T05:05:32.3644897Z,0
4.59335,100.7806369,Daerah: Perak<br>No:4772<br>Hex coord:(31;86),n/a,0,0,0,0,0,0,1,2022-04-23T05:05:33.0959281Z,0
4.60113,100.7941836,Daerah: Perak<br>No:4773<br>Hex coord:(32;86),n/a,0,0,0,0,0,0,1,2022-04-23T05:05:33.8191746Z,0
4.59335,100.8077303,Daerah: Perak<br>No:4774<br>Hex coord:(33;86),n/a,0,0,0,0,0,0,1,2022-04-23T05:05:34.5483599Z,0
4.60113,100.821277,Daerah: Perak<br>No:4775<br>Hex coord:(34;86),n/a,0,0,0,0,0,0,1,2022-04-23T05:05:35.2671009Z,0
4.59335,100.8348237,Daerah: Perak<br>No:4776<br>Hex coord:(35;86),n/a,0,0,0,0,0,0,1,2022-04-23T05:05:36.1669285Z,0
4.60113,100.8483704,Daerah: Perak<br>No:4777<br>Hex coord:(36;86),n/a,0,0,0,0,0,0,1,2022-04-23T05:05:36.9120426Z,0
4.59335,100.8619171,Daerah: Perak<br>No:4778<br>Hex coord:(37;86),n/a,0,0,0,0,0,0,1,2022-04-23T05:05:37.9719279Z,0
4.60113,100.8754638,Daerah: Perak<br>No:4779<br>Hex coord:(38;86),n/a,1 ,0,0,0,0,0,1,2022-04-23T05:05:38.7079974Z,0
4.59335,100.8890105,Daerah: Perak<br>No:4780<br>Hex coord:(39;86),n/a,1 ,0,0,0,0,0,1,2022-04-23T05:05:39.4455053Z,0
4.60113,100.9025572,Daerah: Perak<br>No:4781<br>Hex coord:(40;86),n/a,9 ,0,0,0,0,0,1,2022-04-23T05:05:40.1584841Z,0
4.59335,100.9161039,Daerah: Perak<br>No:4782<br>Hex coord:(41;86),n/a,0,0,0,0,0,0,1,2022-04-23T05:05:40.8865415Z,0
4.60113,100.9296506,Daerah: Perak<br>No:4783<br>Hex coord:(42;86),n/a,0,0,0,0,0,0,1,2022-04-23T05:05:41.6188579Z,0
4.59335,100.9431973,Daerah: Perak<br>No:4784<br>Hex coord:(43;86),n/a,0,0,0,0,0,0,1,2022-04-23T05:05:42.3426030Z,0
4.60113,100.956744,Daerah: Perak<br>No:4785<br>Hex coord:(44;86),n/a,0,0,0,0,0,0,1,2022-04-23T05:05:43.0843463Z,0
4.59335,100.9702907,Daerah: Perak<br>No:4786<br>Hex coord:(45;86),n/a,0,0,0,0,0,0,1,2022-04-23T05:05:44.8124765Z,0
4.60113,100.9838374,Daerah: Perak<br>No:4787<br>Hex coord:(46;86),n/a,0,0,0,0,0,0,1,2022-04-23T05:05:45.5373958Z,0
4.59335,100.9973842,Daerah: Perak<br>No:4788<br>Hex coord:(47;86),n/a,0,0,0,0,0,0,1,2022-04-23T05:05:46.2633976Z,0
4.60113,101.0109309,Daerah: Perak<br>No:4789<br>Hex coord:(48;86),n/a,0,0,0,0,0,0,1,2022-04-23T05:05:47.0204590Z,0
4.59335,101.0244776,Daerah: Perak<br>No:4790<br>Hex coord:(49;86),n/a,0,0,0,0,0,0,1,2022-04-23T05:05:47.7605386Z,0
4.60113,101.0380243,Daerah: Perak<br>No:4791<br>Hex coord:(50;86),n/a,7 ,0,0,0,0,0,1,2022-04-23T05:05:48.5052742Z,0
4.59335,101.051571,Daerah: Perak<br>No:4792<br>Hex coord:(51;86),n/a,38 ,0,0,0,0,0,1,2022-04-23T05:05:49.2594640Z,0
4.60113,101.0651177,Daerah: Perak<br>No:4793<br>Hex coord:(52;86),n/a,18 ,0,0,0,0,0,1,2022-04-23T05:05:50.0224532Z,0
4.59335,101.0786644,Daerah: Perak<br>No:4794<br>Hex coord:(53;86),n/a,7 ,0,0,0,0,0,1,2022-04-23T05:05:50.7555298Z,0
4.60113,101.0922111,Daerah: Perak<br>No:4795<br>Hex coord:(54;86),n/a,9 ,0,0,0,0,0,1,2022-04-23T05:05:51.4964336Z,0
4.59335,101.1057578,Daerah: Perak<br>No:4796<br>Hex coord:(55;86),n/a,4 ,0,0,0,0,0,1,2022-04-23T05:05:52.2330788Z,0
4.60113,101.1193045,Daerah: Perak<br>No:4797<br>Hex coord:(56;86),n/a,10 ,0,0,0,0,0,1,2022-04-23T05:05:52.9551066Z,0
4.59335,101.1328512,Daerah: Perak<br>No:4798<br>Hex coord:(57;86),n/a,9 ,0,0,0,0,0,1,2022-04-23T05:05:53.6858095Z,0
4.60113,101.1463979,Daerah: Perak<br>No:4799<br>Hex coord:(58;86),n/a,6 ,0,0,0,0,0,1,2022-04-23T05:05:54.4947196Z,0
4.59335,101.1599446,Daerah: Perak<br>No:4800<br>Hex coord:(59;86),n/a,0,0,0,0,0,0,1,2022-04-23T05:05:55.2237264Z,0
4.60113,101.1734913,Daerah: Perak<br>No:4801<br>Hex coord:(60;86),n/a,0,0,0,0,0,0,1,2022-04-23T05:05:55.9469866Z,0
4.59335,101.187038,Daerah: Perak<br>No:4802<br>Hex coord:(61;86),n/a,0,0,0,0,0,0,1,2022-04-23T05:05:56.6642828Z,0
4.60113,101.2005847,Daerah: Perak<br>No:4803<br>Hex coord:(62;86),n/a,0,0,0,0,0,0,1,2022-04-23T05:05:57.3899844Z,0
4.59335,101.2141314,Daerah: Perak<br>No:4804<br>Hex coord:(63;86),n/a,0,0,0,0,0,0,1,2022-04-23T05:05:58.1143795Z,0
4.60113,101.2276781,Daerah: Perak<br>No:4805<br>Hex coord:(64;86),n/a,0,0,0,0,0,0,1,2022-04-23T05:05:58.8281334Z,0
4.59335,101.2412249,Daerah: Perak<br>No:4806<br>Hex coord:(65;86),n/a,0,0,0,0,0,0,1,2022-04-23T05:05:59.5462579Z,0
4.60113,101.2547716,Daerah: Perak<br>No:4807<br>Hex coord:(66;86),n/a,0,0,0,0,0,0,1,2022-04-23T05:06:00.3983083Z,0
4.59335,101.2683183,Daerah: Perak<br>No:4808<br>Hex coord:(67;86),n/a,0,0,0,0,0,0,1,2022-04-23T05:06:01.1144735Z,0
4.60113,101.281865,Daerah: Perak<br>No:4809<br>Hex coord:(68;86),n/a,0,0,0,0,0,0,1,2022-04-23T05:06:01.8436558Z,0
4.59335,101.2954117,Daerah: Perak<br>No:4810<br>Hex coord:(69;86),n/a,0,0,0,0,0,0,1,2022-04-23T05:06:02.5871822Z,0
4.60113,101.3089584,Daerah: Perak<br>No:4811<br>Hex coord:(70;86),n/a,0,0,0,0,0,0,1,2022-04-23T05:06:03.3093051Z,0
4.59335,101.3225051,Daerah: Perak<br>No:4812<br>Hex coord:(71;86),n/a,0,0,0,0,0,0,1,2022-04-23T05:06:04.0980709Z,0
4.60113,101.3360518,Daerah: Perak<br>No:4813<br>Hex coord:(72;86),n/a,0,0,0,0,0,0,1,2022-04-23T05:06:04.8177527Z,0
4.59335,101.3495985,Daerah: Perak<br>No:4814<br>Hex coord:(73;86),n/a,0,0,0,0,0,0,1,2022-04-23T05:06:05.5362375Z,0
4.60113,101.3631452,Daerah: Perak<br>No:4815<br>Hex coord:(74;86),n/a,0,0,0,0,0,0,1,2022-04-23T05:06:06.2533338Z,0
4.57779,100.590983,Daerah: Perak<br>No:4816<br>Hex coord:(17;87),n/a,0,0,0,0,0,0,1,2022-04-23T05:06:07.2634028Z,0
4.58557,100.6045297,Daerah: Perak<br>No:4817<br>Hex coord:(18;87),n/a,0,0,0,0,0,0,1,2022-04-23T05:06:08.0032977Z,0
4.57779,100.6180764,Daerah: Perak<br>No:4818<br>Hex coord:(19;87),n/a,0,0,0,0,0,0,1,2022-04-23T05:06:08.7404512Z,0
4.58557,100.6316231,Daerah: Perak<br>No:4819<br>Hex coord:(20;87),n/a,0,0,0,0,0,0,1,2022-04-23T05:06:09.4836179Z,0
4.57779,100.6451698,Daerah: Perak<br>No:4820<br>Hex coord:(21;87),n/a,0,0,0,0,0,0,1,2022-04-23T05:06:10.2225061Z,0
4.58557,100.6587165,Daerah: Perak<br>No:4821<br>Hex coord:(22;87),n/a,0,0,0,0,0,0,1,2022-04-23T05:06:10.9356240Z,0
4.57779,100.6722632,Daerah: Perak<br>No:4822<br>Hex coord:(23;87),n/a,1 ,0,0,0,0,0,1,2022-04-23T05:06:11.6532936Z,0
4.58557,100.6858099,Daerah: Perak<br>No:4823<br>Hex coord:(24;87),n/a,1 ,0,0,0,0,0,1,2022-04-23T05:06:12.3896156Z,0
4.57779,100.6993566,Daerah: Perak<br>No:4824<br>Hex coord:(25;87),n/a,0,0,0,0,0,0,1,2022-04-23T05:06:14.1078357Z,0
4.58557,100.7129033,Daerah: Perak<br>No:4825<br>Hex coord:(26;87),n/a,0,0,0,0,0,0,1,2022-04-23T05:06:14.8310898Z,0
4.57779,100.72645,Daerah: Perak<br>No:4826<br>Hex coord:(27;87),n/a,0,0,0,0,0,0,1,2022-04-23T05:06:15.5495695Z,0
4.58557,100.7399968,Daerah: Perak<br>No:4827<br>Hex coord:(28;87),n/a,0,0,0,0,0,0,1,2022-04-23T05:06:16.2680697Z,0
4.57779,100.7535435,Daerah: Perak<br>No:4828<br>Hex coord:(29;87),n/a,0,0,0,0,0,0,1,2022-04-23T05:06:16.9821623Z,0
4.58557,100.7670902,Daerah: Perak<br>No:4829<br>Hex coord:(30;87),n/a,0,0,0,0,0,0,1,2022-04-23T05:06:17.7145806Z,0
4.57779,100.7806369,Daerah: Perak<br>No:4830<br>Hex coord:(31;87),n/a,0,0,0,0,0,0,1,2022-04-23T05:06:18.4318924Z,0
4.58557,100.7941836,Daerah: Perak<br>No:4831<br>Hex coord:(32;87),n/a,0,0,0,0,0,0,1,2022-04-23T05:06:19.1670284Z,0
4.57779,100.8077303,Daerah: Perak<br>No:4832<br>Hex coord:(33;87),n/a,0,0,0,0,0,0,1,2022-04-23T05:06:23.7664674Z,0
4.58557,100.821277,Daerah: Perak<br>No:4833<br>Hex coord:(34;87),n/a,0,0,0,0,0,0,1,2022-04-23T05:06:24.4889302Z,0
4.57779,100.8348237,Daerah: Perak<br>No:4834<br>Hex coord:(35;87),n/a,0,0,0,0,0,0,1,2022-04-23T05:06:25.2056074Z,0
4.58557,100.8483704,Daerah: Perak<br>No:4835<br>Hex coord:(36;87),n/a,0,0,0,0,0,0,1,2022-04-23T05:06:25.9289155Z,0
4.57779,100.8619171,Daerah: Perak<br>No:4836<br>Hex coord:(37;87),n/a,0,0,0,0,0,0,1,2022-04-23T05:06:26.6521799Z,0
4.58557,100.8754638,Daerah: Perak<br>No:4837<br>Hex coord:(38;87),n/a,4 ,0,0,0,0,0,1,2022-04-23T05:06:27.5386453Z,0
4.57779,100.8890105,Daerah: Perak<br>No:4838<br>Hex coord:(39;87),n/a,0,0,0,0,0,0,1,2022-04-23T05:06:28.2738023Z,0
4.58557,100.9025572,Daerah: Perak<br>No:4839<br>Hex coord:(40;87),n/a,0,0,0,0,0,0,1,2022-04-23T05:06:28.9910476Z,0
4.57779,100.9161039,Daerah: Perak<br>No:4840<br>Hex coord:(41;87),n/a,1 ,0,0,0,0,0,1,2022-04-23T05:06:29.7238336Z,0
4.58557,100.9296506,Daerah: Perak<br>No:4841<br>Hex coord:(42;87),n/a,1 ,0,0,0,0,0,1,2022-04-23T05:06:30.4494598Z,0
4.57779,100.9431973,Daerah: Perak<br>No:4842<br>Hex coord:(43;87),n/a,0,0,0,0,0,0,1,2022-04-23T05:06:31.1811593Z,0
4.58557,100.956744,Daerah: Perak<br>No:4843<br>Hex coord:(44;87),n/a,0,0,0,0,0,0,1,2022-04-23T05:06:31.9104695Z,0
4.57779,100.9702907,Daerah: Perak<br>No:4844<br>Hex coord:(45;87),n/a,0,0,0,0,0,0,1,2022-04-23T05:06:32.6360036Z,0
4.58557,100.9838374,Daerah: Perak<br>No:4845<br>Hex coord:(46;87),n/a,0,0,0,0,0,0,1,2022-04-23T05:06:33.3653768Z,0
4.57779,100.9973842,Daerah: Perak<br>No:4846<br>Hex coord:(47;87),n/a,0,0,0,0,0,0,1,2022-04-23T05:06:34.0896377Z,0
4.58557,101.0109309,Daerah: Perak<br>No:4847<br>Hex coord:(48;87),n/a,0,0,0,0,0,0,1,2022-04-23T05:06:34.8545412Z,0
4.57779,101.0244776,Daerah: Perak<br>No:4848<br>Hex coord:(49;87),n/a,2 ,0,0,0,0,0,1,2022-04-23T05:06:35.6034018Z,0
4.58557,101.0380243,Daerah: Perak<br>No:4849<br>Hex coord:(50;87),n/a,16 ,0,0,0,0,0,1,2022-04-23T05:06:36.3472958Z,0
4.57779,101.051571,Daerah: Perak<br>No:4850<br>Hex coord:(51;87),n/a,18 ,0,0,0,0,0,1,2022-04-23T05:06:37.0804003Z,0
4.58557,101.0651177,Daerah: Perak<br>No:4851<br>Hex coord:(52;87),n/a,14 ,0,0,0,0,0,1,2022-04-23T05:06:37.7989593Z,0
4.57779,101.0786644,Daerah: Perak<br>No:4852<br>Hex coord:(53;87),n/a,15 ,0,0,0,0,0,1,2022-04-23T05:06:38.5186288Z,0
4.58557,101.0922111,Daerah: Perak<br>No:4853<br>Hex coord:(54;87),n/a,26 ,0,0,0,0,0,1,2022-04-23T05:06:39.2809787Z,0
4.57779,101.1057578,Daerah: Perak<br>No:4854<br>Hex coord:(55;87),n/a,15 ,0,0,0,0,0,1,2022-04-23T05:06:40.0033443Z,0
4.58557,101.1193045,Daerah: Perak<br>No:4855<br>Hex coord:(56;87),n/a,15 ,0,0,0,0,0,1,2022-04-23T05:06:40.7347884Z,0
4.57779,101.1328512,Daerah: Perak<br>No:4856<br>Hex coord:(57;87),n/a,33 ,0,0,0,0,0,1,2022-04-23T05:06:41.4701085Z,0
4.58557,101.1463979,Daerah: Perak<br>No:4857<br>Hex coord:(58;87),n/a,2 ,0,0,0,0,0,1,2022-04-23T05:06:42.2027857Z,0
4.57779,101.1599446,Daerah: Perak<br>No:4858<br>Hex coord:(59;87),n/a,0,0,0,0,0,0,1,2022-04-23T05:06:42.9213255Z,0
4.58557,101.1734913,Daerah: Perak<br>No:4859<br>Hex coord:(60;87),n/a,0,0,0,0,0,0,1,2022-04-23T05:06:43.6681940Z,0
4.57779,101.187038,Daerah: Perak<br>No:4860<br>Hex coord:(61;87),n/a,0,0,0,0,0,0,1,2022-04-23T05:06:44.4643821Z,0
4.58557,101.2005847,Daerah: Perak<br>No:4861<br>Hex coord:(62;87),n/a,0,0,0,0,0,0,1,2022-04-23T05:06:45.3494608Z,0
4.57779,101.2141314,Daerah: Perak<br>No:4862<br>Hex coord:(63;87),n/a,0,0,0,0,0,0,1,2022-04-23T05:06:46.0755989Z,0
4.58557,101.2276781,Daerah: Perak<br>No:4863<br>Hex coord:(64;87),n/a,0,0,0,0,0,0,1,2022-04-23T05:06:46.8056214Z,0
4.57779,101.2412249,Daerah: Perak<br>No:4864<br>Hex coord:(65;87),n/a,0,0,0,0,0,0,1,2022-04-23T05:06:48.5309605Z,0
4.58557,101.2547716,Daerah: Perak<br>No:4865<br>Hex coord:(66;87),n/a,0,0,0,0,0,0,1,2022-04-23T05:06:49.2613393Z,0
4.57779,101.2683183,Daerah: Perak<br>No:4866<br>Hex coord:(67;87),n/a,0,0,0,0,0,0,1,2022-04-23T05:06:49.9835159Z,0
4.58557,101.281865,Daerah: Perak<br>No:4867<br>Hex coord:(68;87),n/a,0,0,0,0,0,0,1,2022-04-23T05:06:51.7134922Z,0
4.57779,101.2954117,Daerah: Perak<br>No:4868<br>Hex coord:(69;87),n/a,0,0,0,0,0,0,1,2022-04-23T05:06:52.4414620Z,0
4.58557,101.3089584,Daerah: Perak<br>No:4869<br>Hex coord:(70;87),n/a,0,0,0,0,0,0,1,2022-04-23T05:06:53.1592173Z,0
4.57779,101.3225051,Daerah: Perak<br>No:4870<br>Hex coord:(71;87),n/a,0,0,0,0,0,0,1,2022-04-23T05:06:54.0095420Z,0
4.58557,101.3360518,Daerah: Perak<br>No:4871<br>Hex coord:(72;87),n/a,0,0,0,0,0,0,1,2022-04-23T05:06:54.7248087Z,0
4.57779,101.3495985,Daerah: Perak<br>No:4872<br>Hex coord:(73;87),n/a,0,0,0,0,0,0,1,2022-04-23T05:06:55.4572984Z,0
4.57001,100.6045297,Daerah: Perak<br>No:4873<br>Hex coord:(18;88),n/a,0,0,0,0,0,0,1,2022-04-23T05:06:56.1816611Z,0
4.56223,100.6180764,Daerah: Perak<br>No:4874<br>Hex coord:(19;88),n/a,0,0,0,0,0,0,1,2022-04-23T05:06:57.9344661Z,0
4.57001,100.6316231,Daerah: Perak<br>No:4875<br>Hex coord:(20;88),n/a,0,0,0,0,0,0,1,2022-04-23T05:06:58.7827334Z,0
4.57001,100.6587165,Daerah: Perak<br>No:4876<br>Hex coord:(22;88),n/a,0,0,0,0,0,0,1,2022-04-23T05:06:59.5238480Z,0
4.56223,100.6722632,Daerah: Perak<br>No:4877<br>Hex coord:(23;88),n/a,0,0,0,0,0,0,1,2022-04-23T05:07:00.2867952Z,0
4.57001,100.6858099,Daerah: Perak<br>No:4878<br>Hex coord:(24;88),n/a,0,0,0,0,0,0,1,2022-04-23T05:07:01.0121078Z,0
4.56223,100.6993566,Daerah: Perak<br>No:4879<br>Hex coord:(25;88),n/a,0,0,0,0,0,0,1,2022-04-23T05:07:01.7353057Z,0
4.57001,100.7129033,Daerah: Perak<br>No:4880<br>Hex coord:(26;88),n/a,0,0,0,0,0,0,1,2022-04-23T05:07:02.4549348Z,0
4.56223,100.72645,Daerah: Perak<br>No:4881<br>Hex coord:(27;88),n/a,0,0,0,0,0,0,1,2022-04-23T05:07:04.1743845Z,0
4.57001,100.7399968,Daerah: Perak<br>No:4882<br>Hex coord:(28;88),n/a,0,0,0,0,0,0,1,2022-04-23T05:07:04.8833394Z,0
4.56223,100.7535435,Daerah: Perak<br>No:4883<br>Hex coord:(29;88),n/a,0,0,0,0,0,0,1,2022-04-23T05:07:05.6125919Z,0
4.57001,100.7670902,Daerah: Perak<br>No:4884<br>Hex coord:(30;88),n/a,0,0,0,0,0,0,1,2022-04-23T05:07:06.3274844Z,0
4.56223,100.7806369,Daerah: Perak<br>No:4885<br>Hex coord:(31;88),n/a,0,0,0,0,0,0,1,2022-04-23T05:07:07.0411549Z,0
4.57001,100.7941836,Daerah: Perak<br>No:4886<br>Hex coord:(32;88),n/a,0,0,0,0,0,0,1,2022-04-23T05:07:07.7715627Z,0
4.56223,100.8077303,Daerah: Perak<br>No:4887<br>Hex coord:(33;88),n/a,0,0,0,0,0,0,1,2022-04-23T05:07:08.4863794Z,0
4.57001,100.821277,Daerah: Perak<br>No:4888<br>Hex coord:(34;88),n/a,0,0,0,0,0,0,1,2022-04-23T05:07:09.2145323Z,0
4.56223,100.8348237,Daerah: Perak<br>No:4889<br>Hex coord:(35;88),n/a,0,0,0,0,0,0,1,2022-04-23T05:07:09.9404011Z,0
4.57001,100.8483704,Daerah: Perak<br>No:4890<br>Hex coord:(36;88),n/a,0,0,0,0,0,0,1,2022-04-23T05:07:10.6742257Z,0
4.56223,100.8619171,Daerah: Perak<br>No:4891<br>Hex coord:(37;88),n/a,0,0,0,0,0,0,1,2022-04-23T05:07:11.3916011Z,0
4.57001,100.8754638,Daerah: Perak<br>No:4892<br>Hex coord:(38;88),n/a,0,0,0,0,0,0,1,2022-04-23T05:07:12.2265163Z,0
4.56223,100.8890105,Daerah: Perak<br>No:4893<br>Hex coord:(39;88),n/a,0,0,0,0,0,0,1,2022-04-23T05:07:12.9402126Z,0
4.57001,100.9025572,Daerah: Perak<br>No:4894<br>Hex coord:(40;88),n/a,0,0,0,0,0,0,1,2022-04-23T05:07:13.6671808Z,0
4.56223,100.9161039,Daerah: Perak<br>No:4895<br>Hex coord:(41;88),n/a,0,0,0,0,0,0,1,2022-04-23T05:07:14.4000517Z,0
4.57001,100.9296506,Daerah: Perak<br>No:4896<br>Hex coord:(42;88),n/a,0,0,0,0,0,0,1,2022-04-23T05:07:15.1305803Z,0
4.56223,100.9431973,Daerah: Perak<br>No:4897<br>Hex coord:(43;88),n/a,0,0,0,0,0,0,1,2022-04-23T05:07:15.8594185Z,0
4.57001,100.956744,Daerah: Perak<br>No:4898<br>Hex coord:(44;88),n/a,0,0,0,0,0,0,1,2022-04-23T05:07:17.5926900Z,0
4.56223,100.9702907,Daerah: Perak<br>No:4899<br>Hex coord:(45;88),n/a,0,0,0,0,0,0,1,2022-04-23T05:07:18.3190431Z,0
4.57001,100.9838374,Daerah: Perak<br>No:4900<br>Hex coord:(46;88),n/a,0,0,0,0,0,0,1,2022-04-23T05:07:19.0497213Z,0
4.56223,100.9973842,Daerah: Perak<br>No:4901<br>Hex coord:(47;88),n/a,0,0,0,0,0,0,1,2022-04-23T05:07:19.7699353Z,0
4.57001,101.0109309,Daerah: Perak<br>No:4902<br>Hex coord:(48;88),n/a,0,0,0,0,0,0,1,2022-04-23T05:07:20.4801395Z,0
4.56223,101.0244776,Daerah: Perak<br>No:4903<br>Hex coord:(49;88),n/a,0,0,0,0,0,0,1,2022-04-23T05:07:21.3428245Z,0
4.57001,101.0380243,Daerah: Perak<br>No:4904<br>Hex coord:(50;88),n/a,15 ,0,0,0,0,0,1,2022-04-23T05:07:22.0660586Z,0
4.56223,101.051571,Daerah: Perak<br>No:4905<br>Hex coord:(51;88),n/a,17 ,0,0,0,0,0,1,2022-04-23T05:07:22.7893027Z,0
4.57001,101.0651177,Daerah: Perak<br>No:4906<br>Hex coord:(52;88),n/a,12 ,0,0,0,0,0,1,2022-04-23T05:07:23.5220872Z,0
4.56223,101.0786644,Daerah: Perak<br>No:4907<br>Hex coord:(53;88),n/a,28 ,0,0,0,0,0,1,2022-04-23T05:07:24.2466133Z,0
4.57001,101.0922111,Daerah: Perak<br>No:4908<br>Hex coord:(54;88),n/a,5 ,0,0,0,0,0,1,2022-04-23T05:07:24.9771799Z,0
4.56223,101.1057578,Daerah: Perak<br>No:4909<br>Hex coord:(55;88),n/a,27 ,0,0,0,0,0,1,2022-04-23T05:07:25.7038673Z,0
4.57001,101.1193045,Daerah: Perak<br>No:4910<br>Hex coord:(56;88),n/a,18 ,0,0,0,0,0,1,2022-04-23T05:07:26.5426907Z,0
4.56223,101.1328512,Daerah: Perak<br>No:4911<br>Hex coord:(57;88),n/a,7 ,0,0,0,0,0,1,2022-04-23T05:07:27.2765508Z,0
4.57001,101.1463979,Daerah: Perak<br>No:4912<br>Hex coord:(58;88),n/a,10 ,0,0,0,0,0,1,2022-04-23T05:07:28.0296787Z,0
4.56223,101.1599446,Daerah: Perak<br>No:4913<br>Hex coord:(59;88),n/a,0,0,0,0,0,0,1,2022-04-23T05:07:28.7576743Z,0
4.57001,101.1734913,Daerah: Perak<br>No:4914<br>Hex coord:(60;88),n/a,0,0,0,0,0,0,1,2022-04-23T05:07:29.4821163Z,0
4.56223,101.187038,Daerah: Perak<br>No:4915<br>Hex coord:(61;88),n/a,0,0,0,0,0,0,1,2022-04-23T05:07:30.2184399Z,0
4.57001,101.2005847,Daerah: Perak<br>No:4916<br>Hex coord:(62;88),n/a,0,0,0,0,0,0,1,2022-04-23T05:07:31.1120480Z,0
4.56223,101.2141314,Daerah: Perak<br>No:4917<br>Hex coord:(63;88),n/a,0,0,0,0,0,0,1,2022-04-23T05:07:31.8518905Z,0
4.57001,101.2276781,Daerah: Perak<br>No:4918<br>Hex coord:(64;88),n/a,0,0,0,0,0,0,1,2022-04-23T05:07:32.6048559Z,0
4.56223,101.2412249,Daerah: Perak<br>No:4919<br>Hex coord:(65;88),n/a,0,0,0,0,0,0,1,2022-04-23T05:07:33.3468892Z,0
4.57001,101.2547716,Daerah: Perak<br>No:4920<br>Hex coord:(66;88),n/a,0,0,0,0,0,0,1,2022-04-23T05:07:34.1808211Z,0
4.56223,101.2683183,Daerah: Perak<br>No:4921<br>Hex coord:(67;88),n/a,0,0,0,0,0,0,1,2022-04-23T05:07:34.8987723Z,0
4.57001,101.281865,Daerah: Perak<br>No:4922<br>Hex coord:(68;88),n/a,0,0,0,0,0,0,1,2022-04-23T05:07:35.6255908Z,0
4.56223,101.2954117,Daerah: Perak<br>No:4923<br>Hex coord:(69;88),n/a,0,0,0,0,0,0,1,2022-04-23T05:07:36.3524324Z,0
4.57001,101.3089584,Daerah: Perak<br>No:4924<br>Hex coord:(70;88),n/a,0,0,0,0,0,0,1,2022-04-23T05:07:37.0863801Z,0
4.56223,101.3225051,Daerah: Perak<br>No:4925<br>Hex coord:(71;88),n/a,0,0,0,0,0,0,1,2022-04-23T05:07:37.7989389Z,0
4.57001,101.3360518,Daerah: Perak<br>No:4926<br>Hex coord:(72;88),n/a,0,0,0,0,0,0,1,2022-04-23T05:07:38.5210055Z,0
4.56223,101.3495985,Daerah: Perak<br>No:4927<br>Hex coord:(73;88),n/a,0,0,0,0,0,0,1,2022-04-23T05:07:39.2489760Z,0
4.55445,100.6587165,Daerah: Perak<br>No:4928<br>Hex coord:(22;89),n/a,0,0,0,0,0,0,1,2022-04-23T05:07:39.9734577Z,0
4.54667,100.6722632,Daerah: Perak<br>No:4929<br>Hex coord:(23;89),n/a,1 ,0,0,0,0,0,1,2022-04-23T05:07:40.7028187Z,0
4.55445,100.6858099,Daerah: Perak<br>No:4930<br>Hex coord:(24;89),n/a,0,0,0,0,0,0,1,2022-04-23T05:07:41.4199926Z,0
4.54667,100.6993566,Daerah: Perak<br>No:4931<br>Hex coord:(25;89),n/a,0,0,0,0,0,0,1,2022-04-23T05:07:42.1455755Z,0
4.55445,100.7129033,Daerah: Perak<br>No:4932<br>Hex coord:(26;89),n/a,0,0,0,0,0,0,1,2022-04-23T05:07:42.8887696Z,0
4.54667,100.72645,Daerah: Perak<br>No:4933<br>Hex coord:(27;89),n/a,0,0,0,0,0,0,1,2022-04-23T05:07:43.6171007Z,0
4.55445,100.7399968,Daerah: Perak<br>No:4934<br>Hex coord:(28;89),n/a,0,0,0,0,0,0,1,2022-04-23T05:07:44.3356830Z,0
4.54667,100.7535435,Daerah: Perak<br>No:4935<br>Hex coord:(29;89),n/a,0,0,0,0,0,0,1,2022-04-23T05:07:45.0591337Z,0
4.55445,100.7670902,Daerah: Perak<br>No:4936<br>Hex coord:(30;89),n/a,0,0,0,0,0,0,1,2022-04-23T05:07:45.7872543Z,0
4.54667,100.7806369,Daerah: Perak<br>No:4937<br>Hex coord:(31;89),n/a,0,0,0,0,0,0,1,2022-04-23T05:07:46.5123871Z,0
4.55445,100.7941836,Daerah: Perak<br>No:4938<br>Hex coord:(32;89),n/a,0,0,0,0,0,0,1,2022-04-23T05:07:47.2393907Z,0
4.54667,100.8077303,Daerah: Perak<br>No:4939<br>Hex coord:(33;89),n/a,0,0,0,0,0,0,1,2022-04-23T05:07:47.9771769Z,0
4.55445,100.821277,Daerah: Perak<br>No:4940<br>Hex coord:(34;89),n/a,0,0,0,0,0,0,1,2022-04-23T05:07:48.9661849Z,0
4.54667,100.8348237,Daerah: Perak<br>No:4941<br>Hex coord:(35;89),n/a,0,0,0,0,0,0,1,2022-04-23T05:07:49.6881286Z,0
4.55445,100.8483704,Daerah: Perak<br>No:4942<br>Hex coord:(36;89),n/a,0,0,0,0,0,0,1,2022-04-23T05:07:50.4083352Z,0
4.54667,100.8619171,Daerah: Perak<br>No:4943<br>Hex coord:(37;89),n/a,1 ,0,0,0,0,0,1,2022-04-23T05:07:51.1251973Z,0
4.55445,100.8754638,Daerah: Perak<br>No:4944<br>Hex coord:(38;89),n/a,0,0,0,0,0,0,1,2022-04-23T05:07:51.8602457Z,0
4.54667,100.8890105,Daerah: Perak<br>No:4945<br>Hex coord:(39;89),n/a,0,0,0,0,0,0,1,2022-04-23T05:07:52.5845122Z,0
4.55445,100.9025572,Daerah: Perak<br>No:4946<br>Hex coord:(40;89),n/a,0,0,0,0,0,0,1,2022-04-23T05:07:53.3114016Z,0
4.54667,100.9161039,Daerah: Perak<br>No:4947<br>Hex coord:(41;89),n/a,0,0,0,0,0,0,1,2022-04-23T05:07:54.1012199Z,0
4.55445,100.9296506,Daerah: Perak<br>No:4948<br>Hex coord:(42;89),n/a,0,0,0,0,0,0,1,2022-04-23T05:07:54.8212845Z,0
4.54667,100.9431973,Daerah: Perak<br>No:4949<br>Hex coord:(43;89),n/a,1 ,0,0,0,0,0,1,2022-04-23T05:07:55.5491625Z,0
4.55445,100.956744,Daerah: Perak<br>No:4950<br>Hex coord:(44;89),n/a,0,0,0,0,0,0,1,2022-04-23T05:07:56.2725727Z,0
4.54667,100.9702907,Daerah: Perak<br>No:4951<br>Hex coord:(45;89),n/a,0,0,0,0,0,0,1,2022-04-23T05:07:56.9984473Z,0
4.55445,100.9838374,Daerah: Perak<br>No:4952<br>Hex coord:(46;89),n/a,0,0,0,0,0,0,1,2022-04-23T05:07:57.7246980Z,0
4.54667,100.9973842,Daerah: Perak<br>No:4953<br>Hex coord:(47;89),n/a,0,0,0,0,0,0,1,2022-04-23T05:07:58.4504051Z,0
4.55445,101.0109309,Daerah: Perak<br>No:4954<br>Hex coord:(48;89),n/a,0,0,0,0,0,0,1,2022-04-23T05:07:59.1995741Z,0
4.54667,101.0244776,Daerah: Perak<br>No:4955<br>Hex coord:(49;89),n/a,2 ,0,0,0,0,0,1,2022-04-23T05:07:59.9287710Z,0
4.55445,101.0380243,Daerah: Perak<br>No:4956<br>Hex coord:(50;89),n/a,3 ,0,0,0,0,0,1,2022-04-23T05:08:00.6673317Z,0
4.54667,101.051571,Daerah: Perak<br>No:4957<br>Hex coord:(51;89),n/a,21 ,0,0,0,0,0,1,2022-04-23T05:08:01.3964756Z,0
4.55445,101.0651177,Daerah: Perak<br>No:4958<br>Hex coord:(52;89),n/a,27 ,0,0,0,0,0,1,2022-04-23T05:08:02.1826484Z,0
4.54667,101.0786644,Daerah: Perak<br>No:4959<br>Hex coord:(53;89),n/a,20 ,0,0,0,0,0,1,2022-04-23T05:08:02.9690328Z,0
4.55445,101.0922111,Daerah: Perak<br>No:4960<br>Hex coord:(54;89),n/a,22 ,0,0,0,0,0,1,2022-04-23T05:08:03.6906618Z,0
4.54667,101.1057578,Daerah: Perak<br>No:4961<br>Hex coord:(55;89),n/a,32 ,0,0,0,0,0,1,2022-04-23T05:08:04.4827765Z,0
4.55445,101.1193045,Daerah: Perak<br>No:4962<br>Hex coord:(56;89),n/a,6 ,0,0,0,0,0,1,2022-04-23T05:08:05.2129672Z,0
4.54667,101.1328512,Daerah: Perak<br>No:4963<br>Hex coord:(57;89),n/a,1 ,0,0,0,0,0,1,2022-04-23T05:08:05.9524059Z,0
4.55445,101.1463979,Daerah: Perak<br>No:4964<br>Hex coord:(58;89),n/a,0,0,0,0,0,0,1,2022-04-23T05:08:06.6756330Z,0
4.54667,101.1599446,Daerah: Perak<br>No:4965<br>Hex coord:(59;89),n/a,0,0,0,0,0,0,1,2022-04-23T05:08:07.4387615Z,0
4.55445,101.1734913,Daerah: Perak<br>No:4966<br>Hex coord:(60;89),n/a,0,0,0,0,0,0,1,2022-04-23T05:08:08.1545991Z,0
4.54667,101.187038,Daerah: Perak<br>No:4967<br>Hex coord:(61;89),n/a,0,0,0,0,0,0,1,2022-04-23T05:08:08.8887579Z,0
4.55445,101.2005847,Daerah: Perak<br>No:4968<br>Hex coord:(62;89),n/a,0,0,0,0,0,0,1,2022-04-23T05:08:09.6559803Z,0
4.54667,101.2141314,Daerah: Perak<br>No:4969<br>Hex coord:(63;89),n/a,0,0,0,0,0,0,1,2022-04-23T05:08:10.4055946Z,0
4.55445,101.2276781,Daerah: Perak<br>No:4970<br>Hex coord:(64;89),n/a,0,0,0,0,0,0,1,2022-04-23T05:08:11.1344050Z,0
4.54667,101.2412249,Daerah: Perak<br>No:4971<br>Hex coord:(65;89),n/a,0,0,0,0,0,0,1,2022-04-23T05:08:11.8745628Z,0
4.55445,101.2547716,Daerah: Perak<br>No:4972<br>Hex coord:(66;89),n/a,0,0,0,0,0,0,1,2022-04-23T05:08:12.6053655Z,0
4.54667,101.2683183,Daerah: Perak<br>No:4973<br>Hex coord:(67;89),n/a,0,0,0,0,0,0,1,2022-04-23T05:08:14.3340645Z,0
4.55445,101.281865,Daerah: Perak<br>No:4974<br>Hex coord:(68;89),n/a,0,0,0,0,0,0,1,2022-04-23T05:08:15.0617511Z,0
4.54667,101.2954117,Daerah: Perak<br>No:4975<br>Hex coord:(69;89),n/a,0,0,0,0,0,0,1,2022-04-23T05:08:15.7768276Z,0
4.55445,101.3089584,Daerah: Perak<br>No:4976<br>Hex coord:(70;89),n/a,0,0,0,0,0,0,1,2022-04-23T05:08:16.4959471Z,0
4.54667,101.3225051,Daerah: Perak<br>No:4977<br>Hex coord:(71;89),n/a,0,0,0,0,0,0,1,2022-04-23T05:08:17.2347816Z,0
4.55445,101.3360518,Daerah: Perak<br>No:4978<br>Hex coord:(72;89),n/a,0,0,0,0,0,0,1,2022-04-23T05:08:17.9866451Z,0
4.54667,101.3495985,Daerah: Perak<br>No:4979<br>Hex coord:(73;89),n/a,0,0,0,0,0,0,1,2022-04-23T05:08:18.7316204Z,0
4.53111,100.6451698,Daerah: Perak<br>No:4980<br>Hex coord:(21;90),n/a,0,0,0,0,0,0,1,2022-04-23T05:08:19.4601901Z,0
4.53889,100.6587165,Daerah: Perak<br>No:4981<br>Hex coord:(22;90),n/a,0,0,0,0,0,0,1,2022-04-23T05:08:20.4526686Z,0
4.53111,100.6722632,Daerah: Perak<br>No:4982<br>Hex coord:(23;90),n/a,0,0,0,0,0,0,1,2022-04-23T05:08:21.1886362Z,0
4.53889,100.6858099,Daerah: Perak<br>No:4983<br>Hex coord:(24;90),n/a,0,0,0,0,0,0,1,2022-04-23T05:08:21.9276239Z,0
4.53111,100.6993566,Daerah: Perak<br>No:4984<br>Hex coord:(25;90),n/a,0,0,0,0,0,0,1,2022-04-23T05:08:22.6656014Z,0
4.53889,100.7129033,Daerah: Perak<br>No:4985<br>Hex coord:(26;90),n/a,0,0,0,0,0,0,1,2022-04-23T05:08:23.5238921Z,0
4.53111,100.72645,Daerah: Perak<br>No:4986<br>Hex coord:(27;90),n/a,0,0,0,0,0,0,1,2022-04-23T05:08:24.2488216Z,0
4.53889,100.7399968,Daerah: Perak<br>No:4987<br>Hex coord:(28;90),n/a,0,0,0,0,0,0,1,2022-04-23T05:08:24.9857857Z,0
4.53111,100.7535435,Daerah: Perak<br>No:4988<br>Hex coord:(29;90),n/a,0,0,0,0,0,0,1,2022-04-23T05:08:25.8390126Z,0
4.53889,100.7670902,Daerah: Perak<br>No:4989<br>Hex coord:(30;90),n/a,0,0,0,0,0,0,1,2022-04-23T05:08:26.5761016Z,0
4.53111,100.7806369,Daerah: Perak<br>No:4990<br>Hex coord:(31;90),n/a,0,0,0,0,0,0,1,2022-04-23T05:08:27.2958780Z,0
4.53889,100.7941836,Daerah: Perak<br>No:4991<br>Hex coord:(32;90),n/a,0,0,0,0,0,0,1,2022-04-23T05:08:29.1579689Z,0
4.53111,100.8077303,Daerah: Perak<br>No:4992<br>Hex coord:(33;90),n/a,0,0,0,0,0,0,1,2022-04-23T05:08:29.8859569Z,0
4.53889,100.821277,Daerah: Perak<br>No:4993<br>Hex coord:(34;90),n/a,0,0,0,0,0,0,1,2022-04-23T05:08:30.6153972Z,0
4.53111,100.8348237,Daerah: Perak<br>No:4994<br>Hex coord:(35;90),n/a,0,0,0,0,0,0,1,2022-04-23T05:08:31.3317972Z,0
4.53889,100.8483704,Daerah: Perak<br>No:4995<br>Hex coord:(36;90),n/a,0,0,0,0,0,0,1,2022-04-23T05:08:32.0416603Z,0
4.53111,100.8619171,Daerah: Perak<br>No:4996<br>Hex coord:(37;90),n/a,0,0,0,0,0,0,1,2022-04-23T05:08:32.7846407Z,0
4.53889,100.8754638,Daerah: Perak<br>No:4997<br>Hex coord:(38;90),n/a,0,0,0,0,0,0,1,2022-04-23T05:08:33.6330219Z,0
4.53111,100.8890105,Daerah: Perak<br>No:4998<br>Hex coord:(39;90),n/a,0,0,0,0,0,0,1,2022-04-23T05:08:34.3648776Z,0
4.53889,100.9025572,Daerah: Perak<br>No:4999<br>Hex coord:(40;90),n/a,0,0,0,0,0,0,1,2022-04-23T05:08:35.0776330Z,0
4.53111,100.9161039,Daerah: Perak<br>No:5000<br>Hex coord:(41;90),n/a,0,0,0,0,0,0,1,2022-04-23T05:08:35.8056039Z,0
4.53889,100.9296506,Daerah: Perak<br>No:5001<br>Hex coord:(42;90),n/a,1 ,0,0,0,0,0,1,2022-04-23T05:08:36.5477994Z,0
4.53111,100.9431973,Daerah: Perak<br>No:5002<br>Hex coord:(43;90),n/a,0,0,0,0,0,0,1,2022-04-23T05:08:37.2803044Z,0
4.53889,100.956744,Daerah: Perak<br>No:5003<br>Hex coord:(44;90),n/a,0,0,0,0,0,0,1,2022-04-23T05:08:38.0162979Z,0
4.53111,100.9702907,Daerah: Perak<br>No:5004<br>Hex coord:(45;90),n/a,0,0,0,0,0,0,1,2022-04-23T05:08:38.7716764Z,0
4.53889,100.9838374,Daerah: Perak<br>No:5005<br>Hex coord:(46;90),n/a,0,0,0,0,0,0,1,2022-04-23T05:08:39.4943265Z,0
4.53111,100.9973842,Daerah: Perak<br>No:5006<br>Hex coord:(47;90),n/a,0,0,0,0,0,0,1,2022-04-23T05:08:40.3988569Z,0
4.53889,101.0109309,Daerah: Perak<br>No:5007<br>Hex coord:(48;90),n/a,0,0,0,0,0,0,1,2022-04-23T05:08:41.1440318Z,0
4.53111,101.0244776,Daerah: Perak<br>No:5008<br>Hex coord:(49;90),n/a,0,0,0,0,0,0,1,2022-04-23T05:08:41.8722113Z,0
4.53889,101.0380243,Daerah: Perak<br>No:5009<br>Hex coord:(50;90),n/a,9 ,0,0,0,0,0,1,2022-04-23T05:08:42.6092530Z,0
4.53111,101.051571,Daerah: Perak<br>No:5010<br>Hex coord:(51;90),n/a,3 ,0,0,0,0,0,1,2022-04-23T05:08:43.3342139Z,0
4.53889,101.0651177,Daerah: Perak<br>No:5011<br>Hex coord:(52;90),n/a,16 ,0,0,0,0,0,1,2022-04-23T05:08:44.0557627Z,0
4.53111,101.0786644,Daerah: Perak<br>No:5012<br>Hex coord:(53;90),n/a,14 ,0,0,0,0,0,1,2022-04-23T05:08:44.8145072Z,0
4.53889,101.0922111,Daerah: Perak<br>No:5013<br>Hex coord:(54;90),n/a,18 ,0,0,0,0,0,1,2022-04-23T05:08:45.5463508Z,0
4.53111,101.1057578,Daerah: Perak<br>No:5014<br>Hex coord:(55;90),n/a,16 ,0,0,0,0,0,1,2022-04-23T05:08:46.2865085Z,0
4.53889,101.1193045,Daerah: Perak<br>No:5015<br>Hex coord:(56;90),n/a,11 ,0,0,0,0,0,1,2022-04-23T05:08:47.0195167Z,0
4.53111,101.1328512,Daerah: Perak<br>No:5016<br>Hex coord:(57;90),n/a,4 ,0,0,0,0,0,1,2022-04-23T05:08:47.7461083Z,0
4.53889,101.1463979,Daerah: Perak<br>No:5017<br>Hex coord:(58;90),n/a,0,0,0,0,0,0,1,2022-04-23T05:08:48.4690526Z,0
4.53111,101.1599446,Daerah: Perak<br>No:5018<br>Hex coord:(59;90),n/a,0,0,0,0,0,0,1,2022-04-23T05:08:49.1895076Z,0
4.53889,101.1734913,Daerah: Perak<br>No:5019<br>Hex coord:(60;90),n/a,0,0,0,0,0,0,1,2022-04-23T05:08:49.9048932Z,0
4.53111,101.187038,Daerah: Perak<br>No:5020<br>Hex coord:(61;90),n/a,0,0,0,0,0,0,1,2022-04-23T05:08:50.6347921Z,0
4.53889,101.2005847,Daerah: Perak<br>No:5021<br>Hex coord:(62;90),n/a,0,0,0,0,0,0,1,2022-04-23T05:08:51.3588099Z,0
4.53111,101.2141314,Daerah: Perak<br>No:5022<br>Hex coord:(63;90),n/a,0,0,0,0,0,0,1,2022-04-23T05:08:52.0855797Z,0
4.53889,101.2276781,Daerah: Perak<br>No:5023<br>Hex coord:(64;90),n/a,0,0,0,0,0,0,1,2022-04-23T05:08:52.8048273Z,0
4.53111,101.2412249,Daerah: Perak<br>No:5024<br>Hex coord:(65;90),n/a,0,0,0,0,0,0,1,2022-04-23T05:08:53.5272012Z,0
4.53889,101.2547716,Daerah: Perak<br>No:5025<br>Hex coord:(66;90),n/a,0,0,0,0,0,0,1,2022-04-23T05:08:54.2908855Z,0
4.53111,101.2683183,Daerah: Perak<br>No:5026<br>Hex coord:(67;90),n/a,0,0,0,0,0,0,1,2022-04-23T05:08:55.1119061Z,0
4.53889,101.281865,Daerah: Perak<br>No:5027<br>Hex coord:(68;90),n/a,0,0,0,0,0,0,1,2022-04-23T05:08:55.8954231Z,0
4.53111,101.2954117,Daerah: Perak<br>No:5028<br>Hex coord:(69;90),n/a,0,0,0,0,0,0,1,2022-04-23T05:08:57.6540841Z,0
4.53889,101.3089584,Daerah: Perak<br>No:5029<br>Hex coord:(70;90),n/a,0,0,0,0,0,0,1,2022-04-23T05:08:58.4245056Z,0
4.53111,101.3225051,Daerah: Perak<br>No:5030<br>Hex coord:(71;90),n/a,0,0,0,0,0,0,1,2022-04-23T05:08:59.1408435Z,0
4.53889,101.3360518,Daerah: Perak<br>No:5031<br>Hex coord:(72;90),n/a,0,0,0,0,0,0,1,2022-04-23T05:08:59.8712002Z,0
4.53111,101.3495985,Daerah: Perak<br>No:5032<br>Hex coord:(73;90),n/a,0,0,0,0,0,0,1,2022-04-23T05:09:00.5914038Z,0
4.52333,100.6316231,Daerah: Perak<br>No:5033<br>Hex coord:(20;91),n/a,0,0,0,0,0,0,1,2022-04-23T05:09:01.3247113Z,0
4.51555,100.6451698,Daerah: Perak<br>No:5034<br>Hex coord:(21;91),n/a,1 ,0,0,0,0,0,1,2022-04-23T05:09:02.1828425Z,0
4.52333,100.6587165,Daerah: Perak<br>No:5035<br>Hex coord:(22;91),n/a,1 ,0,0,0,0,0,1,2022-04-23T05:09:02.9197845Z,0
4.51555,100.6722632,Daerah: Perak<br>No:5036<br>Hex coord:(23;91),n/a,0,0,0,0,0,0,1,2022-04-23T05:09:03.6537114Z,0
4.52333,100.6858099,Daerah: Perak<br>No:5037<br>Hex coord:(24;91),n/a,0,0,0,0,0,0,1,2022-04-23T05:09:04.3921651Z,0
4.51555,100.6993566,Daerah: Perak<br>No:5038<br>Hex coord:(25;91),n/a,0,0,0,0,0,0,1,2022-04-23T05:09:05.2100772Z,0
4.52333,100.7129033,Daerah: Perak<br>No:5039<br>Hex coord:(26;91),n/a,1 ,0,0,0,0,0,1,2022-04-23T05:09:05.9354737Z,0
4.51555,100.72645,Daerah: Perak<br>No:5040<br>Hex coord:(27;91),n/a,0,0,0,0,0,0,1,2022-04-23T05:09:06.7738356Z,0
4.52333,100.7399968,Daerah: Perak<br>No:5041<br>Hex coord:(28;91),n/a,0,0,0,0,0,0,1,2022-04-23T05:09:07.5066160Z,0
4.51555,100.7535435,Daerah: Perak<br>No:5042<br>Hex coord:(29;91),n/a,0,0,0,0,0,0,1,2022-04-23T05:09:08.2269444Z,0
4.52333,100.7670902,Daerah: Perak<br>No:5043<br>Hex coord:(30;91),n/a,0,0,0,0,0,0,1,2022-04-23T05:09:08.9792503Z,0
4.51555,100.7806369,Daerah: Perak<br>No:5044<br>Hex coord:(31;91),n/a,0,0,0,0,0,0,1,2022-04-23T05:09:10.7426949Z,0
4.52333,100.7941836,Daerah: Perak<br>No:5045<br>Hex coord:(32;91),n/a,0,0,0,0,0,0,1,2022-04-23T05:09:11.4789096Z,0
4.51555,100.8077303,Daerah: Perak<br>No:5046<br>Hex coord:(33;91),n/a,0,0,0,0,0,0,1,2022-04-23T05:09:12.2160182Z,0
4.52333,100.821277,Daerah: Perak<br>No:5047<br>Hex coord:(34;91),n/a,0,0,0,0,0,0,1,2022-04-23T05:09:12.9455233Z,0
4.51555,100.8348237,Daerah: Perak<br>No:5048<br>Hex coord:(35;91),n/a,1 ,0,0,0,0,0,1,2022-04-23T05:09:13.6686554Z,0
4.52333,100.8483704,Daerah: Perak<br>No:5049<br>Hex coord:(36;91),n/a,0,0,0,0,0,0,1,2022-04-23T05:09:15.4110633Z,0
4.51555,100.8619171,Daerah: Perak<br>No:5050<br>Hex coord:(37;91),n/a,0,0,0,0,0,0,1,2022-04-23T05:09:16.1452807Z,0
4.52333,100.8754638,Daerah: Perak<br>No:5051<br>Hex coord:(38;91),n/a,0,0,0,0,0,0,1,2022-04-23T05:09:16.8756758Z,0
4.51555,100.8890105,Daerah: Perak<br>No:5052<br>Hex coord:(39;91),n/a,0,0,0,0,0,0,1,2022-04-23T05:09:17.5992381Z,0
4.52333,100.9025572,Daerah: Perak<br>No:5053<br>Hex coord:(40;91),n/a,0,0,0,0,0,0,1,2022-04-23T05:09:18.3231509Z,0
4.51555,100.9161039,Daerah: Perak<br>No:5054<br>Hex coord:(41;91),n/a,1 ,0,0,0,0,0,1,2022-04-23T05:09:19.0516686Z,0
4.52333,100.9296506,Daerah: Perak<br>No:5055<br>Hex coord:(42;91),n/a,1 ,0,0,0,0,0,1,2022-04-23T05:09:19.7651694Z,0
4.51555,100.9431973,Daerah: Perak<br>No:5056<br>Hex coord:(43;91),n/a,0,0,0,0,0,0,1,2022-04-23T05:09:20.6210782Z,0
4.52333,100.956744,Daerah: Perak<br>No:5057<br>Hex coord:(44;91),n/a,0,0,0,0,0,0,1,2022-04-23T05:09:21.4142790Z,0
4.51555,100.9702907,Daerah: Perak<br>No:5058<br>Hex coord:(45;91),n/a,0,0,0,0,0,0,1,2022-04-23T05:09:22.2712208Z,0
4.52333,100.9838374,Daerah: Perak<br>No:5059<br>Hex coord:(46;91),n/a,0,0,0,0,0,0,1,2022-04-23T05:09:23.1253233Z,0
4.51555,100.9973842,Daerah: Perak<br>No:5060<br>Hex coord:(47;91),n/a,0,0,0,0,0,0,1,2022-04-23T05:09:23.8672749Z,0
4.52333,101.0109309,Daerah: Perak<br>No:5061<br>Hex coord:(48;91),n/a,0,0,0,0,0,0,1,2022-04-23T05:09:24.5797686Z,0
4.51555,101.0244776,Daerah: Perak<br>No:5062<br>Hex coord:(49;91),n/a,3 ,0,0,0,0,0,1,2022-04-23T05:09:26.3191787Z,0
4.52333,101.0380243,Daerah: Perak<br>No:5063<br>Hex coord:(50;91),n/a,1 ,0,0,0,0,0,1,2022-04-23T05:09:28.0438253Z,0
4.51555,101.051571,Daerah: Perak<br>No:5064<br>Hex coord:(51;91),n/a,1 ,0,0,0,0,0,1,2022-04-23T05:09:28.7826642Z,0
4.52333,101.0651177,Daerah: Perak<br>No:5065<br>Hex coord:(52;91),n/a,13 ,0,0,0,0,0,1,2022-04-23T05:09:29.5187109Z,0
4.51555,101.0786644,Daerah: Perak<br>No:5066<br>Hex coord:(53;91),n/a,5 ,0,0,0,0,0,1,2022-04-23T05:09:30.2347688Z,0
4.52333,101.0922111,Daerah: Perak<br>No:5067<br>Hex coord:(54;91),n/a,4 ,0,0,0,0,0,1,2022-04-23T05:09:30.9621011Z,0
4.51555,101.1057578,Daerah: Perak<br>No:5068<br>Hex coord:(55;91),n/a,1 ,0,0,0,0,0,1,2022-04-23T05:09:31.6798103Z,0
4.52333,101.1193045,Daerah: Perak<br>No:5069<br>Hex coord:(56;91),n/a,17 ,0,0,0,0,0,1,2022-04-23T05:09:32.4451599Z,0
4.51555,101.1328512,Daerah: Perak<br>No:5070<br>Hex coord:(57;91),n/a,7 ,0,0,0,0,0,1,2022-04-23T05:09:33.2169166Z,0
4.52333,101.1463979,Daerah: Perak<br>No:5071<br>Hex coord:(58;91),n/a,0,0,0,0,0,0,1,2022-04-23T05:09:33.9541724Z,0
4.51555,101.1599446,Daerah: Perak<br>No:5072<br>Hex coord:(59;91),n/a,0,0,0,0,0,0,1,2022-04-23T05:09:34.6838520Z,0
4.52333,101.1734913,Daerah: Perak<br>No:5073<br>Hex coord:(60;91),n/a,0,0,0,0,0,0,1,2022-04-23T05:09:35.4067408Z,0
4.51555,101.187038,Daerah: Perak<br>No:5074<br>Hex coord:(61;91),n/a,0,0,0,0,0,0,1,2022-04-23T05:09:37.1362519Z,0
4.52333,101.2005847,Daerah: Perak<br>No:5075<br>Hex coord:(62;91),n/a,0,0,0,0,0,0,1,2022-04-23T05:09:37.8709333Z,0
4.51555,101.2141314,Daerah: Perak<br>No:5076<br>Hex coord:(63;91),n/a,0,0,0,0,0,0,1,2022-04-23T05:09:38.5951581Z,0
4.52333,101.2276781,Daerah: Perak<br>No:5077<br>Hex coord:(64;91),n/a,0,0,0,0,0,0,1,2022-04-23T05:09:39.3584443Z,0
4.51555,101.2412249,Daerah: Perak<br>No:5078<br>Hex coord:(65;91),n/a,0,0,0,0,0,0,1,2022-04-23T05:09:40.1113238Z,0
4.52333,101.2547716,Daerah: Perak<br>No:5079<br>Hex coord:(66;91),n/a,0,0,0,0,0,0,1,2022-04-23T05:09:40.8394566Z,0
4.51555,101.2683183,Daerah: Perak<br>No:5080<br>Hex coord:(67;91),n/a,0,0,0,0,0,0,1,2022-04-23T05:09:41.5729925Z,0
4.52333,101.281865,Daerah: Perak<br>No:5081<br>Hex coord:(68;91),n/a,0,0,0,0,0,0,1,2022-04-23T05:09:42.3071959Z,0
4.51555,101.2954117,Daerah: Perak<br>No:5082<br>Hex coord:(69;91),n/a,0,0,0,0,0,0,1,2022-04-23T05:09:43.0462174Z,0
4.52333,101.3089584,Daerah: Perak<br>No:5083<br>Hex coord:(70;91),n/a,0,0,0,0,0,0,1,2022-04-23T05:09:44.7768103Z,0
4.51555,101.3225051,Daerah: Perak<br>No:5084<br>Hex coord:(71;91),n/a,0,0,0,0,0,0,1,2022-04-23T05:09:45.4993533Z,0
4.52333,101.3360518,Daerah: Perak<br>No:5085<br>Hex coord:(72;91),n/a,0,0,0,0,0,0,1,2022-04-23T05:09:46.2227873Z,0
4.51555,101.3495985,Daerah: Perak<br>No:5086<br>Hex coord:(73;91),n/a,0,0,0,0,0,0,1,2022-04-23T05:09:46.9438543Z,0
4.52333,101.3631452,Daerah: Perak<br>No:5087<br>Hex coord:(74;91),n/a,0,0,0,0,0,0,1,2022-04-23T05:09:47.8365673Z,0
4.51555,101.3766919,Daerah: Perak<br>No:5088<br>Hex coord:(75;91),n/a,0,0,0,0,0,0,1,2022-04-23T05:09:48.6418733Z,0
4.50777,100.6316231,Daerah: Perak<br>No:5089<br>Hex coord:(20;92),n/a,0,0,0,0,0,0,1,2022-04-23T05:09:49.4657541Z,0
4.49999,100.6451698,Daerah: Perak<br>No:5090<br>Hex coord:(21;92),n/a,0,0,0,0,0,0,1,2022-04-23T05:09:50.1890535Z,0
4.50777,100.6587165,Daerah: Perak<br>No:5091<br>Hex coord:(22;92),n/a,0,0,0,0,0,0,1,2022-04-23T05:09:50.9194171Z,0
4.49999,100.6722632,Daerah: Perak<br>No:5092<br>Hex coord:(23;92),n/a,0,0,0,0,0,0,1,2022-04-23T05:09:51.6456114Z,0
4.50777,100.6858099,Daerah: Perak<br>No:5093<br>Hex coord:(24;92),n/a,0,0,0,0,0,0,1,2022-04-23T05:09:52.3724846Z,0
4.49999,100.6993566,Daerah: Perak<br>No:5094<br>Hex coord:(25;92),n/a,0,0,0,0,0,0,1,2022-04-23T05:09:53.1056453Z,0
4.50777,100.7129033,Daerah: Perak<br>No:5095<br>Hex coord:(26;92),n/a,0,0,0,0,0,0,1,2022-04-23T05:09:53.8393619Z,0
4.49999,100.72645,Daerah: Perak<br>No:5096<br>Hex coord:(27;92),n/a,0,0,0,0,0,0,1,2022-04-23T05:09:54.5664067Z,0
4.50777,100.7399968,Daerah: Perak<br>No:5097<br>Hex coord:(28;92),n/a,0,0,0,0,0,0,1,2022-04-23T05:09:55.2827832Z,0
4.49999,100.7535435,Daerah: Perak<br>No:5098<br>Hex coord:(29;92),n/a,0,0,0,0,0,0,1,2022-04-23T05:09:56.0153045Z,0
4.50777,100.7670902,Daerah: Perak<br>No:5099<br>Hex coord:(30;92),n/a,0,0,0,0,0,0,1,2022-04-23T05:09:56.7553694Z,0
4.49999,100.7806369,Daerah: Perak<br>No:5100<br>Hex coord:(31;92),n/a,2 ,0,0,0,0,0,1,2022-04-23T05:09:57.4864486Z,0
4.50777,100.7941836,Daerah: Perak<br>No:5101<br>Hex coord:(32;92),n/a,0,0,0,0,0,0,1,2022-04-23T05:09:58.2190059Z,0
4.49999,100.8077303,Daerah: Perak<br>No:5102<br>Hex coord:(33;92),n/a,0,0,0,0,0,0,1,2022-04-23T05:09:58.9412716Z,0
4.50777,100.821277,Daerah: Perak<br>No:5103<br>Hex coord:(34;92),n/a,0,0,0,0,0,0,1,2022-04-23T05:09:59.6676654Z,0
4.49999,100.8348237,Daerah: Perak<br>No:5104<br>Hex coord:(35;92),n/a,0,0,0,0,0,0,1,2022-04-23T05:10:00.3954293Z,0
4.50777,100.8483704,Daerah: Perak<br>No:5105<br>Hex coord:(36;92),n/a,0,0,0,0,0,0,1,2022-04-23T05:10:01.1149458Z,0
4.49999,100.8619171,Daerah: Perak<br>No:5106<br>Hex coord:(37;92),n/a,0,0,0,0,0,0,1,2022-04-23T05:10:01.8433676Z,0
4.50777,100.8754638,Daerah: Perak<br>No:5107<br>Hex coord:(38;92),n/a,0,0,0,0,0,0,1,2022-04-23T05:10:02.5674975Z,0
4.49999,100.8890105,Daerah: Perak<br>No:5108<br>Hex coord:(39;92),n/a,0,0,0,0,0,0,1,2022-04-23T05:10:03.3071282Z,0
4.50777,100.9025572,Daerah: Perak<br>No:5109<br>Hex coord:(40;92),n/a,0,0,0,0,0,0,1,2022-04-23T05:10:04.0378716Z,0
4.49999,100.9161039,Daerah: Perak<br>No:5110<br>Hex coord:(41;92),n/a,4 ,0,0,0,0,0,1,2022-04-23T05:10:04.7665848Z,0
4.50777,100.9296506,Daerah: Perak<br>No:5111<br>Hex coord:(42;92),n/a,0,0,0,0,0,0,1,2022-04-23T05:10:05.5291687Z,0
4.49999,100.9431973,Daerah: Perak<br>No:5112<br>Hex coord:(43;92),n/a,0,0,0,0,0,0,1,2022-04-23T05:10:06.2612529Z,0
4.50777,100.956744,Daerah: Perak<br>No:5113<br>Hex coord:(44;92),n/a,0,0,0,0,0,0,1,2022-04-23T05:10:06.9992582Z,0
4.49999,100.9702907,Daerah: Perak<br>No:5114<br>Hex coord:(45;92),n/a,0,0,0,0,0,0,1,2022-04-23T05:10:07.7262058Z,0
4.50777,100.9838374,Daerah: Perak<br>No:5115<br>Hex coord:(46;92),n/a,0,0,0,0,0,0,1,2022-04-23T05:10:08.4584238Z,0
4.49999,100.9973842,Daerah: Perak<br>No:5116<br>Hex coord:(47;92),n/a,0,0,0,0,0,0,1,2022-04-23T05:10:09.3134182Z,0
4.50777,101.0109309,Daerah: Perak<br>No:5117<br>Hex coord:(48;92),n/a,3 ,0,0,0,0,0,1,2022-04-23T05:10:10.0325139Z,0
4.49999,101.0244776,Daerah: Perak<br>No:5118<br>Hex coord:(49;92),n/a,13 ,0,0,0,0,0,1,2022-04-23T05:10:10.7663258Z,0
4.50777,101.0380243,Daerah: Perak<br>No:5119<br>Hex coord:(50;92),n/a,6 ,0,0,0,0,0,1,2022-04-23T05:10:11.5032115Z,0
4.49999,101.051571,Daerah: Perak<br>No:5120<br>Hex coord:(51;92),n/a,4 ,0,0,0,0,0,1,2022-04-23T05:10:12.2397270Z,0
4.50777,101.0651177,Daerah: Perak<br>No:5121<br>Hex coord:(52;92),n/a,2 ,0,0,0,0,0,1,2022-04-23T05:10:12.9739472Z,0
4.49999,101.0786644,Daerah: Perak<br>No:5122<br>Hex coord:(53;92),n/a,0,0,0,0,0,0,1,2022-04-23T05:10:13.7018038Z,0
4.50777,101.0922111,Daerah: Perak<br>No:5123<br>Hex coord:(54;92),n/a,0,0,0,0,0,0,1,2022-04-23T05:10:14.5627774Z,0
4.49999,101.1057578,Daerah: Perak<br>No:5124<br>Hex coord:(55;92),n/a,0,0,0,0,0,0,1,2022-04-23T05:10:15.3051722Z,0
4.50777,101.1193045,Daerah: Perak<br>No:5125<br>Hex coord:(56;92),n/a,0,0,0,0,0,0,1,2022-04-23T05:10:16.0433946Z,0
4.49999,101.1328512,Daerah: Perak<br>No:5126<br>Hex coord:(57;92),n/a,3 ,0,0,0,0,0,1,2022-04-23T05:10:16.7866348Z,0
4.50777,101.1463979,Daerah: Perak<br>No:5127<br>Hex coord:(58;92),n/a,2 ,0,0,0,0,0,1,2022-04-23T05:10:17.6326542Z,0
4.49999,101.1599446,Daerah: Perak<br>No:5128<br>Hex coord:(59;92),n/a,0,0,0,0,0,0,1,2022-04-23T05:10:18.3493299Z,0
4.50777,101.1734913,Daerah: Perak<br>No:5129<br>Hex coord:(60;92),n/a,0,0,0,0,0,0,1,2022-04-23T05:10:19.0649507Z,0
4.49999,101.187038,Daerah: Perak<br>No:5130<br>Hex coord:(61;92),n/a,0,0,0,0,0,0,1,2022-04-23T05:10:19.7829557Z,0
4.50777,101.2005847,Daerah: Perak<br>No:5131<br>Hex coord:(62;92),n/a,0,0,0,0,0,0,1,2022-04-23T05:10:20.5004788Z,0
4.49999,101.2141314,Daerah: Perak<br>No:5132<br>Hex coord:(63;92),n/a,0,0,0,0,0,0,1,2022-04-23T05:10:21.2238635Z,0
4.50777,101.2276781,Daerah: Perak<br>No:5133<br>Hex coord:(64;92),n/a,0,0,0,0,0,0,1,2022-04-23T05:10:21.9460604Z,0
4.49999,101.2412249,Daerah: Perak<br>No:5134<br>Hex coord:(65;92),n/a,0,0,0,0,0,0,1,2022-04-23T05:10:22.6655867Z,0
4.50777,101.2547716,Daerah: Perak<br>No:5135<br>Hex coord:(66;92),n/a,0,0,0,0,0,0,1,2022-04-23T05:10:23.3797498Z,0
4.49999,101.2683183,Daerah: Perak<br>No:5136<br>Hex coord:(67;92),n/a,0,0,0,0,0,0,1,2022-04-23T05:10:24.1120822Z,0
4.50777,101.281865,Daerah: Perak<br>No:5137<br>Hex coord:(68;92),n/a,0,0,0,0,0,0,1,2022-04-23T05:10:24.8368982Z,0
4.49999,101.2954117,Daerah: Perak<br>No:5138<br>Hex coord:(69;92),n/a,0,0,0,0,0,0,1,2022-04-23T05:10:25.5696689Z,0
4.50777,101.3089584,Daerah: Perak<br>No:5139<br>Hex coord:(70;92),n/a,0,0,0,0,0,0,1,2022-04-23T05:10:26.2990087Z,0
4.49999,101.3225051,Daerah: Perak<br>No:5140<br>Hex coord:(71;92),n/a,0,0,0,0,0,0,1,2022-04-23T05:10:27.0330238Z,0
4.50777,101.3360518,Daerah: Perak<br>No:5141<br>Hex coord:(72;92),n/a,0,0,0,0,0,0,1,2022-04-23T05:10:27.7629406Z,0
4.49999,101.3495985,Daerah: Perak<br>No:5142<br>Hex coord:(73;92),n/a,0,0,0,0,0,0,1,2022-04-23T05:10:28.4930750Z,0
4.50777,101.3631452,Daerah: Perak<br>No:5143<br>Hex coord:(74;92),n/a,0,0,0,0,0,0,1,2022-04-23T05:10:29.2286948Z,0
4.49999,101.3766919,Daerah: Perak<br>No:5144<br>Hex coord:(75;92),n/a,0,0,0,0,0,0,1,2022-04-23T05:10:29.9587739Z,0
4.49221,100.6316231,Daerah: Perak<br>No:5145<br>Hex coord:(20;93),n/a,0,0,0,0,0,0,1,2022-04-23T05:10:30.6922374Z,0
4.48443,100.6451698,Daerah: Perak<br>No:5146<br>Hex coord:(21;93),n/a,0,0,0,0,0,0,1,2022-04-23T05:10:31.4171439Z,0
4.49221,100.6587165,Daerah: Perak<br>No:5147<br>Hex coord:(22;93),n/a,0,0,0,0,0,0,1,2022-04-23T05:10:32.1454545Z,0
4.48443,100.6722632,Daerah: Perak<br>No:5148<br>Hex coord:(23;93),n/a,0,0,0,0,0,0,1,2022-04-23T05:10:32.8696869Z,0
4.49221,100.6858099,Daerah: Perak<br>No:5149<br>Hex coord:(24;93),n/a,0,0,0,0,0,0,1,2022-04-23T05:10:33.6088294Z,0
4.48443,100.6993566,Daerah: Perak<br>No:5150<br>Hex coord:(25;93),n/a,0,0,0,0,0,0,1,2022-04-23T05:10:34.3339689Z,0
4.49221,100.7129033,Daerah: Perak<br>No:5151<br>Hex coord:(26;93),n/a,0,0,0,0,0,0,1,2022-04-23T05:10:35.0589080Z,0
4.48443,100.72645,Daerah: Perak<br>No:5152<br>Hex coord:(27;93),n/a,0,0,0,0,0,0,1,2022-04-23T05:10:35.7825441Z,0
4.49221,100.7399968,Daerah: Perak<br>No:5153<br>Hex coord:(28;93),n/a,0,0,0,0,0,0,1,2022-04-23T05:10:36.5230782Z,0
4.48443,100.7535435,Daerah: Perak<br>No:5154<br>Hex coord:(29;93),n/a,0,0,0,0,0,0,1,2022-04-23T05:10:37.2579509Z,0
4.49221,100.7670902,Daerah: Perak<br>No:5155<br>Hex coord:(30;93),n/a,0,0,0,0,0,0,1,2022-04-23T05:10:37.9800283Z,0
4.48443,100.7806369,Daerah: Perak<br>No:5156<br>Hex coord:(31;93),n/a,0,0,0,0,0,0,1,2022-04-23T05:10:38.6994967Z,0
4.49221,100.7941836,Daerah: Perak<br>No:5157<br>Hex coord:(32;93),n/a,0,0,0,0,0,0,1,2022-04-23T05:10:39.4414289Z,0
4.48443,100.8077303,Daerah: Perak<br>No:5158<br>Hex coord:(33;93),n/a,0,0,0,0,0,0,1,2022-04-23T05:10:40.1883801Z,0
4.49221,100.821277,Daerah: Perak<br>No:5159<br>Hex coord:(34;93),n/a,0,0,0,0,0,0,1,2022-04-23T05:10:40.9257132Z,0
4.48443,100.8348237,Daerah: Perak<br>No:5160<br>Hex coord:(35;93),n/a,0,0,0,0,0,0,1,2022-04-23T05:10:42.6526099Z,0
4.49221,100.8483704,Daerah: Perak<br>No:5161<br>Hex coord:(36;93),n/a,0,0,0,0,0,0,1,2022-04-23T05:10:43.3784821Z,0
4.48443,100.8619171,Daerah: Perak<br>No:5162<br>Hex coord:(37;93),n/a,0,0,0,0,0,0,1,2022-04-23T05:10:44.1077199Z,0
4.49221,100.8754638,Daerah: Perak<br>No:5163<br>Hex coord:(38;93),n/a,0,0,0,0,0,0,1,2022-04-23T05:10:44.8393315Z,0
4.48443,100.8890105,Daerah: Perak<br>No:5164<br>Hex coord:(39;93),n/a,0,0,0,0,0,0,1,2022-04-23T05:10:45.5768307Z,0
4.49221,100.9025572,Daerah: Perak<br>No:5165<br>Hex coord:(40;93),n/a,3 ,0,0,0,0,0,1,2022-04-23T05:10:46.3096651Z,0
4.48443,100.9161039,Daerah: Perak<br>No:5166<br>Hex coord:(41;93),n/a,22 ,0,0,0,0,0,1,2022-04-23T05:10:47.0391184Z,0
4.49221,100.9296506,Daerah: Perak<br>No:5167<br>Hex coord:(42;93),n/a,1 ,0,0,0,0,0,1,2022-04-23T05:10:47.7610392Z,0
4.48443,100.9431973,Daerah: Perak<br>No:5168<br>Hex coord:(43;93),n/a,0,0,0,0,0,0,1,2022-04-23T05:10:48.5008405Z,0
4.49221,100.956744,Daerah: Perak<br>No:5169<br>Hex coord:(44;93),n/a,0,0,0,0,0,0,1,2022-04-23T05:10:49.2384071Z,0
4.48443,100.9702907,Daerah: Perak<br>No:5170<br>Hex coord:(45;93),n/a,0,0,0,0,0,0,1,2022-04-23T05:10:49.9616404Z,0
4.49221,100.9838374,Daerah: Perak<br>No:5171<br>Hex coord:(46;93),n/a,0,0,0,0,0,0,1,2022-04-23T05:10:50.7039643Z,0
4.48443,100.9973842,Daerah: Perak<br>No:5172<br>Hex coord:(47;93),n/a,1 ,0,0,0,0,0,1,2022-04-23T05:10:51.4343637Z,0
4.49221,101.0109309,Daerah: Perak<br>No:5173<br>Hex coord:(48;93),n/a,13 ,0,0,0,0,0,1,2022-04-23T05:10:52.1888542Z,0
4.48443,101.0244776,Daerah: Perak<br>No:5174<br>Hex coord:(49;93),n/a,6 ,0,0,0,0,0,1,2022-04-23T05:10:52.9171241Z,0
4.49221,101.0380243,Daerah: Perak<br>No:5175<br>Hex coord:(50;93),n/a,6 ,0,0,0,0,0,1,2022-04-23T05:10:53.6680670Z,0
4.48443,101.051571,Daerah: Perak<br>No:5176<br>Hex coord:(51;93),n/a,1 ,0,0,0,0,0,1,2022-04-23T05:10:54.4018967Z,0
4.49221,101.0651177,Daerah: Perak<br>No:5177<br>Hex coord:(52;93),n/a,1 ,0,0,0,0,0,1,2022-04-23T05:10:55.1292546Z,0
4.48443,101.0786644,Daerah: Perak<br>No:5178<br>Hex coord:(53;93),n/a,0,0,0,0,0,0,1,2022-04-23T05:10:55.8536919Z,0
4.49221,101.0922111,Daerah: Perak<br>No:5179<br>Hex coord:(54;93),n/a,0,0,0,0,0,0,1,2022-04-23T05:10:56.5899941Z,0
4.48443,101.1057578,Daerah: Perak<br>No:5180<br>Hex coord:(55;93),n/a,1 ,0,0,0,0,0,1,2022-04-23T05:10:57.3144528Z,0
4.49221,101.1193045,Daerah: Perak<br>No:5181<br>Hex coord:(56;93),n/a,0,0,0,0,0,0,1,2022-04-23T05:10:58.0401270Z,0
4.48443,101.1328512,Daerah: Perak<br>No:5182<br>Hex coord:(57;93),n/a,0,0,0,0,0,0,1,2022-04-23T05:10:58.7764254Z,0
4.49221,101.1463979,Daerah: Perak<br>No:5183<br>Hex coord:(58;93),n/a,0,0,0,0,0,0,1,2022-04-23T05:10:59.5021410Z,0
4.48443,101.1599446,Daerah: Perak<br>No:5184<br>Hex coord:(59;93),n/a,1 ,0,0,0,0,0,1,2022-04-23T05:11:01.2824634Z,0
4.49221,101.1734913,Daerah: Perak<br>No:5185<br>Hex coord:(60;93),n/a,0,0,0,0,0,0,1,2022-04-23T05:11:02.0655783Z,0
4.48443,101.187038,Daerah: Perak<br>No:5186<br>Hex coord:(61;93),n/a,0,0,0,0,0,0,1,2022-04-23T05:11:02.8947243Z,0
4.49221,101.2005847,Daerah: Perak<br>No:5187<br>Hex coord:(62;93),n/a,0,0,0,0,0,0,1,2022-04-23T05:11:03.7083761Z,0
4.48443,101.2141314,Daerah: Perak<br>No:5188<br>Hex coord:(63;93),n/a,0,0,0,0,0,0,1,2022-04-23T05:11:04.4939968Z,0
4.49221,101.2276781,Daerah: Perak<br>No:5189<br>Hex coord:(64;93),n/a,0,0,0,0,0,0,1,2022-04-23T05:11:05.2825261Z,0
4.48443,101.2412249,Daerah: Perak<br>No:5190<br>Hex coord:(65;93),n/a,0,0,0,0,0,0,1,2022-04-23T05:11:06.0306760Z,0
4.49221,101.2547716,Daerah: Perak<br>No:5191<br>Hex coord:(66;93),n/a,0,0,0,0,0,0,1,2022-04-23T05:11:06.8310009Z,0
4.48443,101.2683183,Daerah: Perak<br>No:5192<br>Hex coord:(67;93),n/a,0,0,0,0,0,0,1,2022-04-23T05:11:07.7080844Z,0
4.49221,101.281865,Daerah: Perak<br>No:5193<br>Hex coord:(68;93),n/a,0,0,0,0,0,0,1,2022-04-23T05:11:08.5993635Z,0
4.48443,101.2954117,Daerah: Perak<br>No:5194<br>Hex coord:(69;93),n/a,0,0,0,0,0,0,1,2022-04-23T05:11:09.4141594Z,0
4.49221,101.3089584,Daerah: Perak<br>No:5195<br>Hex coord:(70;93),n/a,0,0,0,0,0,0,1,2022-04-23T05:11:11.1877734Z,0
4.48443,101.3225051,Daerah: Perak<br>No:5196<br>Hex coord:(71;93),n/a,0,0,0,0,0,0,1,2022-04-23T05:11:11.9332998Z,0
4.49221,101.3360518,Daerah: Perak<br>No:5197<br>Hex coord:(72;93),n/a,0,0,0,0,0,0,1,2022-04-23T05:11:12.6650283Z,0
4.48443,101.3495985,Daerah: Perak<br>No:5198<br>Hex coord:(73;93),n/a,0,0,0,0,0,0,1,2022-04-23T05:11:13.5116779Z,0
4.49221,101.3631452,Daerah: Perak<br>No:5199<br>Hex coord:(74;93),n/a,0,0,0,0,0,0,1,2022-04-23T05:11:14.2391645Z,0
4.47665,100.6316231,Daerah: Perak<br>No:5200<br>Hex coord:(20;94),n/a,1 ,0,0,0,0,0,1,2022-04-23T05:11:15.0735095Z,0
4.46887,100.6451698,Daerah: Perak<br>No:5201<br>Hex coord:(21;94),n/a,0,0,0,0,0,0,1,2022-04-23T05:11:15.9175255Z,0
4.47665,100.6587165,Daerah: Perak<br>No:5202<br>Hex coord:(22;94),n/a,0,0,0,0,0,0,1,2022-04-23T05:11:16.7630231Z,0
4.46887,100.6722632,Daerah: Perak<br>No:5203<br>Hex coord:(23;94),n/a,0,0,0,0,0,0,1,2022-04-23T05:11:17.6412307Z,0
4.47665,100.6858099,Daerah: Perak<br>No:5204<br>Hex coord:(24;94),n/a,0,0,0,0,0,0,1,2022-04-23T05:11:18.3735371Z,0
4.46887,100.6993566,Daerah: Perak<br>No:5205<br>Hex coord:(25;94),n/a,0,0,0,0,0,0,1,2022-04-23T05:11:19.1293025Z,0
4.47665,100.7129033,Daerah: Perak<br>No:5206<br>Hex coord:(26;94),n/a,0,0,0,0,0,0,1,2022-04-23T05:11:19.8554265Z,0
4.46887,100.72645,Daerah: Perak<br>No:5207<br>Hex coord:(27;94),n/a,0,0,0,0,0,0,1,2022-04-23T05:11:20.5865238Z,0
4.47665,100.7399968,Daerah: Perak<br>No:5208<br>Hex coord:(28;94),n/a,0,0,0,0,0,0,1,2022-04-23T05:11:21.3122215Z,0
4.46887,100.7535435,Daerah: Perak<br>No:5209<br>Hex coord:(29;94),n/a,0,0,0,0,0,0,1,2022-04-23T05:11:22.0649839Z,0
4.47665,100.7670902,Daerah: Perak<br>No:5210<br>Hex coord:(30;94),n/a,0,0,0,0,0,0,1,2022-04-23T05:11:22.7815416Z,0
4.46887,100.7806369,Daerah: Perak<br>No:5211<br>Hex coord:(31;94),n/a,0,0,0,0,0,0,1,2022-04-23T05:11:23.5488967Z,0
4.47665,100.7941836,Daerah: Perak<br>No:5212<br>Hex coord:(32;94),n/a,0,0,0,0,0,0,1,2022-04-23T05:11:24.2626543Z,0
4.46887,100.8077303,Daerah: Perak<br>No:5213<br>Hex coord:(33;94),n/a,0,0,0,0,0,0,1,2022-04-23T05:11:24.9910336Z,0
4.47665,100.821277,Daerah: Perak<br>No:5214<br>Hex coord:(34;94),n/a,0,0,0,0,0,0,1,2022-04-23T05:11:25.7184059Z,0
4.46887,100.8348237,Daerah: Perak<br>No:5215<br>Hex coord:(35;94),n/a,0,0,0,0,0,0,1,2022-04-23T05:11:26.4794541Z,0
4.47665,100.8483704,Daerah: Perak<br>No:5216<br>Hex coord:(36;94),n/a,0,0,0,0,0,0,1,2022-04-23T05:11:28.2022956Z,0
4.46887,100.8619171,Daerah: Perak<br>No:5217<br>Hex coord:(37;94),n/a,0,0,0,0,0,0,1,2022-04-23T05:11:28.9267117Z,0
4.47665,100.8754638,Daerah: Perak<br>No:5218<br>Hex coord:(38;94),n/a,0,0,0,0,0,0,1,2022-04-23T05:11:29.6431155Z,0
4.46887,100.8890105,Daerah: Perak<br>No:5219<br>Hex coord:(39;94),n/a,0,0,0,0,0,0,1,2022-04-23T05:11:30.3563243Z,0
4.47665,100.9025572,Daerah: Perak<br>No:5220<br>Hex coord:(40;94),n/a,8 ,0,0,0,0,0,1,2022-04-23T05:11:31.0876783Z,0
4.46887,100.9161039,Daerah: Perak<br>No:5221<br>Hex coord:(41;94),n/a,0,0,0,0,0,0,1,2022-04-23T05:11:31.8078344Z,0
4.47665,100.9296506,Daerah: Perak<br>No:5222<br>Hex coord:(42;94),n/a,0,0,0,0,0,0,1,2022-04-23T05:11:32.5368149Z,0
4.46887,100.9431973,Daerah: Perak<br>No:5223<br>Hex coord:(43;94),n/a,0,0,0,0,0,0,1,2022-04-23T05:11:33.2632881Z,0
4.47665,100.956744,Daerah: Perak<br>No:5224<br>Hex coord:(44;94),n/a,0,0,0,0,0,0,1,2022-04-23T05:11:33.9916285Z,0
4.46887,100.9702907,Daerah: Perak<br>No:5225<br>Hex coord:(45;94),n/a,0,0,0,0,0,0,1,2022-04-23T05:11:34.7155531Z,0
4.47665,100.9838374,Daerah: Perak<br>No:5226<br>Hex coord:(46;94),n/a,0,0,0,0,0,0,1,2022-04-23T05:11:35.4633669Z,0
4.46887,100.9973842,Daerah: Perak<br>No:5227<br>Hex coord:(47;94),n/a,7 ,0,0,0,0,0,1,2022-04-23T05:11:36.1866173Z,0
4.47665,101.0109309,Daerah: Perak<br>No:5228<br>Hex coord:(48;94),n/a,8 ,0,0,0,0,0,1,2022-04-23T05:11:36.9310530Z,0
4.46887,101.0244776,Daerah: Perak<br>No:5229<br>Hex coord:(49;94),n/a,4 ,0,0,0,0,0,1,2022-04-23T05:11:37.6663711Z,0
4.47665,101.0380243,Daerah: Perak<br>No:5230<br>Hex coord:(50;94),n/a,6 ,0,0,0,0,0,1,2022-04-23T05:11:38.4082628Z,0
4.46887,101.051571,Daerah: Perak<br>No:5231<br>Hex coord:(51;94),n/a,4 ,0,0,0,0,0,1,2022-04-23T05:11:39.1331875Z,0
4.47665,101.0651177,Daerah: Perak<br>No:5232<br>Hex coord:(52;94),n/a,1 ,0,0,0,0,0,1,2022-04-23T05:11:39.8604419Z,0
4.46887,101.0786644,Daerah: Perak<br>No:5233<br>Hex coord:(53;94),n/a,1 ,0,0,0,0,0,1,2022-04-23T05:11:40.5814243Z,0
4.47665,101.0922111,Daerah: Perak<br>No:5234<br>Hex coord:(54;94),n/a,0,0,0,0,0,0,1,2022-04-23T05:11:41.3136052Z,0
4.46887,101.1057578,Daerah: Perak<br>No:5235<br>Hex coord:(55;94),n/a,0,0,0,0,0,0,1,2022-04-23T05:11:42.0381743Z,0
4.47665,101.1193045,Daerah: Perak<br>No:5236<br>Hex coord:(56;94),n/a,0,0,0,0,0,0,1,2022-04-23T05:11:42.9146396Z,0
4.46887,101.1328512,Daerah: Perak<br>No:5237<br>Hex coord:(57;94),n/a,0,0,0,0,0,0,1,2022-04-23T05:11:43.6474846Z,0
4.47665,101.1463979,Daerah: Perak<br>No:5238<br>Hex coord:(58;94),n/a,0,0,0,0,0,0,1,2022-04-23T05:11:45.4075356Z,0
4.46887,101.1599446,Daerah: Perak<br>No:5239<br>Hex coord:(59;94),n/a,19 ,0,0,0,0,0,1,2022-04-23T05:11:46.1301653Z,0
4.47665,101.1734913,Daerah: Perak<br>No:5240<br>Hex coord:(60;94),n/a,14 ,0,0,0,0,0,1,2022-04-23T05:11:46.8657002Z,0
4.46887,101.187038,Daerah: Perak<br>No:5241<br>Hex coord:(61;94),n/a,1 ,0,0,0,0,0,1,2022-04-23T05:11:47.6114975Z,0
4.47665,101.2005847,Daerah: Perak<br>No:5242<br>Hex coord:(62;94),n/a,0,0,0,0,0,0,1,2022-04-23T05:11:48.3516046Z,0
4.46887,101.2141314,Daerah: Perak<br>No:5243<br>Hex coord:(63;94),n/a,0,0,0,0,0,0,1,2022-04-23T05:11:49.0974585Z,0
4.47665,101.2276781,Daerah: Perak<br>No:5244<br>Hex coord:(64;94),n/a,0,0,0,0,0,0,1,2022-04-23T05:11:49.8278194Z,0
4.46887,101.2412249,Daerah: Perak<br>No:5245<br>Hex coord:(65;94),n/a,0,0,0,0,0,0,1,2022-04-23T05:11:50.5682102Z,0
4.47665,101.2547716,Daerah: Perak<br>No:5246<br>Hex coord:(66;94),n/a,0,0,0,0,0,0,1,2022-04-23T05:11:51.2819540Z,0
4.46887,101.2683183,Daerah: Perak<br>No:5247<br>Hex coord:(67;94),n/a,0,0,0,0,0,0,1,2022-04-23T05:11:52.0119149Z,0
4.47665,101.281865,Daerah: Perak<br>No:5248<br>Hex coord:(68;94),n/a,0,0,0,0,0,0,1,2022-04-23T05:11:52.8557265Z,0
4.46887,101.2954117,Daerah: Perak<br>No:5249<br>Hex coord:(69;94),n/a,0,0,0,0,0,0,1,2022-04-23T05:11:53.6271244Z,0
4.47665,101.3089584,Daerah: Perak<br>No:5250<br>Hex coord:(70;94),n/a,0,0,0,0,0,0,1,2022-04-23T05:11:54.3546600Z,0
4.46887,101.3225051,Daerah: Perak<br>No:5251<br>Hex coord:(71;94),n/a,0,0,0,0,0,0,1,2022-04-23T05:11:55.2401441Z,0
4.47665,101.3360518,Daerah: Perak<br>No:5252<br>Hex coord:(72;94),n/a,0,0,0,0,0,0,1,2022-04-23T05:11:55.9812922Z,0
4.46887,101.3495985,Daerah: Perak<br>No:5253<br>Hex coord:(73;94),n/a,0,0,0,0,0,0,1,2022-04-23T05:11:56.6986179Z,0
4.45331,100.6180764,Daerah: Perak<br>No:5254<br>Hex coord:(19;95),n/a,1 ,0,0,0,0,0,1,2022-04-23T05:11:57.4424410Z,0
4.46109,100.6316231,Daerah: Perak<br>No:5255<br>Hex coord:(20;95),n/a,6 ,0,0,0,0,0,1,2022-04-23T05:11:58.2127147Z,0
4.45331,100.6451698,Daerah: Perak<br>No:5256<br>Hex coord:(21;95),n/a,1 ,0,0,0,0,0,1,2022-04-23T05:11:58.9509233Z,0
4.46109,100.6587165,Daerah: Perak<br>No:5257<br>Hex coord:(22;95),n/a,0,0,0,0,0,0,1,2022-04-23T05:11:59.6829062Z,0
4.45331,100.6722632,Daerah: Perak<br>No:5258<br>Hex coord:(23;95),n/a,0,0,0,0,0,0,1,2022-04-23T05:12:00.4176526Z,0
4.46109,100.6858099,Daerah: Perak<br>No:5259<br>Hex coord:(24;95),n/a,0,0,0,0,0,0,1,2022-04-23T05:12:01.1545523Z,0
4.45331,100.6993566,Daerah: Perak<br>No:5260<br>Hex coord:(25;95),n/a,0,0,0,0,0,0,1,2022-04-23T05:12:01.8828036Z,0
4.46109,100.7129033,Daerah: Perak<br>No:5261<br>Hex coord:(26;95),n/a,0,0,0,0,0,0,1,2022-04-23T05:12:02.6035472Z,0
4.45331,100.72645,Daerah: Perak<br>No:5262<br>Hex coord:(27;95),n/a,0,0,0,0,0,0,1,2022-04-23T05:12:03.3453508Z,0
4.46109,100.7399968,Daerah: Perak<br>No:5263<br>Hex coord:(28;95),n/a,0,0,0,0,0,0,1,2022-04-23T05:12:04.0837123Z,0
4.45331,100.7535435,Daerah: Perak<br>No:5264<br>Hex coord:(29;95),n/a,0,0,0,0,0,0,1,2022-04-23T05:12:04.8365168Z,0
4.46109,100.7670902,Daerah: Perak<br>No:5265<br>Hex coord:(30;95),n/a,0,0,0,0,0,0,1,2022-04-23T05:12:05.5545509Z,0
4.45331,100.7806369,Daerah: Perak<br>No:5266<br>Hex coord:(31;95),n/a,1 ,0,0,0,0,0,1,2022-04-23T05:12:06.2915091Z,0
4.46109,100.7941836,Daerah: Perak<br>No:5267<br>Hex coord:(32;95),n/a,0,0,0,0,0,0,1,2022-04-23T05:12:07.0249875Z,0
4.45331,100.8077303,Daerah: Perak<br>No:5268<br>Hex coord:(33;95),n/a,0,0,0,0,0,0,1,2022-04-23T05:12:07.7451634Z,0
4.46109,100.821277,Daerah: Perak<br>No:5269<br>Hex coord:(34;95),n/a,0,0,0,0,0,0,1,2022-04-23T05:12:08.5191534Z,0
4.45331,100.8348237,Daerah: Perak<br>No:5270<br>Hex coord:(35;95),n/a,0,0,0,0,0,0,1,2022-04-23T05:12:09.3763377Z,0
4.46109,100.8483704,Daerah: Perak<br>No:5271<br>Hex coord:(36;95),n/a,0,0,0,0,0,0,1,2022-04-23T05:12:10.0969968Z,0
4.45331,100.8619171,Daerah: Perak<br>No:5272<br>Hex coord:(37;95),n/a,0,0,0,0,0,0,1,2022-04-23T05:12:10.8140060Z,0
4.46109,100.8754638,Daerah: Perak<br>No:5273<br>Hex coord:(38;95),n/a,0,0,0,0,0,0,1,2022-04-23T05:12:11.5302619Z,0
4.45331,100.8890105,Daerah: Perak<br>No:5274<br>Hex coord:(39;95),n/a,0,0,0,0,0,0,1,2022-04-23T05:12:12.2610615Z,0
4.46109,100.9025572,Daerah: Perak<br>No:5275<br>Hex coord:(40;95),n/a,0,0,0,0,0,0,1,2022-04-23T05:12:13.0011777Z,0
4.45331,100.9161039,Daerah: Perak<br>No:5276<br>Hex coord:(41;95),n/a,0,0,0,0,0,0,1,2022-04-23T05:12:13.7370231Z,0
4.46109,100.9296506,Daerah: Perak<br>No:5277<br>Hex coord:(42;95),n/a,0,0,0,0,0,0,1,2022-04-23T05:12:14.4752919Z,0
4.45331,100.9431973,Daerah: Perak<br>No:5278<br>Hex coord:(43;95),n/a,0,0,0,0,0,0,1,2022-04-23T05:12:15.1916899Z,0
4.46109,100.956744,Daerah: Perak<br>No:5279<br>Hex coord:(44;95),n/a,0,0,0,0,0,0,1,2022-04-23T05:12:15.9158821Z,0
4.45331,100.9702907,Daerah: Perak<br>No:5280<br>Hex coord:(45;95),n/a,1 ,0,0,0,0,0,1,2022-04-23T05:12:16.6395180Z,0
4.46109,100.9838374,Daerah: Perak<br>No:5281<br>Hex coord:(46;95),n/a,1 ,0,0,0,0,0,1,2022-04-23T05:12:17.3817004Z,0
4.45331,100.9973842,Daerah: Perak<br>No:5282<br>Hex coord:(47;95),n/a,4 ,0,0,0,0,0,1,2022-04-23T05:12:18.2803800Z,0
4.46109,101.0109309,Daerah: Perak<br>No:5283<br>Hex coord:(48;95),n/a,11 ,0,0,0,0,0,1,2022-04-23T05:12:19.0119422Z,0
4.45331,101.0244776,Daerah: Perak<br>No:5284<br>Hex coord:(49;95),n/a,1 ,0,0,0,0,0,1,2022-04-23T05:12:19.9113106Z,0
4.46109,101.0380243,Daerah: Perak<br>No:5285<br>Hex coord:(50;95),n/a,5 ,0,0,0,0,0,1,2022-04-23T05:12:20.6442104Z,0
4.45331,101.051571,Daerah: Perak<br>No:5286<br>Hex coord:(51;95),n/a,4 ,0,0,0,0,0,1,2022-04-23T05:12:21.3643477Z,0
4.46109,101.0651177,Daerah: Perak<br>No:5287<br>Hex coord:(52;95),n/a,1 ,0,0,0,0,0,1,2022-04-23T05:12:22.0956515Z,0
4.45331,101.0786644,Daerah: Perak<br>No:5288<br>Hex coord:(53;95),n/a,0,0,0,0,0,0,1,2022-04-23T05:12:22.8453684Z,0
4.46109,101.0922111,Daerah: Perak<br>No:5289<br>Hex coord:(54;95),n/a,0,0,0,0,0,0,1,2022-04-23T05:12:23.5648569Z,0
4.45331,101.1057578,Daerah: Perak<br>No:5290<br>Hex coord:(55;95),n/a,0,0,0,0,0,0,1,2022-04-23T05:12:24.3252208Z,0
4.46109,101.1193045,Daerah: Perak<br>No:5291<br>Hex coord:(56;95),n/a,0,0,0,0,0,0,1,2022-04-23T05:12:25.0719422Z,0
4.45331,101.1328512,Daerah: Perak<br>No:5292<br>Hex coord:(57;95),n/a,0,0,0,0,0,0,1,2022-04-23T05:12:25.8091228Z,0
4.46109,101.1463979,Daerah: Perak<br>No:5293<br>Hex coord:(58;95),n/a,0,0,0,0,0,0,1,2022-04-23T05:12:26.5559551Z,0
4.45331,101.1599446,Daerah: Perak<br>No:5294<br>Hex coord:(59;95),n/a,9 ,0,0,0,0,0,1,2022-04-23T05:12:27.3168627Z,0
4.46109,101.1734913,Daerah: Perak<br>No:5295<br>Hex coord:(60;95),n/a,6 ,0,0,0,0,0,1,2022-04-23T05:12:28.0437744Z,0
4.45331,101.187038,Daerah: Perak<br>No:5296<br>Hex coord:(61;95),n/a,0,0,0,0,0,0,1,2022-04-23T05:12:28.8823551Z,0
4.46109,101.2005847,Daerah: Perak<br>No:5297<br>Hex coord:(62;95),n/a,1 ,0,0,0,0,0,1,2022-04-23T05:12:29.7570768Z,0
4.45331,101.2141314,Daerah: Perak<br>No:5298<br>Hex coord:(63;95),n/a,0,0,0,0,0,0,1,2022-04-23T05:12:30.4744304Z,0
4.46109,101.2276781,Daerah: Perak<br>No:5299<br>Hex coord:(64;95),n/a,0,0,0,0,0,0,1,2022-04-23T05:12:31.2193932Z,0
4.45331,101.2412249,Daerah: Perak<br>No:5300<br>Hex coord:(65;95),n/a,0,0,0,0,0,0,1,2022-04-23T05:12:32.0578660Z,0
4.46109,101.2547716,Daerah: Perak<br>No:5301<br>Hex coord:(66;95),n/a,0,0,0,0,0,0,1,2022-04-23T05:12:32.7918647Z,0
4.45331,101.2683183,Daerah: Perak<br>No:5302<br>Hex coord:(67;95),n/a,0,0,0,0,0,0,1,2022-04-23T05:12:33.5278826Z,0
4.46109,101.281865,Daerah: Perak<br>No:5303<br>Hex coord:(68;95),n/a,0,0,0,0,0,0,1,2022-04-23T05:12:35.2649788Z,0
4.45331,101.2954117,Daerah: Perak<br>No:5304<br>Hex coord:(69;95),n/a,0,0,0,0,0,0,1,2022-04-23T05:12:35.9906118Z,0
4.46109,101.3089584,Daerah: Perak<br>No:5305<br>Hex coord:(70;95),n/a,0,0,0,0,0,0,1,2022-04-23T05:12:36.7206869Z,0
4.45331,101.3225051,Daerah: Perak<br>No:5306<br>Hex coord:(71;95),n/a,0,0,0,0,0,0,1,2022-04-23T05:12:37.4486863Z,0
4.46109,101.3360518,Daerah: Perak<br>No:5307<br>Hex coord:(72;95),n/a,0,0,0,0,0,0,1,2022-04-23T05:12:38.1722297Z,0
4.43775,100.6180764,Daerah: Perak<br>No:5308<br>Hex coord:(19;96),n/a,4 ,0,0,0,0,0,1,2022-04-23T05:12:38.9014030Z,0
4.44553,100.6316231,Daerah: Perak<br>No:5309<br>Hex coord:(20;96),n/a,10 ,0,0,0,0,0,1,2022-04-23T05:12:39.6506817Z,0
4.43775,100.6451698,Daerah: Perak<br>No:5310<br>Hex coord:(21;96),n/a,1 ,0,0,0,0,0,1,2022-04-23T05:12:40.4196202Z,0
4.44553,100.6587165,Daerah: Perak<br>No:5311<br>Hex coord:(22;96),n/a,1 ,0,0,0,0,0,1,2022-04-23T05:12:41.1636762Z,0
4.43775,100.6722632,Daerah: Perak<br>No:5312<br>Hex coord:(23;96),n/a,0,0,0,0,0,0,1,2022-04-23T05:12:41.8918575Z,0
4.44553,100.6858099,Daerah: Perak<br>No:5313<br>Hex coord:(24;96),n/a,0,0,0,0,0,0,1,2022-04-23T05:12:42.6187173Z,0
4.43775,100.6993566,Daerah: Perak<br>No:5314<br>Hex coord:(25;96),n/a,0,0,0,0,0,0,1,2022-04-23T05:12:43.3574123Z,0
4.44553,100.7129033,Daerah: Perak<br>No:5315<br>Hex coord:(26;96),n/a,0,0,0,0,0,0,1,2022-04-23T05:12:44.0918580Z,0
4.43775,100.72645,Daerah: Perak<br>No:5316<br>Hex coord:(27;96),n/a,0,0,0,0,0,0,1,2022-04-23T05:12:44.8160811Z,0
4.44553,100.7399968,Daerah: Perak<br>No:5317<br>Hex coord:(28;96),n/a,0,0,0,0,0,0,1,2022-04-23T05:12:45.5529210Z,0
4.43775,100.7535435,Daerah: Perak<br>No:5318<br>Hex coord:(29;96),n/a,0,0,0,0,0,0,1,2022-04-23T05:12:46.2824152Z,0
4.44553,100.7670902,Daerah: Perak<br>No:5319<br>Hex coord:(30;96),n/a,0,0,0,0,0,0,1,2022-04-23T05:12:47.0154198Z,0
4.43775,100.7806369,Daerah: Perak<br>No:5320<br>Hex coord:(31;96),n/a,0,0,0,0,0,0,1,2022-04-23T05:12:47.8631265Z,0
4.44553,100.7941836,Daerah: Perak<br>No:5321<br>Hex coord:(32;96),n/a,0,0,0,0,0,0,1,2022-04-23T05:12:48.7074082Z,0
4.43775,100.8077303,Daerah: Perak<br>No:5322<br>Hex coord:(33;96),n/a,0,0,0,0,0,0,1,2022-04-23T05:12:49.4361137Z,0
4.44553,100.821277,Daerah: Perak<br>No:5323<br>Hex coord:(34;96),n/a,0,0,0,0,0,0,1,2022-04-23T05:12:50.2689760Z,0
4.43775,100.8348237,Daerah: Perak<br>No:5324<br>Hex coord:(35;96),n/a,0,0,0,0,0,0,1,2022-04-23T05:12:51.1065446Z,0
4.44553,100.8483704,Daerah: Perak<br>No:5325<br>Hex coord:(36;96),n/a,0,0,0,0,0,0,1,2022-04-23T05:12:51.8315389Z,0
4.43775,100.8619171,Daerah: Perak<br>No:5326<br>Hex coord:(37;96),n/a,0,0,0,0,0,0,1,2022-04-23T05:12:52.5428555Z,0
4.44553,100.8754638,Daerah: Perak<br>No:5327<br>Hex coord:(38;96),n/a,0,0,0,0,0,0,1,2022-04-23T05:12:53.2665617Z,0
4.43775,100.8890105,Daerah: Perak<br>No:5328<br>Hex coord:(39;96),n/a,0,0,0,0,0,0,1,2022-04-23T05:12:54.0065126Z,0
4.44553,100.9025572,Daerah: Perak<br>No:5329<br>Hex coord:(40;96),n/a,0,0,0,0,0,0,1,2022-04-23T05:12:54.7962561Z,0
4.43775,100.9161039,Daerah: Perak<br>No:5330<br>Hex coord:(41;96),n/a,0,0,0,0,0,0,1,2022-04-23T05:12:55.5214952Z,0
4.44553,100.9296506,Daerah: Perak<br>No:5331<br>Hex coord:(42;96),n/a,0,0,0,0,0,0,1,2022-04-23T05:12:56.2451101Z,0
4.43775,100.9431973,Daerah: Perak<br>No:5332<br>Hex coord:(43;96),n/a,0,0,0,0,0,0,1,2022-04-23T05:12:56.9768093Z,0
4.44553,100.956744,Daerah: Perak<br>No:5333<br>Hex coord:(44;96),n/a,0,0,0,0,0,0,1,2022-04-23T05:12:57.7275948Z,0
4.43775,100.9702907,Daerah: Perak<br>No:5334<br>Hex coord:(45;96),n/a,0,0,0,0,0,0,1,2022-04-23T05:12:58.4449127Z,0
4.44553,100.9838374,Daerah: Perak<br>No:5335<br>Hex coord:(46;96),n/a,0,0,0,0,0,0,1,2022-04-23T05:12:59.1728751Z,0
4.43775,100.9973842,Daerah: Perak<br>No:5336<br>Hex coord:(47;96),n/a,0,0,0,0,0,0,1,2022-04-23T05:12:59.9057529Z,0
4.44553,101.0109309,Daerah: Perak<br>No:5337<br>Hex coord:(48;96),n/a,0,0,0,0,0,0,1,2022-04-23T05:13:00.6260304Z,0
4.43775,101.0244776,Daerah: Perak<br>No:5338<br>Hex coord:(49;96),n/a,0,0,0,0,0,0,1,2022-04-23T05:13:01.3549078Z,0
4.44553,101.0380243,Daerah: Perak<br>No:5339<br>Hex coord:(50;96),n/a,1 ,0,0,0,0,0,1,2022-04-23T05:13:02.0852704Z,0
4.43775,101.051571,Daerah: Perak<br>No:5340<br>Hex coord:(51;96),n/a,0,0,0,0,0,0,1,2022-04-23T05:13:02.8067910Z,0
4.44553,101.0651177,Daerah: Perak<br>No:5341<br>Hex coord:(52;96),n/a,0,0,0,0,0,0,1,2022-04-23T05:13:03.5388672Z,0
4.43775,101.0786644,Daerah: Perak<br>No:5342<br>Hex coord:(53;96),n/a,0,0,0,0,0,0,1,2022-04-23T05:13:04.2735246Z,0
4.44553,101.0922111,Daerah: Perak<br>No:5343<br>Hex coord:(54;96),n/a,0,0,0,0,0,0,1,2022-04-23T05:13:04.9883923Z,0
4.43775,101.1057578,Daerah: Perak<br>No:5344<br>Hex coord:(55;96),n/a,0,0,0,0,0,0,1,2022-04-23T05:13:05.7202042Z,0
4.44553,101.1193045,Daerah: Perak<br>No:5345<br>Hex coord:(56;96),n/a,0,0,0,0,0,0,1,2022-04-23T05:13:06.4487773Z,0
4.43775,101.1328512,Daerah: Perak<br>No:5346<br>Hex coord:(57;96),n/a,14 ,0,0,0,0,0,1,2022-04-23T05:13:07.1805186Z,0
4.44553,101.1463979,Daerah: Perak<br>No:5347<br>Hex coord:(58;96),n/a,1 ,0,0,0,0,0,1,2022-04-23T05:13:07.9081952Z,0
4.43775,101.1599446,Daerah: Perak<br>No:5348<br>Hex coord:(59;96),n/a,0,0,0,0,0,0,1,2022-04-23T05:13:08.6791173Z,0
4.44553,101.1734913,Daerah: Perak<br>No:5349<br>Hex coord:(60;96),n/a,2 ,0,0,0,0,0,1,2022-04-23T05:13:09.5507152Z,0
4.43775,101.187038,Daerah: Perak<br>No:5350<br>Hex coord:(61;96),n/a,1 ,0,0,0,0,0,1,2022-04-23T05:13:10.2838320Z,0
4.44553,101.2005847,Daerah: Perak<br>No:5351<br>Hex coord:(62;96),n/a,0,0,0,0,0,0,1,2022-04-23T05:13:11.0399137Z,0
4.43775,101.2141314,Daerah: Perak<br>No:5352<br>Hex coord:(63;96),n/a,1 ,0,0,0,0,0,1,2022-04-23T05:13:11.7625675Z,0
4.44553,101.2276781,Daerah: Perak<br>No:5353<br>Hex coord:(64;96),n/a,0,0,0,0,0,0,1,2022-04-23T05:13:12.5947207Z,0
4.43775,101.2412249,Daerah: Perak<br>No:5354<br>Hex coord:(65;96),n/a,0,0,0,0,0,0,1,2022-04-23T05:13:13.3715228Z,0
4.44553,101.2547716,Daerah: Perak<br>No:5355<br>Hex coord:(66;96),n/a,0,0,0,0,0,0,1,2022-04-23T05:13:14.1052334Z,0
4.43775,101.2683183,Daerah: Perak<br>No:5356<br>Hex coord:(67;96),n/a,0,0,0,0,0,0,1,2022-04-23T05:13:14.8356715Z,0
4.44553,101.281865,Daerah: Perak<br>No:5357<br>Hex coord:(68;96),n/a,0,0,0,0,0,0,1,2022-04-23T05:13:15.5617218Z,0
4.43775,101.2954117,Daerah: Perak<br>No:5358<br>Hex coord:(69;96),n/a,0,0,0,0,0,0,1,2022-04-23T05:13:16.2877423Z,0
4.44553,101.3089584,Daerah: Perak<br>No:5359<br>Hex coord:(70;96),n/a,0,0,0,0,0,0,1,2022-04-23T05:13:17.0131843Z,0
4.43775,101.3225051,Daerah: Perak<br>No:5360<br>Hex coord:(71;96),n/a,0,0,0,0,0,0,1,2022-04-23T05:13:17.7501125Z,0
4.44553,101.3360518,Daerah: Perak<br>No:5361<br>Hex coord:(72;96),n/a,0,0,0,0,0,0,1,2022-04-23T05:13:18.4828881Z,0
4.42219,100.590983,Daerah: Perak<br>No:5362<br>Hex coord:(17;97),n/a,0,0,0,0,0,0,1,2022-04-23T05:13:19.2037816Z,0
4.42219,100.6180764,Daerah: Perak<br>No:5363<br>Hex coord:(19;97),n/a,0,0,0,0,0,0,1,2022-04-23T05:13:19.9424681Z,0
4.42997,100.6316231,Daerah: Perak<br>No:5364<br>Hex coord:(20;97),n/a,1 ,0,0,0,0,0,1,2022-04-23T05:13:20.7901979Z,0
4.42219,100.6451698,Daerah: Perak<br>No:5365<br>Hex coord:(21;97),n/a,1 ,0,0,0,0,0,1,2022-04-23T05:13:21.5132304Z,0
4.42997,100.6587165,Daerah: Perak<br>No:5366<br>Hex coord:(22;97),n/a,1 ,0,0,0,0,0,1,2022-04-23T05:13:22.2375173Z,0
4.42219,100.6722632,Daerah: Perak<br>No:5367<br>Hex coord:(23;97),n/a,0,0,0,0,0,0,1,2022-04-23T05:13:22.9707291Z,0
4.42997,100.6858099,Daerah: Perak<br>No:5368<br>Hex coord:(24;97),n/a,0,0,0,0,0,0,1,2022-04-23T05:13:23.7019516Z,0
4.42219,100.6993566,Daerah: Perak<br>No:5369<br>Hex coord:(25;97),n/a,0,0,0,0,0,0,1,2022-04-23T05:13:24.4371059Z,0
4.42997,100.7129033,Daerah: Perak<br>No:5370<br>Hex coord:(26;97),n/a,0,0,0,0,0,0,1,2022-04-23T05:13:25.1663553Z,0
4.42219,100.72645,Daerah: Perak<br>No:5371<br>Hex coord:(27;97),n/a,0,0,0,0,0,0,1,2022-04-23T05:13:25.9239027Z,0
4.42997,100.7399968,Daerah: Perak<br>No:5372<br>Hex coord:(28;97),n/a,0,0,0,0,0,0,1,2022-04-23T05:13:26.6690572Z,0
4.42219,100.7535435,Daerah: Perak<br>No:5373<br>Hex coord:(29;97),n/a,0,0,0,0,0,0,1,2022-04-23T05:13:27.4977556Z,0
4.42997,100.7670902,Daerah: Perak<br>No:5374<br>Hex coord:(30;97),n/a,0,0,0,0,0,0,1,2022-04-23T05:13:28.3598826Z,0
4.42219,100.7806369,Daerah: Perak<br>No:5375<br>Hex coord:(31;97),n/a,1 ,0,0,0,0,0,1,2022-04-23T05:13:29.2055609Z,0
4.42997,100.7941836,Daerah: Perak<br>No:5376<br>Hex coord:(32;97),n/a,0,0,0,0,0,0,1,2022-04-23T05:13:29.9315125Z,0
4.42219,100.8077303,Daerah: Perak<br>No:5377<br>Hex coord:(33;97),n/a,0,0,0,0,0,0,1,2022-04-23T05:13:30.6472523Z,0
4.42997,100.821277,Daerah: Perak<br>No:5378<br>Hex coord:(34;97),n/a,1 ,0,0,0,0,0,1,2022-04-23T05:13:31.5349902Z,0
4.42219,100.8348237,Daerah: Perak<br>No:5379<br>Hex coord:(35;97),n/a,0,0,0,0,0,0,1,2022-04-23T05:13:32.2739730Z,0
4.42997,100.8483704,Daerah: Perak<br>No:5380<br>Hex coord:(36;97),n/a,0,0,0,0,0,0,1,2022-04-23T05:13:33.0213704Z,0
4.42219,100.8619171,Daerah: Perak<br>No:5381<br>Hex coord:(37;97),n/a,0,0,0,0,0,0,1,2022-04-23T05:13:34.7809986Z,0
4.42997,100.8754638,Daerah: Perak<br>No:5382<br>Hex coord:(38;97),n/a,0,0,0,0,0,0,1,2022-04-23T05:13:35.5383880Z,0
4.42219,100.8890105,Daerah: Perak<br>No:5383<br>Hex coord:(39;97),n/a,0,0,0,0,0,0,1,2022-04-23T05:13:36.2577208Z,0
4.42997,100.9025572,Daerah: Perak<br>No:5384<br>Hex coord:(40;97),n/a,0,0,0,0,0,0,1,2022-04-23T05:13:37.2223970Z,0
4.42219,100.9161039,Daerah: Perak<br>No:5385<br>Hex coord:(41;97),n/a,0,0,0,0,0,0,1,2022-04-23T05:13:37.9526925Z,0
4.42997,100.9296506,Daerah: Perak<br>No:5386<br>Hex coord:(42;97),n/a,0,0,0,0,0,0,1,2022-04-23T05:13:38.7007641Z,0
4.42219,100.9431973,Daerah: Perak<br>No:5387<br>Hex coord:(43;97),n/a,0,0,0,0,0,0,1,2022-04-23T05:13:39.4940339Z,0
4.42997,100.956744,Daerah: Perak<br>No:5388<br>Hex coord:(44;97),n/a,0,0,0,0,0,0,1,2022-04-23T05:13:40.2172136Z,0
4.42219,100.9702907,Daerah: Perak<br>No:5389<br>Hex coord:(45;97),n/a,0,0,0,0,0,0,1,2022-04-23T05:13:40.9477836Z,0
4.42997,100.9838374,Daerah: Perak<br>No:5390<br>Hex coord:(46;97),n/a,2 ,0,0,0,0,0,1,2022-04-23T05:13:41.6808082Z,0
4.42219,100.9973842,Daerah: Perak<br>No:5391<br>Hex coord:(47;97),n/a,7 ,0,0,0,0,0,1,2022-04-23T05:13:42.3969382Z,0
4.42997,101.0109309,Daerah: Perak<br>No:5392<br>Hex coord:(48;97),n/a,0,0,0,0,0,0,1,2022-04-23T05:13:43.1211182Z,0
4.42219,101.0244776,Daerah: Perak<br>No:5393<br>Hex coord:(49;97),n/a,0,0,0,0,0,0,1,2022-04-23T05:13:43.9861192Z,0
4.42997,101.0380243,Daerah: Perak<br>No:5394<br>Hex coord:(50;97),n/a,0,0,0,0,0,0,1,2022-04-23T05:13:44.7209246Z,0
4.42219,101.051571,Daerah: Perak<br>No:5395<br>Hex coord:(51;97),n/a,0,0,0,0,0,0,1,2022-04-23T05:13:45.4498906Z,0
4.42997,101.0651177,Daerah: Perak<br>No:5396<br>Hex coord:(52;97),n/a,0,0,0,0,0,0,1,2022-04-23T05:13:46.3089264Z,0
4.42219,101.0786644,Daerah: Perak<br>No:5397<br>Hex coord:(53;97),n/a,0,0,0,0,0,0,1,2022-04-23T05:13:48.0428199Z,0
4.42997,101.0922111,Daerah: Perak<br>No:5398<br>Hex coord:(54;97),n/a,0,0,0,0,0,0,1,2022-04-23T05:13:48.7760945Z,0
4.42219,101.1057578,Daerah: Perak<br>No:5399<br>Hex coord:(55;97),n/a,0,0,0,0,0,0,1,2022-04-23T05:13:49.4938595Z,0
4.42997,101.1193045,Daerah: Perak<br>No:5400<br>Hex coord:(56;97),n/a,0,0,0,0,0,0,1,2022-04-23T05:13:50.2127920Z,0
4.42219,101.1328512,Daerah: Perak<br>No:5401<br>Hex coord:(57;97),n/a,3 ,0,0,0,0,0,1,2022-04-23T05:13:51.0464115Z,0
4.42997,101.1463979,Daerah: Perak<br>No:5402<br>Hex coord:(58;97),n/a,0,0,0,0,0,0,1,2022-04-23T05:13:51.8914699Z,0
4.42219,101.1599446,Daerah: Perak<br>No:5403<br>Hex coord:(59;97),n/a,0,0,0,0,0,0,1,2022-04-23T05:13:52.6242706Z,0
4.42997,101.1734913,Daerah: Perak<br>No:5404<br>Hex coord:(60;97),n/a,0,0,0,0,0,0,1,2022-04-23T05:13:53.3590415Z,0
4.42219,101.187038,Daerah: Perak<br>No:5405<br>Hex coord:(61;97),n/a,0,0,0,0,0,0,1,2022-04-23T05:13:54.0769381Z,0
4.42997,101.2005847,Daerah: Perak<br>No:5406<br>Hex coord:(62;97),n/a,1 ,0,0,0,0,0,1,2022-04-23T05:13:54.8063354Z,0
4.42219,101.2141314,Daerah: Perak<br>No:5407<br>Hex coord:(63;97),n/a,0,0,0,0,0,0,1,2022-04-23T05:13:55.5448128Z,0
4.42997,101.2276781,Daerah: Perak<br>No:5408<br>Hex coord:(64;97),n/a,0,0,0,0,0,0,1,2022-04-23T05:13:56.2702298Z,0
4.42219,101.2412249,Daerah: Perak<br>No:5409<br>Hex coord:(65;97),n/a,0,0,0,0,0,0,1,2022-04-23T05:13:56.9984735Z,0
4.42997,101.2547716,Daerah: Perak<br>No:5410<br>Hex coord:(66;97),n/a,0,0,0,0,0,0,1,2022-04-23T05:13:57.7376949Z,0
4.42219,101.2683183,Daerah: Perak<br>No:5411<br>Hex coord:(67;97),n/a,0,0,0,0,0,0,1,2022-04-23T05:13:58.4640879Z,0
4.42997,101.281865,Daerah: Perak<br>No:5412<br>Hex coord:(68;97),n/a,0,0,0,0,0,0,1,2022-04-23T05:13:59.2149254Z,0
4.42219,101.2954117,Daerah: Perak<br>No:5413<br>Hex coord:(69;97),n/a,0,0,0,0,0,0,1,2022-04-23T05:13:59.9513796Z,0
4.42997,101.3089584,Daerah: Perak<br>No:5414<br>Hex coord:(70;97),n/a,0,0,0,0,0,0,1,2022-04-23T05:14:00.7672116Z,0
4.42219,101.3225051,Daerah: Perak<br>No:5415<br>Hex coord:(71;97),n/a,0,0,0,0,0,0,1,2022-04-23T05:14:01.4942797Z,0
4.42997,101.3360518,Daerah: Perak<br>No:5416<br>Hex coord:(72;97),n/a,0,0,0,0,0,0,1,2022-04-23T05:14:02.2223585Z,0
4.40663,100.590983,Daerah: Perak<br>No:5417<br>Hex coord:(17;98),n/a,0,0,0,0,0,0,1,2022-04-23T05:14:02.9431860Z,0
4.41441,100.6045297,Daerah: Perak<br>No:5418<br>Hex coord:(18;98),n/a,0,0,0,0,0,0,1,2022-04-23T05:14:03.6657159Z,0
4.40663,100.6180764,Daerah: Perak<br>No:5419<br>Hex coord:(19;98),n/a,0,0,0,0,0,0,1,2022-04-23T05:14:04.3910891Z,0
4.41441,100.6316231,Daerah: Perak<br>No:5420<br>Hex coord:(20;98),n/a,1 ,0,0,0,0,0,1,2022-04-23T05:14:05.1219608Z,0
4.40663,100.6451698,Daerah: Perak<br>No:5421<br>Hex coord:(21;98),n/a,0,0,0,0,0,0,1,2022-04-23T05:14:05.8690843Z,0
4.41441,100.6587165,Daerah: Perak<br>No:5422<br>Hex coord:(22;98),n/a,0,0,0,0,0,0,1,2022-04-23T05:14:06.5999745Z,0
4.40663,100.6722632,Daerah: Perak<br>No:5423<br>Hex coord:(23;98),n/a,0,0,0,0,0,0,1,2022-04-23T05:14:07.3498814Z,0
4.41441,100.6858099,Daerah: Perak<br>No:5424<br>Hex coord:(24;98),n/a,0,0,0,0,0,0,1,2022-04-23T05:14:08.1140615Z,0
4.40663,100.6993566,Daerah: Perak<br>No:5425<br>Hex coord:(25;98),n/a,0,0,0,0,0,0,1,2022-04-23T05:14:08.9896899Z,0
4.41441,100.7129033,Daerah: Perak<br>No:5426<br>Hex coord:(26;98),n/a,0,0,0,0,0,0,1,2022-04-23T05:14:09.7186337Z,0
4.40663,100.72645,Daerah: Perak<br>No:5427<br>Hex coord:(27;98),n/a,0,0,0,0,0,0,1,2022-04-23T05:14:10.5607828Z,0
4.41441,100.7399968,Daerah: Perak<br>No:5428<br>Hex coord:(28;98),n/a,0,0,0,0,0,0,1,2022-04-23T05:14:11.2795661Z,0
4.40663,100.7535435,Daerah: Perak<br>No:5429<br>Hex coord:(29;98),n/a,0,0,0,0,0,0,1,2022-04-23T05:14:12.0080459Z,0
4.41441,100.7670902,Daerah: Perak<br>No:5430<br>Hex coord:(30;98),n/a,0,0,0,0,0,0,1,2022-04-23T05:14:12.7353305Z,0
4.40663,100.7806369,Daerah: Perak<br>No:5431<br>Hex coord:(31;98),n/a,0,0,0,0,0,0,1,2022-04-23T05:14:13.4626881Z,0
4.41441,100.7941836,Daerah: Perak<br>No:5432<br>Hex coord:(32;98),n/a,0,0,0,0,0,0,1,2022-04-23T05:14:14.1900634Z,0
4.40663,100.8077303,Daerah: Perak<br>No:5433<br>Hex coord:(33;98),n/a,0,0,0,0,0,0,1,2022-04-23T05:14:14.9141658Z,0
4.41441,100.821277,Daerah: Perak<br>No:5434<br>Hex coord:(34;98),n/a,0,0,0,0,0,0,1,2022-04-23T05:14:15.6346082Z,0
4.40663,100.8348237,Daerah: Perak<br>No:5435<br>Hex coord:(35;98),n/a,0,0,0,0,0,0,1,2022-04-23T05:14:16.3485515Z,0
4.41441,100.8483704,Daerah: Perak<br>No:5436<br>Hex coord:(36;98),n/a,0,0,0,0,0,0,1,2022-04-23T05:14:17.0631542Z,0
4.40663,100.8619171,Daerah: Perak<br>No:5437<br>Hex coord:(37;98),n/a,0,0,0,0,0,0,1,2022-04-23T05:14:17.8009623Z,0
4.41441,100.8754638,Daerah: Perak<br>No:5438<br>Hex coord:(38;98),n/a,0,0,0,0,0,0,1,2022-04-23T05:14:18.5546905Z,0
4.40663,100.8890105,Daerah: Perak<br>No:5439<br>Hex coord:(39;98),n/a,1 ,0,0,0,0,0,1,2022-04-23T05:14:19.2790933Z,0
4.41441,100.9025572,Daerah: Perak<br>No:5440<br>Hex coord:(40;98),n/a,0,0,0,0,0,0,1,2022-04-23T05:14:20.0125301Z,0
4.40663,100.9161039,Daerah: Perak<br>No:5441<br>Hex coord:(41;98),n/a,0,0,0,0,0,0,1,2022-04-23T05:14:20.7422924Z,0
4.41441,100.9296506,Daerah: Perak<br>No:5442<br>Hex coord:(42;98),n/a,0,0,0,0,0,0,1,2022-04-23T05:14:21.4621833Z,0
4.40663,100.9431973,Daerah: Perak<br>No:5443<br>Hex coord:(43;98),n/a,0,0,0,0,0,0,1,2022-04-23T05:14:22.1910154Z,0
4.41441,100.956744,Daerah: Perak<br>No:5444<br>Hex coord:(44;98),n/a,0,0,0,0,0,0,1,2022-04-23T05:14:22.9225352Z,0
4.40663,100.9702907,Daerah: Perak<br>No:5445<br>Hex coord:(45;98),n/a,0,0,0,0,0,0,1,2022-04-23T05:14:23.6512264Z,0
4.41441,100.9838374,Daerah: Perak<br>No:5446<br>Hex coord:(46;98),n/a,4 ,0,0,0,0,0,1,2022-04-23T05:14:24.3696028Z,0
4.40663,100.9973842,Daerah: Perak<br>No:5447<br>Hex coord:(47;98),n/a,1 ,0,0,0,0,0,1,2022-04-23T05:14:25.1046702Z,0
4.41441,101.0109309,Daerah: Perak<br>No:5448<br>Hex coord:(48;98),n/a,0,0,0,0,0,0,1,2022-04-23T05:14:25.8492299Z,0
4.40663,101.0244776,Daerah: Perak<br>No:5449<br>Hex coord:(49;98),n/a,0,0,0,0,0,0,1,2022-04-23T05:14:26.5782295Z,0
4.41441,101.0380243,Daerah: Perak<br>No:5450<br>Hex coord:(50;98),n/a,0,0,0,0,0,0,1,2022-04-23T05:14:27.3053841Z,0
4.40663,101.051571,Daerah: Perak<br>No:5451<br>Hex coord:(51;98),n/a,0,0,0,0,0,0,1,2022-04-23T05:14:28.0453622Z,0
4.41441,101.0651177,Daerah: Perak<br>No:5452<br>Hex coord:(52;98),n/a,0,0,0,0,0,0,1,2022-04-23T05:14:28.7626921Z,0
4.40663,101.0786644,Daerah: Perak<br>No:5453<br>Hex coord:(53;98),n/a,0,0,0,0,0,0,1,2022-04-23T05:14:29.4873110Z,0
4.41441,101.0922111,Daerah: Perak<br>No:5454<br>Hex coord:(54;98),n/a,0,0,0,0,0,0,1,2022-04-23T05:14:30.2029636Z,0
4.40663,101.1057578,Daerah: Perak<br>No:5455<br>Hex coord:(55;98),n/a,0,0,0,0,0,0,1,2022-04-23T05:14:30.9359723Z,0
4.41441,101.1193045,Daerah: Perak<br>No:5456<br>Hex coord:(56;98),n/a,0,0,0,0,0,0,1,2022-04-23T05:14:31.6622991Z,0
4.40663,101.1328512,Daerah: Perak<br>No:5457<br>Hex coord:(57;98),n/a,0,0,0,0,0,0,1,2022-04-23T05:14:32.3891474Z,0
4.41441,101.1463979,Daerah: Perak<br>No:5458<br>Hex coord:(58;98),n/a,0,0,0,0,0,0,1,2022-04-23T05:14:33.1282491Z,0
4.40663,101.1599446,Daerah: Perak<br>No:5459<br>Hex coord:(59;98),n/a,0,0,0,0,0,0,1,2022-04-23T05:14:33.8521100Z,0
4.41441,101.1734913,Daerah: Perak<br>No:5460<br>Hex coord:(60;98),n/a,0,0,0,0,0,0,1,2022-04-23T05:14:34.5734473Z,0
4.40663,101.187038,Daerah: Perak<br>No:5461<br>Hex coord:(61;98),n/a,0,0,0,0,0,0,1,2022-04-23T05:14:35.3031597Z,0
4.41441,101.2005847,Daerah: Perak<br>No:5462<br>Hex coord:(62;98),n/a,0,0,0,0,0,0,1,2022-04-23T05:14:36.0225680Z,0
4.40663,101.2141314,Daerah: Perak<br>No:5463<br>Hex coord:(63;98),n/a,0,0,0,0,0,0,1,2022-04-23T05:14:36.7516128Z,0
4.41441,101.2276781,Daerah: Perak<br>No:5464<br>Hex coord:(64;98),n/a,0,0,0,0,0,0,1,2022-04-23T05:14:37.4772263Z,0
4.40663,101.2412249,Daerah: Perak<br>No:5465<br>Hex coord:(65;98),n/a,0,0,0,0,0,0,1,2022-04-23T05:14:38.2294911Z,0
4.41441,101.2547716,Daerah: Perak<br>No:5466<br>Hex coord:(66;98),n/a,0,0,0,0,0,0,1,2022-04-23T05:14:38.9944484Z,0
4.40663,101.2683183,Daerah: Perak<br>No:5467<br>Hex coord:(67;98),n/a,0,0,0,0,0,0,1,2022-04-23T05:14:39.7222804Z,0
4.41441,101.281865,Daerah: Perak<br>No:5468<br>Hex coord:(68;98),n/a,0,0,0,0,0,0,1,2022-04-23T05:14:40.4638875Z,0
4.40663,101.2954117,Daerah: Perak<br>No:5469<br>Hex coord:(69;98),n/a,0,0,0,0,0,0,1,2022-04-23T05:14:41.1927884Z,0
4.41441,101.3089584,Daerah: Perak<br>No:5470<br>Hex coord:(70;98),n/a,0,0,0,0,0,0,1,2022-04-23T05:14:41.9599210Z,0
4.40663,101.3225051,Daerah: Perak<br>No:5471<br>Hex coord:(71;98),n/a,0,0,0,0,0,0,1,2022-04-23T05:14:42.6823338Z,0
4.41441,101.3360518,Daerah: Perak<br>No:5472<br>Hex coord:(72;98),n/a,0,0,0,0,0,0,1,2022-04-23T05:14:43.4122416Z,0
4.40663,101.3495985,Daerah: Perak<br>No:5473<br>Hex coord:(73;98),n/a,0,0,0,0,0,0,1,2022-04-23T05:14:44.1432140Z,0
4.39107,100.590983,Daerah: Perak<br>No:5474<br>Hex coord:(17;99),n/a,0,0,0,0,0,0,1,2022-04-23T05:14:46.0009824Z,0
4.39885,100.6045297,Daerah: Perak<br>No:5475<br>Hex coord:(18;99),n/a,0,0,0,0,0,0,1,2022-04-23T05:14:46.7206183Z,0
4.39107,100.6180764,Daerah: Perak<br>No:5476<br>Hex coord:(19;99),n/a,0,0,0,0,0,0,1,2022-04-23T05:14:47.4542875Z,0
4.39885,100.6316231,Daerah: Perak<br>No:5477<br>Hex coord:(20;99),n/a,0,0,0,0,0,0,1,2022-04-23T05:14:48.1899098Z,0
4.39107,100.6451698,Daerah: Perak<br>No:5478<br>Hex coord:(21;99),n/a,0,0,0,0,0,0,1,2022-04-23T05:14:48.9289600Z,0
4.39885,100.6587165,Daerah: Perak<br>No:5479<br>Hex coord:(22;99),n/a,0,0,0,0,0,0,1,2022-04-23T05:14:50.6607494Z,0
4.39107,100.6722632,Daerah: Perak<br>No:5480<br>Hex coord:(23;99),n/a,1 ,0,0,0,0,0,1,2022-04-23T05:14:51.3863989Z,0
4.39885,100.6858099,Daerah: Perak<br>No:5481<br>Hex coord:(24;99),n/a,0,0,0,0,0,0,1,2022-04-23T05:14:52.1091045Z,0
4.39107,100.6993566,Daerah: Perak<br>No:5482<br>Hex coord:(25;99),n/a,0,0,0,0,0,0,1,2022-04-23T05:14:52.8405013Z,0
4.39885,100.7129033,Daerah: Perak<br>No:5483<br>Hex coord:(26;99),n/a,1 ,0,0,0,0,0,1,2022-04-23T05:14:53.5548543Z,0
4.39107,100.72645,Daerah: Perak<br>No:5484<br>Hex coord:(27;99),n/a,0,0,0,0,0,0,1,2022-04-23T05:14:54.2822873Z,0
4.39885,100.7399968,Daerah: Perak<br>No:5485<br>Hex coord:(28;99),n/a,0,0,0,0,0,0,1,2022-04-23T05:14:55.0855427Z,0
4.39107,100.7535435,Daerah: Perak<br>No:5486<br>Hex coord:(29;99),n/a,0,0,0,0,0,0,1,2022-04-23T05:14:55.8108101Z,0
4.39885,100.7670902,Daerah: Perak<br>No:5487<br>Hex coord:(30;99),n/a,0,0,0,0,0,0,1,2022-04-23T05:14:56.5517027Z,0
4.39107,100.7806369,Daerah: Perak<br>No:5488<br>Hex coord:(31;99),n/a,1 ,0,0,0,0,0,1,2022-04-23T05:14:57.2914758Z,0
4.39885,100.7941836,Daerah: Perak<br>No:5489<br>Hex coord:(32;99),n/a,0,0,0,0,0,0,1,2022-04-23T05:14:58.0198143Z,0
4.39107,100.8077303,Daerah: Perak<br>No:5490<br>Hex coord:(33;99),n/a,0,0,0,0,0,0,1,2022-04-23T05:14:58.7469064Z,0
4.39885,100.821277,Daerah: Perak<br>No:5491<br>Hex coord:(34;99),n/a,0,0,0,0,0,0,1,2022-04-23T05:14:59.4714452Z,0
4.39107,100.8348237,Daerah: Perak<br>No:5492<br>Hex coord:(35;99),n/a,0,0,0,0,0,0,1,2022-04-23T05:15:00.4233517Z,0
4.39885,100.8483704,Daerah: Perak<br>No:5493<br>Hex coord:(36;99),n/a,0,0,0,0,0,0,1,2022-04-23T05:15:01.2969054Z,0
4.39107,100.8619171,Daerah: Perak<br>No:5494<br>Hex coord:(37;99),n/a,0,0,0,0,0,0,1,2022-04-23T05:15:02.0414161Z,0
4.39885,100.8754638,Daerah: Perak<br>No:5495<br>Hex coord:(38;99),n/a,0,0,0,0,0,0,1,2022-04-23T05:15:02.7873553Z,0
4.39107,100.8890105,Daerah: Perak<br>No:5496<br>Hex coord:(39;99),n/a,0,0,0,0,0,0,1,2022-04-23T05:15:03.5850264Z,0
4.39885,100.9025572,Daerah: Perak<br>No:5497<br>Hex coord:(40;99),n/a,0,0,0,0,0,0,1,2022-04-23T05:15:04.3327409Z,0
4.39107,100.9161039,Daerah: Perak<br>No:5498<br>Hex coord:(41;99),n/a,0,0,0,0,0,0,1,2022-04-23T05:15:05.1835455Z,0
4.39885,100.9296506,Daerah: Perak<br>No:5499<br>Hex coord:(42;99),n/a,0,0,0,0,0,0,1,2022-04-23T05:15:05.9181081Z,0
4.39107,100.9431973,Daerah: Perak<br>No:5500<br>Hex coord:(43;99),n/a,0,0,0,0,0,0,1,2022-04-23T05:15:06.6466462Z,0
4.39885,100.956744,Daerah: Perak<br>No:5501<br>Hex coord:(44;99),n/a,0,0,0,0,0,0,1,2022-04-23T05:15:07.3674880Z,0
4.39107,100.9702907,Daerah: Perak<br>No:5502<br>Hex coord:(45;99),n/a,1 ,0,0,0,0,0,1,2022-04-23T05:15:08.0931953Z,0
4.39885,100.9838374,Daerah: Perak<br>No:5503<br>Hex coord:(46;99),n/a,7 ,0,0,0,0,0,1,2022-04-23T05:15:08.8248106Z,0
4.39107,100.9973842,Daerah: Perak<br>No:5504<br>Hex coord:(47;99),n/a,0,0,0,0,0,0,1,2022-04-23T05:15:09.5495673Z,0
4.39885,101.0109309,Daerah: Perak<br>No:5505<br>Hex coord:(48;99),n/a,0,0,0,0,0,0,1,2022-04-23T05:15:10.2770834Z,0
4.39107,101.0244776,Daerah: Perak<br>No:5506<br>Hex coord:(49;99),n/a,0,0,0,0,0,0,1,2022-04-23T05:15:11.0050855Z,0
4.39885,101.0380243,Daerah: Perak<br>No:5507<br>Hex coord:(50;99),n/a,0,0,0,0,0,0,1,2022-04-23T05:15:11.7203095Z,0
4.39107,101.051571,Daerah: Perak<br>No:5508<br>Hex coord:(51;99),n/a,1 ,0,0,0,0,0,1,2022-04-23T05:15:12.4563358Z,0
4.39885,101.0651177,Daerah: Perak<br>No:5509<br>Hex coord:(52;99),n/a,0,0,0,0,0,0,1,2022-04-23T05:15:13.1843593Z,0
4.39107,101.0786644,Daerah: Perak<br>No:5510<br>Hex coord:(53;99),n/a,0,0,0,0,0,0,1,2022-04-23T05:15:13.9279013Z,0
4.39885,101.0922111,Daerah: Perak<br>No:5511<br>Hex coord:(54;99),n/a,1 ,0,0,0,0,0,1,2022-04-23T05:15:14.6463067Z,0
4.39107,101.1057578,Daerah: Perak<br>No:5512<br>Hex coord:(55;99),n/a,0,0,0,0,0,0,1,2022-04-23T05:15:15.3696086Z,0
4.39885,101.1193045,Daerah: Perak<br>No:5513<br>Hex coord:(56;99),n/a,0,0,0,0,0,0,1,2022-04-23T05:15:16.0963931Z,0
4.39107,101.1328512,Daerah: Perak<br>No:5514<br>Hex coord:(57;99),n/a,0,0,0,0,0,0,1,2022-04-23T05:15:16.8267975Z,0
4.39885,101.1463979,Daerah: Perak<br>No:5515<br>Hex coord:(58;99),n/a,0,0,0,0,0,0,1,2022-04-23T05:15:17.5561456Z,0
4.39107,101.1599446,Daerah: Perak<br>No:5516<br>Hex coord:(59;99),n/a,7 ,0,0,0,0,0,1,2022-04-23T05:15:18.2888050Z,0
4.39885,101.1734913,Daerah: Perak<br>No:5517<br>Hex coord:(60;99),n/a,0,0,0,0,0,0,1,2022-04-23T05:15:19.0144345Z,0
4.39107,101.187038,Daerah: Perak<br>No:5518<br>Hex coord:(61;99),n/a,0,0,0,0,0,0,1,2022-04-23T05:15:19.7639490Z,0
4.39885,101.2005847,Daerah: Perak<br>No:5519<br>Hex coord:(62;99),n/a,0,0,0,0,0,0,1,2022-04-23T05:15:20.5045800Z,0
4.39107,101.2141314,Daerah: Perak<br>No:5520<br>Hex coord:(63;99),n/a,0,0,0,0,0,0,1,2022-04-23T05:15:21.2346224Z,0
4.39885,101.2276781,Daerah: Perak<br>No:5521<br>Hex coord:(64;99),n/a,0,0,0,0,0,0,1,2022-04-23T05:15:21.9846136Z,0
4.39107,101.2412249,Daerah: Perak<br>No:5522<br>Hex coord:(65;99),n/a,0,0,0,0,0,0,1,2022-04-23T05:15:22.7115964Z,0
4.39885,101.2547716,Daerah: Perak<br>No:5523<br>Hex coord:(66;99),n/a,0,0,0,0,0,0,1,2022-04-23T05:15:23.4445504Z,0
4.39107,101.2683183,Daerah: Perak<br>No:5524<br>Hex coord:(67;99),n/a,0,0,0,0,0,0,1,2022-04-23T05:15:24.1807931Z,0
4.39885,101.281865,Daerah: Perak<br>No:5525<br>Hex coord:(68;99),n/a,0,0,0,0,0,0,1,2022-04-23T05:15:25.0310619Z,0
4.39107,101.2954117,Daerah: Perak<br>No:5526<br>Hex coord:(69;99),n/a,0,0,0,0,0,0,1,2022-04-23T05:15:25.7527943Z,0
4.39885,101.3089584,Daerah: Perak<br>No:5527<br>Hex coord:(70;99),n/a,0,0,0,0,0,0,1,2022-04-23T05:15:26.6448636Z,0
4.39107,101.3225051,Daerah: Perak<br>No:5528<br>Hex coord:(71;99),n/a,0,0,0,0,0,0,1,2022-04-23T05:15:27.3746072Z,0
4.39885,101.3360518,Daerah: Perak<br>No:5529<br>Hex coord:(72;99),n/a,0,0,0,0,0,0,1,2022-04-23T05:15:28.0975314Z,0
4.39107,101.3495985,Daerah: Perak<br>No:5530<br>Hex coord:(73;99),n/a,0,0,0,0,0,0,1,2022-04-23T05:15:28.8207679Z,0
4.39107,101.3766919,Daerah: Perak<br>No:5531<br>Hex coord:(75;99),n/a,0,0,0,0,0,0,1,2022-04-23T05:15:29.5490977Z,0
4.39885,101.3902386,Daerah: Perak<br>No:5532<br>Hex coord:(76;99),n/a,0,0,0,0,0,0,1,2022-04-23T05:15:30.2637017Z,0
4.39107,101.4037853,Daerah: Perak<br>No:5533<br>Hex coord:(77;99),n/a,0,0,0,0,0,0,1,2022-04-23T05:15:30.9929527Z,0
4.37551,100.590983,Daerah: Perak<br>No:5534<br>Hex coord:(17;100),n/a,0,0,0,0,0,0,1,2022-04-23T05:15:31.7209284Z,0
4.38329,100.6045297,Daerah: Perak<br>No:5535<br>Hex coord:(18;100),n/a,0,0,0,0,0,0,1,2022-04-23T05:15:32.4536916Z,0
4.37551,100.6180764,Daerah: Perak<br>No:5536<br>Hex coord:(19;100),n/a,0,0,0,0,0,0,1,2022-04-23T05:15:33.1793766Z,0
4.38329,100.6316231,Daerah: Perak<br>No:5537<br>Hex coord:(20;100),n/a,0,0,0,0,0,0,1,2022-04-23T05:15:33.8967014Z,0
4.37551,100.6451698,Daerah: Perak<br>No:5538<br>Hex coord:(21;100),n/a,0,0,0,0,0,0,1,2022-04-23T05:15:34.6259434Z,0
4.38329,100.6587165,Daerah: Perak<br>No:5539<br>Hex coord:(22;100),n/a,0,0,0,0,0,0,1,2022-04-23T05:15:35.3526787Z,0
4.37551,100.6722632,Daerah: Perak<br>No:5540<br>Hex coord:(23;100),n/a,0,0,0,0,0,0,1,2022-04-23T05:15:36.0809914Z,0
4.38329,100.6858099,Daerah: Perak<br>No:5541<br>Hex coord:(24;100),n/a,0,0,0,0,0,0,1,2022-04-23T05:15:36.7991940Z,0
4.37551,100.6993566,Daerah: Perak<br>No:5542<br>Hex coord:(25;100),n/a,0,0,0,0,0,0,1,2022-04-23T05:15:37.5358066Z,0
4.38329,100.7129033,Daerah: Perak<br>No:5543<br>Hex coord:(26;100),n/a,0,0,0,0,0,0,1,2022-04-23T05:15:38.2606049Z,0
4.37551,100.72645,Daerah: Perak<br>No:5544<br>Hex coord:(27;100),n/a,0,0,0,0,0,0,1,2022-04-23T05:15:39.9950732Z,0
4.38329,100.7399968,Daerah: Perak<br>No:5545<br>Hex coord:(28;100),n/a,0,0,0,0,0,0,1,2022-04-23T05:15:40.7269697Z,0
4.37551,100.7535435,Daerah: Perak<br>No:5546<br>Hex coord:(29;100),n/a,0,0,0,0,0,0,1,2022-04-23T05:15:41.4532843Z,0
4.38329,100.7670902,Daerah: Perak<br>No:5547<br>Hex coord:(30;100),n/a,0,0,0,0,0,0,1,2022-04-23T05:15:42.1796290Z,0
4.37551,100.7806369,Daerah: Perak<br>No:5548<br>Hex coord:(31;100),n/a,0,0,0,0,0,0,1,2022-04-23T05:15:43.0279523Z,0
4.38329,100.7941836,Daerah: Perak<br>No:5549<br>Hex coord:(32;100),n/a,2 ,0,0,0,0,0,1,2022-04-23T05:15:43.7645265Z,0
4.37551,100.8077303,Daerah: Perak<br>No:5550<br>Hex coord:(33;100),n/a,0,0,0,0,0,0,1,2022-04-23T05:15:44.5332845Z,0
4.38329,100.821277,Daerah: Perak<br>No:5551<br>Hex coord:(34;100),n/a,0,0,0,0,0,0,1,2022-04-23T05:15:45.2596647Z,0
4.37551,100.8348237,Daerah: Perak<br>No:5552<br>Hex coord:(35;100),n/a,0,0,0,0,0,0,1,2022-04-23T05:15:46.0262671Z,0
4.38329,100.8483704,Daerah: Perak<br>No:5553<br>Hex coord:(36;100),n/a,0,0,0,0,0,0,1,2022-04-23T05:15:46.7616371Z,0
4.37551,100.8619171,Daerah: Perak<br>No:5554<br>Hex coord:(37;100),n/a,0,0,0,0,0,0,1,2022-04-23T05:15:47.4893132Z,0
4.38329,100.8754638,Daerah: Perak<br>No:5555<br>Hex coord:(38;100),n/a,0,0,0,0,0,0,1,2022-04-23T05:15:48.2103483Z,0
4.37551,100.8890105,Daerah: Perak<br>No:5556<br>Hex coord:(39;100),n/a,0,0,0,0,0,0,1,2022-04-23T05:15:48.9645172Z,0
4.38329,100.9025572,Daerah: Perak<br>No:5557<br>Hex coord:(40;100),n/a,0,0,0,0,0,0,1,2022-04-23T05:15:49.6879927Z,0
4.37551,100.9161039,Daerah: Perak<br>No:5558<br>Hex coord:(41;100),n/a,0,0,0,0,0,0,1,2022-04-23T05:15:50.5295405Z,0
4.38329,100.9296506,Daerah: Perak<br>No:5559<br>Hex coord:(42;100),n/a,0,0,0,0,0,0,1,2022-04-23T05:15:51.2536717Z,0
4.37551,100.9431973,Daerah: Perak<br>No:5560<br>Hex coord:(43;100),n/a,6 ,0,0,0,0,0,1,2022-04-23T05:15:51.9750056Z,0
4.38329,100.956744,Daerah: Perak<br>No:5561<br>Hex coord:(44;100),n/a,4 ,0,0,0,0,0,1,2022-04-23T05:15:52.7021101Z,0
4.37551,100.9702907,Daerah: Perak<br>No:5562<br>Hex coord:(45;100),n/a,0,0,0,0,0,0,1,2022-04-23T05:15:53.5022714Z,0
4.38329,100.9838374,Daerah: Perak<br>No:5563<br>Hex coord:(46;100),n/a,0,0,0,0,0,0,1,2022-04-23T05:15:54.3406750Z,0
4.37551,100.9973842,Daerah: Perak<br>No:5564<br>Hex coord:(47;100),n/a,0,0,0,0,0,0,1,2022-04-23T05:15:55.3337080Z,0
4.38329,101.0109309,Daerah: Perak<br>No:5565<br>Hex coord:(48;100),n/a,0,0,0,0,0,0,1,2022-04-23T05:15:56.0690115Z,0
4.37551,101.0244776,Daerah: Perak<br>No:5566<br>Hex coord:(49;100),n/a,0,0,0,0,0,0,1,2022-04-23T05:15:56.7923561Z,0
4.38329,101.0380243,Daerah: Perak<br>No:5567<br>Hex coord:(50;100),n/a,0,0,0,0,0,0,1,2022-04-23T05:15:57.5181881Z,0
4.37551,101.051571,Daerah: Perak<br>No:5568<br>Hex coord:(51;100),n/a,0,0,0,0,0,0,1,2022-04-23T05:15:58.2462127Z,0
4.38329,101.0651177,Daerah: Perak<br>No:5569<br>Hex coord:(52;100),n/a,2 ,0,0,0,0,0,1,2022-04-23T05:15:58.9715747Z,0
4.37551,101.0786644,Daerah: Perak<br>No:5570<br>Hex coord:(53;100),n/a,0,0,0,0,0,0,1,2022-04-23T05:15:59.6945717Z,0
4.38329,101.0922111,Daerah: Perak<br>No:5571<br>Hex coord:(54;100),n/a,0,0,0,0,0,0,1,2022-04-23T05:16:00.4240618Z,0
4.37551,101.1057578,Daerah: Perak<br>No:5572<br>Hex coord:(55;100),n/a,0,0,0,0,0,0,1,2022-04-23T05:16:01.1756281Z,0
4.38329,101.1193045,Daerah: Perak<br>No:5573<br>Hex coord:(56;100),n/a,0,0,0,0,0,0,1,2022-04-23T05:16:01.9082159Z,0
4.37551,101.1328512,Daerah: Perak<br>No:5574<br>Hex coord:(57;100),n/a,0,0,0,0,0,0,1,2022-04-23T05:16:02.6319149Z,0
4.38329,101.1463979,Daerah: Perak<br>No:5575<br>Hex coord:(58;100),n/a,0,0,0,0,0,0,1,2022-04-23T05:16:03.3618309Z,0
4.37551,101.1599446,Daerah: Perak<br>No:5576<br>Hex coord:(59;100),n/a,2 ,0,0,0,0,0,1,2022-04-23T05:16:04.0867772Z,0
4.38329,101.1734913,Daerah: Perak<br>No:5577<br>Hex coord:(60;100),n/a,0,0,0,0,0,0,1,2022-04-23T05:16:04.8122307Z,0
4.37551,101.187038,Daerah: Perak<br>No:5578<br>Hex coord:(61;100),n/a,0,0,0,0,0,0,1,2022-04-23T05:16:05.5355233Z,0
4.38329,101.2005847,Daerah: Perak<br>No:5579<br>Hex coord:(62;100),n/a,0,0,0,0,0,0,1,2022-04-23T05:16:06.2529705Z,0
4.37551,101.2141314,Daerah: Perak<br>No:5580<br>Hex coord:(63;100),n/a,0,0,0,0,0,0,1,2022-04-23T05:16:06.9797914Z,0
4.38329,101.2276781,Daerah: Perak<br>No:5581<br>Hex coord:(64;100),n/a,0,0,0,0,0,0,1,2022-04-23T05:16:07.7098259Z,0
4.37551,101.2412249,Daerah: Perak<br>No:5582<br>Hex coord:(65;100),n/a,0,0,0,0,0,0,1,2022-04-23T05:16:08.4409706Z,0
4.38329,101.2547716,Daerah: Perak<br>No:5583<br>Hex coord:(66;100),n/a,0,0,0,0,0,0,1,2022-04-23T05:16:09.2969022Z,0
4.37551,101.2683183,Daerah: Perak<br>No:5584<br>Hex coord:(67;100),n/a,0,0,0,0,0,0,1,2022-04-23T05:16:10.0272097Z,0
4.38329,101.281865,Daerah: Perak<br>No:5585<br>Hex coord:(68;100),n/a,0,0,0,0,0,0,1,2022-04-23T05:16:10.7629537Z,0
4.37551,101.2954117,Daerah: Perak<br>No:5586<br>Hex coord:(69;100),n/a,0,0,0,0,0,0,1,2022-04-23T05:16:11.4838205Z,0
4.38329,101.3089584,Daerah: Perak<br>No:5587<br>Hex coord:(70;100),n/a,0,0,0,0,0,0,1,2022-04-23T05:16:12.2199659Z,0
4.37551,101.3225051,Daerah: Perak<br>No:5588<br>Hex coord:(71;100),n/a,0,0,0,0,0,0,1,2022-04-23T05:16:12.9372762Z,0
4.38329,101.3360518,Daerah: Perak<br>No:5589<br>Hex coord:(72;100),n/a,0,0,0,0,0,0,1,2022-04-23T05:16:13.6690631Z,0
4.37551,101.3495985,Daerah: Perak<br>No:5590<br>Hex coord:(73;100),n/a,0,0,0,0,0,0,1,2022-04-23T05:16:14.4054017Z,0
4.38329,101.3631452,Daerah: Perak<br>No:5591<br>Hex coord:(74;100),n/a,0,0,0,0,0,0,1,2022-04-23T05:16:15.1365263Z,0
4.37551,101.3766919,Daerah: Perak<br>No:5592<br>Hex coord:(75;100),n/a,0,0,0,0,0,0,1,2022-04-23T05:16:15.8743558Z,0
4.38329,101.3902386,Daerah: Perak<br>No:5593<br>Hex coord:(76;100),n/a,0,0,0,0,0,0,1,2022-04-23T05:16:16.6044907Z,0
4.37551,101.4037853,Daerah: Perak<br>No:5594<br>Hex coord:(77;100),n/a,0,0,0,0,0,0,1,2022-04-23T05:16:17.4645164Z,0
4.38329,101.417332,Daerah: Perak<br>No:5595<br>Hex coord:(78;100),n/a,0,0,0,0,0,0,1,2022-04-23T05:16:18.1891520Z,0
4.37551,101.4308787,Daerah: Perak<br>No:5596<br>Hex coord:(79;100),n/a,0,0,0,0,0,0,1,2022-04-23T05:16:18.9236908Z,0
4.35995,100.590983,Daerah: Perak<br>No:5597<br>Hex coord:(17;101),n/a,0,0,0,0,0,0,1,2022-04-23T05:16:19.7703728Z,0
4.36773,100.6045297,Daerah: Perak<br>No:5598<br>Hex coord:(18;101),n/a,0,0,0,0,0,0,1,2022-04-23T05:16:20.4837795Z,0
4.35995,100.6180764,Daerah: Perak<br>No:5599<br>Hex coord:(19;101),n/a,0,0,0,0,0,0,1,2022-04-23T05:16:21.2069921Z,0
4.36773,100.6316231,Daerah: Perak<br>No:5600<br>Hex coord:(20;101),n/a,1 ,0,0,0,0,0,1,2022-04-23T05:16:21.9276723Z,0
4.35995,100.6451698,Daerah: Perak<br>No:5601<br>Hex coord:(21;101),n/a,0,0,0,0,0,0,1,2022-04-23T05:16:22.7703049Z,0
4.36773,100.6587165,Daerah: Perak<br>No:5602<br>Hex coord:(22;101),n/a,0,0,0,0,0,0,1,2022-04-23T05:16:23.4927605Z,0
4.35995,100.6722632,Daerah: Perak<br>No:5603<br>Hex coord:(23;101),n/a,0,0,0,0,0,0,1,2022-04-23T05:16:24.2153109Z,0
4.36773,100.6858099,Daerah: Perak<br>No:5604<br>Hex coord:(24;101),n/a,0,0,0,0,0,0,1,2022-04-23T05:16:25.0606506Z,0
4.35995,100.6993566,Daerah: Perak<br>No:5605<br>Hex coord:(25;101),n/a,0,0,0,0,0,0,1,2022-04-23T05:16:25.7933850Z,0
4.36773,100.7129033,Daerah: Perak<br>No:5606<br>Hex coord:(26;101),n/a,0,0,0,0,0,0,1,2022-04-23T05:16:26.5239799Z,0
4.35995,100.72645,Daerah: Perak<br>No:5607<br>Hex coord:(27;101),n/a,0,0,0,0,0,0,1,2022-04-23T05:16:27.2597729Z,0
4.36773,100.7399968,Daerah: Perak<br>No:5608<br>Hex coord:(28;101),n/a,0,0,0,0,0,0,1,2022-04-23T05:16:27.9987047Z,0
4.35995,100.7535435,Daerah: Perak<br>No:5609<br>Hex coord:(29;101),n/a,0,0,0,0,0,0,1,2022-04-23T05:16:28.7307442Z,0
4.36773,100.7670902,Daerah: Perak<br>No:5610<br>Hex coord:(30;101),n/a,0,0,0,0,0,0,1,2022-04-23T05:16:29.4577713Z,0
4.35995,100.7806369,Daerah: Perak<br>No:5611<br>Hex coord:(31;101),n/a,0,0,0,0,0,0,1,2022-04-23T05:16:30.2215890Z,0
4.36773,100.7941836,Daerah: Perak<br>No:5612<br>Hex coord:(32;101),n/a,2 ,0,0,0,0,0,1,2022-04-23T05:16:30.9507957Z,0
4.35995,100.8077303,Daerah: Perak<br>No:5613<br>Hex coord:(33;101),n/a,0,0,0,0,0,0,1,2022-04-23T05:16:31.6947346Z,0
4.36773,100.821277,Daerah: Perak<br>No:5614<br>Hex coord:(34;101),n/a,4 ,0,0,0,0,0,1,2022-04-23T05:16:32.4456944Z,0
4.35995,100.8348237,Daerah: Perak<br>No:5615<br>Hex coord:(35;101),n/a,3 ,0,0,0,0,0,1,2022-04-23T05:16:33.1655501Z,0
4.36773,100.8483704,Daerah: Perak<br>No:5616<br>Hex coord:(36;101),n/a,1 ,0,0,0,0,0,1,2022-04-23T05:16:33.8997866Z,0
4.35995,100.8619171,Daerah: Perak<br>No:5617<br>Hex coord:(37;101),n/a,0,0,0,0,0,0,1,2022-04-23T05:16:34.6250786Z,0
4.36773,100.8754638,Daerah: Perak<br>No:5618<br>Hex coord:(38;101),n/a,0,0,0,0,0,0,1,2022-04-23T05:16:35.3533289Z,0
4.35995,100.8890105,Daerah: Perak<br>No:5619<br>Hex coord:(39;101),n/a,0,0,0,0,0,0,1,2022-04-23T05:16:36.0971453Z,0
4.36773,100.9025572,Daerah: Perak<br>No:5620<br>Hex coord:(40;101),n/a,0,0,0,0,0,0,1,2022-04-23T05:16:36.8356486Z,0
4.35995,100.9161039,Daerah: Perak<br>No:5621<br>Hex coord:(41;101),n/a,0,0,0,0,0,0,1,2022-04-23T05:16:37.6801719Z,0
4.36773,100.9296506,Daerah: Perak<br>No:5622<br>Hex coord:(42;101),n/a,0,0,0,0,0,0,1,2022-04-23T05:16:38.5617007Z,0
4.35995,100.9431973,Daerah: Perak<br>No:5623<br>Hex coord:(43;101),n/a,14 ,0,0,0,0,0,1,2022-04-23T05:16:39.4080686Z,0
4.36773,100.956744,Daerah: Perak<br>No:5624<br>Hex coord:(44;101),n/a,12 ,0,0,0,0,0,1,2022-04-23T05:16:40.1273667Z,0
4.35995,100.9702907,Daerah: Perak<br>No:5625<br>Hex coord:(45;101),n/a,5 ,0,0,0,0,0,1,2022-04-23T05:16:40.8566994Z,0
4.36773,100.9838374,Daerah: Perak<br>No:5626<br>Hex coord:(46;101),n/a,8 ,0,0,0,0,0,1,2022-04-23T05:16:41.5888388Z,0
4.35995,100.9973842,Daerah: Perak<br>No:5627<br>Hex coord:(47;101),n/a,12 ,0,0,0,0,0,1,2022-04-23T05:16:42.3416972Z,0
4.36773,101.0109309,Daerah: Perak<br>No:5628<br>Hex coord:(48;101),n/a,0,0,0,0,0,0,1,2022-04-23T05:16:43.0629485Z,0
4.35995,101.0244776,Daerah: Perak<br>No:5629<br>Hex coord:(49;101),n/a,0,0,0,0,0,0,1,2022-04-23T05:16:43.8103658Z,0
4.36773,101.0380243,Daerah: Perak<br>No:5630<br>Hex coord:(50;101),n/a,0,0,0,0,0,0,1,2022-04-23T05:16:44.5857474Z,0
4.35995,101.051571,Daerah: Perak<br>No:5631<br>Hex coord:(51;101),n/a,0,0,0,0,0,0,1,2022-04-23T05:16:45.3073523Z,0
4.36773,101.0651177,Daerah: Perak<br>No:5632<br>Hex coord:(52;101),n/a,0,0,0,0,0,0,1,2022-04-23T05:16:46.0438826Z,0
4.35995,101.0786644,Daerah: Perak<br>No:5633<br>Hex coord:(53;101),n/a,0,0,0,0,0,0,1,2022-04-23T05:16:46.7700673Z,0
4.36773,101.0922111,Daerah: Perak<br>No:5634<br>Hex coord:(54;101),n/a,0,0,0,0,0,0,1,2022-04-23T05:16:47.5023572Z,0
4.35995,101.1057578,Daerah: Perak<br>No:5635<br>Hex coord:(55;101),n/a,0,0,0,0,0,0,1,2022-04-23T05:16:48.2268267Z,0
4.36773,101.1193045,Daerah: Perak<br>No:5636<br>Hex coord:(56;101),n/a,2 ,0,0,0,0,0,1,2022-04-23T05:16:48.9589492Z,0
4.35995,101.1328512,Daerah: Perak<br>No:5637<br>Hex coord:(57;101),n/a,1 ,0,0,0,0,0,1,2022-04-23T05:16:49.6791285Z,0
4.36773,101.1463979,Daerah: Perak<br>No:5638<br>Hex coord:(58;101),n/a,0,0,0,0,0,0,1,2022-04-23T05:16:50.4195582Z,0
4.35995,101.1599446,Daerah: Perak<br>No:5639<br>Hex coord:(59;101),n/a,2 ,0,0,0,0,0,1,2022-04-23T05:16:51.1549001Z,0
4.36773,101.1734913,Daerah: Perak<br>No:5640<br>Hex coord:(60;101),n/a,0,0,0,0,0,0,1,2022-04-23T05:16:52.0564764Z,0
4.35995,101.187038,Daerah: Perak<br>No:5641<br>Hex coord:(61;101),n/a,0,0,0,0,0,0,1,2022-04-23T05:16:52.8075176Z,0
4.36773,101.2005847,Daerah: Perak<br>No:5642<br>Hex coord:(62;101),n/a,0,0,0,0,0,0,1,2022-04-23T05:16:53.5704910Z,0
4.35995,101.2141314,Daerah: Perak<br>No:5643<br>Hex coord:(63;101),n/a,0,0,0,0,0,0,1,2022-04-23T05:16:54.2926152Z,0
4.36773,101.2276781,Daerah: Perak<br>No:5644<br>Hex coord:(64;101),n/a,3 ,0,0,0,0,0,1,2022-04-23T05:16:55.0687297Z,0
4.35995,101.2412249,Daerah: Perak<br>No:5645<br>Hex coord:(65;101),n/a,0,0,0,0,0,0,1,2022-04-23T05:16:55.9164543Z,0
4.36773,101.2547716,Daerah: Perak<br>No:5646<br>Hex coord:(66;101),n/a,0,0,0,0,0,0,1,2022-04-23T05:16:56.6516724Z,0
4.35995,101.2683183,Daerah: Perak<br>No:5647<br>Hex coord:(67;101),n/a,0,0,0,0,0,0,1,2022-04-23T05:16:57.3860873Z,0
4.36773,101.281865,Daerah: Perak<br>No:5648<br>Hex coord:(68;101),n/a,0,0,0,0,0,0,1,2022-04-23T05:16:58.1165977Z,0
4.35995,101.2954117,Daerah: Perak<br>No:5649<br>Hex coord:(69;101),n/a,0,0,0,0,0,0,1,2022-04-23T05:16:58.8487082Z,0
4.36773,101.3089584,Daerah: Perak<br>No:5650<br>Hex coord:(70;101),n/a,0,0,0,0,0,0,1,2022-04-23T05:16:59.5798247Z,0
4.35995,101.3225051,Daerah: Perak<br>No:5651<br>Hex coord:(71;101),n/a,0,0,0,0,0,0,1,2022-04-23T05:17:00.4348254Z,0
4.36773,101.3360518,Daerah: Perak<br>No:5652<br>Hex coord:(72;101),n/a,0,0,0,0,0,0,1,2022-04-23T05:17:01.1707133Z,0
4.35995,101.3495985,Daerah: Perak<br>No:5653<br>Hex coord:(73;101),n/a,0,0,0,0,0,0,1,2022-04-23T05:17:01.8976175Z,0
4.36773,101.3631452,Daerah: Perak<br>No:5654<br>Hex coord:(74;101),n/a,0,0,0,0,0,0,1,2022-04-23T05:17:02.6155594Z,0
4.35995,101.3766919,Daerah: Perak<br>No:5655<br>Hex coord:(75;101),n/a,0,0,0,0,0,0,1,2022-04-23T05:17:03.3254915Z,0
4.36773,101.3902386,Daerah: Perak<br>No:5656<br>Hex coord:(76;101),n/a,0,0,0,0,0,0,1,2022-04-23T05:17:04.0409504Z,0
4.35995,101.4037853,Daerah: Perak<br>No:5657<br>Hex coord:(77;101),n/a,0,0,0,0,0,0,1,2022-04-23T05:17:04.7598053Z,0
4.36773,101.417332,Daerah: Perak<br>No:5658<br>Hex coord:(78;101),n/a,0,0,0,0,0,0,1,2022-04-23T05:17:05.4825570Z,0
4.35995,101.4308787,Daerah: Perak<br>No:5659<br>Hex coord:(79;101),n/a,0,0,0,0,0,0,1,2022-04-23T05:17:06.2112419Z,0
4.35217,100.5774363,Daerah: Perak<br>No:5660<br>Hex coord:(16;102),n/a,0,0,0,0,0,0,1,2022-04-23T05:17:06.9498412Z,0
4.34439,100.590983,Daerah: Perak<br>No:5661<br>Hex coord:(17;102),n/a,0,0,0,0,0,0,1,2022-04-23T05:17:07.6889845Z,0
4.35217,100.6045297,Daerah: Perak<br>No:5662<br>Hex coord:(18;102),n/a,0,0,0,0,0,0,1,2022-04-23T05:17:08.4220103Z,0
4.34439,100.6180764,Daerah: Perak<br>No:5663<br>Hex coord:(19;102),n/a,0,0,0,0,0,0,1,2022-04-23T05:17:09.1441390Z,0
4.35217,100.6316231,Daerah: Perak<br>No:5664<br>Hex coord:(20;102),n/a,0,0,0,0,0,0,1,2022-04-23T05:17:09.8768313Z,0
4.34439,100.6451698,Daerah: Perak<br>No:5665<br>Hex coord:(21;102),n/a,0,0,0,0,0,0,1,2022-04-23T05:17:10.7362090Z,0
4.35217,100.6587165,Daerah: Perak<br>No:5666<br>Hex coord:(22;102),n/a,0,0,0,0,0,0,1,2022-04-23T05:17:11.4735354Z,0
4.34439,100.6722632,Daerah: Perak<br>No:5667<br>Hex coord:(23;102),n/a,0,0,0,0,0,0,1,2022-04-23T05:17:12.2137191Z,0
4.35217,100.6858099,Daerah: Perak<br>No:5668<br>Hex coord:(24;102),n/a,0,0,0,0,0,0,1,2022-04-23T05:17:12.9427644Z,0
4.34439,100.6993566,Daerah: Perak<br>No:5669<br>Hex coord:(25;102),n/a,0,0,0,0,0,0,1,2022-04-23T05:17:13.6709715Z,0
4.35217,100.7129033,Daerah: Perak<br>No:5670<br>Hex coord:(26;102),n/a,0,0,0,0,0,0,1,2022-04-23T05:17:14.3957304Z,0
4.34439,100.72645,Daerah: Perak<br>No:5671<br>Hex coord:(27;102),n/a,0,0,0,0,0,0,1,2022-04-23T05:17:15.2899045Z,0
4.35217,100.7399968,Daerah: Perak<br>No:5672<br>Hex coord:(28;102),n/a,0,0,0,0,0,0,1,2022-04-23T05:17:16.0236306Z,0
4.34439,100.7535435,Daerah: Perak<br>No:5673<br>Hex coord:(29;102),n/a,0,0,0,0,0,0,1,2022-04-23T05:17:16.7555549Z,0
4.35217,100.7670902,Daerah: Perak<br>No:5674<br>Hex coord:(30;102),n/a,0,0,0,0,0,0,1,2022-04-23T05:17:17.4716470Z,0
4.34439,100.7806369,Daerah: Perak<br>No:5675<br>Hex coord:(31;102),n/a,0,0,0,0,0,0,1,2022-04-23T05:17:18.3116042Z,0
4.35217,100.7941836,Daerah: Perak<br>No:5676<br>Hex coord:(32;102),n/a,1 ,0,0,0,0,0,1,2022-04-23T05:17:19.0384616Z,0
4.34439,100.8077303,Daerah: Perak<br>No:5677<br>Hex coord:(33;102),n/a,1 ,0,0,0,0,0,1,2022-04-23T05:17:19.7700862Z,0
4.35217,100.821277,Daerah: Perak<br>No:5678<br>Hex coord:(34;102),n/a,2 ,0,0,0,0,0,1,2022-04-23T05:17:20.4957217Z,0
4.34439,100.8348237,Daerah: Perak<br>No:5679<br>Hex coord:(35;102),n/a,0,0,0,0,0,0,1,2022-04-23T05:17:21.2356386Z,0
4.35217,100.8483704,Daerah: Perak<br>No:5680<br>Hex coord:(36;102),n/a,1 ,0,0,0,0,0,1,2022-04-23T05:17:21.9660711Z,0
4.34439,100.8619171,Daerah: Perak<br>No:5681<br>Hex coord:(37;102),n/a,0,0,0,0,0,0,1,2022-04-23T05:17:22.7152630Z,0
4.35217,100.8754638,Daerah: Perak<br>No:5682<br>Hex coord:(38;102),n/a,1 ,0,0,0,0,0,1,2022-04-23T05:17:23.6239559Z,0
4.34439,100.8890105,Daerah: Perak<br>No:5683<br>Hex coord:(39;102),n/a,0,0,0,0,0,0,1,2022-04-23T05:17:24.3629574Z,0
4.35217,100.9025572,Daerah: Perak<br>No:5684<br>Hex coord:(40;102),n/a,0,0,0,0,0,0,1,2022-04-23T05:17:25.0877896Z,0
4.34439,100.9161039,Daerah: Perak<br>No:5685<br>Hex coord:(41;102),n/a,1 ,0,0,0,0,0,1,2022-04-23T05:17:25.8432174Z,0
4.35217,100.9296506,Daerah: Perak<br>No:5686<br>Hex coord:(42;102),n/a,0,0,0,0,0,0,1,2022-04-23T05:17:26.5595387Z,0
4.34439,100.9431973,Daerah: Perak<br>No:5687<br>Hex coord:(43;102),n/a,0,0,0,0,0,0,1,2022-04-23T05:17:27.3030687Z,0
4.35217,100.956744,Daerah: Perak<br>No:5688<br>Hex coord:(44;102),n/a,3 ,0,0,0,0,0,1,2022-04-23T05:17:28.0368993Z,0
4.34439,100.9702907,Daerah: Perak<br>No:5689<br>Hex coord:(45;102),n/a,7 ,0,0,0,0,0,1,2022-04-23T05:17:28.7591213Z,0
4.35217,100.9838374,Daerah: Perak<br>No:5690<br>Hex coord:(46;102),n/a,17 ,0,0,0,0,0,1,2022-04-23T05:17:29.4976362Z,0
4.34439,100.9973842,Daerah: Perak<br>No:5691<br>Hex coord:(47;102),n/a,5 ,0,0,0,0,0,1,2022-04-23T05:17:30.2351695Z,0
4.35217,101.0109309,Daerah: Perak<br>No:5692<br>Hex coord:(48;102),n/a,0,0,0,0,0,0,1,2022-04-23T05:17:30.9655624Z,0
4.34439,101.0244776,Daerah: Perak<br>No:5693<br>Hex coord:(49;102),n/a,0,0,0,0,0,0,1,2022-04-23T05:17:31.7040591Z,0
4.35217,101.0380243,Daerah: Perak<br>No:5694<br>Hex coord:(50;102),n/a,0,0,0,0,0,0,1,2022-04-23T05:17:32.4539066Z,0
4.34439,101.051571,Daerah: Perak<br>No:5695<br>Hex coord:(51;102),n/a,0,0,0,0,0,0,1,2022-04-23T05:17:33.2019795Z,0
4.35217,101.0651177,Daerah: Perak<br>No:5696<br>Hex coord:(52;102),n/a,0,0,0,0,0,0,1,2022-04-23T05:17:33.9408041Z,0
4.34439,101.0786644,Daerah: Perak<br>No:5697<br>Hex coord:(53;102),n/a,0,0,0,0,0,0,1,2022-04-23T05:17:34.6676120Z,0
4.35217,101.0922111,Daerah: Perak<br>No:5698<br>Hex coord:(54;102),n/a,0,0,0,0,0,0,1,2022-04-23T05:17:35.4217761Z,0
4.34439,101.1057578,Daerah: Perak<br>No:5699<br>Hex coord:(55;102),n/a,3 ,0,0,0,0,0,1,2022-04-23T05:17:36.1570320Z,0
4.35217,101.1193045,Daerah: Perak<br>No:5700<br>Hex coord:(56;102),n/a,10 ,0,0,0,0,0,1,2022-04-23T05:17:37.0306368Z,0
4.34439,101.1328512,Daerah: Perak<br>No:5701<br>Hex coord:(57;102),n/a,0,0,0,0,0,0,1,2022-04-23T05:17:37.7631787Z,0
4.35217,101.1463979,Daerah: Perak<br>No:5702<br>Hex coord:(58;102),n/a,0,0,0,0,0,0,1,2022-04-23T05:17:38.4923459Z,0
4.34439,101.1599446,Daerah: Perak<br>No:5703<br>Hex coord:(59;102),n/a,3 ,0,0,0,0,0,1,2022-04-23T05:17:39.2074434Z,0
4.35217,101.1734913,Daerah: Perak<br>No:5704<br>Hex coord:(60;102),n/a,0,0,0,0,0,0,1,2022-04-23T05:17:39.9246734Z,0
4.34439,101.187038,Daerah: Perak<br>No:5705<br>Hex coord:(61;102),n/a,0,0,0,0,0,0,1,2022-04-23T05:17:40.6383116Z,0
4.35217,101.2005847,Daerah: Perak<br>No:5706<br>Hex coord:(62;102),n/a,0,0,0,0,0,0,1,2022-04-23T05:17:41.3775858Z,0
4.34439,101.2141314,Daerah: Perak<br>No:5707<br>Hex coord:(63;102),n/a,0,0,0,0,0,0,1,2022-04-23T05:17:42.1174962Z,0
4.35217,101.2276781,Daerah: Perak<br>No:5708<br>Hex coord:(64;102),n/a,0,0,0,0,0,0,1,2022-04-23T05:17:42.9529420Z,0
4.34439,101.2412249,Daerah: Perak<br>No:5709<br>Hex coord:(65;102),n/a,0,0,0,0,0,0,1,2022-04-23T05:17:43.8054687Z,0
4.35217,101.2547716,Daerah: Perak<br>No:5710<br>Hex coord:(66;102),n/a,0,0,0,0,0,0,1,2022-04-23T05:17:44.5375452Z,0
4.34439,101.2683183,Daerah: Perak<br>No:5711<br>Hex coord:(67;102),n/a,0,0,0,0,0,0,1,2022-04-23T05:17:45.2554533Z,0
4.35217,101.281865,Daerah: Perak<br>No:5712<br>Hex coord:(68;102),n/a,0,0,0,0,0,0,1,2022-04-23T05:17:46.1084438Z,0
4.34439,101.2954117,Daerah: Perak<br>No:5713<br>Hex coord:(69;102),n/a,0,0,0,0,0,0,1,2022-04-23T05:17:46.8450835Z,0
4.35217,101.3089584,Daerah: Perak<br>No:5714<br>Hex coord:(70;102),n/a,0,0,0,0,0,0,1,2022-04-23T05:17:47.5943492Z,0
4.34439,101.3225051,Daerah: Perak<br>No:5715<br>Hex coord:(71;102),n/a,0,0,0,0,0,0,1,2022-04-23T05:17:48.3323303Z,0
4.35217,101.3360518,Daerah: Perak<br>No:5716<br>Hex coord:(72;102),n/a,0,0,0,0,0,0,1,2022-04-23T05:17:49.1802107Z,0
4.34439,101.3495985,Daerah: Perak<br>No:5717<br>Hex coord:(73;102),n/a,0,0,0,0,0,0,1,2022-04-23T05:17:50.0231947Z,0
4.35217,101.3631452,Daerah: Perak<br>No:5718<br>Hex coord:(74;102),n/a,0,0,0,0,0,0,1,2022-04-23T05:17:50.8623268Z,0
4.34439,101.3766919,Daerah: Perak<br>No:5719<br>Hex coord:(75;102),n/a,0,0,0,0,0,0,1,2022-04-23T05:17:52.6072524Z,0
4.35217,101.3902386,Daerah: Perak<br>No:5720<br>Hex coord:(76;102),n/a,0,0,0,0,0,0,1,2022-04-23T05:17:53.3462500Z,0
4.34439,101.4037853,Daerah: Perak<br>No:5721<br>Hex coord:(77;102),n/a,0,0,0,0,0,0,1,2022-04-23T05:17:54.0851256Z,0
4.35217,101.417332,Daerah: Perak<br>No:5722<br>Hex coord:(78;102),n/a,0,0,0,0,0,0,1,2022-04-23T05:17:54.8165967Z,0
4.33661,100.5774363,Daerah: Perak<br>No:5723<br>Hex coord:(16;103),n/a,0,0,0,0,0,0,1,2022-04-23T05:17:55.5466080Z,0
4.32883,100.590983,Daerah: Perak<br>No:5724<br>Hex coord:(17;103),n/a,0,0,0,0,0,0,1,2022-04-23T05:17:56.2792426Z,0
4.33661,100.6045297,Daerah: Perak<br>No:5725<br>Hex coord:(18;103),n/a,0,0,0,0,0,0,1,2022-04-23T05:17:57.0101496Z,0
4.32883,100.6180764,Daerah: Perak<br>No:5726<br>Hex coord:(19;103),n/a,0,0,0,0,0,0,1,2022-04-23T05:17:57.7442259Z,0
4.33661,100.6316231,Daerah: Perak<br>No:5727<br>Hex coord:(20;103),n/a,0,0,0,0,0,0,1,2022-04-23T05:17:58.4849278Z,0
4.32883,100.6451698,Daerah: Perak<br>No:5728<br>Hex coord:(21;103),n/a,0,0,0,0,0,0,1,2022-04-23T05:17:59.2182352Z,0
4.33661,100.6587165,Daerah: Perak<br>No:5729<br>Hex coord:(22;103),n/a,0,0,0,0,0,0,1,2022-04-23T05:17:59.9365599Z,0
4.32883,100.6722632,Daerah: Perak<br>No:5730<br>Hex coord:(23;103),n/a,0,0,0,0,0,0,1,2022-04-23T05:18:00.6676525Z,0
4.33661,100.6858099,Daerah: Perak<br>No:5731<br>Hex coord:(24;103),n/a,0,0,0,0,0,0,1,2022-04-23T05:18:01.4072544Z,0
4.32883,100.6993566,Daerah: Perak<br>No:5732<br>Hex coord:(25;103),n/a,0,0,0,0,0,0,1,2022-04-23T05:18:02.1316889Z,0
4.33661,100.7129033,Daerah: Perak<br>No:5733<br>Hex coord:(26;103),n/a,0,0,0,0,0,0,1,2022-04-23T05:18:03.8643367Z,0
4.32883,100.72645,Daerah: Perak<br>No:5734<br>Hex coord:(27;103),n/a,1 ,0,0,0,0,0,1,2022-04-23T05:18:04.7033491Z,0
4.33661,100.7399968,Daerah: Perak<br>No:5735<br>Hex coord:(28;103),n/a,0,0,0,0,0,0,1,2022-04-23T05:18:05.4393542Z,0
4.32883,100.7535435,Daerah: Perak<br>No:5736<br>Hex coord:(29;103),n/a,1 ,0,0,0,0,0,1,2022-04-23T05:18:06.1550088Z,0
4.33661,100.7670902,Daerah: Perak<br>No:5737<br>Hex coord:(30;103),n/a,0,0,0,0,0,0,1,2022-04-23T05:18:07.1453042Z,0
4.32883,100.7806369,Daerah: Perak<br>No:5738<br>Hex coord:(31;103),n/a,1 ,0,0,0,0,0,1,2022-04-23T05:18:07.8793633Z,0
4.33661,100.7941836,Daerah: Perak<br>No:5739<br>Hex coord:(32;103),n/a,0,0,0,0,0,0,1,2022-04-23T05:18:08.6093735Z,0
4.32883,100.8077303,Daerah: Perak<br>No:5740<br>Hex coord:(33;103),n/a,0,0,0,0,0,0,1,2022-04-23T05:18:09.3688241Z,0
4.33661,100.821277,Daerah: Perak<br>No:5741<br>Hex coord:(34;103),n/a,0,0,0,0,0,0,1,2022-04-23T05:18:10.0972662Z,0
4.32883,100.8348237,Daerah: Perak<br>No:5742<br>Hex coord:(35;103),n/a,0,0,0,0,0,0,1,2022-04-23T05:18:10.8334969Z,0
4.33661,100.8483704,Daerah: Perak<br>No:5743<br>Hex coord:(36;103),n/a,0,0,0,0,0,0,1,2022-04-23T05:18:11.5653151Z,0
4.32883,100.8619171,Daerah: Perak<br>No:5744<br>Hex coord:(37;103),n/a,0,0,0,0,0,0,1,2022-04-23T05:18:12.3013935Z,0
4.33661,100.8754638,Daerah: Perak<br>No:5745<br>Hex coord:(38;103),n/a,0,0,0,0,0,0,1,2022-04-23T05:18:13.0272251Z,0
4.32883,100.8890105,Daerah: Perak<br>No:5746<br>Hex coord:(39;103),n/a,0,0,0,0,0,0,1,2022-04-23T05:18:13.7478544Z,0
4.33661,100.9025572,Daerah: Perak<br>No:5747<br>Hex coord:(40;103),n/a,0,0,0,0,0,0,1,2022-04-23T05:18:14.4843252Z,0
4.32883,100.9161039,Daerah: Perak<br>No:5748<br>Hex coord:(41;103),n/a,0,0,0,0,0,0,1,2022-04-23T05:18:15.2069421Z,0
4.33661,100.9296506,Daerah: Perak<br>No:5749<br>Hex coord:(42;103),n/a,3 ,0,0,0,0,0,1,2022-04-23T05:18:15.9248479Z,0
4.32883,100.9431973,Daerah: Perak<br>No:5750<br>Hex coord:(43;103),n/a,0,0,0,0,0,0,1,2022-04-23T05:18:16.6522385Z,0
4.33661,100.956744,Daerah: Perak<br>No:5751<br>Hex coord:(44;103),n/a,0,0,0,0,0,0,1,2022-04-23T05:18:17.3814170Z,0
4.32883,100.9702907,Daerah: Perak<br>No:5752<br>Hex coord:(45;103),n/a,0,0,0,0,0,0,1,2022-04-23T05:18:18.1215720Z,0
4.33661,100.9838374,Daerah: Perak<br>No:5753<br>Hex coord:(46;103),n/a,0,0,0,0,0,0,1,2022-04-23T05:18:18.8797001Z,0
4.32883,100.9973842,Daerah: Perak<br>No:5754<br>Hex coord:(47;103),n/a,0,0,0,0,0,0,1,2022-04-23T05:18:19.5925321Z,0
4.33661,101.0109309,Daerah: Perak<br>No:5755<br>Hex coord:(48;103),n/a,0,0,0,0,0,0,1,2022-04-23T05:18:20.4728365Z,0
4.32883,101.0244776,Daerah: Perak<br>No:5756<br>Hex coord:(49;103),n/a,0,0,0,0,0,0,1,2022-04-23T05:18:21.2026522Z,0
4.33661,101.0380243,Daerah: Perak<br>No:5757<br>Hex coord:(50;103),n/a,0,0,0,0,0,0,1,2022-04-23T05:18:22.0392214Z,0
4.32883,101.051571,Daerah: Perak<br>No:5758<br>Hex coord:(51;103),n/a,0,0,0,0,0,0,1,2022-04-23T05:18:22.9003065Z,0
4.33661,101.0651177,Daerah: Perak<br>No:5759<br>Hex coord:(52;103),n/a,2 ,0,0,0,0,0,1,2022-04-23T05:18:23.6344537Z,0
4.32883,101.0786644,Daerah: Perak<br>No:5760<br>Hex coord:(53;103),n/a,0,0,0,0,0,0,1,2022-04-23T05:18:24.3956975Z,0
4.33661,101.0922111,Daerah: Perak<br>No:5761<br>Hex coord:(54;103),n/a,0,0,0,0,0,0,1,2022-04-23T05:18:25.2534613Z,0
4.32883,101.1057578,Daerah: Perak<br>No:5762<br>Hex coord:(55;103),n/a,0,0,0,0,0,0,1,2022-04-23T05:18:25.9853360Z,0
4.33661,101.1193045,Daerah: Perak<br>No:5763<br>Hex coord:(56;103),n/a,1 ,0,0,0,0,0,1,2022-04-23T05:18:26.7065388Z,0
4.32883,101.1328512,Daerah: Perak<br>No:5764<br>Hex coord:(57;103),n/a,25 ,0,0,0,0,0,1,2022-04-23T05:18:27.4400082Z,0
4.33661,101.1463979,Daerah: Perak<br>No:5765<br>Hex coord:(58;103),n/a,5 ,0,0,0,0,0,1,2022-04-23T05:18:28.1699488Z,0
4.32883,101.1599446,Daerah: Perak<br>No:5766<br>Hex coord:(59;103),n/a,4 ,0,0,0,0,0,1,2022-04-23T05:18:28.8971400Z,0
4.33661,101.1734913,Daerah: Perak<br>No:5767<br>Hex coord:(60;103),n/a,0,0,0,0,0,0,1,2022-04-23T05:18:29.6272935Z,0
4.32883,101.187038,Daerah: Perak<br>No:5768<br>Hex coord:(61;103),n/a,0,0,0,0,0,0,1,2022-04-23T05:18:30.3594351Z,0
4.33661,101.2005847,Daerah: Perak<br>No:5769<br>Hex coord:(62;103),n/a,0,0,0,0,0,0,1,2022-04-23T05:18:31.0812138Z,0
4.32883,101.2141314,Daerah: Perak<br>No:5770<br>Hex coord:(63;103),n/a,0,0,0,0,0,0,1,2022-04-23T05:18:31.7982820Z,0
4.33661,101.2276781,Daerah: Perak<br>No:5771<br>Hex coord:(64;103),n/a,0,0,0,0,0,0,1,2022-04-23T05:18:32.5362480Z,0
4.32883,101.2412249,Daerah: Perak<br>No:5772<br>Hex coord:(65;103),n/a,0,0,0,0,0,0,1,2022-04-23T05:18:33.2580174Z,0
4.33661,101.2547716,Daerah: Perak<br>No:5773<br>Hex coord:(66;103),n/a,0,0,0,0,0,0,1,2022-04-23T05:18:33.9839104Z,0
4.32883,101.2683183,Daerah: Perak<br>No:5774<br>Hex coord:(67;103),n/a,0,0,0,0,0,0,1,2022-04-23T05:18:35.7283954Z,0
4.33661,101.281865,Daerah: Perak<br>No:5775<br>Hex coord:(68;103),n/a,0,0,0,0,0,0,1,2022-04-23T05:18:36.4499313Z,0
4.32883,101.2954117,Daerah: Perak<br>No:5776<br>Hex coord:(69;103),n/a,0,0,0,0,0,0,1,2022-04-23T05:18:37.1853119Z,0
4.33661,101.3089584,Daerah: Perak<br>No:5777<br>Hex coord:(70;103),n/a,0,0,0,0,0,0,1,2022-04-23T05:18:37.9271501Z,0
4.32883,101.3225051,Daerah: Perak<br>No:5778<br>Hex coord:(71;103),n/a,0,0,0,0,0,0,1,2022-04-23T05:18:38.6487746Z,0
4.33661,101.3360518,Daerah: Perak<br>No:5779<br>Hex coord:(72;103),n/a,0,0,0,0,0,0,1,2022-04-23T05:18:39.3690407Z,0
4.32883,101.3495985,Daerah: Perak<br>No:5780<br>Hex coord:(73;103),n/a,0,0,0,0,0,0,1,2022-04-23T05:18:40.1098792Z,0
4.33661,101.3631452,Daerah: Perak<br>No:5781<br>Hex coord:(74;103),n/a,0,0,0,0,0,0,1,2022-04-23T05:18:41.8308412Z,0
4.32883,101.3766919,Daerah: Perak<br>No:5782<br>Hex coord:(75;103),n/a,0,0,0,0,0,0,1,2022-04-23T05:18:42.5455469Z,0
4.33661,101.3902386,Daerah: Perak<br>No:5783<br>Hex coord:(76;103),n/a,0,0,0,0,0,0,1,2022-04-23T05:18:43.2828811Z,0
4.32883,101.4037853,Daerah: Perak<br>No:5784<br>Hex coord:(77;103),n/a,0,0,0,0,0,0,1,2022-04-23T05:18:43.9982830Z,0
4.33661,101.417332,Daerah: Perak<br>No:5785<br>Hex coord:(78;103),n/a,0,0,0,0,0,0,1,2022-04-23T05:18:44.7226268Z,0
4.32883,101.4308787,Daerah: Perak<br>No:5786<br>Hex coord:(79;103),n/a,0,0,0,0,0,0,1,2022-04-23T05:18:45.5718468Z,0
4.31327,100.5638896,Daerah: Perak<br>No:5787<br>Hex coord:(15;104),n/a,0,0,0,0,0,0,1,2022-04-23T05:18:46.4309627Z,0
4.32105,100.5774363,Daerah: Perak<br>No:5788<br>Hex coord:(16;104),n/a,0,0,0,0,0,0,1,2022-04-23T05:18:47.2480136Z,0
4.31327,100.590983,Daerah: Perak<br>No:5789<br>Hex coord:(17;104),n/a,0,0,0,0,0,0,1,2022-04-23T05:18:48.9768983Z,0
4.32105,100.6045297,Daerah: Perak<br>No:5790<br>Hex coord:(18;104),n/a,0,0,0,0,0,0,1,2022-04-23T05:18:49.8429577Z,0
4.31327,100.6180764,Daerah: Perak<br>No:5791<br>Hex coord:(19;104),n/a,0,0,0,0,0,0,1,2022-04-23T05:18:50.5687295Z,0
4.32105,100.6316231,Daerah: Perak<br>No:5792<br>Hex coord:(20;104),n/a,0,0,0,0,0,0,1,2022-04-23T05:18:51.2970001Z,0
4.31327,100.6451698,Daerah: Perak<br>No:5793<br>Hex coord:(21;104),n/a,0,0,0,0,0,0,1,2022-04-23T05:18:52.0304277Z,0
4.32105,100.6587165,Daerah: Perak<br>No:5794<br>Hex coord:(22;104),n/a,0,0,0,0,0,0,1,2022-04-23T05:18:53.7522230Z,0
4.31327,100.6722632,Daerah: Perak<br>No:5795<br>Hex coord:(23;104),n/a,0,0,0,0,0,0,1,2022-04-23T05:18:54.4752453Z,0
4.32105,100.6858099,Daerah: Perak<br>No:5796<br>Hex coord:(24;104),n/a,0,0,0,0,0,0,1,2022-04-23T05:18:55.2006145Z,0
4.31327,100.6993566,Daerah: Perak<br>No:5797<br>Hex coord:(25;104),n/a,2 ,0,0,0,0,0,1,2022-04-23T05:18:55.9760636Z,0
4.32105,100.7129033,Daerah: Perak<br>No:5798<br>Hex coord:(26;104),n/a,0,0,0,0,0,0,1,2022-04-23T05:18:56.7026408Z,0
4.31327,100.72645,Daerah: Perak<br>No:5799<br>Hex coord:(27;104),n/a,0,0,0,0,0,0,1,2022-04-23T05:18:57.4418603Z,0
4.32105,100.7399968,Daerah: Perak<br>No:5800<br>Hex coord:(28;104),n/a,1 ,0,0,0,0,0,1,2022-04-23T05:18:58.1722040Z,0
4.31327,100.7535435,Daerah: Perak<br>No:5801<br>Hex coord:(29;104),n/a,0,0,0,0,0,0,1,2022-04-23T05:18:58.9374708Z,0
4.32105,100.7670902,Daerah: Perak<br>No:5802<br>Hex coord:(30;104),n/a,2 ,0,0,0,0,0,1,2022-04-23T05:18:59.6793647Z,0
4.31327,100.7806369,Daerah: Perak<br>No:5803<br>Hex coord:(31;104),n/a,1 ,0,0,0,0,0,1,2022-04-23T05:19:00.4026181Z,0
4.32105,100.7941836,Daerah: Perak<br>No:5804<br>Hex coord:(32;104),n/a,0,0,0,0,0,0,1,2022-04-23T05:19:01.1346477Z,0
4.31327,100.8077303,Daerah: Perak<br>No:5805<br>Hex coord:(33;104),n/a,0,0,0,0,0,0,1,2022-04-23T05:19:01.8579460Z,0
4.32105,100.821277,Daerah: Perak<br>No:5806<br>Hex coord:(34;104),n/a,0,0,0,0,0,0,1,2022-04-23T05:19:02.7583248Z,0
4.31327,100.8348237,Daerah: Perak<br>No:5807<br>Hex coord:(35;104),n/a,0,0,0,0,0,0,1,2022-04-23T05:19:03.5659591Z,0
4.32105,100.8483704,Daerah: Perak<br>No:5808<br>Hex coord:(36;104),n/a,0,0,0,0,0,0,1,2022-04-23T05:19:04.3275485Z,0
4.31327,100.8619171,Daerah: Perak<br>No:5809<br>Hex coord:(37;104),n/a,0,0,0,0,0,0,1,2022-04-23T05:19:05.0625152Z,0
4.32105,100.8754638,Daerah: Perak<br>No:5810<br>Hex coord:(38;104),n/a,2 ,0,0,0,0,0,1,2022-04-23T05:19:05.7845424Z,0
4.31327,100.8890105,Daerah: Perak<br>No:5811<br>Hex coord:(39;104),n/a,1 ,0,0,0,0,0,1,2022-04-23T05:19:06.5583049Z,0
4.32105,100.9025572,Daerah: Perak<br>No:5812<br>Hex coord:(40;104),n/a,3 ,0,0,0,0,0,1,2022-04-23T05:19:07.2836286Z,0
4.31327,100.9161039,Daerah: Perak<br>No:5813<br>Hex coord:(41;104),n/a,0,0,0,0,0,0,1,2022-04-23T05:19:08.0230725Z,0
4.32105,100.9296506,Daerah: Perak<br>No:5814<br>Hex coord:(42;104),n/a,0,0,0,0,0,0,1,2022-04-23T05:19:08.7675549Z,0
4.31327,100.9431973,Daerah: Perak<br>No:5815<br>Hex coord:(43;104),n/a,0,0,0,0,0,0,1,2022-04-23T05:19:09.6427286Z,0
4.32105,100.956744,Daerah: Perak<br>No:5816<br>Hex coord:(44;104),n/a,0,0,0,0,0,0,1,2022-04-23T05:19:10.3674585Z,0
4.31327,100.9702907,Daerah: Perak<br>No:5817<br>Hex coord:(45;104),n/a,0,0,0,0,0,0,1,2022-04-23T05:19:11.0894364Z,0
4.32105,100.9838374,Daerah: Perak<br>No:5818<br>Hex coord:(46;104),n/a,0,0,0,0,0,0,1,2022-04-23T05:19:11.8200294Z,0
4.31327,100.9973842,Daerah: Perak<br>No:5819<br>Hex coord:(47;104),n/a,0,0,0,0,0,0,1,2022-04-23T05:19:12.5447182Z,0
4.32105,101.0109309,Daerah: Perak<br>No:5820<br>Hex coord:(48;104),n/a,0,0,0,0,0,0,1,2022-04-23T05:19:13.2823180Z,0
4.31327,101.0244776,Daerah: Perak<br>No:5821<br>Hex coord:(49;104),n/a,0,0,0,0,0,0,1,2022-04-23T05:19:14.0007803Z,0
4.32105,101.0380243,Daerah: Perak<br>No:5822<br>Hex coord:(50;104),n/a,1 ,0,0,0,0,0,1,2022-04-23T05:19:14.7358624Z,0
4.31327,101.051571,Daerah: Perak<br>No:5823<br>Hex coord:(51;104),n/a,4 ,0,0,0,0,0,1,2022-04-23T05:19:15.4611442Z,0
4.32105,101.0651177,Daerah: Perak<br>No:5824<br>Hex coord:(52;104),n/a,1 ,0,0,0,0,0,1,2022-04-23T05:19:16.1890578Z,0
4.31327,101.0786644,Daerah: Perak<br>No:5825<br>Hex coord:(53;104),n/a,0,0,0,0,0,0,1,2022-04-23T05:19:16.9218403Z,0
4.32105,101.0922111,Daerah: Perak<br>No:5826<br>Hex coord:(54;104),n/a,0,0,0,0,0,0,1,2022-04-23T05:19:17.6594622Z,0
4.31327,101.1057578,Daerah: Perak<br>No:5827<br>Hex coord:(55;104),n/a,0,0,0,0,0,0,1,2022-04-23T05:19:18.3875390Z,0
4.32105,101.1193045,Daerah: Perak<br>No:5828<br>Hex coord:(56;104),n/a,7 ,0,0,0,0,0,1,2022-04-23T05:19:19.1572149Z,0
4.31327,101.1328512,Daerah: Perak<br>No:5829<br>Hex coord:(57;104),n/a,4 ,0,0,0,0,0,1,2022-04-23T05:19:19.8874459Z,0
4.32105,101.1463979,Daerah: Perak<br>No:5830<br>Hex coord:(58;104),n/a,19 ,0,0,0,0,0,1,2022-04-23T05:19:20.6247237Z,0
4.31327,101.1599446,Daerah: Perak<br>No:5831<br>Hex coord:(59;104),n/a,3 ,0,0,0,0,0,1,2022-04-23T05:19:21.4776387Z,0
4.32105,101.1734913,Daerah: Perak<br>No:5832<br>Hex coord:(60;104),n/a,0,0,0,0,0,0,1,2022-04-23T05:19:22.3137138Z,0
4.31327,101.187038,Daerah: Perak<br>No:5833<br>Hex coord:(61;104),n/a,0,0,0,0,0,0,1,2022-04-23T05:19:23.1476463Z,0
4.32105,101.2005847,Daerah: Perak<br>No:5834<br>Hex coord:(62;104),n/a,0,0,0,0,0,0,1,2022-04-23T05:19:23.8858646Z,0
4.31327,101.2141314,Daerah: Perak<br>No:5835<br>Hex coord:(63;104),n/a,0,0,0,0,0,0,1,2022-04-23T05:19:24.6280861Z,0
4.32105,101.2276781,Daerah: Perak<br>No:5836<br>Hex coord:(64;104),n/a,0,0,0,0,0,0,1,2022-04-23T05:19:25.3436287Z,0
4.31327,101.2412249,Daerah: Perak<br>No:5837<br>Hex coord:(65;104),n/a,0,0,0,0,0,0,1,2022-04-23T05:19:26.0721174Z,0
4.32105,101.2547716,Daerah: Perak<br>No:5838<br>Hex coord:(66;104),n/a,0,0,0,0,0,0,1,2022-04-23T05:19:26.8079196Z,0
4.31327,101.2683183,Daerah: Perak<br>No:5839<br>Hex coord:(67;104),n/a,0,0,0,0,0,0,1,2022-04-23T05:19:27.5406830Z,0
4.32105,101.281865,Daerah: Perak<br>No:5840<br>Hex coord:(68;104),n/a,0,0,0,0,0,0,1,2022-04-23T05:19:28.2778670Z,0
4.31327,101.2954117,Daerah: Perak<br>No:5841<br>Hex coord:(69;104),n/a,0,0,0,0,0,0,1,2022-04-23T05:19:29.1649488Z,0
4.32105,101.3089584,Daerah: Perak<br>No:5842<br>Hex coord:(70;104),n/a,0,0,0,0,0,0,1,2022-04-23T05:19:29.9013883Z,0
4.31327,101.3225051,Daerah: Perak<br>No:5843<br>Hex coord:(71;104),n/a,0,0,0,0,0,0,1,2022-04-23T05:19:30.6437014Z,0
4.32105,101.3360518,Daerah: Perak<br>No:5844<br>Hex coord:(72;104),n/a,0,0,0,0,0,0,1,2022-04-23T05:19:31.4066692Z,0
4.31327,101.3495985,Daerah: Perak<br>No:5845<br>Hex coord:(73;104),n/a,0,0,0,0,0,0,1,2022-04-23T05:19:32.1400368Z,0
4.32105,101.3631452,Daerah: Perak<br>No:5846<br>Hex coord:(74;104),n/a,0,0,0,0,0,0,1,2022-04-23T05:19:32.8632830Z,0
4.31327,101.3766919,Daerah: Perak<br>No:5847<br>Hex coord:(75;104),n/a,0,0,0,0,0,0,1,2022-04-23T05:19:33.5870313Z,0
4.32105,101.3902386,Daerah: Perak<br>No:5848<br>Hex coord:(76;104),n/a,0,0,0,0,0,0,1,2022-04-23T05:19:34.3943807Z,0
4.31327,101.4037853,Daerah: Perak<br>No:5849<br>Hex coord:(77;104),n/a,0,0,0,0,0,0,1,2022-04-23T05:19:35.2539151Z,0
4.32105,101.417332,Daerah: Perak<br>No:5850<br>Hex coord:(78;104),n/a,0,0,0,0,0,0,1,2022-04-23T05:19:36.0969999Z,0
4.31327,101.4308787,Daerah: Perak<br>No:5851<br>Hex coord:(79;104),n/a,0,0,0,0,0,0,1,2022-04-23T05:19:36.8288743Z,0
4.29771,100.590983,Daerah: Perak<br>No:5852<br>Hex coord:(17;105),n/a,1 ,0,0,0,0,0,1,2022-04-23T05:19:37.6721789Z,0
4.30549,100.6045297,Daerah: Perak<br>No:5853<br>Hex coord:(18;105),n/a,0,0,0,0,0,0,1,2022-04-23T05:19:38.5186146Z,0
4.29771,100.6180764,Daerah: Perak<br>No:5854<br>Hex coord:(19;105),n/a,0,0,0,0,0,0,1,2022-04-23T05:19:39.2461695Z,0
4.30549,100.6316231,Daerah: Perak<br>No:5855<br>Hex coord:(20;105),n/a,0,0,0,0,0,0,1,2022-04-23T05:19:40.9917904Z,0
4.29771,100.6451698,Daerah: Perak<br>No:5856<br>Hex coord:(21;105),n/a,0,0,0,0,0,0,1,2022-04-23T05:19:41.7109091Z,0
4.30549,100.6587165,Daerah: Perak<br>No:5857<br>Hex coord:(22;105),n/a,0,0,0,0,0,0,1,2022-04-23T05:19:42.4431433Z,0
4.29771,100.6722632,Daerah: Perak<br>No:5858<br>Hex coord:(23;105),n/a,0,0,0,0,0,0,1,2022-04-23T05:19:44.1756005Z,0
4.30549,100.6858099,Daerah: Perak<br>No:5859<br>Hex coord:(24;105),n/a,0,0,0,0,0,0,1,2022-04-23T05:19:44.8998034Z,0
4.29771,100.6993566,Daerah: Perak<br>No:5860<br>Hex coord:(25;105),n/a,0,0,0,0,0,0,1,2022-04-23T05:19:45.6236940Z,0
4.30549,100.7129033,Daerah: Perak<br>No:5861<br>Hex coord:(26;105),n/a,0,0,0,0,0,0,1,2022-04-23T05:19:46.3685818Z,0
4.29771,100.72645,Daerah: Perak<br>No:5862<br>Hex coord:(27;105),n/a,0,0,0,0,0,0,1,2022-04-23T05:19:47.1077292Z,0
4.30549,100.7399968,Daerah: Perak<br>No:5863<br>Hex coord:(28;105),n/a,0,0,0,0,0,0,1,2022-04-23T05:19:47.9586570Z,0
4.29771,100.7535435,Daerah: Perak<br>No:5864<br>Hex coord:(29;105),n/a,25 ,0,0,0,0,0,1,2022-04-23T05:19:48.8042862Z,0
4.30549,100.7670902,Daerah: Perak<br>No:5865<br>Hex coord:(30;105),n/a,19 ,0,0,0,0,0,1,2022-04-23T05:19:49.6556000Z,0
4.29771,100.7806369,Daerah: Perak<br>No:5866<br>Hex coord:(31;105),n/a,0,0,0,0,0,0,1,2022-04-23T05:19:50.3895411Z,0
4.30549,100.7941836,Daerah: Perak<br>No:5867<br>Hex coord:(32;105),n/a,0,0,0,0,0,0,1,2022-04-23T05:19:51.1206818Z,0
4.29771,100.8077303,Daerah: Perak<br>No:5868<br>Hex coord:(33;105),n/a,0,0,0,0,0,0,1,2022-04-23T05:19:51.8585783Z,0
4.30549,100.821277,Daerah: Perak<br>No:5869<br>Hex coord:(34;105),n/a,0,0,0,0,0,0,1,2022-04-23T05:19:52.5910506Z,0
4.29771,100.8348237,Daerah: Perak<br>No:5870<br>Hex coord:(35;105),n/a,0,0,0,0,0,0,1,2022-04-23T05:19:53.4315721Z,0
4.30549,100.8483704,Daerah: Perak<br>No:5871<br>Hex coord:(36;105),n/a,0,0,0,0,0,0,1,2022-04-23T05:19:54.2895813Z,0
4.29771,100.8619171,Daerah: Perak<br>No:5872<br>Hex coord:(37;105),n/a,0,0,0,0,0,0,1,2022-04-23T05:19:55.0601476Z,0
4.30549,100.8754638,Daerah: Perak<br>No:5873<br>Hex coord:(38;105),n/a,0,0,0,0,0,0,1,2022-04-23T05:19:55.9128396Z,0
4.29771,100.8890105,Daerah: Perak<br>No:5874<br>Hex coord:(39;105),n/a,0,0,0,0,0,0,1,2022-04-23T05:19:56.6404304Z,0
4.30549,100.9025572,Daerah: Perak<br>No:5875<br>Hex coord:(40;105),n/a,1 ,0,0,0,0,0,1,2022-04-23T05:19:57.3819156Z,0
4.29771,100.9161039,Daerah: Perak<br>No:5876<br>Hex coord:(41;105),n/a,0,0,0,0,0,0,1,2022-04-23T05:19:58.1164104Z,0
4.30549,100.9296506,Daerah: Perak<br>No:5877<br>Hex coord:(42;105),n/a,0,0,0,0,0,0,1,2022-04-23T05:19:58.8393850Z,0
4.29771,100.9431973,Daerah: Perak<br>No:5878<br>Hex coord:(43;105),n/a,0,0,0,0,0,0,1,2022-04-23T05:19:59.5875279Z,0
4.30549,100.956744,Daerah: Perak<br>No:5879<br>Hex coord:(44;105),n/a,0,0,0,0,0,0,1,2022-04-23T05:20:00.3256768Z,0
4.29771,100.9702907,Daerah: Perak<br>No:5880<br>Hex coord:(45;105),n/a,0,0,0,0,0,0,1,2022-04-23T05:20:01.0577192Z,0
4.30549,100.9838374,Daerah: Perak<br>No:5881<br>Hex coord:(46;105),n/a,0,0,0,0,0,0,1,2022-04-23T05:20:01.7980739Z,0
4.29771,100.9973842,Daerah: Perak<br>No:5882<br>Hex coord:(47;105),n/a,0,0,0,0,0,0,1,2022-04-23T05:20:02.5258266Z,0
4.30549,101.0109309,Daerah: Perak<br>No:5883<br>Hex coord:(48;105),n/a,0,0,0,0,0,0,1,2022-04-23T05:20:03.2630008Z,0
4.29771,101.0244776,Daerah: Perak<br>No:5884<br>Hex coord:(49;105),n/a,0,0,0,0,0,0,1,2022-04-23T05:20:03.9914290Z,0
4.30549,101.0380243,Daerah: Perak<br>No:5885<br>Hex coord:(50;105),n/a,1 ,0,0,0,0,0,1,2022-04-23T05:20:04.7217201Z,0
4.29771,101.051571,Daerah: Perak<br>No:5886<br>Hex coord:(51;105),n/a,0,0,0,0,0,0,1,2022-04-23T05:20:05.4458251Z,0
4.30549,101.0651177,Daerah: Perak<br>No:5887<br>Hex coord:(52;105),n/a,0,0,0,0,0,0,1,2022-04-23T05:20:06.1672066Z,0
4.29771,101.0786644,Daerah: Perak<br>No:5888<br>Hex coord:(53;105),n/a,0,0,0,0,0,0,1,2022-04-23T05:20:06.9148436Z,0
4.30549,101.0922111,Daerah: Perak<br>No:5889<br>Hex coord:(54;105),n/a,0,0,0,0,0,0,1,2022-04-23T05:20:07.6303968Z,0
4.29771,101.1057578,Daerah: Perak<br>No:5890<br>Hex coord:(55;105),n/a,0,0,0,0,0,0,1,2022-04-23T05:20:08.3568916Z,0
4.30549,101.1193045,Daerah: Perak<br>No:5891<br>Hex coord:(56;105),n/a,2 ,0,0,0,0,0,1,2022-04-23T05:20:09.0959543Z,0
4.29771,101.1328512,Daerah: Perak<br>No:5892<br>Hex coord:(57;105),n/a,0,0,0,0,0,0,1,2022-04-23T05:20:09.8202705Z,0
4.30549,101.1463979,Daerah: Perak<br>No:5893<br>Hex coord:(58;105),n/a,8 ,0,0,0,0,0,1,2022-04-23T05:20:10.5950503Z,0
4.29771,101.1599446,Daerah: Perak<br>No:5894<br>Hex coord:(59;105),n/a,7 ,0,0,0,0,0,1,2022-04-23T05:20:11.3229564Z,0
4.30549,101.1734913,Daerah: Perak<br>No:5895<br>Hex coord:(60;105),n/a,1 ,0,0,0,0,0,1,2022-04-23T05:20:12.0670013Z,0
4.29771,101.187038,Daerah: Perak<br>No:5896<br>Hex coord:(61;105),n/a,0,0,0,0,0,0,1,2022-04-23T05:20:12.7865266Z,0
4.30549,101.2005847,Daerah: Perak<br>No:5897<br>Hex coord:(62;105),n/a,0,0,0,0,0,0,1,2022-04-23T05:20:13.5181272Z,0
4.29771,101.2141314,Daerah: Perak<br>No:5898<br>Hex coord:(63;105),n/a,0,0,0,0,0,0,1,2022-04-23T05:20:14.3793045Z,0
4.30549,101.2276781,Daerah: Perak<br>No:5899<br>Hex coord:(64;105),n/a,0,0,0,0,0,0,1,2022-04-23T05:20:15.1081924Z,0
4.29771,101.2412249,Daerah: Perak<br>No:5900<br>Hex coord:(65;105),n/a,0,0,0,0,0,0,1,2022-04-23T05:20:15.8282746Z,0
4.30549,101.2547716,Daerah: Perak<br>No:5901<br>Hex coord:(66;105),n/a,0,0,0,0,0,0,1,2022-04-23T05:20:16.5623582Z,0
4.29771,101.2683183,Daerah: Perak<br>No:5902<br>Hex coord:(67;105),n/a,0,0,0,0,0,0,1,2022-04-23T05:20:17.2843164Z,0
4.30549,101.281865,Daerah: Perak<br>No:5903<br>Hex coord:(68;105),n/a,0,0,0,0,0,0,1,2022-04-23T05:20:18.0165812Z,0
4.29771,101.2954117,Daerah: Perak<br>No:5904<br>Hex coord:(69;105),n/a,0,0,0,0,0,0,1,2022-04-23T05:20:18.7317617Z,0
4.30549,101.3089584,Daerah: Perak<br>No:5905<br>Hex coord:(70;105),n/a,0,0,0,0,0,0,1,2022-04-23T05:20:19.4692574Z,0
4.29771,101.3225051,Daerah: Perak<br>No:5906<br>Hex coord:(71;105),n/a,0,0,0,0,0,0,1,2022-04-23T05:20:20.1952858Z,0
4.30549,101.3360518,Daerah: Perak<br>No:5907<br>Hex coord:(72;105),n/a,0,0,0,0,0,0,1,2022-04-23T05:20:20.9195816Z,0
4.29771,101.3495985,Daerah: Perak<br>No:5908<br>Hex coord:(73;105),n/a,0,0,0,0,0,0,1,2022-04-23T05:20:21.6516026Z,0
4.30549,101.3631452,Daerah: Perak<br>No:5909<br>Hex coord:(74;105),n/a,0,0,0,0,0,0,1,2022-04-23T05:20:22.3885409Z,0
4.29771,101.3766919,Daerah: Perak<br>No:5910<br>Hex coord:(75;105),n/a,0,0,0,0,0,0,1,2022-04-23T05:20:23.1177540Z,0
4.30549,101.3902386,Daerah: Perak<br>No:5911<br>Hex coord:(76;105),n/a,0,0,0,0,0,0,1,2022-04-23T05:20:23.8445328Z,0
4.29771,101.4037853,Daerah: Perak<br>No:5912<br>Hex coord:(77;105),n/a,0,0,0,0,0,0,1,2022-04-23T05:20:24.6263393Z,0
4.30549,101.417332,Daerah: Perak<br>No:5913<br>Hex coord:(78;105),n/a,0,0,0,0,0,0,1,2022-04-23T05:20:25.3708872Z,0
4.29771,101.4308787,Daerah: Perak<br>No:5914<br>Hex coord:(79;105),n/a,0,0,0,0,0,0,1,2022-04-23T05:20:26.1171593Z,0
4.30549,101.4444254,Daerah: Perak<br>No:5915<br>Hex coord:(80;105),n/a,0,0,0,0,0,0,1,2022-04-23T05:20:26.8565433Z,0
4.28215,100.590983,Daerah: Perak<br>No:5916<br>Hex coord:(17;106),n/a,0,0,0,0,0,0,1,2022-04-23T05:20:27.6105780Z,0
4.28993,100.6045297,Daerah: Perak<br>No:5917<br>Hex coord:(18;106),n/a,0,0,0,0,0,0,1,2022-04-23T05:20:28.3430934Z,0
4.28215,100.6180764,Daerah: Perak<br>No:5918<br>Hex coord:(19;106),n/a,1 ,0,0,0,0,0,1,2022-04-23T05:20:29.0771802Z,0
4.28993,100.6316231,Daerah: Perak<br>No:5919<br>Hex coord:(20;106),n/a,2 ,0,0,0,0,0,1,2022-04-23T05:20:29.8246663Z,0
4.28215,100.6451698,Daerah: Perak<br>No:5920<br>Hex coord:(21;106),n/a,1 ,0,0,0,0,0,1,2022-04-23T05:20:30.5982446Z,0
4.28993,100.6587165,Daerah: Perak<br>No:5921<br>Hex coord:(22;106),n/a,0,0,0,0,0,0,1,2022-04-23T05:20:31.3417667Z,0
4.28215,100.6722632,Daerah: Perak<br>No:5922<br>Hex coord:(23;106),n/a,2 ,0,0,0,0,0,1,2022-04-23T05:20:32.0777100Z,0
4.28993,100.6858099,Daerah: Perak<br>No:5923<br>Hex coord:(24;106),n/a,0,0,0,0,0,0,1,2022-04-23T05:20:32.8205390Z,0
4.28215,100.6993566,Daerah: Perak<br>No:5924<br>Hex coord:(25;106),n/a,0,0,0,0,0,0,1,2022-04-23T05:20:33.5341650Z,0
4.28993,100.7129033,Daerah: Perak<br>No:5925<br>Hex coord:(26;106),n/a,0,0,0,0,0,0,1,2022-04-23T05:20:34.2743721Z,0
4.28215,100.72645,Daerah: Perak<br>No:5926<br>Hex coord:(27;106),n/a,0,0,0,0,0,0,1,2022-04-23T05:20:35.0122899Z,0
4.28993,100.7399968,Daerah: Perak<br>No:5927<br>Hex coord:(28;106),n/a,6 ,0,0,0,0,0,1,2022-04-23T05:20:35.7347518Z,0
4.28215,100.7535435,Daerah: Perak<br>No:5928<br>Hex coord:(29;106),n/a,1 ,0,0,0,0,0,1,2022-04-23T05:20:36.4838582Z,0
4.28993,100.7670902,Daerah: Perak<br>No:5929<br>Hex coord:(30;106),n/a,5 ,0,0,0,0,0,1,2022-04-23T05:20:37.1980943Z,0
4.28215,100.7806369,Daerah: Perak<br>No:5930<br>Hex coord:(31;106),n/a,0,0,0,0,0,0,1,2022-04-23T05:20:37.9398397Z,0
4.28993,100.7941836,Daerah: Perak<br>No:5931<br>Hex coord:(32;106),n/a,0,0,0,0,0,0,1,2022-04-23T05:20:38.6624661Z,0
4.28215,100.8077303,Daerah: Perak<br>No:5932<br>Hex coord:(33;106),n/a,0,0,0,0,0,0,1,2022-04-23T05:20:39.3991296Z,0
4.28993,100.821277,Daerah: Perak<br>No:5933<br>Hex coord:(34;106),n/a,0,0,0,0,0,0,1,2022-04-23T05:20:40.1117481Z,0
4.28215,100.8348237,Daerah: Perak<br>No:5934<br>Hex coord:(35;106),n/a,0,0,0,0,0,0,1,2022-04-23T05:20:40.8261081Z,0
4.28993,100.8483704,Daerah: Perak<br>No:5935<br>Hex coord:(36;106),n/a,0,0,0,0,0,0,1,2022-04-23T05:20:41.5559123Z,0
4.28215,100.8619171,Daerah: Perak<br>No:5936<br>Hex coord:(37;106),n/a,0,0,0,0,0,0,1,2022-04-23T05:20:42.2899089Z,0
4.28993,100.8754638,Daerah: Perak<br>No:5937<br>Hex coord:(38;106),n/a,0,0,0,0,0,0,1,2022-04-23T05:20:43.0250593Z,0
4.28215,100.8890105,Daerah: Perak<br>No:5938<br>Hex coord:(39;106),n/a,1 ,0,0,0,0,0,1,2022-04-23T05:20:43.7608523Z,0
4.28993,100.9025572,Daerah: Perak<br>No:5939<br>Hex coord:(40;106),n/a,2 ,0,0,0,0,0,1,2022-04-23T05:20:44.5037892Z,0
4.28215,100.9161039,Daerah: Perak<br>No:5940<br>Hex coord:(41;106),n/a,0,0,0,0,0,0,1,2022-04-23T05:20:45.2458786Z,0
4.28993,100.9296506,Daerah: Perak<br>No:5941<br>Hex coord:(42;106),n/a,0,0,0,0,0,0,1,2022-04-23T05:20:45.9865363Z,0
4.28215,100.9431973,Daerah: Perak<br>No:5942<br>Hex coord:(43;106),n/a,0,0,0,0,0,0,1,2022-04-23T05:20:46.7210333Z,0
4.28993,100.956744,Daerah: Perak<br>No:5943<br>Hex coord:(44;106),n/a,0,0,0,0,0,0,1,2022-04-23T05:20:47.4609545Z,0
4.28215,100.9702907,Daerah: Perak<br>No:5944<br>Hex coord:(45;106),n/a,0,0,0,0,0,0,1,2022-04-23T05:20:48.3031356Z,0
4.28993,100.9838374,Daerah: Perak<br>No:5945<br>Hex coord:(46;106),n/a,0,0,0,0,0,0,1,2022-04-23T05:20:50.0508916Z,0
4.28215,100.9973842,Daerah: Perak<br>No:5946<br>Hex coord:(47;106),n/a,0,0,0,0,0,0,1,2022-04-23T05:20:50.7757626Z,0
4.28993,101.0109309,Daerah: Perak<br>No:5947<br>Hex coord:(48;106),n/a,0,0,0,0,0,0,1,2022-04-23T05:20:51.6750802Z,0
4.28215,101.0244776,Daerah: Perak<br>No:5948<br>Hex coord:(49;106),n/a,0,0,0,0,0,0,1,2022-04-23T05:20:52.4015017Z,0
4.28993,101.0380243,Daerah: Perak<br>No:5949<br>Hex coord:(50;106),n/a,0,0,0,0,0,0,1,2022-04-23T05:20:53.1316686Z,0
4.28215,101.051571,Daerah: Perak<br>No:5950<br>Hex coord:(51;106),n/a,2 ,0,0,0,0,0,1,2022-04-23T05:20:53.8631979Z,0
4.28993,101.0651177,Daerah: Perak<br>No:5951<br>Hex coord:(52;106),n/a,0,0,0,0,0,0,1,2022-04-23T05:20:54.5946542Z,0
4.28215,101.0786644,Daerah: Perak<br>No:5952<br>Hex coord:(53;106),n/a,0,0,0,0,0,0,1,2022-04-23T05:20:55.3226651Z,0
4.28993,101.0922111,Daerah: Perak<br>No:5953<br>Hex coord:(54;106),n/a,0,0,0,0,0,0,1,2022-04-23T05:20:56.0576448Z,0
4.28215,101.1057578,Daerah: Perak<br>No:5954<br>Hex coord:(55;106),n/a,0,0,0,0,0,0,1,2022-04-23T05:20:56.7886685Z,0
4.28993,101.1193045,Daerah: Perak<br>No:5955<br>Hex coord:(56;106),n/a,0,0,0,0,0,0,1,2022-04-23T05:20:57.5155304Z,0
4.28215,101.1328512,Daerah: Perak<br>No:5956<br>Hex coord:(57;106),n/a,0,0,0,0,0,0,1,2022-04-23T05:20:58.2471795Z,0
4.28993,101.1463979,Daerah: Perak<br>No:5957<br>Hex coord:(58;106),n/a,4 ,0,0,0,0,0,1,2022-04-23T05:20:58.9835753Z,0
4.28215,101.1599446,Daerah: Perak<br>No:5958<br>Hex coord:(59;106),n/a,4 ,0,0,0,0,0,1,2022-04-23T05:20:59.7115715Z,0
4.28993,101.1734913,Daerah: Perak<br>No:5959<br>Hex coord:(60;106),n/a,0,0,0,0,0,0,1,2022-04-23T05:21:00.4409388Z,0
4.28215,101.187038,Daerah: Perak<br>No:5960<br>Hex coord:(61;106),n/a,0,0,0,0,0,0,1,2022-04-23T05:21:01.1807072Z,0
4.28993,101.2005847,Daerah: Perak<br>No:5961<br>Hex coord:(62;106),n/a,0,0,0,0,0,0,1,2022-04-23T05:21:02.9073954Z,0
4.28215,101.2141314,Daerah: Perak<br>No:5962<br>Hex coord:(63;106),n/a,0,0,0,0,0,0,1,2022-04-23T05:21:03.6292971Z,0
4.28993,101.2276781,Daerah: Perak<br>No:5963<br>Hex coord:(64;106),n/a,0,0,0,0,0,0,1,2022-04-23T05:21:05.3598821Z,0
4.28215,101.2412249,Daerah: Perak<br>No:5964<br>Hex coord:(65;106),n/a,0,0,0,0,0,0,1,2022-04-23T05:21:06.0934009Z,0
4.28993,101.2547716,Daerah: Perak<br>No:5965<br>Hex coord:(66;106),n/a,3 ,0,0,0,0,0,1,2022-04-23T05:21:06.8333574Z,0
4.28215,101.2683183,Daerah: Perak<br>No:5966<br>Hex coord:(67;106),n/a,0,0,0,0,0,0,1,2022-04-23T05:21:07.5578216Z,0
4.28993,101.281865,Daerah: Perak<br>No:5967<br>Hex coord:(68;106),n/a,0,0,0,0,0,0,1,2022-04-23T05:21:08.3062876Z,0
4.28215,101.2954117,Daerah: Perak<br>No:5968<br>Hex coord:(69;106),n/a,0,0,0,0,0,0,1,2022-04-23T05:21:09.0330457Z,0
4.28993,101.3089584,Daerah: Perak<br>No:5969<br>Hex coord:(70;106),n/a,0,0,0,0,0,0,1,2022-04-23T05:21:09.7668025Z,0
4.28215,101.3225051,Daerah: Perak<br>No:5970<br>Hex coord:(71;106),n/a,0,0,0,0,0,0,1,2022-04-23T05:21:10.4960386Z,0
4.28993,101.3360518,Daerah: Perak<br>No:5971<br>Hex coord:(72;106),n/a,0,0,0,0,0,0,1,2022-04-23T05:21:11.2333521Z,0
4.28215,101.3495985,Daerah: Perak<br>No:5972<br>Hex coord:(73;106),n/a,0,0,0,0,0,0,1,2022-04-23T05:21:11.9688763Z,0
4.28993,101.3631452,Daerah: Perak<br>No:5973<br>Hex coord:(74;106),n/a,0,0,0,0,0,0,1,2022-04-23T05:21:12.6961973Z,0
4.28215,101.3766919,Daerah: Perak<br>No:5974<br>Hex coord:(75;106),n/a,0,0,0,0,0,0,1,2022-04-23T05:21:13.4228065Z,0
4.28993,101.3902386,Daerah: Perak<br>No:5975<br>Hex coord:(76;106),n/a,0,0,0,0,0,0,1,2022-04-23T05:21:14.1957291Z,0
4.28215,101.4037853,Daerah: Perak<br>No:5976<br>Hex coord:(77;106),n/a,0,0,0,0,0,0,1,2022-04-23T05:21:14.9264302Z,0
4.28993,101.417332,Daerah: Perak<br>No:5977<br>Hex coord:(78;106),n/a,0,0,0,0,0,0,1,2022-04-23T05:21:15.8608138Z,0
4.28215,101.4308787,Daerah: Perak<br>No:5978<br>Hex coord:(79;106),n/a,0,0,0,0,0,0,1,2022-04-23T05:21:16.5877562Z,0
4.28993,101.4444254,Daerah: Perak<br>No:5979<br>Hex coord:(80;106),n/a,0,0,0,0,0,0,1,2022-04-23T05:21:17.3234641Z,0
4.27437,100.6045297,Daerah: Perak<br>No:5980<br>Hex coord:(18;107),n/a,0,0,0,0,0,0,1,2022-04-23T05:21:18.0645870Z,0
4.26659,100.6180764,Daerah: Perak<br>No:5981<br>Hex coord:(19;107),n/a,0,0,0,0,0,0,1,2022-04-23T05:21:18.7973521Z,0
4.27437,100.6316231,Daerah: Perak<br>No:5982<br>Hex coord:(20;107),n/a,1 ,0,0,0,0,0,1,2022-04-23T05:21:19.5067076Z,0
4.26659,100.6451698,Daerah: Perak<br>No:5983<br>Hex coord:(21;107),n/a,0,0,0,0,0,0,1,2022-04-23T05:21:20.2260918Z,0
4.27437,100.6587165,Daerah: Perak<br>No:5984<br>Hex coord:(22;107),n/a,0,0,0,0,0,0,1,2022-04-23T05:21:20.9687118Z,0
4.26659,100.6722632,Daerah: Perak<br>No:5985<br>Hex coord:(23;107),n/a,2 ,0,0,0,0,0,1,2022-04-23T05:21:21.7052293Z,0
4.27437,100.6858099,Daerah: Perak<br>No:5986<br>Hex coord:(24;107),n/a,0,0,0,0,0,0,1,2022-04-23T05:21:22.4432293Z,0
4.26659,100.6993566,Daerah: Perak<br>No:5987<br>Hex coord:(25;107),n/a,0,0,0,0,0,0,1,2022-04-23T05:21:23.1693771Z,0
4.27437,100.7129033,Daerah: Perak<br>No:5988<br>Hex coord:(26;107),n/a,0,0,0,0,0,0,1,2022-04-23T05:21:23.9113886Z,0
4.26659,100.72645,Daerah: Perak<br>No:5989<br>Hex coord:(27;107),n/a,2 ,0,0,0,0,0,1,2022-04-23T05:21:24.6432093Z,0
4.27437,100.7399968,Daerah: Perak<br>No:5990<br>Hex coord:(28;107),n/a,0,0,0,0,0,0,1,2022-04-23T05:21:26.3713537Z,0
4.26659,100.7535435,Daerah: Perak<br>No:5991<br>Hex coord:(29;107),n/a,0,0,0,0,0,0,1,2022-04-23T05:21:27.1013086Z,0
4.27437,100.7670902,Daerah: Perak<br>No:5992<br>Hex coord:(30;107),n/a,0,0,0,0,0,0,1,2022-04-23T05:21:27.8326253Z,0
4.26659,100.7806369,Daerah: Perak<br>No:5993<br>Hex coord:(31;107),n/a,0,0,0,0,0,0,1,2022-04-23T05:21:28.7105462Z,0
4.27437,100.7941836,Daerah: Perak<br>No:5994<br>Hex coord:(32;107),n/a,0,0,0,0,0,0,1,2022-04-23T05:21:29.4362450Z,0
4.26659,100.8077303,Daerah: Perak<br>No:5995<br>Hex coord:(33;107),n/a,0,0,0,0,0,0,1,2022-04-23T05:21:30.1853416Z,0
4.27437,100.821277,Daerah: Perak<br>No:5996<br>Hex coord:(34;107),n/a,0,0,0,0,0,0,1,2022-04-23T05:21:30.9223679Z,0
4.26659,100.8348237,Daerah: Perak<br>No:5997<br>Hex coord:(35;107),n/a,0,0,0,0,0,0,1,2022-04-23T05:21:31.6550202Z,0
4.27437,100.8483704,Daerah: Perak<br>No:5998<br>Hex coord:(36;107),n/a,0,0,0,0,0,0,1,2022-04-23T05:21:32.4759429Z,0
4.26659,100.8619171,Daerah: Perak<br>No:5999<br>Hex coord:(37;107),n/a,1 ,0,0,0,0,0,1,2022-04-23T05:21:34.2033955Z,0
4.27437,100.8754638,Daerah: Perak<br>No:6000<br>Hex coord:(38;107),n/a,0,0,0,0,0,0,1,2022-04-23T05:21:35.0191862Z,0
4.26659,100.8890105,Daerah: Perak<br>No:6001<br>Hex coord:(39;107),n/a,0,0,0,0,0,0,1,2022-04-23T05:21:35.7493242Z,0
4.27437,100.9025572,Daerah: Perak<br>No:6002<br>Hex coord:(40;107),n/a,5 ,0,0,0,0,0,1,2022-04-23T05:21:36.4822749Z,0
4.26659,100.9161039,Daerah: Perak<br>No:6003<br>Hex coord:(41;107),n/a,0,0,0,0,0,0,1,2022-04-23T05:21:37.2222776Z,0
4.27437,100.9296506,Daerah: Perak<br>No:6004<br>Hex coord:(42;107),n/a,0,0,0,0,0,0,1,2022-04-23T05:21:37.9522083Z,0
4.26659,100.9431973,Daerah: Perak<br>No:6005<br>Hex coord:(43;107),n/a,0,0,0,0,0,0,1,2022-04-23T05:21:38.6841941Z,0
4.27437,100.956744,Daerah: Perak<br>No:6006<br>Hex coord:(44;107),n/a,0,0,0,0,0,0,1,2022-04-23T05:21:39.5257500Z,0
4.26659,100.9702907,Daerah: Perak<br>No:6007<br>Hex coord:(45;107),n/a,0,0,0,0,0,0,1,2022-04-23T05:21:40.2530200Z,0
4.27437,100.9838374,Daerah: Perak<br>No:6008<br>Hex coord:(46;107),n/a,0,0,0,0,0,0,1,2022-04-23T05:21:40.9702801Z,0
4.26659,100.9973842,Daerah: Perak<br>No:6009<br>Hex coord:(47;107),n/a,0,0,0,0,0,0,1,2022-04-23T05:21:41.7042511Z,0
4.27437,101.0109309,Daerah: Perak<br>No:6010<br>Hex coord:(48;107),n/a,0,0,0,0,0,0,1,2022-04-23T05:21:42.4143941Z,0
4.26659,101.0244776,Daerah: Perak<br>No:6011<br>Hex coord:(49;107),n/a,0,0,0,0,0,0,1,2022-04-23T05:21:43.1483164Z,0
4.27437,101.0380243,Daerah: Perak<br>No:6012<br>Hex coord:(50;107),n/a,0,0,0,0,0,0,1,2022-04-23T05:21:43.8851849Z,0
4.26659,101.051571,Daerah: Perak<br>No:6013<br>Hex coord:(51;107),n/a,0,0,0,0,0,0,1,2022-04-23T05:21:44.6127350Z,0
4.27437,101.0651177,Daerah: Perak<br>No:6014<br>Hex coord:(52;107),n/a,0,0,0,0,0,0,1,2022-04-23T05:21:45.3253075Z,0
4.26659,101.0786644,Daerah: Perak<br>No:6015<br>Hex coord:(53;107),n/a,0,0,0,0,0,0,1,2022-04-23T05:21:46.0605137Z,0
4.27437,101.0922111,Daerah: Perak<br>No:6016<br>Hex coord:(54;107),n/a,0,0,0,0,0,0,1,2022-04-23T05:21:46.8084305Z,0
4.26659,101.1057578,Daerah: Perak<br>No:6017<br>Hex coord:(55;107),n/a,0,0,0,0,0,0,1,2022-04-23T05:21:47.5542208Z,0
4.27437,101.1193045,Daerah: Perak<br>No:6018<br>Hex coord:(56;107),n/a,0,0,0,0,0,0,1,2022-04-23T05:21:49.2875978Z,0
4.26659,101.1328512,Daerah: Perak<br>No:6019<br>Hex coord:(57;107),n/a,0,0,0,0,0,0,1,2022-04-23T05:21:50.0042267Z,0
4.27437,101.1463979,Daerah: Perak<br>No:6020<br>Hex coord:(58;107),n/a,9 ,0,0,0,0,0,1,2022-04-23T05:21:50.7294658Z,0
4.26659,101.1599446,Daerah: Perak<br>No:6021<br>Hex coord:(59;107),n/a,0,0,0,0,0,0,1,2022-04-23T05:21:51.4494589Z,0
4.27437,101.1734913,Daerah: Perak<br>No:6022<br>Hex coord:(60;107),n/a,0,0,0,0,0,0,1,2022-04-23T05:21:52.2094869Z,0
4.26659,101.187038,Daerah: Perak<br>No:6023<br>Hex coord:(61;107),n/a,0,0,0,0,0,0,1,2022-04-23T05:21:53.9473718Z,0
4.27437,101.2005847,Daerah: Perak<br>No:6024<br>Hex coord:(62;107),n/a,0,0,0,0,0,0,1,2022-04-23T05:21:54.6789054Z,0
4.26659,101.2141314,Daerah: Perak<br>No:6025<br>Hex coord:(63;107),n/a,0,0,0,0,0,0,1,2022-04-23T05:21:56.3994312Z,0
4.27437,101.2276781,Daerah: Perak<br>No:6026<br>Hex coord:(64;107),n/a,0,0,0,0,0,0,1,2022-04-23T05:21:57.1313795Z,0
4.26659,101.2412249,Daerah: Perak<br>No:6027<br>Hex coord:(65;107),n/a,5 ,0,0,0,0,0,1,2022-04-23T05:21:57.8673148Z,0
4.27437,101.2547716,Daerah: Perak<br>No:6028<br>Hex coord:(66;107),n/a,0,0,0,0,0,0,1,2022-04-23T05:21:58.5867789Z,0
4.26659,101.2683183,Daerah: Perak<br>No:6029<br>Hex coord:(67;107),n/a,0,0,0,0,0,0,1,2022-04-23T05:21:59.3124298Z,0
4.27437,101.281865,Daerah: Perak<br>No:6030<br>Hex coord:(68;107),n/a,0,0,0,0,0,0,1,2022-04-23T05:22:00.0465312Z,0
4.26659,101.2954117,Daerah: Perak<br>No:6031<br>Hex coord:(69;107),n/a,0,0,0,0,0,0,1,2022-04-23T05:22:00.7775454Z,0
4.27437,101.3089584,Daerah: Perak<br>No:6032<br>Hex coord:(70;107),n/a,0,0,0,0,0,0,1,2022-04-23T05:22:01.5214546Z,0
4.26659,101.3225051,Daerah: Perak<br>No:6033<br>Hex coord:(71;107),n/a,0,0,0,0,0,0,1,2022-04-23T05:22:02.2540453Z,0
4.27437,101.3360518,Daerah: Perak<br>No:6034<br>Hex coord:(72;107),n/a,0,0,0,0,0,0,1,2022-04-23T05:22:02.9830386Z,0
4.26659,101.3495985,Daerah: Perak<br>No:6035<br>Hex coord:(73;107),n/a,0,0,0,0,0,0,1,2022-04-23T05:22:03.7139632Z,0
4.27437,101.3631452,Daerah: Perak<br>No:6036<br>Hex coord:(74;107),n/a,0,0,0,0,0,0,1,2022-04-23T05:22:04.4474985Z,0
4.26659,101.3766919,Daerah: Perak<br>No:6037<br>Hex coord:(75;107),n/a,0,0,0,0,0,0,1,2022-04-23T05:22:05.1800545Z,0
4.27437,101.3902386,Daerah: Perak<br>No:6038<br>Hex coord:(76;107),n/a,0,0,0,0,0,0,1,2022-04-23T05:22:05.9208798Z,0
4.26659,101.4037853,Daerah: Perak<br>No:6039<br>Hex coord:(77;107),n/a,0,0,0,0,0,0,1,2022-04-23T05:22:06.7628735Z,0
4.27437,101.417332,Daerah: Perak<br>No:6040<br>Hex coord:(78;107),n/a,0,0,0,0,0,0,1,2022-04-23T05:22:07.4922797Z,0
4.26659,101.4308787,Daerah: Perak<br>No:6041<br>Hex coord:(79;107),n/a,0,0,0,0,0,0,1,2022-04-23T05:22:09.2120741Z,0
4.27437,101.4444254,Daerah: Perak<br>No:6042<br>Hex coord:(80;107),n/a,0,0,0,0,0,0,1,2022-04-23T05:22:09.9385427Z,0
4.25881,100.5503429,Daerah: Perak<br>No:6043<br>Hex coord:(14;108),n/a,0,0,0,0,0,0,1,2022-04-23T05:22:10.6802242Z,0
4.25103,100.5638896,Daerah: Perak<br>No:6044<br>Hex coord:(15;108),n/a,0,0,0,0,0,0,1,2022-04-23T05:22:11.4108918Z,0
4.25881,100.6045297,Daerah: Perak<br>No:6045<br>Hex coord:(18;108),n/a,0,0,0,0,0,0,1,2022-04-23T05:22:12.1272776Z,0
4.25103,100.6180764,Daerah: Perak<br>No:6046<br>Hex coord:(19;108),n/a,1 ,0,0,0,0,0,1,2022-04-23T05:22:12.8702886Z,0
4.25881,100.6316231,Daerah: Perak<br>No:6047<br>Hex coord:(20;108),n/a,0,0,0,0,0,0,1,2022-04-23T05:22:13.6142067Z,0
4.25103,100.6451698,Daerah: Perak<br>No:6048<br>Hex coord:(21;108),n/a,0,0,0,0,0,0,1,2022-04-23T05:22:14.3304882Z,0
4.25881,100.6587165,Daerah: Perak<br>No:6049<br>Hex coord:(22;108),n/a,0,0,0,0,0,0,1,2022-04-23T05:22:15.0569216Z,0
4.25103,100.6722632,Daerah: Perak<br>No:6050<br>Hex coord:(23;108),n/a,0,0,0,0,0,0,1,2022-04-23T05:22:15.7936815Z,0
4.25881,100.6858099,Daerah: Perak<br>No:6051<br>Hex coord:(24;108),n/a,0,0,0,0,0,0,1,2022-04-23T05:22:16.5264492Z,0
4.25103,100.6993566,Daerah: Perak<br>No:6052<br>Hex coord:(25;108),n/a,0,0,0,0,0,0,1,2022-04-23T05:22:17.2591294Z,0
4.25881,100.7129033,Daerah: Perak<br>No:6053<br>Hex coord:(26;108),n/a,0,0,0,0,0,0,1,2022-04-23T05:22:17.9895221Z,0
4.25103,100.72645,Daerah: Perak<br>No:6054<br>Hex coord:(27;108),n/a,0,0,0,0,0,0,1,2022-04-23T05:22:18.7187882Z,0
4.25881,100.7399968,Daerah: Perak<br>No:6055<br>Hex coord:(28;108),n/a,0,0,0,0,0,0,1,2022-04-23T05:22:19.4724664Z,0
4.25103,100.7535435,Daerah: Perak<br>No:6056<br>Hex coord:(29;108),n/a,0,0,0,0,0,0,1,2022-04-23T05:22:20.2004963Z,0
4.25881,100.7670902,Daerah: Perak<br>No:6057<br>Hex coord:(30;108),n/a,0,0,0,0,0,0,1,2022-04-23T05:22:20.9243894Z,0
4.25103,100.7806369,Daerah: Perak<br>No:6058<br>Hex coord:(31;108),n/a,0,0,0,0,0,0,1,2022-04-23T05:22:21.6470085Z,0
4.25881,100.7941836,Daerah: Perak<br>No:6059<br>Hex coord:(32;108),n/a,0,0,0,0,0,0,1,2022-04-23T05:22:22.3883698Z,0
4.25103,100.8077303,Daerah: Perak<br>No:6060<br>Hex coord:(33;108),n/a,0,0,0,0,0,0,1,2022-04-23T05:22:23.1242857Z,0
4.25881,100.821277,Daerah: Perak<br>No:6061<br>Hex coord:(34;108),n/a,0,0,0,0,0,0,1,2022-04-23T05:22:23.8613532Z,0
4.25103,100.8348237,Daerah: Perak<br>No:6062<br>Hex coord:(35;108),n/a,0,0,0,0,0,0,1,2022-04-23T05:22:24.5893728Z,0
4.25881,100.8483704,Daerah: Perak<br>No:6063<br>Hex coord:(36;108),n/a,0,0,0,0,0,0,1,2022-04-23T05:22:25.3103996Z,0
4.25103,100.8619171,Daerah: Perak<br>No:6064<br>Hex coord:(37;108),n/a,0,0,0,0,0,0,1,2022-04-23T05:22:26.0430157Z,0
4.25881,100.8754638,Daerah: Perak<br>No:6065<br>Hex coord:(38;108),n/a,0,0,0,0,0,0,1,2022-04-23T05:22:26.8010555Z,0
4.25103,100.8890105,Daerah: Perak<br>No:6066<br>Hex coord:(39;108),n/a,1 ,0,0,0,0,0,1,2022-04-23T05:22:27.5337176Z,0
4.25881,100.9025572,Daerah: Perak<br>No:6067<br>Hex coord:(40;108),n/a,1 ,0,0,0,0,0,1,2022-04-23T05:22:28.2474911Z,0
4.25103,100.9161039,Daerah: Perak<br>No:6068<br>Hex coord:(41;108),n/a,1 ,0,0,0,0,0,1,2022-04-23T05:22:28.9850030Z,0
4.25881,100.9296506,Daerah: Perak<br>No:6069<br>Hex coord:(42;108),n/a,0,0,0,0,0,0,1,2022-04-23T05:22:29.7057477Z,0
4.25103,100.9431973,Daerah: Perak<br>No:6070<br>Hex coord:(43;108),n/a,1 ,0,0,0,0,0,1,2022-04-23T05:22:30.4380732Z,0
4.25881,100.956744,Daerah: Perak<br>No:6071<br>Hex coord:(44;108),n/a,0,0,0,0,0,0,1,2022-04-23T05:22:31.1700963Z,0
4.25103,100.9702907,Daerah: Perak<br>No:6072<br>Hex coord:(45;108),n/a,0,0,0,0,0,0,1,2022-04-23T05:22:31.8921682Z,0
4.25881,100.9838374,Daerah: Perak<br>No:6073<br>Hex coord:(46;108),n/a,0,0,0,0,0,0,1,2022-04-23T05:22:32.6249970Z,0
4.25103,100.9973842,Daerah: Perak<br>No:6074<br>Hex coord:(47;108),n/a,0,0,0,0,0,0,1,2022-04-23T05:22:33.4089951Z,0
4.25881,101.0109309,Daerah: Perak<br>No:6075<br>Hex coord:(48;108),n/a,0,0,0,0,0,0,1,2022-04-23T05:22:34.1422276Z,0
4.25103,101.0244776,Daerah: Perak<br>No:6076<br>Hex coord:(49;108),n/a,1 ,0,0,0,0,0,1,2022-04-23T05:22:34.8676082Z,0
4.25881,101.0380243,Daerah: Perak<br>No:6077<br>Hex coord:(50;108),n/a,0,0,0,0,0,0,1,2022-04-23T05:22:35.5847468Z,0
4.25103,101.051571,Daerah: Perak<br>No:6078<br>Hex coord:(51;108),n/a,0,0,0,0,0,0,1,2022-04-23T05:22:36.3043553Z,0
4.25881,101.0651177,Daerah: Perak<br>No:6079<br>Hex coord:(52;108),n/a,0,0,0,0,0,0,1,2022-04-23T05:22:37.0276536Z,0
4.25103,101.0786644,Daerah: Perak<br>No:6080<br>Hex coord:(53;108),n/a,0,0,0,0,0,0,1,2022-04-23T05:22:37.7604071Z,0
4.25881,101.0922111,Daerah: Perak<br>No:6081<br>Hex coord:(54;108),n/a,0,0,0,0,0,0,1,2022-04-23T05:22:38.4899142Z,0
4.25103,101.1057578,Daerah: Perak<br>No:6082<br>Hex coord:(55;108),n/a,0,0,0,0,0,0,1,2022-04-23T05:22:39.2200353Z,0
4.25881,101.1193045,Daerah: Perak<br>No:6083<br>Hex coord:(56;108),n/a,0,0,0,0,0,0,1,2022-04-23T05:22:39.9527847Z,0
4.25103,101.1328512,Daerah: Perak<br>No:6084<br>Hex coord:(57;108),n/a,0,0,0,0,0,0,1,2022-04-23T05:22:40.6760501Z,0
4.25881,101.1463979,Daerah: Perak<br>No:6085<br>Hex coord:(58;108),n/a,4 ,0,0,0,0,0,1,2022-04-23T05:22:41.3980993Z,0
4.25103,101.1599446,Daerah: Perak<br>No:6086<br>Hex coord:(59;108),n/a,1 ,0,0,0,0,0,1,2022-04-23T05:22:42.1249504Z,0
4.25881,101.1734913,Daerah: Perak<br>No:6087<br>Hex coord:(60;108),n/a,0,0,0,0,0,0,1,2022-04-23T05:22:42.8601227Z,0
4.25103,101.187038,Daerah: Perak<br>No:6088<br>Hex coord:(61;108),n/a,0,0,0,0,0,0,1,2022-04-23T05:22:43.6143414Z,0
4.25881,101.2005847,Daerah: Perak<br>No:6089<br>Hex coord:(62;108),n/a,0,0,0,0,0,0,1,2022-04-23T05:22:44.3495143Z,0
4.25103,101.2141314,Daerah: Perak<br>No:6090<br>Hex coord:(63;108),n/a,0,0,0,0,0,0,1,2022-04-23T05:22:45.0703534Z,0
4.25881,101.2276781,Daerah: Perak<br>No:6091<br>Hex coord:(64;108),n/a,0,0,0,0,0,0,1,2022-04-23T05:22:45.7900529Z,0
4.25103,101.2412249,Daerah: Perak<br>No:6092<br>Hex coord:(65;108),n/a,0,0,0,0,0,0,1,2022-04-23T05:22:46.5085299Z,0
4.25881,101.2547716,Daerah: Perak<br>No:6093<br>Hex coord:(66;108),n/a,0,0,0,0,0,0,1,2022-04-23T05:22:47.2377068Z,0
4.25103,101.2683183,Daerah: Perak<br>No:6094<br>Hex coord:(67;108),n/a,0,0,0,0,0,0,1,2022-04-23T05:22:47.9669326Z,0
4.25881,101.281865,Daerah: Perak<br>No:6095<br>Hex coord:(68;108),n/a,0,0,0,0,0,0,1,2022-04-23T05:22:48.6878107Z,0
4.25103,101.2954117,Daerah: Perak<br>No:6096<br>Hex coord:(69;108),n/a,0,0,0,0,0,0,1,2022-04-23T05:22:49.4408092Z,0
4.25881,101.3089584,Daerah: Perak<br>No:6097<br>Hex coord:(70;108),n/a,0,0,0,0,0,0,1,2022-04-23T05:22:50.1594802Z,0
4.25103,101.3225051,Daerah: Perak<br>No:6098<br>Hex coord:(71;108),n/a,0,0,0,0,0,0,1,2022-04-23T05:22:50.9112555Z,0
4.25881,101.3360518,Daerah: Perak<br>No:6099<br>Hex coord:(72;108),n/a,0,0,0,0,0,0,1,2022-04-23T05:22:51.6392074Z,0
4.25103,101.3495985,Daerah: Perak<br>No:6100<br>Hex coord:(73;108),n/a,0,0,0,0,0,0,1,2022-04-23T05:22:52.3660475Z,0
4.25881,101.3631452,Daerah: Perak<br>No:6101<br>Hex coord:(74;108),n/a,0,0,0,0,0,0,1,2022-04-23T05:22:53.2395844Z,0
4.25103,101.3766919,Daerah: Perak<br>No:6102<br>Hex coord:(75;108),n/a,0,0,0,0,0,0,1,2022-04-23T05:22:53.9559605Z,0
4.25881,101.3902386,Daerah: Perak<br>No:6103<br>Hex coord:(76;108),n/a,0,0,0,0,0,0,1,2022-04-23T05:22:54.6658356Z,0
4.25103,101.4037853,Daerah: Perak<br>No:6104<br>Hex coord:(77;108),n/a,0,0,0,0,0,0,1,2022-04-23T05:22:55.4000882Z,0
4.25881,101.417332,Daerah: Perak<br>No:6105<br>Hex coord:(78;108),n/a,0,0,0,0,0,0,1,2022-04-23T05:22:56.1432952Z,0
4.25103,101.4308787,Daerah: Perak<br>No:6106<br>Hex coord:(79;108),n/a,0,0,0,0,0,0,1,2022-04-23T05:22:57.8662040Z,0
4.25881,101.4444254,Daerah: Perak<br>No:6107<br>Hex coord:(80;108),n/a,0,0,0,0,0,0,1,2022-04-23T05:22:58.5810705Z,0
4.25103,101.4579721,Daerah: Perak<br>No:6108<br>Hex coord:(81;108),n/a,0,0,0,0,0,0,1,2022-04-23T05:22:59.2995657Z,0
4.24325,100.5503429,Daerah: Perak<br>No:6109<br>Hex coord:(14;109),n/a,0,0,0,0,0,0,1,2022-04-23T05:23:00.0575822Z,0
4.23547,100.5638896,Daerah: Perak<br>No:6110<br>Hex coord:(15;109),n/a,1 ,0,0,0,0,0,1,2022-04-23T05:23:00.8616545Z,0
4.24325,100.6045297,Daerah: Perak<br>No:6111<br>Hex coord:(18;109),n/a,0,0,0,0,0,0,1,2022-04-23T05:23:01.5980485Z,0
4.23547,100.6180764,Daerah: Perak<br>No:6112<br>Hex coord:(19;109),n/a,1 ,0,0,0,0,0,1,2022-04-23T05:23:02.3201911Z,0
4.24325,100.6316231,Daerah: Perak<br>No:6113<br>Hex coord:(20;109),n/a,3 ,0,0,0,0,0,1,2022-04-23T05:23:03.0488873Z,0
4.23547,100.6451698,Daerah: Perak<br>No:6114<br>Hex coord:(21;109),n/a,0,0,0,0,0,0,1,2022-04-23T05:23:03.7743753Z,0
4.24325,100.6587165,Daerah: Perak<br>No:6115<br>Hex coord:(22;109),n/a,0,0,0,0,0,0,1,2022-04-23T05:23:04.4898483Z,0
4.23547,100.6722632,Daerah: Perak<br>No:6116<br>Hex coord:(23;109),n/a,0,0,0,0,0,0,1,2022-04-23T05:23:05.2085623Z,0
4.24325,100.6858099,Daerah: Perak<br>No:6117<br>Hex coord:(24;109),n/a,6 ,0,0,0,0,0,1,2022-04-23T05:23:05.9256095Z,0
4.23547,100.6993566,Daerah: Perak<br>No:6118<br>Hex coord:(25;109),n/a,7 ,0,0,0,0,0,1,2022-04-23T05:23:06.6527043Z,0
4.24325,100.7129033,Daerah: Perak<br>No:6119<br>Hex coord:(26;109),n/a,2 ,0,0,0,0,0,1,2022-04-23T05:23:07.3864239Z,0
4.23547,100.72645,Daerah: Perak<br>No:6120<br>Hex coord:(27;109),n/a,0,0,0,0,0,0,1,2022-04-23T05:23:08.1072306Z,0
4.24325,100.7399968,Daerah: Perak<br>No:6121<br>Hex coord:(28;109),n/a,1 ,0,0,0,0,0,1,2022-04-23T05:23:08.8353194Z,0
4.23547,100.7535435,Daerah: Perak<br>No:6122<br>Hex coord:(29;109),n/a,0,0,0,0,0,0,1,2022-04-23T05:23:09.5962754Z,0
4.24325,100.7670902,Daerah: Perak<br>No:6123<br>Hex coord:(30;109),n/a,0,0,0,0,0,0,1,2022-04-23T05:23:10.3425502Z,0
4.23547,100.7806369,Daerah: Perak<br>No:6124<br>Hex coord:(31;109),n/a,0,0,0,0,0,0,1,2022-04-23T05:23:11.0683294Z,0
4.24325,100.7941836,Daerah: Perak<br>No:6125<br>Hex coord:(32;109),n/a,0,0,0,0,0,0,1,2022-04-23T05:23:11.7941160Z,0
4.23547,100.8077303,Daerah: Perak<br>No:6126<br>Hex coord:(33;109),n/a,0,0,0,0,0,0,1,2022-04-23T05:23:12.5244807Z,0
4.24325,100.821277,Daerah: Perak<br>No:6127<br>Hex coord:(34;109),n/a,0,0,0,0,0,0,1,2022-04-23T05:23:13.2367380Z,0
4.23547,100.8348237,Daerah: Perak<br>No:6128<br>Hex coord:(35;109),n/a,0,0,0,0,0,0,1,2022-04-23T05:23:13.9433568Z,0
4.24325,100.8483704,Daerah: Perak<br>No:6129<br>Hex coord:(36;109),n/a,0,0,0,0,0,0,1,2022-04-23T05:23:14.6629930Z,0
4.23547,100.8619171,Daerah: Perak<br>No:6130<br>Hex coord:(37;109),n/a,0,0,0,0,0,0,1,2022-04-23T05:23:15.3886507Z,0
4.24325,100.8754638,Daerah: Perak<br>No:6131<br>Hex coord:(38;109),n/a,0,0,0,0,0,0,1,2022-04-23T05:23:16.2561128Z,0
4.23547,100.8890105,Daerah: Perak<br>No:6132<br>Hex coord:(39;109),n/a,0,0,0,0,0,0,1,2022-04-23T05:23:17.0138886Z,0
4.24325,100.9025572,Daerah: Perak<br>No:6133<br>Hex coord:(40;109),n/a,0,0,0,0,0,0,1,2022-04-23T05:23:17.7347260Z,0
4.23547,100.9161039,Daerah: Perak<br>No:6134<br>Hex coord:(41;109),n/a,1 ,0,0,0,0,0,1,2022-04-23T05:23:18.6321206Z,0
4.24325,100.9296506,Daerah: Perak<br>No:6135<br>Hex coord:(42;109),n/a,0,0,0,0,0,0,1,2022-04-23T05:23:19.3468651Z,0
4.23547,100.9431973,Daerah: Perak<br>No:6136<br>Hex coord:(43;109),n/a,0,0,0,0,0,0,1,2022-04-23T05:23:20.0605860Z,0
4.24325,100.956744,Daerah: Perak<br>No:6137<br>Hex coord:(44;109),n/a,0,0,0,0,0,0,1,2022-04-23T05:23:20.7948010Z,0
4.23547,100.9702907,Daerah: Perak<br>No:6138<br>Hex coord:(45;109),n/a,0,0,0,0,0,0,1,2022-04-23T05:23:21.5170408Z,0
4.24325,100.9838374,Daerah: Perak<br>No:6139<br>Hex coord:(46;109),n/a,0,0,0,0,0,0,1,2022-04-23T05:23:22.2387102Z,0
4.23547,100.9973842,Daerah: Perak<br>No:6140<br>Hex coord:(47;109),n/a,0,0,0,0,0,0,1,2022-04-23T05:23:22.9547885Z,0
4.24325,101.0109309,Daerah: Perak<br>No:6141<br>Hex coord:(48;109),n/a,0,0,0,0,0,0,1,2022-04-23T05:23:23.6723837Z,0
4.23547,101.0244776,Daerah: Perak<br>No:6142<br>Hex coord:(49;109),n/a,0,0,0,0,0,0,1,2022-04-23T05:23:24.4000067Z,0
4.24325,101.0380243,Daerah: Perak<br>No:6143<br>Hex coord:(50;109),n/a,0,0,0,0,0,0,1,2022-04-23T05:23:25.1281064Z,0
4.23547,101.051571,Daerah: Perak<br>No:6144<br>Hex coord:(51;109),n/a,0,0,0,0,0,0,1,2022-04-23T05:23:25.8442401Z,0
4.24325,101.0651177,Daerah: Perak<br>No:6145<br>Hex coord:(52;109),n/a,0,0,0,0,0,0,1,2022-04-23T05:23:26.5556124Z,0
4.23547,101.0786644,Daerah: Perak<br>No:6146<br>Hex coord:(53;109),n/a,0,0,0,0,0,0,1,2022-04-23T05:23:27.2871947Z,0
4.24325,101.0922111,Daerah: Perak<br>No:6147<br>Hex coord:(54;109),n/a,0,0,0,0,0,0,1,2022-04-23T05:23:28.0013338Z,0
4.23547,101.1057578,Daerah: Perak<br>No:6148<br>Hex coord:(55;109),n/a,0,0,0,0,0,0,1,2022-04-23T05:23:28.7336325Z,0
4.24325,101.1193045,Daerah: Perak<br>No:6149<br>Hex coord:(56;109),n/a,0,0,0,0,0,0,1,2022-04-23T05:23:29.4604889Z,0
4.23547,101.1328512,Daerah: Perak<br>No:6150<br>Hex coord:(57;109),n/a,0,0,0,0,0,0,1,2022-04-23T05:23:30.1811660Z,0
4.24325,101.1463979,Daerah: Perak<br>No:6151<br>Hex coord:(58;109),n/a,1 ,0,0,0,0,0,1,2022-04-23T05:23:30.9568548Z,0
4.23547,101.1599446,Daerah: Perak<br>No:6152<br>Hex coord:(59;109),n/a,1 ,0,0,0,0,0,1,2022-04-23T05:23:31.6813552Z,0
4.24325,101.1734913,Daerah: Perak<br>No:6153<br>Hex coord:(60;109),n/a,1 ,0,0,0,0,0,1,2022-04-23T05:23:32.4071052Z,0
4.23547,101.187038,Daerah: Perak<br>No:6154<br>Hex coord:(61;109),n/a,1 ,0,0,0,0,0,1,2022-04-23T05:23:33.1362054Z,0
4.24325,101.2005847,Daerah: Perak<br>No:6155<br>Hex coord:(62;109),n/a,1 ,0,0,0,0,0,1,2022-04-23T05:23:33.9873341Z,0
4.23547,101.2141314,Daerah: Perak<br>No:6156<br>Hex coord:(63;109),n/a,1 ,0,0,0,0,0,1,2022-04-23T05:23:34.7212227Z,0
4.24325,101.2276781,Daerah: Perak<br>No:6157<br>Hex coord:(64;109),n/a,0,0,0,0,0,0,1,2022-04-23T05:23:35.4465156Z,0
4.23547,101.2412249,Daerah: Perak<br>No:6158<br>Hex coord:(65;109),n/a,0,0,0,0,0,0,1,2022-04-23T05:23:36.1605015Z,0
4.24325,101.2547716,Daerah: Perak<br>No:6159<br>Hex coord:(66;109),n/a,0,0,0,0,0,0,1,2022-04-23T05:23:36.8802720Z,0
4.23547,101.2683183,Daerah: Perak<br>No:6160<br>Hex coord:(67;109),n/a,0,0,0,0,0,0,1,2022-04-23T05:23:37.6008242Z,0
4.24325,101.281865,Daerah: Perak<br>No:6161<br>Hex coord:(68;109),n/a,0,0,0,0,0,0,1,2022-04-23T05:23:38.3204880Z,0
4.23547,101.2954117,Daerah: Perak<br>No:6162<br>Hex coord:(69;109),n/a,0,0,0,0,0,0,1,2022-04-23T05:23:39.0461014Z,0
4.24325,101.3089584,Daerah: Perak<br>No:6163<br>Hex coord:(70;109),n/a,0,0,0,0,0,0,1,2022-04-23T05:23:39.7776974Z,0
4.23547,101.3225051,Daerah: Perak<br>No:6164<br>Hex coord:(71;109),n/a,1 ,0,0,0,0,0,1,2022-04-23T05:23:40.5057283Z,0
4.24325,101.3360518,Daerah: Perak<br>No:6165<br>Hex coord:(72;109),n/a,0,0,0,0,0,0,1,2022-04-23T05:23:41.2575157Z,0
4.23547,101.3495985,Daerah: Perak<br>No:6166<br>Hex coord:(73;109),n/a,0,0,0,0,0,0,1,2022-04-23T05:23:41.9998640Z,0
4.24325,101.3631452,Daerah: Perak<br>No:6167<br>Hex coord:(74;109),n/a,0,0,0,0,0,0,1,2022-04-23T05:23:42.7218766Z,0
4.23547,101.3766919,Daerah: Perak<br>No:6168<br>Hex coord:(75;109),n/a,0,0,0,0,0,0,1,2022-04-23T05:23:43.4350192Z,0
4.24325,101.3902386,Daerah: Perak<br>No:6169<br>Hex coord:(76;109),n/a,0,0,0,0,0,0,1,2022-04-23T05:23:44.1624863Z,0
4.23547,101.4037853,Daerah: Perak<br>No:6170<br>Hex coord:(77;109),n/a,0,0,0,0,0,0,1,2022-04-23T05:23:44.9061090Z,0
4.24325,101.417332,Daerah: Perak<br>No:6171<br>Hex coord:(78;109),n/a,0,0,0,0,0,0,1,2022-04-23T05:23:45.6399040Z,0
4.23547,101.4308787,Daerah: Perak<br>No:6172<br>Hex coord:(79;109),n/a,0,0,0,0,0,0,1,2022-04-23T05:23:46.3763222Z,0
4.24325,101.4444254,Daerah: Perak<br>No:6173<br>Hex coord:(80;109),n/a,0,0,0,0,0,0,1,2022-04-23T05:23:47.1103039Z,0
4.22769,100.5503429,Daerah: Perak<br>No:6174<br>Hex coord:(14;110),n/a,2 ,0,0,0,0,0,1,2022-04-23T05:23:47.8371319Z,0
4.21991,100.5638896,Daerah: Perak<br>No:6175<br>Hex coord:(15;110),n/a,0,0,0,0,0,0,1,2022-04-23T05:23:48.6342803Z,0
4.22769,100.6045297,Daerah: Perak<br>No:6176<br>Hex coord:(18;110),n/a,1 ,0,0,0,0,0,1,2022-04-23T05:23:49.3729989Z,0
4.21991,100.6180764,Daerah: Perak<br>No:6177<br>Hex coord:(19;110),n/a,0,0,0,0,0,0,1,2022-04-23T05:23:50.0973699Z,0
4.22769,100.6316231,Daerah: Perak<br>No:6178<br>Hex coord:(20;110),n/a,3 ,0,0,0,0,0,1,2022-04-23T05:23:50.8241598Z,0
4.21991,100.6451698,Daerah: Perak<br>No:6179<br>Hex coord:(21;110),n/a,2 ,0,0,0,0,0,1,2022-04-23T05:23:51.5643993Z,0
4.22769,100.6587165,Daerah: Perak<br>No:6180<br>Hex coord:(22;110),n/a,0,0,0,0,0,0,1,2022-04-23T05:23:52.2755895Z,0
4.21991,100.6722632,Daerah: Perak<br>No:6181<br>Hex coord:(23;110),n/a,4 ,0,0,0,0,0,1,2022-04-23T05:23:53.1869629Z,0
4.22769,100.6858099,Daerah: Perak<br>No:6182<br>Hex coord:(24;110),n/a,5 ,0,0,0,0,0,1,2022-04-23T05:23:53.9198319Z,0
4.21991,100.6993566,Daerah: Perak<br>No:6183<br>Hex coord:(25;110),n/a,47 ,0,0,0,0,0,1,2022-04-23T05:23:54.6764180Z,0
4.22769,100.7129033,Daerah: Perak<br>No:6184<br>Hex coord:(26;110),n/a,3 ,0,0,0,0,0,1,2022-04-23T05:23:55.5367360Z,0
4.21991,100.72645,Daerah: Perak<br>No:6185<br>Hex coord:(27;110),n/a,0,0,0,0,0,0,1,2022-04-23T05:23:56.2670739Z,0
4.22769,100.7399968,Daerah: Perak<br>No:6186<br>Hex coord:(28;110),n/a,2 ,0,0,0,0,0,1,2022-04-23T05:23:56.9891744Z,0
4.21991,100.7535435,Daerah: Perak<br>No:6187<br>Hex coord:(29;110),n/a,0,0,0,0,0,0,1,2022-04-23T05:23:57.7159686Z,0
4.22769,100.7670902,Daerah: Perak<br>No:6188<br>Hex coord:(30;110),n/a,0,0,0,0,0,0,1,2022-04-23T05:23:58.4904294Z,0
4.21991,100.7806369,Daerah: Perak<br>No:6189<br>Hex coord:(31;110),n/a,10 ,0,0,0,0,0,1,2022-04-23T05:23:59.2494966Z,0
4.22769,100.7941836,Daerah: Perak<br>No:6190<br>Hex coord:(32;110),n/a,0,0,0,0,0,0,1,2022-04-23T05:23:59.9727150Z,0
4.21991,100.8077303,Daerah: Perak<br>No:6191<br>Hex coord:(33;110),n/a,0,0,0,0,0,0,1,2022-04-23T05:24:00.7045865Z,0
4.22769,100.821277,Daerah: Perak<br>No:6192<br>Hex coord:(34;110),n/a,0,0,0,0,0,0,1,2022-04-23T05:24:01.4394967Z,0
4.21991,100.8348237,Daerah: Perak<br>No:6193<br>Hex coord:(35;110),n/a,0,0,0,0,0,0,1,2022-04-23T05:24:02.1722821Z,0
4.22769,100.8483704,Daerah: Perak<br>No:6194<br>Hex coord:(36;110),n/a,0,0,0,0,0,0,1,2022-04-23T05:24:02.8943043Z,0
4.21991,100.8619171,Daerah: Perak<br>No:6195<br>Hex coord:(37;110),n/a,0,0,0,0,0,0,1,2022-04-23T05:24:03.6201464Z,0
4.22769,100.8754638,Daerah: Perak<br>No:6196<br>Hex coord:(38;110),n/a,0,0,0,0,0,0,1,2022-04-23T05:24:04.3444057Z,0
4.21991,100.8890105,Daerah: Perak<br>No:6197<br>Hex coord:(39;110),n/a,0,0,0,0,0,0,1,2022-04-23T05:24:05.0593148Z,0
4.22769,100.9025572,Daerah: Perak<br>No:6198<br>Hex coord:(40;110),n/a,0,0,0,0,0,0,1,2022-04-23T05:24:05.7896946Z,0
4.21991,100.9161039,Daerah: Perak<br>No:6199<br>Hex coord:(41;110),n/a,0,0,0,0,0,0,1,2022-04-23T05:24:06.5164726Z,0
4.22769,100.9296506,Daerah: Perak<br>No:6200<br>Hex coord:(42;110),n/a,1 ,0,0,0,0,0,1,2022-04-23T05:24:07.2436461Z,0
4.21991,100.9431973,Daerah: Perak<br>No:6201<br>Hex coord:(43;110),n/a,0,0,0,0,0,0,1,2022-04-23T05:24:08.1740274Z,0
4.22769,100.956744,Daerah: Perak<br>No:6202<br>Hex coord:(44;110),n/a,0,0,0,0,0,0,1,2022-04-23T05:24:08.9106503Z,0
4.21991,100.9702907,Daerah: Perak<br>No:6203<br>Hex coord:(45;110),n/a,0,0,0,0,0,0,1,2022-04-23T05:24:09.6336565Z,0
4.22769,100.9838374,Daerah: Perak<br>No:6204<br>Hex coord:(46;110),n/a,0,0,0,0,0,0,1,2022-04-23T05:24:10.3687012Z,0
4.21991,100.9973842,Daerah: Perak<br>No:6205<br>Hex coord:(47;110),n/a,1 ,0,0,0,0,0,1,2022-04-23T05:24:11.0955217Z,0
4.22769,101.0109309,Daerah: Perak<br>No:6206<br>Hex coord:(48;110),n/a,0,0,0,0,0,0,1,2022-04-23T05:24:11.8188319Z,0
4.21991,101.0244776,Daerah: Perak<br>No:6207<br>Hex coord:(49;110),n/a,0,0,0,0,0,0,1,2022-04-23T05:24:12.5433979Z,0
4.22769,101.0380243,Daerah: Perak<br>No:6208<br>Hex coord:(50;110),n/a,0,0,0,0,0,0,1,2022-04-23T05:24:13.2647258Z,0
4.21991,101.051571,Daerah: Perak<br>No:6209<br>Hex coord:(51;110),n/a,0,0,0,0,0,0,1,2022-04-23T05:24:13.9947887Z,0
4.22769,101.0651177,Daerah: Perak<br>No:6210<br>Hex coord:(52;110),n/a,0,0,0,0,0,0,1,2022-04-23T05:24:14.7387333Z,0
4.21991,101.0786644,Daerah: Perak<br>No:6211<br>Hex coord:(53;110),n/a,1 ,0,0,0,0,0,1,2022-04-23T05:24:15.4649918Z,0
4.22769,101.0922111,Daerah: Perak<br>No:6212<br>Hex coord:(54;110),n/a,0,0,0,0,0,0,1,2022-04-23T05:24:16.2203802Z,0
4.21991,101.1057578,Daerah: Perak<br>No:6213<br>Hex coord:(55;110),n/a,0,0,0,0,0,0,1,2022-04-23T05:24:16.9448389Z,0
4.22769,101.1193045,Daerah: Perak<br>No:6214<br>Hex coord:(56;110),n/a,0,0,0,0,0,0,1,2022-04-23T05:24:17.6704827Z,0
4.21991,101.1328512,Daerah: Perak<br>No:6215<br>Hex coord:(57;110),n/a,0,0,0,0,0,0,1,2022-04-23T05:24:18.3854054Z,0
4.22769,101.1463979,Daerah: Perak<br>No:6216<br>Hex coord:(58;110),n/a,1 ,0,0,0,0,0,1,2022-04-23T05:24:19.1192868Z,0
4.21991,101.1599446,Daerah: Perak<br>No:6217<br>Hex coord:(59;110),n/a,0,0,0,0,0,0,1,2022-04-23T05:24:19.8476338Z,0
4.22769,101.1734913,Daerah: Perak<br>No:6218<br>Hex coord:(60;110),n/a,0,0,0,0,0,0,1,2022-04-23T05:24:20.5812805Z,0
4.21991,101.187038,Daerah: Perak<br>No:6219<br>Hex coord:(61;110),n/a,0,0,0,0,0,0,1,2022-04-23T05:24:21.3081405Z,0
4.22769,101.2005847,Daerah: Perak<br>No:6220<br>Hex coord:(62;110),n/a,0,0,0,0,0,0,1,2022-04-23T05:24:22.0361579Z,0
4.21991,101.2141314,Daerah: Perak<br>No:6221<br>Hex coord:(63;110),n/a,0,0,0,0,0,0,1,2022-04-23T05:24:22.7548523Z,0
4.22769,101.2276781,Daerah: Perak<br>No:6222<br>Hex coord:(64;110),n/a,5 ,0,0,0,0,0,1,2022-04-23T05:24:23.4767741Z,0
4.21991,101.2412249,Daerah: Perak<br>No:6223<br>Hex coord:(65;110),n/a,0,0,0,0,0,0,1,2022-04-23T05:24:24.2035282Z,0
4.22769,101.2547716,Daerah: Perak<br>No:6224<br>Hex coord:(66;110),n/a,0,0,0,0,0,0,1,2022-04-23T05:24:24.9327781Z,0
4.21991,101.2683183,Daerah: Perak<br>No:6225<br>Hex coord:(67;110),n/a,3 ,0,0,0,0,0,1,2022-04-23T05:24:25.6691359Z,0
4.22769,101.281865,Daerah: Perak<br>No:6226<br>Hex coord:(68;110),n/a,0,0,0,0,0,0,1,2022-04-23T05:24:26.4722074Z,0
4.21991,101.2954117,Daerah: Perak<br>No:6227<br>Hex coord:(69;110),n/a,0,0,0,0,0,0,1,2022-04-23T05:24:27.2060404Z,0
4.22769,101.3089584,Daerah: Perak<br>No:6228<br>Hex coord:(70;110),n/a,0,0,0,0,0,0,1,2022-04-23T05:24:28.1319638Z,0
4.21991,101.3225051,Daerah: Perak<br>No:6229<br>Hex coord:(71;110),n/a,0,0,0,0,0,0,1,2022-04-23T05:24:28.8457326Z,0
4.22769,101.3360518,Daerah: Perak<br>No:6230<br>Hex coord:(72;110),n/a,0,0,0,0,0,0,1,2022-04-23T05:24:29.5674172Z,0
4.21991,101.3495985,Daerah: Perak<br>No:6231<br>Hex coord:(73;110),n/a,0,0,0,0,0,0,1,2022-04-23T05:24:31.3157639Z,0
4.22769,101.3631452,Daerah: Perak<br>No:6232<br>Hex coord:(74;110),n/a,0,0,0,0,0,0,1,2022-04-23T05:24:32.0616097Z,0
4.21991,101.3766919,Daerah: Perak<br>No:6233<br>Hex coord:(75;110),n/a,0,0,0,0,0,0,1,2022-04-23T05:24:32.8051377Z,0
4.22769,101.3902386,Daerah: Perak<br>No:6234<br>Hex coord:(76;110),n/a,0,0,0,0,0,0,1,2022-04-23T05:24:33.5426648Z,0
4.21991,101.4037853,Daerah: Perak<br>No:6235<br>Hex coord:(77;110),n/a,0,0,0,0,0,0,1,2022-04-23T05:24:34.2766115Z,0
4.22769,101.417332,Daerah: Perak<br>No:6236<br>Hex coord:(78;110),n/a,0,0,0,0,0,0,1,2022-04-23T05:24:35.0213326Z,0
4.21991,101.4308787,Daerah: Perak<br>No:6237<br>Hex coord:(79;110),n/a,0,0,0,0,0,0,1,2022-04-23T05:24:35.7492333Z,0
4.22769,101.4444254,Daerah: Perak<br>No:6238<br>Hex coord:(80;110),n/a,0,0,0,0,0,0,1,2022-04-23T05:24:36.4665442Z,0
4.20435,100.5638896,Daerah: Perak<br>No:6239<br>Hex coord:(15;111),n/a,1 ,0,0,0,0,0,1,2022-04-23T05:24:37.2052469Z,0
4.20435,100.6180764,Daerah: Perak<br>No:6240<br>Hex coord:(19;111),n/a,5 ,0,0,0,0,0,1,2022-04-23T05:24:37.9561456Z,0
4.21213,100.6316231,Daerah: Perak<br>No:6241<br>Hex coord:(20;111),n/a,7 ,0,0,0,0,0,1,2022-04-23T05:24:38.6780169Z,0
4.20435,100.6451698,Daerah: Perak<br>No:6242<br>Hex coord:(21;111),n/a,5 ,0,0,0,0,0,1,2022-04-23T05:24:39.4026711Z,0
4.21213,100.6587165,Daerah: Perak<br>No:6243<br>Hex coord:(22;111),n/a,30 ,0,0,0,0,0,1,2022-04-23T05:24:40.1495048Z,0
4.20435,100.6722632,Daerah: Perak<br>No:6244<br>Hex coord:(23;111),n/a,20 ,0,0,0,0,0,1,2022-04-23T05:24:40.9049183Z,0
4.21213,100.6858099,Daerah: Perak<br>No:6245<br>Hex coord:(24;111),n/a,28 ,0,0,0,0,0,1,2022-04-23T05:24:41.6388668Z,0
4.20435,100.6993566,Daerah: Perak<br>No:6246<br>Hex coord:(25;111),n/a,37 ,0,0,0,0,0,1,2022-04-23T05:24:42.3645505Z,0
4.21213,100.7129033,Daerah: Perak<br>No:6247<br>Hex coord:(26;111),n/a,3 ,0,0,0,0,0,1,2022-04-23T05:24:43.0878205Z,0
4.20435,100.72645,Daerah: Perak<br>No:6248<br>Hex coord:(27;111),n/a,3 ,0,0,0,0,0,1,2022-04-23T05:24:43.8169816Z,0
4.21213,100.7399968,Daerah: Perak<br>No:6249<br>Hex coord:(28;111),n/a,0,0,0,0,0,0,1,2022-04-23T05:24:44.5295295Z,0
4.20435,100.7535435,Daerah: Perak<br>No:6250<br>Hex coord:(29;111),n/a,0,0,0,0,0,0,1,2022-04-23T05:24:45.2658964Z,0
4.21213,100.7670902,Daerah: Perak<br>No:6251<br>Hex coord:(30;111),n/a,0,0,0,0,0,0,1,2022-04-23T05:24:45.9867860Z,0
4.20435,100.7806369,Daerah: Perak<br>No:6252<br>Hex coord:(31;111),n/a,0,0,0,0,0,0,1,2022-04-23T05:24:46.6992671Z,0
4.21213,100.7941836,Daerah: Perak<br>No:6253<br>Hex coord:(32;111),n/a,1 ,0,0,0,0,0,1,2022-04-23T05:24:47.4272467Z,0
4.20435,100.8077303,Daerah: Perak<br>No:6254<br>Hex coord:(33;111),n/a,0,0,0,0,0,0,1,2022-04-23T05:24:48.1607425Z,0
4.21213,100.821277,Daerah: Perak<br>No:6255<br>Hex coord:(34;111),n/a,0,0,0,0,0,0,1,2022-04-23T05:24:48.8928694Z,0
4.20435,100.8348237,Daerah: Perak<br>No:6256<br>Hex coord:(35;111),n/a,0,0,0,0,0,0,1,2022-04-23T05:24:49.6137684Z,0
4.21213,100.8483704,Daerah: Perak<br>No:6257<br>Hex coord:(36;111),n/a,0,0,0,0,0,0,1,2022-04-23T05:24:50.3465391Z,0
4.20435,100.8619171,Daerah: Perak<br>No:6258<br>Hex coord:(37;111),n/a,0,0,0,0,0,0,1,2022-04-23T05:24:51.0723751Z,0
4.21213,100.8754638,Daerah: Perak<br>No:6259<br>Hex coord:(38;111),n/a,0,0,0,0,0,0,1,2022-04-23T05:24:51.8030426Z,0
4.20435,100.8890105,Daerah: Perak<br>No:6260<br>Hex coord:(39;111),n/a,0,0,0,0,0,0,1,2022-04-23T05:24:52.5288693Z,0
4.21213,100.9025572,Daerah: Perak<br>No:6261<br>Hex coord:(40;111),n/a,0,0,0,0,0,0,1,2022-04-23T05:24:53.2732293Z,0
4.20435,100.9161039,Daerah: Perak<br>No:6262<br>Hex coord:(41;111),n/a,0,0,0,0,0,0,1,2022-04-23T05:24:54.0405352Z,0
4.21213,100.9296506,Daerah: Perak<br>No:6263<br>Hex coord:(42;111),n/a,0,0,0,0,0,0,1,2022-04-23T05:24:54.8019315Z,0
4.20435,100.9431973,Daerah: Perak<br>No:6264<br>Hex coord:(43;111),n/a,0,0,0,0,0,0,1,2022-04-23T05:24:55.5877304Z,0
4.21213,100.956744,Daerah: Perak<br>No:6265<br>Hex coord:(44;111),n/a,0,0,0,0,0,0,1,2022-04-23T05:24:56.3534924Z,0
4.20435,100.9702907,Daerah: Perak<br>No:6266<br>Hex coord:(45;111),n/a,10 ,0,0,0,0,0,1,2022-04-23T05:24:57.0897830Z,0
4.21213,100.9838374,Daerah: Perak<br>No:6267<br>Hex coord:(46;111),n/a,0,0,0,0,0,0,1,2022-04-23T05:24:57.8777944Z,0
4.20435,100.9973842,Daerah: Perak<br>No:6268<br>Hex coord:(47;111),n/a,0,0,0,0,0,0,1,2022-04-23T05:24:59.6646069Z,0
4.21213,101.0109309,Daerah: Perak<br>No:6269<br>Hex coord:(48;111),n/a,0,0,0,0,0,0,1,2022-04-23T05:25:00.4447678Z,0
4.20435,101.0244776,Daerah: Perak<br>No:6270<br>Hex coord:(49;111),n/a,0,0,0,0,0,0,1,2022-04-23T05:25:01.1810911Z,0
4.21213,101.0380243,Daerah: Perak<br>No:6271<br>Hex coord:(50;111),n/a,0,0,0,0,0,0,1,2022-04-23T05:25:01.8888556Z,0
4.20435,101.051571,Daerah: Perak<br>No:6272<br>Hex coord:(51;111),n/a,0,0,0,0,0,0,1,2022-04-23T05:25:02.7110694Z,0
4.21213,101.0651177,Daerah: Perak<br>No:6273<br>Hex coord:(52;111),n/a,0,0,0,0,0,0,1,2022-04-23T05:25:03.4485420Z,0
4.20435,101.0786644,Daerah: Perak<br>No:6274<br>Hex coord:(53;111),n/a,0,0,0,0,0,0,1,2022-04-23T05:25:04.1670322Z,0
4.21213,101.0922111,Daerah: Perak<br>No:6275<br>Hex coord:(54;111),n/a,0,0,0,0,0,0,1,2022-04-23T05:25:04.9366762Z,0
4.20435,101.1057578,Daerah: Perak<br>No:6276<br>Hex coord:(55;111),n/a,0,0,0,0,0,0,1,2022-04-23T05:25:05.6739329Z,0
4.21213,101.1193045,Daerah: Perak<br>No:6277<br>Hex coord:(56;111),n/a,0,0,0,0,0,0,1,2022-04-23T05:25:06.4071047Z,0
4.20435,101.1328512,Daerah: Perak<br>No:6278<br>Hex coord:(57;111),n/a,0,0,0,0,0,0,1,2022-04-23T05:25:07.1303640Z,0
4.21213,101.1463979,Daerah: Perak<br>No:6279<br>Hex coord:(58;111),n/a,1 ,0,0,0,0,0,1,2022-04-23T05:25:07.8571627Z,0
4.20435,101.1599446,Daerah: Perak<br>No:6280<br>Hex coord:(59;111),n/a,0,0,0,0,0,0,1,2022-04-23T05:25:09.5887430Z,0
4.21213,101.1734913,Daerah: Perak<br>No:6281<br>Hex coord:(60;111),n/a,0,0,0,0,0,0,1,2022-04-23T05:25:10.3367176Z,0
4.20435,101.187038,Daerah: Perak<br>No:6282<br>Hex coord:(61;111),n/a,0,0,0,0,0,0,1,2022-04-23T05:25:11.0574873Z,0
4.21213,101.2005847,Daerah: Perak<br>No:6283<br>Hex coord:(62;111),n/a,0,0,0,0,0,0,1,2022-04-23T05:25:11.7950611Z,0
4.20435,101.2141314,Daerah: Perak<br>No:6284<br>Hex coord:(63;111),n/a,0,0,0,0,0,0,1,2022-04-23T05:25:12.5135168Z,0
4.21213,101.2276781,Daerah: Perak<br>No:6285<br>Hex coord:(64;111),n/a,0,0,0,0,0,0,1,2022-04-23T05:25:13.2558444Z,0
4.20435,101.2412249,Daerah: Perak<br>No:6286<br>Hex coord:(65;111),n/a,0,0,0,0,0,0,1,2022-04-23T05:25:13.9695530Z,0
4.21213,101.2547716,Daerah: Perak<br>No:6287<br>Hex coord:(66;111),n/a,4 ,0,0,0,0,0,1,2022-04-23T05:25:14.6999528Z,0
4.20435,101.2683183,Daerah: Perak<br>No:6288<br>Hex coord:(67;111),n/a,18 ,0,0,0,0,0,1,2022-04-23T05:25:16.4346568Z,0
4.21213,101.281865,Daerah: Perak<br>No:6289<br>Hex coord:(68;111),n/a,4 ,0,0,0,0,0,1,2022-04-23T05:25:17.1757233Z,0
4.20435,101.2954117,Daerah: Perak<br>No:6290<br>Hex coord:(69;111),n/a,0,0,0,0,0,0,1,2022-04-23T05:25:17.9027789Z,0
4.21213,101.3089584,Daerah: Perak<br>No:6291<br>Hex coord:(70;111),n/a,0,0,0,0,0,0,1,2022-04-23T05:25:18.6260108Z,0
4.20435,101.3225051,Daerah: Perak<br>No:6292<br>Hex coord:(71;111),n/a,0,0,0,0,0,0,1,2022-04-23T05:25:19.3565653Z,0
4.21213,101.3360518,Daerah: Perak<br>No:6293<br>Hex coord:(72;111),n/a,0,0,0,0,0,0,1,2022-04-23T05:25:20.0964553Z,0
4.20435,101.3495985,Daerah: Perak<br>No:6294<br>Hex coord:(73;111),n/a,0,0,0,0,0,0,1,2022-04-23T05:25:20.8137821Z,0
4.21213,101.3631452,Daerah: Perak<br>No:6295<br>Hex coord:(74;111),n/a,0,0,0,0,0,0,1,2022-04-23T05:25:21.6919471Z,0
4.20435,101.3766919,Daerah: Perak<br>No:6296<br>Hex coord:(75;111),n/a,0,0,0,0,0,0,1,2022-04-23T05:25:22.4210276Z,0
4.21213,101.3902386,Daerah: Perak<br>No:6297<br>Hex coord:(76;111),n/a,0,0,0,0,0,0,1,2022-04-23T05:25:23.2121795Z,0
4.20435,101.4037853,Daerah: Perak<br>No:6298<br>Hex coord:(77;111),n/a,0,0,0,0,0,0,1,2022-04-23T05:25:23.9402650Z,0
4.21213,101.417332,Daerah: Perak<br>No:6299<br>Hex coord:(78;111),n/a,0,0,0,0,0,0,1,2022-04-23T05:25:24.6791932Z,0
4.20435,101.4308787,Daerah: Perak<br>No:6300<br>Hex coord:(79;111),n/a,0,0,0,0,0,0,1,2022-04-23T05:25:25.4048087Z,0
4.21213,101.4444254,Daerah: Perak<br>No:6301<br>Hex coord:(80;111),n/a,0,0,0,0,0,0,1,2022-04-23T05:25:26.1184636Z,0
4.20435,101.4579721,Daerah: Perak<br>No:6302<br>Hex coord:(81;111),n/a,0,0,0,0,0,0,1,2022-04-23T05:25:26.8616647Z,0
4.20435,101.4850655,Daerah: Perak<br>No:6303<br>Hex coord:(83;111),n/a,0,0,0,0,0,0,1,2022-04-23T05:25:27.5998847Z,0
4.19657,100.5774363,Daerah: Perak<br>No:6304<br>Hex coord:(16;112),n/a,0,0,0,0,0,0,1,2022-04-23T05:25:28.3190486Z,0
4.19657,100.6045297,Daerah: Perak<br>No:6305<br>Hex coord:(18;112),n/a,0,0,0,0,0,0,1,2022-04-23T05:25:29.0458569Z,0
4.18879,100.6180764,Daerah: Perak<br>No:6306<br>Hex coord:(19;112),n/a,0,0,0,0,0,0,1,2022-04-23T05:25:29.7670663Z,0
4.19657,100.6316231,Daerah: Perak<br>No:6307<br>Hex coord:(20;112),n/a,0,0,0,0,0,0,1,2022-04-23T05:25:30.4962340Z,0
4.18879,100.6451698,Daerah: Perak<br>No:6308<br>Hex coord:(21;112),n/a,8 ,0,0,0,0,0,1,2022-04-23T05:25:31.3645186Z,0
4.19657,100.6587165,Daerah: Perak<br>No:6309<br>Hex coord:(22;112),n/a,24 ,0,0,0,0,0,1,2022-04-23T05:25:33.0898628Z,0
4.18879,100.6722632,Daerah: Perak<br>No:6310<br>Hex coord:(23;112),n/a,8 ,0,0,0,0,0,1,2022-04-23T05:25:33.8255872Z,0
4.19657,100.6858099,Daerah: Perak<br>No:6311<br>Hex coord:(24;112),n/a,12 ,0,0,0,0,0,1,2022-04-23T05:25:34.5817028Z,0
4.18879,100.6993566,Daerah: Perak<br>No:6312<br>Hex coord:(25;112),n/a,7 ,0,0,0,0,0,1,2022-04-23T05:25:35.3239672Z,0
4.19657,100.7129033,Daerah: Perak<br>No:6313<br>Hex coord:(26;112),n/a,5 ,0,0,0,0,0,1,2022-04-23T05:25:36.0638001Z,0
4.18879,100.72645,Daerah: Perak<br>No:6314<br>Hex coord:(27;112),n/a,0,0,0,0,0,0,1,2022-04-23T05:25:36.7824554Z,0
4.19657,100.7399968,Daerah: Perak<br>No:6315<br>Hex coord:(28;112),n/a,0,0,0,0,0,0,1,2022-04-23T05:25:37.5043601Z,0
4.18879,100.7535435,Daerah: Perak<br>No:6316<br>Hex coord:(29;112),n/a,0,0,0,0,0,0,1,2022-04-23T05:25:38.2760905Z,0
4.19657,100.7670902,Daerah: Perak<br>No:6317<br>Hex coord:(30;112),n/a,0,0,0,0,0,0,1,2022-04-23T05:25:39.0114983Z,0
4.18879,100.7806369,Daerah: Perak<br>No:6318<br>Hex coord:(31;112),n/a,0,0,0,0,0,0,1,2022-04-23T05:25:39.7520097Z,0
4.19657,100.7941836,Daerah: Perak<br>No:6319<br>Hex coord:(32;112),n/a,0,0,0,0,0,0,1,2022-04-23T05:25:41.4830056Z,0
4.18879,100.8077303,Daerah: Perak<br>No:6320<br>Hex coord:(33;112),n/a,0,0,0,0,0,0,1,2022-04-23T05:25:42.2109148Z,0
4.19657,100.821277,Daerah: Perak<br>No:6321<br>Hex coord:(34;112),n/a,0,0,0,0,0,0,1,2022-04-23T05:25:43.9434627Z,0
4.18879,100.8348237,Daerah: Perak<br>No:6322<br>Hex coord:(35;112),n/a,0,0,0,0,0,0,1,2022-04-23T05:25:44.6713823Z,0
4.19657,100.8483704,Daerah: Perak<br>No:6323<br>Hex coord:(36;112),n/a,0,0,0,0,0,0,1,2022-04-23T05:25:45.3970256Z,0
4.18879,100.8619171,Daerah: Perak<br>No:6324<br>Hex coord:(37;112),n/a,0,0,0,0,0,0,1,2022-04-23T05:25:46.1381616Z,0
4.19657,100.8754638,Daerah: Perak<br>No:6325<br>Hex coord:(38;112),n/a,0,0,0,0,0,0,1,2022-04-23T05:25:46.8660755Z,0
4.18879,100.8890105,Daerah: Perak<br>No:6326<br>Hex coord:(39;112),n/a,0,0,0,0,0,0,1,2022-04-23T05:25:47.5738151Z,0
4.19657,100.9025572,Daerah: Perak<br>No:6327<br>Hex coord:(40;112),n/a,0,0,0,0,0,0,1,2022-04-23T05:25:48.3114723Z,0
4.18879,100.9161039,Daerah: Perak<br>No:6328<br>Hex coord:(41;112),n/a,1 ,0,0,0,0,0,1,2022-04-23T05:25:49.0466003Z,0
4.19657,100.9296506,Daerah: Perak<br>No:6329<br>Hex coord:(42;112),n/a,2 ,0,0,0,0,0,1,2022-04-23T05:25:49.7722724Z,0
4.18879,100.9431973,Daerah: Perak<br>No:6330<br>Hex coord:(43;112),n/a,5 ,0,0,0,0,0,1,2022-04-23T05:25:50.4859682Z,0
4.19657,100.956744,Daerah: Perak<br>No:6331<br>Hex coord:(44;112),n/a,1 ,0,0,0,0,0,1,2022-04-23T05:25:51.2055276Z,0
4.18879,100.9702907,Daerah: Perak<br>No:6332<br>Hex coord:(45;112),n/a,0,0,0,0,0,0,1,2022-04-23T05:25:51.9253573Z,0
4.19657,100.9838374,Daerah: Perak<br>No:6333<br>Hex coord:(46;112),n/a,0,0,0,0,0,0,1,2022-04-23T05:25:52.6514329Z,0
4.18879,100.9973842,Daerah: Perak<br>No:6334<br>Hex coord:(47;112),n/a,0,0,0,0,0,0,1,2022-04-23T05:25:53.3729972Z,0
4.19657,101.0109309,Daerah: Perak<br>No:6335<br>Hex coord:(48;112),n/a,0,0,0,0,0,0,1,2022-04-23T05:25:54.0897109Z,0
4.18879,101.0244776,Daerah: Perak<br>No:6336<br>Hex coord:(49;112),n/a,0,0,0,0,0,0,1,2022-04-23T05:25:54.8257510Z,0
4.19657,101.0380243,Daerah: Perak<br>No:6337<br>Hex coord:(50;112),n/a,0,0,0,0,0,0,1,2022-04-23T05:25:55.5381009Z,0
4.18879,101.051571,Daerah: Perak<br>No:6338<br>Hex coord:(51;112),n/a,0,0,0,0,0,0,1,2022-04-23T05:25:56.2612964Z,0
4.19657,101.0651177,Daerah: Perak<br>No:6339<br>Hex coord:(52;112),n/a,0,0,0,0,0,0,1,2022-04-23T05:25:56.9822531Z,0
4.18879,101.0786644,Daerah: Perak<br>No:6340<br>Hex coord:(53;112),n/a,0,0,0,0,0,0,1,2022-04-23T05:25:57.7053502Z,0
4.19657,101.0922111,Daerah: Perak<br>No:6341<br>Hex coord:(54;112),n/a,0,0,0,0,0,0,1,2022-04-23T05:25:58.4190475Z,0
4.18879,101.1057578,Daerah: Perak<br>No:6342<br>Hex coord:(55;112),n/a,0,0,0,0,0,0,1,2022-04-23T05:25:59.1673724Z,0
4.19657,101.1193045,Daerah: Perak<br>No:6343<br>Hex coord:(56;112),n/a,0,0,0,0,0,0,1,2022-04-23T05:25:59.8930163Z,0
4.18879,101.1328512,Daerah: Perak<br>No:6344<br>Hex coord:(57;112),n/a,0,0,0,0,0,0,1,2022-04-23T05:26:00.6221775Z,0
4.19657,101.1463979,Daerah: Perak<br>No:6345<br>Hex coord:(58;112),n/a,2 ,0,0,0,0,0,1,2022-04-23T05:26:01.3490536Z,0
4.18879,101.1599446,Daerah: Perak<br>No:6346<br>Hex coord:(59;112),n/a,0,0,0,0,0,0,1,2022-04-23T05:26:02.0702431Z,0
4.19657,101.1734913,Daerah: Perak<br>No:6347<br>Hex coord:(60;112),n/a,0,0,0,0,0,0,1,2022-04-23T05:26:02.9277858Z,0
4.18879,101.187038,Daerah: Perak<br>No:6348<br>Hex coord:(61;112),n/a,1 ,0,0,0,0,0,1,2022-04-23T05:26:03.6577798Z,0
4.19657,101.2005847,Daerah: Perak<br>No:6349<br>Hex coord:(62;112),n/a,0,0,0,0,0,0,1,2022-04-23T05:26:04.4005435Z,0
4.18879,101.2141314,Daerah: Perak<br>No:6350<br>Hex coord:(63;112),n/a,0,0,0,0,0,0,1,2022-04-23T05:26:05.1380927Z,0
4.19657,101.2276781,Daerah: Perak<br>No:6351<br>Hex coord:(64;112),n/a,0,0,0,0,0,0,1,2022-04-23T05:26:06.8737101Z,0
4.18879,101.2412249,Daerah: Perak<br>No:6352<br>Hex coord:(65;112),n/a,0,0,0,0,0,0,1,2022-04-23T05:26:07.6084042Z,0
4.19657,101.2547716,Daerah: Perak<br>No:6353<br>Hex coord:(66;112),n/a,10 ,0,0,0,0,0,1,2022-04-23T05:26:08.3422157Z,0
4.18879,101.2683183,Daerah: Perak<br>No:6354<br>Hex coord:(67;112),n/a,8 ,0,0,0,0,0,1,2022-04-23T05:26:09.0654778Z,0
4.19657,101.281865,Daerah: Perak<br>No:6355<br>Hex coord:(68;112),n/a,3 ,0,0,0,0,0,1,2022-04-23T05:26:09.7868797Z,0
4.18879,101.2954117,Daerah: Perak<br>No:6356<br>Hex coord:(69;112),n/a,0,0,0,0,0,0,1,2022-04-23T05:26:10.5297107Z,0
4.19657,101.3089584,Daerah: Perak<br>No:6357<br>Hex coord:(70;112),n/a,0,0,0,0,0,0,1,2022-04-23T05:26:11.2979502Z,0
4.18879,101.3225051,Daerah: Perak<br>No:6358<br>Hex coord:(71;112),n/a,0,0,0,0,0,0,1,2022-04-23T05:26:12.0369752Z,0
4.19657,101.3360518,Daerah: Perak<br>No:6359<br>Hex coord:(72;112),n/a,0,0,0,0,0,0,1,2022-04-23T05:26:12.8040234Z,0
4.18879,101.3495985,Daerah: Perak<br>No:6360<br>Hex coord:(73;112),n/a,0,0,0,0,0,0,1,2022-04-23T05:26:13.5410955Z,0
4.19657,101.3631452,Daerah: Perak<br>No:6361<br>Hex coord:(74;112),n/a,0,0,0,0,0,0,1,2022-04-23T05:26:14.2723394Z,0
4.18879,101.3766919,Daerah: Perak<br>No:6362<br>Hex coord:(75;112),n/a,0,0,0,0,0,0,1,2022-04-23T05:26:14.9973292Z,0
4.19657,101.3902386,Daerah: Perak<br>No:6363<br>Hex coord:(76;112),n/a,0,0,0,0,0,0,1,2022-04-23T05:26:15.7295965Z,0
4.18879,101.4037853,Daerah: Perak<br>No:6364<br>Hex coord:(77;112),n/a,0,0,0,0,0,0,1,2022-04-23T05:26:16.4624255Z,0
4.19657,101.417332,Daerah: Perak<br>No:6365<br>Hex coord:(78;112),n/a,0,0,0,0,0,0,1,2022-04-23T05:26:17.2150121Z,0
4.18879,101.4308787,Daerah: Perak<br>No:6366<br>Hex coord:(79;112),n/a,0,0,0,0,0,0,1,2022-04-23T05:26:17.9526626Z,0
4.19657,101.4444254,Daerah: Perak<br>No:6367<br>Hex coord:(80;112),n/a,0,0,0,0,0,0,1,2022-04-23T05:26:18.6828715Z,0
4.18879,101.4579721,Daerah: Perak<br>No:6368<br>Hex coord:(81;112),n/a,0,0,0,0,0,0,1,2022-04-23T05:26:19.4022255Z,0
4.19657,101.4715188,Daerah: Perak<br>No:6369<br>Hex coord:(82;112),n/a,0,0,0,0,0,0,1,2022-04-23T05:26:21.1248002Z,0
4.18879,101.4850655,Daerah: Perak<br>No:6370<br>Hex coord:(83;112),n/a,0,0,0,0,0,0,1,2022-04-23T05:26:21.8528276Z,0
4.19657,101.4986123,Daerah: Perak<br>No:6371<br>Hex coord:(84;112),n/a,0,0,0,0,0,0,1,2022-04-23T05:26:22.5641480Z,0
4.17323,100.6180764,Daerah: Perak<br>No:6372<br>Hex coord:(19;113),n/a,0,0,0,0,0,0,1,2022-04-23T05:26:23.2911877Z,0
4.18101,100.6316231,Daerah: Perak<br>No:6373<br>Hex coord:(20;113),n/a,0,0,0,0,0,0,1,2022-04-23T05:26:24.0129874Z,0
4.17323,100.6451698,Daerah: Perak<br>No:6374<br>Hex coord:(21;113),n/a,4 ,0,0,0,0,0,1,2022-04-23T05:26:24.7446950Z,0
4.18101,100.6587165,Daerah: Perak<br>No:6375<br>Hex coord:(22;113),n/a,12 ,0,0,0,0,0,1,2022-04-23T05:26:25.4690916Z,0
4.17323,100.6722632,Daerah: Perak<br>No:6376<br>Hex coord:(23;113),n/a,2 ,0,0,0,0,0,1,2022-04-23T05:26:26.1937152Z,0
4.18101,100.6858099,Daerah: Perak<br>No:6377<br>Hex coord:(24;113),n/a,2 ,0,0,0,0,0,1,2022-04-23T05:26:26.9108302Z,0
4.17323,100.6993566,Daerah: Perak<br>No:6378<br>Hex coord:(25;113),n/a,0,0,0,0,0,0,1,2022-04-23T05:26:27.6448199Z,0
4.18101,100.7129033,Daerah: Perak<br>No:6379<br>Hex coord:(26;113),n/a,6 ,0,0,0,0,0,1,2022-04-23T05:26:28.3681766Z,0
4.17323,100.72645,Daerah: Perak<br>No:6380<br>Hex coord:(27;113),n/a,1 ,0,0,0,0,0,1,2022-04-23T05:26:29.1137872Z,0
4.18101,100.7399968,Daerah: Perak<br>No:6381<br>Hex coord:(28;113),n/a,1 ,0,0,0,0,0,1,2022-04-23T05:26:29.8417911Z,0
4.17323,100.7535435,Daerah: Perak<br>No:6382<br>Hex coord:(29;113),n/a,0,0,0,0,0,0,1,2022-04-23T05:26:30.5796462Z,0
4.18101,100.7670902,Daerah: Perak<br>No:6383<br>Hex coord:(30;113),n/a,0,0,0,0,0,0,1,2022-04-23T05:26:31.3065273Z,0
4.17323,100.7806369,Daerah: Perak<br>No:6384<br>Hex coord:(31;113),n/a,1 ,0,0,0,0,0,1,2022-04-23T05:26:32.0414294Z,0
4.18101,100.7941836,Daerah: Perak<br>No:6385<br>Hex coord:(32;113),n/a,1 ,0,0,0,0,0,1,2022-04-23T05:26:32.7818972Z,0
4.17323,100.8077303,Daerah: Perak<br>No:6386<br>Hex coord:(33;113),n/a,0,0,0,0,0,0,1,2022-04-23T05:26:33.5088969Z,0
4.18101,100.821277,Daerah: Perak<br>No:6387<br>Hex coord:(34;113),n/a,0,0,0,0,0,0,1,2022-04-23T05:26:34.2289845Z,0
4.17323,100.8348237,Daerah: Perak<br>No:6388<br>Hex coord:(35;113),n/a,0,0,0,0,0,0,1,2022-04-23T05:26:34.9688794Z,0
4.18101,100.8483704,Daerah: Perak<br>No:6389<br>Hex coord:(36;113),n/a,0,0,0,0,0,0,1,2022-04-23T05:26:35.6862047Z,0
4.17323,100.8619171,Daerah: Perak<br>No:6390<br>Hex coord:(37;113),n/a,0,0,0,0,0,0,1,2022-04-23T05:26:36.4162631Z,0
4.18101,100.8754638,Daerah: Perak<br>No:6391<br>Hex coord:(38;113),n/a,0,0,0,0,0,0,1,2022-04-23T05:26:37.1398649Z,0
4.17323,100.8890105,Daerah: Perak<br>No:6392<br>Hex coord:(39;113),n/a,0,0,0,0,0,0,1,2022-04-23T05:26:37.8631094Z,0
4.18101,100.9025572,Daerah: Perak<br>No:6393<br>Hex coord:(40;113),n/a,0,0,0,0,0,0,1,2022-04-23T05:26:38.5911146Z,0
4.17323,100.9161039,Daerah: Perak<br>No:6394<br>Hex coord:(41;113),n/a,0,0,0,0,0,0,1,2022-04-23T05:26:39.3083827Z,0
4.18101,100.9296506,Daerah: Perak<br>No:6395<br>Hex coord:(42;113),n/a,3 ,0,0,0,0,0,1,2022-04-23T05:26:40.0464782Z,0
4.17323,100.9431973,Daerah: Perak<br>No:6396<br>Hex coord:(43;113),n/a,2 ,0,0,0,0,0,1,2022-04-23T05:26:40.7608176Z,0
4.18101,100.956744,Daerah: Perak<br>No:6397<br>Hex coord:(44;113),n/a,0,0,0,0,0,0,1,2022-04-23T05:26:41.4938032Z,0
4.17323,100.9702907,Daerah: Perak<br>No:6398<br>Hex coord:(45;113),n/a,2 ,0,0,0,0,0,1,2022-04-23T05:26:42.2398220Z,0
4.18101,100.9838374,Daerah: Perak<br>No:6399<br>Hex coord:(46;113),n/a,0,0,0,0,0,0,1,2022-04-23T05:26:42.9568146Z,0
4.17323,100.9973842,Daerah: Perak<br>No:6400<br>Hex coord:(47;113),n/a,0,0,0,0,0,0,1,2022-04-23T05:26:43.6967775Z,0
4.18101,101.0109309,Daerah: Perak<br>No:6401<br>Hex coord:(48;113),n/a,0,0,0,0,0,0,1,2022-04-23T05:26:44.4604920Z,0
4.17323,101.0244776,Daerah: Perak<br>No:6402<br>Hex coord:(49;113),n/a,0,0,0,0,0,0,1,2022-04-23T05:26:45.2098811Z,0
4.18101,101.0380243,Daerah: Perak<br>No:6403<br>Hex coord:(50;113),n/a,0,0,0,0,0,0,1,2022-04-23T05:26:45.9368098Z,0
4.17323,101.051571,Daerah: Perak<br>No:6404<br>Hex coord:(51;113),n/a,0,0,0,0,0,0,1,2022-04-23T05:26:46.6517498Z,0
4.18101,101.0651177,Daerah: Perak<br>No:6405<br>Hex coord:(52;113),n/a,0,0,0,0,0,0,1,2022-04-23T05:26:47.3797687Z,0
4.17323,101.0786644,Daerah: Perak<br>No:6406<br>Hex coord:(53;113),n/a,0,0,0,0,0,0,1,2022-04-23T05:26:48.0959076Z,0
4.18101,101.0922111,Daerah: Perak<br>No:6407<br>Hex coord:(54;113),n/a,0,0,0,0,0,0,1,2022-04-23T05:26:48.8084087Z,0
4.17323,101.1057578,Daerah: Perak<br>No:6408<br>Hex coord:(55;113),n/a,0,0,0,0,0,0,1,2022-04-23T05:26:49.5480722Z,0
4.18101,101.1193045,Daerah: Perak<br>No:6409<br>Hex coord:(56;113),n/a,0,0,0,0,0,0,1,2022-04-23T05:26:50.2721246Z,0
4.17323,101.1328512,Daerah: Perak<br>No:6410<br>Hex coord:(57;113),n/a,0,0,0,0,0,0,1,2022-04-23T05:26:51.0110179Z,0
4.18101,101.1463979,Daerah: Perak<br>No:6411<br>Hex coord:(58;113),n/a,1 ,0,0,0,0,0,1,2022-04-23T05:26:51.7396771Z,0
4.17323,101.1599446,Daerah: Perak<br>No:6412<br>Hex coord:(59;113),n/a,0,0,0,0,0,0,1,2022-04-23T05:26:52.4772821Z,0
4.18101,101.1734913,Daerah: Perak<br>No:6413<br>Hex coord:(60;113),n/a,0,0,0,0,0,0,1,2022-04-23T05:26:53.2790988Z,0
4.17323,101.187038,Daerah: Perak<br>No:6414<br>Hex coord:(61;113),n/a,4 ,0,0,0,0,0,1,2022-04-23T05:26:54.0047343Z,0
4.18101,101.2005847,Daerah: Perak<br>No:6415<br>Hex coord:(62;113),n/a,2 ,0,0,0,0,0,1,2022-04-23T05:26:54.7232246Z,0
4.17323,101.2141314,Daerah: Perak<br>No:6416<br>Hex coord:(63;113),n/a,6 ,0,0,0,0,0,1,2022-04-23T05:26:55.4601360Z,0
4.18101,101.2276781,Daerah: Perak<br>No:6417<br>Hex coord:(64;113),n/a,1 ,0,0,0,0,0,1,2022-04-23T05:26:56.1780255Z,0
4.17323,101.2412249,Daerah: Perak<br>No:6418<br>Hex coord:(65;113),n/a,0,0,0,0,0,0,1,2022-04-23T05:26:56.9074962Z,0
4.18101,101.2547716,Daerah: Perak<br>No:6419<br>Hex coord:(66;113),n/a,0,0,0,0,0,0,1,2022-04-23T05:26:57.6341352Z,0
4.17323,101.2683183,Daerah: Perak<br>No:6420<br>Hex coord:(67;113),n/a,1 ,0,0,0,0,0,1,2022-04-23T05:26:58.3620664Z,0
4.18101,101.281865,Daerah: Perak<br>No:6421<br>Hex coord:(68;113),n/a,0,0,0,0,0,0,1,2022-04-23T05:26:59.0841003Z,0
4.17323,101.2954117,Daerah: Perak<br>No:6422<br>Hex coord:(69;113),n/a,0,0,0,0,0,0,1,2022-04-23T05:26:59.8233070Z,0
4.18101,101.3089584,Daerah: Perak<br>No:6423<br>Hex coord:(70;113),n/a,0,0,0,0,0,0,1,2022-04-23T05:27:00.5568332Z,0
4.17323,101.3225051,Daerah: Perak<br>No:6424<br>Hex coord:(71;113),n/a,0,0,0,0,0,0,1,2022-04-23T05:27:01.3051982Z,0
4.18101,101.3360518,Daerah: Perak<br>No:6425<br>Hex coord:(72;113),n/a,0,0,0,0,0,0,1,2022-04-23T05:27:02.0301993Z,0
4.17323,101.3495985,Daerah: Perak<br>No:6426<br>Hex coord:(73;113),n/a,0,0,0,0,0,0,1,2022-04-23T05:27:02.7563585Z,0
4.18101,101.3631452,Daerah: Perak<br>No:6427<br>Hex coord:(74;113),n/a,0,0,0,0,0,0,1,2022-04-23T05:27:03.5129257Z,0
4.17323,101.3766919,Daerah: Perak<br>No:6428<br>Hex coord:(75;113),n/a,0,0,0,0,0,0,1,2022-04-23T05:27:04.2291546Z,0
4.18101,101.3902386,Daerah: Perak<br>No:6429<br>Hex coord:(76;113),n/a,0,0,0,0,0,0,1,2022-04-23T05:27:04.9642660Z,0
4.17323,101.4037853,Daerah: Perak<br>No:6430<br>Hex coord:(77;113),n/a,0,0,0,0,0,0,1,2022-04-23T05:27:05.6888997Z,0
4.18101,101.417332,Daerah: Perak<br>No:6431<br>Hex coord:(78;113),n/a,0,0,0,0,0,0,1,2022-04-23T05:27:06.4155159Z,0
4.17323,101.4308787,Daerah: Perak<br>No:6432<br>Hex coord:(79;113),n/a,0,0,0,0,0,0,1,2022-04-23T05:27:10.0945656Z,0
4.18101,101.4444254,Daerah: Perak<br>No:6433<br>Hex coord:(80;113),n/a,0,0,0,0,0,0,1,2022-04-23T05:27:10.8433031Z,0
4.17323,101.4579721,Daerah: Perak<br>No:6434<br>Hex coord:(81;113),n/a,0,0,0,0,0,0,1,2022-04-23T05:27:11.5792486Z,0
4.18101,101.4715188,Daerah: Perak<br>No:6435<br>Hex coord:(82;113),n/a,0,0,0,0,0,0,1,2022-04-23T05:27:12.3008089Z,0
4.17323,101.4850655,Daerah: Perak<br>No:6436<br>Hex coord:(83;113),n/a,0,0,0,0,0,0,1,2022-04-23T05:27:13.0761166Z,0
4.18101,101.4986123,Daerah: Perak<br>No:6437<br>Hex coord:(84;113),n/a,0,0,0,0,0,0,1,2022-04-23T05:27:14.8010312Z,0
4.16545,100.6316231,Daerah: Perak<br>No:6438<br>Hex coord:(20;114),n/a,0,0,0,0,0,0,1,2022-04-23T05:27:15.5282444Z,0
4.15767,100.6451698,Daerah: Perak<br>No:6439<br>Hex coord:(21;114),n/a,0,0,0,0,0,0,1,2022-04-23T05:27:16.2610355Z,0
4.16545,100.6858099,Daerah: Perak<br>No:6440<br>Hex coord:(24;114),n/a,2 ,0,0,0,0,0,1,2022-04-23T05:27:16.9890705Z,0
4.15767,100.6993566,Daerah: Perak<br>No:6441<br>Hex coord:(25;114),n/a,0,0,0,0,0,0,1,2022-04-23T05:27:17.7218122Z,0
4.16545,100.7129033,Daerah: Perak<br>No:6442<br>Hex coord:(26;114),n/a,8 ,0,0,0,0,0,1,2022-04-23T05:27:18.4667401Z,0
4.15767,100.72645,Daerah: Perak<br>No:6443<br>Hex coord:(27;114),n/a,20 ,0,0,0,0,0,1,2022-04-23T05:27:19.2089315Z,0
4.16545,100.7399968,Daerah: Perak<br>No:6444<br>Hex coord:(28;114),n/a,0,0,0,0,0,0,1,2022-04-23T05:27:19.9251835Z,0
4.15767,100.7535435,Daerah: Perak<br>No:6445<br>Hex coord:(29;114),n/a,0,0,0,0,0,0,1,2022-04-23T05:27:20.6564819Z,0
4.16545,100.7670902,Daerah: Perak<br>No:6446<br>Hex coord:(30;114),n/a,0,0,0,0,0,0,1,2022-04-23T05:27:21.3881246Z,0
4.15767,100.7806369,Daerah: Perak<br>No:6447<br>Hex coord:(31;114),n/a,0,0,0,0,0,0,1,2022-04-23T05:27:22.1265745Z,0
4.16545,100.7941836,Daerah: Perak<br>No:6448<br>Hex coord:(32;114),n/a,0,0,0,0,0,0,1,2022-04-23T05:27:22.8505611Z,0
4.15767,100.8077303,Daerah: Perak<br>No:6449<br>Hex coord:(33;114),n/a,0,0,0,0,0,0,1,2022-04-23T05:27:23.5866333Z,0
4.16545,100.821277,Daerah: Perak<br>No:6450<br>Hex coord:(34;114),n/a,0,0,0,0,0,0,1,2022-04-23T05:27:24.3236385Z,0
4.15767,100.8348237,Daerah: Perak<br>No:6451<br>Hex coord:(35;114),n/a,0,0,0,0,0,0,1,2022-04-23T05:27:25.0777932Z,0
4.16545,100.8483704,Daerah: Perak<br>No:6452<br>Hex coord:(36;114),n/a,0,0,0,0,0,0,1,2022-04-23T05:27:25.8014318Z,0
4.15767,100.8619171,Daerah: Perak<br>No:6453<br>Hex coord:(37;114),n/a,0,0,0,0,0,0,1,2022-04-23T05:27:26.5245699Z,0
4.16545,100.8754638,Daerah: Perak<br>No:6454<br>Hex coord:(38;114),n/a,0,0,0,0,0,0,1,2022-04-23T05:27:27.2287330Z,0
4.15767,100.8890105,Daerah: Perak<br>No:6455<br>Hex coord:(39;114),n/a,0,0,0,0,0,0,1,2022-04-23T05:27:27.9593148Z,0
4.16545,100.9025572,Daerah: Perak<br>No:6456<br>Hex coord:(40;114),n/a,0,0,0,0,0,0,1,2022-04-23T05:27:28.6693663Z,0
4.15767,100.9161039,Daerah: Perak<br>No:6457<br>Hex coord:(41;114),n/a,0,0,0,0,0,0,1,2022-04-23T05:27:29.3997286Z,0
4.16545,100.9296506,Daerah: Perak<br>No:6458<br>Hex coord:(42;114),n/a,0,0,0,0,0,0,1,2022-04-23T05:27:30.1350817Z,0
4.15767,100.9431973,Daerah: Perak<br>No:6459<br>Hex coord:(43;114),n/a,0,0,0,0,0,0,1,2022-04-23T05:27:30.8557441Z,0
4.16545,100.956744,Daerah: Perak<br>No:6460<br>Hex coord:(44;114),n/a,1 ,0,0,0,0,0,1,2022-04-23T05:27:31.5897077Z,0
4.15767,100.9702907,Daerah: Perak<br>No:6461<br>Hex coord:(45;114),n/a,0,0,0,0,0,0,1,2022-04-23T05:27:32.3058280Z,0
4.16545,100.9838374,Daerah: Perak<br>No:6462<br>Hex coord:(46;114),n/a,0,0,0,0,0,0,1,2022-04-23T05:27:33.0219759Z,0
4.15767,100.9973842,Daerah: Perak<br>No:6463<br>Hex coord:(47;114),n/a,0,0,0,0,0,0,1,2022-04-23T05:27:33.7475584Z,0
4.16545,101.0109309,Daerah: Perak<br>No:6464<br>Hex coord:(48;114),n/a,0,0,0,0,0,0,1,2022-04-23T05:27:34.4698461Z,0
4.15767,101.0244776,Daerah: Perak<br>No:6465<br>Hex coord:(49;114),n/a,0,0,0,0,0,0,1,2022-04-23T05:27:35.2037408Z,0
4.16545,101.0380243,Daerah: Perak<br>No:6466<br>Hex coord:(50;114),n/a,0,0,0,0,0,0,1,2022-04-23T05:27:35.9246705Z,0
4.15767,101.051571,Daerah: Perak<br>No:6467<br>Hex coord:(51;114),n/a,0,0,0,0,0,0,1,2022-04-23T05:27:37.6547436Z,0
4.16545,101.0651177,Daerah: Perak<br>No:6468<br>Hex coord:(52;114),n/a,0,0,0,0,0,0,1,2022-04-23T05:27:38.3910895Z,0
4.15767,101.0786644,Daerah: Perak<br>No:6469<br>Hex coord:(53;114),n/a,0,0,0,0,0,0,1,2022-04-23T05:27:39.1167010Z,0
4.16545,101.0922111,Daerah: Perak<br>No:6470<br>Hex coord:(54;114),n/a,0,0,0,0,0,0,1,2022-04-23T05:27:39.8400050Z,0
4.15767,101.1057578,Daerah: Perak<br>No:6471<br>Hex coord:(55;114),n/a,0,0,0,0,0,0,1,2022-04-23T05:27:40.5718329Z,0
4.16545,101.1193045,Daerah: Perak<br>No:6472<br>Hex coord:(56;114),n/a,0,0,0,0,0,0,1,2022-04-23T05:27:41.3010639Z,0
4.15767,101.1328512,Daerah: Perak<br>No:6473<br>Hex coord:(57;114),n/a,0,0,0,0,0,0,1,2022-04-23T05:27:42.0253499Z,0
4.16545,101.1463979,Daerah: Perak<br>No:6474<br>Hex coord:(58;114),n/a,0,0,0,0,0,0,1,2022-04-23T05:27:42.7519879Z,0
4.15767,101.1599446,Daerah: Perak<br>No:6475<br>Hex coord:(59;114),n/a,0,0,0,0,0,0,1,2022-04-23T05:27:43.6007802Z,0
4.16545,101.1734913,Daerah: Perak<br>No:6476<br>Hex coord:(60;114),n/a,2 ,0,0,0,0,0,1,2022-04-23T05:27:44.3555622Z,0
4.15767,101.187038,Daerah: Perak<br>No:6477<br>Hex coord:(61;114),n/a,3 ,0,0,0,0,0,1,2022-04-23T05:27:45.1094821Z,0
4.16545,101.2005847,Daerah: Perak<br>No:6478<br>Hex coord:(62;114),n/a,0,0,0,0,0,0,1,2022-04-23T05:27:45.8404463Z,0
4.15767,101.2141314,Daerah: Perak<br>No:6479<br>Hex coord:(63;114),n/a,0,0,0,0,0,0,1,2022-04-23T05:27:46.5708101Z,0
4.16545,101.2276781,Daerah: Perak<br>No:6480<br>Hex coord:(64;114),n/a,0,0,0,0,0,0,1,2022-04-23T05:27:47.2893163Z,0
4.15767,101.2412249,Daerah: Perak<br>No:6481<br>Hex coord:(65;114),n/a,0,0,0,0,0,0,1,2022-04-23T05:27:48.0161657Z,0
4.16545,101.2547716,Daerah: Perak<br>No:6482<br>Hex coord:(66;114),n/a,0,0,0,0,0,0,1,2022-04-23T05:27:48.7431731Z,0
4.15767,101.2683183,Daerah: Perak<br>No:6483<br>Hex coord:(67;114),n/a,3 ,0,0,0,0,0,1,2022-04-23T05:27:49.4745212Z,0
4.16545,101.281865,Daerah: Perak<br>No:6484<br>Hex coord:(68;114),n/a,3 ,0,0,0,0,0,1,2022-04-23T05:27:50.1930955Z,0
4.15767,101.2954117,Daerah: Perak<br>No:6485<br>Hex coord:(69;114),n/a,0,0,0,0,0,0,1,2022-04-23T05:27:50.9424824Z,0
4.16545,101.3089584,Daerah: Perak<br>No:6486<br>Hex coord:(70;114),n/a,0,0,0,0,0,0,1,2022-04-23T05:27:51.6668891Z,0
4.15767,101.3225051,Daerah: Perak<br>No:6487<br>Hex coord:(71;114),n/a,0,0,0,0,0,0,1,2022-04-23T05:27:52.3877985Z,0
4.16545,101.3360518,Daerah: Perak<br>No:6488<br>Hex coord:(72;114),n/a,0,0,0,0,0,0,1,2022-04-23T05:27:53.2076336Z,0
4.15767,101.3495985,Daerah: Perak<br>No:6489<br>Hex coord:(73;114),n/a,0,0,0,0,0,0,1,2022-04-23T05:27:53.9331842Z,0
4.16545,101.3631452,Daerah: Perak<br>No:6490<br>Hex coord:(74;114),n/a,0,0,0,0,0,0,1,2022-04-23T05:27:54.7601011Z,0
4.15767,101.3766919,Daerah: Perak<br>No:6491<br>Hex coord:(75;114),n/a,0,0,0,0,0,0,1,2022-04-23T05:27:55.5954161Z,0
4.16545,101.3902386,Daerah: Perak<br>No:6492<br>Hex coord:(76;114),n/a,0,0,0,0,0,0,1,2022-04-23T05:27:56.3673149Z,0
4.15767,101.4037853,Daerah: Perak<br>No:6493<br>Hex coord:(77;114),n/a,0,0,0,0,0,0,1,2022-04-23T05:27:57.0858087Z,0
4.16545,101.417332,Daerah: Perak<br>No:6494<br>Hex coord:(78;114),n/a,0,0,0,0,0,0,1,2022-04-23T05:27:57.7996942Z,0
4.15767,101.4308787,Daerah: Perak<br>No:6495<br>Hex coord:(79;114),n/a,0,0,0,0,0,0,1,2022-04-23T05:27:58.5609044Z,0
4.16545,101.4444254,Daerah: Perak<br>No:6496<br>Hex coord:(80;114),n/a,0,0,0,0,0,0,1,2022-04-23T05:27:59.2831812Z,0
4.15767,101.4579721,Daerah: Perak<br>No:6497<br>Hex coord:(81;114),n/a,0,0,0,0,0,0,1,2022-04-23T05:28:00.0039238Z,0
4.16545,101.4715188,Daerah: Perak<br>No:6498<br>Hex coord:(82;114),n/a,0,0,0,0,0,0,1,2022-04-23T05:28:00.7819247Z,0
4.15767,101.4850655,Daerah: Perak<br>No:6499<br>Hex coord:(83;114),n/a,0,0,0,0,0,0,1,2022-04-23T05:28:01.5123520Z,0
4.14989,100.7129033,Daerah: Perak<br>No:6500<br>Hex coord:(26;115),n/a,1 ,0,0,0,0,0,1,2022-04-23T05:28:02.2426893Z,0
4.14211,100.72645,Daerah: Perak<br>No:6501<br>Hex coord:(27;115),n/a,1 ,0,0,0,0,0,1,2022-04-23T05:28:02.9603134Z,0
4.14989,100.7399968,Daerah: Perak<br>No:6502<br>Hex coord:(28;115),n/a,0,0,0,0,0,0,1,2022-04-23T05:28:03.6858209Z,0
4.14211,100.7535435,Daerah: Perak<br>No:6503<br>Hex coord:(29;115),n/a,0,0,0,0,0,0,1,2022-04-23T05:28:04.4208285Z,0
4.14989,100.7670902,Daerah: Perak<br>No:6504<br>Hex coord:(30;115),n/a,0,0,0,0,0,0,1,2022-04-23T05:28:05.1488595Z,0
4.14211,100.7806369,Daerah: Perak<br>No:6505<br>Hex coord:(31;115),n/a,0,0,0,0,0,0,1,2022-04-23T05:28:05.8720478Z,0
4.14989,100.7941836,Daerah: Perak<br>No:6506<br>Hex coord:(32;115),n/a,0,0,0,0,0,0,1,2022-04-23T05:28:06.5999174Z,0
4.14211,100.8077303,Daerah: Perak<br>No:6507<br>Hex coord:(33;115),n/a,0,0,0,0,0,0,1,2022-04-23T05:28:07.3149898Z,0
4.14989,100.821277,Daerah: Perak<br>No:6508<br>Hex coord:(34;115),n/a,0,0,0,0,0,0,1,2022-04-23T05:28:08.0546431Z,0
4.14211,100.8348237,Daerah: Perak<br>No:6509<br>Hex coord:(35;115),n/a,0,0,0,0,0,0,1,2022-04-23T05:28:08.7924114Z,0
4.14989,100.8483704,Daerah: Perak<br>No:6510<br>Hex coord:(36;115),n/a,0,0,0,0,0,0,1,2022-04-23T05:28:09.5506688Z,0
4.14211,100.8619171,Daerah: Perak<br>No:6511<br>Hex coord:(37;115),n/a,0,0,0,0,0,0,1,2022-04-23T05:28:10.3033269Z,0
4.14989,100.8754638,Daerah: Perak<br>No:6512<br>Hex coord:(38;115),n/a,0,0,0,0,0,0,1,2022-04-23T05:28:11.0182834Z,0
4.14211,100.8890105,Daerah: Perak<br>No:6513<br>Hex coord:(39;115),n/a,5 ,0,0,0,0,0,1,2022-04-23T05:28:11.7505859Z,0
4.14989,100.9025572,Daerah: Perak<br>No:6514<br>Hex coord:(40;115),n/a,3 ,0,0,0,0,0,1,2022-04-23T05:28:13.4777416Z,0
4.14211,100.9161039,Daerah: Perak<br>No:6515<br>Hex coord:(41;115),n/a,2 ,0,0,0,0,0,1,2022-04-23T05:28:14.1914605Z,0
4.14989,100.9296506,Daerah: Perak<br>No:6516<br>Hex coord:(42;115),n/a,0,0,0,0,0,0,1,2022-04-23T05:28:14.9304558Z,0
4.14211,100.9431973,Daerah: Perak<br>No:6517<br>Hex coord:(43;115),n/a,0,0,0,0,0,0,1,2022-04-23T05:28:15.6474943Z,0
4.14989,100.956744,Daerah: Perak<br>No:6518<br>Hex coord:(44;115),n/a,0,0,0,0,0,0,1,2022-04-23T05:28:16.3564864Z,0
4.14211,100.9702907,Daerah: Perak<br>No:6519<br>Hex coord:(45;115),n/a,0,0,0,0,0,0,1,2022-04-23T05:28:17.0894288Z,0
4.14989,100.9838374,Daerah: Perak<br>No:6520<br>Hex coord:(46;115),n/a,0,0,0,0,0,0,1,2022-04-23T05:28:17.8219737Z,0
4.14211,100.9973842,Daerah: Perak<br>No:6521<br>Hex coord:(47;115),n/a,0,0,0,0,0,0,1,2022-04-23T05:28:18.5477663Z,0
4.14989,101.0109309,Daerah: Perak<br>No:6522<br>Hex coord:(48;115),n/a,0,0,0,0,0,0,1,2022-04-23T05:28:19.2804284Z,0
4.14211,101.0244776,Daerah: Perak<br>No:6523<br>Hex coord:(49;115),n/a,0,0,0,0,0,0,1,2022-04-23T05:28:20.0034253Z,0
4.14989,101.0380243,Daerah: Perak<br>No:6524<br>Hex coord:(50;115),n/a,0,0,0,0,0,0,1,2022-04-23T05:28:20.7340554Z,0
4.14211,101.051571,Daerah: Perak<br>No:6525<br>Hex coord:(51;115),n/a,1 ,0,0,0,0,0,1,2022-04-23T05:28:21.4613741Z,0
4.14989,101.0651177,Daerah: Perak<br>No:6526<br>Hex coord:(52;115),n/a,1 ,0,0,0,0,0,1,2022-04-23T05:28:22.2055916Z,0
4.14211,101.0786644,Daerah: Perak<br>No:6527<br>Hex coord:(53;115),n/a,0,0,0,0,0,0,1,2022-04-23T05:28:22.9288262Z,0
4.14989,101.0922111,Daerah: Perak<br>No:6528<br>Hex coord:(54;115),n/a,0,0,0,0,0,0,1,2022-04-23T05:28:23.6521587Z,0
4.14211,101.1057578,Daerah: Perak<br>No:6529<br>Hex coord:(55;115),n/a,0,0,0,0,0,0,1,2022-04-23T05:28:24.3777659Z,0
4.14989,101.1193045,Daerah: Perak<br>No:6530<br>Hex coord:(56;115),n/a,1 ,0,0,0,0,0,1,2022-04-23T05:28:26.0988225Z,0
4.14211,101.1328512,Daerah: Perak<br>No:6531<br>Hex coord:(57;115),n/a,0,0,0,0,0,0,1,2022-04-23T05:28:26.8238977Z,0
4.14989,101.1463979,Daerah: Perak<br>No:6532<br>Hex coord:(58;115),n/a,0,0,0,0,0,0,1,2022-04-23T05:28:27.5614960Z,0
4.14211,101.1599446,Daerah: Perak<br>No:6533<br>Hex coord:(59;115),n/a,0,0,0,0,0,0,1,2022-04-23T05:28:28.2779022Z,0
4.14989,101.1734913,Daerah: Perak<br>No:6534<br>Hex coord:(60;115),n/a,8 ,0,0,0,0,0,1,2022-04-23T05:28:29.0270307Z,0
4.14211,101.187038,Daerah: Perak<br>No:6535<br>Hex coord:(61;115),n/a,0,0,0,0,0,0,1,2022-04-23T05:28:29.7586311Z,0
4.14989,101.2005847,Daerah: Perak<br>No:6536<br>Hex coord:(62;115),n/a,0,0,0,0,0,0,1,2022-04-23T05:28:30.4845227Z,0
4.14211,101.2141314,Daerah: Perak<br>No:6537<br>Hex coord:(63;115),n/a,0,0,0,0,0,0,1,2022-04-23T05:28:31.2100020Z,0
4.14989,101.2276781,Daerah: Perak<br>No:6538<br>Hex coord:(64;115),n/a,0,0,0,0,0,0,1,2022-04-23T05:28:31.9451134Z,0
4.14211,101.2412249,Daerah: Perak<br>No:6539<br>Hex coord:(65;115),n/a,0,0,0,0,0,0,1,2022-04-23T05:28:32.6575761Z,0
4.14989,101.2547716,Daerah: Perak<br>No:6540<br>Hex coord:(66;115),n/a,0,0,0,0,0,0,1,2022-04-23T05:28:33.3737917Z,0
4.14211,101.2683183,Daerah: Perak<br>No:6541<br>Hex coord:(67;115),n/a,1 ,0,0,0,0,0,1,2022-04-23T05:28:34.1458161Z,0
4.14989,101.281865,Daerah: Perak<br>No:6542<br>Hex coord:(68;115),n/a,0,0,0,0,0,0,1,2022-04-23T05:28:34.8904963Z,0
4.14211,101.2954117,Daerah: Perak<br>No:6543<br>Hex coord:(69;115),n/a,0,0,0,0,0,0,1,2022-04-23T05:28:35.6186717Z,0
4.14989,101.3089584,Daerah: Perak<br>No:6544<br>Hex coord:(70;115),n/a,0,0,0,0,0,0,1,2022-04-23T05:28:36.3538495Z,0
4.14211,101.3225051,Daerah: Perak<br>No:6545<br>Hex coord:(71;115),n/a,0,0,0,0,0,0,1,2022-04-23T05:28:37.0852969Z,0
4.14989,101.3360518,Daerah: Perak<br>No:6546<br>Hex coord:(72;115),n/a,0,0,0,0,0,0,1,2022-04-23T05:28:37.8132904Z,0
4.14211,101.3495985,Daerah: Perak<br>No:6547<br>Hex coord:(73;115),n/a,0,0,0,0,0,0,1,2022-04-23T05:28:38.5734893Z,0
4.14989,101.3631452,Daerah: Perak<br>No:6548<br>Hex coord:(74;115),n/a,0,0,0,0,0,0,1,2022-04-23T05:28:39.3467973Z,0
4.14211,101.3766919,Daerah: Perak<br>No:6549<br>Hex coord:(75;115),n/a,0,0,0,0,0,0,1,2022-04-23T05:28:40.0821587Z,0
4.14989,101.3902386,Daerah: Perak<br>No:6550<br>Hex coord:(76;115),n/a,0,0,0,0,0,0,1,2022-04-23T05:28:40.8028466Z,0
4.14211,101.4037853,Daerah: Perak<br>No:6551<br>Hex coord:(77;115),n/a,0,0,0,0,0,0,1,2022-04-23T05:28:41.5609685Z,0
4.14989,101.417332,Daerah: Perak<br>No:6552<br>Hex coord:(78;115),n/a,0,0,0,0,0,0,1,2022-04-23T05:28:42.3196208Z,0
4.14211,101.4308787,Daerah: Perak<br>No:6553<br>Hex coord:(79;115),n/a,0,0,0,0,0,0,1,2022-04-23T05:28:43.0438918Z,0
4.14989,101.4444254,Daerah: Perak<br>No:6554<br>Hex coord:(80;115),n/a,0,0,0,0,0,0,1,2022-04-23T05:28:43.7719514Z,0
4.14211,101.4579721,Daerah: Perak<br>No:6555<br>Hex coord:(81;115),n/a,0,0,0,0,0,0,1,2022-04-23T05:28:44.4963750Z,0
4.14989,101.4715188,Daerah: Perak<br>No:6556<br>Hex coord:(82;115),n/a,0,0,0,0,0,0,1,2022-04-23T05:28:45.2327537Z,0
4.14211,101.4850655,Daerah: Perak<br>No:6557<br>Hex coord:(83;115),n/a,0,0,0,0,0,0,1,2022-04-23T05:28:45.9550356Z,0
4.14989,101.4986123,Daerah: Perak<br>No:6558<br>Hex coord:(84;115),n/a,0,0,0,0,0,0,1,2022-04-23T05:28:46.6733518Z,0
4.12655,100.72645,Daerah: Perak<br>No:6559<br>Hex coord:(27;116),n/a,0,0,0,0,0,0,1,2022-04-23T05:28:47.3989206Z,0
4.13433,100.7399968,Daerah: Perak<br>No:6560<br>Hex coord:(28;116),n/a,2 ,0,0,0,0,0,1,2022-04-23T05:28:48.1483242Z,0
4.12655,100.7535435,Daerah: Perak<br>No:6561<br>Hex coord:(29;116),n/a,2 ,0,0,0,0,0,1,2022-04-23T05:28:48.8727422Z,0
4.13433,100.7670902,Daerah: Perak<br>No:6562<br>Hex coord:(30;116),n/a,2 ,0,0,0,0,0,1,2022-04-23T05:28:49.6020843Z,0
4.12655,100.7806369,Daerah: Perak<br>No:6563<br>Hex coord:(31;116),n/a,4 ,0,0,0,0,0,1,2022-04-23T05:28:50.3288866Z,0
4.13433,100.7941836,Daerah: Perak<br>No:6564<br>Hex coord:(32;116),n/a,0,0,0,0,0,0,1,2022-04-23T05:28:51.0521221Z,0
4.12655,100.8077303,Daerah: Perak<br>No:6565<br>Hex coord:(33;116),n/a,0,0,0,0,0,0,1,2022-04-23T05:28:51.7729071Z,0
4.13433,100.821277,Daerah: Perak<br>No:6566<br>Hex coord:(34;116),n/a,0,0,0,0,0,0,1,2022-04-23T05:28:53.4899780Z,0
4.12655,100.8348237,Daerah: Perak<br>No:6567<br>Hex coord:(35;116),n/a,0,0,0,0,0,0,1,2022-04-23T05:28:54.2049717Z,0
4.13433,100.8483704,Daerah: Perak<br>No:6568<br>Hex coord:(36;116),n/a,0,0,0,0,0,0,1,2022-04-23T05:28:55.0867200Z,0
4.12655,100.8619171,Daerah: Perak<br>No:6569<br>Hex coord:(37;116),n/a,0,0,0,0,0,0,1,2022-04-23T05:28:55.8571540Z,0
4.13433,100.8754638,Daerah: Perak<br>No:6570<br>Hex coord:(38;116),n/a,0,0,0,0,0,0,1,2022-04-23T05:28:56.6059071Z,0
4.12655,100.8890105,Daerah: Perak<br>No:6571<br>Hex coord:(39;116),n/a,2 ,0,0,0,0,0,1,2022-04-23T05:28:57.3398901Z,0
4.13433,100.9025572,Daerah: Perak<br>No:6572<br>Hex coord:(40;116),n/a,21 ,0,0,0,0,0,1,2022-04-23T05:28:58.0690832Z,0
4.12655,100.9161039,Daerah: Perak<br>No:6573<br>Hex coord:(41;116),n/a,6 ,0,0,0,0,0,1,2022-04-23T05:28:58.7768825Z,0
4.13433,100.9296506,Daerah: Perak<br>No:6574<br>Hex coord:(42;116),n/a,0,0,0,0,0,0,1,2022-04-23T05:28:59.4982389Z,0
4.12655,100.9431973,Daerah: Perak<br>No:6575<br>Hex coord:(43;116),n/a,0,0,0,0,0,0,1,2022-04-23T05:29:00.3019839Z,0
4.13433,100.956744,Daerah: Perak<br>No:6576<br>Hex coord:(44;116),n/a,0,0,0,0,0,0,1,2022-04-23T05:29:01.0362421Z,0
4.12655,100.9702907,Daerah: Perak<br>No:6577<br>Hex coord:(45;116),n/a,0,0,0,0,0,0,1,2022-04-23T05:29:01.7664158Z,0
4.13433,100.9838374,Daerah: Perak<br>No:6578<br>Hex coord:(46;116),n/a,0,0,0,0,0,0,1,2022-04-23T05:29:02.4931417Z,0
4.12655,100.9973842,Daerah: Perak<br>No:6579<br>Hex coord:(47;116),n/a,0,0,0,0,0,0,1,2022-04-23T05:29:03.2653178Z,0
4.13433,101.0109309,Daerah: Perak<br>No:6580<br>Hex coord:(48;116),n/a,0,0,0,0,0,0,1,2022-04-23T05:29:03.9813304Z,0
4.12655,101.0244776,Daerah: Perak<br>No:6581<br>Hex coord:(49;116),n/a,0,0,0,0,0,0,1,2022-04-23T05:29:04.8214767Z,0
4.13433,101.0380243,Daerah: Perak<br>No:6582<br>Hex coord:(50;116),n/a,0,0,0,0,0,0,1,2022-04-23T05:29:05.5505428Z,0
4.12655,101.051571,Daerah: Perak<br>No:6583<br>Hex coord:(51;116),n/a,0,0,0,0,0,0,1,2022-04-23T05:29:06.2691667Z,0
4.13433,101.0651177,Daerah: Perak<br>No:6584<br>Hex coord:(52;116),n/a,0,0,0,0,0,0,1,2022-04-23T05:29:06.9852036Z,0
4.12655,101.0786644,Daerah: Perak<br>No:6585<br>Hex coord:(53;116),n/a,2 ,0,0,0,0,0,1,2022-04-23T05:29:07.7021750Z,0
4.13433,101.0922111,Daerah: Perak<br>No:6586<br>Hex coord:(54;116),n/a,2 ,0,0,0,0,0,1,2022-04-23T05:29:08.4281585Z,0
4.12655,101.1057578,Daerah: Perak<br>No:6587<br>Hex coord:(55;116),n/a,2 ,0,0,0,0,0,1,2022-04-23T05:29:09.1752586Z,0
4.13433,101.1193045,Daerah: Perak<br>No:6588<br>Hex coord:(56;116),n/a,0,0,0,0,0,0,1,2022-04-23T05:29:09.8973610Z,0
4.12655,101.1328512,Daerah: Perak<br>No:6589<br>Hex coord:(57;116),n/a,0,0,0,0,0,0,1,2022-04-23T05:29:10.6073844Z,0
4.13433,101.1463979,Daerah: Perak<br>No:6590<br>Hex coord:(58;116),n/a,0,0,0,0,0,0,1,2022-04-23T05:29:11.3354892Z,0
4.12655,101.1599446,Daerah: Perak<br>No:6591<br>Hex coord:(59;116),n/a,0,0,0,0,0,0,1,2022-04-23T05:29:12.0563622Z,0
4.13433,101.1734913,Daerah: Perak<br>No:6592<br>Hex coord:(60;116),n/a,0,0,0,0,0,0,1,2022-04-23T05:29:12.7866602Z,0
4.12655,101.187038,Daerah: Perak<br>No:6593<br>Hex coord:(61;116),n/a,0,0,0,0,0,0,1,2022-04-23T05:29:13.5019999Z,0
4.13433,101.2005847,Daerah: Perak<br>No:6594<br>Hex coord:(62;116),n/a,0,0,0,0,0,0,1,2022-04-23T05:29:14.2367246Z,0
4.12655,101.2141314,Daerah: Perak<br>No:6595<br>Hex coord:(63;116),n/a,0,0,0,0,0,0,1,2022-04-23T05:29:14.9695095Z,0
4.13433,101.2276781,Daerah: Perak<br>No:6596<br>Hex coord:(64;116),n/a,0,0,0,0,0,0,1,2022-04-23T05:29:15.6928877Z,0
4.12655,101.2412249,Daerah: Perak<br>No:6597<br>Hex coord:(65;116),n/a,0,0,0,0,0,0,1,2022-04-23T05:29:16.4175608Z,0
4.13433,101.2547716,Daerah: Perak<br>No:6598<br>Hex coord:(66;116),n/a,0,0,0,0,0,0,1,2022-04-23T05:29:17.1477428Z,0
4.12655,101.2683183,Daerah: Perak<br>No:6599<br>Hex coord:(67;116),n/a,1 ,0,0,0,0,0,1,2022-04-23T05:29:17.8626517Z,0
4.13433,101.281865,Daerah: Perak<br>No:6600<br>Hex coord:(68;116),n/a,5 ,0,0,0,0,0,1,2022-04-23T05:29:18.5787659Z,0
4.12655,101.2954117,Daerah: Perak<br>No:6601<br>Hex coord:(69;116),n/a,0,0,0,0,0,0,1,2022-04-23T05:29:19.3388725Z,0
4.13433,101.3089584,Daerah: Perak<br>No:6602<br>Hex coord:(70;116),n/a,0,0,0,0,0,0,1,2022-04-23T05:29:20.0708363Z,0
4.12655,101.3225051,Daerah: Perak<br>No:6603<br>Hex coord:(71;116),n/a,0,0,0,0,0,0,1,2022-04-23T05:29:20.8021200Z,0
4.13433,101.3360518,Daerah: Perak<br>No:6604<br>Hex coord:(72;116),n/a,0,0,0,0,0,0,1,2022-04-23T05:29:21.5241641Z,0
4.12655,101.3495985,Daerah: Perak<br>No:6605<br>Hex coord:(73;116),n/a,0,0,0,0,0,0,1,2022-04-23T05:29:22.2569426Z,0
4.13433,101.3631452,Daerah: Perak<br>No:6606<br>Hex coord:(74;116),n/a,0,0,0,0,0,0,1,2022-04-23T05:29:22.9779010Z,0
4.12655,101.3766919,Daerah: Perak<br>No:6607<br>Hex coord:(75;116),n/a,0,0,0,0,0,0,1,2022-04-23T05:29:23.6926811Z,0
4.13433,101.3902386,Daerah: Perak<br>No:6608<br>Hex coord:(76;116),n/a,0,0,0,0,0,0,1,2022-04-23T05:29:24.4304916Z,0
4.12655,101.4037853,Daerah: Perak<br>No:6609<br>Hex coord:(77;116),n/a,0,0,0,0,0,0,1,2022-04-23T05:29:25.1680469Z,0
4.13433,101.417332,Daerah: Perak<br>No:6610<br>Hex coord:(78;116),n/a,0,0,0,0,0,0,1,2022-04-23T05:29:25.9030222Z,0
4.12655,101.4308787,Daerah: Perak<br>No:6611<br>Hex coord:(79;116),n/a,0,0,0,0,0,0,1,2022-04-23T05:29:26.6357823Z,0
4.13433,101.4444254,Daerah: Perak<br>No:6612<br>Hex coord:(80;116),n/a,1 ,0,0,0,0,0,1,2022-04-23T05:29:27.3685279Z,0
4.12655,101.4579721,Daerah: Perak<br>No:6613<br>Hex coord:(81;116),n/a,0,0,0,0,0,0,1,2022-04-23T05:29:28.1073070Z,0
4.13433,101.4715188,Daerah: Perak<br>No:6614<br>Hex coord:(82;116),n/a,0,0,0,0,0,0,1,2022-04-23T05:29:28.8246150Z,0
4.12655,101.4850655,Daerah: Perak<br>No:6615<br>Hex coord:(83;116),n/a,0,0,0,0,0,0,1,2022-04-23T05:29:29.5394672Z,0
4.13433,101.4986123,Daerah: Perak<br>No:6616<br>Hex coord:(84;116),n/a,0,0,0,0,0,0,1,2022-04-23T05:29:30.2543456Z,0
4.11877,100.7399968,Daerah: Perak<br>No:6617<br>Hex coord:(28;117),n/a,0,0,0,0,0,0,1,2022-04-23T05:29:30.9692981Z,0
4.11099,100.7535435,Daerah: Perak<br>No:6618<br>Hex coord:(29;117),n/a,0,0,0,0,0,0,1,2022-04-23T05:29:31.6922264Z,0
4.11877,100.7670902,Daerah: Perak<br>No:6619<br>Hex coord:(30;117),n/a,2 ,0,0,0,0,0,1,2022-04-23T05:29:32.4420832Z,0
4.11099,100.7806369,Daerah: Perak<br>No:6620<br>Hex coord:(31;117),n/a,6 ,0,0,0,0,0,1,2022-04-23T05:29:33.2071314Z,0
4.11877,100.7941836,Daerah: Perak<br>No:6621<br>Hex coord:(32;117),n/a,1 ,0,0,0,0,0,1,2022-04-23T05:29:33.9373695Z,0
4.11099,100.8077303,Daerah: Perak<br>No:6622<br>Hex coord:(33;117),n/a,0,0,0,0,0,0,1,2022-04-23T05:29:34.6606025Z,0
4.11877,100.821277,Daerah: Perak<br>No:6623<br>Hex coord:(34;117),n/a,0,0,0,0,0,0,1,2022-04-23T05:29:35.3886750Z,0
4.11099,100.8348237,Daerah: Perak<br>No:6624<br>Hex coord:(35;117),n/a,0,0,0,0,0,0,1,2022-04-23T05:29:36.2706957Z,0
4.11877,100.8483704,Daerah: Perak<br>No:6625<br>Hex coord:(36;117),n/a,0,0,0,0,0,0,1,2022-04-23T05:29:37.0151057Z,0
4.11099,100.8619171,Daerah: Perak<br>No:6626<br>Hex coord:(37;117),n/a,0,0,0,0,0,0,1,2022-04-23T05:29:37.7405035Z,0
4.11877,100.8754638,Daerah: Perak<br>No:6627<br>Hex coord:(38;117),n/a,0,0,0,0,0,0,1,2022-04-23T05:29:38.4744789Z,0
4.11099,100.8890105,Daerah: Perak<br>No:6628<br>Hex coord:(39;117),n/a,0,0,0,0,0,0,1,2022-04-23T05:29:39.5443786Z,0
4.11877,100.9025572,Daerah: Perak<br>No:6629<br>Hex coord:(40;117),n/a,0,0,0,0,0,0,1,2022-04-23T05:29:40.4500302Z,0
4.11099,100.9161039,Daerah: Perak<br>No:6630<br>Hex coord:(41;117),n/a,0,0,0,0,0,0,1,2022-04-23T05:29:41.1890641Z,0
4.11877,100.9296506,Daerah: Perak<br>No:6631<br>Hex coord:(42;117),n/a,0,0,0,0,0,0,1,2022-04-23T05:29:41.9346497Z,0
4.11099,100.9431973,Daerah: Perak<br>No:6632<br>Hex coord:(43;117),n/a,0,0,0,0,0,0,1,2022-04-23T05:29:42.6615475Z,0
4.11877,100.956744,Daerah: Perak<br>No:6633<br>Hex coord:(44;117),n/a,0,0,0,0,0,0,1,2022-04-23T05:29:43.5313085Z,0
4.11099,100.9702907,Daerah: Perak<br>No:6634<br>Hex coord:(45;117),n/a,0,0,0,0,0,0,1,2022-04-23T05:29:44.3845690Z,0
4.11877,100.9838374,Daerah: Perak<br>No:6635<br>Hex coord:(46;117),n/a,0,0,0,0,0,0,1,2022-04-23T05:29:45.1380843Z,0
4.11099,100.9973842,Daerah: Perak<br>No:6636<br>Hex coord:(47;117),n/a,0,0,0,0,0,0,1,2022-04-23T05:29:45.8796627Z,0
4.11877,101.0109309,Daerah: Perak<br>No:6637<br>Hex coord:(48;117),n/a,0,0,0,0,0,0,1,2022-04-23T05:29:46.6328466Z,0
4.11099,101.0244776,Daerah: Perak<br>No:6638<br>Hex coord:(49;117),n/a,0,0,0,0,0,0,1,2022-04-23T05:29:47.3635929Z,0
4.11877,101.0380243,Daerah: Perak<br>No:6639<br>Hex coord:(50;117),n/a,1 ,0,0,0,0,0,1,2022-04-23T05:29:48.2547482Z,0
4.11099,101.051571,Daerah: Perak<br>No:6640<br>Hex coord:(51;117),n/a,0,0,0,0,0,0,1,2022-04-23T05:29:48.9894652Z,0
4.11877,101.0651177,Daerah: Perak<br>No:6641<br>Hex coord:(52;117),n/a,0,0,0,0,0,0,1,2022-04-23T05:29:49.7128486Z,0
4.11099,101.0786644,Daerah: Perak<br>No:6642<br>Hex coord:(53;117),n/a,0,0,0,0,0,0,1,2022-04-23T05:29:50.4305851Z,0
4.11877,101.0922111,Daerah: Perak<br>No:6643<br>Hex coord:(54;117),n/a,1 ,0,0,0,0,0,1,2022-04-23T05:29:51.1772277Z,0
4.11099,101.1057578,Daerah: Perak<br>No:6644<br>Hex coord:(55;117),n/a,0,0,0,0,0,0,1,2022-04-23T05:29:51.8921365Z,0
4.11877,101.1193045,Daerah: Perak<br>No:6645<br>Hex coord:(56;117),n/a,0,0,0,0,0,0,1,2022-04-23T05:29:52.6162068Z,0
4.11099,101.1328512,Daerah: Perak<br>No:6646<br>Hex coord:(57;117),n/a,0,0,0,0,0,0,1,2022-04-23T05:29:53.3435298Z,0
4.11877,101.1463979,Daerah: Perak<br>No:6647<br>Hex coord:(58;117),n/a,0,0,0,0,0,0,1,2022-04-23T05:29:54.0702661Z,0
4.11099,101.1599446,Daerah: Perak<br>No:6648<br>Hex coord:(59;117),n/a,0,0,0,0,0,0,1,2022-04-23T05:29:54.7804297Z,0
4.11877,101.1734913,Daerah: Perak<br>No:6649<br>Hex coord:(60;117),n/a,0,0,0,0,0,0,1,2022-04-23T05:29:55.5180618Z,0
4.11099,101.187038,Daerah: Perak<br>No:6650<br>Hex coord:(61;117),n/a,0,0,0,0,0,0,1,2022-04-23T05:29:56.2692202Z,0
4.11877,101.2005847,Daerah: Perak<br>No:6651<br>Hex coord:(62;117),n/a,0,0,0,0,0,0,1,2022-04-23T05:29:56.9824098Z,0
4.11099,101.2141314,Daerah: Perak<br>No:6652<br>Hex coord:(63;117),n/a,0,0,0,0,0,0,1,2022-04-23T05:29:57.7189064Z,0
4.11877,101.2276781,Daerah: Perak<br>No:6653<br>Hex coord:(64;117),n/a,0,0,0,0,0,0,1,2022-04-23T05:29:58.4480998Z,0
4.11099,101.2412249,Daerah: Perak<br>No:6654<br>Hex coord:(65;117),n/a,0,0,0,0,0,0,1,2022-04-23T05:29:59.1690551Z,0
4.11877,101.2547716,Daerah: Perak<br>No:6655<br>Hex coord:(66;117),n/a,0,0,0,0,0,0,1,2022-04-23T05:29:59.9040847Z,0
4.11099,101.2683183,Daerah: Perak<br>No:6656<br>Hex coord:(67;117),n/a,3 ,0,0,0,0,0,1,2022-04-23T05:30:00.6874929Z,0
4.11877,101.281865,Daerah: Perak<br>No:6657<br>Hex coord:(68;117),n/a,10 ,0,0,0,0,0,1,2022-04-23T05:30:01.4483386Z,0
4.11099,101.2954117,Daerah: Perak<br>No:6658<br>Hex coord:(69;117),n/a,22 ,0,0,0,0,0,1,2022-04-23T05:30:02.1741757Z,0
4.11877,101.3089584,Daerah: Perak<br>No:6659<br>Hex coord:(70;117),n/a,0,0,0,0,0,0,1,2022-04-23T05:30:02.9069486Z,0
4.11099,101.3225051,Daerah: Perak<br>No:6660<br>Hex coord:(71;117),n/a,1 ,0,0,0,0,0,1,2022-04-23T05:30:03.6372469Z,0
4.11877,101.3360518,Daerah: Perak<br>No:6661<br>Hex coord:(72;117),n/a,0,0,0,0,0,0,1,2022-04-23T05:30:04.3865304Z,0
4.11099,101.3495985,Daerah: Perak<br>No:6662<br>Hex coord:(73;117),n/a,0,0,0,0,0,0,1,2022-04-23T05:30:05.1181361Z,0
4.11877,101.3631452,Daerah: Perak<br>No:6663<br>Hex coord:(74;117),n/a,0,0,0,0,0,0,1,2022-04-23T05:30:05.8452635Z,0
4.11099,101.3766919,Daerah: Perak<br>No:6664<br>Hex coord:(75;117),n/a,0,0,0,0,0,0,1,2022-04-23T05:30:06.5649348Z,0
4.11877,101.3902386,Daerah: Perak<br>No:6665<br>Hex coord:(76;117),n/a,0,0,0,0,0,0,1,2022-04-23T05:30:07.6799264Z,0
4.11099,101.4037853,Daerah: Perak<br>No:6666<br>Hex coord:(77;117),n/a,0,0,0,0,0,0,1,2022-04-23T05:30:08.4200844Z,0
4.11877,101.417332,Daerah: Perak<br>No:6667<br>Hex coord:(78;117),n/a,0,0,0,0,0,0,1,2022-04-23T05:30:09.1527931Z,0
4.11099,101.4308787,Daerah: Perak<br>No:6668<br>Hex coord:(79;117),n/a,0,0,0,0,0,0,1,2022-04-23T05:30:09.8938377Z,0
4.11877,101.4444254,Daerah: Perak<br>No:6669<br>Hex coord:(80;117),n/a,1 ,0,0,0,0,0,1,2022-04-23T05:30:10.6191311Z,0
4.11099,101.4579721,Daerah: Perak<br>No:6670<br>Hex coord:(81;117),n/a,0,0,0,0,0,0,1,2022-04-23T05:30:11.4046457Z,0
4.11877,101.4715188,Daerah: Perak<br>No:6671<br>Hex coord:(82;117),n/a,0,0,0,0,0,0,1,2022-04-23T05:30:12.1457973Z,0
4.11099,101.4850655,Daerah: Perak<br>No:6672<br>Hex coord:(83;117),n/a,0,0,0,0,0,0,1,2022-04-23T05:30:12.8736641Z,0
4.11877,101.4986123,Daerah: Perak<br>No:6673<br>Hex coord:(84;117),n/a,0,0,0,0,0,0,1,2022-04-23T05:30:13.6017585Z,0
4.11099,101.512159,Daerah: Perak<br>No:6674<br>Hex coord:(85;117),n/a,0,0,0,0,0,0,1,2022-04-23T05:30:14.4298470Z,0
4.11877,101.5257057,Daerah: Perak<br>No:6675<br>Hex coord:(86;117),n/a,0,0,0,0,0,0,1,2022-04-23T05:30:15.1627366Z,0
4.11099,101.5392524,Daerah: Perak<br>No:6676<br>Hex coord:(87;117),n/a,0,0,0,0,0,0,1,2022-04-23T05:30:15.8835918Z,0
4.10321,100.7670902,Daerah: Perak<br>No:6677<br>Hex coord:(30;118),n/a,1 ,0,0,0,0,0,1,2022-04-23T05:30:16.5961187Z,0
4.09543,100.7806369,Daerah: Perak<br>No:6678<br>Hex coord:(31;118),n/a,0,0,0,0,0,0,1,2022-04-23T05:30:17.3240968Z,0
4.10321,100.7941836,Daerah: Perak<br>No:6679<br>Hex coord:(32;118),n/a,4 ,0,0,0,0,0,1,2022-04-23T05:30:18.1083762Z,0
4.09543,100.8077303,Daerah: Perak<br>No:6680<br>Hex coord:(33;118),n/a,0,0,0,0,0,0,1,2022-04-23T05:30:18.8350381Z,0
4.10321,100.821277,Daerah: Perak<br>No:6681<br>Hex coord:(34;118),n/a,0,0,0,0,0,0,1,2022-04-23T05:30:19.5534502Z,0
4.09543,100.8348237,Daerah: Perak<br>No:6682<br>Hex coord:(35;118),n/a,0,0,0,0,0,0,1,2022-04-23T05:30:20.2941190Z,0
4.10321,100.8483704,Daerah: Perak<br>No:6683<br>Hex coord:(36;118),n/a,0,0,0,0,0,0,1,2022-04-23T05:30:21.0318522Z,0
4.09543,100.8619171,Daerah: Perak<br>No:6684<br>Hex coord:(37;118),n/a,0,0,0,0,0,0,1,2022-04-23T05:30:21.7469899Z,0
4.10321,100.8754638,Daerah: Perak<br>No:6685<br>Hex coord:(38;118),n/a,0,0,0,0,0,0,1,2022-04-23T05:30:22.5858248Z,0
4.09543,100.8890105,Daerah: Perak<br>No:6686<br>Hex coord:(39;118),n/a,0,0,0,0,0,0,1,2022-04-23T05:30:23.3138464Z,0
4.10321,100.9025572,Daerah: Perak<br>No:6687<br>Hex coord:(40;118),n/a,0,0,0,0,0,0,1,2022-04-23T05:30:24.0428643Z,0
4.09543,100.9161039,Daerah: Perak<br>No:6688<br>Hex coord:(41;118),n/a,0,0,0,0,0,0,1,2022-04-23T05:30:24.7726914Z,0
4.10321,100.9296506,Daerah: Perak<br>No:6689<br>Hex coord:(42;118),n/a,0,0,0,0,0,0,1,2022-04-23T05:30:25.5144404Z,0
4.09543,100.9431973,Daerah: Perak<br>No:6690<br>Hex coord:(43;118),n/a,5 ,0,0,0,0,0,1,2022-04-23T05:30:26.2435552Z,0
4.10321,100.956744,Daerah: Perak<br>No:6691<br>Hex coord:(44;118),n/a,1 ,0,0,0,0,0,1,2022-04-23T05:30:26.9668178Z,0
4.09543,100.9702907,Daerah: Perak<br>No:6692<br>Hex coord:(45;118),n/a,0,0,0,0,0,0,1,2022-04-23T05:30:27.6949533Z,0
4.10321,100.9838374,Daerah: Perak<br>No:6693<br>Hex coord:(46;118),n/a,0,0,0,0,0,0,1,2022-04-23T05:30:28.4426610Z,0
4.09543,100.9973842,Daerah: Perak<br>No:6694<br>Hex coord:(47;118),n/a,0,0,0,0,0,0,1,2022-04-23T05:30:29.1628410Z,0
4.10321,101.0109309,Daerah: Perak<br>No:6695<br>Hex coord:(48;118),n/a,0,0,0,0,0,0,1,2022-04-23T05:30:29.8873046Z,0
4.09543,101.0244776,Daerah: Perak<br>No:6696<br>Hex coord:(49;118),n/a,0,0,0,0,0,0,1,2022-04-23T05:30:31.6185676Z,0
4.10321,101.0380243,Daerah: Perak<br>No:6697<br>Hex coord:(50;118),n/a,0,0,0,0,0,0,1,2022-04-23T05:30:32.3466143Z,0
4.09543,101.051571,Daerah: Perak<br>No:6698<br>Hex coord:(51;118),n/a,0,0,0,0,0,0,1,2022-04-23T05:30:33.0638524Z,0
4.10321,101.0651177,Daerah: Perak<br>No:6699<br>Hex coord:(52;118),n/a,1 ,0,0,0,0,0,1,2022-04-23T05:30:33.7826219Z,0
4.09543,101.0786644,Daerah: Perak<br>No:6700<br>Hex coord:(53;118),n/a,1 ,0,0,0,0,0,1,2022-04-23T05:30:34.6644038Z,0
4.10321,101.0922111,Daerah: Perak<br>No:6701<br>Hex coord:(54;118),n/a,1 ,0,0,0,0,0,1,2022-04-23T05:30:35.3899353Z,0
4.09543,101.1057578,Daerah: Perak<br>No:6702<br>Hex coord:(55;118),n/a,0,0,0,0,0,0,1,2022-04-23T05:30:36.1143022Z,0
4.10321,101.1193045,Daerah: Perak<br>No:6703<br>Hex coord:(56;118),n/a,0,0,0,0,0,0,1,2022-04-23T05:30:36.8542909Z,0
4.09543,101.1328512,Daerah: Perak<br>No:6704<br>Hex coord:(57;118),n/a,0,0,0,0,0,0,1,2022-04-23T05:30:37.5977978Z,0
4.10321,101.1463979,Daerah: Perak<br>No:6705<br>Hex coord:(58;118),n/a,0,0,0,0,0,0,1,2022-04-23T05:30:38.3495887Z,0
4.09543,101.1599446,Daerah: Perak<br>No:6706<br>Hex coord:(59;118),n/a,0,0,0,0,0,0,1,2022-04-23T05:30:39.0728455Z,0
4.10321,101.1734913,Daerah: Perak<br>No:6707<br>Hex coord:(60;118),n/a,0,0,0,0,0,0,1,2022-04-23T05:30:39.8199761Z,0
4.09543,101.187038,Daerah: Perak<br>No:6708<br>Hex coord:(61;118),n/a,0,0,0,0,0,0,1,2022-04-23T05:30:40.5443346Z,0
4.10321,101.2005847,Daerah: Perak<br>No:6709<br>Hex coord:(62;118),n/a,0,0,0,0,0,0,1,2022-04-23T05:30:41.2723890Z,0
4.09543,101.2141314,Daerah: Perak<br>No:6710<br>Hex coord:(63;118),n/a,0,0,0,0,0,0,1,2022-04-23T05:30:41.9968011Z,0
4.10321,101.2276781,Daerah: Perak<br>No:6711<br>Hex coord:(64;118),n/a,0,0,0,0,0,0,1,2022-04-23T05:30:42.7358409Z,0
4.09543,101.2412249,Daerah: Perak<br>No:6712<br>Hex coord:(65;118),n/a,0,0,0,0,0,0,1,2022-04-23T05:30:43.4620302Z,0
4.10321,101.2547716,Daerah: Perak<br>No:6713<br>Hex coord:(66;118),n/a,0,0,0,0,0,0,1,2022-04-23T05:30:44.2344843Z,0
4.09543,101.2683183,Daerah: Perak<br>No:6714<br>Hex coord:(67;118),n/a,0,0,0,0,0,0,1,2022-04-23T05:30:44.9530889Z,0
4.10321,101.281865,Daerah: Perak<br>No:6715<br>Hex coord:(68;118),n/a,11 ,0,0,0,0,0,1,2022-04-23T05:30:45.7143466Z,0
4.09543,101.2954117,Daerah: Perak<br>No:6716<br>Hex coord:(69;118),n/a,2 ,0,0,0,0,0,1,2022-04-23T05:30:46.4342540Z,0
4.10321,101.3089584,Daerah: Perak<br>No:6717<br>Hex coord:(70;118),n/a,1 ,0,0,0,0,0,1,2022-04-23T05:30:47.1538951Z,0
4.09543,101.3225051,Daerah: Perak<br>No:6718<br>Hex coord:(71;118),n/a,0,0,0,0,0,0,1,2022-04-23T05:30:47.8921244Z,0
4.10321,101.3360518,Daerah: Perak<br>No:6719<br>Hex coord:(72;118),n/a,0,0,0,0,0,0,1,2022-04-23T05:30:48.6584947Z,0
4.09543,101.3495985,Daerah: Perak<br>No:6720<br>Hex coord:(73;118),n/a,0,0,0,0,0,0,1,2022-04-23T05:30:49.3845244Z,0
4.10321,101.3631452,Daerah: Perak<br>No:6721<br>Hex coord:(74;118),n/a,0,0,0,0,0,0,1,2022-04-23T05:30:50.1516081Z,0
4.09543,101.3766919,Daerah: Perak<br>No:6722<br>Hex coord:(75;118),n/a,0,0,0,0,0,0,1,2022-04-23T05:30:50.8820112Z,0
4.10321,101.3902386,Daerah: Perak<br>No:6723<br>Hex coord:(76;118),n/a,0,0,0,0,0,0,1,2022-04-23T05:30:51.6756282Z,0
4.09543,101.4037853,Daerah: Perak<br>No:6724<br>Hex coord:(77;118),n/a,0,0,0,0,0,0,1,2022-04-23T05:30:52.4040867Z,0
4.10321,101.417332,Daerah: Perak<br>No:6725<br>Hex coord:(78;118),n/a,0,0,0,0,0,0,1,2022-04-23T05:30:53.3484420Z,0
4.09543,101.4308787,Daerah: Perak<br>No:6726<br>Hex coord:(79;118),n/a,0,0,0,0,0,0,1,2022-04-23T05:30:54.0788322Z,0
4.10321,101.4444254,Daerah: Perak<br>No:6727<br>Hex coord:(80;118),n/a,0,0,0,0,0,0,1,2022-04-23T05:30:54.8392902Z,0
4.09543,101.4579721,Daerah: Perak<br>No:6728<br>Hex coord:(81;118),n/a,0,0,0,0,0,0,1,2022-04-23T05:30:55.5849492Z,0
4.10321,101.4715188,Daerah: Perak<br>No:6729<br>Hex coord:(82;118),n/a,0,0,0,0,0,0,1,2022-04-23T05:30:56.3081648Z,0
4.09543,101.4850655,Daerah: Perak<br>No:6730<br>Hex coord:(83;118),n/a,0,0,0,0,0,0,1,2022-04-23T05:30:57.0445574Z,0
4.10321,101.4986123,Daerah: Perak<br>No:6731<br>Hex coord:(84;118),n/a,0,0,0,0,0,0,1,2022-04-23T05:30:57.7760531Z,0
4.09543,101.512159,Daerah: Perak<br>No:6732<br>Hex coord:(85;118),n/a,0,0,0,0,0,0,1,2022-04-23T05:30:58.5219662Z,0
4.10321,101.5257057,Daerah: Perak<br>No:6733<br>Hex coord:(86;118),n/a,0,0,0,0,0,0,1,2022-04-23T05:30:59.2416813Z,0
4.09543,101.5392524,Daerah: Perak<br>No:6734<br>Hex coord:(87;118),n/a,0,0,0,0,0,0,1,2022-04-23T05:30:59.9804080Z,0
4.10321,101.5527991,Daerah: Perak<br>No:6735<br>Hex coord:(88;118),n/a,0,0,0,0,0,0,1,2022-04-23T05:31:00.7158211Z,0
4.08765,100.7670902,Daerah: Perak<br>No:6736<br>Hex coord:(30;119),n/a,0,0,0,0,0,0,1,2022-04-23T05:31:01.4686492Z,0
4.07987,100.7806369,Daerah: Perak<br>No:6737<br>Hex coord:(31;119),n/a,0,0,0,0,0,0,1,2022-04-23T05:31:02.2812476Z,0
4.08765,100.7941836,Daerah: Perak<br>No:6738<br>Hex coord:(32;119),n/a,0,0,0,0,0,0,1,2022-04-23T05:31:03.0980949Z,0
4.07987,100.8077303,Daerah: Perak<br>No:6739<br>Hex coord:(33;119),n/a,0,0,0,0,0,0,1,2022-04-23T05:31:03.8963077Z,0
4.08765,100.821277,Daerah: Perak<br>No:6740<br>Hex coord:(34;119),n/a,0,0,0,0,0,0,1,2022-04-23T05:31:04.7134465Z,0
4.07987,100.8348237,Daerah: Perak<br>No:6741<br>Hex coord:(35;119),n/a,0,0,0,0,0,0,1,2022-04-23T05:31:05.5712516Z,0
4.08765,100.8483704,Daerah: Perak<br>No:6742<br>Hex coord:(36;119),n/a,0,0,0,0,0,0,1,2022-04-23T05:31:06.3741603Z,0
4.07987,100.8619171,Daerah: Perak<br>No:6743<br>Hex coord:(37;119),n/a,0,0,0,0,0,0,1,2022-04-23T05:31:07.1578721Z,0
4.08765,100.8754638,Daerah: Perak<br>No:6744<br>Hex coord:(38;119),n/a,0,0,0,0,0,0,1,2022-04-23T05:31:07.9582374Z,0
4.07987,100.8890105,Daerah: Perak<br>No:6745<br>Hex coord:(39;119),n/a,0,0,0,0,0,0,1,2022-04-23T05:31:08.7429492Z,0
4.08765,100.9025572,Daerah: Perak<br>No:6746<br>Hex coord:(40;119),n/a,0,0,0,0,0,0,1,2022-04-23T05:31:09.5167250Z,0
4.07987,100.9161039,Daerah: Perak<br>No:6747<br>Hex coord:(41;119),n/a,0,0,0,0,0,0,1,2022-04-23T05:31:10.2908644Z,0
4.08765,100.9296506,Daerah: Perak<br>No:6748<br>Hex coord:(42;119),n/a,0,0,0,0,0,0,1,2022-04-23T05:31:11.0588426Z,0
4.07987,100.9431973,Daerah: Perak<br>No:6749<br>Hex coord:(43;119),n/a,0,0,0,0,0,0,1,2022-04-23T05:31:11.8097607Z,0
4.08765,100.956744,Daerah: Perak<br>No:6750<br>Hex coord:(44;119),n/a,0,0,0,0,0,0,1,2022-04-23T05:31:12.5486891Z,0
4.07987,100.9702907,Daerah: Perak<br>No:6751<br>Hex coord:(45;119),n/a,2 ,0,0,0,0,0,1,2022-04-23T05:31:13.2777207Z,0
4.08765,100.9838374,Daerah: Perak<br>No:6752<br>Hex coord:(46;119),n/a,0,0,0,0,0,0,1,2022-04-23T05:31:14.0036887Z,0
4.07987,100.9973842,Daerah: Perak<br>No:6753<br>Hex coord:(47;119),n/a,0,0,0,0,0,0,1,2022-04-23T05:31:14.7260102Z,0
4.08765,101.0109309,Daerah: Perak<br>No:6754<br>Hex coord:(48;119),n/a,0,0,0,0,0,0,1,2022-04-23T05:31:15.4915638Z,0
4.07987,101.0244776,Daerah: Perak<br>No:6755<br>Hex coord:(49;119),n/a,0,0,0,0,0,0,1,2022-04-23T05:31:16.2041274Z,0
4.08765,101.0380243,Daerah: Perak<br>No:6756<br>Hex coord:(50;119),n/a,2 ,0,0,0,0,0,1,2022-04-23T05:31:16.9213888Z,0
4.07987,101.051571,Daerah: Perak<br>No:6757<br>Hex coord:(51;119),n/a,2 ,0,0,0,0,0,1,2022-04-23T05:31:17.6541994Z,0
4.08765,101.0651177,Daerah: Perak<br>No:6758<br>Hex coord:(52;119),n/a,0,0,0,0,0,0,1,2022-04-23T05:31:18.4132074Z,0
4.07987,101.0786644,Daerah: Perak<br>No:6759<br>Hex coord:(53;119),n/a,0,0,0,0,0,0,1,2022-04-23T05:31:19.1376069Z,0
4.08765,101.0922111,Daerah: Perak<br>No:6760<br>Hex coord:(54;119),n/a,0,0,0,0,0,0,1,2022-04-23T05:31:19.8587468Z,0
4.07987,101.1057578,Daerah: Perak<br>No:6761<br>Hex coord:(55;119),n/a,0,0,0,0,0,0,1,2022-04-23T05:31:20.6091473Z,0
4.08765,101.1193045,Daerah: Perak<br>No:6762<br>Hex coord:(56;119),n/a,1 ,0,0,0,0,0,1,2022-04-23T05:31:21.3344216Z,0
4.07987,101.1328512,Daerah: Perak<br>No:6763<br>Hex coord:(57;119),n/a,3 ,0,0,0,0,0,1,2022-04-23T05:31:22.0713132Z,0
4.08765,101.1463979,Daerah: Perak<br>No:6764<br>Hex coord:(58;119),n/a,2 ,0,0,0,0,0,1,2022-04-23T05:31:22.8264618Z,0
4.07987,101.1599446,Daerah: Perak<br>No:6765<br>Hex coord:(59;119),n/a,7 ,0,0,0,0,0,1,2022-04-23T05:31:23.5653124Z,0
4.08765,101.1734913,Daerah: Perak<br>No:6766<br>Hex coord:(60;119),n/a,0,0,0,0,0,0,1,2022-04-23T05:31:24.3000851Z,0
4.07987,101.187038,Daerah: Perak<br>No:6767<br>Hex coord:(61;119),n/a,0,0,0,0,0,0,1,2022-04-23T05:31:25.1310277Z,0
4.08765,101.2005847,Daerah: Perak<br>No:6768<br>Hex coord:(62;119),n/a,0,0,0,0,0,0,1,2022-04-23T05:31:25.8530359Z,0
4.07987,101.2141314,Daerah: Perak<br>No:6769<br>Hex coord:(63;119),n/a,0,0,0,0,0,0,1,2022-04-23T05:31:26.5739116Z,0
4.08765,101.2276781,Daerah: Perak<br>No:6770<br>Hex coord:(64;119),n/a,0,0,0,0,0,0,1,2022-04-23T05:31:27.3138049Z,0
4.07987,101.2412249,Daerah: Perak<br>No:6771<br>Hex coord:(65;119),n/a,0,0,0,0,0,0,1,2022-04-23T05:31:28.0694515Z,0
4.08765,101.2547716,Daerah: Perak<br>No:6772<br>Hex coord:(66;119),n/a,0,0,0,0,0,0,1,2022-04-23T05:31:28.8163889Z,0
4.07987,101.2683183,Daerah: Perak<br>No:6773<br>Hex coord:(67;119),n/a,0,0,0,0,0,0,1,2022-04-23T05:31:29.5407748Z,0
4.08765,101.281865,Daerah: Perak<br>No:6774<br>Hex coord:(68;119),n/a,3 ,0,0,0,0,0,1,2022-04-23T05:31:30.2711734Z,0
4.07987,101.2954117,Daerah: Perak<br>No:6775<br>Hex coord:(69;119),n/a,0,0,0,0,0,0,1,2022-04-23T05:31:30.9906874Z,0
4.08765,101.3089584,Daerah: Perak<br>No:6776<br>Hex coord:(70;119),n/a,0,0,0,0,0,0,1,2022-04-23T05:31:31.7342178Z,0
4.07987,101.3225051,Daerah: Perak<br>No:6777<br>Hex coord:(71;119),n/a,0,0,0,0,0,0,1,2022-04-23T05:31:32.4586365Z,0
4.08765,101.3360518,Daerah: Perak<br>No:6778<br>Hex coord:(72;119),n/a,0,0,0,0,0,0,1,2022-04-23T05:31:33.1860604Z,0
4.07987,101.3495985,Daerah: Perak<br>No:6779<br>Hex coord:(73;119),n/a,0,0,0,0,0,0,1,2022-04-23T05:31:33.9079056Z,0
4.08765,101.3631452,Daerah: Perak<br>No:6780<br>Hex coord:(74;119),n/a,0,0,0,0,0,0,1,2022-04-23T05:31:34.6391449Z,0
4.07987,101.3766919,Daerah: Perak<br>No:6781<br>Hex coord:(75;119),n/a,0,0,0,0,0,0,1,2022-04-23T05:31:35.3687614Z,0
4.08765,101.3902386,Daerah: Perak<br>No:6782<br>Hex coord:(76;119),n/a,0,0,0,0,0,0,1,2022-04-23T05:31:36.0925784Z,0
4.07987,101.4037853,Daerah: Perak<br>No:6783<br>Hex coord:(77;119),n/a,0,0,0,0,0,0,1,2022-04-23T05:31:36.8245529Z,0
4.08765,101.417332,Daerah: Perak<br>No:6784<br>Hex coord:(78;119),n/a,0,0,0,0,0,0,1,2022-04-23T05:31:37.5525087Z,0
4.07987,101.4308787,Daerah: Perak<br>No:6785<br>Hex coord:(79;119),n/a,0,0,0,0,0,0,1,2022-04-23T05:31:38.2910730Z,0
4.08765,101.4444254,Daerah: Perak<br>No:6786<br>Hex coord:(80;119),n/a,0,0,0,0,0,0,1,2022-04-23T05:31:39.0073731Z,0
4.07987,101.4579721,Daerah: Perak<br>No:6787<br>Hex coord:(81;119),n/a,0,0,0,0,0,0,1,2022-04-23T05:31:39.7319671Z,0
4.08765,101.4715188,Daerah: Perak<br>No:6788<br>Hex coord:(82;119),n/a,0,0,0,0,0,0,1,2022-04-23T05:31:40.4608513Z,0
4.07987,101.4850655,Daerah: Perak<br>No:6789<br>Hex coord:(83;119),n/a,0,0,0,0,0,0,1,2022-04-23T05:31:41.1912955Z,0
4.08765,101.4986123,Daerah: Perak<br>No:6790<br>Hex coord:(84;119),n/a,0,0,0,0,0,0,1,2022-04-23T05:31:41.9309736Z,0
4.07987,101.512159,Daerah: Perak<br>No:6791<br>Hex coord:(85;119),n/a,0,0,0,0,0,0,1,2022-04-23T05:31:42.6592079Z,0
4.08765,101.5257057,Daerah: Perak<br>No:6792<br>Hex coord:(86;119),n/a,0,0,0,0,0,0,1,2022-04-23T05:31:43.3848577Z,0
4.07987,101.5392524,Daerah: Perak<br>No:6793<br>Hex coord:(87;119),n/a,0,0,0,0,0,0,1,2022-04-23T05:31:44.2308286Z,0
4.08765,101.5527991,Daerah: Perak<br>No:6794<br>Hex coord:(88;119),n/a,0,0,0,0,0,0,1,2022-04-23T05:31:44.9576704Z,0
4.07987,101.5663458,Daerah: Perak<br>No:6795<br>Hex coord:(89;119),n/a,0,0,0,0,0,0,1,2022-04-23T05:31:45.6773203Z,0
4.07209,100.7670902,Daerah: Perak<br>No:6796<br>Hex coord:(30;120),n/a,0,0,0,0,0,0,1,2022-04-23T05:31:46.4006198Z,0
4.06431,100.7806369,Daerah: Perak<br>No:6797<br>Hex coord:(31;120),n/a,3 ,0,0,0,0,0,1,2022-04-23T05:31:47.1130804Z,0
4.07209,100.7941836,Daerah: Perak<br>No:6798<br>Hex coord:(32;120),n/a,3 ,0,0,0,0,0,1,2022-04-23T05:31:47.8329437Z,0
4.06431,100.8077303,Daerah: Perak<br>No:6799<br>Hex coord:(33;120),n/a,0,0,0,0,0,0,1,2022-04-23T05:31:48.5526257Z,0
4.07209,100.821277,Daerah: Perak<br>No:6800<br>Hex coord:(34;120),n/a,0,0,0,0,0,0,1,2022-04-23T05:31:49.2689331Z,0
4.06431,100.8348237,Daerah: Perak<br>No:6801<br>Hex coord:(35;120),n/a,0,0,0,0,0,0,1,2022-04-23T05:31:49.9943310Z,0
4.07209,100.8483704,Daerah: Perak<br>No:6802<br>Hex coord:(36;120),n/a,0,0,0,0,0,0,1,2022-04-23T05:31:50.7226810Z,0
4.06431,100.8619171,Daerah: Perak<br>No:6803<br>Hex coord:(37;120),n/a,0,0,0,0,0,0,1,2022-04-23T05:31:51.4386394Z,0
4.07209,100.8754638,Daerah: Perak<br>No:6804<br>Hex coord:(38;120),n/a,0,0,0,0,0,0,1,2022-04-23T05:31:52.1653370Z,0
4.06431,100.8890105,Daerah: Perak<br>No:6805<br>Hex coord:(39;120),n/a,0,0,0,0,0,0,1,2022-04-23T05:31:52.8790196Z,0
4.07209,100.9025572,Daerah: Perak<br>No:6806<br>Hex coord:(40;120),n/a,0,0,0,0,0,0,1,2022-04-23T05:31:53.6308437Z,0
4.06431,100.9161039,Daerah: Perak<br>No:6807<br>Hex coord:(41;120),n/a,0,0,0,0,0,0,1,2022-04-23T05:31:54.3627758Z,0
4.07209,100.9296506,Daerah: Perak<br>No:6808<br>Hex coord:(42;120),n/a,1 ,0,0,0,0,0,1,2022-04-23T05:31:56.3797385Z,0
4.06431,100.9431973,Daerah: Perak<br>No:6809<br>Hex coord:(43;120),n/a,0,0,0,0,0,0,1,2022-04-23T05:31:57.1006044Z,0
4.07209,100.956744,Daerah: Perak<br>No:6810<br>Hex coord:(44;120),n/a,0,0,0,0,0,0,1,2022-04-23T05:31:59.0809050Z,0
4.06431,100.9702907,Daerah: Perak<br>No:6811<br>Hex coord:(45;120),n/a,0,0,0,0,0,0,1,2022-04-23T05:31:59.8020798Z,0
4.07209,100.9838374,Daerah: Perak<br>No:6812<br>Hex coord:(46;120),n/a,0,0,0,0,0,0,1,2022-04-23T05:32:00.5368916Z,0
4.06431,100.9973842,Daerah: Perak<br>No:6813<br>Hex coord:(47;120),n/a,1 ,0,0,0,0,0,1,2022-04-23T05:32:01.2911618Z,0
4.07209,101.0109309,Daerah: Perak<br>No:6814<br>Hex coord:(48;120),n/a,0,0,0,0,0,0,1,2022-04-23T05:32:02.0143314Z,0
4.06431,101.0244776,Daerah: Perak<br>No:6815<br>Hex coord:(49;120),n/a,0,0,0,0,0,0,1,2022-04-23T05:32:02.7505734Z,0
4.07209,101.0380243,Daerah: Perak<br>No:6816<br>Hex coord:(50;120),n/a,0,0,0,0,0,0,1,2022-04-23T05:32:03.4726309Z,0
4.06431,101.051571,Daerah: Perak<br>No:6817<br>Hex coord:(51;120),n/a,3 ,0,0,0,0,0,1,2022-04-23T05:32:04.1855930Z,0
4.07209,101.0651177,Daerah: Perak<br>No:6818<br>Hex coord:(52;120),n/a,2 ,0,0,0,0,0,1,2022-04-23T05:32:04.9072291Z,0
4.06431,101.0786644,Daerah: Perak<br>No:6819<br>Hex coord:(53;120),n/a,0,0,0,0,0,0,1,2022-04-23T05:32:05.6363829Z,0
4.07209,101.0922111,Daerah: Perak<br>No:6820<br>Hex coord:(54;120),n/a,0,0,0,0,0,0,1,2022-04-23T05:32:06.3586511Z,0
4.06431,101.1057578,Daerah: Perak<br>No:6821<br>Hex coord:(55;120),n/a,0,0,0,0,0,0,1,2022-04-23T05:32:07.0757943Z,0
4.07209,101.1193045,Daerah: Perak<br>No:6822<br>Hex coord:(56;120),n/a,0,0,0,0,0,0,1,2022-04-23T05:32:07.8097078Z,0
4.06431,101.1328512,Daerah: Perak<br>No:6823<br>Hex coord:(57;120),n/a,0,0,0,0,0,0,1,2022-04-23T05:32:08.5294929Z,0
4.07209,101.1463979,Daerah: Perak<br>No:6824<br>Hex coord:(58;120),n/a,13 ,0,0,0,0,0,1,2022-04-23T05:32:09.2598770Z,0
4.06431,101.1599446,Daerah: Perak<br>No:6825<br>Hex coord:(59;120),n/a,2 ,0,0,0,0,0,1,2022-04-23T05:32:09.9962616Z,0
4.07209,101.1734913,Daerah: Perak<br>No:6826<br>Hex coord:(60;120),n/a,1 ,0,0,0,0,0,1,2022-04-23T05:32:10.7182245Z,0
4.06431,101.187038,Daerah: Perak<br>No:6827<br>Hex coord:(61;120),n/a,0,0,0,0,0,0,1,2022-04-23T05:32:11.4379589Z,0
4.07209,101.2005847,Daerah: Perak<br>No:6828<br>Hex coord:(62;120),n/a,0,0,0,0,0,0,1,2022-04-23T05:32:12.2052007Z,0
4.06431,101.2141314,Daerah: Perak<br>No:6829<br>Hex coord:(63;120),n/a,0,0,0,0,0,0,1,2022-04-23T05:32:12.9284368Z,0
4.07209,101.2276781,Daerah: Perak<br>No:6830<br>Hex coord:(64;120),n/a,0,0,0,0,0,0,1,2022-04-23T05:32:13.6565475Z,0
4.06431,101.2412249,Daerah: Perak<br>No:6831<br>Hex coord:(65;120),n/a,1 ,0,0,0,0,0,1,2022-04-23T05:32:14.3678352Z,0
4.07209,101.2547716,Daerah: Perak<br>No:6832<br>Hex coord:(66;120),n/a,0,0,0,0,0,0,1,2022-04-23T05:32:15.0815395Z,0
4.06431,101.2683183,Daerah: Perak<br>No:6833<br>Hex coord:(67;120),n/a,0,0,0,0,0,0,1,2022-04-23T05:32:15.8036244Z,0
4.07209,101.281865,Daerah: Perak<br>No:6834<br>Hex coord:(68;120),n/a,0,0,0,0,0,0,1,2022-04-23T05:32:16.5113983Z,0
4.06431,101.2954117,Daerah: Perak<br>No:6835<br>Hex coord:(69;120),n/a,0,0,0,0,0,0,1,2022-04-23T05:32:17.2409277Z,0
4.07209,101.3089584,Daerah: Perak<br>No:6836<br>Hex coord:(70;120),n/a,0,0,0,0,0,0,1,2022-04-23T05:32:17.9649451Z,0
4.06431,101.3225051,Daerah: Perak<br>No:6837<br>Hex coord:(71;120),n/a,0,0,0,0,0,0,1,2022-04-23T05:32:18.7054155Z,0
4.07209,101.3360518,Daerah: Perak<br>No:6838<br>Hex coord:(72;120),n/a,0,0,0,0,0,0,1,2022-04-23T05:32:19.4293400Z,0
4.06431,101.3495985,Daerah: Perak<br>No:6839<br>Hex coord:(73;120),n/a,0,0,0,0,0,0,1,2022-04-23T05:32:20.1692842Z,0
4.07209,101.3631452,Daerah: Perak<br>No:6840<br>Hex coord:(74;120),n/a,0,0,0,0,0,0,1,2022-04-23T05:32:20.8855466Z,0
4.06431,101.3766919,Daerah: Perak<br>No:6841<br>Hex coord:(75;120),n/a,0,0,0,0,0,0,1,2022-04-23T05:32:21.6173502Z,0
4.07209,101.3902386,Daerah: Perak<br>No:6842<br>Hex coord:(76;120),n/a,0,0,0,0,0,0,1,2022-04-23T05:32:22.3465264Z,0
4.06431,101.4037853,Daerah: Perak<br>No:6843<br>Hex coord:(77;120),n/a,0,0,0,0,0,0,1,2022-04-23T05:32:23.0850680Z,0
4.07209,101.417332,Daerah: Perak<br>No:6844<br>Hex coord:(78;120),n/a,0,0,0,0,0,0,1,2022-04-23T05:32:23.8046732Z,0
4.06431,101.4308787,Daerah: Perak<br>No:6845<br>Hex coord:(79;120),n/a,0,0,0,0,0,0,1,2022-04-23T05:32:24.5291531Z,0
4.07209,101.4444254,Daerah: Perak<br>No:6846<br>Hex coord:(80;120),n/a,0,0,0,0,0,0,1,2022-04-23T05:32:26.2640619Z,0
4.06431,101.4579721,Daerah: Perak<br>No:6847<br>Hex coord:(81;120),n/a,0,0,0,0,0,0,1,2022-04-23T05:32:26.9849573Z,0
4.07209,101.4715188,Daerah: Perak<br>No:6848<br>Hex coord:(82;120),n/a,0,0,0,0,0,0,1,2022-04-23T05:32:27.7164877Z,0
4.06431,101.4850655,Daerah: Perak<br>No:6849<br>Hex coord:(83;120),n/a,0,0,0,0,0,0,1,2022-04-23T05:32:28.4600235Z,0
4.07209,101.4986123,Daerah: Perak<br>No:6850<br>Hex coord:(84;120),n/a,0,0,0,0,0,0,1,2022-04-23T05:32:29.1880628Z,0
4.06431,101.512159,Daerah: Perak<br>No:6851<br>Hex coord:(85;120),n/a,0,0,0,0,0,0,1,2022-04-23T05:32:29.9194442Z,0
4.07209,101.5257057,Daerah: Perak<br>No:6852<br>Hex coord:(86;120),n/a,0,0,0,0,0,0,1,2022-04-23T05:32:30.6403244Z,0
4.06431,101.5392524,Daerah: Perak<br>No:6853<br>Hex coord:(87;120),n/a,0,0,0,0,0,0,1,2022-04-23T05:32:31.3766649Z,0
4.07209,101.5527991,Daerah: Perak<br>No:6854<br>Hex coord:(88;120),n/a,0,0,0,0,0,0,1,2022-04-23T05:32:32.0975791Z,0
4.06431,101.5663458,Daerah: Perak<br>No:6855<br>Hex coord:(89;120),n/a,0,0,0,0,0,0,1,2022-04-23T05:32:32.8255903Z,0
4.05653,100.7670902,Daerah: Perak<br>No:6856<br>Hex coord:(30;121),n/a,0,0,0,0,0,0,1,2022-04-23T05:32:33.5643088Z,0
4.04875,100.7806369,Daerah: Perak<br>No:6857<br>Hex coord:(31;121),n/a,0,0,0,0,0,0,1,2022-04-23T05:32:34.2853250Z,0
4.05653,100.7941836,Daerah: Perak<br>No:6858<br>Hex coord:(32;121),n/a,0,0,0,0,0,0,1,2022-04-23T05:32:35.0395312Z,0
4.04875,100.8077303,Daerah: Perak<br>No:6859<br>Hex coord:(33;121),n/a,0,0,0,0,0,0,1,2022-04-23T05:32:35.7614659Z,0
4.05653,100.821277,Daerah: Perak<br>No:6860<br>Hex coord:(34;121),n/a,0,0,0,0,0,0,1,2022-04-23T05:32:36.4882840Z,0
4.04875,100.8348237,Daerah: Perak<br>No:6861<br>Hex coord:(35;121),n/a,0,0,0,0,0,0,1,2022-04-23T05:32:37.2224597Z,0
4.05653,100.8483704,Daerah: Perak<br>No:6862<br>Hex coord:(36;121),n/a,0,0,0,0,0,0,1,2022-04-23T05:32:37.9336420Z,0
4.04875,100.8619171,Daerah: Perak<br>No:6863<br>Hex coord:(37;121),n/a,0,0,0,0,0,0,1,2022-04-23T05:32:38.6618627Z,0
4.05653,100.8754638,Daerah: Perak<br>No:6864<br>Hex coord:(38;121),n/a,0,0,0,0,0,0,1,2022-04-23T05:32:39.3853344Z,0
4.04875,100.8890105,Daerah: Perak<br>No:6865<br>Hex coord:(39;121),n/a,0,0,0,0,0,0,1,2022-04-23T05:32:40.1009815Z,0
4.05653,100.9025572,Daerah: Perak<br>No:6866<br>Hex coord:(40;121),n/a,0,0,0,0,0,0,1,2022-04-23T05:32:40.8230567Z,0
4.04875,100.9161039,Daerah: Perak<br>No:6867<br>Hex coord:(41;121),n/a,2 ,0,0,0,0,0,1,2022-04-23T05:32:41.5550486Z,0
4.05653,100.9296506,Daerah: Perak<br>No:6868<br>Hex coord:(42;121),n/a,0,0,0,0,0,0,1,2022-04-23T05:32:42.3949484Z,0
4.04875,100.9431973,Daerah: Perak<br>No:6869<br>Hex coord:(43;121),n/a,1 ,0,0,0,0,0,1,2022-04-23T05:32:43.1119362Z,0
4.05653,100.956744,Daerah: Perak<br>No:6870<br>Hex coord:(44;121),n/a,0,0,0,0,0,0,1,2022-04-23T05:32:43.8270979Z,0
4.04875,100.9702907,Daerah: Perak<br>No:6871<br>Hex coord:(45;121),n/a,0,0,0,0,0,0,1,2022-04-23T05:32:44.5584355Z,0
4.05653,100.9838374,Daerah: Perak<br>No:6872<br>Hex coord:(46;121),n/a,0,0,0,0,0,0,1,2022-04-23T05:32:45.2888616Z,0
4.04875,100.9973842,Daerah: Perak<br>No:6873<br>Hex coord:(47;121),n/a,0,0,0,0,0,0,1,2022-04-23T05:32:46.0240576Z,0
4.05653,101.0109309,Daerah: Perak<br>No:6874<br>Hex coord:(48;121),n/a,0,0,0,0,0,0,1,2022-04-23T05:32:46.7619950Z,0
4.04875,101.0244776,Daerah: Perak<br>No:6875<br>Hex coord:(49;121),n/a,0,0,0,0,0,0,1,2022-04-23T05:32:47.5001616Z,0
4.05653,101.0380243,Daerah: Perak<br>No:6876<br>Hex coord:(50;121),n/a,0,0,0,0,0,0,1,2022-04-23T05:32:48.2980671Z,0
4.04875,101.051571,Daerah: Perak<br>No:6877<br>Hex coord:(51;121),n/a,8 ,0,0,0,0,0,1,2022-04-23T05:32:49.0311545Z,0
4.05653,101.0651177,Daerah: Perak<br>No:6878<br>Hex coord:(52;121),n/a,0,0,0,0,0,0,1,2022-04-23T05:32:49.7475332Z,0
4.04875,101.0786644,Daerah: Perak<br>No:6879<br>Hex coord:(53;121),n/a,0,0,0,0,0,0,1,2022-04-23T05:32:50.4707724Z,0
4.05653,101.0922111,Daerah: Perak<br>No:6880<br>Hex coord:(54;121),n/a,0,0,0,0,0,0,1,2022-04-23T05:32:51.1963963Z,0
4.04875,101.1057578,Daerah: Perak<br>No:6881<br>Hex coord:(55;121),n/a,0,0,0,0,0,0,1,2022-04-23T05:32:51.9268083Z,0
4.05653,101.1193045,Daerah: Perak<br>No:6882<br>Hex coord:(56;121),n/a,1 ,0,0,0,0,0,1,2022-04-23T05:32:52.6418901Z,0
4.04875,101.1328512,Daerah: Perak<br>No:6883<br>Hex coord:(57;121),n/a,1 ,0,0,0,0,0,1,2022-04-23T05:32:53.3614520Z,0
4.05653,101.1463979,Daerah: Perak<br>No:6884<br>Hex coord:(58;121),n/a,0,0,0,0,0,0,1,2022-04-23T05:32:54.0893773Z,0
4.04875,101.1599446,Daerah: Perak<br>No:6885<br>Hex coord:(59;121),n/a,1 ,0,0,0,0,0,1,2022-04-23T05:32:54.8138300Z,0
4.05653,101.1734913,Daerah: Perak<br>No:6886<br>Hex coord:(60;121),n/a,0,0,0,0,0,0,1,2022-04-23T05:32:55.5323179Z,0
4.04875,101.187038,Daerah: Perak<br>No:6887<br>Hex coord:(61;121),n/a,0,0,0,0,0,0,1,2022-04-23T05:32:56.2437044Z,0
4.05653,101.2005847,Daerah: Perak<br>No:6888<br>Hex coord:(62;121),n/a,0,0,0,0,0,0,1,2022-04-23T05:32:56.9589643Z,0
4.04875,101.2141314,Daerah: Perak<br>No:6889<br>Hex coord:(63;121),n/a,0,0,0,0,0,0,1,2022-04-23T05:32:57.6711389Z,0
4.05653,101.2276781,Daerah: Perak<br>No:6890<br>Hex coord:(64;121),n/a,0,0,0,0,0,0,1,2022-04-23T05:32:58.4181802Z,0
4.04875,101.2412249,Daerah: Perak<br>No:6891<br>Hex coord:(65;121),n/a,2 ,0,0,0,0,0,1,2022-04-23T05:33:00.2607963Z,0
4.05653,101.2547716,Daerah: Perak<br>No:6892<br>Hex coord:(66;121),n/a,0,0,0,0,0,0,1,2022-04-23T05:33:00.9991685Z,0
4.04875,101.2683183,Daerah: Perak<br>No:6893<br>Hex coord:(67;121),n/a,0,0,0,0,0,0,1,2022-04-23T05:33:01.7250284Z,0
4.05653,101.281865,Daerah: Perak<br>No:6894<br>Hex coord:(68;121),n/a,0,0,0,0,0,0,1,2022-04-23T05:33:02.4480897Z,0
4.04875,101.2954117,Daerah: Perak<br>No:6895<br>Hex coord:(69;121),n/a,0,0,0,0,0,0,1,2022-04-23T05:33:03.1982474Z,0
4.05653,101.3089584,Daerah: Perak<br>No:6896<br>Hex coord:(70;121),n/a,0,0,0,0,0,0,1,2022-04-23T05:33:03.9255503Z,0
4.04875,101.3225051,Daerah: Perak<br>No:6897<br>Hex coord:(71;121),n/a,0,0,0,0,0,0,1,2022-04-23T05:33:04.6523451Z,0
4.05653,101.3360518,Daerah: Perak<br>No:6898<br>Hex coord:(72;121),n/a,0,0,0,0,0,0,1,2022-04-23T05:33:05.3910662Z,0
4.04875,101.3495985,Daerah: Perak<br>No:6899<br>Hex coord:(73;121),n/a,0,0,0,0,0,0,1,2022-04-23T05:33:06.1357859Z,0
4.05653,101.3631452,Daerah: Perak<br>No:6900<br>Hex coord:(74;121),n/a,0,0,0,0,0,0,1,2022-04-23T05:33:06.9781816Z,0
4.04875,101.3766919,Daerah: Perak<br>No:6901<br>Hex coord:(75;121),n/a,0,0,0,0,0,0,1,2022-04-23T05:33:07.6983467Z,0
4.05653,101.3902386,Daerah: Perak<br>No:6902<br>Hex coord:(76;121),n/a,0,0,0,0,0,0,1,2022-04-23T05:33:08.4235848Z,0
4.04875,101.4037853,Daerah: Perak<br>No:6903<br>Hex coord:(77;121),n/a,0,0,0,0,0,0,1,2022-04-23T05:33:09.2506619Z,0
4.05653,101.417332,Daerah: Perak<br>No:6904<br>Hex coord:(78;121),n/a,0,0,0,0,0,0,1,2022-04-23T05:33:09.9737174Z,0
4.04875,101.4308787,Daerah: Perak<br>No:6905<br>Hex coord:(79;121),n/a,0,0,0,0,0,0,1,2022-04-23T05:33:10.7088564Z,0
4.05653,101.4444254,Daerah: Perak<br>No:6906<br>Hex coord:(80;121),n/a,0,0,0,0,0,0,1,2022-04-23T05:33:11.4380301Z,0
4.04875,101.4579721,Daerah: Perak<br>No:6907<br>Hex coord:(81;121),n/a,0,0,0,0,0,0,1,2022-04-23T05:33:12.1565399Z,0
4.05653,101.4715188,Daerah: Perak<br>No:6908<br>Hex coord:(82;121),n/a,0,0,0,0,0,0,1,2022-04-23T05:33:12.8798907Z,0
4.04875,101.4850655,Daerah: Perak<br>No:6909<br>Hex coord:(83;121),n/a,0,0,0,0,0,0,1,2022-04-23T05:33:13.6030638Z,0
4.05653,101.4986123,Daerah: Perak<br>No:6910<br>Hex coord:(84;121),n/a,0,0,0,0,0,0,1,2022-04-23T05:33:14.3441480Z,0
4.04875,101.512159,Daerah: Perak<br>No:6911<br>Hex coord:(85;121),n/a,0,0,0,0,0,0,1,2022-04-23T05:33:15.0590594Z,0
4.05653,101.5257057,Daerah: Perak<br>No:6912<br>Hex coord:(86;121),n/a,0,0,0,0,0,0,1,2022-04-23T05:33:15.7824795Z,0
4.04875,101.5392524,Daerah: Perak<br>No:6913<br>Hex coord:(87;121),n/a,0,0,0,0,0,0,1,2022-04-23T05:33:16.5353313Z,0
4.05653,101.5527991,Daerah: Perak<br>No:6914<br>Hex coord:(88;121),n/a,0,0,0,0,0,0,1,2022-04-23T05:33:17.2701885Z,0
4.04097,100.7670902,Daerah: Perak<br>No:6915<br>Hex coord:(30;122),n/a,0,0,0,0,0,0,1,2022-04-23T05:33:18.0473775Z,0
4.03319,100.7806369,Daerah: Perak<br>No:6916<br>Hex coord:(31;122),n/a,0,0,0,0,0,0,1,2022-04-23T05:33:18.7599167Z,0
4.04097,100.7941836,Daerah: Perak<br>No:6917<br>Hex coord:(32;122),n/a,2 ,0,0,0,0,0,1,2022-04-23T05:33:19.4892915Z,0
4.03319,100.8077303,Daerah: Perak<br>No:6918<br>Hex coord:(33;122),n/a,0,0,0,0,0,0,1,2022-04-23T05:33:20.2243446Z,0
4.04097,100.821277,Daerah: Perak<br>No:6919<br>Hex coord:(34;122),n/a,3 ,0,0,0,0,0,1,2022-04-23T05:33:20.9499221Z,0
4.03319,100.8348237,Daerah: Perak<br>No:6920<br>Hex coord:(35;122),n/a,0,0,0,0,0,0,1,2022-04-23T05:33:21.6742348Z,0
4.04097,100.8483704,Daerah: Perak<br>No:6921<br>Hex coord:(36;122),n/a,0,0,0,0,0,0,1,2022-04-23T05:33:22.4104861Z,0
4.03319,100.8619171,Daerah: Perak<br>No:6922<br>Hex coord:(37;122),n/a,0,0,0,0,0,0,1,2022-04-23T05:33:23.1993964Z,0
4.04097,100.8754638,Daerah: Perak<br>No:6923<br>Hex coord:(38;122),n/a,0,0,0,0,0,0,1,2022-04-23T05:33:23.9371032Z,0
4.03319,100.8890105,Daerah: Perak<br>No:6924<br>Hex coord:(39;122),n/a,0,0,0,0,0,0,1,2022-04-23T05:33:24.6567306Z,0
4.04097,100.9025572,Daerah: Perak<br>No:6925<br>Hex coord:(40;122),n/a,1 ,0,0,0,0,0,1,2022-04-23T05:33:25.3853112Z,0
4.03319,100.9161039,Daerah: Perak<br>No:6926<br>Hex coord:(41;122),n/a,0,0,0,0,0,0,1,2022-04-23T05:33:26.1232783Z,0
4.04097,100.9296506,Daerah: Perak<br>No:6927<br>Hex coord:(42;122),n/a,0,0,0,0,0,0,1,2022-04-23T05:33:26.8601999Z,0
4.03319,100.9431973,Daerah: Perak<br>No:6928<br>Hex coord:(43;122),n/a,0,0,0,0,0,0,1,2022-04-23T05:33:27.5992266Z,0
4.04097,100.956744,Daerah: Perak<br>No:6929<br>Hex coord:(44;122),n/a,0,0,0,0,0,0,1,2022-04-23T05:33:28.3707280Z,0
4.03319,100.9702907,Daerah: Perak<br>No:6930<br>Hex coord:(45;122),n/a,0,0,0,0,0,0,1,2022-04-23T05:33:29.0927514Z,0
4.04097,100.9838374,Daerah: Perak<br>No:6931<br>Hex coord:(46;122),n/a,0,0,0,0,0,0,1,2022-04-23T05:33:29.8195471Z,0
4.03319,100.9973842,Daerah: Perak<br>No:6932<br>Hex coord:(47;122),n/a,0,0,0,0,0,0,1,2022-04-23T05:33:30.5452376Z,0
4.04097,101.0109309,Daerah: Perak<br>No:6933<br>Hex coord:(48;122),n/a,5 ,0,0,0,0,0,1,2022-04-23T05:33:31.3089650Z,0
4.03319,101.0244776,Daerah: Perak<br>No:6934<br>Hex coord:(49;122),n/a,3 ,0,0,0,0,0,1,2022-04-23T05:33:32.0427803Z,0
4.04097,101.0380243,Daerah: Perak<br>No:6935<br>Hex coord:(50;122),n/a,3 ,0,0,0,0,0,1,2022-04-23T05:33:32.7600992Z,0
4.03319,101.051571,Daerah: Perak<br>No:6936<br>Hex coord:(51;122),n/a,5 ,0,0,0,0,0,1,2022-04-23T05:33:33.5309797Z,0
4.04097,101.0651177,Daerah: Perak<br>No:6937<br>Hex coord:(52;122),n/a,1 ,0,0,0,0,0,1,2022-04-23T05:33:34.2664637Z,0
4.03319,101.0786644,Daerah: Perak<br>No:6938<br>Hex coord:(53;122),n/a,0,0,0,0,0,0,1,2022-04-23T05:33:34.9929742Z,0
4.04097,101.0922111,Daerah: Perak<br>No:6939<br>Hex coord:(54;122),n/a,0,0,0,0,0,0,1,2022-04-23T05:33:35.7251014Z,0
4.03319,101.1057578,Daerah: Perak<br>No:6940<br>Hex coord:(55;122),n/a,0,0,0,0,0,0,1,2022-04-23T05:33:36.4620904Z,0
4.04097,101.1193045,Daerah: Perak<br>No:6941<br>Hex coord:(56;122),n/a,0,0,0,0,0,0,1,2022-04-23T05:33:37.1996928Z,0
4.03319,101.1328512,Daerah: Perak<br>No:6942<br>Hex coord:(57;122),n/a,1 ,0,0,0,0,0,1,2022-04-23T05:33:37.9292174Z,0
4.04097,101.1463979,Daerah: Perak<br>No:6943<br>Hex coord:(58;122),n/a,0,0,0,0,0,0,1,2022-04-23T05:33:38.8275117Z,0
4.03319,101.1599446,Daerah: Perak<br>No:6944<br>Hex coord:(59;122),n/a,0,0,0,0,0,0,1,2022-04-23T05:33:39.5911680Z,0
4.04097,101.1734913,Daerah: Perak<br>No:6945<br>Hex coord:(60;122),n/a,1 ,0,0,0,0,0,1,2022-04-23T05:33:40.3441031Z,0
4.03319,101.187038,Daerah: Perak<br>No:6946<br>Hex coord:(61;122),n/a,0,0,0,0,0,0,1,2022-04-23T05:33:41.0724809Z,0
4.04097,101.2005847,Daerah: Perak<br>No:6947<br>Hex coord:(62;122),n/a,0,0,0,0,0,0,1,2022-04-23T05:33:41.8025025Z,0
4.03319,101.2141314,Daerah: Perak<br>No:6948<br>Hex coord:(63;122),n/a,0,0,0,0,0,0,1,2022-04-23T05:33:42.5234108Z,0
4.04097,101.2276781,Daerah: Perak<br>No:6949<br>Hex coord:(64;122),n/a,0,0,0,0,0,0,1,2022-04-23T05:33:43.3205208Z,0
4.03319,101.2412249,Daerah: Perak<br>No:6950<br>Hex coord:(65;122),n/a,0,0,0,0,0,0,1,2022-04-23T05:33:44.1652940Z,0
4.04097,101.2547716,Daerah: Perak<br>No:6951<br>Hex coord:(66;122),n/a,0,0,0,0,0,0,1,2022-04-23T05:33:44.8849952Z,0
4.03319,101.2683183,Daerah: Perak<br>No:6952<br>Hex coord:(67;122),n/a,0,0,0,0,0,0,1,2022-04-23T05:33:45.6106392Z,0
4.04097,101.281865,Daerah: Perak<br>No:6953<br>Hex coord:(68;122),n/a,0,0,0,0,0,0,1,2022-04-23T05:33:46.3342614Z,0
4.03319,101.2954117,Daerah: Perak<br>No:6954<br>Hex coord:(69;122),n/a,0,0,0,0,0,0,1,2022-04-23T05:33:47.0601421Z,0
4.04097,101.3089584,Daerah: Perak<br>No:6955<br>Hex coord:(70;122),n/a,0,0,0,0,0,0,1,2022-04-23T05:33:47.8020973Z,0
4.03319,101.3225051,Daerah: Perak<br>No:6956<br>Hex coord:(71;122),n/a,0,0,0,0,0,0,1,2022-04-23T05:33:48.5331215Z,0
4.04097,101.3360518,Daerah: Perak<br>No:6957<br>Hex coord:(72;122),n/a,0,0,0,0,0,0,1,2022-04-23T05:33:49.2600425Z,0
4.03319,101.3495985,Daerah: Perak<br>No:6958<br>Hex coord:(73;122),n/a,0,0,0,0,0,0,1,2022-04-23T05:33:49.9941497Z,0
4.04097,101.3631452,Daerah: Perak<br>No:6959<br>Hex coord:(74;122),n/a,0,0,0,0,0,0,1,2022-04-23T05:33:50.8663755Z,0
4.03319,101.3766919,Daerah: Perak<br>No:6960<br>Hex coord:(75;122),n/a,0,0,0,0,0,0,1,2022-04-23T05:33:51.5908463Z,0
4.04097,101.3902386,Daerah: Perak<br>No:6961<br>Hex coord:(76;122),n/a,0,0,0,0,0,0,1,2022-04-23T05:33:52.4714014Z,0
4.03319,101.4037853,Daerah: Perak<br>No:6962<br>Hex coord:(77;122),n/a,0,0,0,0,0,0,1,2022-04-23T05:33:53.1981806Z,0
4.04097,101.417332,Daerah: Perak<br>No:6963<br>Hex coord:(78;122),n/a,0,0,0,0,0,0,1,2022-04-23T05:33:53.9276052Z,0
4.03319,101.4308787,Daerah: Perak<br>No:6964<br>Hex coord:(79;122),n/a,0,0,0,0,0,0,1,2022-04-23T05:33:54.6494874Z,0
4.04097,101.4444254,Daerah: Perak<br>No:6965<br>Hex coord:(80;122),n/a,0,0,0,0,0,0,1,2022-04-23T05:33:55.3596088Z,0
4.03319,101.4579721,Daerah: Perak<br>No:6966<br>Hex coord:(81;122),n/a,0,0,0,0,0,0,1,2022-04-23T05:33:56.0900246Z,0
4.04097,101.4715188,Daerah: Perak<br>No:6967<br>Hex coord:(82;122),n/a,0,0,0,0,0,0,1,2022-04-23T05:33:56.8216087Z,0
4.03319,101.4850655,Daerah: Perak<br>No:6968<br>Hex coord:(83;122),n/a,0,0,0,0,0,0,1,2022-04-23T05:33:57.5460360Z,0
4.04097,101.4986123,Daerah: Perak<br>No:6969<br>Hex coord:(84;122),n/a,0,0,0,0,0,0,1,2022-04-23T05:33:58.2646514Z,0
4.03319,101.512159,Daerah: Perak<br>No:6970<br>Hex coord:(85;122),n/a,0,0,0,0,0,0,1,2022-04-23T05:33:58.9901352Z,0
4.04097,101.5257057,Daerah: Perak<br>No:6971<br>Hex coord:(86;122),n/a,0,0,0,0,0,0,1,2022-04-23T05:33:59.7086427Z,0
4.03319,101.5392524,Daerah: Perak<br>No:6972<br>Hex coord:(87;122),n/a,0,0,0,0,0,0,1,2022-04-23T05:34:00.4318651Z,0
4.04097,101.5527991,Daerah: Perak<br>No:6973<br>Hex coord:(88;122),n/a,0,0,0,0,0,0,1,2022-04-23T05:34:01.1682490Z,0
4.02541,100.7670902,Daerah: Perak<br>No:6974<br>Hex coord:(30;123),n/a,0,0,0,0,0,0,1,2022-04-23T05:34:01.9061359Z,0
4.01763,100.7806369,Daerah: Perak<br>No:6975<br>Hex coord:(31;123),n/a,0,0,0,0,0,0,1,2022-04-23T05:34:02.7675078Z,0
4.02541,100.7941836,Daerah: Perak<br>No:6976<br>Hex coord:(32;123),n/a,0,0,0,0,0,0,1,2022-04-23T05:34:03.4797682Z,0
4.01763,100.8077303,Daerah: Perak<br>No:6977<br>Hex coord:(33;123),n/a,0,0,0,0,0,0,1,2022-04-23T05:34:04.2077779Z,0
4.02541,100.821277,Daerah: Perak<br>No:6978<br>Hex coord:(34;123),n/a,0,0,0,0,0,0,1,2022-04-23T05:34:04.9179598Z,0
4.01763,100.8348237,Daerah: Perak<br>No:6979<br>Hex coord:(35;123),n/a,0,0,0,0,0,0,1,2022-04-23T05:34:05.6531434Z,0
4.02541,100.8483704,Daerah: Perak<br>No:6980<br>Hex coord:(36;123),n/a,0,0,0,0,0,0,1,2022-04-23T05:34:06.3771619Z,0
4.01763,100.8619171,Daerah: Perak<br>No:6981<br>Hex coord:(37;123),n/a,0,0,0,0,0,0,1,2022-04-23T05:34:07.1306010Z,0
4.02541,100.8754638,Daerah: Perak<br>No:6982<br>Hex coord:(38;123),n/a,0,0,0,0,0,0,1,2022-04-23T05:34:07.8824009Z,0
4.01763,100.8890105,Daerah: Perak<br>No:6983<br>Hex coord:(39;123),n/a,0,0,0,0,0,0,1,2022-04-23T05:34:08.6058247Z,0
4.02541,100.9025572,Daerah: Perak<br>No:6984<br>Hex coord:(40;123),n/a,1 ,0,0,0,0,0,1,2022-04-23T05:34:09.3404442Z,0
4.01763,100.9161039,Daerah: Perak<br>No:6985<br>Hex coord:(41;123),n/a,0,0,0,0,0,0,1,2022-04-23T05:34:10.0631786Z,0
4.02541,100.9296506,Daerah: Perak<br>No:6986<br>Hex coord:(42;123),n/a,0,0,0,0,0,0,1,2022-04-23T05:34:10.7899006Z,0
4.01763,100.9431973,Daerah: Perak<br>No:6987<br>Hex coord:(43;123),n/a,0,0,0,0,0,0,1,2022-04-23T05:34:11.5489059Z,0
4.02541,100.956744,Daerah: Perak<br>No:6988<br>Hex coord:(44;123),n/a,0,0,0,0,0,0,1,2022-04-23T05:34:12.2780808Z,0
4.01763,100.9702907,Daerah: Perak<br>No:6989<br>Hex coord:(45;123),n/a,0,0,0,0,0,0,1,2022-04-23T05:34:13.0061613Z,0
4.02541,100.9838374,Daerah: Perak<br>No:6990<br>Hex coord:(46;123),n/a,0,0,0,0,0,0,1,2022-04-23T05:34:13.7298823Z,0
4.01763,100.9973842,Daerah: Perak<br>No:6991<br>Hex coord:(47;123),n/a,0,0,0,0,0,0,1,2022-04-23T05:34:14.4633941Z,0
4.02541,101.0109309,Daerah: Perak<br>No:6992<br>Hex coord:(48;123),n/a,10 ,0,0,0,0,0,1,2022-04-23T05:34:15.2008323Z,0
4.01763,101.0244776,Daerah: Perak<br>No:6993<br>Hex coord:(49;123),n/a,18 ,0,0,0,0,0,1,2022-04-23T05:34:15.9277283Z,0
4.02541,101.0380243,Daerah: Perak<br>No:6994<br>Hex coord:(50;123),n/a,13 ,0,0,0,0,0,1,2022-04-23T05:34:16.6497584Z,0
4.01763,101.051571,Daerah: Perak<br>No:6995<br>Hex coord:(51;123),n/a,3 ,0,0,0,0,0,1,2022-04-23T05:34:17.4052098Z,0
4.02541,101.0651177,Daerah: Perak<br>No:6996<br>Hex coord:(52;123),n/a,0,0,0,0,0,0,1,2022-04-23T05:34:18.1510770Z,0
4.01763,101.0786644,Daerah: Perak<br>No:6997<br>Hex coord:(53;123),n/a,0,0,0,0,0,0,1,2022-04-23T05:34:18.9042611Z,0
4.02541,101.0922111,Daerah: Perak<br>No:6998<br>Hex coord:(54;123),n/a,0,0,0,0,0,0,1,2022-04-23T05:34:19.6954031Z,0
4.01763,101.1057578,Daerah: Perak<br>No:6999<br>Hex coord:(55;123),n/a,0,0,0,0,0,0,1,2022-04-23T05:34:20.5045764Z,0
4.02541,101.1193045,Daerah: Perak<br>No:7000<br>Hex coord:(56;123),n/a,0,0,0,0,0,0,1,2022-04-23T05:34:21.4817975Z,0
4.01763,101.1328512,Daerah: Perak<br>No:7001<br>Hex coord:(57;123),n/a,2 ,0,0,0,0,0,1,2022-04-23T05:34:22.3096059Z,0
4.02541,101.1463979,Daerah: Perak<br>No:7002<br>Hex coord:(58;123),n/a,0,0,0,0,0,0,1,2022-04-23T05:34:23.1459401Z,0
4.01763,101.1599446,Daerah: Perak<br>No:7003<br>Hex coord:(59;123),n/a,0,0,0,0,0,0,1,2022-04-23T05:34:23.9584326Z,0
4.02541,101.1734913,Daerah: Perak<br>No:7004<br>Hex coord:(60;123),n/a,0,0,0,0,0,0,1,2022-04-23T05:34:24.7094184Z,0
4.01763,101.187038,Daerah: Perak<br>No:7005<br>Hex coord:(61;123),n/a,0,0,0,0,0,0,1,2022-04-23T05:34:25.4446850Z,0
4.02541,101.2005847,Daerah: Perak<br>No:7006<br>Hex coord:(62;123),n/a,2 ,0,0,0,0,0,1,2022-04-23T05:34:26.2177243Z,0
4.01763,101.2141314,Daerah: Perak<br>No:7007<br>Hex coord:(63;123),n/a,0,0,0,0,0,0,1,2022-04-23T05:34:26.9345342Z,0
4.02541,101.2276781,Daerah: Perak<br>No:7008<br>Hex coord:(64;123),n/a,0,0,0,0,0,0,1,2022-04-23T05:34:27.8191169Z,0
4.01763,101.2412249,Daerah: Perak<br>No:7009<br>Hex coord:(65;123),n/a,2 ,0,0,0,0,0,1,2022-04-23T05:34:28.5423322Z,0
4.02541,101.2547716,Daerah: Perak<br>No:7010<br>Hex coord:(66;123),n/a,0,0,0,0,0,0,1,2022-04-23T05:34:30.2726140Z,0
4.01763,101.2683183,Daerah: Perak<br>No:7011<br>Hex coord:(67;123),n/a,0,0,0,0,0,0,1,2022-04-23T05:34:30.9957728Z,0
4.02541,101.281865,Daerah: Perak<br>No:7012<br>Hex coord:(68;123),n/a,0,0,0,0,0,0,1,2022-04-23T05:34:31.7749871Z,0
4.01763,101.2954117,Daerah: Perak<br>No:7013<br>Hex coord:(69;123),n/a,0,0,0,0,0,0,1,2022-04-23T05:34:32.5041598Z,0
4.02541,101.3089584,Daerah: Perak<br>No:7014<br>Hex coord:(70;123),n/a,0,0,0,0,0,0,1,2022-04-23T05:34:33.2320410Z,0
4.01763,101.3225051,Daerah: Perak<br>No:7015<br>Hex coord:(71;123),n/a,0,0,0,0,0,0,1,2022-04-23T05:34:33.9568817Z,0
4.02541,101.3360518,Daerah: Perak<br>No:7016<br>Hex coord:(72;123),n/a,0,0,0,0,0,0,1,2022-04-23T05:34:34.6894099Z,0
4.01763,101.3495985,Daerah: Perak<br>No:7017<br>Hex coord:(73;123),n/a,0,0,0,0,0,0,1,2022-04-23T05:34:35.4409946Z,0
4.02541,101.3631452,Daerah: Perak<br>No:7018<br>Hex coord:(74;123),n/a,0,0,0,0,0,0,1,2022-04-23T05:34:36.2228785Z,0
4.01763,101.3766919,Daerah: Perak<br>No:7019<br>Hex coord:(75;123),n/a,0,0,0,0,0,0,1,2022-04-23T05:34:37.2108316Z,0
4.02541,101.3902386,Daerah: Perak<br>No:7020<br>Hex coord:(76;123),n/a,0,0,0,0,0,0,1,2022-04-23T05:34:37.9434203Z,0
4.01763,101.4037853,Daerah: Perak<br>No:7021<br>Hex coord:(77;123),n/a,0,0,0,0,0,0,1,2022-04-23T05:34:38.6666538Z,0
4.02541,101.417332,Daerah: Perak<br>No:7022<br>Hex coord:(78;123),n/a,0,0,0,0,0,0,1,2022-04-23T05:34:39.4054844Z,0
4.01763,101.4308787,Daerah: Perak<br>No:7023<br>Hex coord:(79;123),n/a,0,0,0,0,0,0,1,2022-04-23T05:34:40.1621098Z,0
4.02541,101.4444254,Daerah: Perak<br>No:7024<br>Hex coord:(80;123),n/a,0,0,0,0,0,0,1,2022-04-23T05:34:40.8860873Z,0
4.01763,101.4579721,Daerah: Perak<br>No:7025<br>Hex coord:(81;123),n/a,0,0,0,0,0,0,1,2022-04-23T05:34:41.6288372Z,0
4.02541,101.4715188,Daerah: Perak<br>No:7026<br>Hex coord:(82;123),n/a,0,0,0,0,0,0,1,2022-04-23T05:34:42.3640260Z,0
4.01763,101.4850655,Daerah: Perak<br>No:7027<br>Hex coord:(83;123),n/a,0,0,0,0,0,0,1,2022-04-23T05:34:43.0948356Z,0
4.02541,101.4986123,Daerah: Perak<br>No:7028<br>Hex coord:(84;123),n/a,0,0,0,0,0,0,1,2022-04-23T05:34:43.8277075Z,0
4.01763,101.512159,Daerah: Perak<br>No:7029<br>Hex coord:(85;123),n/a,0,0,0,0,0,0,1,2022-04-23T05:34:44.5526152Z,0
4.02541,101.5257057,Daerah: Perak<br>No:7030<br>Hex coord:(86;123),n/a,0,0,0,0,0,0,1,2022-04-23T05:34:45.2824320Z,0
4.01763,101.5392524,Daerah: Perak<br>No:7031<br>Hex coord:(87;123),n/a,0,0,0,0,0,0,1,2022-04-23T05:34:46.6560181Z,0
4.02541,101.5527991,Daerah: Perak<br>No:7032<br>Hex coord:(88;123),n/a,0,0,0,0,0,0,1,2022-04-23T05:34:47.3850019Z,0
4.00207,100.72645,Daerah: Perak<br>No:7033<br>Hex coord:(27;124),n/a,0,0,0,0,0,0,1,2022-04-23T05:34:48.1044554Z,0
4.00985,100.7670902,Daerah: Perak<br>No:7034<br>Hex coord:(30;124),n/a,0,0,0,0,0,0,1,2022-04-23T05:34:48.8503964Z,0
4.00207,100.7806369,Daerah: Perak<br>No:7035<br>Hex coord:(31;124),n/a,0,0,0,0,0,0,1,2022-04-23T05:34:49.5967352Z,0
4.00985,100.7941836,Daerah: Perak<br>No:7036<br>Hex coord:(32;124),n/a,0,0,0,0,0,0,1,2022-04-23T05:34:50.3247033Z,0
4.00207,100.8077303,Daerah: Perak<br>No:7037<br>Hex coord:(33;124),n/a,0,0,0,0,0,0,1,2022-04-23T05:34:51.0451043Z,0
4.00985,100.821277,Daerah: Perak<br>No:7038<br>Hex coord:(34;124),n/a,0,0,0,0,0,0,1,2022-04-23T05:34:51.7808837Z,0
4.00207,100.8348237,Daerah: Perak<br>No:7039<br>Hex coord:(35;124),n/a,0,0,0,0,0,0,1,2022-04-23T05:34:52.5237907Z,0
4.00985,100.8483704,Daerah: Perak<br>No:7040<br>Hex coord:(36;124),n/a,0,0,0,0,0,0,1,2022-04-23T05:34:53.2538265Z,0
4.00207,100.8619171,Daerah: Perak<br>No:7041<br>Hex coord:(37;124),n/a,0,0,0,0,0,0,1,2022-04-23T05:34:53.9727528Z,0
4.00985,100.8754638,Daerah: Perak<br>No:7042<br>Hex coord:(38;124),n/a,0,0,0,0,0,0,1,2022-04-23T05:34:54.6989615Z,0
4.00207,100.8890105,Daerah: Perak<br>No:7043<br>Hex coord:(39;124),n/a,0,0,0,0,0,0,1,2022-04-23T05:34:55.4420796Z,0
4.00985,100.9025572,Daerah: Perak<br>No:7044<br>Hex coord:(40;124),n/a,0,0,0,0,0,0,1,2022-04-23T05:34:56.1757729Z,0
4.00207,100.9161039,Daerah: Perak<br>No:7045<br>Hex coord:(41;124),n/a,0,0,0,0,0,0,1,2022-04-23T05:34:56.8978491Z,0
4.00985,100.9296506,Daerah: Perak<br>No:7046<br>Hex coord:(42;124),n/a,0,0,0,0,0,0,1,2022-04-23T05:34:57.6957177Z,0
4.00207,100.9431973,Daerah: Perak<br>No:7047<br>Hex coord:(43;124),n/a,0,0,0,0,0,0,1,2022-04-23T05:34:58.4122874Z,0
4.00985,100.956744,Daerah: Perak<br>No:7048<br>Hex coord:(44;124),n/a,0,0,0,0,0,0,1,2022-04-23T05:34:59.1390838Z,0
4.00207,100.9702907,Daerah: Perak<br>No:7049<br>Hex coord:(45;124),n/a,0,0,0,0,0,0,1,2022-04-23T05:34:59.9029804Z,0
4.00985,100.9838374,Daerah: Perak<br>No:7050<br>Hex coord:(46;124),n/a,0,0,0,0,0,0,1,2022-04-23T05:35:00.6308106Z,0
4.00207,100.9973842,Daerah: Perak<br>No:7051<br>Hex coord:(47;124),n/a,1 ,0,0,0,0,0,1,2022-04-23T05:35:01.3507955Z,0
4.00985,101.0109309,Daerah: Perak<br>No:7052<br>Hex coord:(48;124),n/a,7 ,0,0,0,0,0,1,2022-04-23T05:35:02.0912995Z,0
4.00207,101.0244776,Daerah: Perak<br>No:7053<br>Hex coord:(49;124),n/a,15 ,0,0,0,0,0,1,2022-04-23T05:35:02.8519695Z,0
4.00985,101.0380243,Daerah: Perak<br>No:7054<br>Hex coord:(50;124),n/a,20 ,0,0,0,0,0,1,2022-04-23T05:35:03.5837736Z,0
4.00207,101.051571,Daerah: Perak<br>No:7055<br>Hex coord:(51;124),n/a,4 ,0,0,0,0,0,1,2022-04-23T05:35:04.3056077Z,0
4.00985,101.0651177,Daerah: Perak<br>No:7056<br>Hex coord:(52;124),n/a,0,0,0,0,0,0,1,2022-04-23T05:35:05.0279676Z,0
4.00207,101.0786644,Daerah: Perak<br>No:7057<br>Hex coord:(53;124),n/a,0,0,0,0,0,0,1,2022-04-23T05:35:05.8656622Z,0
4.00985,101.0922111,Daerah: Perak<br>No:7058<br>Hex coord:(54;124),n/a,0,0,0,0,0,0,1,2022-04-23T05:35:06.5928211Z,0
4.00207,101.1057578,Daerah: Perak<br>No:7059<br>Hex coord:(55;124),n/a,0,0,0,0,0,0,1,2022-04-23T05:35:07.3141551Z,0
4.00985,101.1193045,Daerah: Perak<br>No:7060<br>Hex coord:(56;124),n/a,0,0,0,0,0,0,1,2022-04-23T05:35:08.0456643Z,0
4.00207,101.1328512,Daerah: Perak<br>No:7061<br>Hex coord:(57;124),n/a,0,0,0,0,0,0,1,2022-04-23T05:35:08.7786173Z,0
4.00985,101.1463979,Daerah: Perak<br>No:7062<br>Hex coord:(58;124),n/a,1 ,0,0,0,0,0,1,2022-04-23T05:35:09.5106118Z,0
4.00207,101.1599446,Daerah: Perak<br>No:7063<br>Hex coord:(59;124),n/a,0,0,0,0,0,0,1,2022-04-23T05:35:10.2465014Z,0
4.00985,101.1734913,Daerah: Perak<br>No:7064<br>Hex coord:(60;124),n/a,3 ,0,0,0,0,0,1,2022-04-23T05:35:11.9802875Z,0
4.00207,101.187038,Daerah: Perak<br>No:7065<br>Hex coord:(61;124),n/a,0,0,0,0,0,0,1,2022-04-23T05:35:12.7692893Z,0
4.00985,101.2005847,Daerah: Perak<br>No:7066<br>Hex coord:(62;124),n/a,0,0,0,0,0,0,1,2022-04-23T05:35:13.5000918Z,0
4.00207,101.2141314,Daerah: Perak<br>No:7067<br>Hex coord:(63;124),n/a,0,0,0,0,0,0,1,2022-04-23T05:35:14.2377273Z,0
4.00985,101.2276781,Daerah: Perak<br>No:7068<br>Hex coord:(64;124),n/a,0,0,0,0,0,0,1,2022-04-23T05:35:14.9803904Z,0
4.00207,101.2412249,Daerah: Perak<br>No:7069<br>Hex coord:(65;124),n/a,0,0,0,0,0,0,1,2022-04-23T05:35:15.7083849Z,0
4.00985,101.2547716,Daerah: Perak<br>No:7070<br>Hex coord:(66;124),n/a,0,0,0,0,0,0,1,2022-04-23T05:35:16.4281077Z,0
4.00207,101.2683183,Daerah: Perak<br>No:7071<br>Hex coord:(67;124),n/a,0,0,0,0,0,0,1,2022-04-23T05:35:17.1698374Z,0
4.00985,101.281865,Daerah: Perak<br>No:7072<br>Hex coord:(68;124),n/a,0,0,0,0,0,0,1,2022-04-23T05:35:17.9228804Z,0
4.00207,101.2954117,Daerah: Perak<br>No:7073<br>Hex coord:(69;124),n/a,0,0,0,0,0,0,1,2022-04-23T05:35:18.6578431Z,0
4.00985,101.3089584,Daerah: Perak<br>No:7074<br>Hex coord:(70;124),n/a,5 ,0,0,0,0,0,1,2022-04-23T05:35:20.3875194Z,0
4.00207,101.3225051,Daerah: Perak<br>No:7075<br>Hex coord:(71;124),n/a,1 ,0,0,0,0,0,1,2022-04-23T05:35:21.1218626Z,0
4.00985,101.3360518,Daerah: Perak<br>No:7076<br>Hex coord:(72;124),n/a,0,0,0,0,0,0,1,2022-04-23T05:35:21.8506662Z,0
4.00207,101.3495985,Daerah: Perak<br>No:7077<br>Hex coord:(73;124),n/a,0,0,0,0,0,0,1,2022-04-23T05:35:22.5715552Z,0
4.00985,101.3631452,Daerah: Perak<br>No:7078<br>Hex coord:(74;124),n/a,0,0,0,0,0,0,1,2022-04-23T05:35:23.2795395Z,0
4.00207,101.3766919,Daerah: Perak<br>No:7079<br>Hex coord:(75;124),n/a,0,0,0,0,0,0,1,2022-04-23T05:35:24.0179806Z,0
4.00985,101.3902386,Daerah: Perak<br>No:7080<br>Hex coord:(76;124),n/a,0,0,0,0,0,0,1,2022-04-23T05:35:24.7579011Z,0
4.00207,101.4037853,Daerah: Perak<br>No:7081<br>Hex coord:(77;124),n/a,0,0,0,0,0,0,1,2022-04-23T05:35:25.4741338Z,0
4.00985,101.417332,Daerah: Perak<br>No:7082<br>Hex coord:(78;124),n/a,0,0,0,0,0,0,1,2022-04-23T05:35:26.1918000Z,0
4.00207,101.4308787,Daerah: Perak<br>No:7083<br>Hex coord:(79;124),n/a,0,0,0,0,0,0,1,2022-04-23T05:35:26.9086401Z,0
4.00985,101.4444254,Daerah: Perak<br>No:7084<br>Hex coord:(80;124),n/a,0,0,0,0,0,0,1,2022-04-23T05:35:27.6332988Z,0
4.00207,101.4579721,Daerah: Perak<br>No:7085<br>Hex coord:(81;124),n/a,0,0,0,0,0,0,1,2022-04-23T05:35:28.3740205Z,0
4.00985,101.4715188,Daerah: Perak<br>No:7086<br>Hex coord:(82;124),n/a,0,0,0,0,0,0,1,2022-04-23T05:35:29.2020687Z,0
4.00207,101.4850655,Daerah: Perak<br>No:7087<br>Hex coord:(83;124),n/a,0,0,0,0,0,0,1,2022-04-23T05:35:29.9298327Z,0
4.00985,101.4986123,Daerah: Perak<br>No:7088<br>Hex coord:(84;124),n/a,0,0,0,0,0,0,1,2022-04-23T05:35:30.6607603Z,0
4.00207,101.512159,Daerah: Perak<br>No:7089<br>Hex coord:(85;124),n/a,0,0,0,0,0,0,1,2022-04-23T05:35:31.4419256Z,0
4.00985,101.5257057,Daerah: Perak<br>No:7090<br>Hex coord:(86;124),n/a,0,0,0,0,0,0,1,2022-04-23T05:35:32.1668330Z,0
4.00207,101.5392524,Daerah: Perak<br>No:7091<br>Hex coord:(87;124),n/a,0,0,0,0,0,0,1,2022-04-23T05:35:32.9160058Z,0
4.00985,101.5527991,Daerah: Perak<br>No:7092<br>Hex coord:(88;124),n/a,0,0,0,0,0,0,1,2022-04-23T05:35:33.6691833Z,0
4.00207,101.5663458,Daerah: Perak<br>No:7093<br>Hex coord:(89;124),n/a,0,0,0,0,0,0,1,2022-04-23T05:35:34.5244699Z,0
3.99429,100.7129033,Daerah: Perak<br>No:7094<br>Hex coord:(26;125),n/a,0,0,0,0,0,0,1,2022-04-23T05:35:35.2569695Z,0
3.98651,100.72645,Daerah: Perak<br>No:7095<br>Hex coord:(27;125),n/a,0,0,0,0,0,0,1,2022-04-23T05:35:36.1221540Z,0
3.99429,100.7399968,Daerah: Perak<br>No:7096<br>Hex coord:(28;125),n/a,0,0,0,0,0,0,1,2022-04-23T05:35:38.0983851Z,0
3.98651,100.7535435,Daerah: Perak<br>No:7097<br>Hex coord:(29;125),n/a,0,0,0,0,0,0,1,2022-04-23T05:35:38.8233549Z,0
3.99429,100.7670902,Daerah: Perak<br>No:7098<br>Hex coord:(30;125),n/a,0,0,0,0,0,0,1,2022-04-23T05:35:39.5460901Z,0
3.98651,100.7806369,Daerah: Perak<br>No:7099<br>Hex coord:(31;125),n/a,2 ,0,0,0,0,0,1,2022-04-23T05:35:40.2871873Z,0
3.99429,100.7941836,Daerah: Perak<br>No:7100<br>Hex coord:(32;125),n/a,2 ,0,0,0,0,0,1,2022-04-23T05:35:41.0031998Z,0
3.98651,100.8077303,Daerah: Perak<br>No:7101<br>Hex coord:(33;125),n/a,0,0,0,0,0,0,1,2022-04-23T05:35:41.7782625Z,0
3.99429,100.821277,Daerah: Perak<br>No:7102<br>Hex coord:(34;125),n/a,0,0,0,0,0,0,1,2022-04-23T05:35:42.5081800Z,0
3.98651,100.8348237,Daerah: Perak<br>No:7103<br>Hex coord:(35;125),n/a,0,0,0,0,0,0,1,2022-04-23T05:35:43.2388206Z,0
3.99429,100.8483704,Daerah: Perak<br>No:7104<br>Hex coord:(36;125),n/a,0,0,0,0,0,0,1,2022-04-23T05:35:43.9706863Z,0
3.98651,100.8619171,Daerah: Perak<br>No:7105<br>Hex coord:(37;125),n/a,0,0,0,0,0,0,1,2022-04-23T05:35:44.7005697Z,0
3.99429,100.8754638,Daerah: Perak<br>No:7106<br>Hex coord:(38;125),n/a,0,0,0,0,0,0,1,2022-04-23T05:35:45.4360913Z,0
3.98651,100.8890105,Daerah: Perak<br>No:7107<br>Hex coord:(39;125),n/a,0,0,0,0,0,0,1,2022-04-23T05:35:46.1665932Z,0
3.99429,100.9025572,Daerah: Perak<br>No:7108<br>Hex coord:(40;125),n/a,0,0,0,0,0,0,1,2022-04-23T05:35:46.9052644Z,0
3.98651,100.9161039,Daerah: Perak<br>No:7109<br>Hex coord:(41;125),n/a,0,0,0,0,0,0,1,2022-04-23T05:35:47.6364710Z,0
3.99429,100.9296506,Daerah: Perak<br>No:7110<br>Hex coord:(42;125),n/a,0,0,0,0,0,0,1,2022-04-23T05:35:48.3633115Z,0
3.98651,100.9431973,Daerah: Perak<br>No:7111<br>Hex coord:(43;125),n/a,0,0,0,0,0,0,1,2022-04-23T05:35:49.1027029Z,0
3.99429,100.956744,Daerah: Perak<br>No:7112<br>Hex coord:(44;125),n/a,0,0,0,0,0,0,1,2022-04-23T05:35:49.8195631Z,0
3.98651,100.9702907,Daerah: Perak<br>No:7113<br>Hex coord:(45;125),n/a,0,0,0,0,0,0,1,2022-04-23T05:35:50.5526756Z,0
3.99429,100.9838374,Daerah: Perak<br>No:7114<br>Hex coord:(46;125),n/a,1 ,0,0,0,0,0,1,2022-04-23T05:35:51.2787189Z,0
3.98651,100.9973842,Daerah: Perak<br>No:7115<br>Hex coord:(47;125),n/a,9 ,0,0,0,0,0,1,2022-04-23T05:35:52.0236367Z,0
3.99429,101.0109309,Daerah: Perak<br>No:7116<br>Hex coord:(48;125),n/a,39 ,0,0,0,0,0,1,2022-04-23T05:35:52.7736379Z,0
3.98651,101.0244776,Daerah: Perak<br>No:7117<br>Hex coord:(49;125),n/a,19 ,0,0,0,0,0,1,2022-04-23T05:35:53.4975980Z,0
3.99429,101.0380243,Daerah: Perak<br>No:7118<br>Hex coord:(50;125),n/a,11 ,0,0,0,0,0,1,2022-04-23T05:35:54.2406877Z,0
3.98651,101.051571,Daerah: Perak<br>No:7119<br>Hex coord:(51;125),n/a,2 ,0,0,0,0,0,1,2022-04-23T05:35:55.0476758Z,0
3.99429,101.0651177,Daerah: Perak<br>No:7120<br>Hex coord:(52;125),n/a,2 ,0,0,0,0,0,1,2022-04-23T05:35:55.7757344Z,0
3.98651,101.0786644,Daerah: Perak<br>No:7121<br>Hex coord:(53;125),n/a,0,0,0,0,0,0,1,2022-04-23T05:35:56.5072942Z,0
3.99429,101.0922111,Daerah: Perak<br>No:7122<br>Hex coord:(54;125),n/a,0,0,0,0,0,0,1,2022-04-23T05:35:57.2260577Z,0
3.98651,101.1057578,Daerah: Perak<br>No:7123<br>Hex coord:(55;125),n/a,0,0,0,0,0,0,1,2022-04-23T05:35:57.9502737Z,0
3.99429,101.1193045,Daerah: Perak<br>No:7124<br>Hex coord:(56;125),n/a,0,0,0,0,0,0,1,2022-04-23T05:35:58.6820648Z,0
3.98651,101.1328512,Daerah: Perak<br>No:7125<br>Hex coord:(57;125),n/a,2 ,0,0,0,0,0,1,2022-04-23T05:35:59.4243949Z,0
3.99429,101.1463979,Daerah: Perak<br>No:7126<br>Hex coord:(58;125),n/a,0,0,0,0,0,0,1,2022-04-23T05:36:00.1631484Z,0
3.98651,101.1599446,Daerah: Perak<br>No:7127<br>Hex coord:(59;125),n/a,0,0,0,0,0,0,1,2022-04-23T05:36:00.9052074Z,0
3.99429,101.1734913,Daerah: Perak<br>No:7128<br>Hex coord:(60;125),n/a,0,0,0,0,0,0,1,2022-04-23T05:36:01.6370217Z,0
3.98651,101.187038,Daerah: Perak<br>No:7129<br>Hex coord:(61;125),n/a,0,0,0,0,0,0,1,2022-04-23T05:36:02.4510212Z,0
3.99429,101.2005847,Daerah: Perak<br>No:7130<br>Hex coord:(62;125),n/a,0,0,0,0,0,0,1,2022-04-23T05:36:03.1737150Z,0
3.98651,101.2141314,Daerah: Perak<br>No:7131<br>Hex coord:(63;125),n/a,0,0,0,0,0,0,1,2022-04-23T05:36:03.9079255Z,0
3.99429,101.2276781,Daerah: Perak<br>No:7132<br>Hex coord:(64;125),n/a,0,0,0,0,0,0,1,2022-04-23T05:36:04.6273238Z,0
3.98651,101.2412249,Daerah: Perak<br>No:7133<br>Hex coord:(65;125),n/a,0,0,0,0,0,0,1,2022-04-23T05:36:05.3609193Z,0
3.99429,101.2547716,Daerah: Perak<br>No:7134<br>Hex coord:(66;125),n/a,0,0,0,0,0,0,1,2022-04-23T05:36:06.0989667Z,0
3.98651,101.2683183,Daerah: Perak<br>No:7135<br>Hex coord:(67;125),n/a,0,0,0,0,0,0,1,2022-04-23T05:36:06.8371325Z,0
3.99429,101.281865,Daerah: Perak<br>No:7136<br>Hex coord:(68;125),n/a,0,0,0,0,0,0,1,2022-04-23T05:36:07.5525112Z,0
3.98651,101.2954117,Daerah: Perak<br>No:7137<br>Hex coord:(69;125),n/a,0,0,0,0,0,0,1,2022-04-23T05:36:08.2762963Z,0
3.99429,101.3089584,Daerah: Perak<br>No:7138<br>Hex coord:(70;125),n/a,2 ,0,0,0,0,0,1,2022-04-23T05:36:09.0014322Z,0
3.98651,101.3225051,Daerah: Perak<br>No:7139<br>Hex coord:(71;125),n/a,2 ,0,0,0,0,0,1,2022-04-23T05:36:09.7269913Z,0
3.99429,101.3360518,Daerah: Perak<br>No:7140<br>Hex coord:(72;125),n/a,0,0,0,0,0,0,1,2022-04-23T05:36:10.4502688Z,0
3.98651,101.3495985,Daerah: Perak<br>No:7141<br>Hex coord:(73;125),n/a,0,0,0,0,0,0,1,2022-04-23T05:36:11.2975119Z,0
3.99429,101.3631452,Daerah: Perak<br>No:7142<br>Hex coord:(74;125),n/a,0,0,0,0,0,0,1,2022-04-23T05:36:12.0390668Z,0
3.98651,101.3766919,Daerah: Perak<br>No:7143<br>Hex coord:(75;125),n/a,1 ,0,0,0,0,0,1,2022-04-23T05:36:12.7742112Z,0
3.99429,101.3902386,Daerah: Perak<br>No:7144<br>Hex coord:(76;125),n/a,1 ,0,0,0,0,0,1,2022-04-23T05:36:13.4928543Z,0
3.98651,101.4037853,Daerah: Perak<br>No:7145<br>Hex coord:(77;125),n/a,0,0,0,0,0,0,1,2022-04-23T05:36:14.2283746Z,0
3.99429,101.417332,Daerah: Perak<br>No:7146<br>Hex coord:(78;125),n/a,0,0,0,0,0,0,1,2022-04-23T05:36:14.9671003Z,0
3.98651,101.4308787,Daerah: Perak<br>No:7147<br>Hex coord:(79;125),n/a,0,0,0,0,0,0,1,2022-04-23T05:36:15.7131130Z,0
3.99429,101.4444254,Daerah: Perak<br>No:7148<br>Hex coord:(80;125),n/a,0,0,0,0,0,0,1,2022-04-23T05:36:16.4467389Z,0
3.98651,101.4579721,Daerah: Perak<br>No:7149<br>Hex coord:(81;125),n/a,0,0,0,0,0,0,1,2022-04-23T05:36:17.2241923Z,0
3.99429,101.4715188,Daerah: Perak<br>No:7150<br>Hex coord:(82;125),n/a,0,0,0,0,0,0,1,2022-04-23T05:36:18.0592321Z,0
3.98651,101.4850655,Daerah: Perak<br>No:7151<br>Hex coord:(83;125),n/a,0,0,0,0,0,0,1,2022-04-23T05:36:18.7944404Z,0
3.99429,101.4986123,Daerah: Perak<br>No:7152<br>Hex coord:(84;125),n/a,0,0,0,0,0,0,1,2022-04-23T05:36:19.5297321Z,0
3.98651,101.512159,Daerah: Perak<br>No:7153<br>Hex coord:(85;125),n/a,0,0,0,0,0,0,1,2022-04-23T05:36:20.2563676Z,0
3.99429,101.5257057,Daerah: Perak<br>No:7154<br>Hex coord:(86;125),n/a,0,0,0,0,0,0,1,2022-04-23T05:36:20.9773447Z,0
3.98651,101.5392524,Daerah: Perak<br>No:7155<br>Hex coord:(87;125),n/a,0,0,0,0,0,0,1,2022-04-23T05:36:21.6970049Z,0
3.99429,101.5527991,Daerah: Perak<br>No:7156<br>Hex coord:(88;125),n/a,0,0,0,0,0,0,1,2022-04-23T05:36:22.4190670Z,0
3.98651,101.5663458,Daerah: Perak<br>No:7157<br>Hex coord:(89;125),n/a,0,0,0,0,0,0,1,2022-04-23T05:36:23.1568708Z,0
3.97873,100.7129033,Daerah: Perak<br>No:7158<br>Hex coord:(26;126),n/a,0,0,0,0,0,0,1,2022-04-23T05:36:23.8763279Z,0
3.97095,100.72645,Daerah: Perak<br>No:7159<br>Hex coord:(27;126),n/a,0,0,0,0,0,0,1,2022-04-23T05:36:24.6019458Z,0
3.97873,100.7399968,Daerah: Perak<br>No:7160<br>Hex coord:(28;126),n/a,1 ,0,0,0,0,0,1,2022-04-23T05:36:25.3415086Z,0
3.97095,100.7535435,Daerah: Perak<br>No:7161<br>Hex coord:(29;126),n/a,0,0,0,0,0,0,1,2022-04-23T05:36:26.0793660Z,0
3.97873,100.7670902,Daerah: Perak<br>No:7162<br>Hex coord:(30;126),n/a,0,0,0,0,0,0,1,2022-04-23T05:36:26.8522594Z,0
3.97095,100.7806369,Daerah: Perak<br>No:7163<br>Hex coord:(31;126),n/a,20 ,0,0,0,0,0,1,2022-04-23T05:36:27.5743727Z,0
3.97873,100.7941836,Daerah: Perak<br>No:7164<br>Hex coord:(32;126),n/a,0,0,0,0,0,0,1,2022-04-23T05:36:28.3213591Z,0
3.97095,100.8077303,Daerah: Perak<br>No:7165<br>Hex coord:(33;126),n/a,0,0,0,0,0,0,1,2022-04-23T05:36:29.0594688Z,0
3.97873,100.821277,Daerah: Perak<br>No:7166<br>Hex coord:(34;126),n/a,0,0,0,0,0,0,1,2022-04-23T05:36:29.9095406Z,0
3.97095,100.8348237,Daerah: Perak<br>No:7167<br>Hex coord:(35;126),n/a,0,0,0,0,0,0,1,2022-04-23T05:36:30.6261462Z,0
3.97873,100.8483704,Daerah: Perak<br>No:7168<br>Hex coord:(36;126),n/a,0,0,0,0,0,0,1,2022-04-23T05:36:31.4703198Z,0
3.97095,100.8619171,Daerah: Perak<br>No:7169<br>Hex coord:(37;126),n/a,0,0,0,0,0,0,1,2022-04-23T05:36:32.5343861Z,0
3.97873,100.8754638,Daerah: Perak<br>No:7170<br>Hex coord:(38;126),n/a,0,0,0,0,0,0,1,2022-04-23T05:36:33.2714018Z,0
3.97095,100.8890105,Daerah: Perak<br>No:7171<br>Hex coord:(39;126),n/a,0,0,0,0,0,0,1,2022-04-23T05:36:33.9804258Z,0
3.97873,100.9025572,Daerah: Perak<br>No:7172<br>Hex coord:(40;126),n/a,0,0,0,0,0,0,1,2022-04-23T05:36:34.7123587Z,0
3.97095,100.9161039,Daerah: Perak<br>No:7173<br>Hex coord:(41;126),n/a,3 ,0,0,0,0,0,1,2022-04-23T05:36:35.4422781Z,0
3.97873,100.9296506,Daerah: Perak<br>No:7174<br>Hex coord:(42;126),n/a,0,0,0,0,0,0,1,2022-04-23T05:36:36.1786927Z,0
3.97095,100.9431973,Daerah: Perak<br>No:7175<br>Hex coord:(43;126),n/a,0,0,0,0,0,0,1,2022-04-23T05:36:36.8923773Z,0
3.97873,100.956744,Daerah: Perak<br>No:7176<br>Hex coord:(44;126),n/a,0,0,0,0,0,0,1,2022-04-23T05:36:37.6263395Z,0
3.97095,100.9702907,Daerah: Perak<br>No:7177<br>Hex coord:(45;126),n/a,1 ,0,0,0,0,0,1,2022-04-23T05:36:38.3574646Z,0
3.97873,100.9838374,Daerah: Perak<br>No:7178<br>Hex coord:(46;126),n/a,0,0,0,0,0,0,1,2022-04-23T05:36:39.1034636Z,0
3.97095,100.9973842,Daerah: Perak<br>No:7179<br>Hex coord:(47;126),n/a,0,0,0,0,0,0,1,2022-04-23T05:36:39.8403680Z,0
3.97873,101.0109309,Daerah: Perak<br>No:7180<br>Hex coord:(48;126),n/a,5 ,0,0,0,0,0,1,2022-04-23T05:36:40.5932631Z,0
3.97095,101.0244776,Daerah: Perak<br>No:7181<br>Hex coord:(49;126),n/a,2 ,0,0,0,0,0,1,2022-04-23T05:36:41.3176971Z,0
3.97873,101.0380243,Daerah: Perak<br>No:7182<br>Hex coord:(50;126),n/a,8 ,0,0,0,0,0,1,2022-04-23T05:36:42.0574540Z,0
3.97095,101.051571,Daerah: Perak<br>No:7183<br>Hex coord:(51;126),n/a,4 ,0,0,0,0,0,1,2022-04-23T05:36:43.3416261Z,0
3.97873,101.0651177,Daerah: Perak<br>No:7184<br>Hex coord:(52;126),n/a,0,0,0,0,0,0,1,2022-04-23T05:36:44.0655740Z,0
3.97095,101.0786644,Daerah: Perak<br>No:7185<br>Hex coord:(53;126),n/a,0,0,0,0,0,0,1,2022-04-23T05:36:44.7913895Z,0
3.97873,101.0922111,Daerah: Perak<br>No:7186<br>Hex coord:(54;126),n/a,0,0,0,0,0,0,1,2022-04-23T05:36:45.5275571Z,0
3.97095,101.1057578,Daerah: Perak<br>No:7187<br>Hex coord:(55;126),n/a,1 ,0,0,0,0,0,1,2022-04-23T05:36:46.2605425Z,0
3.97873,101.1193045,Daerah: Perak<br>No:7188<br>Hex coord:(56;126),n/a,3 ,0,0,0,0,0,1,2022-04-23T05:36:47.0149885Z,0
3.97095,101.1328512,Daerah: Perak<br>No:7189<br>Hex coord:(57;126),n/a,1 ,0,0,0,0,0,1,2022-04-23T05:36:47.7536572Z,0
3.97873,101.1463979,Daerah: Perak<br>No:7190<br>Hex coord:(58;126),n/a,0,0,0,0,0,0,1,2022-04-23T05:36:48.4691256Z,0
3.97095,101.1599446,Daerah: Perak<br>No:7191<br>Hex coord:(59;126),n/a,0,0,0,0,0,0,1,2022-04-23T05:36:49.2027511Z,0
3.97873,101.1734913,Daerah: Perak<br>No:7192<br>Hex coord:(60;126),n/a,0,0,0,0,0,0,1,2022-04-23T05:36:49.9386379Z,0
3.97095,101.187038,Daerah: Perak<br>No:7193<br>Hex coord:(61;126),n/a,0,0,0,0,0,0,1,2022-04-23T05:36:50.6567653Z,0
3.97873,101.2005847,Daerah: Perak<br>No:7194<br>Hex coord:(62;126),n/a,0,0,0,0,0,0,1,2022-04-23T05:36:51.3801456Z,0
3.97095,101.2141314,Daerah: Perak<br>No:7195<br>Hex coord:(63;126),n/a,0,0,0,0,0,0,1,2022-04-23T05:36:52.1009716Z,0
3.97873,101.2276781,Daerah: Perak<br>No:7196<br>Hex coord:(64;126),n/a,0,0,0,0,0,0,1,2022-04-23T05:36:52.8456639Z,0
3.97095,101.2412249,Daerah: Perak<br>No:7197<br>Hex coord:(65;126),n/a,0,0,0,0,0,0,1,2022-04-23T05:36:53.5767259Z,0
3.97873,101.2547716,Daerah: Perak<br>No:7198<br>Hex coord:(66;126),n/a,0,0,0,0,0,0,1,2022-04-23T05:36:54.3065497Z,0
3.97095,101.2683183,Daerah: Perak<br>No:7199<br>Hex coord:(67;126),n/a,0,0,0,0,0,0,1,2022-04-23T05:36:55.2575508Z,0
3.97873,101.281865,Daerah: Perak<br>No:7200<br>Hex coord:(68;126),n/a,0,0,0,0,0,0,1,2022-04-23T05:36:55.9899603Z,0
3.97095,101.2954117,Daerah: Perak<br>No:7201<br>Hex coord:(69;126),n/a,0,0,0,0,0,0,1,2022-04-23T05:36:56.7347948Z,0
3.97873,101.3089584,Daerah: Perak<br>No:7202<br>Hex coord:(70;126),n/a,0,0,0,0,0,0,1,2022-04-23T05:36:57.4707619Z,0
3.97095,101.3225051,Daerah: Perak<br>No:7203<br>Hex coord:(71;126),n/a,2 ,0,0,0,0,0,1,2022-04-23T05:36:58.1944913Z,0
3.97873,101.3360518,Daerah: Perak<br>No:7204<br>Hex coord:(72;126),n/a,0,0,0,0,0,0,1,2022-04-23T05:36:58.9190243Z,0
3.97095,101.3495985,Daerah: Perak<br>No:7205<br>Hex coord:(73;126),n/a,0,0,0,0,0,0,1,2022-04-23T05:36:59.6582787Z,0
3.97873,101.3631452,Daerah: Perak<br>No:7206<br>Hex coord:(74;126),n/a,0,0,0,0,0,0,1,2022-04-23T05:37:00.3881020Z,0
3.97095,101.3766919,Daerah: Perak<br>No:7207<br>Hex coord:(75;126),n/a,0,0,0,0,0,0,1,2022-04-23T05:37:01.1399678Z,0
3.97873,101.3902386,Daerah: Perak<br>No:7208<br>Hex coord:(76;126),n/a,0,0,0,0,0,0,1,2022-04-23T05:37:01.8846657Z,0
3.97095,101.4037853,Daerah: Perak<br>No:7209<br>Hex coord:(77;126),n/a,0,0,0,0,0,0,1,2022-04-23T05:37:02.6449656Z,0
3.97873,101.417332,Daerah: Perak<br>No:7210<br>Hex coord:(78;126),n/a,0,0,0,0,0,0,1,2022-04-23T05:37:03.3808786Z,0
3.97095,101.4308787,Daerah: Perak<br>No:7211<br>Hex coord:(79;126),n/a,0,0,0,0,0,0,1,2022-04-23T05:37:04.1095505Z,0
3.97873,101.4444254,Daerah: Perak<br>No:7212<br>Hex coord:(80;126),n/a,0,0,0,0,0,0,1,2022-04-23T05:37:04.9266042Z,0
3.97095,101.4579721,Daerah: Perak<br>No:7213<br>Hex coord:(81;126),n/a,0,0,0,0,0,0,1,2022-04-23T05:37:05.6510742Z,0
3.97873,101.4715188,Daerah: Perak<br>No:7214<br>Hex coord:(82;126),n/a,0,0,0,0,0,0,1,2022-04-23T05:37:06.3889902Z,0
3.97095,101.4850655,Daerah: Perak<br>No:7215<br>Hex coord:(83;126),n/a,0,0,0,0,0,0,1,2022-04-23T05:37:07.8363425Z,0
3.97873,101.4986123,Daerah: Perak<br>No:7216<br>Hex coord:(84;126),n/a,0,0,0,0,0,0,1,2022-04-23T05:37:08.5726054Z,0
3.97095,101.512159,Daerah: Perak<br>No:7217<br>Hex coord:(85;126),n/a,0,0,0,0,0,0,1,2022-04-23T05:37:09.3046514Z,0
3.97873,101.5257057,Daerah: Perak<br>No:7218<br>Hex coord:(86;126),n/a,0,0,0,0,0,0,1,2022-04-23T05:37:10.0337871Z,0
3.97095,101.5392524,Daerah: Perak<br>No:7219<br>Hex coord:(87;126),n/a,0,0,0,0,0,0,1,2022-04-23T05:37:10.7591085Z,0
3.97873,101.5527991,Daerah: Perak<br>No:7220<br>Hex coord:(88;126),n/a,0,0,0,0,0,0,1,2022-04-23T05:37:11.4776318Z,0
3.97095,101.5663458,Daerah: Perak<br>No:7221<br>Hex coord:(89;126),n/a,0,0,0,0,0,0,1,2022-04-23T05:37:12.7448076Z,0
3.96317,100.7129033,Daerah: Perak<br>No:7222<br>Hex coord:(26;127),n/a,0,0,0,0,0,0,1,2022-04-23T05:37:13.6301001Z,0
3.95539,100.72645,Daerah: Perak<br>No:7223<br>Hex coord:(27;127),n/a,0,0,0,0,0,0,1,2022-04-23T05:37:14.3594049Z,0
3.96317,100.7399968,Daerah: Perak<br>No:7224<br>Hex coord:(28;127),n/a,0,0,0,0,0,0,1,2022-04-23T05:37:15.1546163Z,0
3.95539,100.7535435,Daerah: Perak<br>No:7225<br>Hex coord:(29;127),n/a,0,0,0,0,0,0,1,2022-04-23T05:37:15.8886903Z,0
3.96317,100.7670902,Daerah: Perak<br>No:7226<br>Hex coord:(30;127),n/a,0,0,0,0,0,0,1,2022-04-23T05:37:16.6156393Z,0
3.95539,100.7806369,Daerah: Perak<br>No:7227<br>Hex coord:(31;127),n/a,0,0,0,0,0,0,1,2022-04-23T05:37:17.3498789Z,0
3.96317,100.7941836,Daerah: Perak<br>No:7228<br>Hex coord:(32;127),n/a,19 ,0,0,0,0,0,1,2022-04-23T05:37:18.2267165Z,0
3.95539,100.8077303,Daerah: Perak<br>No:7229<br>Hex coord:(33;127),n/a,0,0,0,0,0,0,1,2022-04-23T05:37:18.9607566Z,0
3.96317,100.821277,Daerah: Perak<br>No:7230<br>Hex coord:(34;127),n/a,0,0,0,0,0,0,1,2022-04-23T05:37:19.6954443Z,0
3.95539,100.8348237,Daerah: Perak<br>No:7231<br>Hex coord:(35;127),n/a,0,0,0,0,0,0,1,2022-04-23T05:37:20.4126640Z,0
3.96317,100.8483704,Daerah: Perak<br>No:7232<br>Hex coord:(36;127),n/a,0,0,0,0,0,0,1,2022-04-23T05:37:21.1289169Z,0
3.95539,100.8619171,Daerah: Perak<br>No:7233<br>Hex coord:(37;127),n/a,3 ,0,0,0,0,0,1,2022-04-23T05:37:21.8448573Z,0
3.96317,100.8754638,Daerah: Perak<br>No:7234<br>Hex coord:(38;127),n/a,0,0,0,0,0,0,1,2022-04-23T05:37:22.5598214Z,0
3.95539,100.8890105,Daerah: Perak<br>No:7235<br>Hex coord:(39;127),n/a,0,0,0,0,0,0,1,2022-04-23T05:37:23.2978845Z,0
3.96317,100.9025572,Daerah: Perak<br>No:7236<br>Hex coord:(40;127),n/a,0,0,0,0,0,0,1,2022-04-23T05:37:24.0230414Z,0
3.95539,100.9161039,Daerah: Perak<br>No:7237<br>Hex coord:(41;127),n/a,0,0,0,0,0,0,1,2022-04-23T05:37:24.7474361Z,0
3.96317,100.9296506,Daerah: Perak<br>No:7238<br>Hex coord:(42;127),n/a,3 ,0,0,0,0,0,1,2022-04-23T05:37:25.4816923Z,0
3.95539,100.9431973,Daerah: Perak<br>No:7239<br>Hex coord:(43;127),n/a,0,0,0,0,0,0,1,2022-04-23T05:37:26.2181027Z,0
3.96317,100.956744,Daerah: Perak<br>No:7240<br>Hex coord:(44;127),n/a,0,0,0,0,0,0,1,2022-04-23T05:37:26.9579345Z,0
3.95539,100.9702907,Daerah: Perak<br>No:7241<br>Hex coord:(45;127),n/a,1 ,0,0,0,0,0,1,2022-04-23T05:37:27.6869402Z,0
3.96317,100.9838374,Daerah: Perak<br>No:7242<br>Hex coord:(46;127),n/a,2 ,0,0,0,0,0,1,2022-04-23T05:37:28.4204242Z,0
3.95539,100.9973842,Daerah: Perak<br>No:7243<br>Hex coord:(47;127),n/a,0,0,0,0,0,0,1,2022-04-23T05:37:29.1580122Z,0
3.96317,101.0109309,Daerah: Perak<br>No:7244<br>Hex coord:(48;127),n/a,0,0,0,0,0,0,1,2022-04-23T05:37:29.8924946Z,0
3.95539,101.0244776,Daerah: Perak<br>No:7245<br>Hex coord:(49;127),n/a,0,0,0,0,0,0,1,2022-04-23T05:37:30.6278212Z,0
3.96317,101.0380243,Daerah: Perak<br>No:7246<br>Hex coord:(50;127),n/a,0,0,0,0,0,0,1,2022-04-23T05:37:31.3637205Z,0
3.95539,101.051571,Daerah: Perak<br>No:7247<br>Hex coord:(51;127),n/a,0,0,0,0,0,0,1,2022-04-23T05:37:32.0920162Z,0
3.96317,101.0651177,Daerah: Perak<br>No:7248<br>Hex coord:(52;127),n/a,0,0,0,0,0,0,1,2022-04-23T05:37:32.8216875Z,0
3.95539,101.0786644,Daerah: Perak<br>No:7249<br>Hex coord:(53;127),n/a,0,0,0,0,0,0,1,2022-04-23T05:37:33.5667930Z,0
3.96317,101.0922111,Daerah: Perak<br>No:7250<br>Hex coord:(54;127),n/a,0,0,0,0,0,0,1,2022-04-23T05:37:34.4554998Z,0
3.95539,101.1057578,Daerah: Perak<br>No:7251<br>Hex coord:(55;127),n/a,0,0,0,0,0,0,1,2022-04-23T05:37:35.1886380Z,0
3.96317,101.1193045,Daerah: Perak<br>No:7252<br>Hex coord:(56;127),n/a,0,0,0,0,0,0,1,2022-04-23T05:37:35.9143483Z,0
3.95539,101.1328512,Daerah: Perak<br>No:7253<br>Hex coord:(57;127),n/a,0,0,0,0,0,0,1,2022-04-23T05:37:36.6436787Z,0
3.96317,101.1463979,Daerah: Perak<br>No:7254<br>Hex coord:(58;127),n/a,0,0,0,0,0,0,1,2022-04-23T05:37:37.3784708Z,0
3.95539,101.1599446,Daerah: Perak<br>No:7255<br>Hex coord:(59;127),n/a,0,0,0,0,0,0,1,2022-04-23T05:37:38.1054101Z,0
3.96317,101.1734913,Daerah: Perak<br>No:7256<br>Hex coord:(60;127),n/a,0,0,0,0,0,0,1,2022-04-23T05:37:38.8386853Z,0
3.95539,101.187038,Daerah: Perak<br>No:7257<br>Hex coord:(61;127),n/a,0,0,0,0,0,0,1,2022-04-23T05:37:39.5805654Z,0
3.96317,101.2005847,Daerah: Perak<br>No:7258<br>Hex coord:(62;127),n/a,0,0,0,0,0,0,1,2022-04-23T05:37:40.3119833Z,0
3.95539,101.2141314,Daerah: Perak<br>No:7259<br>Hex coord:(63;127),n/a,0,0,0,0,0,0,1,2022-04-23T05:37:41.0430146Z,0
3.96317,101.2276781,Daerah: Perak<br>No:7260<br>Hex coord:(64;127),n/a,0,0,0,0,0,0,1,2022-04-23T05:37:41.7770995Z,0
3.95539,101.2412249,Daerah: Perak<br>No:7261<br>Hex coord:(65;127),n/a,0,0,0,0,0,0,1,2022-04-23T05:37:42.6492557Z,0
3.96317,101.2547716,Daerah: Perak<br>No:7262<br>Hex coord:(66;127),n/a,0,0,0,0,0,0,1,2022-04-23T05:37:43.3766916Z,0
3.95539,101.2683183,Daerah: Perak<br>No:7263<br>Hex coord:(67;127),n/a,0,0,0,0,0,0,1,2022-04-23T05:37:44.0871334Z,0
3.96317,101.281865,Daerah: Perak<br>No:7264<br>Hex coord:(68;127),n/a,0,0,0,0,0,0,1,2022-04-23T05:37:44.8190165Z,0
3.95539,101.2954117,Daerah: Perak<br>No:7265<br>Hex coord:(69;127),n/a,0,0,0,0,0,0,1,2022-04-23T05:37:45.5361038Z,0
3.96317,101.3089584,Daerah: Perak<br>No:7266<br>Hex coord:(70;127),n/a,0,0,0,0,0,0,1,2022-04-23T05:37:46.4701944Z,0
3.95539,101.3225051,Daerah: Perak<br>No:7267<br>Hex coord:(71;127),n/a,0,0,0,0,0,0,1,2022-04-23T05:37:47.3694002Z,0
3.96317,101.3360518,Daerah: Perak<br>No:7268<br>Hex coord:(72;127),n/a,0,0,0,0,0,0,1,2022-04-23T05:37:48.1061634Z,0
3.95539,101.3495985,Daerah: Perak<br>No:7269<br>Hex coord:(73;127),n/a,2 ,0,0,0,0,0,1,2022-04-23T05:37:48.9017983Z,0
3.96317,101.3631452,Daerah: Perak<br>No:7270<br>Hex coord:(74;127),n/a,0,0,0,0,0,0,1,2022-04-23T05:37:49.6301311Z,0
3.95539,101.3766919,Daerah: Perak<br>No:7271<br>Hex coord:(75;127),n/a,0,0,0,0,0,0,1,2022-04-23T05:37:50.3621677Z,0
3.96317,101.3902386,Daerah: Perak<br>No:7272<br>Hex coord:(76;127),n/a,0,0,0,0,0,0,1,2022-04-23T05:37:51.0775741Z,0
3.95539,101.4037853,Daerah: Perak<br>No:7273<br>Hex coord:(77;127),n/a,0,0,0,0,0,0,1,2022-04-23T05:37:51.8200486Z,0
3.96317,101.417332,Daerah: Perak<br>No:7274<br>Hex coord:(78;127),n/a,0,0,0,0,0,0,1,2022-04-23T05:37:52.5585979Z,0
3.95539,101.4308787,Daerah: Perak<br>No:7275<br>Hex coord:(79;127),n/a,0,0,0,0,0,0,1,2022-04-23T05:37:53.2889833Z,0
3.96317,101.4444254,Daerah: Perak<br>No:7276<br>Hex coord:(80;127),n/a,0,0,0,0,0,0,1,2022-04-23T05:37:54.0200231Z,0
3.95539,101.4579721,Daerah: Perak<br>No:7277<br>Hex coord:(81;127),n/a,0,0,0,0,0,0,1,2022-04-23T05:37:54.7329812Z,0
3.96317,101.4715188,Daerah: Perak<br>No:7278<br>Hex coord:(82;127),n/a,0,0,0,0,0,0,1,2022-04-23T05:37:55.4709962Z,0
3.95539,101.4850655,Daerah: Perak<br>No:7279<br>Hex coord:(83;127),n/a,0,0,0,0,0,0,1,2022-04-23T05:37:56.2233589Z,0
3.96317,101.4986123,Daerah: Perak<br>No:7280<br>Hex coord:(84;127),n/a,0,0,0,0,0,0,1,2022-04-23T05:37:56.9594724Z,0
3.95539,101.512159,Daerah: Perak<br>No:7281<br>Hex coord:(85;127),n/a,0,0,0,0,0,0,1,2022-04-23T05:37:57.6844236Z,0
3.96317,101.5257057,Daerah: Perak<br>No:7282<br>Hex coord:(86;127),n/a,0,0,0,0,0,0,1,2022-04-23T05:37:58.4057364Z,0
3.95539,101.5392524,Daerah: Perak<br>No:7283<br>Hex coord:(87;127),n/a,0,0,0,0,0,0,1,2022-04-23T05:37:59.1428614Z,0
3.96317,101.5527991,Daerah: Perak<br>No:7284<br>Hex coord:(88;127),n/a,0,0,0,0,0,0,1,2022-04-23T05:37:59.8691538Z,0
3.95539,101.5663458,Daerah: Perak<br>No:7285<br>Hex coord:(89;127),n/a,0,0,0,0,0,0,1,2022-04-23T05:38:00.6703024Z,0
3.94761,100.7129033,Daerah: Perak<br>No:7286<br>Hex coord:(26;128),n/a,0,0,0,0,0,0,1,2022-04-23T05:38:01.4124225Z,0
3.93983,100.72645,Daerah: Perak<br>No:7287<br>Hex coord:(27;128),n/a,0,0,0,0,0,0,1,2022-04-23T05:38:02.1874642Z,0
3.94761,100.7399968,Daerah: Perak<br>No:7288<br>Hex coord:(28;128),n/a,0,0,0,0,0,0,1,2022-04-23T05:38:03.9324649Z,0
3.93983,100.7535435,Daerah: Perak<br>No:7289<br>Hex coord:(29;128),n/a,1 ,0,0,0,0,0,1,2022-04-23T05:38:04.6833348Z,0
3.94761,100.7670902,Daerah: Perak<br>No:7290<br>Hex coord:(30;128),n/a,0,0,0,0,0,0,1,2022-04-23T05:38:05.4141880Z,0
3.93983,100.7806369,Daerah: Perak<br>No:7291<br>Hex coord:(31;128),n/a,1 ,0,0,0,0,0,1,2022-04-23T05:38:06.1473072Z,0
3.94761,100.7941836,Daerah: Perak<br>No:7292<br>Hex coord:(32;128),n/a,0,0,0,0,0,0,1,2022-04-23T05:38:07.1169700Z,0
3.93983,100.8077303,Daerah: Perak<br>No:7293<br>Hex coord:(33;128),n/a,0,0,0,0,0,0,1,2022-04-23T05:38:07.8292768Z,0
3.94761,100.821277,Daerah: Perak<br>No:7294<br>Hex coord:(34;128),n/a,0,0,0,0,0,0,1,2022-04-23T05:38:08.5500569Z,0
3.93983,100.8348237,Daerah: Perak<br>No:7295<br>Hex coord:(35;128),n/a,0,0,0,0,0,0,1,2022-04-23T05:38:09.2773766Z,0
3.94761,100.8483704,Daerah: Perak<br>No:7296<br>Hex coord:(36;128),n/a,0,0,0,0,0,0,1,2022-04-23T05:38:10.0366091Z,0
3.93983,100.8619171,Daerah: Perak<br>No:7297<br>Hex coord:(37;128),n/a,0,0,0,0,0,0,1,2022-04-23T05:38:10.7614585Z,0
3.94761,100.8754638,Daerah: Perak<br>No:7298<br>Hex coord:(38;128),n/a,1 ,0,0,0,0,0,1,2022-04-23T05:38:11.5408999Z,0
3.93983,100.8890105,Daerah: Perak<br>No:7299<br>Hex coord:(39;128),n/a,0,0,0,0,0,0,1,2022-04-23T05:38:12.2642314Z,0
3.94761,100.9025572,Daerah: Perak<br>No:7300<br>Hex coord:(40;128),n/a,0,0,0,0,0,0,1,2022-04-23T05:38:12.9849187Z,0
3.93983,100.9161039,Daerah: Perak<br>No:7301<br>Hex coord:(41;128),n/a,0,0,0,0,0,0,1,2022-04-23T05:38:13.7283863Z,0
3.94761,100.9296506,Daerah: Perak<br>No:7302<br>Hex coord:(42;128),n/a,0,0,0,0,0,0,1,2022-04-23T05:38:14.4719971Z,0
3.93983,100.9431973,Daerah: Perak<br>No:7303<br>Hex coord:(43;128),n/a,0,0,0,0,0,0,1,2022-04-23T05:38:15.1833657Z,0
3.94761,100.956744,Daerah: Perak<br>No:7304<br>Hex coord:(44;128),n/a,0,0,0,0,0,0,1,2022-04-23T05:38:16.0784387Z,0
3.93983,100.9702907,Daerah: Perak<br>No:7305<br>Hex coord:(45;128),n/a,0,0,0,0,0,0,1,2022-04-23T05:38:16.8153849Z,0
3.94761,100.9838374,Daerah: Perak<br>No:7306<br>Hex coord:(46;128),n/a,0,0,0,0,0,0,1,2022-04-23T05:38:17.5556761Z,0
3.93983,100.9973842,Daerah: Perak<br>No:7307<br>Hex coord:(47;128),n/a,0,0,0,0,0,0,1,2022-04-23T05:38:18.4694952Z,0
3.94761,101.0109309,Daerah: Perak<br>No:7308<br>Hex coord:(48;128),n/a,0,0,0,0,0,0,1,2022-04-23T05:38:20.2010149Z,0
3.93983,101.0244776,Daerah: Perak<br>No:7309<br>Hex coord:(49;128),n/a,0,0,0,0,0,0,1,2022-04-23T05:38:20.9403676Z,0
3.94761,101.0380243,Daerah: Perak<br>No:7310<br>Hex coord:(50;128),n/a,0,0,0,0,0,0,1,2022-04-23T05:38:21.6567240Z,0
3.93983,101.051571,Daerah: Perak<br>No:7311<br>Hex coord:(51;128),n/a,0,0,0,0,0,0,1,2022-04-23T05:38:22.7534428Z,0
3.94761,101.0651177,Daerah: Perak<br>No:7312<br>Hex coord:(52;128),n/a,0,0,0,0,0,0,1,2022-04-23T05:38:23.4643364Z,0
3.93983,101.0786644,Daerah: Perak<br>No:7313<br>Hex coord:(53;128),n/a,0,0,0,0,0,0,1,2022-04-23T05:38:24.1913665Z,0
3.94761,101.0922111,Daerah: Perak<br>No:7314<br>Hex coord:(54;128),n/a,0,0,0,0,0,0,1,2022-04-23T05:38:24.9155350Z,0
3.93983,101.1057578,Daerah: Perak<br>No:7315<br>Hex coord:(55;128),n/a,0,0,0,0,0,0,1,2022-04-23T05:38:25.6536355Z,0
3.94761,101.1193045,Daerah: Perak<br>No:7316<br>Hex coord:(56;128),n/a,1 ,0,0,0,0,0,1,2022-04-23T05:38:26.3873063Z,0
3.93983,101.1328512,Daerah: Perak<br>No:7317<br>Hex coord:(57;128),n/a,0,0,0,0,0,0,1,2022-04-23T05:38:27.1936628Z,0
3.94761,101.1463979,Daerah: Perak<br>No:7318<br>Hex coord:(58;128),n/a,0,0,0,0,0,0,1,2022-04-23T05:38:27.9110257Z,0
3.93983,101.1599446,Daerah: Perak<br>No:7319<br>Hex coord:(59;128),n/a,0,0,0,0,0,0,1,2022-04-23T05:38:28.6320432Z,0
3.94761,101.1734913,Daerah: Perak<br>No:7320<br>Hex coord:(60;128),n/a,0,0,0,0,0,0,1,2022-04-23T05:38:29.3577078Z,0
3.93983,101.187038,Daerah: Perak<br>No:7321<br>Hex coord:(61;128),n/a,0,0,0,0,0,0,1,2022-04-23T05:38:30.0988238Z,0
3.94761,101.2005847,Daerah: Perak<br>No:7322<br>Hex coord:(62;128),n/a,0,0,0,0,0,0,1,2022-04-23T05:38:30.8185166Z,0
3.93983,101.2141314,Daerah: Perak<br>No:7323<br>Hex coord:(63;128),n/a,0,0,0,0,0,0,1,2022-04-23T05:38:31.5285824Z,0
3.94761,101.2276781,Daerah: Perak<br>No:7324<br>Hex coord:(64;128),n/a,0,0,0,0,0,0,1,2022-04-23T05:38:32.2614238Z,0
3.93983,101.2412249,Daerah: Perak<br>No:7325<br>Hex coord:(65;128),n/a,0,0,0,0,0,0,1,2022-04-23T05:38:32.9997861Z,0
3.94761,101.2547716,Daerah: Perak<br>No:7326<br>Hex coord:(66;128),n/a,0,0,0,0,0,0,1,2022-04-23T05:38:33.7334401Z,0
3.93983,101.2683183,Daerah: Perak<br>No:7327<br>Hex coord:(67;128),n/a,0,0,0,0,0,0,1,2022-04-23T05:38:34.5000444Z,0
3.94761,101.281865,Daerah: Perak<br>No:7328<br>Hex coord:(68;128),n/a,0,0,0,0,0,0,1,2022-04-23T05:38:36.2368235Z,0
3.93983,101.2954117,Daerah: Perak<br>No:7329<br>Hex coord:(69;128),n/a,0,0,0,0,0,0,1,2022-04-23T05:38:36.9624656Z,0
3.94761,101.3089584,Daerah: Perak<br>No:7330<br>Hex coord:(70;128),n/a,0,0,0,0,0,0,1,2022-04-23T05:38:37.8833179Z,0
3.93983,101.3225051,Daerah: Perak<br>No:7331<br>Hex coord:(71;128),n/a,0,0,0,0,0,0,1,2022-04-23T05:38:38.6049071Z,0
3.94761,101.3360518,Daerah: Perak<br>No:7332<br>Hex coord:(72;128),n/a,0,0,0,0,0,0,1,2022-04-23T05:38:39.3293535Z,0
3.93983,101.3495985,Daerah: Perak<br>No:7333<br>Hex coord:(73;128),n/a,0,0,0,0,0,0,1,2022-04-23T05:38:40.1023357Z,0
3.94761,101.3631452,Daerah: Perak<br>No:7334<br>Hex coord:(74;128),n/a,2 ,0,0,0,0,0,1,2022-04-23T05:38:40.8337114Z,0
3.93983,101.3766919,Daerah: Perak<br>No:7335<br>Hex coord:(75;128),n/a,0,0,0,0,0,0,1,2022-04-23T05:38:41.5545311Z,0
3.94761,101.3902386,Daerah: Perak<br>No:7336<br>Hex coord:(76;128),n/a,0,0,0,0,0,0,1,2022-04-23T05:38:42.3045388Z,0
3.93983,101.4037853,Daerah: Perak<br>No:7337<br>Hex coord:(77;128),n/a,0,0,0,0,0,0,1,2022-04-23T05:38:43.0266289Z,0
3.94761,101.417332,Daerah: Perak<br>No:7338<br>Hex coord:(78;128),n/a,0,0,0,0,0,0,1,2022-04-23T05:38:43.7593217Z,0
3.93983,101.4308787,Daerah: Perak<br>No:7339<br>Hex coord:(79;128),n/a,0,0,0,0,0,0,1,2022-04-23T05:38:44.4864691Z,0
3.94761,101.4444254,Daerah: Perak<br>No:7340<br>Hex coord:(80;128),n/a,0,0,0,0,0,0,1,2022-04-23T05:38:45.2016190Z,0
3.93983,101.4579721,Daerah: Perak<br>No:7341<br>Hex coord:(81;128),n/a,0,0,0,0,0,0,1,2022-04-23T05:38:45.9345324Z,0
3.94761,101.4715188,Daerah: Perak<br>No:7342<br>Hex coord:(82;128),n/a,0,0,0,0,0,0,1,2022-04-23T05:38:46.6814643Z,0
3.93983,101.4850655,Daerah: Perak<br>No:7343<br>Hex coord:(83;128),n/a,0,0,0,0,0,0,1,2022-04-23T05:38:47.4215270Z,0
3.94761,101.4986123,Daerah: Perak<br>No:7344<br>Hex coord:(84;128),n/a,0,0,0,0,0,0,1,2022-04-23T05:38:48.1432912Z,0
3.93983,101.512159,Daerah: Perak<br>No:7345<br>Hex coord:(85;128),n/a,0,0,0,0,0,0,1,2022-04-23T05:38:48.8804862Z,0
3.94761,101.5257057,Daerah: Perak<br>No:7346<br>Hex coord:(86;128),n/a,0,0,0,0,0,0,1,2022-04-23T05:38:49.6145127Z,0
3.93983,101.5392524,Daerah: Perak<br>No:7347<br>Hex coord:(87;128),n/a,0,0,0,0,0,0,1,2022-04-23T05:38:50.3321607Z,0
3.94761,101.5527991,Daerah: Perak<br>No:7348<br>Hex coord:(88;128),n/a,0,0,0,0,0,0,1,2022-04-23T05:38:51.0625039Z,0
3.93983,101.5663458,Daerah: Perak<br>No:7349<br>Hex coord:(89;128),n/a,0,0,0,0,0,0,1,2022-04-23T05:38:51.7976814Z,0
3.93205,100.7129033,Daerah: Perak<br>No:7350<br>Hex coord:(26;129),n/a,0,0,0,0,0,0,1,2022-04-23T05:38:53.2775521Z,0
3.92427,100.72645,Daerah: Perak<br>No:7351<br>Hex coord:(27;129),n/a,0,0,0,0,0,0,1,2022-04-23T05:38:54.0185657Z,0
3.93205,100.7399968,Daerah: Perak<br>No:7352<br>Hex coord:(28;129),n/a,0,0,0,0,0,0,1,2022-04-23T05:38:54.7825339Z,0
3.92427,100.7535435,Daerah: Perak<br>No:7353<br>Hex coord:(29;129),n/a,1 ,0,0,0,0,0,1,2022-04-23T05:38:55.5723549Z,0
3.93205,100.7670902,Daerah: Perak<br>No:7354<br>Hex coord:(30;129),n/a,1 ,0,0,0,0,0,1,2022-04-23T05:38:56.3107177Z,0
3.92427,100.7806369,Daerah: Perak<br>No:7355<br>Hex coord:(31;129),n/a,1 ,0,0,0,0,0,1,2022-04-23T05:38:57.0311270Z,0
3.93205,100.7941836,Daerah: Perak<br>No:7356<br>Hex coord:(32;129),n/a,0,0,0,0,0,0,1,2022-04-23T05:38:57.7502486Z,0
3.92427,100.8077303,Daerah: Perak<br>No:7357<br>Hex coord:(33;129),n/a,0,0,0,0,0,0,1,2022-04-23T05:38:58.4851502Z,0
3.93205,100.821277,Daerah: Perak<br>No:7358<br>Hex coord:(34;129),n/a,0,0,0,0,0,0,1,2022-04-23T05:38:59.2231077Z,0
3.92427,100.8348237,Daerah: Perak<br>No:7359<br>Hex coord:(35;129),n/a,0,0,0,0,0,0,1,2022-04-23T05:38:59.9557115Z,0
3.93205,100.8483704,Daerah: Perak<br>No:7360<br>Hex coord:(36;129),n/a,0,0,0,0,0,0,1,2022-04-23T05:39:00.7751525Z,0
3.92427,100.8619171,Daerah: Perak<br>No:7361<br>Hex coord:(37;129),n/a,0,0,0,0,0,0,1,2022-04-23T05:39:01.5063095Z,0
3.93205,100.8754638,Daerah: Perak<br>No:7362<br>Hex coord:(38;129),n/a,0,0,0,0,0,0,1,2022-04-23T05:39:02.2434873Z,0
3.92427,100.8890105,Daerah: Perak<br>No:7363<br>Hex coord:(39;129),n/a,0,0,0,0,0,0,1,2022-04-23T05:39:02.9569442Z,0
3.93205,100.9025572,Daerah: Perak<br>No:7364<br>Hex coord:(40;129),n/a,0,0,0,0,0,0,1,2022-04-23T05:39:03.6768198Z,0
3.92427,100.9161039,Daerah: Perak<br>No:7365<br>Hex coord:(41;129),n/a,0,0,0,0,0,0,1,2022-04-23T05:39:04.4225276Z,0
3.93205,100.9296506,Daerah: Perak<br>No:7366<br>Hex coord:(42;129),n/a,0,0,0,0,0,0,1,2022-04-23T05:39:05.1447611Z,0
3.92427,100.9431973,Daerah: Perak<br>No:7367<br>Hex coord:(43;129),n/a,0,0,0,0,0,0,1,2022-04-23T05:39:05.8693800Z,0
3.93205,100.956744,Daerah: Perak<br>No:7368<br>Hex coord:(44;129),n/a,2 ,0,0,0,0,0,1,2022-04-23T05:39:06.6082704Z,0
3.92427,100.9702907,Daerah: Perak<br>No:7369<br>Hex coord:(45;129),n/a,0,0,0,0,0,0,1,2022-04-23T05:39:07.5884696Z,0
3.93205,100.9838374,Daerah: Perak<br>No:7370<br>Hex coord:(46;129),n/a,0,0,0,0,0,0,1,2022-04-23T05:39:08.3249945Z,0
3.92427,100.9973842,Daerah: Perak<br>No:7371<br>Hex coord:(47;129),n/a,0,0,0,0,0,0,1,2022-04-23T05:39:09.0540330Z,0
3.93205,101.0109309,Daerah: Perak<br>No:7372<br>Hex coord:(48;129),n/a,0,0,0,0,0,0,1,2022-04-23T05:39:09.7946048Z,0
3.92427,101.0244776,Daerah: Perak<br>No:7373<br>Hex coord:(49;129),n/a,0,0,0,0,0,0,1,2022-04-23T05:39:10.5305766Z,0
3.93205,101.0380243,Daerah: Perak<br>No:7374<br>Hex coord:(50;129),n/a,0,0,0,0,0,0,1,2022-04-23T05:39:11.2634734Z,0
3.92427,101.051571,Daerah: Perak<br>No:7375<br>Hex coord:(51;129),n/a,0,0,0,0,0,0,1,2022-04-23T05:39:12.0083767Z,0
3.93205,101.0651177,Daerah: Perak<br>No:7376<br>Hex coord:(52;129),n/a,0,0,0,0,0,0,1,2022-04-23T05:39:12.7556954Z,0
3.92427,101.0786644,Daerah: Perak<br>No:7377<br>Hex coord:(53;129),n/a,0,0,0,0,0,0,1,2022-04-23T05:39:13.5292363Z,0
3.93205,101.0922111,Daerah: Perak<br>No:7378<br>Hex coord:(54;129),n/a,0,0,0,0,0,0,1,2022-04-23T05:39:14.2505267Z,0
3.92427,101.1057578,Daerah: Perak<br>No:7379<br>Hex coord:(55;129),n/a,0,0,0,0,0,0,1,2022-04-23T05:39:15.0140727Z,0
3.93205,101.1193045,Daerah: Perak<br>No:7380<br>Hex coord:(56;129),n/a,0,0,0,0,0,0,1,2022-04-23T05:39:15.7583595Z,0
3.92427,101.1328512,Daerah: Perak<br>No:7381<br>Hex coord:(57;129),n/a,0,0,0,0,0,0,1,2022-04-23T05:39:16.4856194Z,0
3.93205,101.1463979,Daerah: Perak<br>No:7382<br>Hex coord:(58;129),n/a,0,0,0,0,0,0,1,2022-04-23T05:39:17.2272839Z,0
3.92427,101.1599446,Daerah: Perak<br>No:7383<br>Hex coord:(59;129),n/a,0,0,0,0,0,0,1,2022-04-23T05:39:17.9609688Z,0
3.93205,101.1734913,Daerah: Perak<br>No:7384<br>Hex coord:(60;129),n/a,0,0,0,0,0,0,1,2022-04-23T05:39:18.6924171Z,0
3.92427,101.187038,Daerah: Perak<br>No:7385<br>Hex coord:(61;129),n/a,0,0,0,0,0,0,1,2022-04-23T05:39:19.4171808Z,0
3.93205,101.2005847,Daerah: Perak<br>No:7386<br>Hex coord:(62;129),n/a,0,0,0,0,0,0,1,2022-04-23T05:39:20.1863309Z,0
3.92427,101.2141314,Daerah: Perak<br>No:7387<br>Hex coord:(63;129),n/a,0,0,0,0,0,0,1,2022-04-23T05:39:20.9240239Z,0
3.93205,101.2276781,Daerah: Perak<br>No:7388<br>Hex coord:(64;129),n/a,0,0,0,0,0,0,1,2022-04-23T05:39:21.6508691Z,0
3.92427,101.2412249,Daerah: Perak<br>No:7389<br>Hex coord:(65;129),n/a,0,0,0,0,0,0,1,2022-04-23T05:39:22.3882088Z,0
3.93205,101.2547716,Daerah: Perak<br>No:7390<br>Hex coord:(66;129),n/a,0,0,0,0,0,0,1,2022-04-23T05:39:23.1260911Z,0
3.92427,101.2683183,Daerah: Perak<br>No:7391<br>Hex coord:(67;129),n/a,0,0,0,0,0,0,1,2022-04-23T05:39:23.8617249Z,0
3.93205,101.281865,Daerah: Perak<br>No:7392<br>Hex coord:(68;129),n/a,0,0,0,0,0,0,1,2022-04-23T05:39:24.5988306Z,0
3.92427,101.2954117,Daerah: Perak<br>No:7393<br>Hex coord:(69;129),n/a,0,0,0,0,0,0,1,2022-04-23T05:39:25.3688084Z,0
3.93205,101.3089584,Daerah: Perak<br>No:7394<br>Hex coord:(70;129),n/a,0,0,0,0,0,0,1,2022-04-23T05:39:26.1067739Z,0
3.92427,101.3225051,Daerah: Perak<br>No:7395<br>Hex coord:(71;129),n/a,0,0,0,0,0,0,1,2022-04-23T05:39:26.8496619Z,0
3.93205,101.3360518,Daerah: Perak<br>No:7396<br>Hex coord:(72;129),n/a,0,0,0,0,0,0,1,2022-04-23T05:39:27.7871423Z,0
3.92427,101.3495985,Daerah: Perak<br>No:7397<br>Hex coord:(73;129),n/a,1 ,0,0,0,0,0,1,2022-04-23T05:39:28.5247789Z,0
3.93205,101.3631452,Daerah: Perak<br>No:7398<br>Hex coord:(74;129),n/a,1 ,0,0,0,0,0,1,2022-04-23T05:39:29.2562935Z,0
3.92427,101.3766919,Daerah: Perak<br>No:7399<br>Hex coord:(75;129),n/a,0,0,0,0,0,0,1,2022-04-23T05:39:29.9847733Z,0
3.93205,101.3902386,Daerah: Perak<br>No:7400<br>Hex coord:(76;129),n/a,1 ,0,0,0,0,0,1,2022-04-23T05:39:30.7637319Z,0
3.92427,101.4037853,Daerah: Perak<br>No:7401<br>Hex coord:(77;129),n/a,0,0,0,0,0,0,1,2022-04-23T05:39:32.5339741Z,0
3.93205,101.417332,Daerah: Perak<br>No:7402<br>Hex coord:(78;129),n/a,0,0,0,0,0,0,1,2022-04-23T05:39:33.2607637Z,0
3.92427,101.4308787,Daerah: Perak<br>No:7403<br>Hex coord:(79;129),n/a,0,0,0,0,0,0,1,2022-04-23T05:39:35.0017189Z,0
3.93205,101.4444254,Daerah: Perak<br>No:7404<br>Hex coord:(80;129),n/a,0,0,0,0,0,0,1,2022-04-23T05:39:35.7296912Z,0
3.92427,101.4579721,Daerah: Perak<br>No:7405<br>Hex coord:(81;129),n/a,0,0,0,0,0,0,1,2022-04-23T05:39:36.4706599Z,0
3.93205,101.4715188,Daerah: Perak<br>No:7406<br>Hex coord:(82;129),n/a,0,0,0,0,0,0,1,2022-04-23T05:39:37.2132795Z,0
3.92427,101.4850655,Daerah: Perak<br>No:7407<br>Hex coord:(83;129),n/a,0,0,0,0,0,0,1,2022-04-23T05:39:37.9508074Z,0
3.93205,101.4986123,Daerah: Perak<br>No:7408<br>Hex coord:(84;129),n/a,0,0,0,0,0,0,1,2022-04-23T05:39:38.6939625Z,0
3.92427,101.512159,Daerah: Perak<br>No:7409<br>Hex coord:(85;129),n/a,0,0,0,0,0,0,1,2022-04-23T05:39:39.4247763Z,0
3.93205,101.5257057,Daerah: Perak<br>No:7410<br>Hex coord:(86;129),n/a,0,0,0,0,0,0,1,2022-04-23T05:39:40.1551118Z,0
3.92427,101.5392524,Daerah: Perak<br>No:7411<br>Hex coord:(87;129),n/a,0,0,0,0,0,0,1,2022-04-23T05:39:40.8957146Z,0
3.93205,101.5527991,Daerah: Perak<br>No:7412<br>Hex coord:(88;129),n/a,0,0,0,0,0,0,1,2022-04-23T05:39:41.6287971Z,0
3.92427,101.5663458,Daerah: Perak<br>No:7413<br>Hex coord:(89;129),n/a,0,0,0,0,0,0,1,2022-04-23T05:39:42.4200207Z,0
3.91649,100.7129033,Daerah: Perak<br>No:7414<br>Hex coord:(26;130),n/a,0,0,0,0,0,0,1,2022-04-23T05:39:43.1776154Z,0
3.90871,100.72645,Daerah: Perak<br>No:7415<br>Hex coord:(27;130),n/a,1 ,0,0,0,0,0,1,2022-04-23T05:39:43.9038420Z,0
3.91649,100.7399968,Daerah: Perak<br>No:7416<br>Hex coord:(28;130),n/a,1 ,0,0,0,0,0,1,2022-04-23T05:39:44.6388023Z,0
3.90871,100.7535435,Daerah: Perak<br>No:7417<br>Hex coord:(29;130),n/a,0,0,0,0,0,0,1,2022-04-23T05:39:45.3687276Z,0
3.91649,100.7670902,Daerah: Perak<br>No:7418<br>Hex coord:(30;130),n/a,0,0,0,0,0,0,1,2022-04-23T05:39:46.0887871Z,0
3.90871,100.7806369,Daerah: Perak<br>No:7419<br>Hex coord:(31;130),n/a,2 ,0,0,0,0,0,1,2022-04-23T05:39:46.8264453Z,0
3.91649,100.7941836,Daerah: Perak<br>No:7420<br>Hex coord:(32;130),n/a,0,0,0,0,0,0,1,2022-04-23T05:39:47.5626823Z,0
3.90871,100.8077303,Daerah: Perak<br>No:7421<br>Hex coord:(33;130),n/a,2 ,0,0,0,0,0,1,2022-04-23T05:39:48.2847388Z,0
3.91649,100.821277,Daerah: Perak<br>No:7422<br>Hex coord:(34;130),n/a,0,0,0,0,0,0,1,2022-04-23T05:39:49.0168572Z,0
3.90871,100.8348237,Daerah: Perak<br>No:7423<br>Hex coord:(35;130),n/a,3 ,0,0,0,0,0,1,2022-04-23T05:39:49.7540386Z,0
3.91649,100.8483704,Daerah: Perak<br>No:7424<br>Hex coord:(36;130),n/a,0,0,0,0,0,0,1,2022-04-23T05:39:50.6285209Z,0
3.90871,100.8619171,Daerah: Perak<br>No:7425<br>Hex coord:(37;130),n/a,0,0,0,0,0,0,1,2022-04-23T05:39:51.3640401Z,0
3.91649,100.8754638,Daerah: Perak<br>No:7426<br>Hex coord:(38;130),n/a,0,0,0,0,0,0,1,2022-04-23T05:39:52.1498391Z,0
3.90871,100.8890105,Daerah: Perak<br>No:7427<br>Hex coord:(39;130),n/a,0,0,0,0,0,0,1,2022-04-23T05:39:52.8687269Z,0
3.91649,100.9025572,Daerah: Perak<br>No:7428<br>Hex coord:(40;130),n/a,0,0,0,0,0,0,1,2022-04-23T05:39:53.6201613Z,0
3.90871,100.9161039,Daerah: Perak<br>No:7429<br>Hex coord:(41;130),n/a,0,0,0,0,0,0,1,2022-04-23T05:39:54.3575383Z,0
3.91649,100.9296506,Daerah: Perak<br>No:7430<br>Hex coord:(42;130),n/a,0,0,0,0,0,0,1,2022-04-23T05:39:55.1434506Z,0
3.90871,100.9431973,Daerah: Perak<br>No:7431<br>Hex coord:(43;130),n/a,12 ,0,0,0,0,0,1,2022-04-23T05:39:55.8834005Z,0
3.91649,100.956744,Daerah: Perak<br>No:7432<br>Hex coord:(44;130),n/a,1 ,0,0,0,0,0,1,2022-04-23T05:39:56.6110682Z,0
3.90871,100.9702907,Daerah: Perak<br>No:7433<br>Hex coord:(45;130),n/a,0,0,0,0,0,0,1,2022-04-23T05:39:57.3682122Z,0
3.91649,100.9838374,Daerah: Perak<br>No:7434<br>Hex coord:(46;130),n/a,0,0,0,0,0,0,1,2022-04-23T05:39:58.1040947Z,0
3.90871,100.9973842,Daerah: Perak<br>No:7435<br>Hex coord:(47;130),n/a,0,0,0,0,0,0,1,2022-04-23T05:39:58.8620719Z,0
3.91649,101.0109309,Daerah: Perak<br>No:7436<br>Hex coord:(48;130),n/a,0,0,0,0,0,0,1,2022-04-23T05:39:59.5821884Z,0
3.90871,101.0244776,Daerah: Perak<br>No:7437<br>Hex coord:(49;130),n/a,0,0,0,0,0,0,1,2022-04-23T05:40:00.3631345Z,0
3.91649,101.0380243,Daerah: Perak<br>No:7438<br>Hex coord:(50;130),n/a,0,0,0,0,0,0,1,2022-04-23T05:40:01.0974179Z,0
3.90871,101.051571,Daerah: Perak<br>No:7439<br>Hex coord:(51;130),n/a,0,0,0,0,0,0,1,2022-04-23T05:40:01.8341938Z,0
3.91649,101.0651177,Daerah: Perak<br>No:7440<br>Hex coord:(52;130),n/a,0,0,0,0,0,0,1,2022-04-23T05:40:02.6386337Z,0
3.90871,101.0786644,Daerah: Perak<br>No:7441<br>Hex coord:(53;130),n/a,0,0,0,0,0,0,1,2022-04-23T05:40:03.3561646Z,0
3.91649,101.0922111,Daerah: Perak<br>No:7442<br>Hex coord:(54;130),n/a,0,0,0,0,0,0,1,2022-04-23T05:40:04.0868484Z,0
3.90871,101.1057578,Daerah: Perak<br>No:7443<br>Hex coord:(55;130),n/a,0,0,0,0,0,0,1,2022-04-23T05:40:05.8152321Z,0
3.91649,101.1193045,Daerah: Perak<br>No:7444<br>Hex coord:(56;130),n/a,0,0,0,0,0,0,1,2022-04-23T05:40:06.5513620Z,0
3.90871,101.1328512,Daerah: Perak<br>No:7445<br>Hex coord:(57;130),n/a,0,0,0,0,0,0,1,2022-04-23T05:40:07.4896740Z,0
3.91649,101.1463979,Daerah: Perak<br>No:7446<br>Hex coord:(58;130),n/a,0,0,0,0,0,0,1,2022-04-23T05:40:08.2154885Z,0
3.90871,101.1599446,Daerah: Perak<br>No:7447<br>Hex coord:(59;130),n/a,0,0,0,0,0,0,1,2022-04-23T05:40:08.9459064Z,0
3.91649,101.1734913,Daerah: Perak<br>No:7448<br>Hex coord:(60;130),n/a,0,0,0,0,0,0,1,2022-04-23T05:40:09.6610990Z,0
3.90871,101.187038,Daerah: Perak<br>No:7449<br>Hex coord:(61;130),n/a,0,0,0,0,0,0,1,2022-04-23T05:40:10.3960691Z,0
3.91649,101.2005847,Daerah: Perak<br>No:7450<br>Hex coord:(62;130),n/a,0,0,0,0,0,0,1,2022-04-23T05:40:11.1223972Z,0
3.90871,101.2141314,Daerah: Perak<br>No:7451<br>Hex coord:(63;130),n/a,0,0,0,0,0,0,1,2022-04-23T05:40:11.8584350Z,0
3.91649,101.2276781,Daerah: Perak<br>No:7452<br>Hex coord:(64;130),n/a,0,0,0,0,0,0,1,2022-04-23T05:40:12.6001555Z,0
3.90871,101.2412249,Daerah: Perak<br>No:7453<br>Hex coord:(65;130),n/a,0,0,0,0,0,0,1,2022-04-23T05:40:13.3312088Z,0
3.91649,101.2547716,Daerah: Perak<br>No:7454<br>Hex coord:(66;130),n/a,0,0,0,0,0,0,1,2022-04-23T05:40:14.0529591Z,0
3.90871,101.2683183,Daerah: Perak<br>No:7455<br>Hex coord:(67;130),n/a,0,0,0,0,0,0,1,2022-04-23T05:40:14.7930718Z,0
3.91649,101.281865,Daerah: Perak<br>No:7456<br>Hex coord:(68;130),n/a,0,0,0,0,0,0,1,2022-04-23T05:40:15.5205022Z,0
3.90871,101.2954117,Daerah: Perak<br>No:7457<br>Hex coord:(69;130),n/a,0,0,0,0,0,0,1,2022-04-23T05:40:16.2416175Z,0
3.91649,101.3089584,Daerah: Perak<br>No:7458<br>Hex coord:(70;130),n/a,0,0,0,0,0,0,1,2022-04-23T05:40:16.9672951Z,0
3.90871,101.3225051,Daerah: Perak<br>No:7459<br>Hex coord:(71;130),n/a,0,0,0,0,0,0,1,2022-04-23T05:40:17.6988643Z,0
3.91649,101.3360518,Daerah: Perak<br>No:7460<br>Hex coord:(72;130),n/a,0,0,0,0,0,0,1,2022-04-23T05:40:18.4410655Z,0
3.90871,101.3495985,Daerah: Perak<br>No:7461<br>Hex coord:(73;130),n/a,0,0,0,0,0,0,1,2022-04-23T05:40:19.1665310Z,0
3.91649,101.3631452,Daerah: Perak<br>No:7462<br>Hex coord:(74;130),n/a,0,0,0,0,0,0,1,2022-04-23T05:40:19.9079130Z,0
3.90871,101.3766919,Daerah: Perak<br>No:7463<br>Hex coord:(75;130),n/a,0,0,0,0,0,0,1,2022-04-23T05:40:20.6810265Z,0
3.91649,101.3902386,Daerah: Perak<br>No:7464<br>Hex coord:(76;130),n/a,2 ,0,0,0,0,0,1,2022-04-23T05:40:21.4398202Z,0
3.90871,101.4037853,Daerah: Perak<br>No:7465<br>Hex coord:(77;130),n/a,0,0,0,0,0,0,1,2022-04-23T05:40:22.1654391Z,0
3.91649,101.417332,Daerah: Perak<br>No:7466<br>Hex coord:(78;130),n/a,0,0,0,0,0,0,1,2022-04-23T05:40:22.8852457Z,0
3.90871,101.4308787,Daerah: Perak<br>No:7467<br>Hex coord:(79;130),n/a,0,0,0,0,0,0,1,2022-04-23T05:40:23.6243818Z,0
3.91649,101.4444254,Daerah: Perak<br>No:7468<br>Hex coord:(80;130),n/a,0,0,0,0,0,0,1,2022-04-23T05:40:24.3414473Z,0
3.90871,101.4579721,Daerah: Perak<br>No:7469<br>Hex coord:(81;130),n/a,0,0,0,0,0,0,1,2022-04-23T05:40:25.0688300Z,0
3.91649,101.4715188,Daerah: Perak<br>No:7470<br>Hex coord:(82;130),n/a,0,0,0,0,0,0,1,2022-04-23T05:40:25.7950422Z,0
3.90871,101.4850655,Daerah: Perak<br>No:7471<br>Hex coord:(83;130),n/a,0,0,0,0,0,0,1,2022-04-23T05:40:26.5353615Z,0
3.91649,101.4986123,Daerah: Perak<br>No:7472<br>Hex coord:(84;130),n/a,0,0,0,0,0,0,1,2022-04-23T05:40:27.2592653Z,0
3.90871,101.512159,Daerah: Perak<br>No:7473<br>Hex coord:(85;130),n/a,0,0,0,0,0,0,1,2022-04-23T05:40:27.9934465Z,0
3.91649,101.5257057,Daerah: Perak<br>No:7474<br>Hex coord:(86;130),n/a,0,0,0,0,0,0,1,2022-04-23T05:40:28.7224252Z,0
3.90871,101.5392524,Daerah: Perak<br>No:7475<br>Hex coord:(87;130),n/a,0,0,0,0,0,0,1,2022-04-23T05:40:29.7877827Z,0
3.91649,101.5527991,Daerah: Perak<br>No:7476<br>Hex coord:(88;130),n/a,0,0,0,0,0,0,1,2022-04-23T05:40:30.5297938Z,0
3.90871,101.5663458,Daerah: Perak<br>No:7477<br>Hex coord:(89;130),n/a,0,0,0,0,0,0,1,2022-04-23T05:40:31.2695429Z,0
3.90093,100.7129033,Daerah: Perak<br>No:7478<br>Hex coord:(26;131),n/a,0,0,0,0,0,0,1,2022-04-23T05:40:31.9944933Z,0
3.89315,100.72645,Daerah: Perak<br>No:7479<br>Hex coord:(27;131),n/a,1 ,0,0,0,0,0,1,2022-04-23T05:40:32.7557245Z,0
3.90093,100.7399968,Daerah: Perak<br>No:7480<br>Hex coord:(28;131),n/a,1 ,0,0,0,0,0,1,2022-04-23T05:40:33.4934187Z,0
3.89315,100.7535435,Daerah: Perak<br>No:7481<br>Hex coord:(29;131),n/a,0,0,0,0,0,0,1,2022-04-23T05:40:34.2264732Z,0
3.90093,100.7670902,Daerah: Perak<br>No:7482<br>Hex coord:(30;131),n/a,2 ,0,0,0,0,0,1,2022-04-23T05:40:34.9599007Z,0
3.89315,100.7806369,Daerah: Perak<br>No:7483<br>Hex coord:(31;131),n/a,1 ,0,0,0,0,0,1,2022-04-23T05:40:35.6857723Z,0
3.90093,100.7941836,Daerah: Perak<br>No:7484<br>Hex coord:(32;131),n/a,4 ,0,0,0,0,0,1,2022-04-23T05:40:36.5854857Z,0
3.89315,100.8077303,Daerah: Perak<br>No:7485<br>Hex coord:(33;131),n/a,2 ,0,0,0,0,0,1,2022-04-23T05:40:37.3204098Z,0
3.90093,100.821277,Daerah: Perak<br>No:7486<br>Hex coord:(34;131),n/a,0,0,0,0,0,0,1,2022-04-23T05:40:38.0496971Z,0
3.89315,100.8348237,Daerah: Perak<br>No:7487<br>Hex coord:(35;131),n/a,0,0,0,0,0,0,1,2022-04-23T05:40:38.7764192Z,0
3.90093,100.8483704,Daerah: Perak<br>No:7488<br>Hex coord:(36;131),n/a,1 ,0,0,0,0,0,1,2022-04-23T05:40:39.5074357Z,0
3.89315,100.8619171,Daerah: Perak<br>No:7489<br>Hex coord:(37;131),n/a,1 ,0,0,0,0,0,1,2022-04-23T05:40:40.2628995Z,0
3.90093,100.8754638,Daerah: Perak<br>No:7490<br>Hex coord:(38;131),n/a,1 ,0,0,0,0,0,1,2022-04-23T05:40:40.9941038Z,0
3.89315,100.8890105,Daerah: Perak<br>No:7491<br>Hex coord:(39;131),n/a,0,0,0,0,0,0,1,2022-04-23T05:40:41.7112443Z,0
3.90093,100.9025572,Daerah: Perak<br>No:7492<br>Hex coord:(40;131),n/a,0,0,0,0,0,0,1,2022-04-23T05:40:42.4464798Z,0
3.89315,100.9161039,Daerah: Perak<br>No:7493<br>Hex coord:(41;131),n/a,1 ,0,0,0,0,0,1,2022-04-23T05:40:43.1796614Z,0
3.90093,100.9296506,Daerah: Perak<br>No:7494<br>Hex coord:(42;131),n/a,15 ,0,0,0,0,0,1,2022-04-23T05:40:43.9106489Z,0
3.89315,100.9431973,Daerah: Perak<br>No:7495<br>Hex coord:(43;131),n/a,18 ,0,0,0,0,0,1,2022-04-23T05:40:44.6394470Z,0
3.90093,100.956744,Daerah: Perak<br>No:7496<br>Hex coord:(44;131),n/a,0,0,0,0,0,0,1,2022-04-23T05:40:45.3680351Z,0
3.89315,100.9702907,Daerah: Perak<br>No:7497<br>Hex coord:(45;131),n/a,0,0,0,0,0,0,1,2022-04-23T05:40:46.0923456Z,0
3.90093,100.9838374,Daerah: Perak<br>No:7498<br>Hex coord:(46;131),n/a,0,0,0,0,0,0,1,2022-04-23T05:40:46.8304436Z,0
3.89315,100.9973842,Daerah: Perak<br>No:7499<br>Hex coord:(47;131),n/a,0,0,0,0,0,0,1,2022-04-23T05:40:47.5473019Z,0
3.90093,101.0109309,Daerah: Perak<br>No:7500<br>Hex coord:(48;131),n/a,0,0,0,0,0,0,1,2022-04-23T05:40:48.2796680Z,0
3.89315,101.0244776,Daerah: Perak<br>No:7501<br>Hex coord:(49;131),n/a,0,0,0,0,0,0,1,2022-04-23T05:40:49.0115202Z,0
3.90093,101.0380243,Daerah: Perak<br>No:7502<br>Hex coord:(50;131),n/a,0,0,0,0,0,0,1,2022-04-23T05:40:49.7339679Z,0
3.89315,101.051571,Daerah: Perak<br>No:7503<br>Hex coord:(51;131),n/a,0,0,0,0,0,0,1,2022-04-23T05:40:50.4714469Z,0
3.90093,101.0651177,Daerah: Perak<br>No:7504<br>Hex coord:(52;131),n/a,0,0,0,0,0,0,1,2022-04-23T05:40:51.1956566Z,0
3.89315,101.0786644,Daerah: Perak<br>No:7505<br>Hex coord:(53;131),n/a,0,0,0,0,0,0,1,2022-04-23T05:40:51.9211843Z,0
3.90093,101.0922111,Daerah: Perak<br>No:7506<br>Hex coord:(54;131),n/a,0,0,0,0,0,0,1,2022-04-23T05:40:52.6494042Z,0
3.89315,101.1057578,Daerah: Perak<br>No:7507<br>Hex coord:(55;131),n/a,0,0,0,0,0,0,1,2022-04-23T05:40:53.3679014Z,0
3.90093,101.1193045,Daerah: Perak<br>No:7508<br>Hex coord:(56;131),n/a,0,0,0,0,0,0,1,2022-04-23T05:40:54.0897894Z,0
3.89315,101.1328512,Daerah: Perak<br>No:7509<br>Hex coord:(57;131),n/a,0,0,0,0,0,0,1,2022-04-23T05:40:54.8338343Z,0
3.90093,101.1463979,Daerah: Perak<br>No:7510<br>Hex coord:(58;131),n/a,0,0,0,0,0,0,1,2022-04-23T05:40:55.5557476Z,0
3.89315,101.1599446,Daerah: Perak<br>No:7511<br>Hex coord:(59;131),n/a,0,0,0,0,0,0,1,2022-04-23T05:40:56.2846252Z,0
3.90093,101.1734913,Daerah: Perak<br>No:7512<br>Hex coord:(60;131),n/a,0,0,0,0,0,0,1,2022-04-23T05:40:57.0087405Z,0
3.89315,101.187038,Daerah: Perak<br>No:7513<br>Hex coord:(61;131),n/a,0,0,0,0,0,0,1,2022-04-23T05:40:57.7312406Z,0
3.90093,101.2005847,Daerah: Perak<br>No:7514<br>Hex coord:(62;131),n/a,0,0,0,0,0,0,1,2022-04-23T05:40:58.4592990Z,0
3.89315,101.2141314,Daerah: Perak<br>No:7515<br>Hex coord:(63;131),n/a,0,0,0,0,0,0,1,2022-04-23T05:40:59.1801192Z,0
3.90093,101.2276781,Daerah: Perak<br>No:7516<br>Hex coord:(64;131),n/a,0,0,0,0,0,0,1,2022-04-23T05:40:59.8972457Z,0
3.89315,101.2412249,Daerah: Perak<br>No:7517<br>Hex coord:(65;131),n/a,0,0,0,0,0,0,1,2022-04-23T05:41:00.6146443Z,0
3.90093,101.2547716,Daerah: Perak<br>No:7518<br>Hex coord:(66;131),n/a,0,0,0,0,0,0,1,2022-04-23T05:41:01.3319307Z,0
3.89315,101.2683183,Daerah: Perak<br>No:7519<br>Hex coord:(67;131),n/a,0,0,0,0,0,0,1,2022-04-23T05:41:02.1219831Z,0
3.90093,101.281865,Daerah: Perak<br>No:7520<br>Hex coord:(68;131),n/a,0,0,0,0,0,0,1,2022-04-23T05:41:02.8546104Z,0
3.89315,101.2954117,Daerah: Perak<br>No:7521<br>Hex coord:(69;131),n/a,0,0,0,0,0,0,1,2022-04-23T05:41:03.5812222Z,0
3.90093,101.3089584,Daerah: Perak<br>No:7522<br>Hex coord:(70;131),n/a,0,0,0,0,0,0,1,2022-04-23T05:41:04.3085546Z,0
3.89315,101.3225051,Daerah: Perak<br>No:7523<br>Hex coord:(71;131),n/a,0,0,0,0,0,0,1,2022-04-23T05:41:05.1092238Z,0
3.90093,101.3360518,Daerah: Perak<br>No:7524<br>Hex coord:(72;131),n/a,0,0,0,0,0,0,1,2022-04-23T05:41:05.8346439Z,0
3.89315,101.3495985,Daerah: Perak<br>No:7525<br>Hex coord:(73;131),n/a,0,0,0,0,0,0,1,2022-04-23T05:41:06.5497506Z,0
3.90093,101.3631452,Daerah: Perak<br>No:7526<br>Hex coord:(74;131),n/a,0,0,0,0,0,0,1,2022-04-23T05:41:07.4101273Z,0
3.89315,101.3766919,Daerah: Perak<br>No:7527<br>Hex coord:(75;131),n/a,1 ,0,0,0,0,0,1,2022-04-23T05:41:08.2158009Z,0
3.90093,101.3902386,Daerah: Perak<br>No:7528<br>Hex coord:(76;131),n/a,0,0,0,0,0,0,1,2022-04-23T05:41:09.0615086Z,0
3.89315,101.4037853,Daerah: Perak<br>No:7529<br>Hex coord:(77;131),n/a,0,0,0,0,0,0,1,2022-04-23T05:41:09.9100555Z,0
3.90093,101.417332,Daerah: Perak<br>No:7530<br>Hex coord:(78;131),n/a,0,0,0,0,0,0,1,2022-04-23T05:41:10.6679580Z,0
3.89315,101.4308787,Daerah: Perak<br>No:7531<br>Hex coord:(79;131),n/a,0,0,0,0,0,0,1,2022-04-23T05:41:11.4256458Z,0
3.90093,101.4444254,Daerah: Perak<br>No:7532<br>Hex coord:(80;131),n/a,0,0,0,0,0,0,1,2022-04-23T05:41:12.1637255Z,0
3.89315,101.4579721,Daerah: Perak<br>No:7533<br>Hex coord:(81;131),n/a,0,0,0,0,0,0,1,2022-04-23T05:41:12.8917598Z,0
3.90093,101.4715188,Daerah: Perak<br>No:7534<br>Hex coord:(82;131),n/a,0,0,0,0,0,0,1,2022-04-23T05:41:13.6096144Z,0
3.89315,101.4850655,Daerah: Perak<br>No:7535<br>Hex coord:(83;131),n/a,0,0,0,0,0,0,1,2022-04-23T05:41:14.3625346Z,0
3.90093,101.4986123,Daerah: Perak<br>No:7536<br>Hex coord:(84;131),n/a,0,0,0,0,0,0,1,2022-04-23T05:41:15.1026605Z,0
3.89315,101.512159,Daerah: Perak<br>No:7537<br>Hex coord:(85;131),n/a,0,0,0,0,0,0,1,2022-04-23T05:41:15.8346592Z,0
3.90093,101.5257057,Daerah: Perak<br>No:7538<br>Hex coord:(86;131),n/a,0,0,0,0,0,0,1,2022-04-23T05:41:16.5739115Z,0
3.89315,101.5392524,Daerah: Perak<br>No:7539<br>Hex coord:(87;131),n/a,0,0,0,0,0,0,1,2022-04-23T05:41:18.1749754Z,0
3.90093,101.5527991,Daerah: Perak<br>No:7540<br>Hex coord:(88;131),n/a,0,0,0,0,0,0,1,2022-04-23T05:41:18.8945384Z,0
3.89315,101.5663458,Daerah: Perak<br>No:7541<br>Hex coord:(89;131),n/a,0,0,0,0,0,0,1,2022-04-23T05:41:19.6159005Z,0
3.87759,100.72645,Daerah: Perak<br>No:7542<br>Hex coord:(27;132),n/a,0,0,0,0,0,0,1,2022-04-23T05:41:20.3509358Z,0
3.88537,100.7399968,Daerah: Perak<br>No:7543<br>Hex coord:(28;132),n/a,0,0,0,0,0,0,1,2022-04-23T05:41:21.0936480Z,0
3.87759,100.7535435,Daerah: Perak<br>No:7544<br>Hex coord:(29;132),n/a,0,0,0,0,0,0,1,2022-04-23T05:41:22.0541639Z,0
3.88537,100.7670902,Daerah: Perak<br>No:7545<br>Hex coord:(30;132),n/a,0,0,0,0,0,0,1,2022-04-23T05:41:22.9486495Z,0
3.87759,100.7806369,Daerah: Perak<br>No:7546<br>Hex coord:(31;132),n/a,0,0,0,0,0,0,1,2022-04-23T05:41:23.8338329Z,0
3.88537,100.7941836,Daerah: Perak<br>No:7547<br>Hex coord:(32;132),n/a,0,0,0,0,0,0,1,2022-04-23T05:41:24.7266709Z,0
3.87759,100.8077303,Daerah: Perak<br>No:7548<br>Hex coord:(33;132),n/a,1 ,0,0,0,0,0,1,2022-04-23T05:41:25.7607850Z,0
3.88537,100.821277,Daerah: Perak<br>No:7549<br>Hex coord:(34;132),n/a,3 ,0,0,0,0,0,1,2022-04-23T05:41:26.9131330Z,0
3.87759,100.8348237,Daerah: Perak<br>No:7550<br>Hex coord:(35;132),n/a,4 ,0,0,0,0,0,1,2022-04-23T05:41:27.6382152Z,0
3.88537,100.8483704,Daerah: Perak<br>No:7551<br>Hex coord:(36;132),n/a,1 ,0,0,0,0,0,1,2022-04-23T05:41:28.3808090Z,0
3.87759,100.8619171,Daerah: Perak<br>No:7552<br>Hex coord:(37;132),n/a,3 ,0,0,0,0,0,1,2022-04-23T05:41:29.1323516Z,0
3.88537,100.8754638,Daerah: Perak<br>No:7553<br>Hex coord:(38;132),n/a,1 ,0,0,0,0,0,1,2022-04-23T05:41:29.8447072Z,0
3.87759,100.8890105,Daerah: Perak<br>No:7554<br>Hex coord:(39;132),n/a,0,0,0,0,0,0,1,2022-04-23T05:41:30.5807548Z,0
3.88537,100.9025572,Daerah: Perak<br>No:7555<br>Hex coord:(40;132),n/a,0,0,0,0,0,0,1,2022-04-23T05:41:31.2952560Z,0
3.87759,100.9161039,Daerah: Perak<br>No:7556<br>Hex coord:(41;132),n/a,5 ,0,0,0,0,0,1,2022-04-23T05:41:32.0337647Z,0
3.88537,100.9296506,Daerah: Perak<br>No:7557<br>Hex coord:(42;132),n/a,21 ,0,0,0,0,0,1,2022-04-23T05:41:32.7626006Z,0
3.87759,100.9431973,Daerah: Perak<br>No:7558<br>Hex coord:(43;132),n/a,2 ,0,0,0,0,0,1,2022-04-23T05:41:33.4936894Z,0
3.88537,100.956744,Daerah: Perak<br>No:7559<br>Hex coord:(44;132),n/a,2 ,0,0,0,0,0,1,2022-04-23T05:41:34.2277477Z,0
3.87759,100.9702907,Daerah: Perak<br>No:7560<br>Hex coord:(45;132),n/a,0,0,0,0,0,0,1,2022-04-23T05:41:34.9459206Z,0
3.88537,100.9838374,Daerah: Perak<br>No:7561<br>Hex coord:(46;132),n/a,0,0,0,0,0,0,1,2022-04-23T05:41:35.6855805Z,0
3.87759,100.9973842,Daerah: Perak<br>No:7562<br>Hex coord:(47;132),n/a,0,0,0,0,0,0,1,2022-04-23T05:41:36.4071295Z,0
3.88537,101.0109309,Daerah: Perak<br>No:7563<br>Hex coord:(48;132),n/a,0,0,0,0,0,0,1,2022-04-23T05:41:37.2824500Z,0
3.87759,101.0244776,Daerah: Perak<br>No:7564<br>Hex coord:(49;132),n/a,0,0,0,0,0,0,1,2022-04-23T05:41:38.0287470Z,0
3.88537,101.0380243,Daerah: Perak<br>No:7565<br>Hex coord:(50;132),n/a,0,0,0,0,0,0,1,2022-04-23T05:41:38.7633876Z,0
3.87759,101.051571,Daerah: Perak<br>No:7566<br>Hex coord:(51;132),n/a,0,0,0,0,0,0,1,2022-04-23T05:41:39.5099494Z,0
3.88537,101.0651177,Daerah: Perak<br>No:7567<br>Hex coord:(52;132),n/a,0,0,0,0,0,0,1,2022-04-23T05:41:40.2554179Z,0
3.87759,101.0786644,Daerah: Perak<br>No:7568<br>Hex coord:(53;132),n/a,0,0,0,0,0,0,1,2022-04-23T05:41:40.9696789Z,0
3.88537,101.0922111,Daerah: Perak<br>No:7569<br>Hex coord:(54;132),n/a,0,0,0,0,0,0,1,2022-04-23T05:41:41.7028549Z,0
3.87759,101.1057578,Daerah: Perak<br>No:7570<br>Hex coord:(55;132),n/a,0,0,0,0,0,0,1,2022-04-23T05:41:42.4275645Z,0
3.88537,101.1193045,Daerah: Perak<br>No:7571<br>Hex coord:(56;132),n/a,0,0,0,0,0,0,1,2022-04-23T05:41:43.1503350Z,0
3.87759,101.1328512,Daerah: Perak<br>No:7572<br>Hex coord:(57;132),n/a,0,0,0,0,0,0,1,2022-04-23T05:41:43.8689513Z,0
3.88537,101.1463979,Daerah: Perak<br>No:7573<br>Hex coord:(58;132),n/a,0,0,0,0,0,0,1,2022-04-23T05:41:45.5983117Z,0
3.87759,101.1599446,Daerah: Perak<br>No:7574<br>Hex coord:(59;132),n/a,0,0,0,0,0,0,1,2022-04-23T05:41:46.3219680Z,0
3.88537,101.1734913,Daerah: Perak<br>No:7575<br>Hex coord:(60;132),n/a,0,0,0,0,0,0,1,2022-04-23T05:41:47.0589367Z,0
3.87759,101.187038,Daerah: Perak<br>No:7576<br>Hex coord:(61;132),n/a,0,0,0,0,0,0,1,2022-04-23T05:41:47.7979163Z,0
3.88537,101.2005847,Daerah: Perak<br>No:7577<br>Hex coord:(62;132),n/a,0,0,0,0,0,0,1,2022-04-23T05:41:48.5269465Z,0
3.87759,101.2141314,Daerah: Perak<br>No:7578<br>Hex coord:(63;132),n/a,0,0,0,0,0,0,1,2022-04-23T05:41:49.2457921Z,0
3.88537,101.2276781,Daerah: Perak<br>No:7579<br>Hex coord:(64;132),n/a,0,0,0,0,0,0,1,2022-04-23T05:41:50.1086525Z,0
3.87759,101.2412249,Daerah: Perak<br>No:7580<br>Hex coord:(65;132),n/a,0,0,0,0,0,0,1,2022-04-23T05:41:50.8262637Z,0
3.88537,101.2547716,Daerah: Perak<br>No:7581<br>Hex coord:(66;132),n/a,0,0,0,0,0,0,1,2022-04-23T05:41:51.5414114Z,0
3.87759,101.2683183,Daerah: Perak<br>No:7582<br>Hex coord:(67;132),n/a,0,0,0,0,0,0,1,2022-04-23T05:41:52.2759337Z,0
3.88537,101.281865,Daerah: Perak<br>No:7583<br>Hex coord:(68;132),n/a,0,0,0,0,0,0,1,2022-04-23T05:41:53.0049351Z,0
3.87759,101.2954117,Daerah: Perak<br>No:7584<br>Hex coord:(69;132),n/a,0,0,0,0,0,0,1,2022-04-23T05:41:53.7543600Z,0
3.88537,101.3089584,Daerah: Perak<br>No:7585<br>Hex coord:(70;132),n/a,0,0,0,0,0,0,1,2022-04-23T05:41:54.4891839Z,0
3.87759,101.3225051,Daerah: Perak<br>No:7586<br>Hex coord:(71;132),n/a,0,0,0,0,0,0,1,2022-04-23T05:41:55.2238539Z,0
3.88537,101.3360518,Daerah: Perak<br>No:7587<br>Hex coord:(72;132),n/a,0,0,0,0,0,0,1,2022-04-23T05:41:55.9437957Z,0
3.87759,101.3495985,Daerah: Perak<br>No:7588<br>Hex coord:(73;132),n/a,0,0,0,0,0,0,1,2022-04-23T05:41:56.6991823Z,0
3.88537,101.3631452,Daerah: Perak<br>No:7589<br>Hex coord:(74;132),n/a,0,0,0,0,0,0,1,2022-04-23T05:41:57.4238423Z,0
3.87759,101.3766919,Daerah: Perak<br>No:7590<br>Hex coord:(75;132),n/a,0,0,0,0,0,0,1,2022-04-23T05:41:58.1507009Z,0
3.88537,101.3902386,Daerah: Perak<br>No:7591<br>Hex coord:(76;132),n/a,0,0,0,0,0,0,1,2022-04-23T05:41:58.8799128Z,0
3.87759,101.4037853,Daerah: Perak<br>No:7592<br>Hex coord:(77;132),n/a,0,0,0,0,0,0,1,2022-04-23T05:41:59.6430656Z,0
3.88537,101.417332,Daerah: Perak<br>No:7593<br>Hex coord:(78;132),n/a,0,0,0,0,0,0,1,2022-04-23T05:42:00.3731803Z,0
3.87759,101.4308787,Daerah: Perak<br>No:7594<br>Hex coord:(79;132),n/a,0,0,0,0,0,0,1,2022-04-23T05:42:01.1019041Z,0
3.88537,101.4444254,Daerah: Perak<br>No:7595<br>Hex coord:(80;132),n/a,0,0,0,0,0,0,1,2022-04-23T05:42:01.8213470Z,0
3.87759,101.4579721,Daerah: Perak<br>No:7596<br>Hex coord:(81;132),n/a,0,0,0,0,0,0,1,2022-04-23T05:42:02.5509690Z,0
3.88537,101.4715188,Daerah: Perak<br>No:7597<br>Hex coord:(82;132),n/a,0,0,0,0,0,0,1,2022-04-23T05:42:03.2792816Z,0
3.87759,101.4850655,Daerah: Perak<br>No:7598<br>Hex coord:(83;132),n/a,0,0,0,0,0,0,1,2022-04-23T05:42:04.0099216Z,0
3.88537,101.4986123,Daerah: Perak<br>No:7599<br>Hex coord:(84;132),n/a,0,0,0,0,0,0,1,2022-04-23T05:42:04.7348793Z,0
3.87759,101.512159,Daerah: Perak<br>No:7600<br>Hex coord:(85;132),n/a,0,0,0,0,0,0,1,2022-04-23T05:42:05.4781844Z,0
3.88537,101.5257057,Daerah: Perak<br>No:7601<br>Hex coord:(86;132),n/a,0,0,0,0,0,0,1,2022-04-23T05:42:06.2040168Z,0
3.87759,101.5392524,Daerah: Perak<br>No:7602<br>Hex coord:(87;132),n/a,0,0,0,0,0,0,1,2022-04-23T05:42:07.2569676Z,0
3.88537,101.5527991,Daerah: Perak<br>No:7603<br>Hex coord:(88;132),n/a,0,0,0,0,0,0,1,2022-04-23T05:42:07.9810246Z,0
3.87759,101.5663458,Daerah: Perak<br>No:7604<br>Hex coord:(89;132),n/a,0,0,0,0,0,0,1,2022-04-23T05:42:08.7081882Z,0
3.88537,101.5798925,Daerah: Perak<br>No:7605<br>Hex coord:(90;132),n/a,0,0,0,0,0,0,1,2022-04-23T05:42:09.4393572Z,0
3.87759,101.5934392,Daerah: Perak<br>No:7606<br>Hex coord:(91;132),n/a,0,0,0,0,0,0,1,2022-04-23T05:42:10.3262830Z,0
3.86203,100.72645,Daerah: Perak<br>No:7607<br>Hex coord:(27;133),n/a,0,0,0,0,0,0,1,2022-04-23T05:42:11.1931951Z,0
3.86981,100.7399968,Daerah: Perak<br>No:7608<br>Hex coord:(28;133),n/a,0,0,0,0,0,0,1,2022-04-23T05:42:12.0500472Z,0
3.86203,100.7535435,Daerah: Perak<br>No:7609<br>Hex coord:(29;133),n/a,0,0,0,0,0,0,1,2022-04-23T05:42:12.9910459Z,0
3.86981,100.7670902,Daerah: Perak<br>No:7610<br>Hex coord:(30;133),n/a,0,0,0,0,0,0,1,2022-04-23T05:42:13.7419645Z,0
3.86203,100.7806369,Daerah: Perak<br>No:7611<br>Hex coord:(31;133),n/a,0,0,0,0,0,0,1,2022-04-23T05:42:14.4826967Z,0
3.86981,100.7941836,Daerah: Perak<br>No:7612<br>Hex coord:(32;133),n/a,0,0,0,0,0,0,1,2022-04-23T05:42:15.2178480Z,0
3.86203,100.8077303,Daerah: Perak<br>No:7613<br>Hex coord:(33;133),n/a,0,0,0,0,0,0,1,2022-04-23T05:42:15.9408131Z,0
3.86981,100.821277,Daerah: Perak<br>No:7614<br>Hex coord:(34;133),n/a,0,0,0,0,0,0,1,2022-04-23T05:42:16.6717518Z,0
3.86203,100.8348237,Daerah: Perak<br>No:7615<br>Hex coord:(35;133),n/a,0,0,0,0,0,0,1,2022-04-23T05:42:17.3981494Z,0
3.86981,100.8483704,Daerah: Perak<br>No:7616<br>Hex coord:(36;133),n/a,1 ,0,0,0,0,0,1,2022-04-23T05:42:18.1608748Z,0
3.86203,100.8619171,Daerah: Perak<br>No:7617<br>Hex coord:(37;133),n/a,0,0,0,0,0,0,1,2022-04-23T05:42:18.8894944Z,0
3.86981,100.8754638,Daerah: Perak<br>No:7618<br>Hex coord:(38;133),n/a,0,0,0,0,0,0,1,2022-04-23T05:42:19.6134781Z,0
3.86203,100.8890105,Daerah: Perak<br>No:7619<br>Hex coord:(39;133),n/a,1 ,0,0,0,0,0,1,2022-04-23T05:42:20.4242410Z,0
3.86981,100.9025572,Daerah: Perak<br>No:7620<br>Hex coord:(40;133),n/a,3 ,0,0,0,0,0,1,2022-04-23T05:42:21.1545632Z,0
3.86981,100.9296506,Daerah: Perak<br>No:7621<br>Hex coord:(42;133),n/a,4 ,0,0,0,0,0,1,2022-04-23T05:42:21.8869363Z,0
3.86981,100.956744,Daerah: Perak<br>No:7622<br>Hex coord:(44;133),n/a,0,0,0,0,0,0,1,2022-04-23T05:42:22.6133377Z,0
3.86203,100.9702907,Daerah: Perak<br>No:7623<br>Hex coord:(45;133),n/a,0,0,0,0,0,0,1,2022-04-23T05:42:23.4048776Z,0
3.86981,100.9838374,Daerah: Perak<br>No:7624<br>Hex coord:(46;133),n/a,0,0,0,0,0,0,1,2022-04-23T05:42:24.1476857Z,0
3.86203,100.9973842,Daerah: Perak<br>No:7625<br>Hex coord:(47;133),n/a,0,0,0,0,0,0,1,2022-04-23T05:42:24.8796945Z,0
3.86981,101.0109309,Daerah: Perak<br>No:7626<br>Hex coord:(48;133),n/a,0,0,0,0,0,0,1,2022-04-23T05:42:25.6065173Z,0
3.86203,101.0244776,Daerah: Perak<br>No:7627<br>Hex coord:(49;133),n/a,0,0,0,0,0,0,1,2022-04-23T05:42:26.3507995Z,0
3.86981,101.0380243,Daerah: Perak<br>No:7628<br>Hex coord:(50;133),n/a,0,0,0,0,0,0,1,2022-04-23T05:42:27.0724488Z,0
3.86203,101.051571,Daerah: Perak<br>No:7629<br>Hex coord:(51;133),n/a,0,0,0,0,0,0,1,2022-04-23T05:42:27.7976839Z,0
3.86981,101.0651177,Daerah: Perak<br>No:7630<br>Hex coord:(52;133),n/a,0,0,0,0,0,0,1,2022-04-23T05:42:28.5188025Z,0
3.86203,101.0786644,Daerah: Perak<br>No:7631<br>Hex coord:(53;133),n/a,0,0,0,0,0,0,1,2022-04-23T05:42:29.2506675Z,0
3.86981,101.0922111,Daerah: Perak<br>No:7632<br>Hex coord:(54;133),n/a,0,0,0,0,0,0,1,2022-04-23T05:42:29.9721256Z,0
3.86203,101.1057578,Daerah: Perak<br>No:7633<br>Hex coord:(55;133),n/a,0,0,0,0,0,0,1,2022-04-23T05:42:30.7047166Z,0
3.86981,101.1193045,Daerah: Perak<br>No:7634<br>Hex coord:(56;133),n/a,0,0,0,0,0,0,1,2022-04-23T05:42:31.4371763Z,0
3.86203,101.1328512,Daerah: Perak<br>No:7635<br>Hex coord:(57;133),n/a,0,0,0,0,0,0,1,2022-04-23T05:42:32.1521370Z,0
3.86981,101.1463979,Daerah: Perak<br>No:7636<br>Hex coord:(58;133),n/a,0,0,0,0,0,0,1,2022-04-23T05:42:32.8849893Z,0
3.86203,101.1599446,Daerah: Perak<br>No:7637<br>Hex coord:(59;133),n/a,0,0,0,0,0,0,1,2022-04-23T05:42:33.7175903Z,0
3.86981,101.1734913,Daerah: Perak<br>No:7638<br>Hex coord:(60;133),n/a,0,0,0,0,0,0,1,2022-04-23T05:42:34.4335589Z,0
3.86203,101.187038,Daerah: Perak<br>No:7639<br>Hex coord:(61;133),n/a,0,0,0,0,0,0,1,2022-04-23T05:42:35.1529617Z,0
3.86981,101.2005847,Daerah: Perak<br>No:7640<br>Hex coord:(62;133),n/a,0,0,0,0,0,0,1,2022-04-23T05:42:35.9021066Z,0
3.86203,101.2141314,Daerah: Perak<br>No:7641<br>Hex coord:(63;133),n/a,0,0,0,0,0,0,1,2022-04-23T05:42:36.6370140Z,0
3.86981,101.2276781,Daerah: Perak<br>No:7642<br>Hex coord:(64;133),n/a,0,0,0,0,0,0,1,2022-04-23T05:42:37.4511138Z,0
3.86203,101.2412249,Daerah: Perak<br>No:7643<br>Hex coord:(65;133),n/a,0,0,0,0,0,0,1,2022-04-23T05:42:39.1762012Z,0
3.86981,101.2547716,Daerah: Perak<br>No:7644<br>Hex coord:(66;133),n/a,0,0,0,0,0,0,1,2022-04-23T05:42:39.8954487Z,0
3.86203,101.2683183,Daerah: Perak<br>No:7645<br>Hex coord:(67;133),n/a,0,0,0,0,0,0,1,2022-04-23T05:42:40.6184125Z,0
3.86981,101.281865,Daerah: Perak<br>No:7646<br>Hex coord:(68;133),n/a,0,0,0,0,0,0,1,2022-04-23T05:42:41.3709157Z,0
3.86203,101.2954117,Daerah: Perak<br>No:7647<br>Hex coord:(69;133),n/a,0,0,0,0,0,0,1,2022-04-23T05:42:42.3043012Z,0
3.86981,101.3089584,Daerah: Perak<br>No:7648<br>Hex coord:(70;133),n/a,0,0,0,0,0,0,1,2022-04-23T05:42:43.0207852Z,0
3.86203,101.3225051,Daerah: Perak<br>No:7649<br>Hex coord:(71;133),n/a,0,0,0,0,0,0,1,2022-04-23T05:42:43.7450219Z,0
3.86981,101.3360518,Daerah: Perak<br>No:7650<br>Hex coord:(72;133),n/a,0,0,0,0,0,0,1,2022-04-23T05:42:44.4714506Z,0
3.86203,101.3495985,Daerah: Perak<br>No:7651<br>Hex coord:(73;133),n/a,0,0,0,0,0,0,1,2022-04-23T05:42:45.1957396Z,0
3.86981,101.3631452,Daerah: Perak<br>No:7652<br>Hex coord:(74;133),n/a,0,0,0,0,0,0,1,2022-04-23T05:42:45.9333454Z,0
3.86203,101.3766919,Daerah: Perak<br>No:7653<br>Hex coord:(75;133),n/a,0,0,0,0,0,0,1,2022-04-23T05:42:46.6718094Z,0
3.86981,101.3902386,Daerah: Perak<br>No:7654<br>Hex coord:(76;133),n/a,0,0,0,0,0,0,1,2022-04-23T05:42:47.3882090Z,0
3.86203,101.4037853,Daerah: Perak<br>No:7655<br>Hex coord:(77;133),n/a,0,0,0,0,0,0,1,2022-04-23T05:42:48.1315126Z,0
3.86981,101.417332,Daerah: Perak<br>No:7656<br>Hex coord:(78;133),n/a,0,0,0,0,0,0,1,2022-04-23T05:42:48.8677290Z,0
3.86203,101.4308787,Daerah: Perak<br>No:7657<br>Hex coord:(79;133),n/a,0,0,0,0,0,0,1,2022-04-23T05:42:50.5836159Z,0
3.86981,101.4444254,Daerah: Perak<br>No:7658<br>Hex coord:(80;133),n/a,0,0,0,0,0,0,1,2022-04-23T05:42:51.3135149Z,0
3.86203,101.4579721,Daerah: Perak<br>No:7659<br>Hex coord:(81;133),n/a,0,0,0,0,0,0,1,2022-04-23T05:42:52.0536456Z,0
3.86981,101.4715188,Daerah: Perak<br>No:7660<br>Hex coord:(82;133),n/a,1 ,0,0,0,0,0,1,2022-04-23T05:42:52.7762598Z,0
3.86203,101.4850655,Daerah: Perak<br>No:7661<br>Hex coord:(83;133),n/a,1 ,0,0,0,0,0,1,2022-04-23T05:42:53.5189777Z,0
3.86981,101.4986123,Daerah: Perak<br>No:7662<br>Hex coord:(84;133),n/a,0,0,0,0,0,0,1,2022-04-23T05:42:54.2499485Z,0
3.86203,101.512159,Daerah: Perak<br>No:7663<br>Hex coord:(85;133),n/a,0,0,0,0,0,0,1,2022-04-23T05:42:55.0462209Z,0
3.86981,101.5257057,Daerah: Perak<br>No:7664<br>Hex coord:(86;133),n/a,0,0,0,0,0,0,1,2022-04-23T05:42:56.1475785Z,0
3.86203,101.5392524,Daerah: Perak<br>No:7665<br>Hex coord:(87;133),n/a,0,0,0,0,0,0,1,2022-04-23T05:42:56.8767232Z,0
3.86981,101.5527991,Daerah: Perak<br>No:7666<br>Hex coord:(88;133),n/a,0,0,0,0,0,0,1,2022-04-23T05:42:57.6077423Z,0
3.86203,101.5663458,Daerah: Perak<br>No:7667<br>Hex coord:(89;133),n/a,0,0,0,0,0,0,1,2022-04-23T05:42:58.3401189Z,0
3.86981,101.5798925,Daerah: Perak<br>No:7668<br>Hex coord:(90;133),n/a,0,0,0,0,0,0,1,2022-04-23T05:42:59.0773487Z,0
3.86203,101.5934392,Daerah: Perak<br>No:7669<br>Hex coord:(91;133),n/a,0,0,0,0,0,0,1,2022-04-23T05:42:59.8201139Z,0
3.85425,100.7670902,Daerah: Perak<br>No:7670<br>Hex coord:(30;134),n/a,0,0,0,0,0,0,1,2022-04-23T05:43:00.5409030Z,0
3.85425,100.8483704,Daerah: Perak<br>No:7671<br>Hex coord:(36;134),n/a,0,0,0,0,0,0,1,2022-04-23T05:43:01.2661558Z,0
3.85425,100.8754638,Daerah: Perak<br>No:7672<br>Hex coord:(38;134),n/a,0,0,0,0,0,0,1,2022-04-23T05:43:02.0550511Z,0
3.84647,100.9431973,Daerah: Perak<br>No:7673<br>Hex coord:(43;134),n/a,0,0,0,0,0,0,1,2022-04-23T05:43:02.7919112Z,0
3.85425,100.956744,Daerah: Perak<br>No:7674<br>Hex coord:(44;134),n/a,0,0,0,0,0,0,1,2022-04-23T05:43:03.5300813Z,0
3.84647,100.9702907,Daerah: Perak<br>No:7675<br>Hex coord:(45;134),n/a,0,0,0,0,0,0,1,2022-04-23T05:43:04.2666093Z,0
3.85425,100.9838374,Daerah: Perak<br>No:7676<br>Hex coord:(46;134),n/a,0,0,0,0,0,0,1,2022-04-23T05:43:04.9961314Z,0
3.84647,100.9973842,Daerah: Perak<br>No:7677<br>Hex coord:(47;134),n/a,0,0,0,0,0,0,1,2022-04-23T05:43:05.7325509Z,0
3.85425,101.0109309,Daerah: Perak<br>No:7678<br>Hex coord:(48;134),n/a,0,0,0,0,0,0,1,2022-04-23T05:43:06.4619942Z,0
3.84647,101.0244776,Daerah: Perak<br>No:7679<br>Hex coord:(49;134),n/a,0,0,0,0,0,0,1,2022-04-23T05:43:11.9811223Z,0
3.85425,101.0380243,Daerah: Perak<br>No:7680<br>Hex coord:(50;134),n/a,0,0,0,0,0,0,1,2022-04-23T05:43:12.7157082Z,0
3.84647,101.051571,Daerah: Perak<br>No:7681<br>Hex coord:(51;134),n/a,0,0,0,0,0,0,1,2022-04-23T05:43:13.4494747Z,0
3.85425,101.0651177,Daerah: Perak<br>No:7682<br>Hex coord:(52;134),n/a,0,0,0,0,0,0,1,2022-04-23T05:43:14.1720522Z,0
3.84647,101.0786644,Daerah: Perak<br>No:7683<br>Hex coord:(53;134),n/a,0,0,0,0,0,0,1,2022-04-23T05:43:14.9039391Z,0
3.85425,101.0922111,Daerah: Perak<br>No:7684<br>Hex coord:(54;134),n/a,0,0,0,0,0,0,1,2022-04-23T05:43:15.6305067Z,0
3.84647,101.1057578,Daerah: Perak<br>No:7685<br>Hex coord:(55;134),n/a,0,0,0,0,0,0,1,2022-04-23T05:43:16.3475586Z,0
3.85425,101.1193045,Daerah: Perak<br>No:7686<br>Hex coord:(56;134),n/a,0,0,0,0,0,0,1,2022-04-23T05:43:17.0864786Z,0
3.84647,101.1328512,Daerah: Perak<br>No:7687<br>Hex coord:(57;134),n/a,0,0,0,0,0,0,1,2022-04-23T05:43:17.8342757Z,0
3.85425,101.1463979,Daerah: Perak<br>No:7688<br>Hex coord:(58;134),n/a,0,0,0,0,0,0,1,2022-04-23T05:43:18.5690681Z,0
3.84647,101.1599446,Daerah: Perak<br>No:7689<br>Hex coord:(59;134),n/a,0,0,0,0,0,0,1,2022-04-23T05:43:19.2850257Z,0
3.85425,101.1734913,Daerah: Perak<br>No:7690<br>Hex coord:(60;134),n/a,0,0,0,0,0,0,1,2022-04-23T05:43:20.0173244Z,0
3.84647,101.187038,Daerah: Perak<br>No:7691<br>Hex coord:(61;134),n/a,0,0,0,0,0,0,1,2022-04-23T05:43:20.7613395Z,0
3.85425,101.2005847,Daerah: Perak<br>No:7692<br>Hex coord:(62;134),n/a,0,0,0,0,0,0,1,2022-04-23T05:43:21.4985046Z,0
3.84647,101.2141314,Daerah: Perak<br>No:7693<br>Hex coord:(63;134),n/a,0,0,0,0,0,0,1,2022-04-23T05:43:22.2271964Z,0
3.85425,101.2276781,Daerah: Perak<br>No:7694<br>Hex coord:(64;134),n/a,0,0,0,0,0,0,1,2022-04-23T05:43:22.9551061Z,0
3.84647,101.2412249,Daerah: Perak<br>No:7695<br>Hex coord:(65;134),n/a,0,0,0,0,0,0,1,2022-04-23T05:43:23.6790330Z,0
3.85425,101.2547716,Daerah: Perak<br>No:7696<br>Hex coord:(66;134),n/a,0,0,0,0,0,0,1,2022-04-23T05:43:24.3953087Z,0
3.84647,101.2683183,Daerah: Perak<br>No:7697<br>Hex coord:(67;134),n/a,0,0,0,0,0,0,1,2022-04-23T05:43:25.1091646Z,0
3.85425,101.281865,Daerah: Perak<br>No:7698<br>Hex coord:(68;134),n/a,1 ,0,0,0,0,0,1,2022-04-23T05:43:25.8462091Z,0
3.84647,101.2954117,Daerah: Perak<br>No:7699<br>Hex coord:(69;134),n/a,7 ,0,0,0,0,0,1,2022-04-23T05:43:26.5802559Z,0
3.85425,101.3089584,Daerah: Perak<br>No:7700<br>Hex coord:(70;134),n/a,0,0,0,0,0,0,1,2022-04-23T05:43:27.3038816Z,0
3.84647,101.3225051,Daerah: Perak<br>No:7701<br>Hex coord:(71;134),n/a,0,0,0,0,0,0,1,2022-04-23T05:43:28.0309809Z,0
3.85425,101.3360518,Daerah: Perak<br>No:7702<br>Hex coord:(72;134),n/a,0,0,0,0,0,0,1,2022-04-23T05:43:28.7460755Z,0
3.84647,101.3495985,Daerah: Perak<br>No:7703<br>Hex coord:(73;134),n/a,0,0,0,0,0,0,1,2022-04-23T05:43:29.8401491Z,0
3.85425,101.3631452,Daerah: Perak<br>No:7704<br>Hex coord:(74;134),n/a,0,0,0,0,0,0,1,2022-04-23T05:43:30.5707569Z,0
3.84647,101.3766919,Daerah: Perak<br>No:7705<br>Hex coord:(75;134),n/a,0,0,0,0,0,0,1,2022-04-23T05:43:31.2893067Z,0
3.85425,101.3902386,Daerah: Perak<br>No:7706<br>Hex coord:(76;134),n/a,0,0,0,0,0,0,1,2022-04-23T05:43:32.0151160Z,0
3.84647,101.4037853,Daerah: Perak<br>No:7707<br>Hex coord:(77;134),n/a,4 ,0,0,0,0,0,1,2022-04-23T05:43:32.7452723Z,0
3.85425,101.417332,Daerah: Perak<br>No:7708<br>Hex coord:(78;134),n/a,0,0,0,0,0,0,1,2022-04-23T05:43:33.4652197Z,0
3.84647,101.4308787,Daerah: Perak<br>No:7709<br>Hex coord:(79;134),n/a,0,0,0,0,0,0,1,2022-04-23T05:43:34.1791506Z,0
3.85425,101.4444254,Daerah: Perak<br>No:7710<br>Hex coord:(80;134),n/a,5 ,0,0,0,0,0,1,2022-04-23T05:43:34.9080576Z,0
3.84647,101.4579721,Daerah: Perak<br>No:7711<br>Hex coord:(81;134),n/a,0,0,0,0,0,0,1,2022-04-23T05:43:35.6420800Z,0
3.85425,101.4715188,Daerah: Perak<br>No:7712<br>Hex coord:(82;134),n/a,0,0,0,0,0,0,1,2022-04-23T05:43:36.3741651Z,0
3.84647,101.4850655,Daerah: Perak<br>No:7713<br>Hex coord:(83;134),n/a,0,0,0,0,0,0,1,2022-04-23T05:43:41.8949066Z,0
3.85425,101.4986123,Daerah: Perak<br>No:7714<br>Hex coord:(84;134),n/a,0,0,0,0,0,0,1,2022-04-23T05:43:42.8719599Z,0
3.84647,101.512159,Daerah: Perak<br>No:7715<br>Hex coord:(85;134),n/a,0,0,0,0,0,0,1,2022-04-23T05:43:43.6029397Z,0
3.85425,101.5257057,Daerah: Perak<br>No:7716<br>Hex coord:(86;134),n/a,0,0,0,0,0,0,1,2022-04-23T05:43:44.3307629Z,0
3.84647,101.5392524,Daerah: Perak<br>No:7717<br>Hex coord:(87;134),n/a,0,0,0,0,0,0,1,2022-04-23T05:43:45.0652679Z,0
3.85425,101.5527991,Daerah: Perak<br>No:7718<br>Hex coord:(88;134),n/a,0,0,0,0,0,0,1,2022-04-23T05:43:45.7864217Z,0
3.84647,101.5663458,Daerah: Perak<br>No:7719<br>Hex coord:(89;134),n/a,0,0,0,0,0,0,1,2022-04-23T05:43:46.5005913Z,0
3.85425,101.5798925,Daerah: Perak<br>No:7720<br>Hex coord:(90;134),n/a,0,0,0,0,0,0,1,2022-04-23T05:43:47.2596782Z,0
3.84647,101.5934392,Daerah: Perak<br>No:7721<br>Hex coord:(91;134),n/a,0,0,0,0,0,0,1,2022-04-23T05:43:47.9715279Z,0
3.83091,100.9431973,Daerah: Perak<br>No:7722<br>Hex coord:(43;135),n/a,0,0,0,0,0,0,1,2022-04-23T05:43:48.6970227Z,0
3.83869,100.956744,Daerah: Perak<br>No:7723<br>Hex coord:(44;135),n/a,0,0,0,0,0,0,1,2022-04-23T05:43:49.4208761Z,0
3.83091,100.9702907,Daerah: Perak<br>No:7724<br>Hex coord:(45;135),n/a,0,0,0,0,0,0,1,2022-04-23T05:43:50.1448353Z,0
3.83869,100.9838374,Daerah: Perak<br>No:7725<br>Hex coord:(46;135),n/a,0,0,0,0,0,0,1,2022-04-23T05:43:50.8758768Z,0
3.83091,100.9973842,Daerah: Perak<br>No:7726<br>Hex coord:(47;135),n/a,0,0,0,0,0,0,1,2022-04-23T05:43:51.5998871Z,0
3.83869,101.0109309,Daerah: Perak<br>No:7727<br>Hex coord:(48;135),n/a,0,0,0,0,0,0,1,2022-04-23T05:43:52.9417410Z,0
3.83091,101.0244776,Daerah: Perak<br>No:7728<br>Hex coord:(49;135),n/a,0,0,0,0,0,0,1,2022-04-23T05:43:53.6592657Z,0
3.83869,101.0380243,Daerah: Perak<br>No:7729<br>Hex coord:(50;135),n/a,0,0,0,0,0,0,1,2022-04-23T05:43:54.3823408Z,0
3.83091,101.051571,Daerah: Perak<br>No:7730<br>Hex coord:(51;135),n/a,0,0,0,0,0,0,1,2022-04-23T05:43:56.1049355Z,0
3.83869,101.0651177,Daerah: Perak<br>No:7731<br>Hex coord:(52;135),n/a,0,0,0,0,0,0,1,2022-04-23T05:43:56.8279812Z,0
3.83091,101.0786644,Daerah: Perak<br>No:7732<br>Hex coord:(53;135),n/a,0,0,0,0,0,0,1,2022-04-23T05:43:57.5566592Z,0
3.83869,101.0922111,Daerah: Perak<br>No:7733<br>Hex coord:(54;135),n/a,0,0,0,0,0,0,1,2022-04-23T05:43:58.2828502Z,0
3.83091,101.1057578,Daerah: Perak<br>No:7734<br>Hex coord:(55;135),n/a,0,0,0,0,0,0,1,2022-04-23T05:43:59.0048529Z,0
3.83869,101.1193045,Daerah: Perak<br>No:7735<br>Hex coord:(56;135),n/a,0,0,0,0,0,0,1,2022-04-23T05:43:59.7310560Z,0
3.83091,101.1328512,Daerah: Perak<br>No:7736<br>Hex coord:(57;135),n/a,0,0,0,0,0,0,1,2022-04-23T05:44:00.4553796Z,0
3.83869,101.1463979,Daerah: Perak<br>No:7737<br>Hex coord:(58;135),n/a,0,0,0,0,0,0,1,2022-04-23T05:44:01.1807908Z,0
3.83091,101.1599446,Daerah: Perak<br>No:7738<br>Hex coord:(59;135),n/a,0,0,0,0,0,0,1,2022-04-23T05:44:01.9049119Z,0
3.83869,101.1734913,Daerah: Perak<br>No:7739<br>Hex coord:(60;135),n/a,0,0,0,0,0,0,1,2022-04-23T05:44:02.6308209Z,0
3.83091,101.187038,Daerah: Perak<br>No:7740<br>Hex coord:(61;135),n/a,0,0,0,0,0,0,1,2022-04-23T05:44:03.3566727Z,0
3.83869,101.2005847,Daerah: Perak<br>No:7741<br>Hex coord:(62;135),n/a,0,0,0,0,0,0,1,2022-04-23T05:44:04.1090630Z,0
3.83091,101.2141314,Daerah: Perak<br>No:7742<br>Hex coord:(63;135),n/a,0,0,0,0,0,0,1,2022-04-23T05:44:04.9498318Z,0
3.83869,101.2276781,Daerah: Perak<br>No:7743<br>Hex coord:(64;135),n/a,0,0,0,0,0,0,1,2022-04-23T05:44:05.6667736Z,0
3.83091,101.2412249,Daerah: Perak<br>No:7744<br>Hex coord:(65;135),n/a,0,0,0,0,0,0,1,2022-04-23T05:44:06.3902809Z,0
3.83869,101.2547716,Daerah: Perak<br>No:7745<br>Hex coord:(66;135),n/a,0,0,0,0,0,0,1,2022-04-23T05:44:07.3799835Z,0
3.83091,101.2683183,Daerah: Perak<br>No:7746<br>Hex coord:(67;135),n/a,0,0,0,0,0,0,1,2022-04-23T05:44:08.0957917Z,0
3.83869,101.281865,Daerah: Perak<br>No:7747<br>Hex coord:(68;135),n/a,0,0,0,0,0,0,1,2022-04-23T05:44:08.8287063Z,0
3.83091,101.2954117,Daerah: Perak<br>No:7748<br>Hex coord:(69;135),n/a,1 ,0,0,0,0,0,1,2022-04-23T05:44:09.5606789Z,0
3.83869,101.3089584,Daerah: Perak<br>No:7749<br>Hex coord:(70;135),n/a,5 ,0,0,0,0,0,1,2022-04-23T05:44:10.2946383Z,0
3.83091,101.3225051,Daerah: Perak<br>No:7750<br>Hex coord:(71;135),n/a,0,0,0,0,0,0,1,2022-04-23T05:44:11.0183820Z,0
3.83869,101.3360518,Daerah: Perak<br>No:7751<br>Hex coord:(72;135),n/a,0,0,0,0,0,0,1,2022-04-23T05:44:11.7309826Z,0
3.83091,101.3495985,Daerah: Perak<br>No:7752<br>Hex coord:(73;135),n/a,0,0,0,0,0,0,1,2022-04-23T05:44:12.4506642Z,0
3.83869,101.3631452,Daerah: Perak<br>No:7753<br>Hex coord:(74;135),n/a,0,0,0,0,0,0,1,2022-04-23T05:44:13.1717219Z,0
3.83091,101.3766919,Daerah: Perak<br>No:7754<br>Hex coord:(75;135),n/a,0,0,0,0,0,0,1,2022-04-23T05:44:13.9148942Z,0
3.83869,101.3902386,Daerah: Perak<br>No:7755<br>Hex coord:(76;135),n/a,5 ,0,0,0,0,0,1,2022-04-23T05:44:14.6385843Z,0
3.83091,101.4037853,Daerah: Perak<br>No:7756<br>Hex coord:(77;135),n/a,24 ,0,0,0,0,0,1,2022-04-23T05:44:15.3767420Z,0
3.83869,101.417332,Daerah: Perak<br>No:7757<br>Hex coord:(78;135),n/a,0,0,0,0,0,0,1,2022-04-23T05:44:16.0992570Z,0
3.83091,101.4308787,Daerah: Perak<br>No:7758<br>Hex coord:(79;135),n/a,1 ,0,0,0,0,0,1,2022-04-23T05:44:16.8224369Z,0
3.83869,101.4444254,Daerah: Perak<br>No:7759<br>Hex coord:(80;135),n/a,0,0,0,0,0,0,1,2022-04-23T05:44:17.5659956Z,0
3.83091,101.4579721,Daerah: Perak<br>No:7760<br>Hex coord:(81;135),n/a,0,0,0,0,0,0,1,2022-04-23T05:44:18.2852332Z,0
3.83869,101.4715188,Daerah: Perak<br>No:7761<br>Hex coord:(82;135),n/a,0,0,0,0,0,0,1,2022-04-23T05:44:19.0029771Z,0
3.83091,101.4850655,Daerah: Perak<br>No:7762<br>Hex coord:(83;135),n/a,0,0,0,0,0,0,1,2022-04-23T05:44:19.7138270Z,0
3.83869,101.4986123,Daerah: Perak<br>No:7763<br>Hex coord:(84;135),n/a,0,0,0,0,0,0,1,2022-04-23T05:44:20.4256814Z,0
3.83091,101.512159,Daerah: Perak<br>No:7764<br>Hex coord:(85;135),n/a,0,0,0,0,0,0,1,2022-04-23T05:44:21.1608711Z,0
3.83869,101.5257057,Daerah: Perak<br>No:7765<br>Hex coord:(86;135),n/a,0,0,0,0,0,0,1,2022-04-23T05:44:21.8879616Z,0
3.83091,101.5392524,Daerah: Perak<br>No:7766<br>Hex coord:(87;135),n/a,0,0,0,0,0,0,1,2022-04-23T05:44:22.6282763Z,0
3.83869,101.5527991,Daerah: Perak<br>No:7767<br>Hex coord:(88;135),n/a,0,0,0,0,0,0,1,2022-04-23T05:44:23.3659397Z,0
3.83091,101.5663458,Daerah: Perak<br>No:7768<br>Hex coord:(89;135),n/a,0,0,0,0,0,0,1,2022-04-23T05:44:24.0899064Z,0
3.83869,101.5798925,Daerah: Perak<br>No:7769<br>Hex coord:(90;135),n/a,0,0,0,0,0,0,1,2022-04-23T05:44:24.8304026Z,0
3.82313,100.9838374,Daerah: Perak<br>No:7770<br>Hex coord:(46;136),n/a,0,0,0,0,0,0,1,2022-04-23T05:44:25.5556571Z,0
3.81535,100.9973842,Daerah: Perak<br>No:7771<br>Hex coord:(47;136),n/a,0,0,0,0,0,0,1,2022-04-23T05:44:26.2674083Z,0
3.82313,101.0109309,Daerah: Perak<br>No:7772<br>Hex coord:(48;136),n/a,1 ,0,0,0,0,0,1,2022-04-23T05:44:26.9777926Z,0
3.81535,101.0244776,Daerah: Perak<br>No:7773<br>Hex coord:(49;136),n/a,1 ,0,0,0,0,0,1,2022-04-23T05:44:27.9246307Z,0
3.82313,101.0380243,Daerah: Perak<br>No:7774<br>Hex coord:(50;136),n/a,0,0,0,0,0,0,1,2022-04-23T05:44:28.6559362Z,0
3.81535,101.051571,Daerah: Perak<br>No:7775<br>Hex coord:(51;136),n/a,0,0,0,0,0,0,1,2022-04-23T05:44:29.3997995Z,0
3.82313,101.0651177,Daerah: Perak<br>No:7776<br>Hex coord:(52;136),n/a,0,0,0,0,0,0,1,2022-04-23T05:44:30.1184144Z,0
3.81535,101.0786644,Daerah: Perak<br>No:7777<br>Hex coord:(53;136),n/a,0,0,0,0,0,0,1,2022-04-23T05:44:30.8562075Z,0
3.82313,101.0922111,Daerah: Perak<br>No:7778<br>Hex coord:(54;136),n/a,0,0,0,0,0,0,1,2022-04-23T05:44:31.5911167Z,0
3.81535,101.1057578,Daerah: Perak<br>No:7779<br>Hex coord:(55;136),n/a,0,0,0,0,0,0,1,2022-04-23T05:44:32.7791673Z,0
3.82313,101.1193045,Daerah: Perak<br>No:7780<br>Hex coord:(56;136),n/a,0,0,0,0,0,0,1,2022-04-23T05:44:33.5200329Z,0
3.81535,101.1328512,Daerah: Perak<br>No:7781<br>Hex coord:(57;136),n/a,0,0,0,0,0,0,1,2022-04-23T05:44:34.2334762Z,0
3.82313,101.1463979,Daerah: Perak<br>No:7782<br>Hex coord:(58;136),n/a,0,0,0,0,0,0,1,2022-04-23T05:44:35.0829628Z,0
3.81535,101.1599446,Daerah: Perak<br>No:7783<br>Hex coord:(59;136),n/a,0,0,0,0,0,0,1,2022-04-23T05:44:35.8140761Z,0
3.82313,101.1734913,Daerah: Perak<br>No:7784<br>Hex coord:(60;136),n/a,0,0,0,0,0,0,1,2022-04-23T05:44:36.5551042Z,0
3.81535,101.187038,Daerah: Perak<br>No:7785<br>Hex coord:(61;136),n/a,0,0,0,0,0,0,1,2022-04-23T05:44:37.3469195Z,0
3.82313,101.2005847,Daerah: Perak<br>No:7786<br>Hex coord:(62;136),n/a,0,0,0,0,0,0,1,2022-04-23T05:44:38.0820171Z,0
3.81535,101.2141314,Daerah: Perak<br>No:7787<br>Hex coord:(63;136),n/a,0,0,0,0,0,0,1,2022-04-23T05:44:38.8077971Z,0
3.82313,101.2276781,Daerah: Perak<br>No:7788<br>Hex coord:(64;136),n/a,0,0,0,0,0,0,1,2022-04-23T05:44:39.5512382Z,0
3.81535,101.2412249,Daerah: Perak<br>No:7789<br>Hex coord:(65;136),n/a,0,0,0,0,0,0,1,2022-04-23T05:44:40.2745782Z,0
3.82313,101.2547716,Daerah: Perak<br>No:7790<br>Hex coord:(66;136),n/a,0,0,0,0,0,0,1,2022-04-23T05:44:40.9857862Z,0
3.81535,101.2683183,Daerah: Perak<br>No:7791<br>Hex coord:(67;136),n/a,0,0,0,0,0,0,1,2022-04-23T05:44:41.7104819Z,0
3.82313,101.281865,Daerah: Perak<br>No:7792<br>Hex coord:(68;136),n/a,0,0,0,0,0,0,1,2022-04-23T05:44:42.7186333Z,0
3.81535,101.2954117,Daerah: Perak<br>No:7793<br>Hex coord:(69;136),n/a,0,0,0,0,0,0,1,2022-04-23T05:44:43.4363563Z,0
3.82313,101.3089584,Daerah: Perak<br>No:7794<br>Hex coord:(70;136),n/a,0,0,0,0,0,0,1,2022-04-23T05:44:44.1741682Z,0
3.81535,101.3225051,Daerah: Perak<br>No:7795<br>Hex coord:(71;136),n/a,0,0,0,0,0,0,1,2022-04-23T05:44:44.9154085Z,0
3.82313,101.3360518,Daerah: Perak<br>No:7796<br>Hex coord:(72;136),n/a,0,0,0,0,0,0,1,2022-04-23T05:44:45.7567934Z,0
3.81535,101.3495985,Daerah: Perak<br>No:7797<br>Hex coord:(73;136),n/a,0,0,0,0,0,0,1,2022-04-23T05:44:46.4881391Z,0
3.82313,101.3631452,Daerah: Perak<br>No:7798<br>Hex coord:(74;136),n/a,0,0,0,0,0,0,1,2022-04-23T05:44:47.2078996Z,0
3.81535,101.3766919,Daerah: Perak<br>No:7799<br>Hex coord:(75;136),n/a,0,0,0,0,0,0,1,2022-04-23T05:44:47.9266815Z,0
3.82313,101.3902386,Daerah: Perak<br>No:7800<br>Hex coord:(76;136),n/a,9 ,0,0,0,0,0,1,2022-04-23T05:44:48.6497027Z,0
3.81535,101.4037853,Daerah: Perak<br>No:7801<br>Hex coord:(77;136),n/a,1 ,0,0,0,0,0,1,2022-04-23T05:44:49.3751983Z,0
3.82313,101.417332,Daerah: Perak<br>No:7802<br>Hex coord:(78;136),n/a,9 ,0,0,0,0,0,1,2022-04-23T05:44:50.0949558Z,0
3.81535,101.4308787,Daerah: Perak<br>No:7803<br>Hex coord:(79;136),n/a,0,0,0,0,0,0,1,2022-04-23T05:44:50.8247538Z,0
3.82313,101.4444254,Daerah: Perak<br>No:7804<br>Hex coord:(80;136),n/a,0,0,0,0,0,0,1,2022-04-23T05:44:51.5652916Z,0
3.81535,101.4579721,Daerah: Perak<br>No:7805<br>Hex coord:(81;136),n/a,0,0,0,0,0,0,1,2022-04-23T05:44:52.2837687Z,0
3.82313,101.4715188,Daerah: Perak<br>No:7806<br>Hex coord:(82;136),n/a,0,0,0,0,0,0,1,2022-04-23T05:44:53.3215829Z,0
3.81535,101.4850655,Daerah: Perak<br>No:7807<br>Hex coord:(83;136),n/a,0,0,0,0,0,0,1,2022-04-23T05:44:54.0544134Z,0
3.82313,101.4986123,Daerah: Perak<br>No:7808<br>Hex coord:(84;136),n/a,0,0,0,0,0,0,1,2022-04-23T05:44:54.7848258Z,0
3.81535,101.512159,Daerah: Perak<br>No:7809<br>Hex coord:(85;136),n/a,0,0,0,0,0,0,1,2022-04-23T05:44:55.5222896Z,0
3.82313,101.5257057,Daerah: Perak<br>No:7810<br>Hex coord:(86;136),n/a,0,0,0,0,0,0,1,2022-04-23T05:44:56.2479556Z,0
3.81535,101.5392524,Daerah: Perak<br>No:7811<br>Hex coord:(87;136),n/a,0,0,0,0,0,0,1,2022-04-23T05:44:56.9653592Z,0
3.82313,101.5527991,Daerah: Perak<br>No:7812<br>Hex coord:(88;136),n/a,0,0,0,0,0,0,1,2022-04-23T05:44:57.6980075Z,0
3.81535,101.5663458,Daerah: Perak<br>No:7813<br>Hex coord:(89;136),n/a,0,0,0,0,0,0,1,2022-04-23T05:44:58.4236500Z,0
3.82313,101.5798925,Daerah: Perak<br>No:7814<br>Hex coord:(90;136),n/a,0,0,0,0,0,0,1,2022-04-23T05:44:59.2565788Z,0
3.81535,101.5934392,Daerah: Perak<br>No:7815<br>Hex coord:(91;136),n/a,0,0,0,0,0,0,1,2022-04-23T05:44:59.9904943Z,0
3.79979,100.9702907,Daerah: Perak<br>No:7816<br>Hex coord:(45;137),n/a,0,0,0,0,0,0,1,2022-04-23T05:45:00.7924985Z,0
3.80757,100.9838374,Daerah: Perak<br>No:7817<br>Hex coord:(46;137),n/a,0,0,0,0,0,0,1,2022-04-23T05:45:01.5227885Z,0
3.80757,101.0109309,Daerah: Perak<br>No:7818<br>Hex coord:(48;137),n/a,0,0,0,0,0,0,1,2022-04-23T05:45:02.2449423Z,0
3.80757,101.0380243,Daerah: Perak<br>No:7819<br>Hex coord:(50;137),n/a,0,0,0,0,0,0,1,2022-04-23T05:45:02.9765050Z,0
3.79979,101.051571,Daerah: Perak<br>No:7820<br>Hex coord:(51;137),n/a,0,0,0,0,0,0,1,2022-04-23T05:45:03.7069248Z,0
3.80757,101.0651177,Daerah: Perak<br>No:7821<br>Hex coord:(52;137),n/a,0,0,0,0,0,0,1,2022-04-23T05:45:04.4348537Z,0
3.79979,101.0786644,Daerah: Perak<br>No:7822<br>Hex coord:(53;137),n/a,0,0,0,0,0,0,1,2022-04-23T05:45:05.1652402Z,0
3.80757,101.0922111,Daerah: Perak<br>No:7823<br>Hex coord:(54;137),n/a,0,0,0,0,0,0,1,2022-04-23T05:45:05.8826252Z,0
3.79979,101.1057578,Daerah: Perak<br>No:7824<br>Hex coord:(55;137),n/a,0,0,0,0,0,0,1,2022-04-23T05:45:06.6010467Z,0
3.80757,101.1193045,Daerah: Perak<br>No:7825<br>Hex coord:(56;137),n/a,0,0,0,0,0,0,1,2022-04-23T05:45:12.1445149Z,0
3.79979,101.1328512,Daerah: Perak<br>No:7826<br>Hex coord:(57;137),n/a,0,0,0,0,0,0,1,2022-04-23T05:45:12.8696391Z,0
3.80757,101.1463979,Daerah: Perak<br>No:7827<br>Hex coord:(58;137),n/a,0,0,0,0,0,0,1,2022-04-23T05:45:13.6072725Z,0
3.79979,101.1599446,Daerah: Perak<br>No:7828<br>Hex coord:(59;137),n/a,0,0,0,0,0,0,1,2022-04-23T05:45:14.6045146Z,0
3.80757,101.1734913,Daerah: Perak<br>No:7829<br>Hex coord:(60;137),n/a,0,0,0,0,0,0,1,2022-04-23T05:45:15.3503924Z,0
3.79979,101.187038,Daerah: Perak<br>No:7830<br>Hex coord:(61;137),n/a,0,0,0,0,0,0,1,2022-04-23T05:45:17.0096698Z,0
3.80757,101.2005847,Daerah: Perak<br>No:7831<br>Hex coord:(62;137),n/a,0,0,0,0,0,0,1,2022-04-23T05:45:17.7664404Z,0
3.79979,101.2141314,Daerah: Perak<br>No:7832<br>Hex coord:(63;137),n/a,1 ,0,0,0,0,0,1,2022-04-23T05:45:18.5396040Z,0
3.80757,101.2276781,Daerah: Perak<br>No:7833<br>Hex coord:(64;137),n/a,1 ,0,0,0,0,0,1,2022-04-23T05:45:19.2584761Z,0
3.79979,101.2412249,Daerah: Perak<br>No:7834<br>Hex coord:(65;137),n/a,0,0,0,0,0,0,1,2022-04-23T05:45:19.9806451Z,0
3.80757,101.2547716,Daerah: Perak<br>No:7835<br>Hex coord:(66;137),n/a,0,0,0,0,0,0,1,2022-04-23T05:45:20.7007960Z,0
3.79979,101.2683183,Daerah: Perak<br>No:7836<br>Hex coord:(67;137),n/a,0,0,0,0,0,0,1,2022-04-23T05:45:21.4308343Z,0
3.80757,101.281865,Daerah: Perak<br>No:7837<br>Hex coord:(68;137),n/a,0,0,0,0,0,0,1,2022-04-23T05:45:22.1515799Z,0
3.79979,101.2954117,Daerah: Perak<br>No:7838<br>Hex coord:(69;137),n/a,0,0,0,0,0,0,1,2022-04-23T05:45:22.8752042Z,0
3.80757,101.3089584,Daerah: Perak<br>No:7839<br>Hex coord:(70;137),n/a,0,0,0,0,0,0,1,2022-04-23T05:45:23.6016296Z,0
3.79979,101.3225051,Daerah: Perak<br>No:7840<br>Hex coord:(71;137),n/a,0,0,0,0,0,0,1,2022-04-23T05:45:24.3165459Z,0
3.80757,101.3360518,Daerah: Perak<br>No:7841<br>Hex coord:(72;137),n/a,0,0,0,0,0,0,1,2022-04-23T05:45:25.0374206Z,0
3.79979,101.3495985,Daerah: Perak<br>No:7842<br>Hex coord:(73;137),n/a,0,0,0,0,0,0,1,2022-04-23T05:45:25.7583060Z,0
3.80757,101.3631452,Daerah: Perak<br>No:7843<br>Hex coord:(74;137),n/a,1 ,0,0,0,0,0,1,2022-04-23T05:45:26.5114404Z,0
3.79979,101.3766919,Daerah: Perak<br>No:7844<br>Hex coord:(75;137),n/a,0,0,0,0,0,0,1,2022-04-23T05:45:27.2560082Z,0
3.80757,101.3902386,Daerah: Perak<br>No:7845<br>Hex coord:(76;137),n/a,0,0,0,0,0,0,1,2022-04-23T05:45:27.9721097Z,0
3.79979,101.4037853,Daerah: Perak<br>No:7846<br>Hex coord:(77;137),n/a,0,0,0,0,0,0,1,2022-04-23T05:45:28.7000637Z,0
3.80757,101.417332,Daerah: Perak<br>No:7847<br>Hex coord:(78;137),n/a,0,0,0,0,0,0,1,2022-04-23T05:45:29.4413054Z,0
3.79979,101.4308787,Daerah: Perak<br>No:7848<br>Hex coord:(79;137),n/a,23 ,0,0,0,0,0,1,2022-04-23T05:45:30.1621378Z,0
3.80757,101.4444254,Daerah: Perak<br>No:7849<br>Hex coord:(80;137),n/a,0,0,0,0,0,0,1,2022-04-23T05:45:30.8854538Z,0
3.79979,101.4579721,Daerah: Perak<br>No:7850<br>Hex coord:(81;137),n/a,0,0,0,0,0,0,1,2022-04-23T05:45:32.0937441Z,0
3.80757,101.4715188,Daerah: Perak<br>No:7851<br>Hex coord:(82;137),n/a,0,0,0,0,0,0,1,2022-04-23T05:45:33.3624330Z,0
3.79979,101.4850655,Daerah: Perak<br>No:7852<br>Hex coord:(83;137),n/a,0,0,0,0,0,0,1,2022-04-23T05:45:34.0856875Z,0
3.80757,101.4986123,Daerah: Perak<br>No:7853<br>Hex coord:(84;137),n/a,0,0,0,0,0,0,1,2022-04-23T05:45:34.8226005Z,0
3.79979,101.512159,Daerah: Perak<br>No:7854<br>Hex coord:(85;137),n/a,0,0,0,0,0,0,1,2022-04-23T05:45:35.5616382Z,0
3.80757,101.5257057,Daerah: Perak<br>No:7855<br>Hex coord:(86;137),n/a,0,0,0,0,0,0,1,2022-04-23T05:45:36.3028987Z,0
3.79979,101.5392524,Daerah: Perak<br>No:7856<br>Hex coord:(87;137),n/a,0,0,0,0,0,0,1,2022-04-23T05:45:41.8103155Z,0
3.80757,101.5527991,Daerah: Perak<br>No:7857<br>Hex coord:(88;137),n/a,0,0,0,0,0,0,1,2022-04-23T05:45:42.5300748Z,0
3.79979,101.5663458,Daerah: Perak<br>No:7858<br>Hex coord:(89;137),n/a,0,0,0,0,0,0,1,2022-04-23T05:45:43.2580928Z,0
3.80757,101.5798925,Daerah: Perak<br>No:7859<br>Hex coord:(90;137),n/a,0,0,0,0,0,0,1,2022-04-23T05:45:43.9827245Z,0
3.78423,100.9702907,Daerah: Perak<br>No:7860<br>Hex coord:(45;138),n/a,0,0,0,0,0,0,1,2022-04-23T05:45:44.7164349Z,0
3.79201,100.9838374,Daerah: Perak<br>No:7861<br>Hex coord:(46;138),n/a,0,0,0,0,0,0,1,2022-04-23T05:45:45.4338178Z,0
3.79201,101.0380243,Daerah: Perak<br>No:7862<br>Hex coord:(50;138),n/a,1 ,0,0,0,0,0,1,2022-04-23T05:45:46.1677811Z,0
3.79201,101.0651177,Daerah: Perak<br>No:7863<br>Hex coord:(52;138),n/a,0,0,0,0,0,0,1,2022-04-23T05:45:46.9099546Z,0
3.78423,101.0786644,Daerah: Perak<br>No:7864<br>Hex coord:(53;138),n/a,1 ,0,0,0,0,0,1,2022-04-23T05:45:47.6346943Z,0
3.79201,101.0922111,Daerah: Perak<br>No:7865<br>Hex coord:(54;138),n/a,0,0,0,0,0,0,1,2022-04-23T05:45:48.5186481Z,0
3.78423,101.1057578,Daerah: Perak<br>No:7866<br>Hex coord:(55;138),n/a,0,0,0,0,0,0,1,2022-04-23T05:45:49.3134679Z,0
3.79201,101.1193045,Daerah: Perak<br>No:7867<br>Hex coord:(56;138),n/a,0,0,0,0,0,0,1,2022-04-23T05:45:50.0879171Z,0
3.78423,101.1328512,Daerah: Perak<br>No:7868<br>Hex coord:(57;138),n/a,0,0,0,0,0,0,1,2022-04-23T05:45:50.9672941Z,0
3.79201,101.1463979,Daerah: Perak<br>No:7869<br>Hex coord:(58;138),n/a,0,0,0,0,0,0,1,2022-04-23T05:45:51.6892965Z,0
3.78423,101.1599446,Daerah: Perak<br>No:7870<br>Hex coord:(59;138),n/a,0,0,0,0,0,0,1,2022-04-23T05:45:52.4030788Z,0
3.79201,101.1734913,Daerah: Perak<br>No:7871<br>Hex coord:(60;138),n/a,0,0,0,0,0,0,1,2022-04-23T05:45:53.1460533Z,0
3.78423,101.187038,Daerah: Perak<br>No:7872<br>Hex coord:(61;138),n/a,0,0,0,0,0,0,1,2022-04-23T05:45:53.8732014Z,0
3.79201,101.2005847,Daerah: Perak<br>No:7873<br>Hex coord:(62;138),n/a,0,0,0,0,0,0,1,2022-04-23T05:45:54.6000182Z,0
3.78423,101.2141314,Daerah: Perak<br>No:7874<br>Hex coord:(63;138),n/a,0,0,0,0,0,0,1,2022-04-23T05:45:55.3381227Z,0
3.79201,101.2276781,Daerah: Perak<br>No:7875<br>Hex coord:(64;138),n/a,0,0,0,0,0,0,1,2022-04-23T05:45:56.0780620Z,0
3.78423,101.2412249,Daerah: Perak<br>No:7876<br>Hex coord:(65;138),n/a,0,0,0,0,0,0,1,2022-04-23T05:45:56.8051928Z,0
3.79201,101.2547716,Daerah: Perak<br>No:7877<br>Hex coord:(66;138),n/a,0,0,0,0,0,0,1,2022-04-23T05:45:57.5420018Z,0
3.78423,101.2683183,Daerah: Perak<br>No:7878<br>Hex coord:(67;138),n/a,0,0,0,0,0,0,1,2022-04-23T05:45:58.2700367Z,0
3.79201,101.281865,Daerah: Perak<br>No:7879<br>Hex coord:(68;138),n/a,0,0,0,0,0,0,1,2022-04-23T05:45:58.9921459Z,0
3.78423,101.2954117,Daerah: Perak<br>No:7880<br>Hex coord:(69;138),n/a,0,0,0,0,0,0,1,2022-04-23T05:45:59.7118119Z,0
3.79201,101.3089584,Daerah: Perak<br>No:7881<br>Hex coord:(70;138),n/a,0,0,0,0,0,0,1,2022-04-23T05:46:00.6494603Z,0
3.78423,101.3225051,Daerah: Perak<br>No:7882<br>Hex coord:(71;138),n/a,1 ,0,0,0,0,0,1,2022-04-23T05:46:01.3775170Z,0
3.79201,101.3360518,Daerah: Perak<br>No:7883<br>Hex coord:(72;138),n/a,0,0,0,0,0,0,1,2022-04-23T05:46:02.0984090Z,0
3.79201,101.3902386,Daerah: Perak<br>No:7884<br>Hex coord:(76;138),n/a,0,0,0,0,0,0,1,2022-04-23T05:46:02.8182953Z,0
3.78423,101.4037853,Daerah: Perak<br>No:7885<br>Hex coord:(77;138),n/a,0,0,0,0,0,0,1,2022-04-23T05:46:03.5444273Z,0
3.79201,101.417332,Daerah: Perak<br>No:7886<br>Hex coord:(78;138),n/a,0,0,0,0,0,0,1,2022-04-23T05:46:04.2704437Z,0
3.78423,101.4308787,Daerah: Perak<br>No:7887<br>Hex coord:(79;138),n/a,0,0,0,0,0,0,1,2022-04-23T05:46:04.9865362Z,0
3.79201,101.4444254,Daerah: Perak<br>No:7888<br>Hex coord:(80;138),n/a,0,0,0,0,0,0,1,2022-04-23T05:46:05.7020456Z,0
3.78423,101.4579721,Daerah: Perak<br>No:7889<br>Hex coord:(81;138),n/a,7 ,0,0,0,0,0,1,2022-04-23T05:46:07.4292464Z,0
3.79201,101.4715188,Daerah: Perak<br>No:7890<br>Hex coord:(82;138),n/a,0,0,0,0,0,0,1,2022-04-23T05:46:09.1542840Z,0
3.78423,101.4850655,Daerah: Perak<br>No:7891<br>Hex coord:(83;138),n/a,0,0,0,0,0,0,1,2022-04-23T05:46:09.8941550Z,0
3.79201,101.4986123,Daerah: Perak<br>No:7892<br>Hex coord:(84;138),n/a,0,0,0,0,0,0,1,2022-04-23T05:46:10.6105472Z,0
3.78423,101.512159,Daerah: Perak<br>No:7893<br>Hex coord:(85;138),n/a,0,0,0,0,0,0,1,2022-04-23T05:46:11.3338172Z,0
3.79201,101.5257057,Daerah: Perak<br>No:7894<br>Hex coord:(86;138),n/a,0,0,0,0,0,0,1,2022-04-23T05:46:12.0558612Z,0
3.78423,101.5392524,Daerah: Perak<br>No:7895<br>Hex coord:(87;138),n/a,0,0,0,0,0,0,1,2022-04-23T05:46:12.7850974Z,0
3.79201,101.5527991,Daerah: Perak<br>No:7896<br>Hex coord:(88;138),n/a,0,0,0,0,0,0,1,2022-04-23T05:46:13.6608490Z,0
3.78423,101.5663458,Daerah: Perak<br>No:7897<br>Hex coord:(89;138),n/a,0,0,0,0,0,0,1,2022-04-23T05:46:14.3911661Z,0
3.79201,101.5798925,Daerah: Perak<br>No:7898<br>Hex coord:(90;138),n/a,0,0,0,0,0,0,1,2022-04-23T05:46:15.1274515Z,0
3.78423,101.5934392,Daerah: Perak<br>No:7899<br>Hex coord:(91;138),n/a,0,0,0,0,0,0,1,2022-04-23T05:46:15.8438405Z,0
3.79201,101.6069859,Daerah: Perak<br>No:7900<br>Hex coord:(92;138),n/a,0,0,0,0,0,0,1,2022-04-23T05:46:16.5802066Z,0
3.77645,100.9838374,Daerah: Perak<br>No:7901<br>Hex coord:(46;139),n/a,4 ,0,0,0,0,0,1,2022-04-23T05:46:17.3070158Z,0
3.77645,101.0651177,Daerah: Perak<br>No:7902<br>Hex coord:(52;139),n/a,0,0,0,0,0,0,1,2022-04-23T05:46:18.2423215Z,0
3.77645,101.0922111,Daerah: Perak<br>No:7903<br>Hex coord:(54;139),n/a,0,0,0,0,0,0,1,2022-04-23T05:46:18.9808548Z,0
3.76867,101.1057578,Daerah: Perak<br>No:7904<br>Hex coord:(55;139),n/a,1 ,0,0,0,0,0,1,2022-04-23T05:46:19.7700559Z,0
3.77645,101.1193045,Daerah: Perak<br>No:7905<br>Hex coord:(56;139),n/a,0,0,0,0,0,0,1,2022-04-23T05:46:20.5118843Z,0
3.76867,101.1328512,Daerah: Perak<br>No:7906<br>Hex coord:(57;139),n/a,0,0,0,0,0,0,1,2022-04-23T05:46:21.2534784Z,0
3.77645,101.1463979,Daerah: Perak<br>No:7907<br>Hex coord:(58;139),n/a,0,0,0,0,0,0,1,2022-04-23T05:46:21.9778669Z,0
3.76867,101.1599446,Daerah: Perak<br>No:7908<br>Hex coord:(59;139),n/a,0,0,0,0,0,0,1,2022-04-23T05:46:22.7169109Z,0
3.77645,101.1734913,Daerah: Perak<br>No:7909<br>Hex coord:(60;139),n/a,0,0,0,0,0,0,1,2022-04-23T05:46:23.5383423Z,0
3.76867,101.187038,Daerah: Perak<br>No:7910<br>Hex coord:(61;139),n/a,0,0,0,0,0,0,1,2022-04-23T05:46:24.2648835Z,0
3.77645,101.2005847,Daerah: Perak<br>No:7911<br>Hex coord:(62;139),n/a,0,0,0,0,0,0,1,2022-04-23T05:46:24.9890315Z,0
3.76867,101.2141314,Daerah: Perak<br>No:7912<br>Hex coord:(63;139),n/a,0,0,0,0,0,0,1,2022-04-23T05:46:25.7459606Z,0
3.77645,101.2276781,Daerah: Perak<br>No:7913<br>Hex coord:(64;139),n/a,0,0,0,0,0,0,1,2022-04-23T05:46:26.4858772Z,0
3.76867,101.2412249,Daerah: Perak<br>No:7914<br>Hex coord:(65;139),n/a,0,0,0,0,0,0,1,2022-04-23T05:46:27.2133870Z,0
3.77645,101.2547716,Daerah: Perak<br>No:7915<br>Hex coord:(66;139),n/a,0,0,0,0,0,0,1,2022-04-23T05:46:27.9401286Z,0
3.76867,101.2683183,Daerah: Perak<br>No:7916<br>Hex coord:(67;139),n/a,0,0,0,0,0,0,1,2022-04-23T05:46:28.6541199Z,0
3.77645,101.281865,Daerah: Perak<br>No:7917<br>Hex coord:(68;139),n/a,0,0,0,0,0,0,1,2022-04-23T05:46:29.3821673Z,0
3.76867,101.2954117,Daerah: Perak<br>No:7918<br>Hex coord:(69;139),n/a,0,0,0,0,0,0,1,2022-04-23T05:46:31.1047939Z,0
3.77645,101.3089584,Daerah: Perak<br>No:7919<br>Hex coord:(70;139),n/a,4 ,0,0,0,0,0,1,2022-04-23T05:46:31.8317364Z,0
3.76867,101.3225051,Daerah: Perak<br>No:7920<br>Hex coord:(71;139),n/a,4 ,0,0,0,0,0,1,2022-04-23T05:46:32.6215462Z,0
3.77645,101.3902386,Daerah: Perak<br>No:7921<br>Hex coord:(76;139),n/a,0,0,0,0,0,0,1,2022-04-23T05:46:33.3535027Z,0
3.76867,101.4037853,Daerah: Perak<br>No:7922<br>Hex coord:(77;139),n/a,0,0,0,0,0,0,1,2022-04-23T05:46:34.0799073Z,0
3.77645,101.417332,Daerah: Perak<br>No:7923<br>Hex coord:(78;139),n/a,0,0,0,0,0,0,1,2022-04-23T05:46:34.8092003Z,0
3.76867,101.4308787,Daerah: Perak<br>No:7924<br>Hex coord:(79;139),n/a,0,0,0,0,0,0,1,2022-04-23T05:46:35.5442826Z,0
3.77645,101.4444254,Daerah: Perak<br>No:7925<br>Hex coord:(80;139),n/a,1 ,0,0,0,0,0,1,2022-04-23T05:46:36.2687979Z,0
3.76867,101.4579721,Daerah: Perak<br>No:7926<br>Hex coord:(81;139),n/a,7 ,0,0,0,0,0,1,2022-04-23T05:46:46.5752691Z,0
3.77645,101.4715188,Daerah: Perak<br>No:7927<br>Hex coord:(82;139),n/a,0,0,0,0,0,0,1,2022-04-23T05:46:47.3056851Z,0
3.76867,101.4850655,Daerah: Perak<br>No:7928<br>Hex coord:(83;139),n/a,0,0,0,0,0,0,1,2022-04-23T05:46:48.0659198Z,0
3.77645,101.4986123,Daerah: Perak<br>No:7929<br>Hex coord:(84;139),n/a,2 ,0,0,0,0,0,1,2022-04-23T05:46:48.7979737Z,0
3.76867,101.512159,Daerah: Perak<br>No:7930<br>Hex coord:(85;139),n/a,2 ,0,0,0,0,0,1,2022-04-23T05:46:49.5242494Z,0
3.77645,101.5257057,Daerah: Perak<br>No:7931<br>Hex coord:(86;139),n/a,0,0,0,0,0,0,1,2022-04-23T05:46:50.2535470Z,0
3.76867,101.5392524,Daerah: Perak<br>No:7932<br>Hex coord:(87;139),n/a,0,0,0,0,0,0,1,2022-04-23T05:46:51.0589066Z,0
3.77645,101.5527991,Daerah: Perak<br>No:7933<br>Hex coord:(88;139),n/a,0,0,0,0,0,0,1,2022-04-23T05:46:51.7941210Z,0
3.76867,101.5663458,Daerah: Perak<br>No:7934<br>Hex coord:(89;139),n/a,0,0,0,0,0,0,1,2022-04-23T05:46:52.5376229Z,0
3.77645,101.5798925,Daerah: Perak<br>No:7935<br>Hex coord:(90;139),n/a,0,0,0,0,0,0,1,2022-04-23T05:46:53.4002573Z,0
3.77645,101.6069859,Daerah: Perak<br>No:7936<br>Hex coord:(92;139),n/a,0,0,0,0,0,0,1,2022-04-23T05:46:54.1533020Z,0
3.75311,101.0786644,Daerah: Perak<br>No:7937<br>Hex coord:(53;140),n/a,2 ,0,0,0,0,0,1,2022-04-23T05:46:54.8729633Z,0
3.75311,101.1057578,Daerah: Perak<br>No:7938<br>Hex coord:(55;140),n/a,1 ,0,0,0,0,0,1,2022-04-23T05:46:55.6033806Z,0
3.76089,101.1193045,Daerah: Perak<br>No:7939<br>Hex coord:(56;140),n/a,0,0,0,0,0,0,1,2022-04-23T05:46:56.3349539Z,0
3.76089,101.1463979,Daerah: Perak<br>No:7940<br>Hex coord:(58;140),n/a,0,0,0,0,0,0,1,2022-04-23T05:46:57.0598949Z,0
3.75311,101.1599446,Daerah: Perak<br>No:7941<br>Hex coord:(59;140),n/a,0,0,0,0,0,0,1,2022-04-23T05:46:57.7898558Z,0
3.76089,101.1734913,Daerah: Perak<br>No:7942<br>Hex coord:(60;140),n/a,0,0,0,0,0,0,1,2022-04-23T05:46:58.5119408Z,0
3.75311,101.187038,Daerah: Perak<br>No:7943<br>Hex coord:(61;140),n/a,0,0,0,0,0,0,1,2022-04-23T05:46:59.2506621Z,0
3.76089,101.2005847,Daerah: Perak<br>No:7944<br>Hex coord:(62;140),n/a,0,0,0,0,0,0,1,2022-04-23T05:46:59.9691042Z,0
3.75311,101.2141314,Daerah: Perak<br>No:7945<br>Hex coord:(63;140),n/a,0,0,0,0,0,0,1,2022-04-23T05:47:00.6995843Z,0
3.76089,101.2276781,Daerah: Perak<br>No:7946<br>Hex coord:(64;140),n/a,0,0,0,0,0,0,1,2022-04-23T05:47:01.4323300Z,0
3.75311,101.2412249,Daerah: Perak<br>No:7947<br>Hex coord:(65;140),n/a,0,0,0,0,0,0,1,2022-04-23T05:47:02.1496068Z,0
3.76089,101.2547716,Daerah: Perak<br>No:7948<br>Hex coord:(66;140),n/a,0,0,0,0,0,0,1,2022-04-23T05:47:02.9705551Z,0
3.75311,101.2683183,Daerah: Perak<br>No:7949<br>Hex coord:(67;140),n/a,0,0,0,0,0,0,1,2022-04-23T05:47:03.6953336Z,0
3.76089,101.281865,Daerah: Perak<br>No:7950<br>Hex coord:(68;140),n/a,0,0,0,0,0,0,1,2022-04-23T05:47:04.4184236Z,0
3.75311,101.2954117,Daerah: Perak<br>No:7951<br>Hex coord:(69;140),n/a,0,0,0,0,0,0,1,2022-04-23T05:47:05.1392594Z,0
3.76089,101.3089584,Daerah: Perak<br>No:7952<br>Hex coord:(70;140),n/a,0,0,0,0,0,0,1,2022-04-23T05:47:05.8845132Z,0
3.75311,101.3225051,Daerah: Perak<br>No:7953<br>Hex coord:(71;140),n/a,0,0,0,0,0,0,1,2022-04-23T05:47:06.6036570Z,0
3.76089,101.417332,Daerah: Perak<br>No:7954<br>Hex coord:(78;140),n/a,0,0,0,0,0,0,1,2022-04-23T05:47:12.1052568Z,0
3.75311,101.4308787,Daerah: Perak<br>No:7955<br>Hex coord:(79;140),n/a,0,0,0,0,0,0,1,2022-04-23T05:47:12.8281845Z,0
3.76089,101.4444254,Daerah: Perak<br>No:7956<br>Hex coord:(80;140),n/a,1 ,0,0,0,0,0,1,2022-04-23T05:47:13.5672366Z,0
3.75311,101.4579721,Daerah: Perak<br>No:7957<br>Hex coord:(81;140),n/a,5 ,0,0,0,0,0,1,2022-04-23T05:47:14.2971124Z,0
3.76089,101.4715188,Daerah: Perak<br>No:7958<br>Hex coord:(82;140),n/a,0,0,0,0,0,0,1,2022-04-23T05:47:15.0215635Z,0
3.75311,101.4850655,Daerah: Perak<br>No:7959<br>Hex coord:(83;140),n/a,0,0,0,0,0,0,1,2022-04-23T05:47:15.7412242Z,0
3.76089,101.4986123,Daerah: Perak<br>No:7960<br>Hex coord:(84;140),n/a,11 ,0,0,0,0,0,1,2022-04-23T05:47:16.4680726Z,0
3.75311,101.512159,Daerah: Perak<br>No:7961<br>Hex coord:(85;140),n/a,0,0,0,0,0,0,1,2022-04-23T05:47:17.1987658Z,0
3.76089,101.5257057,Daerah: Perak<br>No:7962<br>Hex coord:(86;140),n/a,0,0,0,0,0,0,1,2022-04-23T05:47:17.9182213Z,0
3.75311,101.5392524,Daerah: Perak<br>No:7963<br>Hex coord:(87;140),n/a,6 ,0,0,0,0,0,1,2022-04-23T05:47:18.7641366Z,0
3.76089,101.5527991,Daerah: Perak<br>No:7964<br>Hex coord:(88;140),n/a,0,0,0,0,0,0,1,2022-04-23T05:47:19.4970837Z,0
3.75311,101.5663458,Daerah: Perak<br>No:7965<br>Hex coord:(89;140),n/a,0,0,0,0,0,0,1,2022-04-23T05:47:20.2201467Z,0
3.73755,101.0786644,Daerah: Perak<br>No:7966<br>Hex coord:(53;141),n/a,0,0,0,0,0,0,1,2022-04-23T05:47:20.9583373Z,0
3.74533,101.0922111,Daerah: Perak<br>No:7967<br>Hex coord:(54;141),n/a,0,0,0,0,0,0,1,2022-04-23T05:47:21.6842866Z,0
3.73755,101.1057578,Daerah: Perak<br>No:7968<br>Hex coord:(55;141),n/a,0,0,0,0,0,0,1,2022-04-23T05:47:22.4592583Z,0
3.74533,101.1193045,Daerah: Perak<br>No:7969<br>Hex coord:(56;141),n/a,1 ,0,0,0,0,0,1,2022-04-23T05:47:23.2133380Z,0
3.74533,101.1463979,Daerah: Perak<br>No:7970<br>Hex coord:(58;141),n/a,8 ,0,0,0,0,0,1,2022-04-23T05:47:23.9535010Z,0
3.73755,101.1599446,Daerah: Perak<br>No:7971<br>Hex coord:(59;141),n/a,0,0,0,0,0,0,1,2022-04-23T05:47:24.7078490Z,0
3.74533,101.1734913,Daerah: Perak<br>No:7972<br>Hex coord:(60;141),n/a,0,0,0,0,0,0,1,2022-04-23T05:47:25.7352683Z,0
3.73755,101.187038,Daerah: Perak<br>No:7973<br>Hex coord:(61;141),n/a,0,0,0,0,0,0,1,2022-04-23T05:47:26.4690320Z,0
3.74533,101.2005847,Daerah: Perak<br>No:7974<br>Hex coord:(62;141),n/a,0,0,0,0,0,0,1,2022-04-23T05:47:27.2152907Z,0
3.73755,101.2141314,Daerah: Perak<br>No:7975<br>Hex coord:(63;141),n/a,0,0,0,0,0,0,1,2022-04-23T05:47:27.9447723Z,0
3.74533,101.2276781,Daerah: Perak<br>No:7976<br>Hex coord:(64;141),n/a,0,0,0,0,0,0,1,2022-04-23T05:47:28.6573180Z,0
3.73755,101.2412249,Daerah: Perak<br>No:7977<br>Hex coord:(65;141),n/a,0,0,0,0,0,0,1,2022-04-23T05:47:29.3793633Z,0
3.74533,101.2547716,Daerah: Perak<br>No:7978<br>Hex coord:(66;141),n/a,0,0,0,0,0,0,1,2022-04-23T05:47:30.3070378Z,0
3.73755,101.2683183,Daerah: Perak<br>No:7979<br>Hex coord:(67;141),n/a,0,0,0,0,0,0,1,2022-04-23T05:47:31.0581751Z,0
3.74533,101.281865,Daerah: Perak<br>No:7980<br>Hex coord:(68;141),n/a,0,0,0,0,0,0,1,2022-04-23T05:47:31.7826688Z,0
3.73755,101.2954117,Daerah: Perak<br>No:7981<br>Hex coord:(69;141),n/a,0,0,0,0,0,0,1,2022-04-23T05:47:32.5165988Z,0
3.74533,101.3089584,Daerah: Perak<br>No:7982<br>Hex coord:(70;141),n/a,0,0,0,0,0,0,1,2022-04-23T05:47:33.2340820Z,0
3.73755,101.3225051,Daerah: Perak<br>No:7983<br>Hex coord:(71;141),n/a,0,0,0,0,0,0,1,2022-04-23T05:47:33.9679610Z,0
3.74533,101.3360518,Daerah: Perak<br>No:7984<br>Hex coord:(72;141),n/a,0,0,0,0,0,0,1,2022-04-23T05:47:34.7009024Z,0
3.73755,101.4579721,Daerah: Perak<br>No:7985<br>Hex coord:(81;141),n/a,5 ,0,0,0,0,0,1,2022-04-23T05:47:35.4349526Z,0
3.74533,101.4715188,Daerah: Perak<br>No:7986<br>Hex coord:(82;141),n/a,0,0,0,0,0,0,1,2022-04-23T05:47:36.1662570Z,0
3.73755,101.4850655,Daerah: Perak<br>No:7987<br>Hex coord:(83;141),n/a,0,0,0,0,0,0,1,2022-04-23T05:47:41.6782544Z,0
3.74533,101.4986123,Daerah: Perak<br>No:7988<br>Hex coord:(84;141),n/a,2 ,0,0,0,0,0,1,2022-04-23T05:47:42.4204978Z,0
3.73755,101.512159,Daerah: Perak<br>No:7989<br>Hex coord:(85;141),n/a,2 ,0,0,0,0,0,1,2022-04-23T05:47:44.1495103Z,0
3.74533,101.5257057,Daerah: Perak<br>No:7990<br>Hex coord:(86;141),n/a,4 ,0,0,0,0,0,1,2022-04-23T05:47:44.8715613Z,0
3.73755,101.5392524,Daerah: Perak<br>No:7991<br>Hex coord:(87;141),n/a,3 ,0,0,0,0,0,1,2022-04-23T05:47:45.6020287Z,0
3.74533,101.5527991,Daerah: Perak<br>No:7992<br>Hex coord:(88;141),n/a,0,0,0,0,0,0,1,2022-04-23T05:47:46.4491188Z,0
3.73755,101.5663458,Daerah: Perak<br>No:7993<br>Hex coord:(89;141),n/a,0,0,0,0,0,0,1,2022-04-23T05:47:47.1822414Z,0
3.72977,101.1734913,Daerah: Perak<br>No:7994<br>Hex coord:(60;142),n/a,0,0,0,0,0,0,1,2022-04-23T05:47:47.9183309Z,0
3.72199,101.187038,Daerah: Perak<br>No:7995<br>Hex coord:(61;142),n/a,0,0,0,0,0,0,1,2022-04-23T05:47:48.6499062Z,0
3.72977,101.2005847,Daerah: Perak<br>No:7996<br>Hex coord:(62;142),n/a,0,0,0,0,0,0,1,2022-04-23T05:47:49.3779139Z,0
3.72199,101.2141314,Daerah: Perak<br>No:7997<br>Hex coord:(63;142),n/a,0,0,0,0,0,0,1,2022-04-23T05:47:50.1096298Z,0
3.72977,101.2276781,Daerah: Perak<br>No:7998<br>Hex coord:(64;142),n/a,0,0,0,0,0,0,1,2022-04-23T05:47:50.8505989Z,0
3.72199,101.2412249,Daerah: Perak<br>No:7999<br>Hex coord:(65;142),n/a,0,0,0,0,0,0,1,2022-04-23T05:47:51.5846982Z,0
3.72977,101.2547716,Daerah: Perak<br>No:8000<br>Hex coord:(66;142),n/a,1 ,0,0,0,0,0,1,2022-04-23T05:47:52.3215004Z,0
3.72199,101.2683183,Daerah: Perak<br>No:8001<br>Hex coord:(67;142),n/a,0,0,0,0,0,0,1,2022-04-23T05:47:53.0537724Z,0
3.72977,101.281865,Daerah: Perak<br>No:8002<br>Hex coord:(68;142),n/a,0,0,0,0,0,0,1,2022-04-23T05:47:53.7734344Z,0
3.72199,101.2954117,Daerah: Perak<br>No:8003<br>Hex coord:(69;142),n/a,0,0,0,0,0,0,1,2022-04-23T05:47:54.4918939Z,0
3.72977,101.3089584,Daerah: Perak<br>No:8004<br>Hex coord:(70;142),n/a,0,0,0,0,0,0,1,2022-04-23T05:47:55.2009268Z,0
3.72199,101.3225051,Daerah: Perak<br>No:8005<br>Hex coord:(71;142),n/a,0,0,0,0,0,0,1,2022-04-23T05:47:55.9264897Z,0
3.72977,101.3360518,Daerah: Perak<br>No:8006<br>Hex coord:(72;142),n/a,0,0,0,0,0,0,1,2022-04-23T05:47:56.6569158Z,0
3.72199,101.4579721,Daerah: Perak<br>No:8007<br>Hex coord:(81;142),n/a,0,0,0,0,0,0,1,2022-04-23T05:47:57.3884321Z,0
3.72977,101.4715188,Daerah: Perak<br>No:8008<br>Hex coord:(82;142),n/a,19 ,0,0,0,0,0,1,2022-04-23T05:47:58.1426839Z,0
3.72199,101.4850655,Daerah: Perak<br>No:8009<br>Hex coord:(83;142),n/a,0,0,0,0,0,0,1,2022-04-23T05:47:58.8731343Z,0
3.72977,101.4986123,Daerah: Perak<br>No:8010<br>Hex coord:(84;142),n/a,0,0,0,0,0,0,1,2022-04-23T05:47:59.5927882Z,0
3.72199,101.512159,Daerah: Perak<br>No:8011<br>Hex coord:(85;142),n/a,0,0,0,0,0,0,1,2022-04-23T05:48:00.3147995Z,0
3.72977,101.5257057,Daerah: Perak<br>No:8012<br>Hex coord:(86;142),n/a,1 ,0,0,0,0,0,1,2022-04-23T05:48:01.1310032Z,0
3.72199,101.5392524,Daerah: Perak<br>No:8013<br>Hex coord:(87;142),n/a,7 ,0,0,0,0,0,1,2022-04-23T05:48:01.8555207Z,0
3.72977,101.5527991,Daerah: Perak<br>No:8014<br>Hex coord:(88;142),n/a,0,0,0,0,0,0,1,2022-04-23T05:48:02.5727361Z,0
3.72199,101.5663458,Daerah: Perak<br>No:8015<br>Hex coord:(89;142),n/a,0,0,0,0,0,0,1,2022-04-23T05:48:03.2961001Z,0
3.72977,101.5798925,Daerah: Perak<br>No:8016<br>Hex coord:(90;142),n/a,0,0,0,0,0,0,1,2022-04-23T05:48:04.0122832Z,0
3.71421,101.1734913,Daerah: Perak<br>No:8017<br>Hex coord:(60;143),n/a,1 ,0,0,0,0,0,1,2022-04-23T05:48:04.7401884Z,0
3.71421,101.2276781,Daerah: Perak<br>No:8018<br>Hex coord:(64;143),n/a,0,0,0,0,0,0,1,2022-04-23T05:48:05.4586065Z,0
3.71421,101.2547716,Daerah: Perak<br>No:8019<br>Hex coord:(66;143),n/a,0,0,0,0,0,0,1,2022-04-23T05:48:06.2199573Z,0
3.70643,101.2683183,Daerah: Perak<br>No:8020<br>Hex coord:(67;143),n/a,0,0,0,0,0,0,1,2022-04-23T05:48:11.7272122Z,0
3.71421,101.281865,Daerah: Perak<br>No:8021<br>Hex coord:(68;143),n/a,0,0,0,0,0,0,1,2022-04-23T05:48:12.5824556Z,0
3.70643,101.2954117,Daerah: Perak<br>No:8022<br>Hex coord:(69;143),n/a,0,0,0,0,0,0,1,2022-04-23T05:48:13.3124283Z,0
3.71421,101.3089584,Daerah: Perak<br>No:8023<br>Hex coord:(70;143),n/a,0,0,0,0,0,0,1,2022-04-23T05:48:14.1673983Z,0
3.70643,101.3225051,Daerah: Perak<br>No:8024<br>Hex coord:(71;143),n/a,0,0,0,0,0,0,1,2022-04-23T05:48:14.9096446Z,0
3.71421,101.3360518,Daerah: Perak<br>No:8025<br>Hex coord:(72;143),n/a,0,0,0,0,0,0,1,2022-04-23T05:48:15.6281430Z,0
3.70643,101.4850655,Daerah: Perak<br>No:8026<br>Hex coord:(83;143),n/a,1 ,0,0,0,0,0,1,2022-04-23T05:48:16.3502045Z,0
3.71421,101.4986123,Daerah: Perak<br>No:8027<br>Hex coord:(84;143),n/a,0,0,0,0,0,0,1,2022-04-23T05:48:17.0764321Z,0
3.70643,101.512159,Daerah: Perak<br>No:8028<br>Hex coord:(85;143),n/a,3 ,0,0,0,0,0,1,2022-04-23T05:48:17.8085624Z,0
3.71421,101.5257057,Daerah: Perak<br>No:8029<br>Hex coord:(86;143),n/a,1 ,0,0,0,0,0,1,2022-04-23T05:48:18.5354156Z,0
3.70643,101.5392524,Daerah: Perak<br>No:8030<br>Hex coord:(87;143),n/a,1 ,0,0,0,0,0,1,2022-04-23T05:48:19.2637364Z,0
3.71421,101.5527991,Daerah: Perak<br>No:8031<br>Hex coord:(88;143),n/a,0,0,0,0,0,0,1,2022-04-23T05:48:19.9915680Z,0
3.69865,101.2547716,Daerah: Perak<br>No:8032<br>Hex coord:(66;144),n/a,0,0,0,0,0,0,1,2022-04-23T05:48:20.7043890Z,0
3.69087,101.2683183,Daerah: Perak<br>No:8033<br>Hex coord:(67;144),n/a,0,0,0,0,0,0,1,2022-04-23T05:48:21.4297812Z,0
3.69865,101.281865,Daerah: Perak<br>No:8034<br>Hex coord:(68;144),n/a,0,0,0,0,0,0,1,2022-04-23T05:48:22.1825589Z,0
3.69087,101.2954117,Daerah: Perak<br>No:8035<br>Hex coord:(69;144),n/a,0,0,0,0,0,0,1,2022-04-23T05:48:22.9344488Z,0
3.69865,101.3089584,Daerah: Perak<br>No:8036<br>Hex coord:(70;144),n/a,0,0,0,0,0,0,1,2022-04-23T05:48:23.6684600Z,0
3.69087,101.3225051,Daerah: Perak<br>No:8037<br>Hex coord:(71;144),n/a,0,0,0,0,0,0,1,2022-04-23T05:48:24.3884499Z,0
3.69865,101.3360518,Daerah: Perak<br>No:8038<br>Hex coord:(72;144),n/a,0,0,0,0,0,0,1,2022-04-23T05:48:25.1245384Z,0
3.69865,101.4986123,Daerah: Perak<br>No:8039<br>Hex coord:(84;144),n/a,1 ,0,0,0,0,0,1,2022-04-23T05:48:25.8417794Z,0
3.69087,101.512159,Daerah: Perak<br>No:8040<br>Hex coord:(85;144),n/a,21 ,0,0,0,0,0,1,2022-04-23T05:48:26.7045580Z,0
3.69865,101.5257057,Daerah: Perak<br>No:8041<br>Hex coord:(86;144),n/a,32 ,0,0,0,0,0,1,2022-04-23T05:48:27.4325558Z,0
3.69087,101.5392524,Daerah: Perak<br>No:8042<br>Hex coord:(87;144),n/a,4 ,0,0,0,0,0,1,2022-04-23T05:48:28.1785231Z,0
3.68309,101.2547716,Daerah: Perak<br>No:8043<br>Hex coord:(66;145),n/a,0,0,0,0,0,0,1,2022-04-23T05:48:28.8980739Z,0
3.67531,101.2683183,Daerah: Perak<br>No:8044<br>Hex coord:(67;145),n/a,0,0,0,0,0,0,1,2022-04-23T05:48:29.6189532Z,0
3.68309,101.281865,Daerah: Perak<br>No:8045<br>Hex coord:(68;145),n/a,0,0,0,0,0,0,1,2022-04-23T05:48:30.3410053Z,0
3.68309,101.3089584,Daerah: Perak<br>No:8046<br>Hex coord:(70;145),n/a,0,0,0,0,0,0,1,2022-04-23T05:48:31.0783855Z,0
3.68309,101.5257057,Daerah: Perak<br>No:8047<br>Hex coord:(86;145),n/a,28 ,0,0,0,0,0,1,2022-04-23T05:48:31.8224379Z,0